Condylura_cristata Erinaceus_europaeus Galemys_pyrenaicus Scalopus_aquaticus
1.7219e-05 0.23781 0.00018409 0.0013512
1.6572e-05 0.23602 0.00018316 0.0013438
1.5924e-05 0.23423 0.00018224 0.0013364
1.5275e-05 0.23243 0.00018131 0.001329
1.4626e-05 0.23062 0.00018039 0.0013216
1.3976e-05 0.22881 0.00017946 0.0013141
1.3326e-05 0.22699 0.00017853 0.0013067
1.1419e-05 0.22585 0.00017536 0.0013006
5.8781e-06 0.2252 0.00016583 0.0012955
4.9296e-06 0.22427 0.00016426 0.0012898
3.8754e-06 0.22386 0.00016258 0.0012836
3.5259e-06 0.22321 0.00016005 0.0012734
2.738e-06 0.223 0.00015526 0.0012531
1.8597e-06 0.22254 0.00015014 0.0012316
8.9015e-07 0.22185 0.0001447 0.0012088
7.4144e-07 0.22091 0.00013885 0.0011843
5.752e-07 0.22068 0.00013811 0.0011584
4.5809e-07 0.22113 0.00013596 0.0011415
3.2714e-07 0.22136 0.00013366 0.0011237
3.0846e-07 0.22134 0.00013117 0.0011045
2.8377e-07 0.22221 0.00012849 0.0010841
2.5363e-07 0.22282 0.00012563 0.0010623
2.3002e-07 0.22222 0.00012312 0.001043
2.0126e-07 0.22148 0.00012043 0.0010225
1.6732e-07 0.22123 0.00011757 0.0010008
1.3922e-07 0.22138 0.00011504 0.0009813
1.1593e-07 0.22196 0.00011279 0.00096383
9.6604e-08 0.22102 0.00010571 0.00094818
7.3125e-08 0.21978 9.8152e-05 0.00093151
8.0809e-08 0.21823 9.0127e-05 0.00091388
8.5629e-08 0.21634 8.161e-05 0.00089523
9.2207e-08 0.21508 7.4036e-05 0.00087851
1.008e-07 0.21057 6.7302e-05 0.00086352
1.0597e-07 0.20738 6.0148e-05 0.00084765
1.1724e-07 0.20343 5.3891e-05 0.00083362
1.252e-07 0.19878 4.7235e-05 0.00081864
1.3615e-07 0.19554 4.1387e-05 0.00080544
1.2456e-07 0.18595 3.6475e-05 0.00076513
1.1564e-07 0.1789 3.2109e-05 0.00072885
1.0941e-07 0.17387 2.8269e-05 0.00069652
1.0526e-07 0.1702 2.4854e-05 0.00066743
1.0306e-07 0.16755 2.1817e-05 0.00064126
1.4665e-07 0.1644 1.8591e-05 0.00061362
1.7429e-07 0.16232 1.7699e-05 0.00058069
2.0777e-07 0.16087 1.691e-05 0.00055115
2.4828e-07 0.15608 1.6211e-05 0.00052457
2.9731e-07 0.1418 1.5594e-05 0.00050065
3.566e-07 0.13125 1.5049e-05 0.00047913
4.2972e-07 0.1237 1.4575e-05 0.00045995
5.2011e-07 0.11426 1.4164e-05 0.00044288
5.3934e-07 0.10751 1.3809e-05 0.00042769
5.6653e-07 0.10273 1.3506e-05 0.00041418
6.0302e-07 0.09933 1.3248e-05 0.00040226
6.4914e-07 0.096861 1.3029e-05 0.00039156
6.4195e-07 0.095146 1.2847e-05 0.00038207
6.421e-07 0.093994 1.27e-05 0.00037366
6.3655e-07 0.092567 1.2532e-05 0.00036469
6.2405e-07 0.091929 1.2344e-05 0.00035518
6.1881e-07 0.091014 1.2189e-05 0.00034666
6.2002e-07 0.090457 1.2063e-05 0.00033905
6.2776e-07 0.088612 1.1965e-05 0.00033226
6.3021e-07 0.086418 1.1849e-05 0.00032503
6.3923e-07 0.08485 1.1761e-05 0.00031859
6.4251e-07 0.082944 1.1655e-05 0.0003117
6.5266e-07 0.079589 1.1575e-05 0.00030555
6.5737e-07 0.07564 1.1478e-05 0.00029897
6.6982e-07 0.072922 1.1413e-05 0.00029368
6.7633e-07 0.072883 1.133e-05 0.00028799
6.7736e-07 0.072704 1.123e-05 0.00028194
7.3513e-07 0.072794 1.111e-05 0.00027543
7.8418e-07 0.072733 1.097e-05 0.00026848
8.4982e-07 0.073023 1.039e-05 0.00026244
9.3634e-07 0.072887 9.8838e-06 0.00025712
1.0123e-06 0.074827 9.3413e-06 0.00025146
1.0783e-06 0.076442 8.7612e-06 0.00024543
1.1352e-06 0.079909 8.1416e-06 0.00023901
1.2084e-06 0.08477 7.5977e-06 0.00023335
1.2719e-06 0.088918 7.0169e-06 0.00022732
1.8031e-06 0.13552 3.3698e-06 0.00018938
1.8945e-06 0.1493 2.9016e-06 0.00018452
2.0109e-06 0.16873 2.4897e-06 0.00018023
2.1547e-06 0.19631 2.1232e-06 0.00017645
2.2807e-06 0.21941 1.7287e-06 0.00017236
2.3916e-06 0.23889 1.697e-06 0.00016799
2.4884e-06 0.25553 1.6575e-06 0.00016333
2.4812e-06 0.26961 1.6277e-06 0.00015922
2.4984e-06 0.28876 1.5873e-06 0.00015479
2.5323e-06 0.30098 1.5563e-06 0.00015089
2.5548e-06 0.30878 1.5172e-06 0.0001467
2.5945e-06 0.31973 1.4873e-06 0.00014301
2.6233e-06 0.32892 1.4495e-06 0.00013905
2.6701e-06 0.33548 1.4206e-06 0.00013556
2.7065e-06 0.34106 1.3844e-06 0.00013184
2.7618e-06 0.34575 1.3569e-06 0.00012856
2.8049e-06 0.35271 1.3217e-06 0.00012504
2.8681e-06 0.35857 1.2948e-06 0.00012194
4.4798e-06 0.43725 3.8532e-07 5.9132e-05
4.5263e-06 0.44014 3.1419e-07 5.5912e-05
4.4492e-06 0.44083 2.5425e-07 5.322e-05
4.3975e-06 0.43971 2.0057e-07 5.0841e-05
4.373e-06 0.43822 1.5237e-07 4.8745e-05
4.3701e-06 0.43739 1.0873e-07 4.6902e-05
4.3543e-06 0.43618 1.1686e-07 4.4904e-05
4.3598e-06 0.43496 1.2591e-07 4.3147e-05
4.5081e-06 0.43374 1.2251e-07 4.3084e-05
4.6934e-06 0.43251 1.1967e-07 4.3133e-05
4.8553e-06 0.43476 1.1306e-07 4.3092e-05
4.9956e-06 0.4359 1.0268e-07 4.2962e-05
5.0609e-06 0.4366 1.0972e-07 4.2052e-05
4.9922e-06 0.43793 1.1754e-07 4.1294e-05
4.9087e-06 0.4389 1.2175e-07 4.0442e-05
4.8498e-06 0.44106 1.2653e-07 3.9722e-05
4.7767e-06 0.44229 1.2767e-07 3.891e-05
4.6835e-06 0.44495 1.2516e-07 3.8003e-05
4.1138e-06 0.45332 1.1989e-07 3.558e-05
4.0001e-06 0.45345 1.1583e-07 3.5065e-05
3.9126e-06 0.45409 1.1225e-07 3.4657e-05
3.8091e-06 0.45441 1.6818e-07 3.4161e-05
3.6902e-06 0.45449 2.1849e-07 3.3586e-05
3.5551e-06 0.45432 2.6339e-07 3.2931e-05
3.4027e-06 0.45391 3.0304e-07 3.2194e-05
3.2828e-06 0.45405 3.4739e-07 3.158e-05
3.188e-06 0.45474 3.9647e-07 3.1069e-05
3.1168e-06 0.45609 4.5159e-07 3.0666e-05
3.0383e-06 0.45711 5.0038e-07 3.0186e-05
2.9805e-06 0.4588 5.5537e-07 2.9807e-05
9.0433e-07 0.49208 1.1375e-06 1.3686e-05
8.2333e-07 0.49402 1.1406e-06 1.2929e-05
7.3192e-07 0.4956 1.1373e-06 1.2101e-05
6.301e-07 0.49687 1.1282e-06 1.1205e-05
5.4682e-07 0.49887 1.1254e-06 1.0406e-05
4.5248e-07 0.50047 1.116e-06 9.5321e-06
4.5737e-07 0.50165 1.0999e-06 8.5795e-06
4.6836e-07 0.50363 1.0906e-06 7.7289e-06
4.8525e-07 0.50648 1.0872e-06 6.9606e-06
4.9671e-07 0.50883 1.077e-06 6.12e-06
5.1509e-07 0.5123 1.0735e-06 5.3673e-06
5.2786e-07 0.51511 1.0633e-06 4.5447e-06
5.3553e-07 0.51743 1.0467e-06 3.6545e-06
5.3817e-07 0.5192 1.0236e-06 3.7161e-06
5.3579e-07 0.52061 9.9397e-07 3.741e-06
5.2439e-07 0.52344 9.5058e-07 4.6674e-06
5.1902e-07 0.52749 9.1395e-07 5.6868e-06
5.0828e-07 0.5308 8.7018e-07 6.626e-06
4.9203e-07 0.5335 8.1909e-07 7.4881e-06
4.8252e-07 0.53743 7.7562e-07 8.4526e-06
4.6766e-07 0.54066 7.2503e-07 9.337e-06
5.0032e-07 0.5453 6.6697e-07 1.0147e-05
5.2662e-07 0.54915 7.2389e-07 1.0882e-05
5.6165e-07 0.55463 7.8922e-07 1.1712e-05
6.0692e-07 0.55618 8.6399e-07 1.2649e-05
6.6309e-07 0.55849 9.4823e-07 1.3691e-05
7.1099e-07 0.56033 1.0237e-06 1.4647e-05
1.0356e-06 0.63434 1.5646e-06 3.8265e-05
1.0167e-06 0.6363 1.5258e-06 3.8352e-05
9.9114e-07 0.63789 1.4795e-06 3.8363e-05
9.7583e-07 0.63774 1.4425e-06 3.8489e-05
9.5303e-07 0.63597 1.397e-06 3.8516e-05
9.4013e-07 0.63492 1.3607e-06 3.866e-05
9.3668e-07 0.63341 1.333e-06 3.8921e-05
9.4149e-07 0.63251 1.3125e-06 3.9293e-05
9.3965e-07 0.63129 1.2846e-06 3.9575e-05
9.4673e-07 0.6311 1.2639e-06 3.9969e-05
9.0108e-07 0.6289 1.2724e-06 3.9811e-05
8.6738e-07 0.62811 1.2884e-06 3.9772e-05
8.2646e-07 0.62702 1.2977e-06 3.9647e-05
7.7795e-07 0.62563 1.3002e-06 3.9441e-05
7.214e-07 0.62389 1.296e-06 3.9154e-05
6.7636e-07 0.6228 1.2986e-06 3.8975e-05
6.4117e-07 0.62227 1.3078e-06 3.8902e-05
5.9863e-07 0.62143 1.3099e-06 3.8743e-05
5.4881e-07 0.61963 1.3052e-06 3.8504e-05
4.9129e-07 0.6174 1.2937e-06 3.8184e-05
4.4456e-07 0.61592 1.289e-06 3.797e-05
3.9064e-07 0.61407 1.2776e-06 3.7678e-05
3.475e-07 0.61306 1.2736e-06 3.7501e-05
3.1308e-07 0.61261 1.2768e-06 3.7435e-05
2.8585e-07 0.61267 1.2872e-06 3.7478e-05
2.5362e-07 0.61251 1.2911e-06 3.7447e-05
2.2854e-07 0.61286 1.3022e-06 3.7525e-05
2.0878e-07 0.61377 1.3205e-06 3.7712e-05
1.9346e-07 0.6153 1.3463e-06 3.8008e-05
1.8156e-07 0.61758 1.3791e-06 3.8406e-05
1.6589e-07 0.61939 1.4048e-06 3.8724e-05
1.5335e-07 0.62195 1.4374e-06 3.9142e-05
1.4353e-07 0.62548 1.4773e-06 3.9666e-05
1.3614e-07 0.63027 1.5251e-06 4.0299e-05
1.2567e-07 0.63439 1.5658e-06 4.0854e-05
1.1182e-07 0.63789 1.599e-06 4.1324e-05
9.4606e-08 0.64079 1.6251e-06 4.1708e-05
8.0119e-08 0.64477 1.659e-06 4.2203e-05
6.2364e-08 0.64818 1.6857e-06 4.2616e-05
6.9583e-08 0.65306 1.7005e-06 4.2876e-05
7.8716e-08 0.65611 1.7241e-06 4.3258e-05
8.4863e-08 0.65865 1.74e-06 4.3553e-05
8.8089e-08 0.66067 1.7482e-06 4.3761e-05
9.3218e-08 0.66363 1.7652e-06 4.4092e-05
9.5375e-08 0.66607 1.7745e-06 4.4367e-05
9.4649e-08 0.67487 1.7765e-06 4.4561e-05
9.5641e-08 0.68672 1.7868e-06 4.4875e-05
9.7868e-08 0.70183 1.8036e-06 4.5284e-05
1.0128e-07 0.70569 1.8269e-06 4.5787e-05
1.0231e-07 0.70915 1.8444e-06 4.6227e-05
1.0455e-07 0.71363 1.8684e-06 4.6761e-05
1.0449e-07 0.75219 1.8868e-06 4.7237e-05
1.0214e-07 0.78766 1.9e-06 4.7657e-05
1.0298e-07 0.82059 1.9299e-06 4.5999e-05
1.0171e-07 0.85147 1.955e-06 4.4274e-05
1.0124e-07 0.88868 1.9854e-06 4.2675e-05
1.0154e-07 0.93348 2.0214e-06 4.1192e-05
1.0262e-07 0.94659 2.0632e-06 3.9821e-05
1.0158e-07 0.95884 2.0998e-06 3.8386e-05
9.8422e-08 0.97033 2.1314e-06 3.6889e-05
9.6216e-08 0.97285 2.1693e-06 3.551e-05
9.1987e-08 0.97522 2.2025e-06 3.4075e-05
8.8628e-08 0.97813 2.2422e-06 3.2752e-05
8.6074e-08 0.98171 2.2886e-06 3.1534e-05
8.4101e-08 0.98602 2.3413e-06 3.0405e-05
8.269e-08 0.99122 2.4006e-06 2.9361e-05
8.1855e-08 0.99749 2.4671e-06 2.8399e-05
8.1846e-08 0.99892 2.5424e-06 2.7525e-05
8.2735e-08 0.99925 2.6273e-06 2.6738e-05
8.4403e-08 0.99932 2.5389e-06 2.6026e-05
8.3828e-08 0.99937 2.4436e-06 2.5259e-05
8.1001e-08 0.99943 2.3414e-06 2.4435e-05
7.5867e-08 0.99948 2.2316e-06 2.3551e-05
6.8385e-08 0.99953 2.1141e-06 2.2605e-05
5.8109e-08 0.99957 1.9858e-06 2.1569e-05
4.9554e-08 0.99953 1.8733e-06 2.0654e-05
4.2428e-08 0.99952 1.7754e-06 1.9852e-05
5.4172e-08 0.99947 1.6663e-06 1.8965e-05
6.8262e-08 0.9994 1.5718e-06 1.8191e-05
8.4879e-08 0.99937 1.4891e-06 1.7511e-05
9.7962e-08 0.99934 1.3965e-06 1.6752e-05
1.0779e-07 0.99925 1.2944e-06 1.5918e-05
1.2057e-07 0.99922 1.2057e-06 1.519e-05
1.3644e-07 0.99908 1.1278e-06 1.455e-05
1.4842e-07 0.99903 1.0406e-06 1.3835e-05
1.5668e-07 0.99896 9.4366e-07 1.3042e-05
1.684e-07 0.9987 8.5887e-07 1.2347e-05
1.8362e-07 0.99806 7.8376e-07 1.1732e-05
1.9477e-07 0.99799 6.9995e-07 1.1046e-05
2.022e-07 0.9979 6.0761e-07 1.1664e-05
2.1313e-07 0.99778 5.2503e-07 1.2361e-05
2.2018e-07 0.99795 5.4507e-07 1.2976e-05
2.3077e-07 0.9982 5.6915e-07 1.367e-05
2.3734e-07 0.99841 5.8756e-07 1.4294e-05
2.3995e-07 0.99859 6.0039e-07 1.4847e-05
2.3862e-07 0.99874 6.0769e-07 1.5334e-05
2.412e-07 0.99875 6.195e-07 1.5908e-05
2.3981e-07 0.99874 6.257e-07 1.6412e-05
2.4234e-07 0.99877 6.3646e-07 1.7005e-05
2.4107e-07 0.99879 6.4175e-07 2.1905e-05
2.4378e-07 0.99885 6.5171e-07 2.7386e-05
2.4246e-07 0.99889 6.5595e-07 3.2537e-05
2.4516e-07 0.99888 6.6495e-07 3.8308e-05
2.4404e-07 0.99884 6.6849e-07 4.3757e-05
2.8854e-07 0.99877 6.6586e-07 4.8858e-05
3.2642e-07 0.99868 6.5743e-07 5.3643e-05
3.7389e-07 0.99857 6.538e-07 5.9016e-05
4.3225e-07 0.99852 6.5445e-07 6.5021e-05
4.8248e-07 0.99844 6.4939e-07 7.0659e-05
5.4386e-07 0.99841 6.4831e-07 7.6915e-05
5.9689e-07 0.99836 6.4166e-07 8.2799e-05
6.6269e-07 0.99836 6.4301e-07 8.6297e-05
7.1963e-07 0.99834 6.3885e-07 8.9568e-05
7.8957e-07 0.99837 6.3853e-07 9.3215e-05
8.5024e-07 0.99838 6.3277e-07 9.663e-05
9.0288e-07 0.99837 6.2185e-07 9.9841e-05
9.4804e-07 0.99835 6.0576e-07 0.00010286
9.8608e-07 0.99832 5.8446e-07 0.00010569
1.0363e-06 0.99834 5.6761e-07 0.00010889
1.0788e-06 0.99834 5.4553e-07 0.0001119
1.1337e-06 0.99818 5.2744e-07 0.00011528
1.1794e-06 0.99799 5.0358e-07 0.00013825
1.2399e-06 0.99787 4.8418e-07 0.000164
1.2895e-06 0.99773 5.3287e-07 0.00018307
1.3337e-06 0.99755 5.7503e-07 0.00020105
1.3105e-06 0.99751 6.23e-07 0.000221
1.2819e-06 0.99746 6.6611e-07 0.00024027
1.2606e-06 0.99746 7.128e-07 0.00026099
1.2349e-06 0.99744 7.5519e-07 0.00028117
1.2155e-06 0.99746 8.0091e-07 0.00030277
1.192e-06 0.99747 8.4243e-07 0.00032383
1.1753e-06 0.99753 8.8791e-07 0.0003465
1.165e-06 0.99762 9.377e-07 0.00037091
1.1507e-06 0.99771 9.8303e-07 0.0003947
1.143e-06 0.99784 1.0332e-06 0.00042039
1.1417e-06 0.99793 1.0884e-06 0.00044811
1.1357e-06 0.998 1.1383e-06 0.00047493
1.1254e-06 0.99807 1.1831e-06 0.00050095
1.0721e-06 0.9971 1.4897e-06 0.00069805
1.0561e-06 0.99697 1.5217e-06 0.00072534
1.0471e-06 0.99688 1.5599e-06 0.000755
1.0334e-06 0.99679 1.5925e-06 0.00078369
1.0151e-06 0.99728 1.6196e-06 0.00081144
1.0037e-06 0.99734 1.6529e-06 0.00084161
9.9829e-07 0.99736 1.692e-06 0.00087416
9.8886e-07 0.99737 1.7259e-06 0.00090581
9.8528e-07 0.99742 1.7656e-06 0.00093996
9.7817e-07 0.99746 1.8007e-06 0.00097333
9.7607e-07 0.99755 1.8409e-06 0.001009
9.7036e-07 0.99762 1.8763e-06 0.0010439
9.6958e-07 0.99774 1.9169e-06 0.0010812
9.6518e-07 0.99785 1.9526e-06 0.0011175
9.5703e-07 0.99795 1.9833e-06 0.001153
9.5486e-07 0.9981 2.0205e-06 0.0011913
9.1677e-07 0.9983 1.9904e-06 0.0012408
7.1807e-07 0.99857 1.9678e-06 0.0012952
5.4471e-07 0.99891 1.9515e-06 0.0013541
3.59e-07 0.99922 1.9291e-06 0.0014109
1.9885e-07 0.99927 1.9138e-06 0.0014729
1.8565e-07 0.99932 1.8929e-06 0.001533
1.7473e-07 0.9994 1.878e-06 0.001598
1.6585e-07 0.99951 1.869e-06 0.0016683
1.5884e-07 0.99965 1.8658e-06 0.0017446
1.5384e-07 0.99966 1.8691e-06 0.0018279
1.5073e-07 0.9997 1.879e-06 0.0019189
1.4949e-07 0.99973 1.8955e-06 0.0020184
1.4984e-07 0.99978 1.9182e-06 0.0021266
1.4752e-07 0.99984 1.9349e-06 0.0022306
1.4691e-07 0.99983 1.9581e-06 0.002344
1.4349e-07 0.99982 1.9748e-06 0.0024526
1.3706e-07 0.99981 1.9847e-06 0.0025557
1.37e-07 0.99976 1.8715e-06 0.0026944
1.385e-07 0.99974 1.7689e-06 0.0028452
1.3785e-07 0.99971 1.6606e-06 0.0029925
1.384e-07 0.99971 1.5609e-06 0.0031508
1.3684e-07 0.9997 1.4558e-06 0.0033058
1.3319e-07 0.99969 1.3454e-06 0.0034576
1.2751e-07 0.99969 1.2298e-06 0.0036067
1.2297e-07 0.99957 1.1225e-06 0.0037664
1.1634e-07 0.99944 1.0099e-06 0.003923
1.1109e-07 0.99931 9.0521e-07 0.0040908
1.0662e-07 0.99921 8.0701e-07 0.0042696
1.0009e-07 0.99911 7.0366e-07 0.0044448
9.1496e-08 0.99899 5.9518e-07 0.0046165
8.3937e-08 0.99892 4.9413e-07 0.0048009
7.7105e-08 0.99887 3.9916e-07 0.0049977
7.1116e-08 0.99851 3.1058e-07 0.0052092
6.588e-08 0.99823 2.2783e-07 0.0054369
6.1364e-08 0.99802 1.5053e-07 0.0056824
5.4732e-08 0.99779 1.572e-07 0.0059214
4.8828e-08 0.99763 1.6424e-07 0.0061795
4.0731e-08 0.99743 1.6797e-07 0.0064304
3.0402e-08 0.99722 1.6838e-07 0.0066744
2.2191e-08 0.99698 1.72e-07 0.0067347
3.1644e-08 0.99671 1.7224e-07 0.006793
4.1919e-08 0.99653 1.7301e-07 0.0068032
5.0174e-08 0.99632 1.7073e-07 0.006813
5.8943e-08 0.99617 1.6843e-07 0.006824
6.8341e-08 0.99608 1.6606e-07 0.0068363
7.573e-08 0.99597 1.6075e-07 0.0068481
8.3804e-08 0.99591 1.5532e-07 0.0068613
8.9794e-08 0.99664 1.4692e-07 0.0068738
9.6483e-08 0.99753 1.3831e-07 0.0068877
1.0113e-07 0.99836 1.268e-07 0.0069011
1.065e-07 0.99852 1.1504e-07 0.0069159
1.1287e-07 0.99873 1.0312e-07 0.0069322
1.2035e-07 0.99899 9.0954e-08 0.0069502
1.2886e-07 0.99901 7.8328e-08 0.0069697
1.352e-07 0.99903 6.2885e-08 0.0069887
1.3933e-07 0.9991 9.0785e-08 0.0070071
1.4453e-07 0.99904 1.1905e-07 0.007027
1.4762e-07 0.99898 1.4426e-07 0.0070465
1.5191e-07 0.99895 1.7004e-07 0.0070677
1.542e-07 0.99892 1.9286e-07 0.0070883
1.5769e-07 0.99891 2.163e-07 0.0071108
1.6241e-07 0.99893 2.4049e-07 0.0071351
1.6822e-07 0.99898 2.6528e-07 0.0071612
1.7194e-07 0.99902 2.8698e-07 0.0071868
1.7701e-07 0.99909 3.0964e-07 0.0072144
1.8005e-07 0.99916 3.2927e-07 0.0072415
1.8426e-07 0.99926 3.4967e-07 0.0072705
1.8635e-07 0.99936 3.6693e-07 0.0072989
1.8964e-07 0.99948 3.8504e-07 0.0072948
1.9081e-07 0.9996 3.9999e-07 0.0072904
1.8984e-07 0.99972 4.1176e-07 0.0072856
1.9033e-07 0.99972 4.2472e-07 0.007282
1.8867e-07 0.99973 4.3448e-07 0.007278
1.885e-07 0.99975 4.4551e-07 0.0072751
1.862e-07 0.99977 4.5334e-07 0.0072719
1.8555e-07 0.99981 4.6229e-07 0.0072697
1.8656e-07 0.99986 4.7243e-07 0.0072685
1.9013e-07 0.99985 4.784e-07 0.007267
1.9501e-07 0.99985 4.8548e-07 0.0072665
1.978e-07 0.99986 4.894e-07 0.0072656
2.0213e-07 0.99988 4.9468e-07 0.0072658
2.043e-07 0.9999 4.9672e-07 0.0072658
2.0804e-07 0.99993 5.0014e-07 0.0072667
2.1318e-07 0.99993 5.0465e-07 0.0072687
2.1611e-07 0.99992 5.059e-07 0.0072703
2.2074e-07 0.99993 5.0858e-07 0.007273
2.2312e-07 0.99994 5.0796e-07 0.0072754
2.2324e-07 0.99995 5.0402e-07 0.0072774
2.2517e-07 0.99997 5.0163e-07 0.0072805
2.288e-07 0.99997 5.0062e-07 0.0072848
2.2991e-07 0.99997 4.9601e-07 0.0072886
2.3312e-07 0.99999 4.9321e-07 0.0072936
2.3822e-07 0.99998 4.9191e-07 0.0072998
2.4534e-07 0.99998 4.9212e-07 0.0073072
2.4975e-07 0.99999 4.886e-07 0.0073141
2.5647e-07 0.99999 4.8686e-07 0.0073224
2.6022e-07 0.99999 4.811e-07 0.00733
2.6689e-07 0.99999 4.777e-07 0.0073391
2.7688e-07 0.99999 4.7685e-07 0.00735
2.9068e-07 0.99999 4.7871e-07 0.0073628
3.0877e-07 0.99996 4.8333e-07 0.0073776
3.315e-07 0.99993 4.9031e-07 0.0073943
3.5033e-07 0.99991 4.9306e-07 0.0074102
3.7391e-07 0.9999 4.9828e-07 0.0074281
4.0227e-07 0.99982 5.056e-07 0.007448
4.2675e-07 0.99973 5.0898e-07 0.0074671
4.4747e-07 0.99965 5.0844e-07 0.0074853
4.6451e-07 0.99956 5.0397e-07 0.0075028
4.7789e-07 0.99947 4.9551e-07 0.0075195
4.8726e-07 0.99937 4.8269e-07 0.0075353
5.02e-07 0.9993 4.7576e-07 0.007542
5.1234e-07 0.99936 4.6431e-07 0.007548
5.1836e-07 0.99941 4.4831e-07 0.0075532
4.8316e-07 0.99946 4.3768e-07 0.0075366
4.4266e-07 0.99949 4.2261e-07 0.0075191
3.9661e-07 0.99952 4.031e-07 0.0075005
3.4469e-07 0.99955 3.7908e-07 0.0074808
3.0092e-07 0.9996 3.5772e-07 0.0074634
2.5117e-07 0.99965 3.3168e-07 0.0074449
2.1038e-07 0.99969 3.0828e-07 0.0074285
1.6426e-07 0.99972 2.804e-07 0.0074111
1.1178e-07 0.99976 2.476e-07 0.0073925
6.7715e-08 0.99974 2.179e-07 0.0073763
5.9313e-08 0.99971 2.3232e-07 0.0073564
5.2663e-08 0.99971 2.0638e-07 0.0073394
4.7244e-08 0.99966 1.8284e-07 0.0073247
4.3062e-08 0.99964 1.6174e-07 0.0072701
6.0628e-08 0.99961 1.9065e-07 0.0072106
8.1725e-08 0.99954 2.2276e-07 0.0071577
9.8919e-08 0.99945 2.4984e-07 0.0071016
1.1957e-07 0.99917 2.7988e-07 0.0070514
1.3595e-07 0.99879 3.0343e-07 0.0070431
1.4849e-07 0.99833 3.2205e-07 0.0070343
1.6428e-07 0.99801 3.4336e-07 0.0070272
1.7172e-07 0.99762 3.692e-07 0.0070222
1.7578e-07 0.99718 3.9018e-07 0.0070163
1.8276e-07 0.99687 4.1447e-07 0.0070122
1.9291e-07 0.99577 4.4238e-07 0.0070096
1.9959e-07 0.99451 4.6529e-07 0.0070063
2.0955e-07 0.99357 4.9196e-07 0.0070046
2.159e-07 0.9925 5.1343e-07 0.0070019
2.2528e-07 0.99169 5.3829e-07 0.0070008
2.3124e-07 0.99078 5.5828e-07 0.0069989
2.4039e-07 0.99025 5.8183e-07 0.0069985
2.4585e-07 0.98964 6.0016e-07 0.0069973
2.5503e-07 0.98921 6.2271e-07 0.0069978
2.604e-07 0.98843 6.3992e-07 0.0069974
2.6223e-07 0.98754 6.5329e-07 0.0069963
2.6738e-07 0.98688 6.7042e-07 0.0069967
2.6876e-07 0.98609 6.822e-07 0.0069963
2.6638e-07 0.98518 6.8867e-07 0.0069951
2.6041e-07 0.98419 6.9012e-07 0.0069932
2.5822e-07 0.98113 6.9583e-07 0.0069928
2.5258e-07 0.97623 6.9663e-07 0.0069918
2.4377e-07 0.97081 6.9292e-07 0.0069903
2.3194e-07 0.96487 6.8493e-07 0.0069881
2.2262e-07 0.9601 6.7955e-07 0.0069872
2.1086e-07 0.95501 6.7056e-07 0.0069859
2.0125e-07 0.93189 6.6388e-07 0.0069857
1.8925e-07 0.90723 6.5361e-07 0.0069852
2.475e-07 0.88107 6.399e-07 0.0069843
2.4661e-07 0.85962 6.2828e-07 0.0069846
2.4345e-07 0.83683 6.1323e-07 0.0069844
2.3802e-07 0.81262 5.9477e-07 0.006984
2.3042e-07 0.78704 5.73e-07 0.0069833
2.244e-07 0.76564 5.5284e-07 0.0069835
2.1989e-07 0.74774 5.3417e-07 0.0069847
2.1683e-07 0.68456 5.1692e-07 0.0069869
2.1158e-07 0.61751 4.9636e-07 0.0069887
2.0413e-07 0.54637 4.7247e-07 0.0069903
1.9457e-07 0.47128 4.4537e-07 0.0069915
1.8667e-07 0.40942 4.1996e-07 0.0069938
1.8007e-07 0.35758 3.9577e-07 0.006997
1.7142e-07 0.30248 3.6843e-07 0.007
1.6422e-07 0.25707 3.4253e-07 0.007004
1.5838e-07 0.21962 3.1791e-07 0.0070091
1.5053e-07 0.1801 2.9021e-07 0.0070139
1.4395e-07 0.14752 2.6369e-07 0.0070199
1.3835e-07 0.12021 2.3792e-07 0.0070268
1.3365e-07 0.097318 2.1279e-07 0.0070348
1.298e-07 0.078143 1.8819e-07 0.0070438
1.2674e-07 0.062073 1.6398e-07 0.007054
1.2463e-07 0.048827 1.4029e-07 0.0070655
1.2054e-07 0.034762 1.1362e-07 0.0070765
1.1445e-07 0.019814 8.3964e-08 0.0070872
1.0613e-07 0.018148 1.0449e-07 0.0070975
9.8802e-08 0.016789 1.2509e-07 0.007109
9.2167e-08 0.015662 1.4568e-07 0.0071218
8.3554e-08 0.014452 1.6334e-07 0.0071342
7.2932e-08 0.01315 1.7807e-07 0.0071461
6.3214e-08 0.012096 1.931e-07 0.0071595
5.4154e-08 0.011236 2.0846e-07 0.0071743
4.3065e-08 0.010299 2.2069e-07 0.0071886
2.9786e-08 0.0092656 2.2963e-07 0.0072022
1.3922e-08 0.008084 2.349e-07 0.007215
1.4517e-08 0.0080337 2.3623e-07 0.0072269
1.4931e-08 0.0080637 2.3899e-07 0.0072407
1.5349e-08 0.0079728 2.4418e-07 0.0072571
1.5782e-08 0.007976 2.5191e-07 0.0072762
3.3945e-08 0.008769 2.5467e-07 0.0072933
5.4806e-08 0.0094143 2.5905e-07 0.007313
7.9231e-08 0.010306 2.6525e-07 0.0073354
1.0019e-07 0.011076 2.6755e-07 0.0073566
1.2538e-07 0.01255 2.7159e-07 0.0073805
1.4762e-07 0.013884 2.7222e-07 0.0074036
1.6726e-07 0.015113 2.6964e-07 0.007426
1.5047e-07 0.016615 2.6755e-07 0.0074504
1.3537e-07 0.018427 2.6578e-07 0.0074767
1.2168e-07 0.020603 2.6426e-07 0.0075049
1.0921e-07 0.023209 2.6295e-07 0.0075353
9.4618e-08 0.025654 2.5866e-07 0.007565
8.1323e-08 0.028631 2.5478e-07 0.007597
6.9158e-08 0.031439 2.5108e-07 0.0076314
5.7898e-08 0.034855 2.4775e-07 0.0076684
4.7372e-08 0.039012 2.4477e-07 0.0077082
3.7274e-08 0.039787 2.4193e-07 0.0077509
2.5279e-08 0.040496 2.3611e-07 0.0077926
1.3791e-08 0.041406 2.3067e-07 0.0078375
1.6046e-08 0.042237 2.2212e-07 0.0078814
1.7806e-08 0.043275 2.1379e-07 0.0079284
1.919e-08 0.044585 2.0589e-07 0.0079791
5.3664e-08 0.045795 1.9492e-07 0.0080286
9.1598e-08 0.047295 1.8425e-07 0.0080819
1.3385e-07 0.049214 1.7393e-07 0.0081393
1.7257e-07 0.050971 1.6039e-07 0.0081951
1.7102e-07 0.053232 1.4783e-07 0.008204
1.7154e-07 0.056142 1.359e-07 0.0082146
1.7397e-07 0.056743 1.243e-07 0.0082268
1.7352e-07 0.057229 1.0927e-07 0.0082383
1.7006e-07 0.057603 9.0698e-08 0.0082489
1.6942e-07 0.058252 7.3122e-08 0.0082616
1.6495e-07 0.058751 7.7946e-08 0.0083179
1.6394e-07 0.059541 8.2826e-08 0.0083321
1.5922e-07 0.060152 8.4105e-08 0.0083449
1.5696e-07 0.061051 8.5324e-08 0.0083597
1.5142e-07 0.061795 8.3203e-08 0.0083734
1.4818e-07 0.061506 8.097e-08 0.0083893
1.4174e-07 0.061097 7.5434e-08 0.008404
1.3782e-07 0.060919 6.9926e-08 0.0084211
1.3598e-07 0.061186 6.4577e-08 0.0084405
1.3128e-07 0.061356 5.6123e-08 0.0084589
1.2355e-07 0.061427 4.4465e-08 0.0084761
1.1806e-07 0.061707 3.2666e-08 0.0084958
1.0908e-07 0.061884 3.8092e-08 0.0085079
1.0195e-07 0.062256 4.2748e-08 0.008522
9.6442e-08 0.062844 4.6685e-08 0.008538
1.3491e-07 0.063328 4.7711e-08 0.008553
1.6881e-07 0.063708 4.5769e-08 0.0085672
1.8575e-07 0.063139 6.2639e-08 0.008578
1.994e-07 0.062461 7.6261e-08 0.008588
2.1628e-07 0.06201 9.0021e-08 0.0085998
2.3637e-07 0.06174 1.0383e-07 0.0086133
2.5305e-07 0.061389 1.1439e-07 0.008626
2.6643e-07 0.060951 1.2173e-07 0.008638
2.8341e-07 0.05839 1.2949e-07 0.0086519
3.0438e-07 0.056375 1.3754e-07 0.0086675
3.2988e-07 0.054794 1.4596e-07 0.008685
3.6007e-07 0.049423 1.5462e-07 0.0087044
3.9626e-07 0.045101 1.6381e-07 0.008726
4.2826e-07 0.040453 1.6975e-07 0.0087468
4.5619e-07 0.035341 1.7243e-07 0.0087668
4.8967e-07 0.031175 1.7546e-07 0.0087591
5.295e-07 0.027775 1.7884e-07 0.0087034
5.6441e-07 0.023992 1.7884e-07 0.008646
6.0685e-07 0.020962 1.7942e-07 0.0085932
6.4447e-07 0.018848 1.7674e-07 0.0085389
6.7749e-07 0.016272 1.7079e-07 0.008483
7.1712e-07 0.014153 1.651e-07 0.0084312
7.6494e-07 0.01244 1.5979e-07 0.0083834
8.0792e-07 0.012408 1.5136e-07 0.0083343
8.5879e-07 0.012445 1.4304e-07 0.0082887
9.1954e-07 0.012561 1.3494e-07 0.0082466
9.75e-07 0.012643 1.2382e-07 0.0082035
1.0254e-06 0.012693 1.0971e-07 0.0081594
1.0707e-06 0.012707 9.2481e-08 0.008114
1.1111e-06 0.012685 7.2191e-08 0.0080675
1.1607e-06 0.012738 5.2143e-08 0.0080246
1.2039e-06 0.012737 6.7774e-08 0.0079802
1.2566e-06 0.011984 8.3321e-08 0.0077714
1.3048e-06 0.011174 9.6053e-08 0.0075584
1.3489e-06 0.010304 1.0603e-07 0.0073414
1.389e-06 0.0093562 1.1329e-07 0.0071205
1.4363e-06 0.0085685 1.2e-07 0.0069129
1.4796e-06 0.0077228 1.2396e-07 0.0067013
1.5188e-06 0.006816 1.252e-07 0.0064856
1.5662e-06 0.0060727 1.2602e-07 0.0062841
1.6226e-06 0.0054646 1.2644e-07 0.0060959
1.6748e-06 0.005062 1.2417e-07 0.0059042
1.7226e-06 0.0046248 1.1915e-07 0.0057087
1.7789e-06 0.0042644 1.1359e-07 0.0055252
1.8305e-06 0.0038707 1.0525e-07 0.0053378
1.8771e-06 0.0034385 9.4076e-08 0.005146
1.9185e-06 0.0029605 7.9961e-08 0.004949
1.9718e-06 0.002595 6.5978e-08 0.0047717
2.0387e-06 0.0023201 5.2055e-08 0.0046099
2.0974e-06 0.001998 7.1291e-08 0.004441
2.1704e-06 0.0017538 9.1009e-08 0.0042869
2.2351e-06 0.0014678 1.0726e-07 0.0041262
2.3151e-06 0.0012504 1.2411e-07 0.0039796
2.4149e-06 0.00097879 1.4209e-07 0.0038473
2.5035e-06 0.00065526 1.5623e-07 0.0037083
3.2786e-06 0.00064048 1.6633e-07 0.0035604
4.0056e-06 0.00060662 1.7282e-07 0.0034057
4.8437e-06 0.00059059 1.8004e-07 0.0032648
5.8218e-06 0.00059244 1.8834e-07 0.0031375
6.0541e-06 0.00061015 1.9753e-07 0.0030214
6.2687e-06 0.00061231 2.0298e-07 0.0028999
6.5234e-06 0.00063152 2.0957e-07 0.0027898
6.825e-06 0.00066891 2.1737e-07 0.00269
7.1809e-06 0.00072703 2.2649e-07 0.0025995
7.5139e-06 0.00076865 2.3253e-07 0.0025053
7.8255e-06 0.00079419 2.3488e-07 0.0024071
7.8535e-06 0.00084096 2.3858e-07 0.0023181
7.6612e-06 0.00091202 2.4404e-07 0.0022376
7.5018e-06 0.0010112 2.5115e-07 0.0021643
7.3288e-06 0.0010914 2.5458e-07 0.0020881
7.143e-06 0.0011551 2.545e-07 0.0020092
6.9851e-06 0.0012422 2.5528e-07 0.0019366
6.8144e-06 0.0013115 2.5248e-07 0.0018612
6.672e-06 0.0014085 2.5078e-07 0.0017923
5.962e-06 0.0015345 2.499e-07 0.0017287
5.3463e-06 0.0016991 2.5013e-07 0.0016706
4.8134e-06 0.0019116 2.5148e-07 0.0016176
4.3552e-06 0.0018903 2.5408e-07 0.0015692
3.9626e-06 0.0018979 2.5801e-07 0.0015251
3.6298e-06 0.0019368 2.6347e-07 0.0014852
3.3504e-06 0.0017853 2.7125e-07 0.0014489
3.1162e-06 0.0016776 2.8071e-07 0.0014161
2.9209e-06 0.0016069 2.9204e-07 0.0013864
2.7057e-06 0.0015101 2.995e-07 0.0013548
2.5294e-06 0.0014512 3.0927e-07 0.0013263
2.3336e-06 0.0013672 3.1461e-07 0.0012964
2.1734e-06 0.0013202 3.223e-07 0.0012695
2.0429e-06 0.0013037 3.3246e-07 0.0012454
1.8981e-06 0.0012661 3.3829e-07 0.0012201
1.7782e-06 0.0012552 3.4628e-07 0.0011977
1.6438e-06 0.0012221 3.497e-07 0.001174
1.5348e-06 0.0012183 3.5576e-07 0.0011528
1.4116e-06 0.0011909 3.5713e-07 0.0011304
1.3108e-06 0.0011999 3.6091e-07 0.0011103
1.2305e-06 0.001239 3.6752e-07 0.0010924
1.1658e-06 0.001136 3.7659e-07 0.0010763
1.1145e-06 0.0010667 3.8822e-07 0.0010619
1.0758e-06 0.0010284 4.0299e-07 0.0010493
1.0473e-06 0.001015 4.2062e-07 0.0010379
1.0114e-06 0.0009802 4.3327e-07 0.0010259
9.8625e-07 0.00097243 4.4938e-07 0.0010153
9.7088e-07 0.00099185 4.0728e-07 0.0010059
9.4866e-07 0.00098923 3.5911e-07 0.00099616
9.3606e-07 0.001015 3.1633e-07 0.00098764
9.3315e-07 0.00093797 2.784e-07 0.00098024
9.2405e-07 0.0008348 2.3508e-07 0.0009723
9.2407e-07 0.00076836 1.9624e-07 0.00096543
9.1744e-07 0.00067601 1.5185e-07 0.000958
9.013e-07 0.00062336 1.0163e-07 0.00094998
8.7844e-07 0.00062544 1.0606e-07 0.00094141
8.642e-07 0.00064742 1.1088e-07 0.00093385
8.432e-07 0.00064963 1.1203e-07 0.00092571
8.314e-07 0.00067476 1.1383e-07 0.00091864
8.2827e-07 0.00072637 1.1632e-07 0.00091256
8.3281e-07 0.00080608 1.1928e-07 0.00090729
8.3148e-07 0.00086257 1.1866e-07 0.00090159
8.3869e-07 0.00095404 1.1877e-07 0.00089675
8.5392e-07 0.0010859 1.1937e-07 0.00089265
8.804e-07 0.0012706 1.1588e-07 0.0008881
1.0337e-06 0.0014181 1.0859e-07 0.00088309
1.2231e-06 0.0016336 1.0204e-07 0.0008789
1.4573e-06 0.0016571 9.6135e-08 0.00087546
1.5235e-06 0.0017223 9.0772e-08 0.00087273
1.6101e-06 0.001676 8.5867e-08 0.00087068
1.7185e-06 0.0014249 8.1203e-08 0.00086926
1.8125e-06 0.0011172 7.3013e-08 0.00086748
1.8124e-06 0.00089976 6.5183e-08 0.00085657
1.8243e-06 0.00074134 5.7342e-08 0.00084686
1.8311e-06 0.00054101 4.6181e-08 0.00083652
1.8264e-06 0.00043702 6.222e-08 0.00082541
1.8338e-06 0.00036195 7.8784e-08 0.00081551
1.8331e-06 0.00026474 9.1716e-08 0.00080499
1.8243e-06 0.00014312 1.0106e-07 0.00079381
1.7371e-06 7.3506e-05 1.1141e-07 0.000784
1.6702e-06 2.092e-05 1.2273e-07 0.0007754
1.5913e-06 1.5532e-05 1.3015e-07 0.00077849
1.5312e-06 9.5478e-06 1.3864e-07 0.00077544
1.4597e-06 1.8629e-05 1.4323e-07 0.00077199
1.4055e-06 2.803e-05 1.4891e-07 0.00076923
1.3661e-06 3.881e-05 1.5577e-07 0.00076711
1.3399e-06 3.9567e-05 1.6394e-07 0.0007656
1.2156e-06 4.2031e-05 1.7364e-07 0.00076468
1.0684e-06 4.5818e-05 1.7938e-07 0.00076348
9.4984e-07 5.1889e-05 1.8663e-07 0.00076285
8.55e-07 6.0414e-05 1.9554e-07 0.00076281
7.4798e-07 5.9287e-05 2.0043e-07 0.00076245
6.6193e-07 6.1293e-05 2.0703e-07 0.00076269
5.9304e-07 6.6708e-05 2.1543e-07 0.0007635
5.0011e-07 7.7706e-05 2.1611e-07 0.0007634
4.2355e-07 9.3106e-05 2.1824e-07 0.00076383
3.605e-07 0.00011431 2.2184e-07 0.00075739
3.0864e-07 0.00014331 2.2695e-07 0.00075176
2.6606e-07 0.00013173 2.3365e-07 0.00074689
2.3194e-07 0.00012766 2.4238e-07 0.00074278
2.067e-07 0.00013067 2.1983e-07 0.00073088
1.8639e-07 0.00014011 1.9951e-07 0.00072026
1.6139e-07 0.00013762 1.7455e-07 0.00070892
1.3167e-07 0.00012368 1.448e-07 0.00069682
1.0749e-07 0.00011706 1.1771e-07 0.00068612
7.8621e-08 9.8706e-05 1.3795e-07 0.00067468
8.4133e-08 0.00014648 1.5395e-07 0.00066248
9.1443e-08 0.00014016 1.7139e-07 0.00065158
1.0082e-07 0.00014057 1.9051e-07 0.00064185
1.1262e-07 0.00014756 2.1158e-07 0.00063319
1.2783e-07 0.00016548 2.3561e-07 0.00062563
1.4756e-07 0.00019418 2.6281e-07 0.00061907
1.6337e-07 0.00020904 2.8526e-07 0.00061201
1.8312e-07 0.00023425 3.1054e-07 0.00060579
1.8637e-07 0.00023981 3.0448e-07 0.00060306
1.9268e-07 0.00025586 3.0058e-07 0.00060086
2.0278e-07 0.00023289 2.993e-07 0.00059019
2.1705e-07 0.00022218 3.0048e-07 0.00058076
2.3612e-07 0.00022252 3.0414e-07 0.00057245
2.6083e-07 0.00015372 3.1035e-07 0.00056516
2.9154e-07 0.00010164 3.1879e-07 0.0005587
3.2937e-07 6.1415e-05 3.2957e-07 0.00055301
3.6125e-07 7.2022e-05 3.3567e-07 0.00054686
4.0171e-07 8.7483e-05 3.4458e-07 0.00054151
4.361e-07 9.2659e-05 3.4895e-07 0.00053577
4.6472e-07 0.00010364 3.488e-07 0.00052964
4.8787e-07 0.00010411 3.4414e-07 0.00052309
5.0574e-07 9.4078e-05 3.3495e-07 0.0005161
4.8242e-07 9.116e-05 3.2825e-07 0.00050992
4.6627e-07 9.3309e-05 3.2427e-07 0.00050462
4.45e-07 8.5254e-05 3.1582e-07 0.00049894
4.298e-07 8.1336e-05 3.0961e-07 0.00049395
4.0927e-07 6.6909e-05 2.9873e-07 0.00048857
3.9517e-07 5.6908e-05 2.9044e-07 0.0004839
3.869e-07 5.0443e-05 2.8462e-07 0.0004799
3.737e-07 3.4239e-05 2.7421e-07 0.00047554
3.5424e-07 2.5762e-05 2.5913e-07 0.00047079
3.4078e-07 1.8273e-05 2.4656e-07 0.00046671
3.3327e-07 3.5058e-05 2.3628e-07 0.00046325
3.3025e-07 5.4631e-05 2.2778e-07 0.00045008
2.8568e-07 0.00060889 2.7682e-07 0.00038345
2.8009e-07 0.00066597 2.8279e-07 0.0003806
2.7895e-07 0.00075499 2.9121e-07 0.00037825
2.8232e-07 0.00077472 3.022e-07 0.00037637
2.9026e-07 0.00082161 3.1648e-07 0.00037492
3.0392e-07 0.00090214 3.3409e-07 0.00036717
3.2253e-07 0.0010204 3.5454e-07 0.00036027
3.0677e-07 0.0010722 3.7867e-07 0.00035419
2.963e-07 0.00099941 4.0684e-07 0.00034887
2.9068e-07 0.00096195 3.8291e-07 0.00034423
2.6967e-07 0.00090081 3.6313e-07 0.00034019
2.4331e-07 0.0008118 4.2938e-07 0.00033565
2.223e-07 0.00075403 5.0311e-07 0.00033167
1.98e-07 0.00069078 5.6911e-07 0.00032735
1.7901e-07 0.00062205 6.4401e-07 0.00032362
1.6446e-07 0.00054783 7.2906e-07 0.00032043
1.4573e-07 0.00044849 1.3286e-06 0.00031693
1.3108e-07 0.00038102 2.0087e-06 0.00031396
1.1988e-07 0.00033734 2.7808e-06 0.00031145
1.113e-07 0.0003132 3.0202e-06 0.00030936
9.9428e-08 0.00037109 3.2421e-06 0.00030704
8.9972e-08 0.00046234 3.493e-06 0.00030511
8.2576e-08 0.00049291 3.7764e-06 0.00030355
1.0889e-07 0.00050627 4.0395e-06 0.00030179
1.4031e-07 0.0005378 4.3369e-06 0.00030038
1.6561e-07 0.00055135 4.5909e-06 0.00030463
1.8431e-07 0.00054751 4.8854e-06 0.00030952
1.9625e-07 0.00057201 6.559e-06 0.00031396
2.1376e-07 0.00053319 8.5366e-06 0.00031399
2.3715e-07 0.00051618 1.0785e-05 0.00031438
2.6692e-07 0.00041715 1.3342e-05 0.00031519
2.6232e-07 0.00034957 1.6257e-05 0.00031639
2.62e-07 0.00030519 1.9598e-05 0.00031847
2.6592e-07 0.00027802 2.3398e-05 0.00032099
2.6561e-07 0.00036209 2.6953e-05 0.00032325
2.2803e-07 0.00036091 3.0997e-05 0.00032598
1.9843e-07 0.00052936 3.555e-05 0.00032917
1.7588e-07 0.00056328 4.0733e-05 0.0003282
1.9905e-07 0.00057679 4.5613e-05 0.00032704
9.4489e-08 0.0011923 0.00011384 0.00036956
8.4349e-08 0.0010126 0.0001153 0.00036869
1.0604e-07 0.0007922 0.00011666 0.00036762
1.3258e-07 0.00063635 0.00011824 0.00036065
1.6514e-07 0.0004749 0.00012004 0.00035452
2.0522e-07 0.00030785 0.00012212 0.00034915
2.5501e-07 0.0001352 0.00012451 0.00033139
2.9828e-07 0.00011939 0.00012675 0.00032967
3.3544e-07 9.4398e-05 0.00012885 0.0003278
3.8111e-07 7.5842e-05 0.00012936 0.00032632
3.8558e-07 6.2388e-05 0.00013 0.00032483
3.9504e-07 5.2301e-05 0.00013077 0.00032332
4.1122e-07 4.5325e-05 0.00013077 0.0003218
4.4286e-07 6.8305e-05 0.00012989 0.00032027
4.8372e-07 0.00011392 0.00012916 0.00031872
3.9479e-07 0.0015089 8.2605e-05 0.000219
3.6768e-07 0.0010919 8.1804e-05 0.00021672
3.4682e-07 0.00078591 8.1114e-05 0.00021441
3.1777e-07 0.00038461 8.0273e-05 0.0002121
2.7879e-07 0.00030632 7.933e-05 0.00020977
2.5063e-07 0.00025226 7.6416e-05 0.00020743
2.137e-07 0.00018188 7.5734e-05 0.00020507
1.9898e-07 0.00014446 7.4096e-05 0.0002027
1.7989e-07 9.1482e-05 7.2338e-05 0.00020032
1.6479e-07 5.0336e-05 7.0784e-05 0.00019792
1.4548e-07 3.2924e-05 6.9116e-05 0.00019529
1.3387e-07 1.8441e-05 6.7249e-05 0.00019236
1.1868e-07 2.0405e-05 6.5262e-05 0.00018921
1.0646e-07 2.1859e-05 6.3501e-05 0.00018645
9.6766e-08 2.2669e-05 6.1943e-05 0.00018405
8.9231e-08 2.2911e-05 6.0565e-05 0.00018199
7.843e-08 6.2345e-05 5.9086e-05 0.00017972
6.4285e-08 8.8199e-05 5.75e-05 0.00017724
5.2631e-08 0.0001228 5.6112e-05 0.00017512
4.2687e-08 0.0001681 5.4884e-05 0.00017331
3.4095e-08 0.00022818 5.38e-05 0.00017179
2.6549e-08 0.00030864 5.2846e-05 0.00017055
1.9966e-08 0.00042087 5.2021e-05 0.00016463
2.8174e-08 0.00050938 5.1135e-05 0.00015834
3.7624e-08 0.00050057 4.8224e-05 0.00015277
4.8409e-08 0.00050807 4.5632e-05 0.00014778
6.1201e-08 0.00053464 4.3348e-05 0.00014335
7.6178e-08 0.00058052 4.1315e-05 0.0001394
9.4726e-08 0.00052956 3.9506e-05 0.00013587
2.3729e-07 0.000459 3.7586e-05 0.00013211
3.6621e-07 0.00036729 3.5549e-05 0.00012811
4.0105e-07 0.00030237 3.3754e-05 0.00012457
4.4487e-07 0.00025735 3.2173e-05 0.00012145
4.9952e-07 0.00022757 3.0781e-05 0.00011872
5.6736e-07 0.00021016 2.9557e-05 0.00011633
6.5136e-07 0.00020334 2.8482e-05 0.00011426
6.6412e-07 0.00020514 2.7529e-05 0.00011247
6.7107e-07 0.00019382 2.6508e-05 0.0001105
6.8576e-07 0.00019236 2.5613e-05 0.00010882
6.5848e-07 0.00016747 2.4869e-05 0.00010749
6.4018e-07 0.00015543 2.4221e-05 0.00010642
6.1604e-07 0.00013079 2.3547e-05 0.0001052
5.9928e-07 0.00011389 2.2953e-05 0.0001042
5.1063e-07 0.00010324 2.2433e-05 0.00010341
4.3769e-07 9.9554e-05 2.1979e-05 0.00010281
3.5514e-07 0.00011483 2.149e-05 0.00010209
2.6223e-07 0.00011909 2.0962e-05 0.00010124
1.8651e-07 0.00013113 2.0507e-05 0.00010063
1.2462e-07 0.00015151 2.0116e-05 0.00010023
1.1544e-07 0.00019548 1.9693e-05 9.9702e-05
1.09e-07 0.000187 1.8267e-05 9.9384e-05
9.9213e-08 0.0001651 1.6741e-05 9.8937e-05
9.1629e-08 0.00015177 1.5385e-05 9.8671e-05
8.5973e-08 0.00014576 1.4181e-05 9.8585e-05
7.6981e-08 0.00011482 1.289e-05 9.8371e-05
6.9815e-08 9.2018e-05 1.1743e-05 9.8335e-05
6.4212e-08 7.5202e-05 1.0749e-05 9.8477e-05
5.9968e-08 4.6338e-05 9.8662e-06 9.8798e-05
3.2905e-08 2.2655e-05 9.0822e-06 9.9303e-05
3.2915e-08 2.8914e-05 8.2463e-06 9.9687e-05
3.3559e-08 3.6133e-05 7.5116e-06 0.00010028
3.4689e-08 4.4451e-05 6.8587e-06 0.00010105
3.6526e-08 5.5432e-05 6.2851e-06 0.00010205
3.8963e-08 6.9398e-05 5.7756e-06 0.00010327
4.2093e-08 8.962e-05 5.3233e-06 0.0001047
4.2853e-08 9.8971e-05 4.8396e-06 0.000106
4.4345e-08 0.00011357 4.41e-06 0.00010752
4.686e-08 0.00010549 4.0333e-06 0.00010936
4.6954e-08 8.6428e-05 3.6298e-06 0.00011104
4.7869e-08 7.2586e-05 3.2713e-06 0.00011298
4.9853e-08 7.3085e-05 2.9566e-06 0.00011524
5.2989e-08 7.7773e-05 2.6804e-06 0.00011784
5.35e-08 7.1944e-05 2.3818e-06 0.00012024
5.5197e-08 7.016e-05 2.1194e-06 0.00012299
5.8156e-08 8.2178e-05 1.8887e-06 0.00012614
5.8464e-08 8.3734e-05 1.6391e-06 0.00012906
5.6125e-08 7.4877e-05 1.3694e-06 0.00013174
5.5029e-08 7.0966e-05 1.1314e-06 0.00013481
5.4905e-08 7.0276e-05 9.1867e-07 0.00013826
5.5955e-08 7.3284e-05 7.3038e-07 0.00014219
5.822e-08 8.0301e-05 5.6347e-07 0.00014663
6.1803e-08 9.211e-05 4.1527e-07 0.00015165
6.16e-08 0.00014355 4.02e-07 0.00015617
6.2479e-08 0.00021073 3.9161e-07 0.00016125
6.4558e-08 0.00030067 3.8413e-07 0.00016693
6.7488e-08 0.00041532 3.7868e-07 0.00017318
7.1258e-08 0.00056114 3.7504e-07 0.00018003
7.5927e-08 0.00074723 3.7313e-07 0.00018751
7.8302e-08 0.0009063 3.6731e-07 0.00019469
8.1615e-08 0.0011115 3.6318e-07 0.00020253
8.2501e-08 0.0012842 3.5496e-07 0.00021002
8.1052e-08 0.0027743 3.4278e-07 0.00021719
8.0797e-08 0.0047149 3.3271e-07 0.0002251
8.278e-08 0.0071959 3.1761e-07 0.00023263
8.2334e-08 0.0093908 2.9835e-07 0.00023982
8.2871e-08 0.012199 2.8086e-07 0.00024768
1.3847e-07 0.014674 2.5921e-07 0.00025518
2.0336e-07 0.017939 2.3966e-07 0.00026348
2.1375e-07 0.022289 2.2205e-07 0.00027267
2.273e-07 0.028133 2.0589e-07 0.00028279
2.3719e-07 0.033194 1.8567e-07 0.00029239
2.4341e-07 0.037559 1.6123e-07 0.00030149
2.5366e-07 0.043586 1.3895e-07 0.0003117
2.5893e-07 0.048662 1.5246e-07 0.0003192
2.6934e-07 0.055991 1.6724e-07 0.00032759
2.7416e-07 0.059049 1.7759e-07 0.00033536
2.7475e-07 0.061581 1.8379e-07 0.00034258
2.7924e-07 0.065044 1.9122e-07 0.00035066
2.8774e-07 0.069748 1.9997e-07 0.00035968
2.9219e-07 0.073766 2.0471e-07 0.00036819
3.0129e-07 0.079379 2.1115e-07 0.00037779
2.836e-07 0.08705 2.3139e-07 0.00039316
2.6135e-07 0.13764 2.4729e-07 0.00040773
2.4394e-07 0.20465 2.6523e-07 0.00042386
2.2195e-07 0.26091 2.7862e-07 0.00043913
1.9518e-07 0.30993 2.8756e-07 0.0004536
1.6337e-07 0.35286 2.9209e-07 0.00046732
1.3745e-07 0.40997 2.9893e-07 0.00047057
1.1632e-07 0.48621 3.0815e-07 0.00047438
9.0945e-08 0.55289 3.1287e-07 0.00047789
6.9916e-08 0.57278 2.6401e-07 0.00048199
5.1945e-08 0.59893 2.194e-07 0.00048665
3.6412e-08 0.63335 1.785e-07 0.00049194
2.2799e-08 0.64409 1.4082e-07 0.0004979
2.5348e-08 0.65328 1.5349e-07 0.0005033
1.6055e-08 0.66552 1.6727e-07 0.0005094
2.0165e-08 0.67603 1.7661e-07 0.00051496
2.4632e-08 0.69018 1.8734e-07 0.00052126
2.9452e-08 0.70871 1.9928e-07 0.00052827
3.2025e-08 0.72485 2.0718e-07 0.00053489
3.5177e-08 0.74649 2.1666e-07 0.00053488
3.605e-08 0.76534 2.2206e-07 0.00053464
3.7557e-08 0.77102 2.2918e-07 0.00052755
3.9752e-08 0.77876 2.3806e-07 0.00052125
4.2731e-08 0.78933 2.4886e-07 0.00051567
4.6451e-08 0.79268 2.6141e-07 0.00051072
4.7814e-08 0.79554 2.6978e-07 0.00050546
4.6728e-08 0.79794 2.7381e-07 0.00049983
4.3163e-08 0.79993 2.7347e-07 0.00049382
3.7065e-08 0.80156 2.6872e-07 0.00048734
3.1994e-08 0.80396 2.6612e-07 0.00048166
2.7809e-08 0.80438 2.1104e-07 0.0004767
4.0449e-08 0.80458 2.2166e-07 0.0004712
5.5543e-08 0.80517 2.3381e-07 0.00046634
6.7749e-08 0.80559 2.42e-07 0.00046117
8.2254e-08 0.80642 2.5194e-07 0.00045663
9.9216e-08 0.80771 2.634e-07 0.00045262
1.1281e-07 0.80876 2.7069e-07 0.00044832
2.3668e-07 0.8096 2.74e-07 0.00044374
3.8268e-07 0.81089 2.7883e-07 0.00043969
5.148e-07 0.81194 2.795e-07 0.00043534
6.7392e-07 0.81354 2.8209e-07 0.00043156
8.1843e-07 0.81488 2.8061e-07 0.00042751
8.5452e-07 0.81467 2.8207e-07 0.00042416
9.0226e-07 0.81486 2.8577e-07 0.00042135
9.4247e-07 0.81486 2.852e-07 0.00041827
9.9552e-07 0.81529 2.8693e-07 0.00041571
9.8447e-07 0.81624 2.9122e-07 0.0004051
1.1151e-06 0.81696 2.9116e-07 0.00039385
1.2268e-06 0.81818 2.8694e-07 0.00038184
1.3633e-06 0.82001 2.8471e-07 0.00037106
1.5296e-06 0.82261 2.8445e-07 0.00036139
1.6775e-06 0.82468 2.7986e-07 0.00035115
1.7129e-06 0.82508 2.7916e-07 0.00034229
1.7619e-06 0.8259 2.8032e-07 0.00033436
1.8279e-06 0.82642 2.8372e-07 0.00032732
1.8835e-06 0.82674 2.827e-07 0.00031983
1.9569e-06 0.82749 2.8386e-07 0.00031319
2.049e-06 0.82869 2.8685e-07 0.00030724
2.1285e-06 0.82964 2.8541e-07 0.0003009
2.1119e-06 0.83114 2.8625e-07 0.0002953
2.1082e-06 0.83107 2.89e-07 0.00029033
2.1188e-06 0.83147 2.9414e-07 0.00028598
2.1426e-06 0.83228 3.0134e-07 0.00028215
2.1807e-06 0.83384 3.1071e-07 0.0002788
2.2359e-06 0.83615 3.228e-07 0.00027593
2.3109e-06 0.83946 3.3781e-07 0.00027351
2.4088e-06 0.84033 3.5602e-07 0.00027153
2.4927e-06 0.84096 3.6925e-07 0.00026931
2.5644e-06 0.8414 3.7779e-07 0.00026686
2.5361e-06 0.84047 3.8906e-07 0.0002648
2.4979e-06 0.83931 3.956e-07 0.00026253
2.475e-06 0.83861 4.0494e-07 0.00026062
2.4416e-06 0.83861 4.1055e-07 0.00025848
2.3983e-06 0.83842 4.1143e-07 0.00025613
2.3446e-06 0.83805 4.0756e-07 0.00025355
2.3086e-06 0.83584 4.0694e-07 0.00025139
2.2887e-06 0.83441 4.096e-07 0.00024964
2.2596e-06 0.83252 4.0751e-07 0.00024776
2.2445e-06 0.82642 4.0815e-07 0.00024622
2.1455e-06 0.82206 4.3001e-07 0.00024086
2.038e-06 0.81725 4.4799e-07 0.00023529
1.9235e-06 0.81208 4.6254e-07 0.00022957
1.823e-06 0.80782 4.7834e-07 0.00022423
1.7357e-06 0.80437 4.957e-07 0.00021927
1.6592e-06 0.80152 5.1435e-07 0.00021464
1.5777e-06 0.79849 5.2971e-07 0.00020989
1.5071e-06 0.79604 5.4671e-07 0.00020549
1.4464e-06 0.79409 5.6545e-07 0.0002014
1.3946e-06 0.79257 5.8604e-07 0.00019762
1.351e-06 0.79141 6.0859e-07 0.00019412
1.3034e-06 0.78883 6.2775e-07 0.00019052
1.2518e-06 0.78607 6.4351e-07 0.00018682
1.196e-06 0.78314 6.5589e-07 0.00018302
1.1362e-06 0.77994 6.6491e-07 0.00017911
1.0721e-06 0.77653 6.7055e-07 0.0001751
1.0165e-06 0.77378 6.7812e-07 0.00017138
9.6855e-07 0.76006 6.8766e-07 0.00016794
9.2689e-07 0.74857 6.9887e-07 0.00016473
8.916e-07 0.73912 7.1217e-07 0.00016176
8.6157e-07 0.69395 7.2726e-07 0.00015901
8.3641e-07 0.65609 7.4421e-07 0.00015646
8.1581e-07 0.62436 7.631e-07 0.00015411
7.995e-07 0.59777 7.8403e-07 0.00015193
7.8014e-07 0.56956 8.0144e-07 0.00014968
7.5787e-07 0.53979 8.1546e-07 0.00014736
7.4028e-07 0.51526 8.3194e-07 0.00014523
7.2666e-07 0.49471 7.2195e-07 0.00014327
7.1681e-07 0.47749 6.181e-07 0.00014148
7.1062e-07 0.46307 5.1989e-07 0.00013984
7.0801e-07 0.451 4.2686e-07 0.00013835
7.0894e-07 0.4409 3.3857e-07 0.00013701
7.0702e-07 0.43018 3.6558e-07 0.0001356
7.0226e-07 0.41879 3.8937e-07 0.00013412
7.0147e-07 0.40943 4.1459e-07 0.0001328
7.0466e-07 0.40174 4.4137e-07 0.00013163
7.1186e-07 0.39542 4.6987e-07 0.0001306
9.5062e-07 0.38875 4.9515e-07 0.00012952
1.1805e-06 0.3817 5.1721e-07 0.00012838
1.437e-06 0.37581 5.4072e-07 0.00012737
1.7265e-06 0.371 5.6615e-07 0.00012649
2.0499e-06 0.35358 5.9329e-07 0.00012574
2.3607e-06 0.33509 6.17e-07 0.00012493
2.659e-06 0.31548 6.373e-07 0.00012406
2.9964e-06 0.29932 6.5971e-07 0.00012332
3.3778e-06 0.28601 6.8435e-07 0.00012271
3.7456e-06 0.27195 7.0564e-07 0.00012205
4.1002e-06 0.25712 7.2359e-07 0.00012133
4.4419e-06 0.24145 7.3819e-07 0.00012056
4.829e-06 0.22855 7.5507e-07 0.00011992
5.202e-06 0.21491 7.6858e-07 0.00011922
5.6204e-06 0.20353 7.8409e-07 0.00011864
6.0974e-06 0.19422 8.0219e-07 0.00011819
6.5564e-06 0.18431 8.167e-07 0.00011768
7.0784e-06 0.17626 8.3399e-07 0.00011729
7.5781e-06 0.16759 8.474e-07 0.00011684
7.6447e-06 0.16051 8.6359e-07 0.00011652
7.7328e-06 0.15489 8.8338e-07 0.00011634
7.8109e-06 0.14873 8.9867e-07 0.00011609
7.8796e-06 0.14722 9.0965e-07 0.00011576
7.969e-06 0.14609 9.2395e-07 0.00011556
8.0486e-06 0.14481 9.3387e-07 0.00011529
7.895e-06 0.14393 9.4733e-07 0.00011516
7.7281e-06 0.1429 9.5606e-07 0.00011494
7.5471e-06 0.1417 9.6002e-07 0.00011464
7.3502e-06 0.1403 9.5908e-07 0.00011425
7.1844e-06 0.13929 9.6188e-07 0.00011401
7.0045e-06 0.1381 9.5997e-07 0.00011368
6.8552e-06 0.13729 9.6205e-07 0.0001135
6.6078e-06 0.13622 9.2911e-07 0.00011392
6.3972e-06 0.13549 9.0046e-07 0.0001145
6.2209e-06 0.1314 8.7622e-07 0.00011523
6.031e-06 0.12693 8.4738e-07 0.00011589
5.8273e-06 0.12205 8.1397e-07 0.00011646
5.6547e-06 0.11818 7.845e-07 0.00011719
5.4694e-06 0.11395 7.5054e-07 0.00011784
5.2702e-06 0.1093 7.12e-07 0.00011841
5.1028e-06 0.10566 6.7761e-07 0.00011539
4.9224e-06 0.10167 6.3871e-07 0.00011226
4.6947e-06 0.098525 5.8641e-07 0.00011352
4.5075e-06 0.087047 5.3862e-07 0.00011494
4.3486e-06 0.077777 4.947e-07 0.00011654
4.2165e-06 0.070403 4.547e-07 0.00011834
3.5883e-06 0.064401 4.1772e-07 0.00012032
2.9235e-06 0.057868 3.763e-07 0.00012221
2.3487e-06 0.052652 3.3814e-07 0.00012431
1.8517e-06 0.048489 3.0291e-07 0.00012663
1.3264e-06 0.043951 2.6355e-07 0.00012885
8.6897e-07 0.040298 2.2666e-07 0.00013129
4.7782e-07 0.025411 1.9249e-07 0.00013038
4.2463e-07 0.023607 2.1905e-07 0.00012933
3.789e-07 0.022166 2.4718e-07 0.00012843
3.4014e-07 0.02105 2.7747e-07 0.00012186
3.0631e-07 0.020149 3.0942e-07 0.00011574
2.7708e-07 0.019436 3.4347e-07 0.00011006
2.5136e-07 0.018864 3.7942e-07 0.00010475
2.2258e-07 0.018236 4.1161e-07 9.9288e-05
1.9702e-07 0.017737 4.4579e-07 9.4184e-05
1.743e-07 0.015785 4.8222e-07 8.9416e-05
1.5404e-07 0.014168 5.2111e-07 8.496e-05
1.3593e-07 0.012827 5.627e-07 8.0797e-05
1.152e-07 0.011383 6.0016e-07 7.6508e-05
9.18e-08 0.0098206 6.3351e-07 7.2087e-05
7.0829e-08 0.0085543 6.7014e-07 6.7987e-05
5.1628e-08 0.0075107 7.0988e-07 6.4163e-05
3.4184e-08 0.0066711 7.5368e-07 6.0626e-05
1.8267e-08 0.0060054 8.0225e-07 5.7371e-05
3.7809e-09 0.0054961 8.5683e-07 5.4407e-05
1.6885e-09 0.0048698 9.0172e-07 5.479e-05
2.9267e-09 0.0041269 9.3996e-07 5.5082e-05
3.4197e-09 0.0036155 9.9123e-07 5.3726e-05
3.1646e-09 0.0032617 1.0504e-06 5.2589e-05
9.1688e-09 0.0028348 1.1022e-06 5.1338e-05
1.3164e-08 0.0023246 1.1467e-06 4.996e-05
1.7334e-08 0.0019623 1.2e-06 4.8776e-05
2.1709e-08 0.0016988 1.262e-06 4.7752e-05
2.3878e-08 0.001375 1.3157e-06 4.6614e-05
2.3936e-08 0.0013286 1.3617e-06 4.5365e-05
3.0257e-08 0.0013644 1.398e-06 4.3978e-05
3.757e-08 0.0013676 1.4425e-06 4.2763e-05
4.1856e-08 0.0012488 1.4788e-06 4.1427e-05
4.7253e-08 0.0011779 1.5245e-06 4.0271e-05
9.9e-08 0.0010635 1.5616e-06 3.8988e-05
1.6037e-07 0.00098743 1.6072e-06 3.786e-05
2.3096e-07 0.00093529 1.6598e-06 3.6847e-05
3.1121e-07 0.00090151 1.719e-06 3.5931e-05
3.866e-07 0.0008549 1.7733e-06 3.4964e-05
4.5748e-07 0.00079549 1.8228e-06 3.3945e-05
5.367e-07 0.00075045 1.8776e-06 3.3005e-05
6.1119e-07 0.00072048 1.9276e-06 3.2015e-05
6.9463e-07 0.00070188 1.9832e-06 3.1101e-05
7.8815e-07 0.00069401 2.0445e-06 3.0257e-05
8.7647e-07 0.00067519 2.1009e-06 2.9367e-05
9.7676e-07 0.00066817 2.1641e-06 2.8553e-05
1.0906e-06 0.00067271 2.2343e-06 2.781e-05
1.2959e-06 0.00065442 2.2992e-06 2.7026e-05
1.5258e-06 0.00064613 2.3705e-06 2.6302e-05
1.7859e-06 0.00064891 2.4495e-06 2.5643e-05
2.0802e-06 0.00066291 2.5365e-06 2.5044e-05
2.3622e-06 0.00066628 2.6183e-06 2.4406e-05
2.6324e-06 0.00065895 2.6948e-06 2.3726e-05
2.891e-06 0.00064084 2.766e-06 2.3005e-05
3.1846e-06 0.00063432 2.8455e-06 2.2346e-05
3.515e-06 0.00063805 2.9331e-06 2.1743e-05
3.7687e-06 0.00062969 2.9762e-06 2.139e-05
4.0559e-06 0.00063255 3.0267e-06 2.1084e-05
4.081e-06 0.00064861 3.0861e-06 2.0831e-05
4.1013e-06 0.0006528 3.1396e-06 2.0537e-05
4.1351e-06 0.00067066 3.2023e-06 2.0297e-05
4.1624e-06 0.00067605 3.2588e-06 2.0015e-05
4.2032e-06 0.00069512 3.3246e-06 1.9784e-05
4.2584e-06 0.00072883 3.1821e-06 1.9601e-05
4.132e-06 0.00078008 3.0526e-06 1.9465e-05
4.023e-06 0.00084773 2.9335e-06 1.9368e-05
3.9066e-06 0.00090147 2.808e-06 1.9235e-05
3.7831e-06 0.00094254 2.6764e-06 1.9066e-05
3.6524e-06 0.00097118 2.5387e-06 1.8862e-05
3.5391e-06 0.0010156 2.4113e-06 1.8697e-05
3.4418e-06 0.0010231 2.2938e-06 1.857e-05
3.3372e-06 0.0010172 2.1699e-06 1.8406e-05
3.2249e-06 0.00099768 2.0394e-06 1.8203e-05
3.1044e-06 0.00096154 1.9018e-06 1.7961e-05
3.0008e-06 0.00094184 1.7748e-06 1.776e-05
2.913e-06 0.00093809 1.6578e-06 1.76e-05
2.8405e-06 0.00095146 1.5508e-06 1.7485e-05
2.759e-06 0.0009481 1.4359e-06 1.7324e-05
2.6948e-06 0.00096595 1.3326e-06 1.7217e-05
2.6455e-06 0.0010057 1.2395e-06 1.7162e-05
2.5848e-06 0.0010218 1.1365e-06 1.7047e-05
2.5414e-06 0.00096859 1.0455e-06 1.6998e-05
2.4866e-06 0.00088533 9.4446e-07 1.6882e-05
2.4502e-06 0.0007655 8.56e-07 1.6836e-05
2.4306e-06 0.00071947 7.7862e-07 1.6862e-05
2.4013e-06 0.00061825 6.9304e-07 1.6829e-05
2.3894e-06 0.00057956 6.1786e-07 1.6867e-05
2.3916e-06 0.00056112 5.5086e-07 1.6969e-05
2.4094e-06 0.00056723 4.9194e-07 1.7143e-05
2.4436e-06 0.00059246 4.4013e-07 1.7392e-05
2.4968e-06 0.00059911 3.9458e-07 1.7719e-05
2.4539e-06 0.00062542 3.539e-07 1.8119e-05
2.403e-06 0.00063479 3.0757e-07 1.8457e-05
2.3683e-06 0.00066472 2.6579e-07 1.8869e-05
2.3498e-06 0.0006151 2.2854e-07 1.9372e-05
2.2096e-06 0.00059093 1.9521e-07 1.9971e-05
1.7608e-06 0.00059038 1.6523e-07 2.0674e-05
1.3902e-06 0.00061646 1.3769e-07 2.1479e-05
9.324e-07 0.00061866 1.4408e-07 2.1907e-05
8.6876e-07 0.0005888 1.4672e-07 2.2265e-05
8.1811e-07 0.00057861 1.5017e-07 2.2709e-05
7.622e-07 0.00054921 1.4972e-07 2.3077e-05
5.8488e-07 0.00056867 1.5045e-07 2.3543e-05
4.4384e-07 0.00061339 1.5232e-07 2.4114e-05
3.3194e-07 0.00060563 1.5535e-07 2.4796e-05
2.8598e-07 0.00061867 1.4297e-07 2.4956e-05
2.483e-07 0.00065228 1.3165e-07 2.52e-05
2.0414e-07 0.00066572 1.1631e-07 2.537e-05
1.6836e-07 0.00070337 1.0227e-07 2.4328e-05
1.3937e-07 0.00077031 8.9266e-08 2.3423e-05
1.1594e-07 0.000788 7.7089e-08 2.2645e-05
9.6492e-08 0.00069044 6.5292e-08 2.1969e-05
1.0614e-07 0.00070177 4.9933e-08 2.1216e-05
9.5081e-08 0.00073753 3.5093e-08 2.0572e-05
8.1454e-08 0.0007533 4.5048e-08 1.9852e-05
7.0526e-08 0.00079533 5.5013e-08 1.9237e-05
5.6325e-08 0.00081533 6.1557e-08 2.0362e-05
4.5193e-08 0.00080844 6.8439e-08 2.034e-05
3.5882e-08 0.00082755 7.5522e-08 2.0398e-05
4.2573e-08 0.00080981 7.7315e-08 2.0301e-05
5.0659e-08 0.00081799 7.9289e-08 2.0284e-05
1.1842e-07 0.00087507 7.7815e-08 2.02e-05
2.0194e-07 0.00081981 7.6933e-08 2.0222e-05
3.0229e-07 0.00058119 7.6013e-08 2.0315e-05
4.2321e-07 0.00041512 7.5046e-08 2.048e-05
4.9079e-07 0.00034528 9.127e-08 2.0218e-05
5.7462e-07 0.00029881 1.0865e-07 2.004e-05
6.7855e-07 0.00021429 1.2797e-07 1.994e-05
7.0116e-07 0.00015523 1.4911e-07 1.9918e-05
7.1553e-07 0.00012834 1.6589e-07 1.983e-05
6.7772e-07 0.00011325 1.8465e-07 1.9821e-05
6.4993e-07 0.00010541 1.6754e-07 1.9891e-05
6.3084e-07 0.00010363 1.5229e-07 2.004e-05
6.1885e-07 0.00010696 1.3834e-07 2.0262e-05
6.1453e-07 0.00012883 1.2651e-07 2.0582e-05
6.0488e-07 0.00024257 1.1083e-07 2.0857e-05
6.0172e-07 0.00040343 9.6099e-08 2.1209e-05
6.0491e-07 0.00061939 8.2111e-08 2.1644e-05
6.0249e-07 0.0007939 1.0796e-07 2.2004e-05
3.9291e-07 0.00015522 2.143e-07 2.7947e-05
3.7584e-07 9.0997e-05 1.3068e-07 2.8131e-05
3.5138e-07 8.2217e-05 1.1328e-07 2.7992e-05
3.3342e-07 7.8291e-05 9.7262e-08 2.795e-05
3.2116e-07 7.9421e-05 8.2397e-08 2.6504e-05
3.1406e-07 8.5075e-05 6.8399e-08 2.5231e-05
3.0229e-07 7.9169e-05 8.9965e-08 2.3842e-05
2.9551e-07 7.8706e-05 1.1319e-07 2.2621e-05
2.9323e-07 6.2111e-05 1.3814e-07 2.1538e-05
3.2846e-07 7.2799e-05 1.5854e-07 2.0353e-05
3.5673e-07 0.00010562 1.7479e-07 1.9071e-05
3.6116e-07 0.00012092 1.9368e-07 1.795e-05
3.7036e-07 0.00014408 2.1452e-07 1.6951e-05
3.7478e-07 0.00014236 2.3079e-07 1.5857e-05
4.1701e-07 0.00015068 2.4203e-07 1.4659e-05
4.701e-07 0.00016779 2.5556e-07 1.3597e-05
5.1369e-07 0.00017209 3.4906e-07 1.211e-05
5.4901e-07 0.00024803 4.2955e-07 1.039e-05
5.9361e-07 0.00034984 5.1907e-07 8.8365e-06
6.1772e-07 0.00040911 6.0029e-07 7.1739e-06
6.5285e-07 0.00044414 6.9239e-07 5.6845e-06
6.9886e-07 0.00050189 7.9679e-07 4.3475e-06
7.6026e-07 0.00055418 8.1711e-07 3.3745e-06
1.1615e-06 0.00060101 8.2936e-07 2.2839e-06
1.2886e-06 0.0006424 8.4676e-07 1.2891e-06
1.4001e-06 0.00067832 8.5772e-07 1.1899e-06
1.4152e-06 0.00070879 8.7391e-07 1.0969e-06
1.4425e-06 0.00073381 8.9624e-07 1.011e-06
1.4834e-06 0.00075338 9.251e-07 9.3117e-07
1.5395e-06 0.00076749 9.6094e-07 8.5627e-07
1.5863e-06 0.00077614 9.9024e-07 7.5352e-07
1.6511e-06 0.00077935 1.0269e-06 6.5521e-07
1.7335e-06 0.0007771 1.0705e-06 5.5828e-07
1.8046e-06 0.0007694 1.1073e-06 4.3437e-07
1.8969e-06 0.00075625 1.1522e-06 3.1292e-07
1.9771e-06 0.00073764 1.19e-06 1.6489e-07
2.0457e-06 0.00071358 1.2207e-06 1.853e-07
2.1393e-06 0.00068406 1.2658e-06 1.6423e-07
2.2192e-06 0.00064909 1.3029e-06 3.0981e-07
2.2028e-06 0.00060867 1.348e-06 4.5671e-07
2.1766e-06 0.00056279 1.3852e-06 5.7537e-07
2.1655e-06 0.00051145 1.4315e-06 6.9786e-07
2.1678e-06 0.00045466 1.3818e-06 8.24e-07
2.0997e-06 0.00042831 1.3654e-06 1.0286e-06
2.0187e-06 0.00042313 1.3416e-06 1.2001e-06
1.9254e-06 0.0004016 1.3107e-06 2.5596e-06
1.8187e-06 0.00035782 1.2726e-06 3.8301e-06
1.7334e-06 0.00033058 1.242e-06 5.2275e-06
1.6358e-06 0.00028734 1.3931e-06 6.5324e-06
1.5594e-06 0.00026037 1.5644e-06 7.9835e-06
1.4994e-06 0.00024507 1.7564e-06 9.5825e-06
1.4549e-06 0.00024168 1.789e-06 1.1364e-05
1.401e-06 0.00022403 1.8135e-06 1.3027e-05
1.3614e-06 0.00021734 1.8475e-06 1.4879e-05
1.3332e-06 0.00021944 1.8905e-06 1.6922e-05
1.2969e-06 0.00020842 1.9251e-06 1.882e-05
1.2726e-06 0.00020734 1.9699e-06 2.0937e-05
1.2583e-06 0.00021475 2.0245e-06 2.3278e-05
1.2366e-06 0.00020917 2.0703e-06 2.5469e-05
1.2245e-06 0.00021199 2.1262e-06 2.7891e-05
1.2216e-06 0.0002234 2.193e-06 2.8349e-05
1.2287e-06 0.00024697 2.2727e-06 2.8914e-05
1.2449e-06 0.00028231 2.3652e-06 2.9579e-05
1.1858e-06 0.00033253 2.4716e-06 3.0353e-05
1.1419e-06 0.00040204 2.5934e-06 3.1243e-05
1.0903e-06 0.00045339 2.7043e-06 3.205e-05
1.03e-06 0.00052941 2.8048e-06 3.2776e-05
9.6216e-07 0.0005873 2.8964e-06 3.3433e-05
9.0483e-07 0.00066404 2.9991e-06 3.4177e-05
8.4198e-07 0.00072557 3.0947e-06 3.4864e-05
7.8836e-07 0.00080662 3.2013e-06 3.5637e-05
7.4179e-07 0.00090745 3.318e-06 3.6487e-05
7.0209e-07 0.0010344 3.2258e-06 3.7426e-05
6.6838e-07 0.0011921 3.1431e-06 3.8455e-05
6.3118e-07 0.0013322 3.0548e-06 3.9433e-05
5.9947e-07 0.0015066 2.9754e-06 4.0504e-05
5.644e-07 0.001662 2.8905e-06 4.1524e-05
5.2589e-07 0.0017992 2.8001e-06 4.2492e-05
4.928e-07 0.0017521 2.7186e-06 4.3557e-05
4.563e-07 0.0016896 2.6315e-06 4.4568e-05
4.1629e-07 0.0016114 2.5387e-06 4.5526e-05
3.8164e-07 0.0015586 2.455e-06 4.6584e-05
3.5193e-07 0.00153 2.3801e-06 4.7755e-05
3.1857e-07 0.0014845 2.2989e-06 4.8859e-05
2.8039e-07 0.0014152 2.2095e-06 4.9875e-05
2.8535e-07 0.0013844 2.1098e-06 5.0793e-05
2.9493e-07 0.0013201 2.0248e-06 5.1881e-05
2.9998e-07 0.0012257 1.9265e-06 5.2651e-05
2.6826e-07 0.0011713 1.8426e-06 5.3587e-05
2.433e-07 0.0011507 1.7716e-06 5.47e-05
2.2399e-07 0.00096336 1.7124e-06 5.6003e-05
2.0902e-07 0.00082767 1.663e-06 5.7494e-05
1.9829e-07 0.00073511 1.6236e-06 5.9209e-05
1.9094e-07 0.00067455 1.5929e-06 5.9023e-05
1.7969e-07 0.00058617 1.5541e-06 5.8736e-05
1.6467e-07 0.00047267 1.5076e-06 5.8354e-05
1.5348e-07 0.00039343 1.4706e-06 5.8122e-05
1.4629e-07 0.00034 1.4429e-06 5.5749e-05
1.4234e-07 0.00030489 1.4228e-06 5.3634e-05
1.4078e-07 0.00028359 1.4099e-06 5.1754e-05
1.3587e-07 0.00024665 1.3897e-06 4.9721e-05
1.3359e-07 0.0002237 1.3773e-06 4.793e-05
1.3385e-07 0.00021224 1.3725e-06 4.6359e-05
1.3104e-07 0.00018795 1.3611e-06 4.4665e-05
1.3039e-07 0.00017273 1.3564e-06 4.3161e-05
1.2649e-07 0.00014371 1.3446e-06 4.1528e-05
1.2505e-07 0.00012421 1.3403e-06 4.0095e-05
1.2598e-07 0.00011209 1.3433e-06 3.8841e-05
1.2931e-07 0.000106 1.3536e-06 3.7752e-05
2.0044e-07 8.9017e-05 1.357e-06 3.6557e-05
2.8817e-07 7.7425e-05 1.3677e-06 3.5519e-05
3.6607e-07 0.00013094 1.3715e-06 3.438e-05
4.607e-07 0.00020098 1.3826e-06 3.3388e-05
5.7581e-07 0.00029418 1.4011e-06 3.2532e-05
6.7836e-07 0.00049224 1.4126e-06 3.1585e-05
7.7031e-07 0.0006575 1.4177e-06 3.0551e-05
8.8095e-07 0.00087711 1.4294e-06 2.964e-05
1.0142e-06 0.0011705 1.4479e-06 2.8845e-05
1.1335e-06 0.0014149 1.4596e-06 2.7958e-05
1.2786e-06 0.001748 1.4786e-06 2.7192e-05
1.4081e-06 0.0020441 1.4906e-06 2.6343e-05
1.569e-06 0.0024623 1.511e-06 2.5617e-05
1.9619e-06 0.0030671 1.4892e-06 2.4187e-05
2.4464e-06 0.0039145 1.4758e-06 2.2926e-05
2.8796e-06 0.0047552 1.4549e-06 2.1555e-05
3.2667e-06 0.0055891 1.4262e-06 2.0057e-05
3.759e-06 0.0064165 1.406e-06 1.873e-05
4.1991e-06 0.0070788 1.3781e-06 1.7282e-05
4.5957e-06 0.0076312 1.3429e-06 1.5722e-05
4.9529e-06 0.0081216 1.3004e-06 1.4049e-05
5.0474e-06 0.0088285 1.2666e-06 1.2558e-05
5.1742e-06 0.0098316 1.241e-06 1.1227e-05
5.3392e-06 0.01178 1.2231e-06 1.0041e-05
5.5496e-06 0.014507 1.086e-06 8.9835e-06
5.5804e-06 0.016022 9.7048e-07 8.0392e-06
5.6376e-06 0.018275 8.6903e-07 7.1966e-06
5.679e-06 0.02005 7.5728e-07 6.2772e-06
5.7449e-06 0.022469 6.5748e-07 5.4444e-06
5.7872e-06 0.024375 6.7145e-07 5.5395e-06
5.8155e-06 0.026004 6.7981e-07 5.5927e-06
5.8682e-06 0.02821 6.9272e-07 5.6769e-06
5.9449e-06 0.031118 7.0975e-07 5.7884e-06
6.0068e-06 0.033648 7.2123e-07 5.8588e-06
6.0933e-06 0.036944 7.3682e-07 5.9565e-06
6.1645e-06 0.039817 7.4842e-07 6.0128e-06
6.264e-06 0.04364 7.648e-07 6.1006e-06
6.3488e-06 0.044799 7.7589e-07 6.1495e-06
6.4603e-06 0.044921 7.9114e-07 6.2251e-06
6.5583e-06 0.04496 8.0145e-07 6.2643e-06
6.6828e-06 0.045169 8.156e-07 6.3278e-06
6.7954e-06 0.048675 8.2534e-07 6.3588e-06
6.9305e-06 0.052973 8.3782e-07 6.4063e-06
7.0889e-06 0.058192 8.5289e-07 6.4691e-06
7.2726e-06 0.064553 8.7054e-07 6.5467e-06
7.4461e-06 0.070505 8.844e-07 6.5963e-06
7.6452e-06 0.077641 9.0068e-07 6.6595e-06
7.8755e-06 0.079057 9.1987e-07 6.7391e-06
8.1401e-06 0.080826 9.4203e-07 6.8354e-06
8.4433e-06 0.083016 9.6729e-07 6.9487e-06
8.425e-06 0.085668 9.9534e-07 7.0765e-06
8.4224e-06 0.08886 1.0263e-06 7.219e-06
8.4132e-06 0.091855 1.0534e-06 7.334e-06
8.3973e-06 0.094662 1.0767e-06 7.4217e-06
8.3747e-06 0.097293 1.0963e-06 7.482e-06
8.3459e-06 0.099772 1.1122e-06 7.5158e-06
8.3108e-06 0.1021 1.1246e-06 7.5223e-06
8.2932e-06 0.10497 1.1402e-06 7.5466e-06
8.2691e-06 0.10767 1.1521e-06 7.5439e-06
8.261e-06 0.10783 1.167e-06 7.5566e-06
8.2688e-06 0.10818 1.185e-06 7.5848e-06
8.27e-06 0.10846 1.1991e-06 7.5854e-06
8.2642e-06 0.10867 1.2094e-06 7.5578e-06
8.2758e-06 0.10908 1.2232e-06 7.5488e-06
8.3054e-06 0.10972 1.2409e-06 7.5596e-06
8.357e-06 0.11066 1.2636e-06 7.5968e-06
8.4355e-06 0.11203 1.2929e-06 7.6678e-06
8.3307e-06 0.11406 1.33e-06 7.7785e-06
8.0125e-06 0.11445 1.3005e-06 7.4234e-06
7.677e-06 0.11467 1.2642e-06 7.0193e-06
7.3988e-06 0.1152 1.2347e-06 6.6595e-06
7.1641e-06 0.11603 1.2106e-06 6.3343e-06
6.9081e-06 0.1167 1.1807e-06 5.967e-06
6.6312e-06 0.11724 1.1452e-06 5.5593e-06
6.3973e-06 0.11813 1.1152e-06 5.1858e-06
6.1436e-06 0.11888 1.0796e-06 4.7722e-06
5.8683e-06 0.11948 1.0384e-06 4.3174e-06
5.6961e-06 0.12046 1.0318e-06 3.6887e-06
5.5058e-06 0.12127 1.0197e-06 3.0085e-06
5.3475e-06 0.12243 1.0121e-06 2.3771e-06
5.2197e-06 0.12335 1.0093e-06 1.7948e-06
5.0784e-06 0.12413 1.0015e-06 1.8895e-06
4.9626e-06 0.12525 9.9794e-07 1.9915e-06
4.834e-06 0.12626 9.8929e-07 2.0647e-06
4.7315e-06 0.1277 9.855e-07 2.148e-06
4.6499e-06 0.12963 9.8598e-07 2.2399e-06
4.5893e-06 0.13225 9.9145e-07 2.344e-06
4.5594e-06 0.134 1.0078e-06 2.4906e-06
4.5465e-06 0.13639 1.0296e-06 2.6529e-06
4.5514e-06 0.13952 1.0563e-06 2.8295e-06
4.548e-06 0.16522 1.0775e-06 2.9741e-06
4.5607e-06 0.19843 1.1043e-06 3.1358e-06
4.5896e-06 0.20737 1.137e-06 3.3159e-06
4.6354e-06 0.21352 1.1757e-06 3.5159e-06
4.5139e-06 0.22152 1.221e-06 3.7368e-06
4.3814e-06 0.2321 1.2604e-06 3.924e-06
4.239e-06 0.24169 1.2947e-06 4.0806e-06
4.1166e-06 0.25341 1.3336e-06 4.2502e-06
4.0134e-06 0.26791 1.3777e-06 4.4354e-06
3.9259e-06 0.28546 1.4267e-06 4.634e-06
3.8317e-06 0.30192 1.4711e-06 4.8044e-06
3.7521e-06 0.32181 1.3759e-06 4.9887e-06
3.6662e-06 0.34048 1.2753e-06 5.1446e-06
3.5735e-06 0.358 1.1693e-06 5.2722e-06
3.4956e-06 0.37096 1.0708e-06 5.4144e-06
3.4324e-06 0.38688 9.8018e-07 5.575e-06
3.3815e-06 0.40611 8.9591e-07 5.7519e-06
3.3434e-06 0.42979 8.1836e-07 5.9506e-06
3.3161e-06 0.45846 7.4619e-07 6.168e-06
3.0474e-06 0.49383 6.7961e-07 6.409e-06
2.8101e-06 0.53675 6.1752e-07 6.6714e-06
2.6034e-06 0.58992 5.6011e-07 6.9609e-06
2.4242e-06 0.65611 5.0708e-07 7.2803e-06
2.2682e-06 0.67202 4.5775e-07 7.6294e-06
2.1015e-06 0.68626 4.0385e-07 7.9412e-06
1.9576e-06 0.70412 3.5372e-07 8.286e-06
1.8011e-06 0.72014 3.9759e-07 8.5878e-06
1.7006e-06 0.72974 3.9169e-07 9.2323e-06
1.616e-06 0.74189 3.8755e-07 9.9363e-06
1.5452e-06 0.7578 3.8514e-07 1.0705e-05
1.4673e-06 0.77225 3.7889e-07 1.1422e-05
1.3818e-06 0.78542 3.6883e-07 1.2087e-05
1.3108e-06 0.80227 2.6615e-07 1.2822e-05
1.2322e-06 0.81748 2.7389e-07 1.3502e-05
1.1655e-06 0.83631 2.8264e-07 1.4244e-05
1.0919e-06 0.85357 2.8775e-07 1.4933e-05
1.0302e-06 0.87512 2.9412e-07 1.5692e-05
9.7872e-07 0.8802 3.018e-07 1.6529e-05
9.3627e-07 0.88126 3.1085e-07 1.7448e-05
9.0143e-07 0.88268 3.2116e-07 1.845e-05
8.7267e-07 0.88451 3.3242e-07 1.953e-05
8.3988e-07 0.89277 3.4024e-07 2.0555e-05
8.1308e-07 0.90298 3.4912e-07 2.1663e-05
7.9167e-07 0.91549 3.5902e-07 2.2857e-05
7.7525e-07 0.93083 3.6998e-07 2.4142e-05
7.5568e-07 0.94525 3.7777e-07 2.5377e-05
7.4077e-07 0.96279 3.8657e-07 2.6705e-05
7.2981e-07 0.96649 3.9615e-07 2.8121e-05
7.1586e-07 0.96998 4.0257e-07 2.9486e-05
6.9906e-07 0.97328 4.0593e-07 3.0803e-05
6.8659e-07 0.97576 4.1035e-07 3.2221e-05
6.7132e-07 0.97811 4.1169e-07 3.359e-05
6.6021e-07 0.98098 4.141e-07 3.5064e-05
6.4632e-07 0.98369 4.1342e-07 3.6487e-05
6.2955e-07 0.98627 4.0962e-07 3.786e-05
6.1667e-07 0.98938 4.0678e-07 3.9335e-05
6.0795e-07 0.99025 4.0517e-07 4.0931e-05
6.0317e-07 0.99133 4.0476e-07 4.2655e-05
6.0222e-07 0.99265 4.0555e-07 4.4516e-05
5.9832e-07 0.9939 4.0304e-07 4.6311e-05
5.983e-07 0.99543 4.0177e-07 4.8251e-05
6.0226e-07 0.9973 4.0184e-07 5.0352e-05
6.1057e-07 0.99784 4.0348e-07 5.2637e-05
6.1565e-07 0.99836 4.016e-07 5.4835e-05
6.2516e-07 0.99901 4.0132e-07 5.7228e-05
6.3924e-07 0.99914 4.0262e-07 5.9832e-05
6.5812e-07 0.99931 4.0552e-07 6.2663e-05
6.8218e-07 0.99954 4.1006e-07 6.5743e-05
6.3881e-07 0.99967 4.1602e-07 6.9072e-05
6.0151e-07 0.99968 4.2343e-07 7.2669e-05
5.6961e-07 0.9997 4.3231e-07 7.6553e-05
5.4697e-07 0.99973 4.4647e-07 8.114e-05
5.2084e-07 0.99976 4.5687e-07 8.5563e-05
4.9943e-07 0.9998 4.6921e-07 9.0365e-05
4.824e-07 0.99978 4.8362e-07 9.558e-05
4.6944e-07 0.99963 5.0023e-07 0.00010124
4.5331e-07 0.99954 5.1299e-07 0.00010679
4.408e-07 0.99947 5.2768e-07 0.00011277
4.2547e-07 0.99941 5.3888e-07 0.0001186
4.0747e-07 0.99934 5.4673e-07 0.00012429
3.8679e-07 0.99928 5.5127e-07 0.00012984
3.6953e-07 0.99924 5.5756e-07 0.00013581
3.5508e-07 0.99922 5.6532e-07 0.00014218
3.4329e-07 0.99923 5.7464e-07 0.00014901
3.2867e-07 0.99923 5.8031e-07 0.00015564
3.1721e-07 0.99925 5.8818e-07 0.00016282
3.0874e-07 0.99913 5.9838e-07 0.0001706
2.9738e-07 0.99899 6.0469e-07 0.00017813
2.8906e-07 0.9989 6.1355e-07 0.00018631
2.7774e-07 0.99874 6.1834e-07 0.00019421
2.6926e-07 0.99863 6.2563e-07 0.00020278
2.639e-07 0.99856 6.3604e-07 0.00021216
2.6141e-07 0.99827 6.4951e-07 0.00022239
2.5417e-07 0.99805 6.5811e-07 0.00023217
2.4984e-07 0.99789 6.6991e-07 0.00024287
2.4227e-07 0.99771 6.7701e-07 0.00025311
2.3816e-07 0.9976 6.882e-07 0.00026447
2.3753e-07 0.99741 7.0379e-07 0.00027707
2.3991e-07 0.99728 7.2341e-07 0.00029095
2.3868e-07 0.99713 7.375e-07 0.00030412
2.4103e-07 0.99705 7.5652e-07 0.00031879
2.4753e-07 0.99674 7.816e-07 0.00032294
2.5778e-07 0.99654 8.1199e-07 0.00032765
2.722e-07 0.99641 8.4984e-07 0.00033296
2.8245e-07 0.99624 8.8133e-07 0.00033794
2.977e-07 0.99616 9.1979e-07 0.00034362
3.0831e-07 0.99598 9.5127e-07 0.00034891
3.2364e-07 0.99587 9.8921e-07 0.00035488
3.3412e-07 0.99626 1.0198e-06 0.00036037
3.4954e-07 0.99645 1.0571e-06 0.00036657
3.7112e-07 0.99642 1.1025e-06 0.00037362
3.9982e-07 0.99645 1.1567e-06 0.00037471
4.2255e-07 0.99645 1.2029e-06 0.00037557
4.5299e-07 0.99653 1.2584e-06 0.00037684
4.9229e-07 0.99668 1.3239e-06 0.00037854
5.4208e-07 0.99693 1.4004e-06 0.00038069
6.045e-07 0.99694 1.4891e-06 0.00038332
6.8065e-07 0.99701 1.5901e-06 0.00038641
7.4689e-07 0.99705 1.6808e-06 0.00038921
8.0458e-07 0.99707 1.762e-06 0.00041285
8.5421e-07 0.99701 1.8341e-06 0.00043525
9.1766e-07 0.99701 1.9192e-06 0.00046035
9.7141e-07 0.99699 1.9943e-06 0.00048404
1.0178e-06 0.99694 2.0608e-06 0.00050658
1.0573e-06 0.99688 2.1191e-06 0.00052805
1.1087e-06 0.99658 2.189e-06 0.00055195
1.1717e-06 0.99637 2.2698e-06 0.00057823
1.2269e-06 0.99613 2.3417e-06 0.00060326
1.2754e-06 0.99636 2.4055e-06 0.00062721
1.3174e-06 0.99656 2.4614e-06 0.00065015
1.2775e-06 0.99686 2.5288e-06 0.00067553
1.2481e-06 0.99699 2.6086e-06 0.00070363
1.2282e-06 0.99719 2.7016e-06 0.00073471
1.2173e-06 0.99749 2.809e-06 0.00076911
1.2141e-06 0.99752 2.9309e-06 0.00080687
1.2052e-06 0.99752 3.0419e-06 0.00084285
1.1902e-06 0.99751 3.1423e-06 0.00087711
1.0631e-06 0.99756 3.259e-06 0.00091511
9.2355e-07 0.99758 3.3645e-06 0.00095127
7.7015e-07 0.99759 3.459e-06 0.00098563
6.0159e-07 0.99758 3.5431e-06 0.0010183
4.6226e-07 0.99763 3.6439e-06 0.0010549
3.084e-07 0.99766 3.7337e-06 0.0010895
2.6248e-07 0.99765 3.7746e-06 0.0011145
2.7679e-07 0.99763 3.8037e-06 0.0011378
2.9585e-07 0.99766 3.8464e-06 0.0011637
3.1017e-07 0.99768 3.8781e-06 0.0011881
3.3003e-07 0.99776 3.9249e-06 0.0012156
3.5547e-07 0.99791 3.9857e-06 0.001246
3.8732e-07 0.99787 4.0611e-06 0.0012797
4.1395e-07 0.99782 4.126e-06 0.0013117
4.4743e-07 0.99782 4.2058e-06 0.0013472
4.7504e-07 0.9978 4.2741e-06 0.0013807
5.1131e-07 0.99783 4.3674e-06 0.0014055
5.5639e-07 0.99792 4.478e-06 0.001433
5.9445e-07 0.99798 4.5756e-06 0.0014589
6.259e-07 0.99803 4.6606e-06 0.0014834
6.6713e-07 0.99813 4.7648e-06 0.0015108
7.2748e-07 0.99815 4.9268e-06 0.0015281
7.7909e-07 0.99816 5.0729e-06 0.0015443
8.225e-07 0.99814 5.2037e-06 0.0015595
8.7908e-07 0.99795 5.3591e-06 0.0015767
9.22e-07 0.99772 5.4789e-06 0.0016492
9.0526e-07 0.99701 5.6237e-06 0.0016725
8.6869e-07 0.99613 5.6984e-06 0.0017026
8.4184e-07 0.99549 5.792e-06 0.0017361
8.0767e-07 0.99473 5.8714e-06 0.0017676
7.8274e-07 0.99333 5.9704e-06 0.0018027
6.9095e-07 0.99253 5.9047e-06 0.0018435
6.1582e-07 0.99015 5.8569e-06 0.001889
5.2956e-07 0.98714 5.7957e-06 0.0019318
4.5865e-07 0.98494 5.7522e-06 0.0019793
3.7751e-07 0.98233 5.6956e-06 0.0020242
3.3069e-07 0.97712 5.7174e-06 0.0020549
2.9336e-07 0.97351 5.7582e-06 0.0020634
2.4985e-07 0.96873 5.787e-06 0.0020712
1.9984e-07 0.96311 5.804e-06 0.0020784
1.583e-07 0.95899 5.8378e-06 0.0020869
1.102e-07 0.95408 5.8588e-06 0.0020946
5.5516e-08 0.94831 5.868e-06 0.0021017
4.7438e-08 0.94154 5.8627e-06 0.002108
3.6604e-08 0.93361 5.8456e-06 0.0021137
3.1114e-08 0.91354 5.7033e-06 0.0021133
2.6484e-08 0.89951 5.5853e-06 0.0021139
2.2347e-08 0.89086 5.4875e-06 0.0021154
2.1964e-08 0.88952 5.4881e-06 0.0021137
2.1725e-08 0.88552 5.5048e-06 0.0021129
2.1626e-08 0.8829 5.5379e-06 0.0021132
2.1833e-08 0.87683 5.377e-06 0.0021146
2.217e-08 0.87237 5.2391e-06 0.0021169
2.2647e-08 0.86913 5.1221e-06 0.0021202
2.3281e-08 0.85929 5.0246e-06 0.0021244
2.1756e-08 0.85795 4.913e-06 0.002128
2.0515e-08 0.85713 4.8221e-06 0.0021328
3.7919e-08 0.85881 4.7173e-06 0.0021369
5.2071e-08 0.86019 4.5987e-06 0.0021405
6.3135e-08 0.86129 4.4658e-06 0.0021435
5.7284e-08 0.86298 4.3542e-06 0.0021476
8.0027e-08 0.86438 4.2299e-06 0.0021511
1.0675e-07 0.86638 4.1239e-06 0.0021557
1.397e-07 0.86677 4.0346e-06 0.0021612
1.6812e-07 0.86699 3.934e-06 0.0021662
1.9265e-07 0.86709 3.8231e-06 0.0021708
2.1351e-07 0.86705 4.0186e-06 0.0021749
2.3832e-07 0.86731 4.2367e-06 0.00218
2.5919e-07 0.86742 4.4401e-06 0.0021845
2.8428e-07 0.86783 4.667e-06 0.00219
3.0524e-07 0.8681 4.8786e-06 0.0021949
3.315e-07 0.86871 5.1184e-06 0.0022009
3.1808e-07 0.86973 5.3915e-06 0.0022081
3.0954e-07 0.86942 5.7034e-06 0.0022165
3.0523e-07 0.86762 6.0559e-06 0.0022262
2.968e-07 0.86546 6.3839e-06 0.0022352
2.9306e-07 0.864 6.7602e-06 0.0022332
2.8496e-07 0.86494 7.1081e-06 0.0022306
2.8095e-07 0.86488 7.5021e-06 0.0022289
2.8136e-07 0.8652 7.9528e-06 0.0022282
2.8619e-07 0.86594 8.4677e-06 0.0022286
2.9568e-07 0.86543 9.0552e-06 0.0022299
4.0021e-07 0.86492 9.6044e-06 0.0022307
5.2867e-07 0.86441 1.0231e-05 0.0022325
6.8672e-07 0.8639 1.0946e-05 0.0022354
8.8138e-07 0.8634 1.1761e-05 0.0022393
1.1778e-06 0.8629 1.2429e-05 0.0022416
1.5435e-06 0.8624 1.3193e-05 0.0022449
1.9953e-06 0.8619 1.4064e-05 0.0022493
2.5419e-06 0.8614 1.5045e-05 0.0022547
