Solenodon_paradoxus Sorex_araneus Talpa_occidentalis Uropsilus_gracilis
0.00010557 1.1856e-05 4.1553e-06 1.079e-05
0.00010386 1.1297e-05 3.6815e-06 1.0362e-05
0.00010215 1.0738e-05 3.2072e-06 9.9335e-06
0.00010043 1.0178e-05 2.7324e-06 9.5045e-06
9.8718e-05 9.6169e-06 2.2572e-06 9.0751e-06
9.7e-05 9.0556e-06 1.7815e-06 8.6453e-06
9.5281e-05 8.4937e-06 1.3053e-06 8.215e-06
9.4005e-05 8.0981e-06 9.1205e-07 7.8742e-06
9.3058e-05 7.8137e-06 5.8064e-07 7.5994e-06
9.1931e-05 7.4705e-06 2.1486e-07 7.2885e-06
9.1186e-05 7.2337e-06 1.5924e-07 6.9183e-06
9.0297e-05 6.9508e-06 1.4695e-07 6.4966e-06
8.9673e-05 6.7508e-06 1.4884e-07 6.1674e-06
8.8905e-05 6.5067e-06 1.4833e-07 5.7976e-06
8.7993e-05 6.216e-06 1.4556e-07 5.3868e-06
8.6924e-05 5.8717e-06 1.8701e-07 4.9303e-06
8.4312e-05 5.6688e-06 2.2407e-07 4.4143e-06
7.7305e-05 5.1046e-06 2.3316e-07 4.0442e-06
6.9391e-05 4.4431e-06 2.3954e-07 3.6335e-06
6.8176e-05 3.6563e-06 2.4298e-07 3.1658e-06
6.5787e-05 3.2357e-06 2.4362e-07 2.9967e-06
6.3045e-05 2.7348e-06 2.4145e-07 2.8055e-06
5.6451e-05 2.4776e-06 2.4194e-07 2.6559e-06
4.8913e-05 2.1683e-06 2.3964e-07 2.4866e-06
4.3387e-05 1.9498e-06 2.3471e-07 2.2853e-06
3.9035e-05 1.7913e-06 2.3211e-07 2.1209e-06
3.5608e-05 1.6776e-06 2.3178e-07 1.9871e-06
3.3104e-05 1.6021e-06 2.3373e-07 1.879e-06
3.024e-05 1.508e-06 2.3294e-07 1.756e-06
2.7004e-05 1.3944e-06 2.2955e-07 1.6181e-06
2.335e-05 1.2587e-06 2.2356e-07 1.464e-06
2.0471e-05 1.1611e-06 2.1985e-07 1.338e-06
1.8208e-05 1.093e-06 2.1835e-07 1.2355e-06
1.6508e-05 1.0484e-06 2.143e-07 1.049e-06
1.4438e-05 9.8871e-07 2.1276e-07 6.6593e-07
1.2093e-05 9.1523e-07 2.698e-07 6.1025e-07
1.0291e-05 6.8447e-07 2.8207e-07 5.6649e-07
8.9345e-06 5.2628e-07 2.9944e-07 5.3356e-07
7.8682e-06 4.1021e-07 3.2056e-07 5.0805e-07
7.0555e-06 3.2739e-07 3.4643e-07 4.8964e-07
6.4192e-06 2.6686e-07 3.772e-07 4.7687e-07
5.9229e-06 2.2286e-07 4.1357e-07 4.6924e-07
5.3543e-06 1.6943e-07 4.4557e-07 4.5771e-07
4.9562e-06 1.3306e-07 4.6885e-07 4.3034e-07
4.6495e-06 1.0656e-07 4.557e-07 4.0929e-07
4.4177e-06 8.7831e-08 4.4643e-07 3.9373e-07
4.2471e-06 7.4848e-08 4.4082e-07 3.8306e-07
4.1269e-06 6.5947e-08 4.3871e-07 3.7685e-07
4.0545e-06 6.0667e-08 4.4048e-07 3.7532e-07
3.929e-06 5.1205e-08 4.4618e-07 3.7962e-07
3.8513e-06 4.5085e-08 4.5597e-07 3.8876e-07
3.4753e-06 4.1686e-08 4.7012e-07 4.0319e-07
3.1912e-06 4.0538e-08 4.4805e-07 3.8611e-07
2.9728e-06 4.121e-08 4.3041e-07 3.7397e-07
2.8128e-06 4.4065e-08 4.1724e-07 3.6682e-07
2.7003e-06 4.9427e-08 4.0818e-07 3.6431e-07
2.5595e-06 5.1748e-08 3.9563e-07 3.5816e-07
2.4997e-06 4.2518e-08 3.7971e-07 3.6508e-07
2.4112e-06 5.2281e-08 3.675e-07 3.6555e-07
2.3549e-06 6.5803e-08 3.5869e-07 3.7015e-07
2.1303e-06 9.2547e-08 3.5309e-07 3.794e-07
1.8695e-06 1.1384e-07 3.4445e-07 3.8513e-07
1.6665e-06 1.4316e-07 3.3893e-07 3.9531e-07
1.4275e-06 1.66e-07 3.302e-07 4.0161e-07
1.305e-06 1.7453e-07 3.2453e-07 4.1758e-07
1.1588e-06 1.7868e-07 3.8512e-07 4.2963e-07
1.0501e-06 1.8903e-07 3.9805e-07 4.4756e-07
9.173e-07 1.938e-07 4.0748e-07 4.6109e-07
7.6085e-07 1.9415e-07 4.1371e-07 4.7069e-07
6.4051e-07 2.0143e-07 4.1647e-07 4.8722e-07
4.9694e-07 2.0384e-07 4.1586e-07 4.9932e-07
3.9389e-07 1.8006e-07 4.1946e-07 4.7793e-07
2.1173e-07 1.8419e-07 4.2696e-07 4.6479e-07
1.9013e-07 1.8245e-07 4.3123e-07 4.4747e-07
2.4935e-07 1.7623e-07 4.3231e-07 4.2587e-07
2.8933e-07 1.836e-07 4.3022e-07 3.9961e-07
3.4259e-07 1.9758e-07 4.3195e-07 3.7995e-07
3.8407e-07 2.0673e-07 4.3146e-07 3.5611e-07
7.5628e-07 2.8169e-07 4.3239e-07 2.0974e-07
8.185e-07 2.7748e-07 4.332e-07 1.9102e-07
8.7718e-07 2.8148e-07 4.379e-07 1.7672e-07
9.3232e-07 2.5435e-07 4.049e-07 1.6584e-07
9.7122e-07 2.2252e-07 4.3135e-07 1.5178e-07
9.9556e-07 2.4023e-07 4.5388e-07 1.3458e-07
1.0058e-06 2.5249e-07 4.7266e-07 1.1409e-07
9.9903e-07 2.5937e-07 4.9669e-07 9.8552e-08
1.0091e-06 2.7332e-07 5.1644e-07 8.6194e-08
1.0443e-06 2.7447e-07 5.4172e-07 7.6537e-08
1.0455e-06 3.1454e-07 5.6266e-07 8.4251e-08
1.0662e-06 3.7221e-07 5.8945e-07 7.7131e-08
1.0769e-06 4.1857e-07 6.1174e-07 6.7567e-08
1.1879e-06 4.4787e-07 6.4021e-07 6.0285e-08
1.2788e-06 4.6968e-07 6.6433e-07 7.5282e-08
1.3464e-06 4.8422e-07 6.9503e-07 9.4236e-08
1.4577e-06 5.1282e-07 7.2267e-07 1.0857e-07
1.5429e-06 5.334e-07 7.5748e-07 1.2709e-07
3.6053e-06 3.4403e-07 1.4953e-06 4.4076e-07
3.637e-06 3.1646e-07 1.5135e-06 4.4218e-07
3.7226e-06 2.3484e-07 1.4691e-06 4.5017e-07
3.8565e-06 1.7738e-07 1.4348e-06 4.6378e-07
3.9567e-06 1.0701e-07 1.4096e-06 4.6784e-07
4.1084e-06 5.6428e-08 1.3929e-06 4.7738e-07
4.2263e-06 5.157e-08 1.3704e-06 4.8276e-07
4.3408e-06 4.5582e-08 1.3562e-06 4.9398e-07
4.4519e-06 3.8465e-08 1.3154e-06 4.8935e-07
4.5595e-06 3.0217e-08 1.2833e-06 4.8963e-07
4.6355e-06 1.8202e-08 1.245e-06 4.8582e-07
5.0782e-06 1.6572e-08 1.2002e-06 4.7731e-07
5.4196e-06 1.2576e-08 1.2035e-06 5.0305e-07
5.8742e-06 9.6067e-09 1.2139e-06 4.931e-07
6.2666e-06 1.5713e-08 1.2196e-06 4.7911e-07
6.7823e-06 1.4415e-08 1.2319e-06 4.7039e-07
7.2079e-06 2.0845e-08 1.2394e-06 4.5776e-07
7.9365e-06 1.9474e-08 1.2421e-06 4.6033e-07
1.0411e-05 7.1698e-08 1.307e-06 4.4618e-07
1.1217e-05 9.1633e-08 1.3291e-06 4.4605e-07
1.1418e-05 1.1903e-07 1.3588e-06 4.5055e-07
1.1571e-05 3.1005e-07 1.3827e-06 4.5113e-07
1.1685e-05 4.7434e-07 1.4015e-06 4.4814e-07
1.176e-05 6.1591e-07 1.4154e-06 4.416e-07
1.1799e-05 7.3779e-07 1.4244e-06 4.3143e-07
1.191e-05 7.6674e-07 1.4412e-06 4.2635e-07
1.1666e-05 8.161e-07 1.4653e-06 4.2569e-07
1.1508e-05 8.0891e-07 1.4982e-06 4.2981e-07
1.1306e-05 7.9395e-07 1.5254e-06 4.3031e-07
1.118e-05 7.9129e-07 1.5613e-06 4.3547e-07
6.1133e-06 2.2495e-07 2.0595e-06 2.2651e-07
5.9327e-06 2.0038e-07 2.0768e-06 2.1179e-07
5.7156e-06 1.6961e-07 2.0884e-06 1.9377e-07
5.4621e-06 1.3241e-07 2.0947e-06 1.7252e-07
5.2771e-06 1.0546e-07 2.1101e-06 1.5559e-07
5.0532e-06 7.2004e-08 2.1194e-06 1.7377e-07
4.7835e-06 7.3436e-08 2.1224e-06 1.8847e-07
4.5881e-06 5.738e-08 2.1351e-06 2.0756e-07
4.4476e-06 4.5644e-08 2.1568e-06 2.3135e-07
4.2802e-06 3.0695e-08 2.172e-06 2.51e-07
4.168e-06 2.0132e-08 2.1975e-06 2.7637e-07
4.0234e-06 2.3902e-08 2.2162e-06 2.9738e-07
3.8467e-06 2.5808e-08 2.2288e-06 3.1455e-07
3.9965e-06 2.5385e-08 2.2346e-06 3.28e-07
4.1165e-06 2.2615e-08 2.2343e-06 3.3793e-07
4.1104e-06 2.2701e-08 2.2216e-06 3.7678e-07
4.1426e-06 1.2066e-08 2.218e-06 4.2465e-07
4.1479e-06 1.3488e-08 2.2078e-06 4.6595e-07
4.1265e-06 1.3249e-08 2.191e-06 5.0116e-07
4.1468e-06 1.3733e-08 2.1843e-06 5.462e-07
4.1404e-06 1.2554e-08 2.1711e-06 5.8469e-07
4.1821e-06 1.2048e-08 2.1517e-06 6.0411e-07
4.1969e-06 9.4783e-09 2.1253e-06 6.2046e-07
4.2543e-06 7.5026e-09 2.1092e-06 6.4415e-07
4.359e-06 5.9864e-09 2.1029e-06 6.7626e-07
4.5118e-06 4.5406e-09 2.1051e-06 7.1722e-07
4.6314e-06 9.4049e-09 2.1012e-06 7.5179e-07
4.4099e-06 2.5246e-07 2.1585e-07 1.0897e-06
4.3548e-06 2.3545e-07 1.6516e-07 1.0813e-06
4.2739e-06 2.1275e-07 1.0932e-07 1.0676e-06
4.2421e-06 2.0225e-07 6.1494e-08 1.0626e-06
4.3087e-06 2.0406e-07 5.7292e-08 1.0495e-06
4.4236e-06 2.1223e-07 5.3998e-08 1.0449e-06
4.4847e-06 2.1427e-07 5.152e-08 1.0507e-06
4.5896e-06 2.2353e-07 4.9644e-08 1.0642e-06
4.6642e-06 2.2765e-07 4.5949e-08 1.0721e-06
4.578e-06 2.474e-07 4.2831e-08 1.0395e-06
4.5507e-06 2.8086e-07 3.381e-08 1.0208e-06
4.3285e-06 2.8608e-07 2.5797e-08 1.0116e-06
4.0666e-06 2.8618e-07 3.206e-08 9.9718e-07
3.7613e-06 2.8119e-07 3.6631e-08 9.7739e-07
3.4084e-06 2.7099e-07 3.954e-08 9.5205e-07
3.1351e-06 2.69e-07 4.2907e-08 9.3488e-07
2.926e-06 2.3161e-07 4.6813e-08 9.2521e-07
2.6773e-06 1.888e-07 4.8919e-08 9.1008e-07
2.6566e-06 1.8325e-07 4.9313e-08 8.8903e-07
2.6151e-06 2.3203e-07 4.7999e-08 8.6254e-07
2.6033e-06 3.0228e-07 4.7202e-08 8.4398e-07
2.5713e-06 3.6516e-07 4.4709e-08 8.2021e-07
2.3353e-06 3.7786e-07 4.2839e-08 8.0477e-07
2.1571e-06 4.0006e-07 4.1511e-08 7.9664e-07
2.025e-06 4.3368e-07 4.0678e-08 7.9538e-07
1.8683e-06 4.6045e-07 3.8237e-08 7.898e-07
1.7526e-06 4.473e-07 3.6264e-08 7.9098e-07
1.6704e-06 3.7426e-07 3.4698e-08 7.9886e-07
1.616e-06 3.2067e-07 3.3482e-08 8.1365e-07
1.5839e-06 1.2329e-07 3.2473e-08 8.3515e-07
1.5345e-06 9.8214e-08 2.9895e-08 8.5175e-07
1.5059e-06 7.9043e-08 2.749e-08 8.7518e-07
1.4967e-06 6.4396e-08 2.5206e-08 9.0618e-07
1.5067e-06 5.3287e-08 2.3e-08 8.8483e-07
1.5022e-06 3.9016e-08 1.9345e-08 8.5884e-07
1.4821e-06 2.108e-08 1.4168e-08 8.2755e-07
1.4464e-06 2.2086e-08 1.962e-08 7.9095e-07
1.4307e-06 2.4063e-08 2.5322e-08 7.6247e-07
1.3999e-06 2.3834e-08 2.9452e-08 7.2885e-07
1.3944e-06 2.4975e-08 6.4162e-08 6.8492e-07
1.4166e-06 2.1652e-08 1.042e-07 6.5098e-07
1.4226e-06 1.5841e-08 1.4005e-07 6.1105e-07
1.4117e-06 2.1908e-08 1.7197e-07 5.6469e-07
1.4228e-06 3.0082e-08 2.0919e-07 5.2821e-07
1.4174e-06 3.6153e-08 2.422e-07 4.857e-07
1.5476e-06 3.6092e-08 2.7154e-07 4.9486e-07
1.7171e-06 3.7687e-08 2.6714e-07 5.0936e-07
1.9259e-06 4.059e-08 2.6466e-07 5.2857e-07
2.1804e-06 4.5039e-08 2.6395e-07 5.5278e-07
2.4105e-06 4.7231e-08 2.6117e-07 5.7362e-07
2.6906e-06 5.0993e-08 2.6014e-07 5.9977e-07
2.9451e-06 5.2256e-08 2.5714e-07 6.226e-07
3.1771e-06 5.1346e-08 2.5218e-07 6.4229e-07
3.3887e-06 4.8337e-08 2.5135e-07 6.5524e-07
3.5831e-06 4.3285e-08 2.4875e-07 6.6562e-07
3.8148e-06 3.9403e-08 2.4745e-07 6.7988e-07
4.0888e-06 3.648e-08 2.474e-07 6.982e-07
4.0927e-06 3.7485e-08 2.4863e-07 7.2114e-07
4.0833e-06 3.662e-08 2.4807e-07 7.4126e-07
4.0606e-06 3.3882e-08 2.4574e-07 7.5862e-07
4.0658e-06 3.227e-08 2.4484e-07 7.1344e-07
4.0589e-06 2.8898e-08 2.4226e-07 6.6493e-07
4.0764e-06 2.6285e-08 2.4108e-07 6.233e-07
3.7454e-06 2.4307e-08 2.4129e-07 5.8777e-07
3.4626e-06 2.2708e-08 2.427e-07 5.5714e-07
3.2219e-06 2.1429e-08 2.4535e-07 5.3095e-07
3.0186e-06 2.0443e-08 2.493e-07 5.0887e-07
2.853e-06 1.9976e-08 2.5494e-07 4.9116e-07
2.721e-06 2.0065e-08 2.6244e-07 4.7758e-07
2.6163e-06 2.0615e-08 2.7173e-07 4.6755e-07
2.4959e-06 1.9355e-08 2.7885e-07 4.5483e-07
2.3588e-06 1.6267e-08 2.8382e-07 4.3932e-07
2.2034e-06 1.1282e-08 2.8659e-07 4.2088e-07
2.0283e-06 4.3226e-09 2.8717e-07 3.9935e-07
1.8235e-06 4.7584e-09 3.6805e-07 3.7368e-07
1.6669e-06 5.1319e-09 4.6214e-07 3.5395e-07
1.5497e-06 5.4666e-09 5.7206e-07 3.3946e-07
1.5667e-06 9.706e-09 6.7184e-07 3.1748e-07
1.5539e-06 1.1598e-08 7.8949e-07 3.0231e-07
1.5624e-06 1.4046e-08 9.2621e-07 2.9136e-07
1.5535e-06 1.4384e-08 1.0505e-06 2.7678e-07
1.6958e-06 2.2523e-08 1.1641e-06 2.5816e-07
1.6952e-06 2.1226e-08 1.2989e-06 2.4449e-07
1.5811e-06 2.3186e-08 1.4564e-06 2.3495e-07
1.538e-06 2.8945e-08 1.5993e-06 2.2072e-07
1.4755e-06 3.1995e-08 1.7288e-06 2.0415e-07
1.44e-06 3.7341e-08 1.8829e-06 1.9184e-07
1.279e-06 4.9379e-08 2.0634e-06 1.8309e-07
1.3194e-06 5.6588e-08 2.2272e-06 1.7114e-07
1.3439e-06 6.0687e-08 2.3751e-06 1.5613e-07
1.343e-06 6.1334e-08 2.5488e-06 1.4519e-07
1.3217e-06 5.7593e-08 2.7045e-06 1.3041e-07
1.3201e-06 5.6291e-08 2.8869e-06 1.1866e-07
1.3022e-06 5.193e-08 3.0528e-06 1.0396e-07
1.2679e-06 4.4398e-08 3.2035e-06 8.6156e-08
1.2165e-06 3.3482e-08 3.34e-06 6.5048e-08
1.1883e-06 2.5922e-08 3.3531e-06 4.7717e-08
1.1435e-06 1.5251e-08 3.3586e-06 2.7276e-08
1.1203e-06 7.1214e-09 3.3765e-06 1.0193e-08
1.0814e-06 7.9342e-09 3.3862e-06 8.7095e-09
1.063e-06 9.0785e-09 3.4087e-06 7.2439e-09
1.0291e-06 8.3139e-09 3.4232e-06 4.4504e-09
1.0237e-06 3.0484e-09 3.4508e-06 1.6511e-09
1.0033e-06 3.4077e-09 3.4709e-06 2.0357e-09
9.5114e-07 8.3946e-09 3.4827e-06 4.8985e-09
1.0817e-06 1.1197e-08 3.4866e-06 6.478e-09
1.1855e-06 1.1979e-08 3.5047e-06 8.0621e-09
1.3297e-06 1.3499e-08 3.4206e-06 5.0209e-09
1.4472e-06 3.3189e-08 3.3253e-06 7.4857e-09
1.6007e-06 5.908e-08 3.2468e-06 9.9164e-09
1.7282e-06 7.9611e-08 3.1579e-06 1.0996e-08
1.895e-06 1.0726e-07 2.9973e-06 1.2069e-08
2.034e-06 1.2905e-07 2.8208e-06 1.1787e-08
2.2161e-06 1.6088e-07 2.6699e-06 1.1663e-08
2.3686e-06 1.861e-07 2.5044e-06 1.0192e-08
2.4958e-06 2.0578e-07 2.3244e-06 1.8337e-08
2.5998e-06 2.2039e-07 2.1292e-06 2.4761e-08
2.6819e-06 2.3024e-07 1.9177e-06 2.9521e-08
2.8033e-06 2.4752e-07 1.7381e-06 3.5224e-08
2.9007e-06 2.5958e-07 1.5431e-06 3.9186e-08
3.0539e-06 2.8088e-07 1.3759e-06 4.4122e-08
3.1764e-06 2.9804e-07 1.1897e-06 4.7592e-08
3.3517e-06 2.8489e-07 1.0322e-06 5.234e-08
3.4941e-06 2.6551e-07 1.0035e-06 5.5084e-08
3.6051e-06 2.9812e-07 9.6931e-07 5.5863e-08
3.5724e-06 3.0334e-07 9.4216e-07 5.893e-08
3.5231e-06 3.0476e-07 9.1149e-07 6.0454e-08
3.4976e-06 3.1076e-07 8.8529e-07 6.2533e-08
3.4587e-06 3.1353e-07 8.5622e-07 6.3213e-08
3.441e-06 3.2058e-07 8.3104e-07 6.4361e-08
3.4107e-06 3.245e-07 8.032e-07 6.4143e-08
3.4033e-06 3.333e-07 7.7945e-07 6.4507e-08
3.4187e-06 3.4747e-07 7.5952e-07 6.5465e-08
3.4212e-06 3.5816e-07 7.3704e-07 6.5036e-08
3.448e-06 3.7498e-07 7.1841e-07 6.5271e-08
3.4128e-06 3.8016e-07 7.0332e-07 6.6353e-08
3.361e-06 3.8134e-07 6.8538e-07 6.5891e-08
3.2939e-06 3.7872e-07 6.6469e-07 6.3943e-08
2.981e-06 3.82e-07 5.2607e-07 3.6946e-08
2.9103e-06 3.7509e-07 5.0069e-07 2.8947e-08
2.8659e-06 3.7436e-07 4.7908e-07 2.1708e-08
2.8055e-06 3.6939e-07 4.5467e-07 2.8928e-08
2.7288e-06 3.5952e-07 4.2738e-07 3.4673e-08
2.6786e-06 3.5625e-07 4.0384e-07 4.109e-08
2.4719e-06 3.4282e-07 3.8329e-07 4.832e-08
2.2456e-06 3.2548e-07 3.6035e-07 5.4077e-08
2.0575e-06 3.1401e-07 3.4024e-07 6.0599e-08
1.8534e-06 3.0008e-07 3.1803e-07 6.5718e-08
1.6797e-06 2.9075e-07 2.9809e-07 7.1492e-08
1.4905e-06 2.7823e-07 2.7606e-07 7.5821e-08
1.3289e-06 2.6998e-07 2.5615e-07 8.0848e-08
1.1526e-06 2.5862e-07 2.3416e-07 8.4402e-08
9.6011e-07 2.4394e-07 2.1001e-07 8.6466e-08
7.9949e-07 2.3434e-07 1.8845e-07 8.9521e-08
6.7328e-07 2.3001e-07 1.7379e-07 8.3333e-08
5.7011e-07 2.3023e-07 1.6111e-07 7.8476e-08
4.838e-07 2.3443e-07 1.4994e-07 7.4624e-08
5.4372e-07 2.3523e-07 1.3673e-07 6.9051e-08
6.181e-07 2.4085e-07 1.2515e-07 6.4587e-08
6.8205e-07 2.4329e-07 1.1168e-07 5.8522e-08
7.5989e-07 2.4981e-07 9.9501e-08 5.3296e-08
8.5412e-07 2.6067e-07 8.8429e-08 4.8783e-08
9.6825e-07 2.3312e-07 7.8326e-08 4.4888e-08
1.1091e-06 2.1246e-07 6.9219e-08 4.1651e-08
1.2826e-06 1.9742e-07 6.0959e-08 3.8985e-08
1.4209e-06 1.7803e-07 5.3427e-08 3.7078e-08
1.5893e-06 1.6335e-07 4.6378e-08 3.5525e-08
1.7378e-06 1.4507e-07 3.7732e-08 3.2533e-08
1.9213e-06 1.3158e-07 2.9575e-08 2.9922e-08
2.0818e-06 1.1439e-07 1.9779e-08 2.5827e-08
2.2192e-06 9.2884e-08 2.4023e-08 3.7624e-08
2.2392e-06 8.7911e-08 3.0411e-08 3.8635e-08
2.28e-06 8.5325e-08 3.7061e-08 4.0057e-08
2.3101e-06 8.0612e-08 4.2402e-08 4.023e-08
2.3588e-06 7.7729e-08 4.7895e-08 4.0664e-08
2.3968e-06 7.28e-08 5.2086e-08 3.9867e-08
2.4246e-06 6.5818e-08 5.4988e-08 3.7845e-08
2.4428e-06 5.684e-08 5.6636e-08 3.4627e-08
2.4789e-06 4.9649e-08 5.8411e-08 3.1641e-08
2.5047e-06 4.0445e-08 5.8895e-08 2.7435e-08
2.5196e-06 2.9152e-08 5.9521e-08 2.0805e-08
2.5509e-06 1.9271e-08 6.0206e-08 1.4388e-08
2.5716e-06 7.3748e-09 5.958e-08 6.7137e-09
2.5791e-06 8.1581e-09 5.7655e-08 8.2583e-09
2.6059e-06 8.7518e-09 5.5919e-08 9.4882e-09
2.6506e-06 9.1006e-09 5.4266e-08 1.0381e-08
2.7171e-06 9.3436e-09 5.28e-08 1.1018e-08
2.8077e-06 9.4912e-09 5.1519e-08 1.1424e-08
2.6653e-06 9.6099e-09 5.0444e-08 1.1637e-08
2.506e-06 8.1455e-09 4.7958e-08 1.0697e-08
2.379e-06 6.6672e-09 4.5711e-08 9.5874e-09
2.2287e-06 1.4421e-08 4.201e-08 1.9222e-08
2.0589e-06 2.0082e-08 3.6837e-08 2.7251e-08
1.8689e-06 2.377e-08 3.2868e-08 3.3277e-08
1.969e-06 2.5408e-08 2.7453e-08 3.7733e-08
2.0983e-06 2.8069e-08 2.2265e-08 4.2864e-08
2.2135e-06 2.8935e-08 1.5778e-08 4.6623e-08
2.3535e-06 3.0353e-08 9.2135e-09 5.0807e-08
2.5213e-06 3.2351e-08 2.4854e-09 5.5467e-08
2.6744e-06 3.2612e-08 2.5967e-09 5.8781e-08
2.8574e-06 3.3453e-08 1.9794e-09 6.2592e-08
3.024e-06 3.243e-08 6.3562e-09 6.5011e-08
3.2219e-06 3.194e-08 1.0306e-08 6.7923e-08
3.4039e-06 2.9726e-08 1.3112e-08 6.9475e-08
3.6195e-06 2.8047e-08 1.5504e-08 7.1524e-08
3.8772e-06 2.6908e-08 1.7556e-08 7.4226e-08
4.1839e-06 2.6256e-08 1.9291e-08 7.763e-08
4.5426e-06 2.5985e-08 2.0675e-08 8.1668e-08
4.8775e-06 2.4059e-08 2.0888e-08 8.4287e-08
5.1428e-06 2.4469e-08 1.9921e-08 8.5436e-08
5.1079e-06 2.7403e-08 1.8608e-08 8.726e-08
5.06e-06 2.8686e-08 1.6144e-08 8.7711e-08
5.0386e-06 3.0479e-08 1.3343e-08 8.8882e-08
5.0057e-06 3.0681e-08 2.5245e-08 8.875e-08
4.9985e-06 3.1397e-08 3.7569e-08 8.9318e-08
5.0167e-06 3.2649e-08 5.0431e-08 9.0589e-08
5.0583e-06 3.4334e-08 6.381e-08 9.2446e-08
5.0877e-06 3.4375e-08 7.5767e-08 9.2966e-08
5.1435e-06 3.5015e-08 8.8456e-08 9.4216e-08
5.1877e-06 3.4054e-08 9.9745e-08 9.417e-08
5.2565e-06 3.3543e-08 1.117e-07 9.4726e-08
5.3127e-06 3.1386e-08 1.2219e-07 9.3939e-08
4.9791e-06 2.9665e-08 1.3345e-07 9.3764e-08
4.6245e-06 2.6305e-08 1.4322e-07 9.224e-08
4.248e-06 2.1293e-08 1.515e-07 8.9365e-08
3.9281e-06 1.6875e-08 1.6072e-07 8.7237e-08
3.5877e-06 1.0834e-08 1.6842e-07 8.3756e-08
3.2986e-06 5.1912e-09 1.7715e-07 8.1007e-08
2.9907e-06 8.0384e-09 1.8435e-07 7.6927e-08
2.7263e-06 1.0703e-08 1.9253e-07 7.3451e-08
2.5001e-06 1.343e-08 2.0176e-07 7.0536e-08
2.3087e-06 1.6284e-08 2.0934e-07 6.8258e-08
2.1451e-06 1.9245e-08 2.1797e-07 6.6419e-08
1.9691e-06 2.0689e-08 2.2506e-07 6.3327e-08
1.8205e-06 2.2391e-08 2.3339e-07 6.0742e-08
1.6596e-06 2.2533e-08 2.4013e-07 5.6881e-08
1.5234e-06 2.2957e-08 2.4815e-07 5.3491e-08
1.4067e-06 2.3603e-08 2.5735e-07 5.0412e-08
1.2793e-06 2.2676e-08 2.6491e-07 4.6078e-08
1.1717e-06 2.2055e-08 2.7391e-07 4.2133e-08
1.3155e-06 1.9834e-08 2.8122e-07 3.6929e-08
1.4479e-06 1.6008e-08 2.8685e-07 3.0451e-08
1.6045e-06 1.251e-08 2.9402e-07 2.4377e-08
1.7874e-06 9.1699e-09 3.027e-07 1.8549e-08
1.9506e-06 1.695e-08 3.0947e-07 2.6433e-08
2.1456e-06 2.5854e-08 3.181e-07 3.4952e-08
2.3749e-06 3.6207e-08 3.2849e-07 4.4154e-08
2.6443e-06 4.84e-08 3.4077e-07 5.4221e-08
2.8925e-06 5.8183e-08 3.5092e-07 6.267e-08
3.1874e-06 7.048e-08 3.6324e-07 7.2219e-08
3.4568e-06 7.9995e-08 3.7383e-07 7.9964e-08
3.7854e-06 9.2811e-08 3.8721e-07 8.9241e-08
4.1896e-06 1.1047e-07 4.0382e-07 1.0048e-07
4.2822e-06 1.4548e-07 4.2415e-07 1.1441e-07
4.1232e-06 1.9471e-07 4.4867e-07 1.3142e-07
3.9236e-06 2.3511e-07 4.7738e-07 1.4169e-07
3.6998e-06 2.6931e-07 5.0276e-07 1.4971e-07
3.5216e-06 3.1474e-07 5.327e-07 1.6003e-07
3.3791e-06 3.7404e-07 5.6721e-07 1.7263e-07
3.2188e-06 4.2583e-07 5.9842e-07 1.8301e-07
3.04e-06 4.7081e-07 6.2645e-07 1.9123e-07
2.8417e-06 5.0949e-07 6.5138e-07 1.9732e-07
2.622e-06 5.4218e-07 6.7322e-07 2.0129e-07
2.3755e-06 5.6848e-07 6.9166e-07 2.0293e-07
2.1791e-06 5.4658e-07 6.9147e-07 2.0708e-07
2.1778e-06 4.9761e-07 6.8794e-07 2.0845e-07
2.1599e-06 4.3976e-07 6.8105e-07 2.0733e-07
2.1176e-06 3.7043e-07 6.803e-07 2.1584e-07
2.0582e-06 2.8996e-07 6.7626e-07 2.2173e-07
1.9812e-06 1.9703e-07 6.6894e-07 2.2508e-07
1.8852e-06 1.9117e-07 6.5832e-07 2.259e-07
1.8162e-06 1.9005e-07 6.5172e-07 2.2935e-07
1.7282e-06 1.8477e-07 6.4161e-07 2.301e-07
1.6198e-06 1.7535e-07 6.3555e-07 2.2531e-07
1.4908e-06 1.6162e-07 6.2615e-07 2.1785e-07
1.3368e-06 1.4282e-07 6.1301e-07 2.0738e-07
1.2339e-06 1.3326e-07 6.0438e-07 2.0023e-07
1.2721e-06 1.1438e-07 5.8853e-07 1.855e-07
1.3351e-06 1.0194e-07 5.7779e-07 1.7465e-07
1.3046e-06 1.0053e-07 5.7136e-07 1.6703e-07
1.2965e-06 1.0312e-07 5.6968e-07 1.6246e-07
1.2716e-06 1.0196e-07 5.6344e-07 1.549e-07
1.2783e-06 8.8908e-08 5.6179e-07 1.5036e-07
1.2687e-06 7.1162e-08 5.5638e-07 1.4305e-07
1.2787e-06 5.8705e-08 5.0103e-07 1.382e-07
1.2683e-06 6.399e-08 5.0225e-07 1.3053e-07
1.2415e-06 6.6034e-08 4.9991e-07 1.2009e-07
1.2336e-06 7.0761e-08 4.5038e-07 1.1207e-07
1.2102e-06 7.2304e-08 4.0895e-07 1.0105e-07
1.1718e-06 7.0831e-08 3.628e-07 8.741e-08
1.1527e-06 7.2084e-08 3.2324e-07 7.6321e-08
1.1521e-06 7.6382e-08 2.8932e-07 6.7331e-08
1.1377e-06 7.7687e-08 2.515e-07 5.6117e-08
1.141e-06 8.1895e-08 2.1885e-07 4.6772e-08
1.1305e-06 8.3035e-08 2.3402e-07 5.6978e-08
1.1358e-06 8.6822e-08 2.5195e-07 6.8948e-08
1.1284e-06 8.7693e-08 2.6712e-07 7.8746e-08
1.138e-06 6.9404e-08 2.8525e-07 9.0519e-08
1.1339e-06 4.6772e-08 3.0036e-07 9.9893e-08
1.1477e-06 2.9551e-08 3.1896e-07 1.117e-07
1.3149e-06 2.7082e-08 3.3441e-07 1.2068e-07
1.4593e-06 2.2358e-08 3.4697e-07 1.2738e-07
1.6422e-06 1.8771e-08 3.6268e-07 1.3621e-07
1.7975e-06 2.9863e-08 3.7525e-07 1.4256e-07
1.9285e-06 3.8025e-08 3.8476e-07 1.4647e-07
2.0382e-06 4.3514e-08 3.9143e-07 1.4868e-07
2.191e-06 3.6824e-08 4.0151e-07 1.5326e-07
2.8563e-06 4.2872e-08 4.0878e-07 1.5552e-07
3.4627e-06 4.6574e-08 4.1354e-07 1.5574e-07
4.0206e-06 4.8106e-08 4.1598e-07 1.5451e-07
4.6855e-06 5.0918e-08 4.2067e-07 1.5479e-07
5.3122e-06 5.1857e-08 4.2346e-07 1.5349e-07
6.0536e-06 5.4109e-08 4.2836e-07 1.5357e-07
6.7526e-06 5.4471e-08 4.3136e-07 1.5206e-07
7.4156e-06 5.3029e-08 4.3256e-07 1.4906e-07
8.1942e-06 5.2703e-08 4.3575e-07 1.4732e-07
8.9326e-06 5.0575e-08 4.3713e-07 1.4408e-07
9.6332e-06 4.6652e-08 4.3673e-07 1.3935e-07
1.0301e-05 4.0983e-08 4.3462e-07 1.3319e-07
1.1072e-05 3.617e-08 4.3417e-07 1.2805e-07
1.1979e-05 3.2054e-08 4.3538e-07 1.2386e-07
1.2155e-05 3.1509e-08 4.3827e-07 1.2063e-07
1.2312e-05 2.9331e-08 4.3939e-07 1.1597e-07
1.2451e-05 2.5515e-08 4.3874e-07 1.0988e-07
1.2573e-05 2.0097e-08 4.364e-07 1.0241e-07
1.2743e-05 1.525e-08 4.3594e-07 9.5967e-08
1.2959e-05 1.062e-08 4.3713e-07 9.0292e-08
1.3157e-05 1.9005e-08 4.3664e-07 8.3279e-08
1.341e-05 2.8413e-08 4.3802e-07 7.7117e-08
1.3723e-05 3.9209e-08 4.413e-07 7.1707e-08
1.4015e-05 4.8163e-08 4.4288e-07 6.5007e-08
1.4372e-05 5.8783e-08 4.4638e-07 5.8987e-08
1.4797e-05 7.119e-08 4.5157e-07 5.3436e-08
1.5296e-05 8.5785e-08 4.5851e-07 4.8278e-08
1.5164e-05 1.0305e-07 4.6724e-07 4.3449e-08
1.5077e-05 1.2355e-07 4.7785e-07 3.8882e-08
1.5038e-05 1.4844e-07 4.9068e-07 3.4616e-08
1.4981e-05 1.7049e-07 5.0164e-07 2.9139e-08
1.4905e-05 1.8973e-07 5.1071e-07 2.2438e-08
1.4799e-05 2.0496e-07 5.1782e-07 3.1385e-08
1.4743e-05 2.2459e-07 5.2723e-07 4.0974e-08
1.4729e-05 2.4887e-07 5.3873e-07 5.1216e-08
1.4697e-05 2.7001e-07 5.4828e-07 6.0065e-08
1.4645e-05 2.8807e-07 5.5588e-07 6.7522e-08
1.4642e-05 3.1183e-07 5.6598e-07 7.5885e-08
1.4687e-05 3.4208e-07 5.1315e-07 8.5234e-08
1.4709e-05 3.6823e-07 4.5727e-07 9.3006e-08
1.4706e-05 3.9e-07 3.978e-07 9.9104e-08
1.4669e-05 4.0811e-07 3.3349e-07 1.0326e-07
1.4592e-05 4.1999e-07 2.6322e-07 1.0531e-07
1.4586e-05 4.4103e-07 2.0214e-07 1.0908e-07
1.4424e-05 4.4654e-07 1.501e-07 1.1541e-07
1.4349e-05 4.6328e-07 1.0564e-07 1.2433e-07
1.4221e-05 4.708e-07 1.0472e-07 1.3028e-07
1.4014e-05 4.7123e-07 1.0494e-07 1.3913e-07
1.3889e-05 4.8067e-07 1.0638e-07 1.507e-07
1.3726e-05 4.8475e-07 1.0595e-07 1.5988e-07
1.3092e-05 4.5215e-07 1.0668e-07 1.5119e-07
1.2406e-05 4.1423e-07 1.0581e-07 1.4057e-07
1.1671e-05 3.7134e-07 1.0346e-07 1.2814e-07
1.1048e-05 3.3706e-07 1.0158e-07 1.1728e-07
1.0516e-05 3.0953e-07 1.0009e-07 1.0769e-07
1.0062e-05 2.8758e-07 9.8941e-08 9.9179e-08
9.6748e-06 2.7039e-07 9.8104e-08 9.1608e-08
9.2624e-06 2.5022e-07 9.5907e-08 8.2585e-08
8.9173e-06 2.3484e-07 9.4122e-08 7.4571e-08
8.5494e-06 2.1676e-07 9.2619e-08 6.3527e-08
8.2428e-06 2.03e-07 9.1499e-08 5.3516e-08
7.9902e-06 1.9301e-07 9.0753e-08 4.4376e-08
7.7818e-06 1.8618e-07 9.0272e-08 3.5837e-08
7.5544e-06 1.7685e-07 8.8431e-08 2.594e-08
7.3727e-06 1.7078e-07 8.6982e-08 1.6705e-08
7.1702e-06 1.6212e-07 8.4127e-08 1.9448e-08
7.0081e-06 1.5629e-07 8.158e-08 2.2117e-08
6.8865e-06 1.5345e-07 7.9445e-08 2.4847e-08
6.7473e-06 1.4815e-07 7.5911e-08 2.6384e-08
6.645e-06 1.4558e-07 7.2723e-08 2.7974e-08
6.5789e-06 1.463e-07 6.9906e-08 2.9693e-08
6.4939e-06 1.4434e-07 6.5611e-08 3.0128e-08
6.4503e-06 1.4587e-07 6.2012e-08 3.0896e-08
6.4466e-06 1.5104e-07 5.8937e-08 3.2027e-08
6.4806e-06 1.6019e-07 5.6245e-08 3.3478e-08
6.4913e-06 1.6579e-07 5.1958e-08 3.3465e-08
6.4774e-06 1.6777e-07 4.6008e-08 3.1947e-08
6.5121e-06 1.7534e-07 4.0795e-08 3.1064e-08
7.3485e-06 1.7863e-07 2.9993e-08 2.8506e-08
8.4055e-06 1.8714e-07 2.025e-08 2.6511e-08
9.2898e-06 1.9088e-07 2.375e-08 3.8546e-08
1.0387e-05 1.9976e-07 2.7401e-08 5.2516e-08
1.1371e-05 2.0424e-07 2.9509e-08 6.4115e-08
1.2582e-05 2.1428e-07 3.1769e-08 7.7765e-08
1.3676e-05 2.1989e-07 3.2489e-08 8.8999e-08
1.5036e-05 2.3156e-07 3.3469e-08 1.0273e-07
1.5479e-05 2.1925e-07 3.4629e-08 1.1938e-07
1.5872e-05 2.0256e-07 3.431e-08 1.3351e-07
1.6217e-05 1.8095e-07 3.2469e-08 1.451e-07
1.6666e-05 1.6609e-07 3.0867e-08 1.5957e-07
1.7063e-05 1.4666e-07 4.2012e-08 1.7134e-07
1.7563e-05 1.3262e-07 5.4174e-08 1.8584e-07
1.7511e-05 1.23e-07 6.7582e-08 2.0347e-07
1.7427e-05 1.0988e-07 7.899e-08 2.1838e-07
1.7306e-05 9.2808e-08 8.8362e-08 2.3053e-07
1.7317e-05 8.3979e-08 9.4127e-08 2.5315e-07
1.7297e-05 7.2016e-08 9.8081e-08 2.7278e-07
1.7339e-05 6.3249e-08 1.0301e-07 2.9656e-07
1.6769e-05 5.6753e-08 1.088e-07 3.2459e-07
1.6148e-05 4.767e-08 1.1281e-07 3.4947e-07
1.5472e-05 3.5884e-08 1.1504e-07 3.7134e-07
1.4922e-05 2.6713e-08 1.1829e-07 3.979e-07
1.4477e-05 1.9268e-08 1.2259e-07 4.2976e-07
1.4119e-05 1.3047e-08 1.2799e-07 4.6772e-07
1.2781e-05 9.7313e-09 1.3442e-07 5.1251e-07
1.1657e-05 6.686e-09 1.4215e-07 5.6553e-07
1.0463e-05 2.0051e-09 1.4806e-07 6.1424e-07
9.1923e-06 2.4276e-09 1.5217e-07 6.5881e-07
8.1125e-06 2.2704e-09 1.5749e-07 7.1108e-07
7.1948e-06 1.5239e-09 1.6406e-07 7.722e-07
6.2092e-06 4.5714e-09 1.6868e-07 8.2806e-07
5.3837e-06 7.5868e-09 1.7476e-07 8.9438e-07
4.4511e-06 1.1868e-08 1.7896e-07 9.5553e-07
4.2548e-06 1.3639e-08 1.813e-07 1.0115e-06
4.0957e-06 1.5598e-08 1.8483e-07 1.0766e-06
3.9726e-06 1.7971e-08 1.8977e-07 1.1531e-06
3.833e-06 1.8503e-08 1.9291e-07 1.2245e-06
3.7236e-06 1.9345e-08 1.9726e-07 1.213e-06
3.6442e-06 2.0679e-08 2.0308e-07 1.085e-06
3.5509e-06 2.0309e-08 2.0712e-07 9.5049e-07
3.4435e-06 1.8244e-08 2.0942e-07 8.0911e-07
3.3205e-06 1.4411e-08 2.0989e-07 6.5984e-07
3.1818e-06 8.705e-09 2.0861e-07 5.0275e-07
3.0741e-06 3.5416e-09 2.0873e-07 3.6602e-07
2.9438e-06 4.7417e-09 2.0691e-07 3.5749e-07
2.8431e-06 5.6654e-09 2.0657e-07 3.5197e-07
2.73e-06 5.2027e-09 2.0461e-07 3.4451e-07
2.6048e-06 3.3735e-09 2.011e-07 3.3517e-07
2.4673e-06 8.3043e-09 1.9606e-07 3.2398e-07
2.3525e-06 1.3308e-08 1.919e-07 3.1497e-07
2.2258e-06 1.6759e-08 1.8621e-07 3.0412e-07
2.0873e-06 1.8674e-08 1.7898e-07 2.9142e-07
1.9723e-06 2.0806e-08 1.7275e-07 2.8108e-07
1.8782e-06 2.3239e-08 1.6747e-07 2.7293e-07
1.7549e-06 2.7644e-08 1.6073e-07 2.6304e-07
1.6199e-06 3.0382e-08 1.5247e-07 2.5136e-07
1.505e-06 3.3618e-08 1.4499e-07 2.4159e-07
1.3787e-06 3.513e-08 1.3597e-07 2.3001e-07
1.2396e-06 3.4868e-08 1.2534e-07 2.1648e-07
1.086e-06 3.275e-08 1.1299e-07 2.0085e-07
9.6202e-07 3.2138e-08 1.0211e-07 1.8822e-07
8.6356e-07 3.3094e-08 9.2596e-08 1.2591e-07
7.4876e-07 3.1832e-08 8.1061e-08 1.2358e-07
6.5657e-07 3.173e-08 7.0779e-08 1.2286e-07
5.4928e-07 2.9429e-08 5.8549e-08 1.2013e-07
4.6243e-07 2.8263e-08 4.7479e-08 1.1902e-07
3.4713e-07 2.4411e-08 3.7565e-08 1.2031e-07
3.6518e-07 1.8089e-08 2.571e-08 1.1941e-07
3.7383e-07 9e-09 2.9627e-08 1.1637e-07
3.734e-07 1.0526e-08 3.2059e-08 1.1123e-07
3.8038e-07 1.2318e-08 3.4649e-08 1.0772e-07
3.9589e-07 1.4633e-08 3.7545e-08 1.0593e-07
3.3171e-07 1.7526e-08 4.0693e-08 1.0562e-07
2.5548e-07 1.8429e-08 4.2283e-08 1.0332e-07
1.9336e-07 2.0071e-08 4.4231e-08 1.0259e-07
1.4322e-07 2.2588e-08 4.6579e-08 1.0338e-07
1.0146e-07 2.6188e-08 4.9373e-08 1.0574e-07
5.1455e-08 2.7689e-08 5.0617e-08 1.062e-07
5.5974e-08 2.7101e-08 5.0316e-08 1.0478e-07
6.1486e-08 2.7625e-08 5.0471e-08 1.0492e-07
6.8253e-08 2.9287e-08 5.1088e-08 1.0664e-07
7.649e-08 3.216e-08 5.2135e-08 1.099e-07
7.8932e-08 3.2907e-08 5.1652e-08 1.1129e-07
7.5852e-08 3.1648e-08 4.9703e-08 1.1095e-07
7.4256e-08 3.128e-08 4.7992e-08 1.1181e-07
6.7045e-08 2.8869e-08 4.4787e-08 1.1087e-07
6.0839e-08 2.7449e-08 4.1893e-08 1.113e-07
5.501e-08 2.6728e-08 3.9159e-08 1.1291e-07
4.9693e-08 2.6817e-08 3.6644e-08 1.1592e-07
4.4705e-08 2.7726e-08 3.4314e-08 1.2043e-07
3.9986e-08 2.9681e-08 3.2158e-08 1.2664e-07
3.5352e-08 3.2755e-08 3.0155e-08 1.3477e-07
3.075e-08 3.7293e-08 2.8312e-08 1.452e-07
2.6031e-08 4.3833e-08 2.659e-08 1.5896e-07
2.0908e-08 5.275e-08 2.4958e-08 1.7585e-07
1.5178e-08 6.4831e-08 2.3394e-08 1.6936e-07
3.007e-08 7.3494e-08 3.8832e-08 1.6034e-07
4.6607e-08 8.62e-08 5.6208e-08 1.5406e-07
5.6819e-08 9.5173e-08 7.118e-08 1.4521e-07
6.9174e-08 8.5214e-08 8.8284e-08 1.3895e-07
8.4343e-08 7.9077e-08 1.0795e-07 1.3504e-07
9.2878e-08 6.9703e-08 1.2571e-07 1.2885e-07
1.0405e-07 6.3416e-08 1.4605e-07 1.2468e-07
1.0815e-07 5.383e-08 1.635e-07 1.181e-07
1.1574e-07 4.7415e-08 1.841e-07 1.1375e-07
2.3011e-07 3.7682e-08 2.0163e-07 1.0697e-07
2.561e-07 3.0987e-08 1.9404e-07 1.0218e-07
2.922e-07 2.6402e-08 1.8879e-07 9.9422e-08
3.391e-07 2.3375e-08 1.8548e-07 9.8313e-08
3.9904e-07 2.1468e-08 1.8399e-07 9.8797e-08
4.7725e-07 2.0709e-08 1.8458e-07 1.0113e-07
5.7611e-07 2.0826e-08 1.8696e-07 1.0515e-07
6.5767e-07 1.8715e-08 1.869e-07 1.0689e-07
7.6493e-07 1.7635e-08 1.8892e-07 1.1063e-07
9.0524e-07 1.7506e-08 1.9313e-07 1.1658e-07
1.0225e-06 1.5184e-08 1.9478e-07 1.2007e-07
1.1774e-06 1.3776e-08 1.9868e-07 1.2591e-07
1.4258e-06 1.4827e-08 2.05e-07 1.1565e-07
1.6403e-06 1.3839e-08 2.0946e-07 1.0269e-07
1.9214e-06 1.3622e-08 2.1645e-07 9.2648e-08
2.1609e-06 1.1293e-08 2.2068e-07 1.0935e-07
2.4948e-06 9.9081e-09 2.2218e-07 1.3489e-07
2.7294e-06 1.0772e-08 2.211e-07 1.5565e-07
3.0325e-06 1.2063e-08 2.2222e-07 1.811e-07
3.309e-06 1.1317e-08 2.2063e-07 2.0246e-07
3.6743e-06 1.1159e-08 2.2186e-07 2.2953e-07
3.7495e-06 1.1607e-08 2.2561e-07 2.6357e-07
3.8758e-06 1.2519e-08 2.3168e-07 3.0526e-07
3.9743e-06 1.1466e-08 2.3512e-07 3.416e-07
4.1239e-06 1.102e-08 2.4125e-07 3.8726e-07
4.3291e-06 1.0985e-08 2.499e-07 3.9251e-07
4.6014e-06 1.1359e-08 2.5556e-07 4.0234e-07
4.8322e-06 9.7927e-09 2.5833e-07 4.0776e-07
4.8206e-06 8.7581e-09 2.6395e-07 4.1833e-07
4.8561e-06 8.2398e-09 2.7256e-07 3.9652e-07
4.9397e-06 8.058e-09 2.8442e-07 3.8081e-07
4.8703e-06 1.0262e-08 2.9987e-07 3.2208e-07
4.5112e-06 1.3528e-08 2.8642e-07 2.7778e-07
4.5569e-06 1.424e-08 2.6963e-07 2.2662e-07
4.6502e-06 1.5955e-08 2.5657e-07 1.8545e-07
4.7919e-06 1.8509e-08 2.464e-07 1.5157e-07
4.9021e-06 4.5491e-08 2.3336e-07 1.1283e-07
5.1222e-06 5.3918e-08 2.171e-07 8.903e-08
5.4153e-06 6.5841e-08 2.0376e-07 6.9276e-08
7.5607e-06 7.4138e-08 1.8754e-07 4.6247e-08
9.4572e-06 7.9032e-08 1.6835e-07 4.7652e-08
1.2541e-05 7.0036e-08 1.525e-07 3.9398e-08
1.6545e-05 6.4809e-08 1.3945e-07 3.2672e-08
2.0029e-05 5.5599e-08 1.2329e-07 2.3881e-08
2.4556e-05 4.9823e-08 1.0992e-07 1.6443e-08
2.8369e-05 3.988e-08 9.4676e-08 1.9413e-08
3.3322e-05 3.3075e-08 8.1738e-08 2.2941e-08
3.9756e-05 2.8626e-08 7.0742e-08 2.7192e-08
4.4752e-05 2.0796e-08 6.1381e-08 3.2785e-08
5.131e-05 1.5124e-08 5.3408e-08 2.9252e-08
5.9715e-05 1.0727e-08 4.3426e-08 2.719e-08
7.0632e-05 7.3171e-09 3.4677e-08 2.5785e-08
8.4587e-05 4.6217e-09 2.708e-08 2.4905e-08
9.6937e-05 7.9448e-09 3.4069e-08 2.2469e-08
0.00011298 1.2032e-08 3.053e-08 2.0587e-08
0.00011839 1.737e-08 2.7434e-08 1.9171e-08
0.00012581 1.4703e-08 3.7279e-08 1.9093e-08
0.00012821 1.2827e-08 3.5486e-08 1.9279e-08
0.00013129 1.1554e-08 3.4047e-08 1.9735e-08
0.00013524 1.076e-08 3.2906e-08 2.0477e-08
0.00013677 1.1953e-08 3.2035e-08 2.1618e-08
0.00013883 1.3851e-08 3.1527e-08 2.3241e-08
0.00014157 1.6675e-08 3.4302e-08 2.5479e-08
0.00014224 2.0558e-08 3.7442e-08 2.8247e-08
0.00014276 2.2056e-08 3.8882e-08 2.9343e-08
0.00014314 2.1315e-08 3.8629e-08 2.8846e-08
0.00014382 2.1796e-08 3.8859e-08 2.9001e-08
0.00014434 1.9935e-08 3.7387e-08 2.7497e-08
0.0001447 1.5426e-08 3.421e-08 2.4296e-08
0.00014533 1.2097e-08 3.1401e-08 2.1628e-08
0.00014478 9.5174e-09 2.8893e-08 1.939e-08
0.00014449 7.408e-09 2.6627e-08 1.7493e-08
0.00014271 5.9712e-09 2.472e-08 1.6023e-08
0.0001414 4.725e-09 1.0429e-08 1.4855e-08
0.00013988 1.0214e-08 9.7787e-09 1.2267e-08
0.00013876 1.6959e-08 8.8479e-09 9.8394e-09
0.00013904 2.0379e-08 9.4626e-09 1.0518e-08
0.00013958 2.5109e-08 9.778e-09 1.1175e-08
0.00014057 2.3724e-08 9.9105e-09 1.1958e-08
0.00014197 2.3699e-08 9.8162e-09 1.2865e-08
0.00014387 2.5031e-08 9.4922e-09 1.3937e-08
0.00014641 2.8057e-08 8.9297e-09 1.5226e-08
0.00014968 3.2677e-08 8.0539e-09 1.6903e-08
0.00015386 3.9333e-08 6.9665e-09 1.8829e-08
0.00015743 4.2645e-08 1.3843e-08 4.0168e-08
0.00016209 4.8464e-08 2.1225e-08 6.5947e-08
0.00016621 5.1408e-08 2.6953e-08 8.8276e-08
0.00017175 5.7255e-08 3.1061e-08 1.0676e-07
0.00017666 6.0102e-08 3.3574e-08 1.2224e-07
0.00018101 6.0012e-08 3.4504e-08 1.3487e-07
0.00018672 6.2726e-08 3.5738e-08 1.2968e-07
0.00019414 6.8572e-08 3.7419e-08 1.2694e-07
0.00020072 7.1262e-08 3.7494e-08 1.2181e-07
0.00020275 7.6985e-08 3.7901e-08 1.1877e-07
0.00020448 7.9263e-08 3.6636e-08 1.1323e-07
0.00020682 8.5115e-08 3.5819e-08 1.0997e-07
0.00020721 9.536e-08 3.5432e-08 1.0886e-07
0.00020743 1.016e-07 3.3381e-08 1.4672e-07
0.00020832 9.2688e-08 5.1131e-08 2.1307e-07
0.0002078 8.8183e-08 7.1524e-08 2.9504e-07
0.00020708 7.9469e-08 9.5136e-08 3.6175e-07
0.00020674 7.4305e-08 1.2239e-07 4.4291e-07
0.00019785 1.432e-07 3.9291e-07 6.1983e-07
0.00020136 1.5063e-07 3.5642e-07 6.4089e-07
0.00020597 1.6412e-07 3.2607e-07 6.701e-07
0.00021306 1.6393e-07 3.0103e-07 6.6e-07
0.00022229 1.6923e-07 2.8058e-07 5.9499e-07
0.00022532 1.8084e-07 2.6454e-07 5.4374e-07
0.00022923 2.0072e-07 2.5164e-07 3.7597e-07
0.00023152 2.0905e-07 2.4194e-07 2.4842e-07
0.0002346 2.2528e-07 2.3515e-07 1.4517e-07
0.0002353 2.512e-07 2.3109e-07 6.3873e-08
0.00023581 2.7067e-07 2.2948e-07 4.3794e-08
0.00023612 4.3104e-07 2.8504e-07 4.5543e-08
0.00023677 6.6181e-07 3.4949e-07 4.8598e-08
0.00023741 8.9168e-07 4.0734e-07 5.0786e-08
0.00023805 1.1206e-06 4.7577e-07 5.2105e-08
0.00023869 1.3487e-06 5.5673e-07 5.2555e-08
0.00023914 1.5391e-06 6.2951e-07 5.1078e-08
0.00023997 1.5927e-06 7.1587e-07 5.0773e-08
0.00024124 1.5759e-06 8.1824e-07 5.1628e-08
0.00024308 1.5778e-06 9.378e-07 5.351e-08
0.00025078 1.5535e-06 1.0469e-06 5.3491e-08
0.0002533 1.5496e-06 1.1745e-06 5.4529e-08
0.0002569 1.506e-06 1.3235e-06 5.6685e-08
0.00026006 1.4493e-06 1.4598e-06 5.6958e-08
0.00026414 1.4142e-06 1.6192e-06 5.8329e-08
0.00026773 1.3712e-06 1.7441e-06 5.7766e-08
0.00027086 1.3155e-06 1.8933e-06 5.5275e-08
0.00027561 1.2904e-06 2.0259e-06 6.0008e-08
0.00027774 1.3103e-06 2.1919e-06 5.3716e-08
0.0002779 1.3503e-06 2.3892e-06 4.8957e-08
0.00027882 1.3417e-06 2.6236e-06 4.5603e-08
0.00027814 1.3514e-06 2.6866e-06 4.3477e-08
0.00027785 1.2941e-06 2.6695e-06 4.239e-08
0.00027792 1.2597e-06 2.6636e-06 4.2291e-08
0.00027775 1.2084e-06 2.6505e-06 6.4942e-08
0.00027796 1.1791e-06 2.6486e-06 9.2596e-08
0.00027791 1.1356e-06 2.6566e-06 1.1175e-07
0.00027822 1.1114e-06 2.6761e-06 1.3004e-07
0.00027835 1.2035e-06 2.6889e-06 1.4748e-07
0.00030817 1.6915e-06 1.8936e-06 3.1503e-07
0.00031046 1.7345e-06 1.8932e-06 3.1282e-07
0.00031244 1.7651e-06 1.8872e-06 3.0975e-07
0.00031521 1.8206e-06 1.8906e-06 3.0584e-07
0.00031798 1.875e-06 1.9032e-06 3.0107e-07
0.00032076 1.9283e-06 1.9253e-06 2.9544e-07
0.00032353 1.9807e-06 1.9588e-06 2.8896e-07
0.00032593 2.0183e-06 1.9857e-06 2.8163e-07
0.000328 2.0428e-06 2.0064e-06 2.7344e-07
0.00033074 2.0901e-06 2.0366e-06 2.644e-07
0.00033115 2.166e-06 2.0658e-06 2.599e-07
0.00033204 2.2768e-06 2.0942e-06 2.5878e-07
0.00033343 2.4381e-06 2.1217e-06 2.6141e-07
0.00033416 2.54e-06 2.1483e-06 2.5384e-07
0.00033348 2.5583e-06 2.174e-06 2.5047e-07
0.00025668 1.4778e-07 2.289e-06 4.9817e-07
0.00025562 9.4633e-08 2.2677e-06 4.231e-07
0.00025158 5.5439e-08 2.2456e-06 3.6162e-07
0.00024662 5.1688e-08 2.2225e-06 3.6114e-07
0.00023996 4.2764e-08 2.1986e-06 4.0536e-07
0.0002349 3.6921e-08 2.1737e-06 4.1111e-07
0.00022911 2.802e-08 2.148e-06 4.1233e-07
0.00021696 2.3754e-08 2.1214e-06 3.9247e-07
0.00020309 1.678e-08 2.0939e-06 3.6799e-07
0.00019217 1.1357e-08 2.0656e-06 3.4919e-07
0.00017798 9.74e-09 2.0302e-06 3.2573e-07
0.00016709 8.6499e-09 1.9866e-06 3.0883e-07
0.00015435 1.3427e-08 1.9361e-06 2.8803e-07
0.00014436 1.0758e-08 1.8961e-06 2.7205e-07
0.00013649 8.6414e-09 1.8659e-06 2.6028e-07
0.0001303 6.877e-09 1.7214e-06 2.5225e-07
0.00012323 3.1159e-09 1.5621e-06 2.4086e-07
0.00011511 4.2006e-09 1.3871e-06 2.2595e-07
0.00010886 5.2403e-09 1.2392e-06 2.152e-07
0.00010393 6.2385e-09 1.1124e-06 2.0774e-07
0.00010005 7.2889e-09 1.0037e-06 2.0329e-07
8.8151e-05 8.4991e-09 9.1082e-07 2.0169e-07
7.8968e-05 1.0258e-08 8.3347e-07 2.0323e-07
6.8626e-05 1.0126e-08 7.4823e-07 2.0204e-07
6.0674e-05 1.0574e-08 6.7658e-07 2.0399e-07
5.4381e-05 1.1384e-08 6.1534e-07 2.0876e-07
4.9507e-05 1.2778e-08 5.6396e-07 2.1688e-07
4.5646e-05 1.4737e-08 5.2028e-07 2.2829e-07
4.2594e-05 1.7499e-08 4.8332e-07 2.4343e-07
3.9161e-05 1.814e-08 4.417e-07 2.5534e-07
3.5304e-05 1.6682e-08 3.9518e-07 2.6415e-07
3.2315e-05 1.6145e-08 3.5603e-07 2.771e-07
2.9998e-05 1.6462e-08 3.2315e-07 2.9473e-07
2.8206e-05 1.7669e-08 2.9569e-07 3.178e-07
2.2598e-05 1.9924e-08 2.7292e-07 3.4738e-07
1.8238e-05 2.348e-08 2.5427e-07 3.4416e-07
1.4772e-05 2.8473e-08 2.3886e-07 3.4481e-07
1.0841e-05 3.0855e-08 2.2022e-07 3.4197e-07
7.7941e-06 3.5123e-08 2.0503e-07 3.4347e-07
6.6865e-06 3.4745e-08 1.9414e-07 3.2825e-07
3.6366e-06 3.6789e-08 1.8591e-07 2.6916e-07
3.175e-06 3.6212e-08 1.7508e-07 2.0254e-07
2.8141e-06 3.7311e-08 1.6647e-07 1.4973e-07
2.5333e-06 4.0755e-08 1.5988e-07 1.0603e-07
2.3277e-06 4.6573e-08 1.5516e-07 6.9776e-08
2.0532e-06 6.1805e-08 1.4807e-07 2.8422e-08
1.7364e-06 7.3135e-08 1.3856e-07 2.3573e-08
1.4955e-06 6.8595e-08 1.3118e-07 1.9532e-08
1.3125e-06 6.7276e-08 1.26e-07 1.6109e-08
1.2153e-06 7.1833e-08 1.1854e-07 9.7005e-09
1.1503e-06 6.2421e-08 1.1292e-07 4.0075e-09
1.066e-06 4.9066e-08 1.0495e-07 4.3166e-09
1.0052e-06 3.9378e-08 9.8469e-08 4.2902e-09
9.6452e-07 3.2431e-08 9.3315e-08 3.9273e-09
8.8094e-07 3.657e-08 8.5945e-08 6.5797e-09
8.1948e-07 4.281e-08 7.984e-08 9.1995e-09
7.7661e-07 5.1751e-08 7.4856e-08 1.1888e-08
7.1355e-07 5.7165e-08 7.0877e-08 1.4845e-08
6.7216e-07 6.5567e-08 6.7809e-08 1.8105e-08
6.165e-07 7.0308e-08 6.2848e-08 1.9864e-08
5.7847e-07 7.8713e-08 5.8908e-08 2.2081e-08
5.5389e-07 9.1179e-08 5.5722e-08 2.4729e-08
4.179e-07 1.0962e-07 5.3365e-08 2.805e-08
3.0986e-07 1.3521e-07 5.1626e-08 3.2042e-08
2.2377e-07 1.7051e-07 5.0466e-08 3.6862e-08
2.3621e-07 1.9869e-07 4.7576e-08 3.991e-08
2.556e-07 2.3795e-07 4.5244e-08 4.3864e-08
2.4901e-07 3.817e-07 4.3563e-08 4.9458e-08
2.3349e-07 5.0334e-07 4.0507e-08 5.3139e-08
2.246e-07 6.6894e-07 3.7913e-08 5.8021e-08
1.691e-07 7.3659e-07 3.5844e-08 6.4615e-08
1.2578e-07 8.3693e-07 3.4243e-08 7.3141e-08
1.4494e-07 9.1824e-07 3.0966e-08 1.3965e-07
1.7074e-07 1.0346e-06 2.8119e-08 2.2145e-07
1.6183e-07 1.0754e-06 2.5623e-08 3.2312e-07
1.4449e-07 1.1051e-06 2.1517e-08 4.1333e-07
1.1844e-07 1.1245e-06 3.0922e-08 4.9316e-07
9.8553e-08 1.0846e-06 4.1453e-08 5.9196e-07
8.2651e-08 9.3096e-07 5.3179e-08 7.1179e-07
7.0381e-08 8.2153e-07 6.6596e-08 8.5971e-07
6.0918e-08 7.443e-07 8.2064e-08 1.0423e-06
5.3641e-08 6.9097e-07 1.0001e-07 1.2676e-06
6.2788e-08 5.8152e-07 1.1458e-07 1.4277e-06
7.3813e-08 5.0087e-07 1.0972e-07 1.6295e-06
8.7539e-08 4.4265e-07 1.0624e-07 1.8794e-06
1.0354e-07 3.9869e-07 1.0372e-07 2.173e-06
1.2221e-07 3.6555e-07 1.0203e-07 2.5155e-06
1.4418e-07 3.4101e-07 1.0114e-07 2.9141e-06
1.5945e-07 3.115e-07 9.8546e-08 3.2876e-06
1.7839e-07 2.8968e-07 9.6719e-08 3.7221e-06
1.901e-07 2.6278e-07 9.3495e-08 4.1263e-06
1.9496e-07 2.3037e-07 8.8546e-08 4.5049e-06
2.0435e-07 2.0656e-07 8.4541e-08 4.5855e-06
2.1795e-07 1.889e-07 7.8736e-08 4.6868e-06
2.2416e-07 1.6689e-07 7.1126e-08 4.7772e-06
2.3472e-07 1.504e-07 6.4295e-08 4.8885e-06
2.377e-07 1.2973e-07 5.5666e-08 4.9878e-06
2.4614e-07 1.1467e-07 4.7937e-08 5.1123e-06
2.6064e-07 1.0421e-07 4.0985e-08 5.2671e-06
2.8217e-07 9.7621e-08 3.4551e-08 5.459e-06
2.9497e-07 8.7681e-08 2.6421e-08 5.6316e-06
2.9902e-07 7.4077e-08 1.6517e-08 5.7858e-06
2.3514e-07 6.4877e-08 7.4223e-09 5.9804e-06
1.5698e-07 5.1785e-08 6.0152e-09 6.1509e-06
9.4222e-08 4.2469e-08 4.2277e-09 6.1689e-06
5.856e-08 3.949e-08 7.6827e-09 6.2594e-06
6.7436e-08 3.3502e-08 3.2551e-08 6.3343e-06
7.8483e-08 2.9478e-08 6.0679e-08 6.2853e-06
9.2284e-08 2.7021e-08 9.2697e-08 6.2573e-06
9.9135e-08 2.2095e-08 1.2124e-07 6.2176e-06
1.0969e-07 1.8783e-08 1.5453e-07 6.2002e-06
1.2617e-07 1.6575e-08 1.6372e-07 6.2072e-06
1.3503e-07 1.198e-08 1.7048e-07 6.2033e-06
1.4798e-07 8.2491e-09 1.792e-07 6.2183e-06
1.5285e-07 1.275e-08 1.8538e-07 6.2218e-06
1.4996e-07 1.5095e-08 1.8906e-07 6.2138e-06
1.3927e-07 1.5347e-08 1.9028e-07 6.1944e-06
1.3323e-07 1.6396e-08 1.9377e-07 6.1956e-06
1.3145e-07 1.8347e-08 1.7059e-07 6.2173e-06
1.2216e-07 1.8126e-08 1.4406e-07 6.2277e-06
1.1709e-07 1.8994e-08 1.2135e-07 6.259e-06
1.1512e-07 2.0698e-08 1.0149e-07 6.3103e-06
1.1615e-07 2.339e-08 8.4056e-08 6.3834e-06
1.2036e-07 2.7468e-08 6.8702e-08 6.4809e-06
1.1721e-07 2.9055e-08 5.0321e-08 6.5625e-06
1.1717e-07 3.2016e-08 3.3915e-08 6.6699e-06
1.0985e-07 3.2454e-08 3.6677e-08 6.7616e-06
1.06e-07 3.4515e-08 3.9893e-08 6.8821e-06
1.0476e-07 3.8114e-08 4.3506e-08 7.0326e-06
9.6572e-08 3.9126e-08 4.5433e-08 7.1659e-06
9.144e-08 4.2039e-08 4.7942e-08 7.3345e-06
7.9455e-08 4.231e-08 4.8746e-08 7.4844e-06
7.04e-08 4.4791e-08 5.0213e-08 7.673e-06
6.3591e-08 4.9534e-08 5.2304e-08 7.9075e-06
5.8633e-08 5.705e-08 5.5079e-08 8.1971e-06
5.5423e-08 6.8411e-08 5.8473e-08 8.2542e-06
4.6254e-08 7.6353e-08 6.0126e-08 8.2989e-06
3.0754e-08 8.0849e-08 5.9968e-08 8.3306e-06
4.4232e-08 8.1872e-08 5.7982e-08 8.3491e-06
5.146e-08 7.9534e-08 8.4314e-08 8.3547e-06
6.0452e-08 8.0541e-08 1.1478e-07 8.1963e-06
7.2443e-08 8.5476e-08 1.5004e-07 7.6578e-06
7.7664e-08 8.6928e-08 1.805e-07 7.0571e-06
8.4854e-08 9.1477e-08 2.1548e-07 6.5567e-06
8.577e-08 9.2908e-08 2.4691e-07 6.0119e-06
8.8993e-08 9.7741e-08 2.8346e-07 5.5617e-06
9.4143e-08 1.0596e-07 3.2532e-07 5.1828e-06
9.2736e-08 1.1064e-07 3.629e-07 4.7683e-06
8.4977e-08 1.1291e-07 3.9664e-07 4.3175e-06
7.9152e-08 1.1864e-07 4.357e-07 3.9387e-06
6.6823e-08 1.2082e-07 4.7047e-07 3.5235e-06
5.6754e-08 1.2712e-07 5.1161e-07 3.1809e-06
4.0464e-08 1.2988e-07 5.4842e-07 2.8065e-06
2.6629e-08 1.3796e-07 5.4258e-07 2.5063e-06
1.4045e-08 1.5176e-07 5.4107e-07 2.2633e-06
2.0692e-08 1.611e-07 5.3618e-07 1.9941e-06
2.7311e-08 1.7695e-07 5.3564e-07 1.7768e-06
3.4485e-08 1.6897e-07 5.399e-07 1.6026e-06
3.6047e-08 1.5642e-07 5.407e-07 1.4084e-06
3.8348e-08 1.4955e-07 5.3771e-07 1.031e-06
4.105e-08 1.4741e-07 5.3867e-07 7.2051e-07
4.4309e-08 1.4981e-07 5.4362e-07 4.65e-07
9.0465e-08 1.4737e-07 5.451e-07 4.1747e-07
9.7455e-08 1.5235e-07 5.5185e-07 3.8411e-07
1.0739e-07 1.6228e-07 5.6271e-07 3.5754e-07
1.0677e-07 1.6673e-07 5.7842e-07 3.3871e-07
9.8964e-08 1.669e-07 5.9028e-07 3.1569e-07
9.4492e-08 1.7234e-07 6.0707e-07 2.9821e-07
9.2483e-08 1.8293e-07 6.2868e-07 2.8507e-07
8.3516e-08 1.8891e-07 6.4613e-07 2.6827e-07
7.7513e-08 2.0115e-07 6.6926e-07 2.5607e-07
7.3655e-08 2.207e-07 6.9811e-07 2.4756e-07
7.3071e-08 2.1371e-07 7.3409e-07 2.0278e-07
7.4308e-08 2.1237e-07 7.7739e-07 1.6582e-07
7.9889e-08 1.8276e-07 8.2902e-07 1.3546e-07
8.8348e-08 1.6261e-07 8.9121e-07 1.1089e-07
1.0026e-07 1.4971e-07 9.6568e-07 9.0997e-08
1.1661e-07 1.431e-07 9.7368e-07 7.491e-08
1.2518e-07 1.3201e-07 9.7705e-07 5.5684e-08
1.2645e-07 1.1644e-07 9.7614e-07 5.9908e-08
1.3148e-07 1.0646e-07 9.8088e-07 6.5505e-08
1.2918e-07 9.2324e-08 9.8133e-07 6.9072e-08
1.3055e-07 8.278e-08 9.8746e-07 7.4078e-08
1.4427e-07 7.9979e-08 9.8891e-07 7.6549e-08
1.503e-07 7.3849e-08 9.8605e-07 7.6986e-08
1.4872e-07 6.4243e-08 9.7887e-07 7.5392e-08
1.5215e-07 5.8475e-08 9.78e-07 7.5402e-08
1.6094e-07 3.0813e-08 9.1668e-07 7.7021e-08
1.6191e-07 2.8753e-08 8.4839e-07 7.6583e-08
1.675e-07 2.8206e-08 7.9047e-07 7.7526e-08
1.788e-07 2.9189e-08 7.6346e-07 8.0649e-08
1.8383e-07 2.8278e-08 7.3334e-07 8.2185e-08
1.8329e-07 2.566e-08 7.006e-07 8.232e-08
1.8447e-07 2.3418e-08 6.7143e-07 8.3031e-08
1.8771e-07 2.1558e-08 6.4583e-07 8.4419e-08
1.9255e-07 1.9868e-08 6.2314e-07 8.6355e-08
1.9211e-07 1.6626e-08 5.9832e-07 8.6965e-08
1.9372e-07 1.3601e-08 5.7658e-07 8.8256e-08
1.9744e-07 1.0675e-08 5.5771e-07 9.0246e-08
2.0334e-07 7.7328e-09 5.4151e-07 9.2969e-08
2.1156e-07 4.6628e-09 5.2785e-07 9.6466e-08
2.9113e-07 5.3652e-09 5.1225e-07 9.8451e-08
3.6318e-07 4.7276e-09 4.9471e-07 9.9085e-08
4.2787e-07 2.7481e-09 4.7521e-07 9.8368e-08
4.8522e-07 6.7136e-09 4.5375e-07 9.6298e-08
5.3544e-07 9.2499e-09 4.303e-07 9.2875e-08
5.9465e-07 1.1668e-08 4.0946e-07 9.0222e-08
6.6425e-07 1.4104e-08 3.91e-07 8.8297e-08
7.4445e-07 1.6505e-08 3.7451e-07 8.6939e-08
8.3832e-07 1.9064e-08 3.601e-07 8.6259e-08
9.4636e-07 2.1797e-08 3.4738e-07 8.6117e-08
1.0706e-06 2.4754e-08 3.3626e-07 8.6511e-08
1.2135e-06 2.803e-08 3.2664e-07 8.7445e-08
1.3778e-06 3.1731e-08 3.1845e-07 8.8933e-08
1.5303e-06 3.3784e-08 3.0857e-07 8.9094e-08
1.672e-06 3.4241e-08 2.9708e-07 8.7973e-08
1.8389e-06 3.5297e-08 2.8719e-07 8.7536e-08
2.0319e-06 3.6841e-08 2.786e-07 8.7646e-08
2.2548e-06 3.8923e-08 2.7126e-07 8.8306e-08
2.5118e-06 4.1609e-08 2.6509e-07 8.9522e-08
2.808e-06 4.4986e-08 2.6005e-07 9.1312e-08
3.1492e-06 4.9163e-08 2.561e-07 9.3699e-08
3.4708e-06 5.1572e-08 2.5056e-07 9.4745e-08
3.7735e-06 5.2221e-08 2.4344e-07 9.4452e-08
4.1285e-06 5.3883e-08 2.3756e-07 9.4896e-08
4.544e-06 5.6622e-08 2.3289e-07 9.6086e-08
5.0296e-06 6.0543e-08 2.2936e-07 9.8041e-08
5.4914e-06 6.2701e-08 2.2434e-07 9.8688e-08
5.93e-06 6.3099e-08 2.1783e-07 9.803e-08
6.4368e-06 6.4518e-08 2.1227e-07 9.8003e-08
7.0297e-06 6.7214e-08 2.078e-07 9.8747e-08
7.1245e-06 7.5982e-08 2.042e-07 1.002e-07
7.205e-06 8.2743e-08 1.9908e-07 1.0029e-07
7.2714e-06 8.7518e-08 1.9244e-07 9.9031e-08
6.8838e-06 9.4147e-08 1.8682e-07 9.8554e-08
6.5565e-06 1.0288e-07 1.8217e-07 9.8851e-08
6.2098e-06 1.0959e-07 1.7607e-07 9.7842e-08
5.843e-06 1.143e-07 1.6853e-07 9.5526e-08
5.4555e-06 1.1701e-07 1.5953e-07 9.19e-08
5.1268e-06 1.2189e-07 1.5148e-07 8.9045e-08
4.7788e-06 1.2473e-07 1.4199e-07 8.4884e-08
4.4798e-06 1.2958e-07 1.3326e-07 8.134e-08
4.229e-06 1.3699e-07 1.2541e-07 7.8528e-08
3.9604e-06 1.4217e-07 1.6642e-07 7.4381e-08
3.7363e-06 1.5018e-07 2.1123e-07 7.096e-08
3.4932e-06 1.557e-07 2.5352e-07 6.6131e-08
3.2899e-06 1.6417e-07 2.9975e-07 6.1963e-08
3.1259e-06 1.7656e-07 2.9742e-07 5.8567e-08
2.9424e-06 1.8579e-07 2.9356e-07 5.366e-08
2.9719e-06 1.8166e-07 2.8777e-07 4.7124e-08
3.0237e-06 1.809e-07 2.8363e-07 4.1276e-08
3.0617e-06 1.7725e-07 2.7755e-07 3.395e-08
3.1236e-06 1.771e-07 2.7315e-07 2.7272e-08
3.1699e-06 1.7381e-07 2.6667e-07 1.9067e-08
3.2006e-06 1.6731e-07 2.5807e-07 9.2765e-09
3.2192e-06 1.5731e-07 2.4726e-07 1.0305e-08
3.2623e-06 1.5108e-07 2.3828e-07 1.113e-08
3.2901e-06 1.4169e-07 2.272e-07 1.0783e-08
3.0631e-06 1.3605e-07 2.1799e-07 1.0263e-08
2.7868e-06 1.2619e-07 2.1536e-07 1.4822e-08
2.5585e-06 1.1966e-07 2.1415e-07 1.9545e-08
2.3737e-06 1.1652e-07 2.1448e-07 2.4622e-08
2.1695e-06 1.107e-07 2.1296e-07 2.8352e-08
1.9452e-06 1.0219e-07 2.0959e-07 3.0767e-08
1.7597e-06 9.65e-08 2.0762e-07 3.3474e-08
1.5557e-06 8.823e-08 2.0383e-07 3.4858e-08
1.3316e-06 7.7255e-08 1.9818e-07 3.4913e-08
1.1466e-06 6.9159e-08 1.941e-07 3.5314e-08
9.4311e-07 5.8498e-08 1.8818e-07 3.4385e-08
7.7371e-07 5.0262e-08 1.778e-07 3.3968e-08
6.3435e-07 4.5792e-08 1.6897e-07 3.3851e-08
5.1695e-07 4.2644e-08 1.6148e-07 3.3986e-08
4.1925e-07 4.0819e-08 1.5539e-07 3.4465e-08
3.3599e-07 4.0003e-08 1.504e-07 3.5193e-08
2.4191e-07 3.7146e-08 1.4359e-07 3.4559e-08
1.6208e-07 3.5427e-08 1.3799e-07 3.427e-08
9.3758e-08 3.4766e-08 1.3354e-07 3.4329e-08
1.0231e-07 3.2119e-08 1.2735e-07 3.3044e-08
1.1243e-07 3.0368e-08 1.2215e-07 3.2035e-08
1.2524e-07 2.9728e-08 1.182e-07 3.1429e-08
1.3123e-07 2.6721e-08 1.1205e-07 2.927e-08
1.3932e-07 2.4486e-08 1.0681e-07 2.7357e-08
1.5025e-07 2.3039e-08 1.0258e-07 2.5727e-08
1.6329e-07 2.2001e-08 9.8951e-08 2.4165e-08
1.7912e-07 2.1407e-08 9.5957e-08 2.269e-08
1.975e-07 2.108e-08 9.3408e-08 2.1181e-08
2.0991e-07 1.9083e-08 8.9383e-08 1.8478e-08
2.2506e-07 1.7318e-08 8.5775e-08 1.5715e-08
1.8307e-07 1.7858e-08 8.2555e-08 1.2887e-08
1.4569e-07 1.8549e-08 7.9683e-08 9.9017e-09
1.1204e-07 1.9429e-08 7.7132e-08 6.7108e-09
7.2085e-08 1.8642e-08 7.3139e-08 1.1799e-08
9.1075e-08 1.6156e-08 6.7689e-08 1.5684e-08
1.1204e-07 1.3991e-08 6.2687e-08 1.9631e-08
1.3512e-07 1.1929e-08 5.7965e-08 2.3641e-08
1.6173e-07 1.0007e-08 5.3609e-08 2.7912e-08
1.9319e-07 8.1795e-09 4.9621e-08 3.2607e-08
2.3183e-07 6.4623e-09 4.6079e-08 3.8005e-08
2.5991e-07 1.2586e-08 4.0294e-08 4.1495e-08
2.7849e-07 1.645e-08 3.2708e-08 4.3226e-08
3.0553e-07 2.1536e-08 2.675e-08 4.5857e-08
2.7627e-07 2.9259e-08 2.1245e-08 4.9491e-08
2.3657e-07 3.424e-08 1.4087e-08 5.1279e-08
1.8589e-07 3.6603e-08 1.7525e-08 5.1244e-08
1.4665e-07 4.1119e-08 2.1139e-08 5.237e-08
1.1518e-07 4.7941e-08 2.492e-08 5.4525e-08
7.3997e-08 5.1649e-08 2.7107e-08 5.4732e-08
7.1058e-08 4.9738e-08 2.7769e-08 5.3029e-08
7.954e-08 3.6091e-08 2.6802e-08 5.8076e-08
8.0383e-08 4.0869e-08 2.5987e-08 5.9917e-08
9.1757e-08 5.266e-08 2.3596e-08 6.804e-08
1.0723e-07 5.0272e-08 2.1439e-08 7.836e-08
1.1462e-07 7.0747e-08 3.4127e-08 8.5886e-08
1.2545e-07 7.0449e-08 4.8194e-08 9.5395e-08
1.3884e-07 7.2087e-08 6.3462e-08 1.0663e-07
1.5461e-07 7.547e-08 7.9931e-08 1.1957e-07
1.6483e-07 7.6798e-08 9.4754e-08 1.3081e-07
1.6962e-07 7.6118e-08 1.0798e-07 1.4041e-07
1.7597e-07 7.6777e-08 1.2214e-07 1.5139e-07
1.855e-07 7.9129e-08 1.3469e-07 1.5975e-07
1.9692e-07 8.2911e-08 1.4822e-07 1.6951e-07
2.1047e-07 8.826e-08 1.6287e-07 1.4789e-07
2.1844e-07 9.1537e-08 1.7585e-07 1.2477e-07
2.2918e-07 9.6728e-08 1.9021e-07 1.0418e-07
2.4295e-07 1.0406e-07 2.0609e-07 8.5767e-08
2.8294e-07 1.0693e-07 2.2031e-07 7.6506e-08
3.282e-07 1.1162e-07 2.3591e-07 6.8076e-08
3.8058e-07 1.1858e-07 2.5324e-07 6.0497e-08
4.4137e-07 1.2809e-07 2.7248e-07 5.3647e-08
4.9474e-07 1.353e-07 2.899e-07 4.5455e-08
5.4232e-07 1.4024e-07 3.0551e-07 3.5896e-08
5.826e-07 1.429e-07 3.1932e-07 2.495e-08
6.3181e-07 1.4821e-07 3.3509e-07 1.4764e-08
6.9032e-07 1.5612e-07 3.5278e-07 5.0772e-09
7.3923e-07 1.6133e-07 3.7942e-07 4.1518e-09
7.9899e-07 1.6951e-07 4.0896e-07 2.7484e-09
8.731e-07 1.8148e-07 4.4216e-07 8.7863e-10
9.3724e-07 1.9064e-07 4.7289e-07 1.455e-09
1.0174e-06 2.0397e-07 4.5342e-07 1.3986e-09
1.0864e-06 2.1424e-07 4.3163e-07 5.7257e-09
1.1726e-06 2.2894e-07 4.1272e-07 9.9434e-09
1.2788e-06 2.488e-07 3.9648e-07 1.4143e-08
1.4088e-06 2.2947e-07 3.8269e-07 1.8418e-08
1.5628e-06 2.1456e-07 3.7086e-07 2.2731e-08
1.7025e-06 1.9665e-07 3.5708e-07 2.5828e-08
1.8295e-06 1.7586e-07 3.4145e-07 2.7753e-08
1.9443e-06 1.5209e-07 3.2396e-07 2.8509e-08
2.0824e-06 1.3269e-07 3.0839e-07 2.9285e-08
2.1601e-06 1.0303e-07 2.9465e-07 3.0225e-08
2.2256e-06 6.9655e-08 2.7897e-07 2.9937e-08
2.2791e-06 3.2292e-08 2.613e-07 2.8417e-08
2.3201e-06 3.1452e-08 2.4156e-07 2.5641e-08
2.3801e-06 3.1268e-08 2.238e-07 2.2955e-08
2.4615e-06 3.1761e-08 2.0789e-07 2.0333e-08
2.5738e-06 3.3069e-08 1.9384e-07 1.7782e-08
3.7005e-06 3.226e-08 1.7753e-07 1.3904e-08
5.083e-06 3.2609e-08 1.6343e-07 1.0212e-08
6.7748e-06 3.4082e-08 1.5121e-07 6.5721e-09
8.3269e-06 3.2929e-08 1.3629e-07 9.2688e-09
1.0483e-05 2.4746e-08 7.9162e-08 1.2067e-08
1.2356e-05 3.136e-08 7.3983e-08 1.3435e-08
1.3804e-05 3.4668e-08 6.9988e-08 1.5267e-08
1.4379e-05 2.8975e-08 6.7064e-08 1.7512e-08
1.4837e-05 3.3279e-08 6.2254e-08 3.848e-08
1.5689e-05 2.8781e-08 5.8461e-08 4.5599e-08
1.6784e-05 2.5895e-08 5.5417e-08 5.418e-08
1.7099e-05 2.51e-08 5.3202e-08 6.4854e-08
1.7535e-05 2.5523e-08 5.1753e-08 7.8143e-08
1.789e-05 2.3564e-08 5.103e-08 7.8783e-08
1.8373e-05 2.2776e-08 5.087e-08 8.0883e-08
1.879e-05 1.982e-08 4.9211e-08 8.0978e-08
1.935e-05 1.7935e-08 4.81e-08 8.255e-08
1.9472e-05 1.917e-08 4.765e-08 8.6104e-08
1.9155e-05 2.167e-08 4.7849e-08 9.1711e-08
1.8957e-05 1.4964e-08 4.8703e-08 9.9577e-08
1.8089e-05 9.9905e-09 5.0093e-08 1.0973e-07
1.7035e-05 1.3583e-08 6.8348e-08 1.7885e-07
1.5786e-05 3.2406e-08 8.4055e-08 2.397e-07
1.481e-05 5.7287e-08 1.0204e-07 3.1347e-07
1.3684e-05 7.6801e-08 1.1721e-07 3.7837e-07
1.3032e-05 8.058e-08 1.3521e-07 3.9863e-07
1.2545e-05 8.8258e-08 1.3211e-07 4.2564e-07
1.1655e-05 1.2083e-07 1.3076e-07 4.2998e-07
1.0992e-05 1.66e-07 1.4713e-07 4.1457e-07
1.0506e-05 2.2745e-07 1.6628e-07 4.0417e-07
9.9388e-06 2.7758e-07 1.8234e-07 3.8968e-07
9.5145e-06 3.4856e-07 2.0199e-07 3.805e-07
8.1591e-06 4.4936e-07 2.2558e-07 3.7622e-07
5.5141e-06 5.1135e-07 2.2205e-07 3.773e-07
3.436e-06 5.9886e-07 2.2075e-07 3.8262e-07
2.7656e-06 6.4629e-07 2.1687e-07 3.8168e-07
2.2542e-06 7.1587e-07 2.1548e-07 3.8553e-07
2.2262e-06 7.7256e-07 2.1153e-07 3.8585e-07
2.2282e-06 8.5548e-07 2.1002e-07 3.9092e-07
2.2096e-06 9.225e-07 2.0562e-07 3.9209e-07
2.1335e-06 9.715e-07 2.0396e-07 3.76e-07
2.0931e-06 1.0455e-06 2.0467e-07 3.6528e-07
2.0117e-06 1.4048e-06 2.5468e-07 3.4721e-07
1.9627e-06 1.9088e-06 3.1358e-07 3.3453e-07
1.8798e-06 2.781e-06 3.6631e-07 3.1769e-07
1.8296e-06 4.0361e-06 3.7517e-07 3.0605e-07
1.8052e-06 5.7757e-06 3.8749e-07 2.9847e-07
1.8047e-06 8.1504e-06 4.0357e-07 2.9466e-07
1.8874e-06 9.2487e-06 4.0419e-07 2.747e-07
1.833e-06 1.0802e-05 4.0855e-07 2.5991e-07
1.7099e-06 1.1823e-05 4.1731e-07 2.5046e-07
1.6242e-06 1.2159e-05 4.302e-07 2.45e-07
1.6031e-06 1.2263e-05 4.3949e-07 2.518e-07
1.6145e-06 1.2188e-05 4.5306e-07 2.6308e-07
1.4868e-06 1.2171e-05 4.7134e-07 2.79e-07
1.3949e-06 1.221e-05 4.9479e-07 3.0026e-07
1.33e-06 1.205e-05 5.2347e-07 3.2718e-07
1.1198e-06 1.1607e-05 5.1362e-07 3.6254e-07
1.0941e-06 1.0927e-05 5.0018e-07 3.9268e-07
1.0865e-06 1.0434e-05 4.9085e-07 4.3037e-07
1.0965e-06 1.0078e-05 4.854e-07 4.7704e-07
1.0911e-06 9.6494e-06 4.7628e-07 5.1715e-07
6.0365e-07 3.0185e-06 1.4553e-07 3.1806e-07
5.6087e-07 2.0992e-06 1.2419e-07 3.048e-07
4.9863e-07 1.8632e-06 1.2695e-07 2.8668e-07
4.538e-07 1.697e-06 1.3145e-07 2.741e-07
4.2359e-07 1.2005e-06 1.3795e-07 2.6587e-07
4.0559e-07 8.4633e-07 1.465e-07 2.6161e-07
3.7548e-07 7.9713e-07 1.525e-07 2.5505e-07
3.5715e-07 7.669e-07 1.3714e-07 2.1365e-07
3.1296e-07 7.1751e-07 1.2478e-07 1.9062e-07
2.3354e-07 6.2936e-07 1.0968e-07 1.9138e-07
1.1956e-07 5.949e-07 9.1929e-08 1.8846e-07
8.6716e-08 5.4263e-07 7.6915e-08 1.7411e-07
5.9672e-08 3.745e-07 6.3793e-08 1.6314e-07
5.982e-08 3.3008e-07 4.8168e-08 1.4858e-07
6.2597e-08 3.0139e-07 2.9821e-08 1.3973e-07
6.7419e-08 2.8341e-07 1.3672e-08 1.3373e-07
6.5667e-08 2.5865e-07 1.0637e-08 1.2494e-07
5.5838e-08 2.6869e-07 1.5516e-08 1.1287e-07
4.7651e-08 2.8635e-07 2.0569e-08 1.0341e-07
5.6147e-08 2.9246e-07 2.4073e-08 1.0683e-07
5.637e-08 2.9141e-07 2.792e-08 1.0386e-07
5.8287e-08 2.9877e-07 3.2216e-08 1.0294e-07
6.207e-08 3.0501e-07 2.7729e-08 1.0414e-07
5.9468e-08 3.1014e-07 3.767e-08 1.4621e-07
5.8239e-08 3.1416e-07 4.8725e-08 1.9707e-07
5.0578e-08 3.1706e-07 5.7463e-08 2.4147e-07
4.4197e-08 3.1885e-07 6.7398e-08 2.9805e-07
3.9108e-08 3.1952e-07 7.8993e-08 3.6816e-07
3.4959e-08 3.1907e-07 9.2572e-08 4.5502e-07
3.1465e-08 3.1751e-07 1.0852e-07 5.6263e-07
5.8162e-08 3.1484e-07 1.2191e-07 6.5852e-07
6.0325e-08 3.1105e-07 1.3791e-07 6.9276e-07
6.3931e-08 3.0615e-07 1.5658e-07 6.8361e-07
6.1298e-08 3.0013e-07 1.7241e-07 6.6997e-07
6.0587e-08 2.93e-07 1.9194e-07 6.6315e-07
5.3664e-08 2.8475e-07 2.0848e-07 6.5195e-07
8.5532e-08 2.7539e-07 2.2184e-07 6.3613e-07
8.3066e-08 2.6491e-07 2.2726e-07 6.2804e-07
7.3605e-08 2.5332e-07 2.2963e-07 6.1527e-07
6.689e-08 2.4061e-07 2.343e-07 6.0844e-07
5.3318e-08 2.2679e-07 2.362e-07 5.9703e-07
4.2197e-08 2.1185e-07 2.4074e-07 5.9193e-07
3.2728e-08 1.958e-07 2.4777e-07 5.9239e-07
2.6165e-08 1.3882e-07 2.335e-07 5.6238e-07
2.1282e-08 1.001e-07 2.1603e-07 5.232e-07
1.1001e-08 5.6221e-08 1.9531e-07 4.7797e-07
1.5472e-08 5.1697e-08 1.7135e-07 4.2612e-07
1.9015e-08 5.0146e-08 1.5081e-07 3.8402e-07
1.7519e-08 4.5759e-08 1.2716e-07 3.3593e-07
1.5344e-08 4.3795e-08 1.0699e-07 2.9748e-07
1.21e-08 4.3725e-08 8.944e-08 2.6619e-07
7.8289e-09 4.6104e-08 7.4381e-08 2.4148e-07
1.6579e-08 4.5602e-08 5.6699e-08 2.1231e-07
2.5238e-08 4.7271e-08 4.1246e-08 1.8904e-07
3.3981e-08 5.0947e-08 2.7379e-08 1.7017e-07
3.6989e-08 5.1758e-08 3.0384e-08 1.4764e-07
4.0598e-08 5.4978e-08 3.3778e-08 1.296e-07
4.4668e-08 6.0588e-08 3.7797e-08 6.3676e-08
4.2821e-08 6.3119e-08 4.0124e-08 5.5931e-08
4.1421e-08 6.8154e-08 4.2846e-08 4.9598e-08
4.0388e-08 7.6107e-08 4.6082e-08 4.4445e-08
4.01e-08 6.7511e-08 4.9986e-08 4.0454e-08
4.0086e-08 6.1879e-08 5.4505e-08 3.729e-08
4.0354e-08 5.8752e-08 5.9742e-08 3.4847e-08
4.093e-08 5.7891e-08 6.5812e-08 1.7189e-08
3.5929e-08 5.4273e-08 7.0039e-08 1.6851e-08
3.1765e-08 5.3123e-08 7.2465e-08 2.1571e-08
6.5974e-08 4.9447e-08 7.3208e-08 2.4838e-08
1.0432e-07 4.7221e-08 7.4411e-08 2.8355e-08
1.36e-07 4.3282e-08 7.413e-08 3.0565e-08
1.7207e-07 4.0552e-08 7.4243e-08 3.3008e-08
2.1247e-07 3.8628e-08 7.4588e-08 3.5592e-08
2.5889e-07 3.7577e-08 7.5256e-08 3.8442e-08
3.1232e-07 3.7312e-08 7.6221e-08 4.1582e-08
3.5872e-07 3.5312e-08 7.5847e-08 4.3479e-08
4.1282e-07 3.4042e-08 7.5753e-08 4.5677e-08
4.5966e-07 3.1053e-08 7.4323e-08 4.6628e-08
4.9932e-07 2.6325e-08 7.155e-08 4.6327e-08
4.5937e-07 2.5474e-08 6.9077e-08 4.6386e-08
4.1212e-07 2.2953e-08 6.5252e-08 4.518e-08
3.5736e-07 1.8741e-08 6.0063e-08 4.2699e-08
3.1082e-07 1.5032e-08 5.5189e-08 4.0571e-08
2.7159e-07 1.1702e-08 5.0617e-08 3.8801e-08
2.2469e-07 6.6615e-09 4.4616e-08 3.5683e-08
1.6794e-07 9.8322e-09 3.6963e-08 3.1001e-08
1.2442e-07 1.3843e-08 2.7471e-08 2.154e-08
6.2439e-08 1.5368e-08 1.893e-08 1.3891e-08
5.8817e-08 1.4732e-08 2.0755e-08 1.57e-08
5.6995e-08 1.491e-08 2.2722e-08 1.7831e-08
5.6832e-08 1.5915e-08 2.4882e-08 2.0379e-08
5.8401e-08 1.8e-08 2.7294e-08 2.3459e-08
6.1242e-08 2.105e-08 2.9913e-08 2.707e-08
6.6011e-08 2.5603e-08 3.2918e-08 3.1504e-08
7.2594e-08 2.0355e-08 3.6329e-08 3.68e-08
7.2384e-08 2.8618e-08 3.8047e-08 4.0228e-08
6.5773e-08 3.4115e-08 3.8149e-08 4.1912e-08
6.1405e-08 4.221e-08 3.8724e-08 4.4617e-08
5.8885e-08 3.8098e-08 3.9849e-08 4.8779e-08
5.8488e-08 3.5997e-08 4.1371e-08 5.4442e-08
5.9323e-08 3.5544e-08 4.3309e-08 6.1472e-08
5.3843e-08 3.2444e-08 4.3534e-08 6.6944e-08
4.9917e-08 3.1127e-08 4.4296e-08 7.4135e-08
4.73e-08 3.1445e-08 4.5612e-08 6.682e-08
3.8837e-08 2.9378e-08 4.5285e-08 5.7364e-08
3.1056e-08 2.8644e-08 4.5383e-08 4.9517e-08
5.3297e-08 2.5319e-08 4.3766e-08 6.0994e-08
7.9764e-08 2.3471e-08 4.2696e-08 7.5265e-08
1.1212e-07 2.2885e-08 4.2136e-08 7.3381e-08
1.5233e-07 2.3481e-08 4.2063e-08 7.2942e-08
1.8297e-07 2.1795e-08 4.032e-08 7.0483e-08
2.2254e-07 2.1248e-08 3.9046e-08 6.9431e-08
2.5184e-07 1.8247e-08 3.6122e-08 6.6395e-08
2.9092e-07 1.6278e-08 3.3621e-08 6.4697e-08
3.4217e-07 1.5126e-08 3.148e-08 6.4271e-08
3.7366e-07 1.7219e-08 2.7743e-08 6.1856e-08
3.9517e-07 1.7298e-08 2.245e-08 5.7592e-08
4.2648e-07 1.8047e-08 1.7407e-08 5.4425e-08
4.6937e-07 1.9558e-08 1.2519e-08 5.2266e-08
5.0065e-07 1.8941e-08 1.7421e-08 4.8278e-08
5.4511e-07 1.919e-08 1.4437e-08 4.5683e-08
5.7715e-07 1.7254e-08 1.0005e-08 4.1268e-08
6.2533e-07 1.6341e-08 5.6482e-09 3.7972e-08
6.9844e-07 1.6527e-08 4.8135e-09 2.663e-08
7.9697e-07 1.7664e-08 3.5604e-09 1.7084e-08
8.7566e-07 1.7665e-08 1.078e-09 1.938e-08
9.3663e-07 1.6531e-08 1.1932e-09 2.0139e-08
1.0238e-06 1.4262e-08 6.0942e-10 1.2437e-08
1.0915e-06 2.4104e-08 1.405e-09 2.779e-09
1.1425e-06 3.1069e-08 7.3841e-09 1.5823e-09
1.1775e-06 3.5268e-08 1.2116e-08 3.1389e-09
1.2361e-06 4.187e-08 1.7034e-08 4.4079e-09
1.3221e-06 5.1634e-08 2.2278e-08 5.4478e-09
1.3118e-06 5.0171e-08 2.7995e-08 6.3629e-09
1.3236e-06 5.1202e-08 3.4357e-08 7.1438e-09
1.3713e-06 4.4642e-08 4.1471e-08 7.9909e-09
1.4508e-06 1.753e-08 4.9595e-08 3.3873e-09
1.506e-06 1.4312e-08 5.5733e-08 3.6949e-09
1.5873e-06 1.1917e-08 6.2792e-08 3.626e-09
1.6417e-06 1.9454e-08 6.6719e-08 8.6078e-09
1.6785e-06 2.4442e-08 6.8764e-08 1.2128e-08
1.7406e-06 3.1247e-08 7.1706e-08 1.5963e-08
1.6578e-06 4.0216e-08 7.5439e-08 2.0146e-08
1.5555e-06 4.6294e-08 7.7292e-08 2.279e-08
1.4792e-06 5.472e-08 7.994e-08 2.5818e-08
1.3844e-06 6.0128e-08 8.0698e-08 2.7595e-08
1.3159e-06 6.8482e-08 8.2422e-08 2.9934e-08
1.2845e-06 8.3131e-08 8.2346e-08 3.0593e-08
1.2714e-06 1.07e-07 8.3045e-08 3.1693e-08
1.2463e-06 1.2668e-07 8.205e-08 3.134e-08
1.2365e-06 1.5244e-07 8.1722e-08 3.1361e-08
1.2142e-06 1.7317e-07 7.9852e-08 5.7036e-08
1.2034e-06 1.9899e-07 7.8334e-08 8.567e-08
1.2034e-06 2.306e-07 7.7091e-08 1.1757e-07
1.2138e-06 2.2077e-07 7.6085e-08 1.5318e-07
1.2159e-06 2.0822e-07 7.3732e-08 1.8634e-07
1.2279e-06 1.9903e-07 7.1552e-08 2.2332e-07
1.2514e-06 1.9338e-07 6.9621e-08 2.6512e-07
1.2866e-06 1.9087e-07 6.7908e-08 3.1239e-07
1.3345e-06 1.9137e-07 6.6393e-08 3.659e-07
1.1992e-06 1.9458e-07 6.4966e-08 4.2584e-07
1.0823e-06 2.0057e-07 6.3606e-08 4.9293e-07
9.5516e-07 2.0415e-07 6.0971e-08 5.5652e-07
8.1744e-07 2.0534e-07 5.7061e-08 6.1672e-07
6.6892e-07 2.0415e-07 5.1872e-08 6.7361e-07
5.0994e-07 2.0067e-07 4.5429e-08 7.2746e-07
3.4008e-07 1.9488e-07 6.6189e-08 7.7832e-07
1.9235e-07 1.9225e-07 8.8414e-08 8.3668e-07
1.966e-07 1.873e-07 1.09e-07 8.9181e-07
2.0276e-07 1.8515e-07 1.3102e-07 9.5439e-07
2.1095e-07 1.857e-07 1.5468e-07 1.0253e-06
2.1371e-07 1.8391e-07 1.7657e-07 1.0925e-06
2.1093e-07 1.797e-07 1.9665e-07 1.1559e-06
2.1073e-07 1.7849e-07 2.1867e-07 1.1383e-06
2.1328e-07 1.8034e-07 2.4298e-07 1.126e-06
2.1981e-07 1.8609e-07 2.705e-07 1.1197e-06
2.3195e-07 1.9704e-07 3.0244e-07 1.0323e-06
2.5243e-07 1.8191e-07 3.4012e-07 9.6529e-07
2.8626e-07 1.7495e-07 4.1414e-07 9.1947e-07
3.103e-07 1.6373e-07 4.8174e-07 8.6701e-07
3.4315e-07 1.5747e-07 5.5946e-07 8.2483e-07
3.8493e-07 1.551e-07 6.4739e-07 7.9051e-07
4.1681e-07 1.4921e-07 7.2899e-07 7.513e-07
4.397e-07 1.3996e-07 8.0508e-07 7.0734e-07
4.7145e-07 1.3456e-07 8.913e-07 6.7112e-07
4.9388e-07 1.2587e-07 9.7167e-07 6.3036e-07
5.0707e-07 1.1371e-07 1.0464e-06 5.8471e-07
5.3186e-07 1.0645e-07 1.1014e-06 5.4977e-07
5.4651e-07 9.5686e-08 1.1514e-06 5.0995e-07
5.7082e-07 8.8354e-08 1.2092e-06 4.7706e-07
5.7836e-07 7.7002e-08 1.2766e-06 4.521e-07
5.7636e-07 6.2251e-08 1.3386e-06 4.2341e-07
5.8382e-07 5.1033e-08 1.4097e-06 4.0001e-07
5.8175e-07 3.6593e-08 1.4755e-06 3.7306e-07
5.9039e-07 2.5562e-08 1.5521e-06 3.5157e-07
6.0877e-07 1.6702e-08 1.6396e-06 3.3439e-07
6.4044e-07 9.6505e-09 1.741e-06 3.2157e-07
6.4498e-07 1.0328e-08 1.7474e-06 2.95e-07
6.6112e-07 1.1328e-08 1.7609e-06 2.7362e-07
6.8799e-07 1.2587e-08 1.7811e-06 2.5623e-07
7.0482e-07 1.2e-08 1.7969e-06 2.3587e-07
7.3373e-07 1.1777e-08 1.8201e-06 2.1949e-07
7.7602e-07 1.1981e-08 1.851e-06 2.0653e-07
8.3723e-07 8.9729e-09 1.8901e-06 1.9657e-07
9.1608e-07 6.3019e-09 1.9382e-06 1.8924e-07
1.0225e-06 3.8266e-09 1.9812e-06 1.7842e-07
1.1162e-06 7.7997e-09 2.02e-06 1.6547e-07
1.2281e-06 1.1889e-08 2.0656e-06 1.545e-07
1.3625e-06 1.6384e-08 2.1189e-06 1.4544e-07
1.5203e-06 2.135e-08 2.1795e-06 1.3785e-07
1.6652e-06 2.4574e-08 2.2365e-06 1.2858e-07
1.8357e-06 2.8381e-08 2.3011e-06 1.2069e-07
1.9926e-06 3.0407e-08 2.3619e-06 1.1115e-07
2.1362e-06 3.0658e-08 2.419e-06 9.9938e-08
2.2189e-06 2.7174e-08 2.4841e-06 9.0377e-08
2.3244e-06 2.453e-08 2.5586e-06 8.2164e-08
2.4529e-06 2.2406e-08 2.6424e-06 7.4956e-08
2.3657e-06 2.0853e-08 2.6075e-06 6.8802e-08
2.2983e-06 1.963e-08 2.5793e-06 6.3413e-08
2.2511e-06 1.8809e-08 2.5581e-06 5.8834e-08
2.2206e-06 1.822e-08 2.5431e-06 5.4838e-08
2.2083e-06 1.7976e-08 2.5348e-06 5.149e-08
2.2142e-06 1.8103e-08 2.5333e-06 4.8753e-08
2.2379e-06 1.8622e-08 2.5382e-06 4.651e-08
2.249e-06 4.3546e-08 2.5392e-06 4.2823e-08
2.2791e-06 7.4225e-08 2.547e-06 3.9661e-08
2.2947e-06 1.0025e-07 2.5501e-06 3.4934e-08
2.3732e-06 1.1275e-07 2.4707e-06 3.275e-08
2.4783e-06 1.2947e-07 2.4022e-06 3.0953e-08
2.6248e-06 1.2131e-07 2.3437e-06 2.9509e-08
2.7521e-06 1.1004e-07 2.28e-06 2.6674e-08
2.8616e-06 9.5541e-08 2.211e-06 2.2443e-08
3.0061e-06 8.5018e-08 2.1525e-06 1.8617e-08
3.1302e-06 7.2227e-08 2.0885e-06 1.3376e-08
3.2874e-06 6.23e-08 2.0333e-06 8.3368e-09
3.4244e-06 4.9541e-08 1.973e-06 1.1894e-08
3.5996e-06 3.9512e-08 1.9218e-06 1.551e-08
3.8201e-06 3.1677e-08 1.8788e-06 1.9277e-08
4.0945e-06 2.548e-08 1.8434e-06 2.3366e-08
4.4282e-06 2.0299e-08 1.8146e-06 2.7739e-08
4.8243e-06 1.5679e-08 1.7914e-06 3.2359e-08
5.1775e-06 1.9351e-08 1.7648e-06 3.5643e-08
5.5977e-06 2.3522e-08 1.7439e-06 3.9234e-08
6.0937e-06 2.8339e-08 1.7282e-06 4.3165e-08
6.103e-06 3.4012e-08 1.7176e-06 4.7492e-08
6.099e-06 3.7922e-08 1.7043e-06 5.0556e-08
6.1238e-06 4.2761e-08 1.6958e-06 5.4024e-08
6.1754e-06 4.8598e-08 1.6916e-06 5.7836e-08
6.2135e-06 5.2596e-08 1.6848e-06 6.0373e-08
6.2394e-06 5.4835e-08 1.6756e-06 6.1677e-08
6.3001e-06 5.2732e-08 1.671e-06 6.3448e-08
6.3482e-06 4.8871e-08 1.6641e-06 6.3981e-08
6.427e-06 4.6089e-08 1.6618e-06 6.4994e-08
6.4928e-06 4.1563e-08 1.657e-06 6.4758e-08
6.5455e-06 3.5251e-08 1.6497e-06 6.3259e-08
6.6321e-06 3.0125e-08 1.6469e-06 6.2192e-08
6.4207e-06 2.8849e-08 1.6489e-06 6.173e-08
6.2513e-06 2.8138e-08 1.6558e-06 6.1781e-08
6.1194e-06 2.796e-08 1.6676e-06 6.2342e-08
5.9713e-06 2.6097e-08 1.6766e-06 6.1578e-08
5.859e-06 2.4764e-08 1.6907e-06 6.1347e-08
5.7805e-06 2.3941e-08 1.7101e-06 6.1681e-08
5.3172e-06 2.6269e-08 1.7354e-06 6.2767e-08
4.8203e-06 2.6815e-08 1.7574e-06 6.2647e-08
4.4061e-06 2.805e-08 1.7856e-06 6.3208e-08
4.0619e-06 3.0129e-08 1.8202e-06 6.4463e-08
3.776e-06 3.3082e-08 1.8617e-06 6.6439e-08
3.54e-06 3.7108e-08 1.9105e-06 6.9195e-08
3.3619e-06 3.5132e-08 1.9668e-06 7.299e-08
3.2164e-06 3.4094e-08 2.031e-06 7.7614e-08
3.0992e-06 3.3847e-08 2.1038e-06 8.3162e-08
2.9654e-06 3.163e-08 2.0767e-06 8.5382e-08
2.8155e-06 2.7473e-08 2.0459e-06 8.6029e-08
2.6957e-06 2.4209e-08 2.0217e-06 8.7641e-08
2.6026e-06 2.172e-08 2.0038e-06 9.0262e-08
2.5335e-06 1.9796e-08 1.9921e-06 9.3956e-08
2.4297e-06 2.0188e-08 1.9769e-06 9.5999e-08
2.3486e-06 2.0915e-08 1.9674e-06 9.9004e-08
2.2561e-06 2.0028e-08 1.9549e-06 1.0055e-07
2.1528e-06 1.7581e-08 1.9398e-06 1.0071e-07
2.0386e-06 1.3567e-08 1.9219e-06 9.9497e-08
1.946e-06 9.819e-09 1.9094e-06 9.9156e-08
1.8709e-06 6.079e-09 1.9016e-06 9.9542e-08
1.8119e-06 2.2229e-09 1.8986e-06 1.0068e-07
1.7417e-06 3.5106e-09 1.8926e-06 1.0032e-07
1.6897e-06 4.3374e-09 1.747e-06 1.0096e-07
1.6547e-06 4.7934e-09 1.6168e-06 1.0264e-07
1.6088e-06 3.8245e-09 1.4801e-06 1.0275e-07
1.5797e-06 2.4701e-09 1.3583e-06 1.0398e-07
1.5365e-06 4.0456e-09 1.2298e-06 1.0356e-07
1.5092e-06 5.2468e-09 1.1151e-06 1.0421e-07
1.4987e-06 6.2428e-09 1.0143e-06 1.0616e-07
1.3432e-06 8.4788e-09 9.2539e-07 1.095e-07
1.2197e-06 1.098e-08 8.2948e-07 1.1575e-07
1.1195e-06 1.3801e-08 7.4498e-07 1.2361e-07
1.0044e-06 1.4782e-08 6.5414e-07 1.2946e-07
9.1473e-07 1.6535e-08 5.7569e-07 1.3743e-07
8.5555e-07 1.4704e-08 5.0823e-07 1.2473e-07
8.1194e-07 1.3415e-08 4.4938e-07 1.1431e-07
7.5513e-07 1.0105e-08 3.8474e-07 1.0144e-07
7.1535e-07 7.4394e-09 3.2929e-07 9.1103e-08
5.6956e-07 6.5864e-09 2.8295e-07 8.3454e-08
4.5343e-07 5.7942e-09 2.4298e-07 7.7577e-08
3.612e-07 4.9986e-09 2.0854e-07 7.3283e-08
2.5166e-07 1.1335e-08 1.6997e-07 6.6883e-08
1.6641e-07 1.0292e-08 1.371e-07 6.2214e-08
1.4939e-07 1.4921e-08 1.0001e-07 5.514e-08
1.3738e-07 2.0834e-08 6.7674e-08 2.5666e-08
1.1671e-07 2.4027e-08 6.8182e-08 2.272e-08
1.0351e-07 2.1592e-08 6.9493e-08 2.0278e-08
9.4451e-08 2.0544e-08 7.1807e-08 1.8328e-08
8.8883e-08 2.0683e-08 7.5229e-08 1.6779e-08
1.3163e-07 1.8125e-08 7.6651e-08 2.4949e-08
1.3206e-07 1.6891e-08 7.9172e-08 2.4287e-08
1.3691e-07 1.6612e-08 8.2843e-08 2.4141e-08
1.4644e-07 1.725e-08 8.7757e-08 2.4498e-08
1.6146e-07 1.9022e-08 9.4047e-08 2.5376e-08
1.819e-07 2.1775e-08 1.0166e-07 2.6686e-08
1.936e-07 2.2189e-08 1.0704e-07 2.6388e-08
1.9701e-07 4.344e-08 1.1017e-07 2.4539e-08
2.5639e-07 1.1855e-07 1.1123e-07 2.1012e-08
3.3263e-07 2.2251e-07 1.1375e-07 1.8064e-08
3.9347e-07 3.0983e-07 1.1409e-07 2.3898e-08
4.4247e-07 3.8403e-07 1.1244e-07 2.8112e-08
4.8044e-07 4.469e-07 1.0879e-07 3.0761e-08
4.5628e-07 5.6889e-07 1.0648e-07 3.423e-08
4.4135e-07 7.3009e-07 1.052e-07 3.8345e-08
4.1644e-07 8.6848e-07 1.0196e-07 4.0795e-08
3.8172e-07 9.8573e-07 9.6849e-08 4.1671e-08
3.3702e-07 1.0874e-06 8.9842e-08 4.0988e-08
3.031e-07 1.2257e-06 8.4041e-08 4.1035e-08
2.8241e-07 1.2937e-06 7.9305e-08 4.184e-08
2.6889e-07 1.3889e-06 7.5512e-08 4.338e-08
2.619e-07 1.5201e-06 7.2577e-08 4.5714e-08
2.6047e-07 1.6976e-06 7.0299e-08 4.8788e-08
2.5083e-07 1.8493e-06 6.6253e-08 5.0147e-08
2.3276e-07 1.9875e-06 6.04e-08 4.9791e-08
2.212e-07 2.1784e-06 5.5389e-08 5.036e-08
2.0132e-07 2.3407e-06 4.8586e-08 4.9195e-08
1.7275e-07 2.4777e-06 3.9933e-08 4.6265e-08
2.1301e-07 2.5855e-06 2.9413e-08 4.155e-08
2.6456e-07 2.7404e-06 1.9921e-08 3.7896e-08
3.0529e-07 2.8706e-06 8.5927e-09 3.2494e-08
3.2979e-07 2.97e-06 6.2489e-09 3.5021e-08
3.4374e-07 3.048e-06 1.0495e-08 3.5795e-08
3.6686e-07 3.0261e-06 1.4726e-08 3.7258e-08
3.7926e-07 2.9881e-06 1.7469e-08 3.6976e-08
4.0238e-07 2.803e-06 2.0312e-08 3.7517e-08
4.3579e-07 2.6689e-06 2.322e-08 3.8732e-08
4.8134e-07 2.5758e-06 2.6254e-08 4.0658e-08
5.1548e-07 2.4638e-06 2.7792e-08 4.0923e-08
5.6243e-07 2.3855e-06 2.9473e-08 4.1902e-08
5.9671e-07 2.2886e-06 2.9594e-08 4.1137e-08
5.4832e-07 2.2253e-06 2.6415e-08 4.1295e-08
5.1335e-07 2.1864e-06 2.3428e-08 4.2187e-08
4.6583e-07 2.1333e-06 3.5776e-08 4.1319e-08
4.0501e-07 2.0646e-06 4.6039e-08 3.8681e-08
3.5955e-07 2.0232e-06 5.7696e-08 3.6944e-08
3.367e-07 1.9286e-06 6.2462e-08 3.6846e-08
3.0297e-07 1.8124e-06 6.5308e-08 3.5009e-08
2.5772e-07 1.6713e-06 6.6247e-08 3.1407e-08
2.2613e-07 1.5803e-06 6.8132e-08 1.3509e-08
1.812e-07 1.4651e-06 6.6e-08 9.5724e-09
1.4677e-07 1.3877e-06 6.4942e-08 5.9627e-09
1.6865e-07 1.2866e-06 6.6227e-08 6.5706e-09
1.9718e-07 1.2157e-06 6.8301e-08 6.9766e-09
2.1618e-07 1.1274e-06 6.8441e-08 6.1222e-09
2.4695e-07 9.5714e-07 6.9384e-08 5.0769e-09
2.3318e-07 8.5928e-07 7.1662e-08 4.5006e-09
2.2607e-07 7.9085e-07 7.4829e-08 3.6189e-09
2.0812e-07 8.1306e-07 7.6003e-08 7.3253e-09
1.9649e-07 8.5027e-07 7.8088e-08 1.1177e-08
1.7581e-07 8.7711e-07 7.8171e-08 1.356e-08
1.1489e-07 9.6541e-07 7.2528e-08 1.8147e-08
6.6487e-08 1.0924e-06 6.8185e-08 2.3473e-08
6.6374e-08 1.757e-06 6.1907e-08 2.7021e-08
5.9939e-08 2.3623e-06 5.3657e-08 2.8953e-08
5.5036e-08 3.1861e-06 4.6405e-08 3.1476e-08
4.3654e-08 3.88e-06 3.7131e-08 3.2292e-08
6.8033e-08 4.4689e-06 2.5871e-08 3.1476e-08
8.4904e-08 4.9696e-06 2.9608e-08 4.6196e-08
9.4743e-08 5.3955e-06 3.1762e-08 5.8427e-08
1.1495e-07 6.1389e-06 4.0219e-08 5.9094e-08
1.4138e-07 6.3836e-06 4.9837e-08 6.1101e-08
1.756e-07 6.4413e-06 6.0668e-08 6.4347e-08
1.9759e-07 6.4685e-06 6.5476e-08 6.449e-08
2.321e-07 6.5561e-06 7.1227e-08 6.5909e-08
2.2096e-07 6.7126e-06 7.8064e-08 6.8709e-08
2.273e-07 6.7431e-06 8.703e-08 7.3259e-08
2.3993e-07 6.8137e-06 9.7503e-08 7.9385e-08
2.5956e-07 6.9308e-06 1.0972e-07 8.7316e-08
2.8745e-07 7.1093e-06 1.2398e-07 9.7358e-08
3.0478e-07 7.2467e-06 1.3558e-07 1.0482e-07
3.3199e-07 7.4544e-06 1.4965e-07 1.1485e-07
3.4818e-07 7.6162e-06 1.6178e-07 1.2217e-07
3.5411e-07 7.7448e-06 1.7126e-07 1.2692e-07
3.4991e-07 7.8441e-06 1.7814e-07 1.2918e-07
3.5504e-07 8.0031e-06 1.8738e-07 1.3383e-07
5.3431e-07 8.1316e-06 1.9412e-07 1.3607e-07
7.5848e-07 8.3205e-06 2.0299e-07 1.4045e-07
1.046e-06 8.3356e-06 2.1419e-07 1.4715e-07
1.2983e-06 8.3301e-06 2.2281e-07 1.514e-07
1.5224e-06 8.3065e-06 2.2912e-07 1.5346e-07
1.7212e-06 8.2645e-06 2.3315e-07 1.5335e-07
1.9661e-06 8.2581e-06 2.3907e-07 1.5512e-07
2.1821e-06 8.2329e-06 2.4262e-07 1.5466e-07
2.4488e-06 8.2425e-06 2.4808e-07 1.5607e-07
2.6837e-06 8.2332e-06 2.5114e-07 1.5522e-07
2.9831e-06 8.2633e-06 2.5653e-07 1.5661e-07
3.3683e-06 8.3379e-06 2.6456e-07 1.6049e-07
3.8691e-06 8.4706e-06 2.7559e-07 1.6713e-07
4.5199e-06 8.4514e-06 2.8961e-07 1.7659e-07
5.0909e-06 8.8464e-06 3.0065e-07 1.8327e-07
5.8353e-06 9.4059e-06 3.1549e-07 1.9331e-07
6.4774e-06 9.8596e-06 3.2701e-07 2.0027e-07
7.5568e-06 1.0036e-05 3.4191e-07 2.1056e-07
8.9593e-06 1.0301e-05 3.6098e-07 2.2488e-07
1.0781e-05 1.0685e-05 3.8476e-07 2.4387e-07
1.3156e-05 1.1245e-05 4.1392e-07 2.6843e-07
1.5234e-05 1.1804e-05 4.3909e-07 4.2438e-07
1.7934e-05 1.2363e-05 4.7004e-07 6.1717e-07
2.1442e-05 1.2921e-05 5.0765e-07 8.5569e-07
2.5998e-05 1.3478e-05 5.5297e-07 1.1511e-06
2.7959e-05 1.4035e-05 8.06e-07 1.5818e-06
2.8726e-05 1.4591e-05 1.1047e-06 2.1233e-06
2.98e-05 1.5147e-05 1.4575e-06 2.3038e-06
3.1182e-05 1.5702e-05 1.8681e-06 2.5244e-06
