Manis_javanica Manis_pentadactyla Manis_tricuspis
0.15415 0.00031927 0.0013502
0.15371 0.00031747 0.0013498
0.1533 0.00031571 0.0013495
0.15287 0.00031392 0.0013492
0.15248 0.00031217 0.001349
0.15213 0.00031049 0.0013458
0.1518 0.00030885 0.0013429
0.15146 0.00030719 0.0013398
0.1511 0.0003055 0.0013367
0.15072 0.00030378 0.0013334
0.15033 0.00030204 0.00133
0.14991 0.00030027 0.0013266
0.14948 0.00029847 0.001323
0.14903 0.00029665 0.0013193
0.14862 0.00029487 0.0013159
0.14819 0.00029307 0.0013123
0.14779 0.00029132 0.0013089
0.14737 0.00028953 0.0013054
0.14693 0.00028772 0.0013018
0.14648 0.00028588 0.0012981
0.14605 0.00028408 0.0012946
0.14566 0.00028233 0.0012913
0.14531 0.00028064 0.0012882
0.14493 0.00027891 0.0012851
0.14454 0.00027716 0.0012816
0.14418 0.00027545 0.0012783
0.14385 0.00027379 0.0012753
0.14355 0.00027217 0.0012724
0.14323 0.00027052 0.0012694
0.14289 0.00026884 0.0012663
0.14259 0.00026722 0.0012634
0.14232 0.00026564 0.0012608
0.14089 0.00026415 0.0012583
0.13953 0.0002627 0.0012561
0.13824 0.00026129 0.001254
0.13691 0.00025985 0.0012518
0.13554 0.00025839 0.0012496
0.13425 0.00025698 0.0012475
0.13303 0.0002556 0.0012456
0.13177 0.00025421 0.0012436
0.13057 0.00025285 0.0012418
0.12943 0.00025153 0.0012401
0.12836 0.00025026 0.0012386
0.12725 0.00024896 0.0012371
0.12621 0.00024771 0.0012322
0.12523 0.00024651 0.0012276
0.12431 0.00024534 0.0012233
0.12344 0.00024422 0.0012193
0.12262 0.00024314 0.0012155
0.12185 0.00024209 0.001212
0.12106 0.00024102 0.0012083
0.12024 0.00023993 0.0012045
0.11947 0.00023888 0.001201
0.11874 0.00023787 0.0011927
0.11799 0.00023682 0.0011883
0.11721 0.00023575 0.0011839
0.11647 0.00023471 0.0011797
0.11571 0.00023365 0.0011754
0.115 0.00023263 0.0011656
0.11433 0.00023166 0.0011451
0.11372 0.00023073 0.0011257
0.11307 0.00022977 0.0011056
0.11241 0.00022879 0.0010841
0.11178 0.00022784 0.0010636
0.11113 0.00022687 0.0010424
0.11045 0.00022588 0.0010207
0.10975 0.00022485 0.0009983
0.10902 0.00022381 0.00098603
0.10827 0.00022274 0.00097346
0.1075 0.00022165 0.00096057
0.10677 0.0002206 0.00094857
0.10602 0.00021953 0.00093628
0.10532 0.00021849 0.00092457
0.10459 0.00021743 0.00091257
0.10384 0.00021635 0.00090028
0.10313 0.00021531 0.00088856
0.10246 0.0002143 0.00087747
0.10177 0.00021327 0.00086605
0.10112 0.00021227 0.00085517
0.1005 0.0002113 0.0008448
0.09987 0.00021031 0.00083418
0.099271 0.00020936 0.00082405
0.098642 0.00020836 0.00081863
0.097993 0.00020735 0.00081307
0.097323 0.00020631 0.00080737
0.096625 0.00020524 0.00080451
0.095907 0.00020414 0.00080157
0.095231 0.00020309 0.00079882
0.094532 0.00020201 0.00079597
0.093875 0.00020097 0.0007933
0.093195 0.0001999 0.00079054
0.092497 0.00019882 0.0007877
0.091778 0.00019772 0.00078477
0.091101 0.00019665 0.00078203
0.090463 0.00019562 0.00077946
0.089801 0.00019455 0.00077865
0.089119 0.00019347 0.00077777
0.088418 0.00019236 0.00077684
0.087756 0.00019129 0.00077603
0.087129 0.00019025 0.00077533
0.086537 0.00018924 0.00077473
0.085976 0.00018826 0.00077425
0.085446 0.00018731 0.00077387
0.084945 0.00018639 0.00077359
0.084472 0.00018549 0.00077341
0.084023 0.00018462 0.00077332
0.083561 0.00018373 0.00077318
0.083085 0.00018282 0.000773
0.082599 0.00018191 0.00077278
0.082138 0.00018101 0.00077265
0.081667 0.00018011 0.00077249
0.081218 0.00017922 0.00077241
0.080759 0.00017833 0.0007723
0.08029 0.00017742 0.00077215
0.079845 0.00017654 0.00077209
0.079421 0.00017567 0.00077211
0.079018 0.00017483 0.00077222
0.078603 0.00017397 0.00077228
0.07818 0.0001731 0.00077231
0.077747 0.00017222 0.00077231
0.077304 0.00017133 0.00077227
0.076885 0.00017046 0.00077233
0.076485 0.00016961 0.00077246
0.076107 0.00016878 0.00077268
0.075719 0.00016794 0.00077286
0.075352 0.00016713 0.00077313
0.074977 0.0001663 0.00077337
0.07462 0.00016549 0.00077369
0.074253 0.00016466 0.00077397
0.073878 0.00016383 0.00077422
0.073525 0.00016302 0.00077171
0.07319 0.00016223 0.00076932
0.072875 0.00016146 0.00076704
0.072579 0.00016071 0.00076488
0.072298 0.00015998 0.00076282
0.072009 0.00015924 0.00076072
0.071738 0.00015852 0.00075872
0.071459 0.00015778 0.00075669
0.071173 0.00015704 0.00075462
0.07088 0.00015629 0.00075251
0.07058 0.00015552 0.00075038
0.070274 0.00015475 0.0007482
0.069982 0.00015399 0.00074613
0.069683 0.00015322 0.00074401
0.069376 0.00015244 0.00074186
0.069086 0.00015168 0.00073981
0.068789 0.00015091 0.00073772
0.068506 0.00015016 0.00073572
0.068216 0.00014939 0.00073369
0.067943 0.00014865 0.00073176
0.067686 0.00014792 0.00072993
0.067443 0.0001472 0.00072818
0.067192 0.00014648 0.0007264
0.066935 0.00014574 0.00072458
0.066692 0.00014502 0.00072285
0.066442 0.0001443 0.00072109
0.066186 0.00014356 0.0007193
0.065923 0.00014281 0.00071747
0.065675 0.00014208 0.00071574
0.065443 0.00014136 0.0007141
0.065224 0.00014066 0.00071254
0.064998 0.00013995 0.00071095
0.064785 0.00013926 0.00070944
0.064566 0.00013856 0.0007079
0.064362 0.00013787 0.00070645
0.064169 0.00013719 0.00070507
0.063972 0.00013651 0.00070367
0.063769 0.00013582 0.00070224
0.063578 0.00013514 0.00070089
0.0634 0.00013448 0.00069961
0.063216 0.0001338 0.00069831
0.063026 0.00013312 0.00069697
0.06283 0.00013243 0.00069562
0.062647 0.00013176 0.00069433
0.062459 0.00013107 0.00069302
0.062284 0.0001304 0.0006918
0.062123 0.00012975 0.00069066
0.061976 0.00012911 0.0006896
0.061824 0.00012847 0.00068851
0.061684 0.00012784 0.00068751
0.061558 0.00012722 0.00068659
0.061445 0.00012662 0.00068574
0.061344 0.00012603 0.00068496
0.061236 0.00012543 0.00068416
0.06114 0.00012485 0.00068342
0.061056 0.00012428 0.00068275
0.060982 0.00012372 0.00068215
0.060903 0.00012315 0.00068152
0.060818 0.00012258 0.00068086
0.060729 0.00012199 0.00068019
0.06065 0.00012142 0.00067958
0.060566 0.00012084 0.00067894
0.060495 0.00012027 0.00067838
0.060419 0.0001197 0.0006778
0.060337 0.00011911 0.00067719
0.060268 0.00011855 0.00067665
0.060212 0.00011799 0.00067619
0.06015 0.00011743 0.00067571
0.060099 0.00011688 0.00067529
0.060061 0.00011634 0.00067495
0.060035 0.00011582 0.00067467
0.060019 0.0001153 0.00067446
0.059997 0.00011478 0.00067422
0.059988 0.00011428 0.00067405
0.059973 0.00011376 0.00067386
0.059952 0.00011323 0.00067364
0.059942 0.00011272 0.00067348
0.059927 0.0001122 0.0006733
0.059923 0.00011169 0.00067318
0.05993 0.00011119 0.00067314
0.059948 0.0001107 0.00067315
0.059961 0.00011021 0.00067314
0.059967 0.0001097 0.0006731
0.059986 0.00010921 0.00067314
0.06 0.00010871 0.00067314
0.060026 0.00010823 0.00067323
0.060066 0.00010775 0.00067339
0.060118 0.00010729 0.00067363
0.060182 0.00010685 0.00067393
0.060257 0.00010641 0.0006743
0.060347 0.00010599 0.00067476
0.06045 0.00010559 0.0006753
0.059791 0.0001052 0.00067592
0.05912 0.00010481 0.0006765
0.058438 0.0001044 0.00067705
0.057743 0.00010399 0.00067757
0.057039 0.00010356 0.00067805
0.056362 0.00010315 0.00067862
0.055712 0.00010276 0.00067927
0.055088 0.00010237 0.00068001
0.054488 0.00010201 0.00068083
0.053916 0.00010165 0.00067922
0.053363 0.00010131 0.0006777
0.052801 0.00010096 0.00067613
0.05223 0.0001006 0.00067454
0.05165 0.00010024 0.00067291
0.05109 9.988e-05 0.00067137
0.050521 9.9514e-05 0.00066979
0.049942 9.9139e-05 0.00066817
0.049385 9.8776e-05 0.00066665
0.048848 9.8424e-05 0.00066521
0.048302 9.8063e-05 0.00066373
0.047747 9.7693e-05 0.00066223
0.047211 9.7334e-05 0.0006608
0.046667 9.6967e-05 0.00065934
0.04614 9.6609e-05 0.00065796
0.045605 9.6243e-05 0.00065655
0.045061 9.5867e-05 0.0006551
0.044509 9.5483e-05 0.00065362
0.043977 9.5111e-05 0.00065223
0.043436 9.473e-05 0.0006508
0.042916 9.4361e-05 0.00064946
0.042388 9.3984e-05 0.0006481
0.04188 9.3619e-05 0.00064681
0.041364 9.3245e-05 0.0006455
0.040867 9.2883e-05 0.00064427
0.040364 9.2513e-05 0.00064302
0.039852 9.2134e-05 0.00064173
0.039359 9.1767e-05 0.00064053
0.038859 9.1392e-05 0.0006393
0.038376 9.1026e-05 0.00063815
0.037884 9.0653e-05 0.00063696
0.037409 9.0288e-05 0.00063584
0.036927 8.9916e-05 0.0006347
0.03646 8.9553e-05 0.00063363
0.035985 8.9181e-05 0.00063252
0.035528 8.8821e-05 0.0006315
0.035063 8.8452e-05 0.00063044
0.034592 8.8075e-05 0.00062937
0.034114 8.7691e-05 0.00062826
0.033629 8.7299e-05 0.00062713
0.033161 8.6919e-05 0.00062608
0.032688 8.653e-05 0.00062501
0.032207 8.6134e-05 0.0006239
0.031719 8.5731e-05 0.00062278
0.03125 8.5338e-05 0.00062173
0.030772 8.4937e-05 0.00062065
0.030286 8.4527e-05 0.00061954
0.029793 8.411e-05 0.00061841
0.029293 8.3685e-05 0.00061725
0.02881 8.3269e-05 0.00061616
0.028318 8.2845e-05 0.00061504
0.027842 8.243e-05 0.00061399
0.027358 8.2007e-05 0.00061291
0.026891 8.1595e-05 0.00061191
0.026443 8.1194e-05 0.00061099
0.025987 8.0785e-05 0.00061004
0.025547 8.0387e-05 0.00060917
0.025123 7.9999e-05 0.00060837
0.024694 7.9601e-05 0.00060753
0.024258 7.9195e-05 0.00060667
0.023837 7.8799e-05 0.00060588
0.023408 7.8394e-05 0.00060505
0.022995 7.8e-05 0.00060431
0.022574 7.7598e-05 0.00060353
0.022146 7.7186e-05 0.00060273
0.021733 7.6786e-05 0.000602
0.021335 7.6395e-05 0.00060133
0.020929 7.5995e-05 0.00060064
0.020538 7.5606e-05 0.00060002
0.020141 7.5209e-05 0.00059938
0.019757 7.4821e-05 0.0005988
0.019365 7.4425e-05 0.00059819
0.018987 7.4038e-05 0.00059765
0.018601 7.3642e-05 0.00059708
0.018209 7.3238e-05 0.00059648
0.017831 7.2844e-05 0.00059596
0.017467 7.2461e-05 0.0005955
0.017116 7.2088e-05 0.00059513
0.016777 7.1724e-05 0.00059481
0.016432 7.1351e-05 0.00059447
0.016099 7.0989e-05 0.00059419
0.015761 7.0619e-05 0.0005939
0.015434 7.0258e-05 0.00059367
0.015118 6.9906e-05 0.0005935
0.014812 6.9562e-05 0.00059339
0.014518 6.9229e-05 0.00059336
0.014236 6.8906e-05 0.0005934
0.013965 6.8593e-05 0.00059352
0.013703 6.8288e-05 0.00059369
0.013435 6.7975e-05 0.00059384
0.013176 6.767e-05 0.00059405
0.012912 6.7357e-05 0.00059424
0.012641 6.7034e-05 0.00059439
0.012381 6.6723e-05 0.00059207
0.012131 6.6421e-05 0.00058986
0.011876 6.6112e-05 0.00058761
0.011631 6.5812e-05 0.00058548
0.01138 6.5504e-05 0.0005833
0.011123 6.5187e-05 0.00058107
0.010861 6.4861e-05 0.00057882
0.01061 6.4546e-05 0.00057667
0.010352 6.4222e-05 0.00057447
0.010104 6.3908e-05 0.00057238
0.0098653 6.3602e-05 0.00057039
0.0096206 6.3287e-05 0.00056835
0.0093707 6.2965e-05 0.00056628
0.0091306 6.2652e-05 0.00056431
0.0088985 6.2348e-05 0.00056243
0.0086756 6.2054e-05 0.00056065
0.0084613 6.1769e-05 0.00055896
0.0082555 6.1494e-05 0.00055737
0.0080445 6.121e-05 0.00055574
0.0078418 6.0936e-05 0.0005542
0.0076338 6.0653e-05 0.00055262
0.0074204 6.0361e-05 0.000551
0.0072022 6.006e-05 0.00054935
0.0073412 5.9728e-05 0.00054762
0.0074756 5.9386e-05 0.00054585
0.0076061 5.9036e-05 0.00054404
0.0077419 5.8695e-05 0.00054232
0.0078832 5.8362e-05 0.00054068
0.0080205 5.8021e-05 0.00053901
0.0081634 5.7689e-05 0.00053742
0.0083017 5.7347e-05 0.0005358
0.0084457 5.7014e-05 0.00053425
0.0085851 5.6671e-05 0.00053267
0.0087302 5.6337e-05 0.00053117
0.0088821 5.6013e-05 0.00052975
0.0090411 5.5698e-05 0.00052843
0.0092064 5.5391e-05 0.00052718
0.0093668 5.5075e-05 0.0005259
0.0095224 5.475e-05 0.00052457
0.0096842 5.4434e-05 0.00052333
0.0098412 5.4108e-05 0.00052204
0.010006 5.3792e-05 0.00052085
0.010166 5.3467e-05 0.00051962
0.010333 5.3152e-05 0.00051847
0.010509 5.2847e-05 0.00051741
0.010692 5.2549e-05 0.00051643
0.01087 5.2243e-05 0.0005154
0.011056 5.1946e-05 0.00051446
0.011237 5.164e-05 0.00051349
0.011425 5.1343e-05 0.00051259
0.011609 5.1036e-05 0.00051165
0.0118 5.0739e-05 0.00050774
0.011986 5.0434e-05 0.00050377
0.012166 5.0118e-05 0.00049972
0.012355 4.9813e-05 0.00049585
0.012539 4.9498e-05 0.0004919
0.012731 4.9192e-05 0.00048812
0.012919 4.8879e-05 0.00048428
0.013114 4.8573e-05 0.00048059
0.013318 4.8275e-05 0.00047703
0.013531 4.7984e-05 0.00047361
0.013752 4.7702e-05 0.00047032
0.013968 4.7411e-05 0.00046698
0.014195 4.7129e-05 0.00046378
0.014415 4.6838e-05 0.00046052
0.014646 4.6556e-05 0.0004574
0.014886 4.6282e-05 0.0004544
0.01512 4.5998e-05 0.00045135
0.015365 4.5724e-05 0.00044843
0.015622 4.5459e-05 0.00044565
0.015873 4.5184e-05 0.00044281
0.016135 4.4919e-05 0.0004401
0.016391 4.4645e-05 0.00043733
0.016639 4.4361e-05 0.00043451
0.0169 4.4087e-05 0.00043183
0.017152 4.3799e-05 0.0004307
0.017416 4.3519e-05 0.00042966
0.017672 4.323e-05 0.00042857
0.017939 4.2948e-05 0.00042756
0.018198 4.2657e-05 0.0004265
0.018471 4.2375e-05 0.00042553
0.018758 4.2102e-05 0.00042465
0.019059 4.1839e-05 0.00042384
0.019351 4.1566e-05 0.000423
0.019269 4.1308e-05 0.00042224
0.01918 4.1041e-05 0.00042143
0.019101 4.0784e-05 0.00042071
0.019029 4.0533e-05 0.00042006
0.018952 4.0274e-05 0.00041937
0.01887 4.0006e-05 0.00041866
0.018796 3.9746e-05 0.00041801
0.018717 3.9478e-05 0.00041733
0.018631 3.92e-05 0.00041661
0.01854 3.8912e-05 0.00041585
0.018444 3.8617e-05 0.00041506
0.018343 3.8313e-05 0.00041424
0.018236 3.8e-05 0.00041338
0.018124 3.7679e-05 0.00041249
0.018007 3.735e-05 0.00041157
0.017884 3.7012e-05 0.00041061
0.01777 3.6682e-05 0.00040973
0.017649 3.6342e-05 0.0004088
0.017524 3.5994e-05 0.00040784
0.017392 3.5637e-05 0.00040685
0.017255 3.5271e-05 0.00040581
0.017127 3.4913e-05 0.00040486
0.016992 3.4547e-05 0.00040387
0.016868 3.4189e-05 0.00040296
0.016753 3.384e-05 0.00040213
0.016647 3.35e-05 0.00040138
0.016535 3.3151e-05 0.0004006
0.016432 3.2811e-05 0.00039989
0.016323 3.246e-05 0.00039914
0.016222 3.2118e-05 0.00039846
0.016078 3.2766e-05 0.0003976
0.015928 3.3402e-05 0.00039669
0.015786 3.405e-05 0.00039585
0.015639 3.4686e-05 0.00039609
0.015484 3.531e-05 0.00039629
0.015339 3.5948e-05 0.00039657
0.015188 3.6574e-05 0.0003968
0.01503 3.7189e-05 0.000397
0.014882 3.7817e-05 0.00039727
0.014727 3.8434e-05 0.00039751
0.014581 3.9061e-05 0.0003978
0.014429 3.9679e-05 0.00039807
0.014272 4.0288e-05 0.00039831
0.014108 4.0885e-05 0.00039851
0.013954 4.1495e-05 0.00039878
0.013794 4.2094e-05 0.00039901
0.013628 4.2683e-05 0.00039922
0.01347 4.3283e-05 0.00039948
0.013306 4.3873e-05 0.00039972
0.013136 4.4451e-05 0.00039992
0.01296 4.502e-05 0.00040008
0.012794 4.5602e-05 0.00040032
0.012622 4.6174e-05 0.00040053
0.012444 4.6735e-05 0.0004007
0.012259 4.7285e-05 0.00040084
0.012084 4.7848e-05 0.00040105
0.011904 4.8401e-05 0.00040123
0.011733 4.8968e-05 0.00040148
0.011555 4.9523e-05 0.0004017
0.011372 5.0068e-05 0.00040188
0.011199 5.0626e-05 0.00040214
0.011019 5.1173e-05 0.00040236
0.010833 5.1709e-05 0.00040254
0.01064 5.2234e-05 0.00040269
0.010457 5.2772e-05 0.00040291
0.010283 5.3323e-05 0.0004032
0.010119 5.3889e-05 0.00040181
0.0099477 5.4444e-05 0.00040037
0.0097699 5.4986e-05 0.00039889
0.0095852 5.5517e-05 0.00039735
0.0094104 5.6062e-05 0.00039591
0.0092439 5.6619e-05 0.00039456
0.0090716 5.7166e-05 0.00039317
0.0089087 5.7727e-05 0.00039187
0.0087547 5.8304e-05 0.00039066
0.0085952 5.887e-05 0.00038942
0.0084455 5.9455e-05 0.00038549
0.0083032 6.0054e-05 0.00038173
0.0081554 6.0642e-05 0.0003779
0.0080023 6.1218e-05 0.00037399
0.0078565 6.1808e-05 0.00037025
0.0077187 6.2414e-05 0.00036667
0.007575 6.3007e-05 0.00036302
0.0074254 6.3588e-05 0.00035929
0.0072697 6.4156e-05 0.00035547
0.0071222 6.474e-05 0.00035183
0.0069815 6.5337e-05 0.00034833
0.006835 6.5922e-05 0.00034476
0.0066826 6.6494e-05 0.00034111
0.0065381 6.7083e-05 0.00033762
0.0064002 6.7685e-05 0.00033428
0.0062573 6.8276e-05 0.00033088
0.0061091 6.8855e-05 0.0003274
0.0059557 6.9423e-05 0.0003237
0.005797 6.9979e-05 0.00031992
0.0056451 7.0549e-05 0.0003163
0.0054874 7.1106e-05 0.00031259
0.0053374 7.168e-05 0.00030906
0.0051816 7.2241e-05 0.00030544
0.0050207 7.279e-05 0.00030176
0.0048674 7.3356e-05 0.00029824
0.0047091 7.391e-05 0.00029466
0.0045449 7.4451e-05 0.00029085
0.0043755 7.4981e-05 0.00028696
0.004201 7.55e-05 0.000283
0.0040332 7.6032e-05 0.0002792
0.0038717 7.6578e-05 0.00027555
0.0037162 7.7138e-05 0.00027205
0.0035664 7.7711e-05 0.00026869
0.0034116 7.8273e-05 0.00026525
0.0032631 7.885e-05 0.00026197
0.0031103 7.9416e-05 0.00025862
0.0029636 7.9999e-05 0.00025543
0.0028227 8.0597e-05 0.00025237
0.0026777 8.1185e-05 0.00024926
0.0025281 8.176e-05 0.00024609
0.0023841 8.2352e-05 0.00024306
0.0022356 8.2932e-05 0.00023996
0.0020918 8.3525e-05 0.00023698
0.0019533 8.4135e-05 0.00023414
0.0018109 8.4734e-05 0.00023124
0.0016729 8.5347e-05 0.00022846
0.0015398 8.5976e-05 0.00022579
0.0014029 8.6595e-05 0.00022308
0.0012708 8.7231e-05 0.00022049
0.0011432 8.7883e-05 0.00021802
0.0011704 8.8497e-05 0.00021546
0.0011949 8.9098e-05 0.00021285
0.0012168 8.9688e-05 0.00021019
0.0012399 9.0294e-05 0.00020764
0.0012605 9.0889e-05 0.00020505
0.001282 9.1499e-05 0.00020256
0.001301 9.2098e-05 0.00020002
0.001321 9.2711e-05 0.00019758
0.0013383 9.3313e-05 0.0001951
0.0013565 9.3928e-05 0.0001927
0.0013721 9.4532e-05 0.00019026
0.0013889 9.5152e-05 0.00018793
0.0014068 9.5788e-05 0.00018569
0.0014224 9.6415e-05 0.00018341
0.0014353 9.703e-05 0.00018109
0.0014495 9.7661e-05 0.00017887
0.001461 9.828e-05 0.00017661
0.0014735 9.8914e-05 0.00017443
0.0014868 9.9562e-05 0.00017233
0.0014977 0.0001002 0.0001702
0.001506 0.00010083 0.00016802
0.0015118 0.00010144 0.0001658
0.0015149 0.00010205 0.00016354
0.0015193 0.00010267 0.00016138
0.0015246 0.0001033 0.0001593
0.0015272 0.00010392 0.00015717
0.0015273 0.00010454 0.000155
0.0015286 0.00010516 0.00015293
0.0015311 0.00010581 0.00015094
0.0015349 0.00010647 0.00014904
0.0015363 0.00010713 0.00014711
0.0015389 0.0001078 0.00014526
0.0015391 0.00010846 0.00014338
0.0015367 0.0001091 0.00014146
0.0015354 0.00010977 0.00013962
0.0015351 0.00011045 0.00013786
0.0015321 0.00011112 0.00013605
0.0015305 0.00011181 0.00013433
0.0015263 0.00011248 0.00013257
0.0014777 0.00011253 0.00013153
0.0014307 0.00011259 0.00013054
0.0013857 0.00011267 0.0001296
0.001338 0.00011273 0.00012864
0.0012917 0.00011281 0.00012773
0.0012472 0.00011291 0.00012688
0.0012 0.00011299 0.00012599
0.0011502 0.00011307 0.00012509
0.0010975 0.00011313 0.00012416
0.0010422 0.00011318 0.0001232
0.00098855 0.00011325 0.0001223
0.00093655 0.00011333 0.00012144
0.00088606 0.00011343 0.00012064
0.00083303 0.00011352 0.00011981
0.00077747 0.0001136 0.00011897
0.00071935 0.00011367 0.0001181
0.00066241 0.00011375 0.00011727
0.00060273 0.00011382 0.00011642
0.0005403 0.00011387 0.00011554
0.00047936 0.00011395 0.00011471
0.00041982 0.00011403 0.00011393
0.00044655 0.00011409 0.00011311
0.00047101 0.00011413 0.00011227
0.00049559 0.00011418 0.00011147
0.00051794 0.00011422 0.00011064
0.00053807 0.00011426 0.0001098
0.00055612 0.00011428 0.00010893
0.00057422 0.00011431 0.0001081
0.00059239 0.00011436 0.00010731
0.00060849 0.0001144 0.0001065
0.00062465 0.00011445 0.00010573
0.00063875 0.00011449 0.00010494
0.00065291 0.00011454 0.00010419
0.00066491 0.00011458 0.00010341
0.00067475 0.00011461 0.00010262
0.00068256 0.00011464 0.00010181
0.00068834 0.00011465 0.00010098
0.00069414 0.00011468 0.00010019
0.00070015 0.00011472 9.9433e-05
0.00070618 0.00011477 9.8714e-05
0.00071008 0.00011481 9.7977e-05
0.0007142 0.00011486 9.7277e-05
0.00071853 0.00011493 9.6614e-05
0.00072307 0.00011501 9.5986e-05
0.00072559 0.00011508 9.5344e-05
0.0007261 0.00011514 9.4686e-05
0.00072681 0.00011522 9.4064e-05
0.00072775 0.0001153 9.3475e-05
0.0007289 0.00011541 9.2921e-05
0.00072792 0.0001155 9.235e-05
0.00072493 0.00011558 9.1764e-05
0.00072196 0.00011567 9.1207e-05
0.00071687 0.00011576 9.0633e-05
0.00071199 0.00011586 9.0093e-05
0.00070715 0.00011597 8.9581e-05
0.00070253 0.00011609 8.9101e-05
0.00069811 0.00011623 8.8652e-05
0.00069392 0.00011638 8.8234e-05
0.00068993 0.00011654 8.7846e-05
0.00068616 0.00011672 8.7488e-05
0.00068242 0.00011691 8.7156e-05
0.0006787 0.00011711 8.6849e-05
0.00067502 0.00011732 8.6568e-05
0.00066928 0.00011753 8.6273e-05
0.00066379 0.00011775 8.6006e-05
0.00065611 0.00011796 8.5724e-05
0.00064869 0.00011818 8.547e-05
0.00064154 0.00011842 8.5246e-05
0.00063445 0.00011867 8.5047e-05
0.00062744 0.00011894 8.4873e-05
0.0006182 0.00011919 8.4683e-05
0.00060926 0.00011946 8.4522e-05
0.00060063 0.00011975 8.439e-05
0.00058985 0.00012002 8.4243e-05
0.00057941 0.00012032 8.4126e-05
0.00056679 0.0001206 8.3993e-05
0.00055434 0.00012089 8.3887e-05
0.00054227 0.00012121 8.3813e-05
0.00052268 0.00012513 8.3671e-05
0.00050068 0.00012901 8.351e-05
0.00047919 0.00013296 8.3381e-05
0.00045816 0.000137 8.3284e-05
0.00043473 0.000141 8.3167e-05
0.00041176 0.00014509 8.3082e-05
0.00038639 0.00014913 8.2977e-05
0.00035874 0.00015314 8.2854e-05
0.00033157 0.00015724 8.2764e-05
0.00030198 0.00016129 8.2654e-05
0.00026992 0.00016531 8.2522e-05
0.00023817 0.0001694 8.242e-05
0.00026329 0.00017331 8.2282e-05
0.00028622 0.00017719 8.2127e-05
0.00030942 0.00018115 8.2005e-05
0.00033293 0.0001852 8.1917e-05
0.00035408 0.00018921 8.1807e-05
0.00037301 0.00019318 8.1679e-05
0.00039554 0.00019398 8.1615e-05
0.0004183 0.00019482 8.158e-05
0.00044132 0.00019567 8.1574e-05
0.00046206 0.00019652 8.1549e-05
0.00048329 0.00019739 8.1557e-05
0.00050524 0.00019829 8.0786e-05
0.00052773 0.00019923 8.0059e-05
0.00055078 0.0002002 7.9373e-05
0.00057142 0.00020115 7.8665e-05
0.00059234 0.00020212 7.7991e-05
0.00061378 0.00020312 7.7356e-05
0.00063552 0.00020415 7.6752e-05
0.00065757 0.0002052 7.618e-05
0.00068018 0.00020629 7.5641e-05
0.00070311 0.00020739 7.5131e-05
0.00072371 0.00020848 7.4604e-05
0.00074213 0.00020956 7.4061e-05
0.00076105 0.00021066 7.3549e-05
0.00078049 0.0002118 7.3069e-05
0.00079764 0.00021292 7.2572e-05
0.0008153 0.00021406 7.2104e-05
0.00083069 0.00021519 7.1621e-05
0.00084657 0.00021635 7.1166e-05
0.00086032 0.0002175 7.0698e-05
0.00087433 0.00021867 7.0255e-05
0.00088882 0.00021986 6.9839e-05
0.00090358 0.00022108 6.9446e-05
0.00091885 0.00022233 6.908e-05
0.0009344 0.00022361 6.8736e-05
0.00094784 0.00022487 6.8379e-05
0.00096179 0.00022616 6.8048e-05
0.00097627 0.00022748 6.7741e-05
0.00098864 0.00022878 6.7422e-05
0.0010013 0.00023012 6.7125e-05
0.0010143 0.00023147 6.6848e-05
0.0010276 0.00023285 6.6591e-05
0.0010412 0.00023426 6.6354e-05
0.0010553 0.0002357 6.614e-05
0.0010701 0.00023717 6.5949e-05
0.0010852 0.00023866 6.5776e-05
0.0010981 0.00024014 6.5591e-05
0.0011089 0.00024161 6.5396e-05
0.0011203 0.00024311 6.5222e-05
0.0011294 0.00024459 6.5036e-05
0.0011391 0.0002461 6.4871e-05
0.0011468 0.0002476 6.4696e-05
0.0011548 0.00024913 6.454e-05
0.0011632 0.00025069 6.4402e-05
0.0011722 0.00025228 6.4286e-05
0.0011819 0.0002539 6.4192e-05
0.0011894 0.00025551 6.4086e-05
0.0011974 0.00025714 6.3999e-05
0.0012032 0.00025877 6.3902e-05
0.0012095 0.00026042 6.3822e-05
0.0012162 0.0002621 6.3762e-05
0.0012236 0.00026382 6.3723e-05
0.0012318 0.00026557 6.3705e-05
0.0012407 0.00026736 6.3708e-05
0.0012501 0.00026917 6.373e-05
0.0012601 0.00027102 6.3771e-05
0.0012678 0.00027286 6.3801e-05
0.0012764 0.00027473 6.3853e-05
0.0012827 0.00027659 6.3893e-05
0.0012899 0.00027849 6.3955e-05
0.0012948 0.00028037 6.4006e-05
0.0012974 0.00028224 6.4045e-05
0.0013007 0.00028414 6.4104e-05
0.0013049 0.00028608 6.4186e-05
0.0013098 0.00028805 6.4288e-05
0.0013154 0.00029006 6.441e-05
0.0013185 0.00029206 6.4518e-05
0.0013226 0.00029409 6.4651e-05
0.0013277 0.00029617 6.4808e-05
0.0013303 0.00029823 6.4949e-05
0.0013305 0.00030027 6.5077e-05
0.0013318 0.00030235 6.5231e-05
0.0013342 0.00030448 6.5411e-05
0.0013376 0.00030665 6.5615e-05
0.001342 0.00030887 6.5843e-05
0.0013436 0.00031106 6.6053e-05
0.0013466 0.0003133 6.6292e-05
0.0013559 0.00031302 6.6588e-05
0.0013625 0.00031272 6.6868e-05
0.0013707 0.00031245 6.7179e-05
0.0013759 0.00031216 6.7442e-05
0.0013784 0.00031186 6.7688e-05
0.0013821 0.00031158 6.7961e-05
0.0013869 0.00031133 6.8261e-05
0.0013931 0.00031111 6.8592e-05
0.0014008 0.00031092 6.8954e-05
0.00141 0.00031076 6.9349e-05
0.0014207 0.00031063 6.9776e-05
0.0014285 0.00031048 7.0183e-05
0.0014375 0.00031036 7.062e-05
0.001448 0.00031026 7.109e-05
0.0014601 0.0003102 7.1595e-05
0.0014738 0.00031016 7.2136e-05
0.0014847 0.00031011 7.2659e-05
0.0014929 0.00031004 7.3163e-05
0.0015024 0.00031 7.3698e-05
0.0015092 0.00030995 7.4215e-05
0.0015176 0.00030992 7.4769e-05
0.001528 0.00030993 7.4627e-05
0.0015354 0.00030992 7.4466e-05
0.0015444 0.00030995 7.4335e-05
0.0015552 0.00031 7.4234e-05
0.0015632 0.00031003 7.4116e-05
0.0015685 0.00031005 7.3982e-05
0.001575 0.0003101 7.3874e-05
0.0015829 0.00031017 7.3792e-05
0.0015881 0.00031023 7.3693e-05
0.0015946 0.00031031 7.362e-05
0.0016028 0.00031043 7.3577e-05
0.0016139 0.00030778 7.3568e-05
0.0016263 0.00030519 7.3585e-05
0.0016357 0.00030257 7.3584e-05
0.0016422 0.00029992 7.3564e-05
0.0016504 0.00029733 7.3573e-05
0.0016602 0.00029479 7.361e-05
0.0016718 0.00029231 7.3675e-05
0.001685 0.00028989 7.3768e-05
0.0016953 0.00028743 7.3844e-05
0.0017074 0.00028503 7.3948e-05
0.0017164 0.00028261 7.4035e-05
0.0017268 0.00028023 7.4145e-05
0.0017346 0.00027783 7.4241e-05
0.0017395 0.0002754 7.4322e-05
0.0017418 0.00027296 7.4387e-05
0.0017414 0.00027049 7.4438e-05
0.0017427 0.00026808 7.4517e-05
0.0017457 0.00026572 7.4623e-05
0.0017507 0.00026342 7.3988e-05
0.001757 0.00026116 7.3385e-05
0.0017607 0.00025889 7.2764e-05
0.001766 0.00025666 7.2179e-05
0.001773 0.00025448 7.1628e-05
0.0017771 0.00025228 7.1058e-05
0.0017828 0.00025012 7.0522e-05
0.0017902 0.00024802 7.0018e-05
0.0017992 0.00024595 6.9546e-05
0.0018099 0.00024393 6.9105e-05
0.0018218 0.00024195 6.8689e-05
0.0018351 0.00024001 6.83e-05
0.0018457 0.00023805 6.7896e-05
0.0018577 0.00023613 6.7517e-05
0.0018668 0.00023418 6.7121e-05
0.0018776 0.00023228 6.6754e-05
0.0018855 0.00023036 6.6369e-05
0.0018905 0.00022841 6.5968e-05
0.0018929 0.00022645 6.5552e-05
0.0018926 0.00022447 6.512e-05
0.001894 0.00022253 6.4718e-05
0.0018971 0.00022063 6.4345e-05
0.0018973 0.00021871 6.3954e-05
0.0018989 0.00021683 6.3589e-05
0.0019019 0.00021498 6.3249e-05
0.0019063 0.00021318 6.2933e-05
0.0019078 0.00021135 6.3035e-05
0.0019065 0.00020949 6.3122e-05
0.0019068 0.00020768 6.3234e-05
0.0019086 0.00020591 6.3368e-05
0.0019117 0.00020417 6.3523e-05
0.0019162 0.00020246 6.37e-05
0.0019225 0.0002008 6.3902e-05
0.0019261 0.00019911 6.4091e-05
0.0019314 0.00019747 6.4305e-05
0.0019381 0.00019585 6.4542e-05
0.0019466 0.00019427 6.4804e-05
0.0019564 0.00019273 6.509e-05
0.0019678 0.00019122 6.469e-05
0.0019765 0.00018969 6.4276e-05
0.0019825 0.00018814 6.3847e-05
0.0019902 0.00018663 6.3446e-05
0.0019997 0.00018515 6.3072e-05
0.0020108 0.00018371 6.2725e-05
0.0020237 0.0001823 6.2404e-05
0.0020383 0.00018092 6.2108e-05
0.0020542 0.00017956 6.1834e-05
0.0020673 0.00017819 6.1545e-05
0.0020822 0.00017685 6.128e-05
0.0020987 0.00017554 6.1039e-05
0.0021125 0.00017422 6.0784e-05
0.0021276 0.00017292 6.0549e-05
0.0021441 0.00017164 6.0334e-05
0.002162 0.00017039 6.0139e-05
0.0021816 0.00016917 5.9967e-05
0.0021987 0.00016794 5.9783e-05
0.0022131 0.00016669 5.9587e-05
0.0022294 0.00016547 5.9414e-05
0.0022477 0.00016428 5.8329e-05
0.0022634 0.00016308 5.7227e-05
0.0022809 0.0001619 5.6167e-05
0.0022956 0.00016071 5.5087e-05
0.0023117 0.00015954 5.4044e-05
0.0023291 0.0001584 5.3035e-05
0.0023441 0.00015724 5.2011e-05
0.0023603 0.00015611 5.1021e-05
0.0023779 0.00015499 5.0063e-05
0.0023928 0.00015387 4.9088e-05
0.002409 0.00015276 4.8145e-05
0.0024228 0.00015164 4.7187e-05
0.0024382 0.00015055 4.6265e-05
0.0024512 0.00014944 4.5329e-05
0.0024658 0.00014836 4.4426e-05
0.0024816 0.00014729 4.3553e-05
0.0024987 0.00014625 4.2708e-05
0.0025135 0.00014519 4.1849e-05
0.0025294 0.00014416 4.1018e-05
0.0025467 0.00014314 4.0214e-05
0.0025615 0.00014211 3.9397e-05
0.002574 0.00014107 3.8567e-05
0.0025881 0.00014005 3.7768e-05
0.0026037 0.00013905 3.6996e-05
0.0026169 0.00013804 3.6212e-05
0.0026316 0.00013706 3.5455e-05
0.0026479 0.00013609 3.4725e-05
0.0026618 0.00013511 3.3982e-05
0.002673 0.00013412 3.3225e-05
0.0026859 0.00013314 3.2496e-05
0.0027004 0.00013219 3.1792e-05
0.0027165 0.00013126 3.1113e-05
0.0027343 0.00013034 3.0458e-05
0.0027537 0.00012945 2.9827e-05
0.0027744 0.00012857 2.9216e-05
0.0027965 0.0001277 2.8624e-05
0.002816 0.00012683 2.802e-05
0.0028368 0.00012597 2.7435e-05
0.0028591 0.00012512 2.6869e-05
0.0028827 0.00012429 2.632e-05
0.002904 0.00012345 2.5762e-05
0.0029266 0.00012263 2.5221e-05
0.002951 0.00012182 2.4699e-05
0.0029731 0.00012101 2.4168e-05
0.0029966 0.0001202 2.3654e-05
0.0030215 0.00011942 2.3156e-05
0.0030439 0.00011862 2.2647e-05
0.0030677 0.00011784 2.2154e-05
0.003089 0.00011705 2.165e-05
0.0031121 0.00011627 2.1165e-05
0.0031372 0.00011551 2.0697e-05
0.0031642 0.00011477 2.0246e-05
0.0031886 0.00011401 1.9785e-05
0.0032103 0.00011325 1.9314e-05
0.003234 0.0001125 1.8859e-05
0.003255 0.00011175 1.8394e-05
0.0032776 0.000111 1.7943e-05
0.0033024 0.00011028 1.7509e-05
0.0033292 0.00010957 1.7091e-05
0.0033578 0.00010887 1.6686e-05
0.0033832 0.00010816 1.655e-05
0.0034061 0.00010743 1.6407e-05
0.0034311 0.00010673 1.6274e-05
0.0034579 0.00010603 1.6148e-05
0.0034821 0.00010533 1.6015e-05
0.0035081 0.00010464 1.5889e-05
0.0035313 0.00010394 1.5756e-05
0.0035519 0.00010323 1.5615e-05
0.0035698 0.00010252 1.5466e-05
0.0035898 0.00010181 1.5326e-05
0.0036119 0.00010113 1.5195e-05
0.0036313 0.00010043 1.5056e-05
0.0036528 9.9745e-05 1.4925e-05
0.0036761 9.9075e-05 1.4802e-05
0.0037011 9.8416e-05 1.4686e-05
0.0037279 9.7769e-05 1.4577e-05
0.003752 9.7113e-05 1.446e-05
0.0037778 9.6469e-05 1.435e-05
0.003801 9.5816e-05 1.4233e-05
0.0038264 9.5177e-05 1.4123e-05
0.0038535 9.4548e-05 1.402e-05
0.003878 9.3912e-05 1.391e-05
0.0039047 9.3288e-05 1.3807e-05
0.0039288 9.2656e-05 1.3698e-05
0.003955 9.2036e-05 1.3595e-05
0.0039835 9.143e-05 1.3501e-05
0.0040094 9.0815e-05 1.3399e-05
0.004037 9.021e-05 1.3303e-05
0.0040622 8.9598e-05 1.3201e-05
0.0040847 8.8978e-05 1.3091e-05
0.0041045 8.8349e-05 1.2975e-05
0.0041217 8.7711e-05 1.2851e-05
0.0041411 8.7086e-05 1.2735e-05
0.0041623 8.6472e-05 1.2624e-05
0.0041809 8.5849e-05 1.2507e-05
0.0042013 8.5237e-05 1.2396e-05
0.0042193 8.4617e-05 1.2278e-05
0.0042395 8.4009e-05 1.2167e-05
0.0042617 8.3412e-05 1.2062e-05
0.0042811 8.2807e-05 1.195e-05
0.0042981 8.2193e-05 1.1832e-05
0.0043169 8.1591e-05 1.1719e-05
0.0043331 8.098e-05 1.1599e-05
0.0043515 8.038e-05 1.1486e-05
0.0043675 7.9774e-05 1.1367e-05
0.0043859 7.9179e-05 1.1255e-05
0.0044066 7.8596e-05 1.1149e-05
0.0044248 7.8005e-05 1.1037e-05
0.0044455 7.7427e-05 1.0932e-05
0.0044685 7.6859e-05 1.0833e-05
0.0044891 7.6285e-05 1.0728e-05
0.0045116 7.572e-05 1.0628e-05
0.0045362 7.5165e-05 1.0533e-05
0.0045629 7.4619e-05 1.0444e-05
0.004587 7.4066e-05 1.0348e-05
0.0046132 7.3523e-05 1.0257e-05
0.0046416 7.2989e-05 1.0172e-05
0.0046671 7.2447e-05 1.0079e-05
0.0046898 7.1896e-05 9.9797e-06
0.0047096 7.1337e-05 9.8733e-06
0.0047316 7.0787e-05 9.7721e-06
0.0047508 7.0229e-05 9.6639e-06
0.0047726 6.9682e-05 9.5619e-06
0.0047966 6.9145e-05 9.465e-06
0.0048234 6.8619e-05 9.3742e-06
0.0048524 6.8102e-05 9.2883e-06
0.0048843 6.7597e-05 9.2083e-06
0.0049191 6.7102e-05 9.1342e-06
0.0049567 6.6617e-05 9.0659e-06
0.0049974 6.6144e-05 9.0034e-06
0.0050342 6.5655e-05 9.1004e-06
0.0050682 6.5159e-05 9.191e-06
0.0051046 6.4672e-05 9.2865e-06
0.0051383 6.4177e-05 9.3755e-06
0.0051745 6.3691e-05 9.4696e-06
0.0052077 6.3196e-05 9.5566e-06
0.0052381 6.2694e-05 9.6372e-06
0.0052658 6.2185e-05 9.7115e-06
0.0052964 6.1686e-05 9.7917e-06
0.00533 6.1196e-05 9.878e-06
0.0053609 6.07e-05 9.9579e-06
0.0053943 6.0211e-05 1.0043e-05
0.0054306 5.9733e-05 1.0134e-05
0.0054643 5.9247e-05 1.0219e-05
0.0054952 5.8754e-05 1.0297e-05
0.0055286 5.8269e-05 1.038e-05
0.005565 5.7794e-05 1.047e-05
0.005604 5.7327e-05 1.0565e-05
0.00564 5.6851e-05 1.0653e-05
0.0056791 5.6385e-05 1.0747e-05
0.0057213 5.5929e-05 1.0848e-05
0.0057667 5.5481e-05 1.0955e-05
0.0058153 5.5042e-05 1.1069e-05
0.0058672 5.4612e-05 1.119e-05
0.005916 5.4175e-05 1.1304e-05
0.0059618 5.3729e-05 1.1411e-05
0.0060109 5.3293e-05 1.1525e-05
0.006057 5.2848e-05 1.1631e-05
0.0061064 5.2412e-05 1.1745e-05
0.0061591 5.1985e-05 1.1865e-05
0.0062148 5.1565e-05 1.1992e-05
0.006274 5.1154e-05 1.2126e-05
0.0063362 5.0749e-05 1.2267e-05
0.0064014 5.0351e-05 1.2413e-05
0.0064698 4.9961e-05 1.2567e-05
0.0065414 4.9577e-05 1.2727e-05
0.0066098 4.9185e-05 1.288e-05
0.0066752 4.8786e-05 1.3025e-05
0.0067445 4.8395e-05 1.3179e-05
0.006817 4.8011e-05 1.334e-05
0.006893 4.7634e-05 1.3509e-05
0.0069725 4.7264e-05 1.3684e-05
0.0070555 4.6899e-05 1.3867e-05
0.0071422 4.6542e-05 1.4058e-05
0.0072254 4.6176e-05 1.4241e-05
0.0073052 4.5803e-05 1.4416e-05
0.0073894 4.5438e-05 1.46e-05
0.007478 4.5081e-05 1.4794e-05
0.0075713 4.4731e-05 1.4998e-05
0.0076613 4.4374e-05 1.5194e-05
0.0077553 4.4024e-05 1.5399e-05
0.0078535 4.368e-05 1.5613e-05
0.0079567 4.3344e-05 1.5837e-05
0.0080644 4.3014e-05 1.6072e-05
0.0081682 4.2676e-05 1.6297e-05
0.008268 4.233e-05 1.6513e-05
0.0083732 4.1992e-05 1.674e-05
0.0084839 4.1662e-05 1.698e-05
0.0085909 4.1324e-05 1.7211e-05
0.0086942 4.0979e-05 1.7433e-05
0.0087938 4.0626e-05 1.7647e-05
0.0088991 4.0281e-05 1.7873e-05
0.0090006 3.9928e-05 1.8091e-05
0.0091071 3.9583e-05 1.8319e-05
0.0092198 3.9246e-05 1.8561e-05
0.0093385 3.8917e-05 1.8417e-05
0.0094525 3.858e-05 1.8264e-05
0.009562 3.8234e-05 1.81e-05
0.0094048 3.7902e-05 1.7949e-05
0.0092547 3.7578e-05 1.7809e-05
0.0090999 3.7246e-05 1.766e-05
0.0089408 3.6905e-05 1.7502e-05
0.0087878 3.6571e-05 1.7354e-05
0.0086306 3.623e-05 1.7197e-05
0.0084793 3.5895e-05 1.705e-05
0.0083234 3.5551e-05 1.6894e-05
0.008163 3.52e-05 1.6728e-05
0.0079979 3.484e-05 1.6553e-05
0.0078387 3.4486e-05 1.6387e-05
0.0076755 3.4125e-05 1.6213e-05
0.007518 3.377e-05 1.6049e-05
0.0073565 3.3407e-05 1.5876e-05
0.0072006 3.3051e-05 1.5712e-05
0.007051 3.2701e-05 1.5558e-05
0.0068971 3.2344e-05 1.5396e-05
0.0067388 3.1978e-05 1.5225e-05
0.0065867 3.162e-05 1.5064e-05
0.0064304 3.1254e-05 1.4894e-05
0.0062697 3.088e-05 1.4715e-05
0.0061152 3.0512e-05 1.4547e-05
0.0059658 3.0151e-05 1.4387e-05
0.0058213 2.9794e-05 1.4235e-05
0.0056732 2.9431e-05 1.4075e-05
0.0055299 2.9073e-05 1.3924e-05
0.0053921 2.8722e-05 1.3782e-05
0.0052589 2.8376e-05 1.3647e-05
0.0051217 2.8022e-05 1.3505e-05
0.0049898 2.7675e-05 1.3371e-05
0.0048629 2.7334e-05 1.3247e-05
0.0047325 2.6985e-05 1.3115e-05
0.0046065 2.6642e-05 1.299e-05
0.0044853 2.6306e-05 1.2875e-05
0.0043688 2.5975e-05 1.2768e-05
0.0042563 2.565e-05 1.2668e-05
0.0041483 2.533e-05 1.2577e-05
0.004044 2.5016e-05 1.2494e-05
0.0039439 2.4708e-05 1.2418e-05
0.0038474 2.4404e-05 1.235e-05
0.0037471 2.4093e-05 1.2274e-05
0.0036504 2.3786e-05 1.2204e-05
0.0035571 2.3484e-05 1.2142e-05
0.0034672 2.3188e-05 1.2087e-05
0.0033806 2.2896e-05 1.2039e-05
0.0032979 2.261e-05 1.2e-05
0.0032114 2.2316e-05 1.1952e-05
0.0031287 2.2028e-05 1.1912e-05
0.0030493 2.1745e-05 1.1881e-05
0.0029736 2.1469e-05 1.1858e-05
0.0029016 2.1198e-05 1.1845e-05
0.0028332 2.0934e-05 1.1841e-05
0.0027609 2.0661e-05 1.1827e-05
0.0026851 2.038e-05 1.1805e-05
0.0026126 2.0104e-05 1.1796e-05
0.0025432 1.9834e-05 1.1796e-05
0.0024703 1.9556e-05 1.1787e-05
0.0023786 2.0067e-05 1.175e-05
0.0022912 2.0588e-05 1.1722e-05
0.0022072 2.1117e-05 1.1703e-05
0.0021192 2.1637e-05 1.1673e-05
0.002027 2.2145e-05 1.1634e-05
0.0019388 2.2664e-05 1.1604e-05
0.0018544 2.3194e-05 1.1585e-05
0.001766 2.3713e-05 1.1555e-05
0.0016814 2.4242e-05 1.1535e-05
0.0015929 2.4761e-05 1.1505e-05
0.0015079 2.5291e-05 1.1484e-05
0.0014264 2.5831e-05 1.1474e-05
0.0013482 2.6383e-05 1.1473e-05
0.0012662 2.6924e-05 1.1463e-05
0.0011804 2.7454e-05 1.1442e-05
0.0010975 2.7994e-05 1.1429e-05
0.0010107 2.8523e-05 1.1406e-05
0.0009267 2.9061e-05 1.1392e-05
0.0008453 2.961e-05 1.1386e-05
0.00076018 3.0147e-05 1.137e-05
0.00067816 3.0696e-05 1.1363e-05
0.00059907 3.1258e-05 1.1367e-05
0.00052276 3.1833e-05 1.1382e-05
0.00044862 3.2419e-05 1.1405e-05
0.00037699 3.3018e-05 1.1439e-05
0.00030773 3.3632e-05 1.1484e-05
0.00031509 3.4204e-05 1.1512e-05
0.00032015 3.4764e-05 1.1529e-05
0.00032292 3.5312e-05 1.1535e-05
0.00032579 3.5873e-05 1.1552e-05
0.00032858 3.6447e-05 1.1579e-05
0.00033445 3.6294e-05 1.163e-05
0.00034029 3.615e-05 1.169e-05
0.00034629 3.6014e-05 1.1762e-05
0.0003501 3.5869e-05 1.1824e-05
0.00035406 3.5733e-05 1.1897e-05
0.00035837 3.5608e-05 1.1716e-05
0.00036286 3.5493e-05 1.1548e-05
0.00036752 3.5386e-05 1.1392e-05
0.00037237 3.5288e-05 1.1249e-05
0.00037721 3.5196e-05 1.1116e-05
0.00037972 3.5095e-05 1.0972e-05
0.00038005 3.4985e-05 1.0818e-05
0.0003782 3.4866e-05 1.0653e-05
0.00037632 3.4754e-05 1.0499e-05
0.00047475 3.4616e-05 1.033e-05
0.00056935 3.4469e-05 1.015e-05
0.00066023 3.4312e-05 9.9596e-06
0.0007475 3.4146e-05 9.7578e-06
0.00083728 3.3987e-05 9.5657e-06
0.00092966 3.3833e-05 9.3828e-06
0.0010248 3.3686e-05 9.2087e-06
0.0011232 3.3546e-05 9.0445e-06
0.0012252 3.3412e-05 8.8896e-06
0.0013302 3.3285e-05 8.7424e-06
0.0014318 3.3149e-05 8.587e-06
0.0015366 3.3019e-05 8.4388e-06
0.0016376 3.288e-05 8.2817e-06
0.001735 3.2734e-05 8.1155e-06
0.0018359 3.2593e-05 7.9579e-06
0.0019336 3.2445e-05 7.7923e-06
0.0020342 3.2302e-05 7.6336e-06
0.002138 3.2164e-05 7.4814e-06
0.0022457 3.2033e-05 7.3369e-06
0.0023567 3.1906e-05 7.1984e-06
0.0024644 3.1772e-05 7.0524e-06
0.0025755 3.1642e-05 6.9124e-06
0.0026832 3.1506e-05 6.765e-06
0.0027943 3.1374e-05 6.6233e-06
0.0029017 3.1234e-05 6.4736e-06
0.0030133 3.11e-05 6.3308e-06
0.0031293 3.0971e-05 6.1944e-06
0.0032492 3.0848e-05 6.0634e-06
0.0033651 3.0716e-05 5.9245e-06
0.003485 3.0589e-05 5.7907e-06
0.0036089 3.0467e-05 5.6619e-06
0.0037288 3.0336e-05 5.5254e-06
0.0038447 3.0198e-05 5.3811e-06
0.0039654 3.0066e-05 5.243e-06
0.004082 2.9926e-05 5.0971e-06
0.0041949 2.9778e-05 4.944e-06
0.004312 2.9635e-05 4.796e-06
0.004425 2.9484e-05 4.6401e-06
0.004543 2.9339e-05 4.4904e-06
0.0046664 2.9199e-05 4.3466e-06
0.0047954 2.9066e-05 4.2086e-06
0.0049294 2.8937e-05 4.075e-06
0.0050592 2.8801e-05 3.9344e-06
0.0051952 2.8671e-05 3.7994e-06
0.0053268 2.8533e-05 3.6572e-06
0.0054648 2.8401e-05 3.5206e-06
0.0055977 2.826e-05 3.3683e-06
0.0057243 2.8107e-05 3.3256e-06
0.0058571 2.796e-05 3.286e-06
0.0059963 2.7819e-05 3.2496e-06
0.006142 2.7683e-05 3.2161e-06
0.0062936 2.7552e-05 3.1846e-06
0.006452 2.7426e-05 3.1559e-06
0.0066165 2.7305e-05 3.129e-06
0.0067873 2.7187e-05 3.1039e-06
0.0069654 2.7075e-05 3.0812e-06
0.0071512 2.6968e-05 3.0608e-06
0.0073448 2.6865e-05 3.0426e-06
0.0075466 2.6768e-05 3.0267e-06
0.0077567 2.6675e-05 3.0128e-06
0.0079755 2.6586e-05 3.001e-06
0.0081888 2.649e-05 2.9833e-06
0.0084108 2.6399e-05 2.9675e-06
0.0086407 2.6312e-05 2.953e-06
0.008865 2.6217e-05 2.9326e-06
0.0090984 2.6126e-05 2.9141e-06
0.00934 2.6039e-05 2.8969e-06
0.0095901 2.5955e-05 2.8808e-06
0.0098344 2.5864e-05 2.8589e-06
0.010074 2.5767e-05 2.8315e-06
0.010323 2.5673e-05 2.8059e-06
0.01058 2.5583e-05 2.7815e-06
0.010849 2.5498e-05 2.7587e-06
0.011127 2.5416e-05 2.7377e-06
0.011417 2.5338e-05 2.7183e-06
0.011701 2.5253e-05 2.6932e-06
0.011996 2.5173e-05 2.6697e-06
0.012285 2.5085e-05 2.6404e-06
0.012567 2.499e-05 2.6052e-06
0.012843 2.4889e-05 2.5643e-06
0.013113 2.478e-05 2.5175e-06
0.013393 2.4674e-05 2.4718e-06
0.013666 2.4562e-05 2.4203e-06
0.013951 2.4453e-05 2.3705e-06
0.014229 2.4338e-05 2.3148e-06
0.014501 2.4215e-05 2.2532e-06
0.014766 2.4085e-05 2.1856e-06
0.015042 2.3958e-05 2.1193e-06
0.015329 2.3836e-05 2.0547e-06
0.015629 2.3718e-05 1.9919e-06
0.015941 2.3604e-05 1.9301e-06
0.016266 2.3493e-05 1.8699e-06
0.016584 2.3376e-05 1.8041e-06
0.016915 2.3263e-05 1.7393e-06
0.017238 2.3142e-05 1.6685e-06
0.017574 2.3025e-05 1.5988e-06
0.017925 2.2912e-05 1.5306e-06
0.018292 2.2804e-05 1.464e-06
0.018676 2.2701e-05 1.3989e-06
0.019049 2.2587e-05 1.3958e-06
0.019439 2.2478e-05 1.3934e-06
0.019846 2.2373e-05 1.3912e-06
0.020244 2.226e-05 1.3835e-06
0.020658 2.2152e-05 1.376e-06
0.021089 2.2047e-05 1.3686e-06
0.02151 2.1934e-05 1.3554e-06
0.02195 2.1827e-05 1.343e-06
0.02238 2.1711e-05 1.3247e-06
0.022827 2.1599e-05 1.3066e-06
0.023263 2.1479e-05 1.2827e-06
0.02372 2.1364e-05 1.2595e-06
0.024197 2.1253e-05 1.2365e-06
0.024657 2.113e-05 1.269e-06
0.02514 2.1012e-05 1.3022e-06
0.025612 2.0886e-05 1.3299e-06
0.026073 2.0753e-05 1.3521e-06
0.026554 2.0624e-05 1.3746e-06
0.027025 2.0488e-05 1.3916e-06
0.027519 2.0356e-05 1.4094e-06
0.028033 2.0229e-05 1.4276e-06
0.028573 2.0106e-05 1.4467e-06
0.0291 1.9975e-05 1.4599e-06
0.029652 1.9849e-05 1.474e-06
0.030227 1.9726e-05 1.4886e-06
0.030788 1.9596e-05 1.4972e-06
0.031377 1.947e-05 1.5068e-06
0.031991 1.9348e-05 1.517e-06
0.032589 1.9218e-05 1.5211e-06
0.033214 1.9092e-05 1.5258e-06
0.033866 1.8969e-05 1.5311e-06
0.03455 1.8852e-05 1.5376e-06
0.035265 1.8738e-05 1.5448e-06
0.036012 1.8628e-05 1.5528e-06
0.036791 1.8522e-05 1.5616e-06
0.037554 1.8408e-05 1.5644e-06
0.038355 1.8299e-05 1.5688e-06
0.039138 1.8183e-05 1.5672e-06
0.039958 1.807e-05 1.5665e-06
0.040757 1.795e-05 1.5598e-06
0.0416 1.7835e-05 1.5549e-06
0.042484 1.7724e-05 1.5511e-06
0.044685 1.7342e-05 1.5866e-06
0.047002 1.6968e-05 1.6244e-06
0.049257 1.6584e-05 1.6553e-06
0.051631 1.6209e-05 1.6884e-06
0.053942 1.5823e-05 1.7146e-06
0.05619 1.5427e-05 1.7339e-06
0.058557 1.5039e-05 1.7555e-06
0.060861 1.4642e-05 1.7702e-06
0.063103 1.4234e-05 1.7779e-06
0.065464 1.3834e-05 1.7879e-06
0.067949 1.3443e-05 1.8003e-06
0.070378 1.3042e-05 1.8062e-06
0.072442 1.3237e-05 1.7972e-06
0.07445 1.3423e-05 1.7813e-06
0.076403 1.3601e-05 1.7583e-06
0.078461 1.3783e-05 1.7377e-06
0.080627 1.3971e-05 1.7194e-06
0.082907 1.4164e-05 1.7034e-06
0.085308 1.4362e-05 1.6896e-06
0.087822 1.4565e-05 1.6773e-06
0.090468 1.4774e-05 1.6671e-06
0.091215 1.4994e-05 1.6593e-06
0.091937 1.5205e-05 1.6446e-06
0.092639 1.5407e-05 1.6236e-06
0.093384 1.5616e-05 1.6047e-06
0.094171 1.5829e-05 1.5872e-06
0.095 1.6047e-05 1.571e-06
0.095873 1.627e-05 1.5562e-06
0.096719 1.6484e-05 1.5345e-06
0.097615 1.6704e-05 1.5148e-06
0.098473 1.691e-05 1.556e-06
0.099308 1.7108e-05 1.5909e-06
0.10019 1.7311e-05 1.6273e-06
0.10104 1.7505e-05 1.6569e-06
0.10194 1.7705e-05 1.6886e-06
0.1029 1.7911e-05 1.7226e-06
0.10391 1.8123e-05 1.7589e-06
0.10489 1.8326e-05 1.7883e-06
0.10593 1.8536e-05 1.82e-06
0.10694 1.8736e-05 1.8448e-06
0.108 1.8942e-05 1.8721e-06
0.10913 1.9155e-05 1.9017e-06
0.11021 1.9355e-05 2.0102e-06
0.11126 1.9545e-05 2.1115e-06
0.11237 1.9741e-05 2.2162e-06
0.11353 1.9942e-05 2.3247e-06
0.11466 2.0135e-05 2.4259e-06
0.11585 2.0333e-05 2.5308e-06
0.11701 2.0523e-05 2.6284e-06
0.11824 2.0719e-05 2.7308e-06
0.11953 2.0922e-05 2.8383e-06
0.1209 2.1131e-05 2.9511e-06
0.12222 2.1331e-05 3.0556e-06
0.12351 2.1522e-05 3.1518e-06
0.12487 2.172e-05 3.2533e-06
0.1262 2.1908e-05 3.3465e-06
0.12749 2.2088e-05 3.4321e-06
0.12875 2.2259e-05 3.5102e-06
0.13008 2.2437e-05 3.5937e-06
0.13148 2.2622e-05 3.6826e-06
0.13285 2.2797e-05 3.763e-06
0.13416 2.2958e-05 3.9715e-06
0.13544 2.3111e-05 4.1707e-06
0.13669 2.3254e-05 4.3596e-06
0.13789 2.3388e-05 4.5383e-06
0.13916 2.3527e-05 4.7247e-06
0.1405 2.3672e-05 4.9191e-06
0.14179 2.3808e-05 5.1031e-06
0.14316 2.3951e-05 5.2968e-06
0.1446 2.4101e-05 5.305e-06
0.14599 2.4241e-05 5.3043e-06
0.14746 2.4387e-05 5.3087e-06
0.14901 2.454e-05 5.3193e-06
0.15051 2.4684e-05 5.3211e-06
0.15198 2.4819e-05 5.3152e-06
0.15353 2.496e-05 5.3141e-06
0.15502 2.5092e-05 5.3045e-06
0.15661 2.523e-05 5.3009e-06
0.15815 2.536e-05 5.2894e-06
0.15977 2.5496e-05 5.2829e-06
0.16146 2.5637e-05 5.2814e-06
0.1631 2.5766e-05 5.4007e-06
0.1647 2.5885e-05 5.5108e-06
0.16638 2.601e-05 5.627e-06
0.16814 2.6142e-05 5.751e-06
0.16999 2.628e-05 5.8829e-06
0.17194 2.6426e-05 6.023e-06
0.17397 2.6576e-05 6.1702e-06
0.17609 2.6733e-05 6.3246e-06
0.17817 2.688e-05 6.4693e-06
0.18019 2.7018e-05 6.6044e-06
0.18217 2.7147e-05 6.7299e-06
0.1841 2.7268e-05 6.8469e-06
0.18612 2.7395e-05 6.9708e-06
0.18823 2.7527e-05 7.1019e-06
0.1903 2.765e-05 7.2243e-06
0.19233 2.7766e-05 7.3382e-06
0.19444 2.7887e-05 7.4592e-06
0.19652 2.8e-05 7.5716e-06
0.19855 2.8105e-05 7.6753e-06
0.20067 2.8215e-05 7.7863e-06
0.20289 2.8331e-05 7.9047e-06
0.20543 2.7749e-05 8.0434e-06
0.20809 2.718e-05 8.1917e-06
0.21089 2.6623e-05 8.3499e-06
0.21381 2.6075e-05 8.5168e-06
0.21666 2.5516e-05 8.6732e-06
0.21965 2.4969e-05 8.8399e-06
0.22279 2.4434e-05 8.7721e-06
0.22585 2.3887e-05 8.6948e-06
0.22885 2.3332e-05 8.609e-06
0.23199 2.2785e-05 8.5302e-06
0.23506 2.223e-05 8.4431e-06
0.23808 2.1665e-05 8.3477e-06
0.24124 2.111e-05 8.2604e-06
0.24434 2.0545e-05 8.1641e-06
0.24756 1.9989e-05 8.0743e-06
0.25072 1.9423e-05 7.9757e-06
0.25382 1.8848e-05 7.8691e-06
0.25706 1.8283e-05 7.7701e-06
0.26045 1.7727e-05 7.6785e-06
0.26398 1.7181e-05 7.5941e-06
0.26765 1.6641e-05 7.5154e-06
0.27148 1.6111e-05 7.4436e-06
0.27548 1.5589e-05 7.3784e-06
0.2794 1.5058e-05 7.305e-06
0.28347 1.4533e-05 7.237e-06
0.28748 1.4001e-05 7.1616e-06
0.29166 1.3476e-05 7.0927e-06
0.29602 1.296e-05 7.0302e-06
0.30057 1.2452e-05 6.9739e-06
0.30532 1.1951e-05 6.9239e-06
0.31027 1.1457e-05 6.8801e-06
0.31515 1.0955e-05 6.8289e-06
0.32021 1.046e-05 6.7827e-06
0.32518 9.9556e-06 6.7285e-06
0.33034 9.4574e-06 6.6793e-06
0.33542 8.9511e-06 6.6227e-06
0.3403 9.1292e-06 6.5559e-06
0.34511 9.3006e-06 6.4815e-06
0.34984 9.4656e-06 6.3998e-06
0.3545 9.624e-06 6.3106e-06
0.35936 9.7848e-06 6.2277e-06
0.3644 9.9473e-06 6.1498e-06
0.36963 1.0111e-05 6.0767e-06
0.37506 1.0277e-05 6.0084e-06
0.38071 1.0446e-05 5.9458e-06
0.38658 1.0616e-05 5.8877e-06
0.39269 1.0789e-05 5.835e-06
0.39906 1.0965e-05 5.7878e-06
0.40534 1.1134e-05 5.7335e-06
0.41153 1.1297e-05 5.6721e-06
0.41795 1.1462e-05 5.6151e-06
0.42425 1.1619e-05 5.5504e-06
0.43045 1.1769e-05 5.4779e-06
0.43688 1.1922e-05 5.4098e-06
0.44355 1.2076e-05 5.3461e-06
0.45012 1.2224e-05 5.2753e-06
0.4566 1.2365e-05 5.1973e-06
0.46295 1.2499e-05 5.2364e-06
0.46919 1.2625e-05 5.2679e-06
0.47566 1.2753e-05 5.3033e-06
0.48203 1.2874e-05 5.3312e-06
0.48865 1.2998e-05 5.364e-06
0.49555 1.3125e-05 5.4018e-06
0.50273 1.3254e-05 5.4446e-06
0.50438 1.3388e-05 5.4929e-06
0.50609 1.3524e-05 5.5452e-06
0.50789 1.3663e-05 5.6025e-06
0.50977 1.3805e-05 5.6649e-06
0.51174 1.3949e-05 5.7324e-06
0.51379 1.4097e-05 5.8049e-06
0.51581 1.4237e-05 5.8702e-06
0.51791 1.438e-05 5.9404e-06
0.52009 1.4526e-05 6.0147e-06
0.52224 1.4664e-05 6.0817e-06
0.52436 1.4796e-05 6.1423e-06
0.52645 1.4922e-05 6.1959e-06
0.52851 1.5042e-05 6.243e-06
0.53066 1.5164e-05 6.2948e-06
0.53277 1.5279e-05 6.3402e-06
0.53487 1.5389e-05 6.3794e-06
0.53704 1.5501e-05 6.4231e-06
0.53931 1.5616e-05 6.4713e-06
0.54166 1.5733e-05 6.5242e-06
0.5441 1.5852e-05 6.5816e-06
0.54651 1.5965e-05 6.6323e-06
0.54902 1.608e-05 6.6876e-06
0.55162 1.6198e-05 6.7476e-06
0.55432 1.6318e-05 6.8123e-06
0.55699 1.6432e-05 6.8707e-06
0.55976 1.6549e-05 6.9339e-06
0.56264 1.6667e-05 7.0019e-06
0.56562 1.6789e-05 7.0748e-06
0.56872 1.6913e-05 7.1527e-06
0.57192 1.7038e-05 7.2346e-06
0.57509 1.7158e-05 7.3103e-06
0.57836 1.728e-05 7.3901e-06
0.58159 1.7395e-05 7.463e-06
0.58478 1.7503e-05 7.5291e-06
0.58808 1.7615e-05 7.6004e-06
0.59151 1.7728e-05 7.6768e-06
0.59507 1.7845e-05 7.7587e-06
0.59858 1.7955e-05 7.8336e-06
0.60223 1.8068e-05 7.9139e-06
0.60582 1.8174e-05 7.9872e-06
0.60938 1.8274e-05 8.0541e-06
0.6129 1.8368e-05 8.1145e-06
0.61656 1.8465e-05 8.1805e-06
0.62033 1.8564e-05 8.2511e-06
0.62423 1.8665e-05 8.3263e-06
0.62807 1.8759e-05 8.3943e-06
0.63206 1.8857e-05 8.4683e-06
0.63621 1.8957e-05 8.5482e-06
0.64029 1.905e-05 8.6208e-06
0.64453 1.9147e-05 8.6995e-06
0.64892 1.9246e-05 8.7835e-06
0.65345 1.9347e-05 8.8728e-06
0.65816 1.9452e-05 8.9688e-06
0.66303 1.9559e-05 9.0705e-06
0.66809 1.967e-05 9.1794e-06
0.67332 1.9783e-05 9.2944e-06
0.67849 1.989e-05 9.402e-06
0.68387 2e-05 9.5173e-06
0.68946 2.0114e-05 9.6406e-06
0.69525 2.0231e-05 9.7708e-06
0.70095 2.0341e-05 9.8922e-06
0.70689 2.0455e-05 1.0022e-05
0.71307 2.0574e-05 1.0161e-05
0.71949 2.0695e-05 1.0309e-05
0.72615 2.0821e-05 1.0464e-05
0.73271 2.0939e-05 1.0611e-05
0.73956 2.1062e-05 1.0768e-05
0.74628 2.1176e-05 1.0915e-05
0.75326 2.1295e-05 1.1071e-05
0.76011 2.1406e-05 1.1216e-05
0.76193 2.1527e-05 1.1374e-05
0.76384 2.1654e-05 1.1544e-05
0.76586 2.1787e-05 1.1727e-05
0.76783 2.191e-05 1.1898e-05
0.76991 2.204e-05 1.2082e-05
0.77209 2.2176e-05 1.2279e-05
0.7744 2.2318e-05 1.2492e-05
0.77682 2.2467e-05 1.2719e-05
0.77937 2.2621e-05 1.296e-05
0.78185 2.2765e-05 1.3187e-05
0.79776 2.2886e-05 1.3396e-05
0.81332 2.2999e-05 1.3593e-05
0.8297 2.3119e-05 1.3806e-05
0.84573 2.3229e-05 1.4007e-05
0.86141 2.3332e-05 1.4195e-05
0.87675 2.3425e-05 1.4372e-05
0.89176 2.351e-05 1.4536e-05
0.90747 2.3601e-05 1.4714e-05
0.92277 2.3682e-05 1.4878e-05
0.93773 2.3754e-05 1.503e-05
0.95235 2.3818e-05 1.5169e-05
0.96777 2.3888e-05 1.5324e-05
0.97268 2.3976e-05 1.5501e-05
0.97424 2.4073e-05 1.5695e-05
0.97588 2.4178e-05 1.5908e-05
0.97639 2.4297e-05 1.614e-05
0.97687 2.4406e-05 1.6356e-05
0.97735 2.4505e-05 1.6557e-05
0.97785 2.4611e-05 1.6776e-05
0.97834 2.4707e-05 1.6979e-05
0.97882 2.4794e-05 1.7167e-05
0.97889 2.4894e-05 1.7375e-05
0.97897 2.5002e-05 1.7602e-05
0.97906 2.5102e-05 1.7815e-05
0.97915 2.5207e-05 1.8044e-05
0.97924 2.5302e-05 1.8258e-05
0.97903 2.5413e-05 1.8492e-05
0.97881 2.5512e-05 1.871e-05
0.97861 2.562e-05 1.8949e-05
0.97843 2.5734e-05 1.9205e-05
0.97877 2.5823e-05 1.9439e-05
0.97911 2.5903e-05 1.9659e-05
0.97946 2.5989e-05 1.9896e-05
0.97981 2.6066e-05 2.0119e-05
0.98015 2.6133e-05 2.0328e-05
0.98051 2.6208e-05 2.0554e-05
0.98086 2.6272e-05 2.0764e-05
0.98119 2.6326e-05 2.0957e-05
0.98156 2.6387e-05 2.1171e-05
0.98191 2.6435e-05 2.1699e-05
0.98225 2.6473e-05 2.2204e-05
0.98258 2.6501e-05 2.2687e-05
0.98259 2.6539e-05 2.3204e-05
0.98259 2.6567e-05 2.3697e-05
0.98229 2.6612e-05 2.423e-05
0.98126 2.6677e-05 2.4805e-05
0.98028 2.6748e-05 2.5411e-05
0.97928 2.6808e-05 2.5993e-05
0.97832 2.6875e-05 2.6606e-05
0.97741 2.6949e-05 2.7253e-05
0.97654 2.7029e-05 2.7934e-05
0.97566 2.7099e-05 2.8588e-05
0.97481 2.7176e-05 2.9277e-05
0.97394 2.7242e-05 2.994e-05
0.97115 2.7323e-05 3.0645e-05
0.96849 2.7411e-05 3.1388e-05
0.96577 2.749e-05 3.2106e-05
0.96299 2.7559e-05 3.2801e-05
0.96034 2.7635e-05 3.3534e-05
0.95761 2.7701e-05 3.4238e-05
0.95502 2.7776e-05 3.443e-05
0.95237 2.7842e-05 3.4605e-05
0.94966 2.7898e-05 3.4765e-05
0.94709 2.7962e-05 3.4949e-05
0.94466 2.8034e-05 3.5158e-05
0.94235 2.8114e-05 3.5392e-05
0.93998 2.8185e-05 3.5611e-05
0.93774 2.8263e-05 3.5854e-05
0.93561 2.835e-05 3.6124e-05
0.9336 2.8444e-05 3.6421e-05
0.93167 2.8544e-05 3.6741e-05
0.92983 2.8652e-05 3.7086e-05
0.92808 2.8765e-05 3.7456e-05
0.92642 2.8887e-05 3.7857e-05
0.92446 3.039e-05 3.8193e-05
0.92261 3.1926e-05 3.8559e-05
0.92071 3.344e-05 3.8904e-05
0.91876 3.4933e-05 3.923e-05
0.91691 3.646e-05 3.9583e-05
0.91515 3.802e-05 3.9967e-05
0.91334 3.9548e-05 4.0834e-05
0.91161 4.1106e-05 4.1744e-05
0.90984 4.2643e-05 4.2625e-05
0.90804 4.4162e-05 4.3482e-05
0.9062 4.5665e-05 4.4317e-05
0.90444 4.7195e-05 4.5191e-05
0.90264 4.8706e-05 4.6039e-05
0.90091 5.0244e-05 4.6926e-05
0.89915 5.1764e-05 4.7787e-05
0.89747 5.3314e-05 4.8692e-05
0.89587 5.4896e-05 4.9642e-05
0.89435 5.651e-05 5.064e-05
0.89288 5.8152e-05 5.168e-05
0.89139 5.9777e-05 5.2697e-05
0.88997 6.1435e-05 5.3763e-05
0.88852 6.3075e-05 5.4802e-05
0.88714 6.4742e-05 5.5885e-05
0.88581 6.6443e-05 5.7019e-05
0.88455 6.8177e-05 5.8206e-05
0.88334 6.9945e-05 5.9449e-05
0.88212 7.1697e-05 6.0667e-05
0.88095 7.3484e-05 6.1941e-05
0.87983 7.5305e-05 6.3274e-05
0.87877 7.7163e-05 6.4668e-05
0.87776 7.9057e-05 6.6127e-05
0.8768 8.0988e-05 6.7652e-05
0.87588 8.2954e-05 6.9239e-05
0.875 8.4953e-05 7.089e-05
0.87416 8.6988e-05 7.2607e-05
0.87336 8.9059e-05 7.4394e-05
0.87254 9.1111e-05 7.6147e-05
