

TREE # 1

  0  0.0000   3151.205965  x:  0.01426   0.05447   0.01814   0.07939   0.06538   1.17796   1.01167  
  1 99.0000   3086.536049  x:  0.08263   0.04634   0.09354   0.05708   0.04542   1.17886   1.01112  
  2 2474.3865   3054.753689  x:  0.07818   0.03312   0.09713   0.01377   0.00693   1.18060   1.00999  
  3 767.0449   3053.409140  x:  0.07745   0.03240   0.09780   0.00720   0.00952   1.18105   1.00971  
  4 423.6986   3053.113931  x:  0.06974   0.03316   0.10522   0.00740   0.00969   1.18668   1.00627  
  5 47.2933   3051.234693  x:  0.06916   0.02275   0.10553   0.00932   0.01132   1.30871   0.93120  
  6 33.3395   3040.232668  x:  0.07234   0.03368   0.10235   0.00763   0.00987   2.04753   0.47615  
  7 3131.8561   3039.754842  x:  0.07261   0.03513   0.10173   0.00729   0.00960   2.17571   0.60253  
  8  6.1068   3037.356426  x:  0.06296   0.03802   0.08741   0.01057   0.01585   2.66634   0.60640  
  9  0.2310   3035.939825  x:  0.05391   0.03457   0.08135   0.00670   0.01278   2.93461   0.59397  
 10  0.5432   3035.798804  x:  0.05603   0.03399   0.07751   0.00735   0.01125   2.93082   0.60296  
 11  0.0124   3035.776582  x:  0.05481   0.03405   0.07828   0.00765   0.01081   2.89004   0.60992  
 12  0.0364   3035.757446  x:  0.05473   0.03437   0.07755   0.00744   0.01106   2.79917   0.61283  
 13  0.0390   3035.756366  x:  0.05466   0.03432   0.07732   0.00742   0.01102   2.79307   0.60744  
 14  0.0066   3035.756329  x:  0.05467   0.03433   0.07737   0.00744   0.01103   2.79178   0.60679  
 15  0.0016   3035.756327  x:  0.05467   0.03434   0.07738   0.00744   0.01103   2.79167   0.60675  
 16  0.0001   3035.756327  x:  0.05467   0.03434   0.07738   0.00744   0.01103   2.79174   0.60675  
 17  0.0001   3035.756327  x:  0.05467   0.03434   0.07737   0.00744   0.01103   2.79173   0.60675  
 18  0.0000   3035.756327  x:  0.05467   0.03434   0.07737   0.00744   0.01103   2.79173   0.60675  
 19  0.0000   3035.756327  x:  0.05467   0.03434   0.07737   0.00744   0.01103   2.79173   0.60675  
check convergence!
