

Model 7: beta

TREE # 1

  0  0.0000  21298.036913  x:  2.00000   0.37316   1.95100  
  1 99.0000  20695.506799  x:  2.01393   0.05488   1.95737  
  2 2261.0805  19829.026537  x: 32.87257   0.62362  10.06172  
  3 66.8678  18344.010021  x: 60.76547   0.36588   0.50527  
  4 19.3064  18326.124760  x: 61.11737   0.35654   0.37475  
  5 57.9964  17760.209356  x: 69.12484   0.15597   0.07875  
  6 634.1052  17641.636439  x: 71.64007   0.12630   0.11456  
  7 17.8641  17632.890407  x: 72.47181   0.11725   0.10385  
  8 14.0441  17580.756377  x: 75.08840   0.10058   0.07073  
  9 25.5589  17427.297876  x: 101.85476   0.08327   0.04933  
 10 13.5472  17013.078543  x: 518.95685   0.02789   0.08766  
 11 593.2455  17013.075332  x: 518.96236   0.02788   0.08765  
 12  0.9302  17010.729701  x: 480.30329   0.02588   0.07695  
 13  4.8324  17007.189788  x: 478.67157   0.02557   0.07654  
 14  1.0738  17000.512559  x: 432.42148   0.02276   0.06369  
 15 52.7553  16999.181243  x: 417.22306   0.02177   0.05954  
 16 34.4236  16991.509580  x: 372.95908   0.01860   0.04796  
 17 42.7585  16991.129849  x: 374.07179   0.01866   0.04829  
 18  7.7911  16990.572300  x: 361.15919   0.01767   0.04482  
 19  8.1963  16990.484783  x: 356.45661   0.01726   0.04346  
 20  5.8763  16990.393904  x: 354.80178   0.01706   0.04282  
 21  2.6318  16990.366908  x: 351.92945   0.01675   0.04177  
 22  5.1152  16990.353518  x: 350.35830   0.01654   0.04110  
 23  8.0746  16990.331387  x: 348.78715   0.01629   0.04027  
 24  7.5466  16990.277433  x: 347.21600   0.01591   0.03902  
 25  4.4692  16990.194682  x: 346.56487   0.01550   0.03770  
 26  1.8991  16989.957503  x: 347.98915   0.01491   0.03587  
 27  2.7451  16989.195633  x: 356.64616   0.01401   0.03312  
 28 10.5384  16988.210952  x: 370.06653   0.01355   0.03184  
 29 23.2999  16987.935058  x: 377.20710   0.01305   0.03034  
 30 26.5525  16987.929628  x: 378.33973   0.01298   0.03013  
 31 22.6600  16987.919995  x: 380.31157   0.01288   0.02984  
 32 20.1017  16987.914953  x: 381.84653   0.01280   0.02961  
 33  9.5438  16987.912197  x: 383.03586   0.01274   0.02944  
 34 22.9878  16987.910166  x: 383.99420   0.01268   0.02928  
 35  7.1217  16987.910165  x: 383.99414   0.01268   0.02928  
 36 16.6239  16987.901672  x: 383.97988   0.01252   0.02884  
 37  0.0078  16987.876710  x: 384.00400   0.01278   0.02957  
 38  0.0298  16987.876690  x: 384.00317   0.01277   0.02954  
 39 1230.1988  16987.875626  x: 383.99620   0.01270   0.02935  
 40  0.0009  16987.875626  x: 383.99623   0.01270   0.02936  
 41  0.0134  16987.875625  x: 383.99623   0.01270   0.02936  
 42  0.4320  16987.875625  x: 383.99615   0.01270   0.02935  
 43 90.8471  16987.873122  x: 383.99567   0.01270   0.02933  
 44  0.0001  16987.873122  x: 383.99567   0.01270   0.02933  
 45  0.0011  16987.857924  x: 383.98801   0.01259   0.02906  
 46  0.0160  16987.857923  x: 383.98800   0.01259   0.02906  
 47  0.0717  16987.857923  x: 383.98800   0.01259   0.02906  
 48  0.0819  16987.857923  x: 383.98800   0.01259   0.02906  
 49  0.0007  16987.857923  x: 383.98800   0.01259   0.02906  
 50  0.0068  16987.857923  x: 383.98800   0.01259   0.02906  
check convergence!


Model 8: beta&w>1

TREE # 1

  0  0.0000  27066.055231  x: 383.98800   0.90000   1.16289   1.01029   2.98419  
  1 99.0000  17686.216766  x: 383.98800   0.18071   0.43382   1.26173   3.01517  
  2 16037.8180  16879.684027  x: 383.98789   0.44283   0.08056   1.31280   3.06194  
  3 2935.7467  16845.311974  x: 383.98677   0.48212   0.14977   1.61461   3.35198  
  4 223.5140  15950.177498  x: 383.95516   0.16920   0.18498   0.29710   9.03035  
  5 145.8891  15852.534878  x: 383.90433   0.13509   0.19660   0.17293  10.37655  
  6 26.6802  12134.673164  x: 379.07940   0.04120   0.83916   1.30266  72.13981  
  7 17.9698  11268.040996  x: 377.67294   0.34421   0.89150   1.43729  86.93246  
  8 40.8656  10729.958518  x: 366.82250   0.34128   1.18378   2.16110  128.57136  
  9  5.3796  10063.354728  x: 281.96898   0.42020   3.23888   7.31173  427.42514  
 10 38.8395   9789.917297  x: 231.03693   0.72016   4.26834   9.88204  583.49428  
 11 20.5241   9729.666788  x: 182.07346   0.81168   5.25590  12.34586  728.22858  
 12 42.5165   9491.909676  x: 88.91963   0.87439   7.12261  17.00117  999.00000  
 13 574.8073   9491.909676  x: 88.91963   0.87439   7.12261  17.00117  999.00000  
 14 208.6239   9377.913981  x: 88.91958   0.81020   7.12236  17.00123  999.00000  
 15 4557.7507   9361.836993  x: 86.67147   0.78898  10.23085  14.41227  999.00000  
 16  8.3505   9109.148122  x: 41.74673   0.77135   4.66855   3.30276  999.00000  
 17  5.8264   9097.881276  x: 37.48097   0.76935   4.16883   2.17060  999.00000  
 18 7221.3058   8673.175526  x:  3.64076   0.65683  21.87987   6.50155  999.00000  
 19 11.5335   8673.175526  x:  3.64076   0.65683  21.87987   6.50155  999.00000  
 20 22.4113   8643.275610  x:  3.64029   0.71843  21.87975   6.50190  999.00000  
 21 874.3275   8630.538526  x:  2.68242   0.72958  21.53808   7.55011  999.00000  
 22 15.0051   8540.896240  x:  2.75634   0.82561  16.92124  20.68833  999.00000  
 23 25.8622   8495.379491  x:  2.64235   0.82922  11.42365  26.30974  999.00000  
 24 15.7826   8493.967817  x:  2.46124   0.83864  10.29498  26.88772  999.00000  
 25  2.0835   8492.874625  x:  2.30935   0.84041  10.24710  25.48906  999.00000  
 26  1.1119   8416.651036  x:  2.35658   0.85677   1.98353   5.97345  999.00000  
 27  2.6491   8416.651036  x:  2.35658   0.85677   1.98353   5.97345  999.00000  
 28 22.6077   8415.938347  x:  2.35653   0.85160   1.98320   5.97333  999.00000  
 29 280.9036   8410.486877  x:  2.34406   0.86041   1.46654   5.62299  999.00000  
 30 14.4235   8390.358210  x:  2.05554   0.86570   0.70068   3.63236  999.00000  
 31 35.1350   8385.666341  x:  2.23448   0.86407   0.50903   2.96445  999.00000  
 32 58.3701   8365.199280  x:  2.04802   0.86155   0.23140   1.52777  999.00000  
 33  8.7964   8350.504110  x:  2.11719   0.85744   0.11510   0.73697  999.00000  
 34 17.6995   8312.450837  x:  2.13979   0.85349   0.05098   0.11279  999.00000  
 35  5.3099   8312.366811  x:  2.13924   0.85352   0.05086   0.11079  999.00000  
 36  3.3964   8286.629762  x:  2.91201   0.84734   0.13122   0.31749  999.00000  
 37  0.6900   8281.343329  x:  2.47531   0.84259   0.15924   0.38863  999.00000  
 38  0.3186   8281.279513  x:  2.50354   0.84289   0.16662   0.40696  999.00000  
 39  0.0297   8281.279513  x:  2.50354   0.84289   0.16662   0.40696  999.00000  
 40  0.0204   8280.668537  x:  2.50357   0.83717   0.17219   0.40476  999.00000  
 41 150.6263   8280.006406  x:  2.50379   0.83848   0.18465   0.39914  999.00000  
 42 171.4101   8279.426675  x:  2.51657   0.83587   0.16247   0.32359  999.00000  
 43 13.4249   8279.327262  x:  2.59353   0.83513   0.16198   0.32058  999.00000  
 44  2.7028   8279.289796  x:  2.59526   0.83502   0.15755   0.31709  999.00000  
 45  0.0066   8279.289605  x:  2.59557   0.83497   0.15712   0.31580  999.00000  
 46  0.0018   8279.289603  x:  2.59564   0.83496   0.15712   0.31580  999.00000  