Antechinus_flavipes Dromiciops_gliroides Gracilinanus_agilis Macropus_eugenii
0.00013512 9.8992e-05 0.00011952 3.936e-05
0.0001316 9.5797e-05 0.00011604 3.7652e-05
0.00012817 9.2952e-05 0.00011272 3.6106e-05
0.00012469 8.9915e-05 0.00010931 3.447e-05
0.00012131 8.7234e-05 0.00010607 3.2999e-05
0.00011787 8.4364e-05 0.00010273 3.144e-05
0.00011436 8.1855e-05 9.9574e-05 3.0048e-05
0.00011078 7.9135e-05 9.6305e-05 2.8557e-05
0.00010733 7.6758e-05 9.3215e-05 2.7227e-05
0.00010399 7.4686e-05 9.0296e-05 2.6041e-05
0.00010057 7.2433e-05 8.7271e-05 2.4768e-05
9.7284e-05 7.0509e-05 8.4435e-05 2.3653e-05
9.416e-05 6.8431e-05 8.1506e-05 2.2464e-05
9.0972e-05 6.6189e-05 7.8479e-05 2.1196e-05
8.7908e-05 6.4296e-05 7.5262e-05 2.0086e-05
8.4773e-05 6.2229e-05 7.1925e-05 1.8892e-05
8.176e-05 6.0471e-05 6.8799e-05 1.7848e-05
7.8676e-05 5.8549e-05 6.5557e-05 1.6724e-05
7.5712e-05 5.6917e-05 6.2518e-05 1.574e-05
7.2848e-05 5.5509e-05 5.9648e-05 1.4866e-05
7.0082e-05 5.4301e-05 5.6937e-05 1.4089e-05
6.7257e-05 5.1213e-05 5.4388e-05 1.3401e-05
6.4542e-05 4.7834e-05 5.174e-05 1.2655e-05
6.1763e-05 4.415e-05 5.013e-05 1.185e-05
5.9091e-05 4.0985e-05 4.8442e-05 1.1147e-05
5.6509e-05 3.7584e-05 4.669e-05 1.0394e-05
5.4014e-05 3.4599e-05 4.5039e-05 9.7234e-06
5.1602e-05 3.1982e-05 4.3481e-05 9.1276e-06
4.9138e-05 2.917e-05 4.1864e-05 8.4887e-06
4.6756e-05 2.6703e-05 4.034e-05 7.9203e-06
4.4465e-05 2.458e-05 3.8915e-05 7.424e-06
4.2261e-05 2.2753e-05 3.7583e-05 6.9912e-06
4.0129e-05 2.1153e-05 3.6328e-05 6.6079e-06
3.8079e-05 1.9781e-05 3.5156e-05 6.2756e-06
3.6096e-05 1.8583e-05 3.4054e-05 5.9831e-06
3.4064e-05 1.7275e-05 3.29e-05 5.6618e-06
3.1982e-05 1.5848e-05 3.1695e-05 5.3104e-06
2.9978e-05 1.4627e-05 3.0431e-05 5.0051e-06
2.8039e-05 1.3558e-05 2.924e-05 4.7354e-06
2.6161e-05 1.2622e-05 2.8114e-05 4.4973e-06
2.4342e-05 1.1801e-05 2.7051e-05 4.2875e-06
2.2578e-05 1.1081e-05 2.6046e-05 4.103e-06
2.0773e-05 1.0468e-05 2.5105e-05 3.9452e-06
1.8926e-05 9.7949e-06 2.4123e-05 3.7691e-06
1.7143e-05 9.2164e-06 2.3201e-05 3.6178e-06
1.5421e-05 8.721e-06 2.2337e-05 3.4893e-06
1.3757e-05 8.2994e-06 2.1527e-05 3.3817e-06
1.2144e-05 7.9362e-06 2.0763e-05 3.2911e-06
1.0587e-05 7.6344e-06 2.0049e-05 3.2193e-06
9.084e-06 7.3886e-06 1.9384e-05 3.1654e-06
8.9646e-06 7.103e-06 1.8763e-05 3.0965e-06
8.8511e-06 6.864e-06 1.8179e-05 3.0427e-06
8.7233e-06 6.5901e-06 1.7565e-05 2.9753e-06
8.6015e-06 6.3609e-06 1.6988e-05 2.9226e-06
8.4853e-06 6.1843e-06 1.6446e-05 2.884e-06
8.3747e-06 6.0449e-06 1.5938e-05 2.859e-06
8.2696e-06 5.9402e-06 1.5461e-05 2.8473e-06
8.1496e-06 5.8038e-06 1.4954e-05 2.8217e-06
8.0368e-06 5.3923e-06 1.4407e-05 2.8117e-06
7.9292e-06 5.0355e-06 1.3892e-05 2.8168e-06
7.8069e-06 4.6358e-06 1.3347e-05 2.8081e-06
7.6698e-06 4.3921e-06 1.284e-05 2.7855e-06
7.5397e-06 4.1914e-06 1.2369e-05 2.7784e-06
7.4147e-06 4.0235e-06 1.1925e-05 2.7841e-06
7.2751e-06 3.8253e-06 1.1453e-05 2.7762e-06
7.121e-06 3.5957e-06 1.0954e-05 2.7549e-06
6.9736e-06 3.4047e-06 1.0487e-05 2.7486e-06
6.8309e-06 3.1672e-06 1.0055e-05 2.7287e-06
6.6747e-06 3.3809e-06 9.5997e-06 2.6963e-06
6.523e-06 3.6287e-06 9.169e-06 2.6766e-06
6.3775e-06 3.9211e-06 8.7662e-06 2.6717e-06
6.2362e-06 4.2586e-06 7.8202e-06 2.6791e-06
6.0808e-06 4.5586e-06 7.75e-06 2.6733e-06
5.931e-06 4.9113e-06 7.694e-06 2.6819e-06
5.7682e-06 5.2274e-06 7.6541e-06 2.6785e-06
5.6106e-06 5.5994e-06 7.6279e-06 2.6893e-06
5.4581e-06 6.0351e-06 7.6153e-06 2.7144e-06
5.292e-06 6.4266e-06 7.5845e-06 2.7265e-06
5.131e-06 6.7407e-06 7.5367e-06 2.7534e-06
4.9569e-06 7.0188e-06 7.4716e-06 2.7678e-06
4.7876e-06 7.3468e-06 7.4182e-06 2.7952e-06
4.6218e-06 7.7302e-06 7.3762e-06 2.8359e-06
4.4592e-06 8.1759e-06 7.3457e-06 2.8904e-06
4.2837e-06 8.5771e-06 7.2978e-06 2.9318e-06
4.1129e-06 9.0554e-06 7.2817e-06 2.99e-06
3.9283e-06 9.4819e-06 7.247e-06 3.0336e-06
3.7482e-06 9.4239e-06 7.2262e-06 3.0945e-06
3.5724e-06 8.8159e-06 7.2195e-06 3.1737e-06
3.8726e-06 8.1282e-06 7.2293e-06 3.2374e-06
4.151e-06 7.3791e-06 7.2219e-06 3.2873e-06
4.4154e-06 6.5559e-06 7.2291e-06 3.3235e-06
4.687e-06 5.8542e-06 7.2102e-06 3.3776e-06
4.9446e-06 5.0918e-06 7.174e-06 3.4178e-06
5.2097e-06 4.4219e-06 7.1491e-06 3.4736e-06
5.4808e-06 3.8332e-06 7.1353e-06 3.5457e-06
5.7582e-06 3.3157e-06 6.6745e-06 3.635e-06
6.046e-06 2.8695e-06 6.2415e-06 3.7459e-06
6.343e-06 2.4846e-06 5.8343e-06 3.8802e-06
6.6495e-06 2.1526e-06 5.4514e-06 4.0402e-06
6.9397e-06 1.7855e-06 5.5072e-06 4.1826e-06
7.2397e-06 1.4672e-06 5.5744e-06 4.3521e-06
7.5235e-06 1.1137e-06 5.6243e-06 4.5016e-06
7.7912e-06 1.1136e-06 5.6568e-06 4.6316e-06
8.0667e-06 1.1246e-06 5.6703e-06 4.7885e-06
8.3503e-06 1.1452e-06 5.7056e-06 4.9708e-06
8.6444e-06 1.1799e-06 5.7525e-06 5.1854e-06
8.9233e-06 1.711e-06 5.7834e-06 5.3798e-06
9.1873e-06 2.2009e-06 5.7968e-06 5.5552e-06
9.4609e-06 2.76e-06 5.8206e-06 5.7616e-06
9.7437e-06 3.3957e-06 5.8542e-06 5.9999e-06
1.0012e-05 3.9839e-06 5.8722e-06 6.2175e-06
1.0288e-05 4.6526e-06 5.8997e-06 6.4679e-06
1.055e-05 5.2713e-06 5.9116e-06 6.6968e-06
1.0822e-05 5.9777e-06 5.9333e-06 6.9609e-06
1.1104e-05 6.7881e-06 5.9653e-06 7.265e-06
1.1369e-05 7.5186e-06 6.0127e-06 7.541e-06
1.1618e-05 8.1816e-06 6.073e-06 7.7921e-06
1.1876e-05 8.9403e-06 6.1433e-06 7.7322e-06
1.2118e-05 9.6301e-06 6.1959e-06 7.6515e-06
1.2342e-05 1.0245e-05 6.265e-06 7.5495e-06
1.2549e-05 1.08e-05 6.3162e-06 7.426e-06
1.274e-05 1.1297e-05 6.3283e-06 7.2803e-06
1.2915e-05 1.1744e-05 6.3239e-06 7.1119e-06
1.3074e-05 1.2145e-05 6.303e-06 6.9223e-06
1.3217e-05 1.25e-05 6.2656e-06 6.7109e-06
1.3346e-05 1.2811e-05 6.2117e-06 6.4771e-06
1.3482e-05 1.2594e-05 6.1678e-06 6.2748e-06
1.3603e-05 1.2334e-05 6.1063e-06 6.0485e-06
1.3707e-05 1.2032e-05 6.0284e-06 5.7998e-06
1.3821e-05 1.1787e-05 5.9604e-06 4.9062e-06
1.3919e-05 1.1502e-05 5.876e-06 3.954e-06
1.4001e-05 1.1176e-05 5.775e-06 2.9399e-06
1.4092e-05 1.0907e-05 5.684e-06 2.0322e-06
1.4166e-05 1.0576e-05 5.6073e-06 1.9133e-06
1.4247e-05 1.0296e-05 5.5383e-06 1.8074e-06
1.4337e-05 1.0068e-05 5.4782e-06 1.7147e-06
1.4412e-05 9.8063e-06 5.4033e-06 1.6108e-06
1.4496e-05 9.5928e-06 5.3368e-06 1.519e-06
1.4566e-05 9.3504e-06 5.2565e-06 1.4172e-06
1.4643e-05 9.1481e-06 5.1827e-06 1.3251e-06
1.4705e-05 8.9131e-06 5.0938e-06 1.2219e-06
1.4781e-05 8.6436e-06 5.5758e-06 1.107e-06
1.4868e-05 8.4278e-06 6.0853e-06 1.0059e-06
1.4938e-05 8.6764e-06 6.3767e-06 1.0877e-06
1.4993e-05 8.7289e-06 6.6423e-06 1.1821e-06
1.5056e-05 8.8209e-06 6.9236e-06 1.2883e-06
1.5128e-05 8.951e-06 7.22e-06 1.4066e-06
1.5184e-05 9.0496e-06 7.497e-06 1.5124e-06
1.5249e-05 9.1917e-06 7.7918e-06 1.6325e-06
1.53e-05 9.3021e-06 8.0656e-06 1.7399e-06
1.5336e-05 9.384e-06 8.3215e-06 1.836e-06
1.538e-05 9.5034e-06 8.5923e-06 1.9442e-06
1.5409e-05 9.5937e-06 8.8449e-06 2.0407e-06
1.5424e-05 9.6552e-06 9.0505e-06 2.1257e-06
1.5446e-05 9.7516e-06 9.269e-06 2.2221e-06
1.5453e-05 9.8198e-06 9.47e-06 2.3069e-06
1.5447e-05 9.8601e-06 9.6538e-06 2.3805e-06
1.5448e-05 9.94e-06 9.8525e-06 2.4674e-06
1.5436e-05 9.9918e-06 1.0034e-05 2.5428e-06
1.543e-05 1.0078e-05 1.0228e-05 2.6298e-06
1.541e-05 1.0137e-05 1.0404e-05 2.7055e-06
1.5399e-05 1.0238e-05 1.0596e-05 2.761e-06
1.5397e-05 1.0381e-05 1.0824e-05 2.8298e-06
1.54e-05 1.0559e-05 1.1065e-05 2.9094e-06
1.539e-05 1.0711e-05 1.1289e-05 2.9785e-06
1.5368e-05 1.0838e-05 1.1498e-05 3.0375e-06
1.535e-05 1.0998e-05 1.1718e-05 3.1066e-06
1.532e-05 1.1134e-05 1.1923e-05 3.1662e-06
1.5295e-05 1.1304e-05 1.2141e-05 3.2361e-06
1.5276e-05 1.1508e-05 1.237e-05 3.3168e-06
1.5244e-05 1.1688e-05 1.2585e-05 3.3877e-06
1.5218e-05 1.1909e-05 1.2816e-05 3.4719e-06
1.5198e-05 1.2168e-05 1.3059e-05 3.5679e-06
1.5165e-05 1.2399e-05 1.3286e-05 3.6529e-06
1.511e-05 1.267e-05 1.3527e-05 3.7501e-06
1.5061e-05 1.2996e-05 1.3747e-05 3.8629e-06
1.502e-05 1.3373e-05 1.3984e-05 3.9921e-06
1.4983e-05 1.3444e-05 1.427e-05 4.1101e-06
1.4935e-05 1.3495e-05 1.4542e-05 4.2185e-06
1.4877e-05 1.3525e-05 1.48e-05 4.3178e-06
1.4821e-05 1.3586e-05 1.507e-05 4.4286e-06
1.4769e-05 1.3675e-05 1.5352e-05 4.5513e-06
1.4706e-05 1.3744e-05 1.562e-05 4.6644e-06
1.4632e-05 1.3794e-05 1.5903e-05 4.7688e-06
1.4548e-05 1.3825e-05 1.6173e-05 4.8644e-06
1.4468e-05 1.389e-05 1.6459e-05 4.974e-06
1.4393e-05 1.399e-05 1.6759e-05 5.0981e-06
1.4321e-05 1.4125e-05 1.7075e-05 5.2377e-06
1.4255e-05 1.4296e-05 1.7408e-05 5.3936e-06
1.4192e-05 1.3632e-05 1.688e-05 5.5673e-06
1.4119e-05 1.2939e-05 1.6336e-05 5.7303e-06
1.4049e-05 1.2308e-05 1.5813e-05 5.911e-06
1.3984e-05 1.1736e-05 1.5309e-05 6.1102e-06
1.3922e-05 1.1216e-05 1.4825e-05 6.329e-06
1.3862e-05 1.0738e-05 1.4355e-05 6.5655e-06
1.3792e-05 1.0237e-05 1.3872e-05 6.791e-06
1.3724e-05 9.7768e-06 1.3403e-05 7.0349e-06
1.366e-05 9.3601e-06 1.2951e-05 7.3018e-06
1.3598e-05 8.9787e-06 1.2513e-05 7.5901e-06
1.3525e-05 8.5764e-06 1.2061e-05 7.8662e-06
1.3441e-05 8.1478e-06 1.1593e-05 8.1275e-06
1.3363e-05 7.7693e-06 1.1095e-05 8.4188e-06
1.3289e-05 7.4345e-06 1.0619e-05 8.7431e-06
1.3203e-05 7.0696e-06 1.0122e-05 9.0464e-06
1.3125e-05 6.7578e-06 9.6528e-06 9.3937e-06
1.3033e-05 6.4138e-06 9.1617e-06 9.7165e-06
1.2927e-05 6.0328e-06 8.6464e-06 1.0013e-05
1.2805e-05 5.612e-06 8.1056e-06 1.0283e-05
1.2692e-05 5.2496e-06 7.5945e-06 1.0597e-05
1.2565e-05 4.8519e-06 7.0601e-06 1.0886e-05
1.2424e-05 4.4168e-06 6.5017e-06 1.115e-05
1.2292e-05 4.0412e-06 5.9737e-06 1.146e-05
1.2167e-05 3.7116e-06 5.4705e-06 1.1815e-05
1.205e-05 3.2072e-06 5.4111e-06 1.1975e-05
1.1917e-05 2.6528e-06 5.3347e-06 1.211e-05
1.1794e-05 2.1723e-06 5.2695e-06 1.2284e-05
1.1655e-05 1.6439e-06 5.1667e-06 1.2432e-05
1.1499e-05 1.6169e-06 5.0464e-06 1.2553e-05
1.1637e-05 1.5717e-06 4.9096e-06 1.2651e-05
1.1783e-05 1.5078e-06 4.7565e-06 1.2717e-05
1.1933e-05 1.4524e-06 4.6091e-06 1.2807e-05
1.2086e-05 1.4028e-06 4.4654e-06 1.2918e-05
1.2241e-05 1.358e-06 4.3245e-06 1.305e-05
1.2386e-05 1.3018e-06 4.1728e-06 1.3169e-05
1.252e-05 1.2342e-06 4.0105e-06 1.3277e-05
1.2645e-05 1.1556e-06 3.8378e-06 1.3375e-05
1.276e-05 1.0662e-06 3.6548e-06 1.3463e-05
1.2878e-05 9.8263e-07 3.4755e-06 1.3572e-05
1.2986e-05 8.8785e-07 3.2856e-06 1.367e-05
1.3096e-05 7.9691e-07 3.098e-06 1.3788e-05
1.3207e-05 7.0927e-07 2.9123e-06 1.3925e-05
1.3321e-05 6.2444e-07 2.7284e-06 1.4082e-05
1.3425e-05 5.2884e-07 2.534e-06 1.4228e-05
1.3518e-05 4.2232e-07 2.3291e-06 1.4362e-05
1.3614e-05 3.187e-07 2.1262e-06 1.4517e-05
1.3699e-05 2.0399e-07 1.9125e-06 1.4659e-05
1.3773e-05 7.7677e-08 1.6876e-06 1.4787e-05
1.3834e-05 7.2118e-08 1.4501e-06 1.4899e-05
1.3902e-05 6.2794e-08 1.2182e-06 1.5042e-05
1.3977e-05 4.9791e-08 9.9194e-07 1.5219e-05
1.4059e-05 2.7523e-08 7.5226e-07 1.5374e-05
1.4128e-05 4.3186e-08 7.8033e-07 1.5509e-05
1.4182e-05 1.6866e-07 7.9791e-07 1.5622e-05
1.4222e-05 2.7937e-07 8.0511e-07 1.5713e-05
1.4269e-05 3.9698e-07 8.1006e-07 1.5835e-05
1.4301e-05 4.9951e-07 8.0466e-07 1.5934e-05
1.4319e-05 5.8802e-07 7.8917e-07 1.6014e-05
1.4324e-05 6.6235e-07 7.6344e-07 1.6073e-05
1.4336e-05 7.4405e-07 7.3583e-07 1.6165e-05
1.4358e-05 8.3781e-07 7.0741e-07 1.63e-05
1.4365e-05 8.855e-07 8.0211e-07 1.6476e-05
1.4383e-05 9.4454e-07 8.986e-07 1.6224e-05
1.4411e-05 1.0136e-06 9.96e-07 1.6016e-05
1.4446e-05 1.0915e-06 1.0936e-06 1.5844e-05
1.447e-05 1.1565e-06 1.1811e-06 1.5656e-05
1.4497e-05 1.227e-06 1.2671e-06 1.5494e-05
1.4527e-05 1.303e-06 1.3516e-06 1.5356e-05
1.456e-05 1.3844e-06 1.4342e-06 1.524e-05
1.4583e-05 1.454e-06 1.5074e-06 1.5111e-05
1.4595e-05 1.5121e-06 1.5713e-06 1.4971e-05
1.4597e-05 1.5587e-06 1.6259e-06 1.4819e-05
1.4603e-05 1.6119e-06 1.6792e-06 1.4691e-05
1.4598e-05 1.6535e-06 1.7231e-06 1.4551e-05
1.4596e-05 1.7021e-06 1.7659e-06 1.4435e-05
1.4585e-05 1.7393e-06 1.7995e-06 1.4308e-05
1.4578e-05 1.7845e-06 1.8455e-06 1.4205e-05
1.456e-05 1.8175e-06 1.8818e-06 1.409e-05
1.4531e-05 1.8382e-06 1.9085e-06 1.3963e-05
1.4492e-05 1.8473e-06 1.9258e-06 1.3823e-05
1.4442e-05 1.8441e-06 1.9334e-06 1.3671e-05
1.4395e-05 1.847e-06 1.9396e-06 1.354e-05
1.4352e-05 1.8578e-06 1.9451e-06 1.3434e-05
1.4298e-05 1.856e-06 1.9408e-06 1.3314e-05
1.4233e-05 1.8421e-06 1.9269e-06 1.3182e-05
1.4172e-05 1.8347e-06 1.9117e-06 1.3072e-05
1.4099e-05 1.8144e-06 1.8865e-06 1.2947e-05
1.403e-05 1.8014e-06 1.8604e-06 1.2845e-05
1.3949e-05 1.7743e-06 1.8239e-06 1.2728e-05
1.3875e-05 1.7587e-06 1.7882e-06 1.264e-05
1.381e-05 1.758e-06 1.7551e-06 1.2592e-05
1.3754e-05 1.7713e-06 1.7067e-06 1.2575e-05
1.3682e-05 1.7666e-06 1.646e-06 1.2536e-05
1.3619e-05 1.7808e-06 1.5872e-06 1.2529e-05
1.3566e-05 1.7662e-06 1.5309e-06 1.2498e-05
1.3497e-05 1.7248e-06 1.4777e-06 1.2445e-05
1.3436e-05 1.6974e-06 1.426e-06 1.2425e-05
1.3386e-05 1.6865e-06 1.3767e-06 1.2442e-05
1.332e-05 1.6556e-06 1.5647e-06 1.2433e-05
1.3261e-05 1.6782e-06 1.7618e-06 1.2857e-05
1.3213e-05 1.512e-06 2.0149e-06 1.2852e-05
1.3174e-05 1.3667e-06 2.2882e-06 1.2879e-05
1.3149e-05 1.1996e-06 2.5447e-06 1.2883e-05
1.3132e-05 1.0518e-06 2.812e-06 1.292e-05
1.3099e-05 8.8132e-07 3.0611e-06 1.2932e-05
1.3074e-05 7.2905e-07 3.3213e-06 1.2976e-05
1.3059e-05 5.5292e-07 3.563e-06 1.3017e-05
1.3027e-05 5.1487e-07 3.6548e-06 1.3054e-05
1.29e-05 3.6153e-07 4.0282e-06 1.3221e-05
1.2841e-05 3.1148e-07 4.1113e-06 1.3275e-05
1.2792e-05 2.6626e-07 4.2037e-06 1.3368e-05
1.2754e-05 2.249e-07 4.306e-06 1.3501e-05
1.2699e-05 1.7039e-07 4.3919e-06 1.3608e-05
1.2654e-05 1.1918e-07 4.4877e-06 1.3756e-05
1.2619e-05 7.0137e-08 4.5937e-06 1.3948e-05
1.2568e-05 7.7341e-08 4.5324e-06 1.4124e-05
1.2526e-05 8.2047e-08 4.4803e-06 1.4344e-05
1.2491e-05 8.3592e-08 4.4347e-06 1.4605e-05
1.2443e-05 7.5875e-08 4.3759e-06 1.4844e-05
1.2401e-05 6.4504e-08 4.3221e-06 1.512e-05
1.2347e-05 1.3836e-07 4.2567e-06 1.5378e-05
1.2296e-05 2.1242e-07 4.1939e-06 1.5667e-05
1.2233e-05 2.7589e-07 4.1197e-06 1.5938e-05
1.2174e-05 3.3974e-07 4.0477e-06 1.624e-05
1.2103e-05 3.9296e-07 3.9645e-06 1.6524e-05
1.2021e-05 4.3562e-07 3.8583e-06 1.6791e-05
1.1943e-05 4.798e-07 3.7558e-06 1.7022e-05
1.1868e-05 5.2578e-07 3.6568e-06 1.7285e-05
1.1798e-05 5.7375e-07 3.5607e-06 1.7584e-05
1.1729e-05 6.2253e-07 3.4658e-06 1.7912e-05
1.1649e-05 6.6108e-07 3.3605e-06 1.8225e-05
1.1573e-05 7.0155e-07 3.2572e-06 1.8573e-05
1.1497e-05 7.4304e-07 3.1546e-06 1.8953e-05
1.1423e-05 7.8576e-07 3.0525e-06 1.9365e-05
1.1351e-05 8.2995e-07 2.9508e-06 1.9813e-05
1.1279e-05 8.7588e-07 2.8493e-06 2.0299e-05
1.121e-05 9.251e-07 2.7491e-06 2.0829e-05
1.1144e-05 9.78e-07 2.6499e-06 2.1408e-05
1.1079e-05 1.035e-06 2.5516e-06 2.2038e-05
1.1016e-05 1.095e-06 2.453e-06 2.2717e-05
1.0942e-05 1.1441e-06 2.3446e-06 2.3375e-05
1.087e-05 1.1965e-06 2.2515e-06 2.4083e-05
1.0788e-05 1.2379e-06 2.1486e-06 2.4769e-05
1.0708e-05 1.2843e-06 2.0461e-06 2.5516e-05
1.063e-05 1.3361e-06 1.9437e-06 2.6328e-05
1.0554e-05 1.3937e-06 1.8414e-06 2.7209e-05
1.0469e-05 1.4404e-06 1.7296e-06 2.8068e-05
1.0385e-05 1.4932e-06 1.6178e-06 2.9e-05
1.0292e-05 1.5345e-06 1.4964e-06 2.9906e-05
1.0189e-05 1.5645e-06 1.3653e-06 3.0786e-05
1.0087e-05 1.5991e-06 1.2332e-06 3.1732e-05
9.9747e-06 1.6225e-06 1.3656e-06 3.2653e-05
9.8526e-06 1.6344e-06 1.4884e-06 3.3547e-05
9.7328e-06 1.6527e-06 1.611e-06 3.3411e-05
9.6139e-06 1.6759e-06 1.7328e-06 3.3306e-05
9.485e-06 1.6875e-06 1.8449e-06 3.3185e-05
9.3464e-06 1.688e-06 1.9475e-06 3.3051e-05
9.2099e-06 1.6952e-06 2.0503e-06 3.2952e-05
9.0745e-06 1.7075e-06 2.1526e-06 3.2886e-05
8.9404e-06 1.7256e-06 2.2548e-06 3.2852e-05
8.8089e-06 1.7516e-06 2.3582e-06 3.2857e-05
8.6804e-06 1.7868e-06 2.4637e-06 3.2901e-05
8.5562e-06 1.8334e-06 2.5724e-06 3.2991e-05
8.4369e-06 1.8939e-06 2.6859e-06 3.3133e-05
8.3232e-06 1.9706e-06 2.805e-06 3.2523e-05
8.196e-06 2.0285e-06 2.9102e-06 3.1869e-05
8.0767e-06 2.0684e-06 3.002e-06 3.1171e-05
7.9436e-06 2.0891e-06 3.0796e-06 3.1575e-05
7.8163e-06 2.091e-06 3.1433e-06 3.1942e-05
7.6763e-06 2.0757e-06 3.1941e-06 3.2279e-05
7.5399e-06 2.0727e-06 3.2485e-06 3.2669e-05
7.4069e-06 2.0818e-06 3.3066e-06 3.3115e-05
7.2617e-06 2.0746e-06 3.352e-06 3.3532e-05
7.1195e-06 2.0788e-06 3.4008e-06 3.4004e-05
6.9814e-06 2.0986e-06 3.4344e-06 3.371e-05
6.8454e-06 2.1289e-06 3.4708e-06 3.346e-05
6.6977e-06 2.1436e-06 3.4948e-06 3.3186e-05
6.5519e-06 2.1684e-06 3.5215e-06 3.14e-05
6.4087e-06 2.2053e-06 3.552e-06 2.9765e-05
6.2679e-06 2.2546e-06 3.5863e-06 2.8268e-05
6.1281e-06 2.3142e-06 3.6232e-06 2.6881e-05
5.9774e-06 2.3586e-06 3.6479e-06 2.5447e-05
5.8286e-06 2.416e-06 3.6752e-06 2.4132e-05
5.6817e-06 2.4871e-06 4.0425e-06 2.2925e-05
5.5247e-06 2.5445e-06 4.3965e-06 2.1684e-05
5.3683e-06 2.6131e-06 4.7605e-06 2.0537e-05
6.08e-06 2.6692e-06 5.1126e-06 1.9362e-05
6.8028e-06 2.7363e-06 5.4745e-06 1.8274e-05
7.537e-06 2.8148e-06 5.8466e-06 1.7268e-05
8.2806e-06 2.9027e-06 6.2272e-06 1.6328e-05
9.0118e-06 2.9776e-06 6.5954e-06 1.5362e-05
9.755e-06 3.0647e-06 6.9745e-06 1.4468e-05
1.0486e-05 3.1393e-06 7.3417e-06 1.3552e-05
1.1228e-05 3.2242e-06 7.718e-06 1.2695e-05
1.1957e-05 3.2958e-06 8.0816e-06 1.1814e-05
1.2696e-05 3.3779e-06 8.4546e-06 1.099e-05
1.3422e-05 3.4466e-06 8.8148e-06 1.0144e-05
1.4136e-05 3.5021e-06 9.1623e-06 1.0261e-05
1.4863e-05 3.5708e-06 9.5218e-06 1.0397e-05
1.5577e-05 3.626e-06 9.8683e-06 1.0523e-05
1.6304e-05 3.6948e-06 1.0227e-05 1.067e-05
1.7042e-05 3.579e-06 1.0597e-05 1.0806e-05
1.7792e-05 3.4754e-06 1.0978e-05 1.096e-05
1.8553e-05 3.3834e-06 1.137e-05 1.1133e-05
1.9327e-05 3.3025e-06 1.1774e-05 1.1325e-05
2.0112e-05 3.2321e-06 1.219e-05 1.1538e-05
2.0886e-05 3.1491e-06 1.2593e-05 1.174e-05
2.1672e-05 3.0764e-06 1.2503e-05 1.1963e-05
2.2444e-05 2.9905e-06 1.2401e-05 1.2174e-05
2.3232e-05 2.9169e-06 1.2308e-05 1.241e-05
2.4034e-05 2.8526e-06 1.2223e-05 1.2669e-05
2.4822e-05 2.7754e-06 1.2126e-05 1.2916e-05
2.5626e-05 2.7096e-06 1.2037e-05 1.319e-05
2.6447e-05 2.6546e-06 1.1958e-05 1.3493e-05
2.7254e-05 2.5869e-06 1.1867e-05 1.3782e-05
2.8079e-05 2.5299e-06 1.1784e-05 1.4102e-05
2.889e-05 2.4606e-06 1.1677e-05 1.4409e-05
2.9719e-05 2.4019e-06 1.1579e-05 1.4749e-05
3.0566e-05 2.353e-06 1.149e-05 1.5122e-05
3.1429e-05 2.3116e-06 1.1408e-05 1.553e-05
3.2308e-05 2.2775e-06 1.1333e-05 1.5971e-05
3.3173e-05 2.2311e-06 1.1246e-05 1.6395e-05
3.4054e-05 2.1918e-06 1.1165e-05 1.6855e-05
3.492e-05 2.1402e-06 1.1073e-05 1.7297e-05
3.5806e-05 2.0975e-06 1.0989e-05 1.7782e-05
3.6713e-05 2.0637e-06 1.0914e-05 1.8312e-05
3.7642e-05 2.0389e-06 1.0848e-05 1.8894e-05
3.8594e-05 2.0234e-06 1.0792e-05 1.9532e-05
3.9571e-05 2.0173e-06 1.0745e-05 2.0235e-05
4.0531e-05 1.9981e-06 1.0685e-05 2.0911e-05
4.1515e-05 1.9882e-06 1.0635e-05 2.1654e-05
4.2522e-05 1.9651e-06 1.0572e-05 2.2369e-05
4.3512e-05 1.9293e-06 1.0496e-05 2.3059e-05
4.4485e-05 1.8804e-06 1.0408e-05 2.3722e-05
4.5485e-05 1.842e-06 1.033e-05 2.4456e-05
4.6468e-05 1.79e-06 1.0238e-05 2.516e-05
4.743e-05 1.7228e-06 1.0131e-05 2.5828e-05
4.8421e-05 1.6673e-06 1.0036e-05 2.6574e-05
4.9444e-05 1.6236e-06 9.9538e-06 2.7233e-05
5.0443e-05 1.5638e-06 9.8547e-06 2.7868e-05
5.0119e-05 1.5148e-06 9.7676e-06 2.8579e-05
4.9778e-05 1.4505e-06 9.6645e-06 2.9251e-05
4.9419e-05 1.3709e-06 9.5458e-06 2.9885e-05
4.9042e-05 1.6654e-06 9.4114e-06 3.0484e-05
4.8684e-05 1.9892e-06 9.288e-06 3.1152e-05
4.8307e-05 2.2868e-06 9.1478e-06 3.1779e-05
4.7911e-05 2.5604e-06 9.848e-06 3.237e-05
4.7497e-05 2.8107e-06 1.0524e-05 3.2924e-05
4.7062e-05 3.0352e-06 1.113e-05 3.3437e-05
4.6648e-05 3.2891e-06 1.1766e-05 3.4022e-05
4.6261e-05 3.585e-06 1.2441e-05 3.4702e-05
4.5849e-05 3.8458e-06 1.3085e-05 3.5324e-05
4.5462e-05 4.1472e-06 1.3766e-05 3.6039e-05
4.5049e-05 4.4126e-06 1.4413e-05 3.6693e-05
4.4665e-05 4.7279e-06 1.5106e-05 3.7459e-05
4.2987e-05 5.6492e-06 1.8017e-05 4.0244e-05
4.2586e-05 5.93e-06 1.8685e-05 4.0202e-05
4.2163e-05 5.9275e-06 1.9397e-05 4.0232e-05
4.1768e-05 5.9618e-06 2.0161e-05 4.0331e-05
4.1347e-05 5.966e-06 2.0886e-05 4.0389e-05
4.0955e-05 6.0072e-06 2.1665e-05 4.0517e-05
4.0589e-05 6.0864e-06 2.25e-05 4.0717e-05
4.0246e-05 5.9843e-06 2.3061e-05 4.0246e-05
3.9924e-05 5.9129e-06 2.3658e-05 3.9847e-05
3.9581e-05 5.8166e-06 2.4228e-05 3.941e-05
3.9253e-05 5.7415e-06 2.4825e-05 3.9025e-05
3.8911e-05 5.6497e-06 2.5403e-05 3.8618e-05
3.858e-05 5.5759e-06 2.6005e-05 3.8257e-05
3.8236e-05 5.4862e-06 2.659e-05 3.7876e-05
3.7905e-05 5.4156e-06 2.7201e-05 3.7542e-05
3.7587e-05 5.3297e-06 2.7795e-05 3.7189e-05
3.7256e-05 5.2297e-06 2.8373e-05 3.682e-05
3.6935e-05 5.1449e-06 2.8974e-05 3.6491e-05
3.6624e-05 5.0749e-06 2.9597e-05 3.4157e-05
3.63e-05 4.9902e-06 3.0204e-05 3.1766e-05
3.5964e-05 4.8908e-06 3.0794e-05 2.9319e-05
3.5637e-05 4.7773e-06 3.1368e-05 2.6819e-05
3.5299e-05 4.6498e-06 3.1926e-05 2.4265e-05
3.4948e-05 4.5075e-06 3.2467e-05 2.1651e-05
3.4585e-05 4.3502e-06 3.2992e-05 2.1517e-05
3.4234e-05 4.2111e-06 3.3544e-05 2.1411e-05
3.3871e-05 4.0583e-06 3.4079e-05 2.1294e-05
3.3519e-05 3.9228e-06 3.4642e-05 1.9983e-05
3.3155e-05 3.7729e-06 3.5188e-05 1.8639e-05
3.278e-05 3.6093e-06 3.5718e-05 1.7264e-05
3.2414e-05 3.4597e-06 3.6271e-05 1.5978e-05
3.2035e-05 3.2958e-06 3.6808e-05 1.4659e-05
3.1645e-05 3.1175e-06 3.7327e-05 1.3306e-05
3.1265e-05 2.9557e-06 3.7874e-05 1.2052e-05
3.0895e-05 2.8066e-06 3.8445e-05 1.0879e-05
3.0535e-05 2.6724e-06 3.9046e-05 9.7928e-06
3.0185e-05 2.5492e-06 3.9673e-05 8.7766e-06
2.9822e-05 2.4125e-06 4.0282e-05 7.7325e-06
2.9447e-05 2.262e-06 4.0873e-05 6.6598e-06
2.9059e-05 2.0916e-06 4.1445e-05 5.6667e-06
2.8682e-05 1.9353e-06 4.2048e-05 4.7467e-06
2.8314e-05 1.7894e-06 4.2678e-05 3.8852e-06
2.7935e-05 1.6308e-06 4.3289e-05 3.0021e-06
2.7565e-05 1.4841e-06 4.3932e-05 2.1819e-06
2.7206e-05 1.3479e-06 4.4607e-05 1.4196e-06
2.6836e-05 1.1997e-06 4.5266e-05 1.3683e-06
2.6476e-05 1.0615e-06 4.5958e-05 1.3103e-06
2.6123e-05 9.3017e-07 4.6679e-05 1.2563e-06
2.5778e-05 8.048e-07 4.7431e-05 1.2061e-06
2.5441e-05 6.847e-07 4.8214e-05 1.1593e-06
2.5111e-05 5.6914e-07 4.903e-05 1.1158e-06
2.479e-05 4.5904e-07 4.9907e-05 1.0764e-06
2.4457e-05 3.3775e-07 5.0764e-05 1.0307e-06
2.4113e-05 2.0517e-07 5.16e-05 9.7884e-07
2.3756e-05 2.3602e-07 5.2415e-05 9.2063e-07
2.3409e-05 2.654e-07 5.3271e-05 8.6656e-07
2.307e-05 2.9289e-07 5.4163e-05 8.155e-07
2.2717e-05 3.1065e-07 5.5031e-05 7.5786e-07
2.269e-05 3.1807e-07 5.5871e-05 6.9279e-07
2.2671e-05 3.258e-07 5.6761e-05 6.3287e-07
2.266e-05 3.3267e-07 5.7697e-05 5.7657e-07
2.2636e-05 3.2944e-07 5.8606e-05 5.135e-07
2.26e-05 3.1612e-07 5.9487e-05 4.4357e-07
2.257e-05 3.0189e-07 6.0414e-05 3.7713e-07
2.2548e-05 2.8663e-07 6.1388e-05 3.1372e-07
2.2534e-05 2.7022e-07 6.2412e-05 2.5288e-07
2.2505e-05 2.4351e-07 6.3404e-05 1.8534e-07
2.2463e-05 2.0629e-07 6.4362e-05 1.1082e-07
2.2431e-05 1.6951e-07 6.5385e-05 4.0456e-08
2.2385e-05 2.4879e-07 6.6371e-05 3.6615e-08
2.2351e-05 3.3344e-07 6.7426e-05 3.0826e-08
2.2302e-05 4.0518e-07 6.8443e-05 2.0329e-08
2.2227e-05 4.6257e-07 6.9528e-05 3.4799e-08
2.2139e-05 5.0857e-07 7.0582e-05 4.4623e-08
2.2039e-05 5.4365e-07 7.1606e-05 4.9882e-08
2.1926e-05 5.6798e-07 7.2602e-05 1.4556e-07
2.1819e-05 5.9287e-07 7.3644e-05 2.4491e-07
2.1717e-05 6.182e-07 7.4732e-05 3.482e-07
2.1621e-05 6.4402e-07 7.5866e-05 4.5585e-07
2.1513e-05 6.5974e-07 7.6976e-05 5.5688e-07
2.1412e-05 6.7682e-07 7.8139e-05 6.6346e-07
2.13e-05 6.8417e-07 7.928e-05 7.6372e-07
2.1194e-05 6.9291e-07 8.0474e-05 8.6993e-07
2.1094e-05 7.0309e-07 8.1724e-05 9.8273e-07
2.0999e-05 7.1372e-07 8.3023e-05 1.1014e-06
2.0893e-05 7.1426e-07 8.4297e-05 1.213e-06
2.0793e-05 7.164e-07 8.5629e-05 1.3322e-06
2.0699e-05 7.0832e-07 8.6936e-05 1.4441e-06
2.061e-05 7.0077e-07 8.8295e-05 1.5628e-06
2.0527e-05 6.9482e-07 8.9715e-05 1.6903e-06
2.0448e-05 6.8939e-07 8.9032e-05 1.8258e-06
2.0373e-05 6.8447e-07 8.8387e-05 1.9701e-06
2.0303e-05 6.8011e-07 8.778e-05 2.1239e-06
2.0223e-05 6.6564e-07 8.7151e-05 2.2695e-06
2.013e-05 6.4059e-07 8.6499e-05 2.4063e-06
2.0047e-05 6.1967e-07 8.5904e-05 2.3284e-06
1.9974e-05 6.0252e-07 8.2953e-05 2.2613e-06
1.9885e-05 5.7207e-07 7.9921e-05 2.1828e-06
1.9779e-05 5.2797e-07 7.6803e-05 2.0923e-06
1.9684e-05 4.8838e-07 7.3843e-05 2.014e-06
1.9572e-05 6.5184e-07 7.0792e-05 1.9235e-06
1.9472e-05 8.3296e-07 6.7905e-05 1.8494e-06
1.9385e-05 9.6601e-07 6.7601e-05 1.7886e-06
1.9309e-05 1.1145e-06 6.7347e-05 1.7381e-06
1.9216e-05 1.2425e-06 6.7054e-05 1.676e-06
1.9133e-05 1.3866e-06 6.6809e-05 1.6237e-06
1.9033e-05 1.5098e-06 6.6526e-05 1.5599e-06
1.8946e-05 1.6538e-06 6.6299e-05 1.5076e-06
1.884e-05 1.7127e-06 6.7085e-05 1.4678e-06
1.8746e-05 1.7548e-06 6.7833e-05 1.4186e-06
1.8638e-05 1.7808e-06 6.8547e-05 1.3602e-06
1.8538e-05 1.8185e-06 6.9316e-05 1.3096e-06
1.8426e-05 1.8416e-06 7.0054e-05 1.2506e-06
1.8318e-05 1.872e-06 7.0835e-05 1.1965e-06
1.8216e-05 1.9096e-06 7.1657e-05 1.1468e-06
1.8103e-05 1.9352e-06 7.2457e-05 1.0907e-06
1.7979e-05 1.9485e-06 7.3234e-05 1.028e-06
1.786e-05 1.9695e-06 7.4055e-05 9.6978e-07
1.773e-05 1.9787e-06 7.4855e-05 9.0534e-07
1.7605e-05 1.9956e-06 7.5699e-05 8.4501e-07
1.7484e-05 2.0182e-06 7.6581e-05 7.8754e-07
1.7352e-05 2.0291e-06 7.7441e-05 7.2402e-07
1.721e-05 2.0281e-06 7.828e-05 6.5441e-07
1.7072e-05 2.0349e-06 7.9165e-05 5.8848e-07
1.694e-05 2.0497e-06 8.0096e-05 5.2586e-07
1.6812e-05 2.0725e-06 8.1077e-05 4.6621e-07
1.6689e-05 2.102e-06 8.2102e-05 4.0892e-07
1.657e-05 2.1404e-06 8.318e-05 3.5403e-07
1.6441e-05 2.1667e-06 8.4235e-05 2.9354e-07
1.6316e-05 2.2007e-06 8.5459e-05 2.3478e-07
1.618e-05 2.2217e-06 8.6655e-05 1.7017e-07
1.6032e-05 2.2298e-06 8.7824e-05 9.9689e-08
1.5873e-05 2.2248e-06 8.9065e-05 1.1256e-07
1.5719e-05 2.229e-06 9.0368e-05 1.2413e-07
1.557e-05 2.2211e-06 9.1645e-05 1.3106e-07
1.5409e-05 2.2012e-06 9.2897e-05 1.3338e-07
1.5252e-05 2.1884e-06 9.4203e-05 1.3408e-07
1.51e-05 2.1848e-06 9.5573e-05 1.335e-07
1.4952e-05 2.1883e-06 9.7002e-05 1.3132e-07
1.4807e-05 2.1992e-06 9.8491e-05 1.2755e-07
1.4667e-05 2.2198e-06 0.00010005 1.2255e-07
1.4532e-05 2.2499e-06 0.00010156 1.1612e-07
1.4385e-05 2.2664e-06 0.00010303 1.0486e-07
1.4226e-05 2.2682e-06 0.00010446 8.8578e-08
1.4073e-05 2.8566e-06 0.00010584 1.381e-07
1.3926e-05 3.5074e-06 0.00010732 1.8965e-07
1.3787e-05 3.5937e-06 0.00010888 2.4819e-07
1.3654e-05 3.6626e-06 0.0001104 3.0029e-07
1.351e-05 3.7169e-06 0.00011189 3.4667e-07
1.3355e-05 3.7571e-06 0.00011335 3.875e-07
1.3189e-05 3.7833e-06 0.00011472 4.2285e-07
1.3027e-05 3.8211e-06 0.00011615 4.5899e-07
1.2853e-05 3.8452e-06 0.00011754 4.8969e-07
1.267e-05 3.8558e-06 0.00011892 5.1502e-07
1.249e-05 3.88e-06 0.00012035 5.4168e-07
1.2313e-05 3.9178e-06 0.00012186 5.6983e-07
1.2139e-05 3.967e-06 0.00012343 5.9894e-07
1.1954e-05 4.0026e-06 0.00012497 6.2257e-07
1.1772e-05 4.0497e-06 0.00012657 6.4725e-07
1.1579e-05 4.0832e-06 0.00012814 6.6643e-07
1.1376e-05 4.1031e-06 0.00012969 6.8012e-07
1.1164e-05 4.1101e-06 0.00013121 6.8851e-07
1.0954e-05 4.1312e-06 0.0001328 6.9865e-07
1.0748e-05 4.1668e-06 0.00013446 7.1059e-07
1.0532e-05 4.1893e-06 0.0001361 7.172e-07
1.0318e-05 4.2238e-06 0.00013781 7.2496e-07
1.0094e-05 4.2451e-06 0.00013949 7.2738e-07
9.8718e-06 4.2785e-06 0.00014123 7.3099e-07
9.6528e-06 4.2978e-06 0.00014295 7.2901e-07
9.4368e-06 4.3321e-06 0.00014474 7.2895e-07
9.2236e-06 4.3816e-06 0.00014662 7.3081e-07
9.0005e-06 4.4177e-06 0.00014847 7.3758e-07
8.779e-06 4.4665e-06 0.00015039 7.4562e-07
8.5601e-06 4.531e-06 0.0001524 7.5568e-07
8.3425e-06 4.6089e-06 0.00015449 7.6708e-07
8.1148e-06 4.6724e-06 0.00015654 7.7285e-07
7.8896e-06 4.7526e-06 0.00015869 7.8077e-07
7.6657e-06 4.8475e-06 0.00016096 7.9022e-07
7.4441e-06 4.9606e-06 0.00016334 8.0198e-07
7.2128e-06 5.0594e-06 0.00016568 8.0821e-07
6.9716e-06 5.1405e-06 0.00016525 8.0889e-07
6.7326e-06 5.2399e-06 0.00016487 8.1187e-07
6.4956e-06 4.7913e-06 0.00016454 8.1716e-07
6.2605e-06 4.3798e-06 0.00015998 8.2477e-07
6.0155e-06 3.9485e-06 0.00015536 8.2668e-07
5.7609e-06 3.4984e-06 0.00015069 8.2313e-07
5.5081e-06 3.0838e-06 0.00014619 8.2186e-07
5.2453e-06 2.6497e-06 0.00014164 8.1491e-07
4.9842e-06 2.2487e-06 0.00013726 8.1023e-07
4.7246e-06 1.8779e-06 0.00013304 8.078e-07
4.4663e-06 1.5343e-06 0.00012899 8.0762e-07
4.2093e-06 1.2154e-06 0.00012509 8.0967e-07
3.9534e-06 9.1872e-07 0.00012135 8.1401e-07
3.6986e-06 6.4226e-07 0.00011774 8.2073e-07
3.4338e-06 6.6935e-07 0.00011409 8.2152e-07
3.1701e-06 6.9865e-07 0.00011057 8.2491e-07
2.9067e-06 7.2932e-07 0.00010721 8.3024e-07
2.6434e-06 7.6167e-07 0.00010397 8.3759e-07
2.3702e-06 7.8324e-07 0.00010068 8.3894e-07
2.0982e-06 8.0822e-07 9.7527e-05 8.4335e-07
1.8156e-06 8.2178e-07 9.4316e-05 8.4138e-07
1.5345e-06 8.3928e-07 9.0962e-05 8.4263e-07
1.2545e-06 8.6081e-07 8.7755e-05 8.4717e-07
1.3417e-06 8.71e-07 8.4492e-05 8.4542e-07
1.426e-06 8.857e-07 8.1375e-05 8.4719e-07
1.501e-06 8.8805e-07 7.8192e-05 8.4208e-07
1.5738e-06 8.9658e-07 7.517e-05 8.4147e-07
1.6359e-06 8.8928e-07 7.2041e-05 8.3184e-07
1.6971e-06 8.9133e-07 6.9106e-05 8.2863e-07
1.7477e-06 8.7782e-07 6.6373e-05 8.1682e-07
1.7967e-06 8.4899e-07 6.3548e-05 7.9638e-07
1.8441e-06 8.2758e-07 6.088e-05 7.8118e-07
1.8908e-06 8.1527e-07 5.838e-05 7.7226e-07
1.9359e-06 8.0981e-07 5.6018e-05 7.6826e-07
1.9701e-06 7.8851e-07 5.3565e-05 7.5524e-07
2.0037e-06 7.7602e-07 5.1268e-05 7.4835e-07
2.0367e-06 7.7206e-07 4.9117e-05 7.4748e-07
2.0587e-06 7.5244e-07 4.6882e-05 7.3765e-07
2.0802e-06 7.4122e-07 4.4788e-05 7.3379e-07
2.1011e-06 7.3813e-07 4.2827e-05 7.3583e-07
2.1115e-06 7.2052e-07 4.0797e-05 7.2954e-07
2.1213e-06 7.1091e-07 3.8896e-05 7.2913e-07
2.1204e-06 7.0736e-07 3.71e-05 7.3343e-07
2.1218e-06 7.117e-07 3.5513e-05 7.4372e-07
2.1219e-06 7.2207e-07 3.4015e-05 7.5895e-07
2.1216e-06 7.4059e-07 3.2614e-05 7.8059e-07
2.1105e-06 7.4447e-07 3.1159e-05 7.936e-07
2.0982e-06 7.5469e-07 2.9786e-05 8.1189e-07
2.0846e-06 7.7141e-07 2.8491e-05 8.3568e-07
2.0602e-06 7.7337e-07 2.7145e-05 8.5067e-07
2.0353e-06 7.8386e-07 2.5885e-05 8.7263e-07
2.0099e-06 8.031e-07 2.4705e-05 9.0192e-07
1.9839e-06 8.3152e-07 2.3602e-05 9.4058e-07
1.9565e-06 8.6759e-07 2.256e-05 9.8623e-07
1.9284e-06 9.1416e-07 2.1586e-05 1.0411e-06
1.8996e-06 9.412e-07 2.0683e-05 1.0853e-06
1.8719e-06 9.5265e-07 1.9743e-05 1.1196e-06
1.8433e-06 9.7447e-07 1.8862e-05 1.1632e-06
1.8038e-06 9.7965e-07 1.7941e-05 1.1961e-06
1.7635e-06 9.9534e-07 1.7078e-05 1.2385e-06
1.7122e-06 9.9427e-07 1.617e-05 1.2701e-06
1.6601e-06 1.0039e-06 1.5319e-05 1.3134e-06
1.5975e-06 9.9783e-07 1.4432e-05 1.3465e-06
1.534e-06 1.0023e-06 1.3601e-05 1.3898e-06
1.4687e-06 1.0152e-06 1.2814e-05 1.4422e-06
1.4014e-06 1.0366e-06 1.2068e-05 1.5043e-06
1.3238e-06 1.0423e-06 1.1291e-05 1.5555e-06
1.245e-06 8.7123e-07 1.0561e-05 1.6188e-06
1.1556e-06 9.3536e-07 9.7951e-06 1.6698e-06
1.0648e-06 1.0123e-06 9.0753e-06 1.7335e-06
9.6348e-07 1.0713e-06 8.3213e-06 1.7848e-06
8.6076e-07 1.1437e-06 7.6117e-06 1.8492e-06
7.5654e-07 1.0541e-06 6.9437e-06 1.9277e-06
6.5067e-07 9.7914e-07 6.3146e-06 2.0217e-06
5.3431e-07 8.9067e-07 5.6544e-06 2.1016e-06
4.0743e-07 9.9932e-07 5.5816e-06 2.1679e-06
2.7892e-07 1.1258e-06 5.4895e-06 2.2497e-06
2.9727e-07 1.228e-06 5.4118e-06 2.3175e-06
3.1078e-07 1.3488e-06 5.3455e-06 2.4015e-06
3.1947e-07 1.4909e-06 5.2904e-06 2.5031e-06
3.1939e-07 1.6107e-06 5.2468e-06 2.5909e-06
3.1449e-07 1.7533e-06 5.2139e-06 2.6971e-06
3.0478e-07 1.9218e-06 5.1917e-06 2.6283e-06
4.6188e-07 3.1919e-06 5.1317e-06 2.5448e-06
6.1762e-07 4.6336e-06 5.0801e-06 2.4757e-06
7.7218e-07 6.2713e-06 5.037e-06 2.4242e-06
9.2574e-07 8.1328e-06 5.0021e-06 2.3854e-06
1.0785e-06 1.0249e-05 4.9752e-06 2.3606e-06
1.2199e-06 1.2202e-05 4.9318e-06 2.3226e-06
1.3499e-06 1.4001e-05 4.8716e-06 2.2713e-06
1.4692e-06 1.5671e-05 4.7957e-06 2.2076e-06
1.5884e-06 1.7612e-05 4.731e-06 1.8952e-06
1.7069e-06 1.9824e-05 4.6743e-06 1.6154e-06
1.8248e-06 2.2344e-05 4.6254e-06 1.3646e-06
1.9312e-06 2.4669e-05 4.5601e-06 1.0913e-06
2.0411e-06 2.7369e-05 4.5045e-06 8.4953e-07
2.1516e-06 2.988e-05 4.4337e-06 5.8839e-07
2.251e-06 3.2211e-05 4.3737e-06 5.725e-07
2.3492e-06 3.4809e-05 4.3188e-06 5.5935e-07
2.4371e-06 3.8217e-05 4.2698e-06 5.3932e-07
2.5225e-06 4.1942e-05 4.2234e-06 5.2072e-07
2.599e-06 4.5555e-05 4.1664e-06 4.9655e-07
2.6726e-06 4.9475e-05 4.1111e-06 4.7329e-07
2.7374e-06 5.3288e-05 4.0453e-06 4.4463e-07
2.7992e-06 5.7417e-05 3.981e-06 4.1668e-07
2.8588e-06 6.1939e-05 3.9192e-06 3.8987e-07
2.9162e-06 6.6891e-05 3.8598e-06 3.6403e-07
2.9714e-06 7.2316e-05 3.8027e-06 3.3901e-07
3.0246e-06 7.8269e-05 3.748e-06 3.1471e-07
3.0686e-06 8.4048e-05 3.6829e-06 2.8513e-07
3.1103e-06 9.0344e-05 3.6193e-06 2.5581e-07
3.1426e-06 9.6428e-05 3.5447e-06 2.2101e-07
3.1736e-06 0.00010319 3.4738e-06 1.873e-07
3.1947e-06 0.00010966 3.3909e-06 1.4771e-07
3.2166e-06 0.00011148 3.3152e-06 1.1056e-07
3.2387e-06 0.0001136 3.2451e-06 7.4793e-08
3.2642e-06 0.00011554 3.1607e-06 8.8982e-08
3.29e-06 0.0001178 3.0819e-06 1.0266e-07
3.3171e-06 0.00012046 3.0101e-06 1.165e-07
3.3327e-06 0.00012292 2.9243e-06 1.2456e-07
3.3486e-06 0.00012587 2.8435e-06 1.3237e-07
3.3527e-06 0.00012857 2.748e-06 1.3414e-07
3.358e-06 0.00013173 2.6591e-06 1.362e-07
3.3646e-06 0.00013544 2.5766e-06 1.3857e-07
3.3593e-06 0.00013885 2.4794e-06 1.3485e-07
3.9881e-06 0.00014199 2.3674e-06 1.2503e-07
4.5978e-06 0.00014488 2.5866e-06 1.8828e-07
5.1887e-06 0.00014756 2.7898e-06 6.103e-07
5.7953e-06 0.00015547 2.976e-06 2.5287e-06
6.4182e-06 0.00016449 3.1707e-06 4.6759e-06
7.0581e-06 0.00017478 3.3746e-06 7.0801e-06
7.7165e-06 0.00017805 3.5885e-06 7.8531e-06
1.1335e-05 0.00019797 3.7844e-06 8.5699e-06
1.5093e-05 0.00020509 3.9905e-06 9.3882e-06
1.8998e-05 0.00021339 4.1774e-06 1.0322e-05
2.3035e-05 0.00022288 4.3747e-06 1.1189e-05
2.721e-05 0.00022573 4.5829e-06 1.2162e-05
3.1528e-05 0.00022904 4.8177e-06 1.3254e-05
3.6015e-05 0.00023077 5.0308e-06 1.4501e-05
4.0679e-05 0.00023231 5.2265e-06 1.5669e-05
4.5504e-05 0.00023418 5.4342e-06 1.7019e-05
5.0238e-05 0.00023587 5.6242e-06 1.8285e-05
5.4751e-05 0.00023558 5.8308e-06 1.8655e-05
5.9443e-05 0.00023558 6.0535e-06 1.9093e-05
6.4298e-05 0.00023581 6.0915e-06 1.9033e-05
6.9346e-05 0.00023488 6.1085e-06 1.9052e-05
7.4299e-05 0.00023386 6.9893e-06 1.9043e-05
7.9424e-05 0.00022919 7.917e-06 1.8496e-05
8.4441e-05 0.00022411 8.8054e-06 1.79e-05
8.9633e-05 0.00021973 9.6417e-06 1.7376e-05
9.5035e-05 0.00021495 1.0441e-05 1.6805e-05
0.00010065 0.00020915 1.1203e-05 1.6385e-05
0.0001065 0.0001938 1.1678e-05 1.603e-05
0.00011258 0.00018075 1.2188e-05 1.4741e-05
0.00011887 0.0001693 1.2729e-05 1.3592e-05
0.00012504 0.00015704 1.3243e-05 1.2368e-05
0.0001315 0.00014648 1.3793e-05 1.1293e-05
0.00013817 0.00013721 1.4377e-05 1.0335e-05
0.00014508 0.00012907 1.4996e-05 9.4806e-06
0.00015223 0.00012192 1.5652e-05 8.7189e-06
0.00015924 0.00011421 1.6275e-05 7.9262e-06
0.00016125 0.00010756 1.6942e-05 7.2311e-06
0.00016334 0.00010173 1.765e-05 6.6115e-06
0.00016552 9.6622e-05 1.84e-05 6.0593e-06
0.00016765 9.1144e-05 1.9117e-05 5.4677e-06
0.00016986 8.634e-05 1.9878e-05 4.9396e-06
0.00017217 8.2205e-05 2.0692e-05 4.4762e-06
0.00017459 7.8652e-05 2.0748e-05 4.0696e-06
0.00017711 7.5541e-05 2.0828e-05 3.7068e-06
0.00017956 7.2171e-05 2.0882e-05 3.6406e-06
0.00018195 6.9472e-05 2.096e-05 3.5348e-06
0.00018443 6.7081e-05 2.1059e-05 3.4445e-06
0.00018686 6.4553e-05 2.1139e-05 3.3423e-06
0.00018925 6.1891e-05 2.12e-05 3.2285e-06
0.00019173 5.9535e-05 2.1283e-05 3.1302e-06
0.00019417 5.701e-05 2.1346e-05 3.0462e-06
0.00019669 5.4763e-05 2.143e-05 2.9751e-06
0.00019929 5.2762e-05 2.1534e-05 2.9159e-06
0.00020196 5.0951e-05 2.1654e-05 2.866e-06
0.00020472 4.9314e-05 2.1791e-05 2.8251e-06
0.00020755 4.7833e-05 2.1945e-05 2.7927e-06
0.00021033 4.6278e-05 2.2081e-05 2.7512e-06
0.00021308 4.4644e-05 2.22e-05 2.7005e-06
0.00021579 4.2929e-05 2.23e-05 2.6405e-06
0.00021846 4.1127e-05 2.2383e-05 2.5709e-06
0.00022121 3.9523e-05 2.2487e-05 2.5124e-06
0.00022407 3.8109e-05 2.2613e-05 2.4652e-06
0.00022687 3.6598e-05 2.2718e-05 2.407e-06
0.00022961 3.5302e-05 2.2859e-05 2.3629e-06
0.00023245 3.4177e-05 2.3025e-05 2.3305e-06
0.00023523 3.2945e-05 2.3165e-05 2.2852e-06
0.00023813 3.1898e-05 2.3336e-05 2.2537e-06
0.00024116 3.1017e-05 2.3539e-05 2.2355e-06
0.00024412 3.0042e-05 2.3714e-05 2.2047e-06
0.000247 2.8979e-05 2.3864e-05 2.162e-06
0.00025001 2.7819e-05 2.3989e-05 2.1073e-06
0.00025315 2.6837e-05 2.4145e-05 2.0664e-06
0.00025621 2.5757e-05 2.4274e-05 2.0127e-06
0.00025941 2.4842e-05 2.4436e-05 1.9724e-06
0.00026254 2.3834e-05 2.4569e-05 1.9195e-06
0.0002656 2.2738e-05 2.4677e-05 1.8547e-06
0.00026878 2.1787e-05 2.4813e-05 1.8012e-06
0.00027189 2.0751e-05 2.4923e-05 1.7361e-06
0.00027493 1.9628e-05 2.5008e-05 1.6592e-06
0.00027811 1.867e-05 2.5126e-05 1.5964e-06
0.00028143 1.852e-05 2.5211e-05 1.5208e-06
0.00028491 1.8443e-05 2.5329e-05 1.4582e-06
0.00028854 1.8437e-05 2.5481e-05 1.4074e-06
0.00029232 1.8323e-05 2.567e-05 1.3449e-06
0.00029601 1.8165e-05 2.5829e-05 1.2713e-06
0.00029991 1.7962e-05 2.5961e-05 1.1862e-06
0.00030369 1.7833e-05 2.6128e-05 1.1135e-06
0.00030763 1.7776e-05 2.6262e-05 1.0518e-06
0.00031175 1.7788e-05 2.643e-05 1.0001e-06
0.00031605 1.7869e-05 2.6634e-05 9.5752e-07
0.00032057 1.8013e-05 2.6868e-05 9.2192e-07
0.00032529 1.8039e-05 2.715e-05 8.7613e-07
0.00032992 1.8021e-05 2.7399e-05 8.2071e-07
0.00033478 1.8068e-05 2.7609e-05 7.7229e-07
0.00033983 1.8176e-05 2.7849e-05 7.3025e-07
0.00034511 1.8135e-05 2.8136e-05 6.7836e-07
0.00035063 1.8164e-05 2.8461e-05 6.3391e-07
0.00035637 1.8263e-05 2.8826e-05 5.9613e-07
0.00036199 1.8315e-05 2.916e-05 5.4913e-07
0.00036784 1.8438e-05 2.9534e-05 5.0847e-07
0.000374 1.8626e-05 2.9952e-05 4.7233e-07
0.00038001 1.8764e-05 3.0337e-05 5.1675e-07
0.00038628 1.8978e-05 3.0765e-05 5.676e-07
0.00039282 1.9272e-05 3.1238e-05 6.2574e-07
0.00039921 1.9513e-05 3.1677e-05 6.7412e-07
0.00040584 1.9168e-05 3.2294e-05 6.3344e-07
0.00041271 1.8975e-05 3.2967e-05 5.8326e-07
0.00041945 1.8736e-05 3.3605e-05 5.2405e-07
0.00042606 1.8449e-05 3.4209e-05 4.5561e-07
0.00043292 1.8231e-05 3.4859e-05 3.9451e-07
0.00043962 1.7962e-05 3.5469e-05 3.2378e-07
0.00044618 1.7627e-05 3.6148e-05 3.5842e-07
0.00045258 1.7441e-05 3.6887e-05 4.2832e-07
0.00045885 1.7206e-05 3.7585e-05 4.8853e-07
0.00046499 1.7044e-05 3.8343e-05 5.5642e-07
0.00073993 6.8564e-06 6.7444e-05 4.2615e-07
0.00074617 6.426e-06 6.794e-05 4.6586e-07
0.00075268 6.0668e-06 6.8366e-05 5.1126e-07
0.00075949 5.7664e-06 6.8856e-05 4.7837e-07
0.00076614 5.6383e-06 6.9418e-05 5.7188e-07
0.00077308 5.4808e-06 6.994e-05 6.5495e-07
0.00078034 5.3631e-06 7.0529e-05 6.4291e-07
0.00078742 5.2164e-06 7.1076e-05 7.1646e-07
0.00079437 5.0404e-06 7.1582e-05 1.2689e-06
0.00080158 4.2907e-06 7.2147e-05 1.4348e-06
0.00080864 4.2891e-06 7.2666e-05 1.584e-06
0.00081553 4.2608e-06 7.3139e-05 1.7175e-06
0.00082226 4.354e-06 7.3686e-05 1.8356e-06
0.00082884 4.4194e-06 7.4186e-05 1.9345e-06
0.00083572 4.5174e-06 7.4756e-05 2.0508e-06
0.0012077 1.9852e-06 9.965e-05 4.0134e-06
0.0012147 1.7227e-06 9.9918e-05 3.9346e-06
0.0012216 1.4241e-06 0.00010028 3.8389e-06
0.0012287 1.1647e-06 0.00010071 3.7644e-06
0.0012357 8.746e-07 0.00010109 3.6733e-06
0.0012425 5.5512e-07 0.00010143 3.5668e-06
0.0012491 4.8139e-07 0.00010185 3.4444e-06
0.0012561 3.9205e-07 0.00010223 3.3057e-06
0.0012628 2.8688e-07 0.00010256 3.1504e-06
0.0012699 1.8992e-07 0.00010296 3.0155e-06
0.0012767 2.0972e-07 0.0001033 2.8627e-06
0.0012839 2.3206e-07 0.00010373 2.6908e-06
0.0012915 2.5688e-07 0.00010407 2.5431e-06
0.0012994 2.6911e-07 0.00010436 2.3775e-06
0.0013076 2.6884e-07 0.0001046 2.1932e-06
0.0013162 2.6946e-07 0.00010491 2.03e-06
0.0013246 2.5773e-07 0.00010517 1.8421e-06
0.0013329 2.8692e-07 0.00010536 1.7801e-06
0.0013415 3.1939e-07 0.00010563 1.7312e-06
0.0013499 3.3783e-07 0.00010599 1.6708e-06
0.0013582 3.4379e-07 0.00010629 1.6229e-06
0.0013668 3.5301e-07 0.00010668 1.5868e-06
0.0013758 3.497e-07 0.00010702 1.5398e-06
0.0013846 5.4401e-07 0.00010731 1.4817e-06
0.0013937 7.6007e-07 0.00010767 1.435e-06
0.0014026 9.2191e-07 0.00010772 1.3846e-06
0.001412 1.1074e-06 0.00010783 1.3303e-06
0.0014217 1.3207e-06 0.00010803 1.2722e-06
0.0014312 1.5077e-06 0.00010805 1.2024e-06
0.0014406 2.5991e-06 0.00010803 1.1187e-06
0.0014503 3.8602e-06 0.00010808 1.0469e-06
0.0014598 5.0042e-06 0.00010822 9.631e-07
0.0014697 6.3283e-06 0.00010844 8.9059e-07
0.0014794 6.7256e-06 0.00010873 8.2842e-07
0.0014895 7.1886e-06 0.00010896 7.737e-07
0.0014994 7.6071e-06 0.00010914 7.0931e-07
0.0015097 8.0915e-06 0.00010938 6.52e-07
0.0015204 8.5227e-06 0.00010958 7.4322e-07
0.0015309 9.0355e-06 0.00010985 8.4663e-07
0.0015419 9.6277e-06 0.00011025 9.6169e-07
0.0015527 1.0166e-05 0.0001106 1.0646e-06
0.0015548 1.0802e-05 0.00011106 1.1848e-06
0.0015571 1.155e-05 0.0001116 1.322e-06
0.0015596 1.1646e-05 0.00011222 1.4786e-06
0.0015622 1.1223e-05 0.00011293 1.4817e-06
0.0015648 1.0746e-05 0.00011359 1.4737e-06
0.0015677 1.0369e-05 0.00011283 1.478e-06
0.0015708 9.1257e-06 0.00011199 1.4925e-06
0.0015741 8.0558e-06 0.00011124 1.5174e-06
0.0015716 7.1349e-06 0.00011058 1.5531e-06
0.0015693 6.9193e-06 0.00011001 1.5782e-06
0.0015669 6.5665e-06 0.00010938 1.6204e-06
0.0015644 6.2725e-06 0.00010868 1.6728e-06
0.0015618 5.9399e-06 0.00010807 1.7139e-06
0.0015594 5.663e-06 0.00010755 1.7674e-06
0.0015569 5.3508e-06 0.00010697 1.8081e-06
0.0015546 5.0908e-06 0.00010648 1.8616e-06
0.0015525 4.8774e-06 0.00010607 1.9288e-06
0.0015506 4.7073e-06 0.00010581 1.8507e-06
0.0015489 4.5752e-06 0.00010562 1.7868e-06
0.0015474 4.473e-06 0.0001055 1.739e-06
0.0015461 4.3991e-06 0.00010545 1.4778e-06
0.0015446 4.2994e-06 0.00010537 1.1954e-06
0.0015351 4.2273e-06 0.00010534 9.4163e-07
0.0015254 4.1273e-06 0.00010527 9.4264e-07
0.0015155 4.0026e-06 0.00010514 9.3383e-07
0.0015059 3.9056e-06 0.00010508 9.3089e-07
0.0014962 3.7831e-06 0.00010498 9.1901e-07
0.0014868 3.6873e-06 0.00010493 9.1295e-07
0.0014778 3.6209e-06 0.00010497 9.1398e-07
0.0014692 3.586e-06 0.00010508 9.2313e-07
0.0014604 3.5282e-06 0.00010515 9.2352e-07
0.001452 3.4944e-06 0.00010529 9.3001e-07
0.0014439 3.4769e-06 0.00010547 9.4032e-07
0.0014359 3.4739e-06 0.0001057 9.5407e-07
0.0014282 3.4848e-06 0.000106 9.7116e-07
0.0014205 3.4795e-06 0.00010635 9.8176e-07
0.0014126 3.4593e-06 0.00010668 9.8599e-07
0.001405 3.453e-06 0.00010705 9.9353e-07
0.0013975 3.4573e-06 0.00010746 1.0033e-06
0.0013902 3.4719e-06 0.00010791 1.0154e-06
0.0013831 3.4969e-06 0.0001084 1.0297e-06
0.0013762 3.5349e-06 0.00010893 1.0472e-06
0.0013693 3.5593e-06 0.00010944 1.0587e-06
0.0013625 3.597e-06 0.00011 1.0734e-06
0.0013559 3.6456e-06 0.0001106 1.0906e-06
0.0013495 3.7081e-06 0.00011125 1.1113e-06
0.001343 3.7557e-06 0.00011194 1.1261e-06
0.0013367 3.8152e-06 0.00011268 1.1437e-06
0.0013303 3.8611e-06 0.0001134 1.1552e-06
0.0013242 3.9227e-06 0.00011417 1.1708e-06
0.0013182 4.0012e-06 0.000115 1.1908e-06
0.0013124 4.0984e-06 0.00011589 1.2156e-06
0.0013068 4.2184e-06 0.00011685 1.2465e-06
0.0013015 4.3654e-06 0.00011788 1.2846e-06
0.0012789 4.5437e-06 0.00011714 1.331e-06
0.0012569 4.7507e-06 0.00011649 1.3846e-06
0.0012346 4.9312e-06 0.0001158 1.4285e-06
0.0012131 5.1466e-06 0.00011518 1.4814e-06
0.0011922 5.4004e-06 0.00011463 1.5438e-06
0.001172 5.6974e-06 0.00011414 1.6168e-06
0.0011516 5.9623e-06 0.00011362 1.679e-06
0.0011308 6.2711e-06 0.00011315 1.7513e-06
0.0011096 6.5466e-06 0.00011265 1.8125e-06
0.0010892 6.8681e-06 0.00011221 1.8847e-06
0.0010684 7.1524e-06 0.00011186 1.9452e-06
0.0010473 7.4016e-06 0.00011146 1.9911e-06
0.0010269 7.7067e-06 0.00010899 2.0505e-06
0.0010063 7.9752e-06 0.00010644 2.098e-06
0.0009852 8.208e-06 0.0001038 2.1339e-06
0.00096488 8.0174e-06 0.00010131 2.1812e-06
0.00094526 7.8693e-06 9.8964e-05 2.2407e-06
0.0009264 7.7676e-06 9.6777e-05 2.1382e-06
0.00090819 7.7037e-06 9.4719e-05 2.0499e-06
0.00088966 7.6093e-06 9.2586e-05 1.9485e-06
0.00087185 7.5583e-06 9.0596e-05 1.8632e-06
0.00085474 7.5498e-06 8.8743e-05 1.7926e-06
0.00083831 7.5074e-06 8.681e-05 1.7087e-06
0.00078682 7.5014e-06 8.4995e-05 1.6368e-06
0.00073734 7.5364e-06 8.3309e-05 1.5767e-06
0.00068697 7.5414e-06 8.1556e-05 1.5051e-06
0.00063832 7.5826e-06 7.9911e-05 1.4441e-06
0.00059155 7.6669e-06 7.8382e-05 1.3947e-06
0.00054638 7.7897e-06 7.6949e-05 1.3543e-06
0.00049983 7.5084e-06 7.5704e-05 1.3224e-06
0.00045247 7.1895e-06 7.4405e-05 1.2802e-06
0.00040427 6.8296e-06 7.3214e-05 1.2277e-06
0.00035773 6.5223e-06 7.2104e-05 1.1837e-06
0.00031038 6.1772e-06 7.0942e-05 1.1295e-06
0.00026486 5.8901e-06 6.987e-05 1.0923e-06
0.00025711 5.5582e-06 6.8742e-05 1.0701e-06
0.00024966 5.2784e-06 6.7699e-05 1.0556e-06
0.00024207 4.9665e-06 6.6609e-05 1.0322e-06
0.00023477 4.7019e-06 6.56e-05 1.0161e-06
0.00022773 4.4795e-06 6.4666e-05 1.0069e-06
0.00022056 4.2262e-06 6.3686e-05 9.8861e-07
0.00021375 4.0127e-06 6.278e-05 9.7714e-07
0.00020682 3.7717e-06 6.1832e-05 9.5714e-07
0.00020015 3.5682e-06 6.0956e-05 9.4387e-07
0.00019372 3.3983e-06 6.015e-05 9.3717e-07
0.00018753 3.2591e-06 5.9411e-05 9.3707e-07
0.00018157 3.1483e-06 5.8738e-05 9.4365e-07
0.00017584 3.0637e-06 5.8128e-05 9.5708e-07
0.0001703 2.9999e-06 5.7571e-05 9.7626e-07
0.00016495 2.9125e-06 5.697e-05 9.8663e-07
0.00015977 2.8453e-06 5.642e-05 1.0028e-06
0.00015477 2.7974e-06 5.5921e-05 1.025e-06
0.00014993 2.7682e-06 5.5471e-05 1.0536e-06
0.00014525 2.7576e-06 5.5151e-05 1.089e-06
0.00014074 2.7654e-06 5.4876e-05 1.1317e-06
0.00013639 2.7956e-06 5.4658e-05 1.1839e-06
0.00013197 2.8049e-06 5.4405e-05 1.2254e-06
0.00012779 2.7714e-06 5.4212e-05 1.2492e-06
0.00012375 2.7562e-06 5.4062e-05 1.2805e-06
0.00011963 2.7212e-06 5.3881e-05 1.3024e-06
0.00011564 2.7011e-06 5.3737e-05 1.3305e-06
0.00011177 2.6621e-06 5.3564e-05 1.3496e-06
0.00010802 2.6384e-06 5.3428e-05 1.3752e-06
0.00010437 2.6271e-06 5.3324e-05 1.4063e-06
0.00010081 2.6269e-06 5.3249e-05 1.4426e-06
9.7212e-05 2.6136e-06 5.3157e-05 1.4723e-06
9.3584e-05 2.5873e-06 5.3046e-05 1.4953e-06
9.0041e-05 2.5714e-06 5.2963e-05 1.4934e-06
8.6465e-05 2.5426e-06 5.2863e-05 1.485e-06
8.2974e-05 2.5242e-06 5.2791e-05 1.4813e-06
8.1817e-05 2.516e-06 5.2746e-05 1.4823e-06
8.0642e-05 2.4948e-06 5.1583e-05 1.4768e-06
7.9495e-05 2.4814e-06 5.0462e-05 1.4748e-06
7.8373e-05 2.4756e-06 4.9381e-05 1.4763e-06
7.7235e-05 2.4579e-06 4.8281e-05 1.4717e-06
7.6127e-05 2.4497e-06 4.7225e-05 1.4715e-06
7.5003e-05 2.4258e-06 4.6214e-05 1.4651e-06
7.3863e-05 2.3901e-06 4.5184e-05 1.4527e-06
7.2747e-05 2.3617e-06 4.419e-05 1.4436e-06
7.1656e-05 2.3404e-06 4.3232e-05 1.4378e-06
7.0549e-05 2.3069e-06 4.2253e-05 1.4257e-06
6.9425e-05 2.2612e-06 4.1254e-05 1.4075e-06
6.833e-05 2.2245e-06 4.0295e-05 1.3935e-06
6.7262e-05 2.1964e-06 3.9375e-05 1.3836e-06
6.6178e-05 2.1562e-06 3.8435e-05 1.3675e-06
6.5122e-05 2.1249e-06 3.7534e-05 1.3556e-06
6.409e-05 2.1005e-06 3.6666e-05 1.3471e-06
6.3082e-05 2.0832e-06 3.5831e-05 1.342e-06
6.2055e-05 2.053e-06 3.4974e-05 1.3303e-06
6.1006e-05 2.0074e-06 3.4088e-05 1.3102e-06
5.9995e-05 1.9757e-06 3.3254e-05 1.2976e-06
5.902e-05 1.9547e-06 3.2462e-05 1.2905e-06
5.8081e-05 1.9459e-06 3.1715e-05 1.2895e-06
5.7169e-05 1.9464e-06 3.1003e-05 1.2934e-06
5.6234e-05 1.9318e-06 3.0265e-05 1.2893e-06
5.5278e-05 1.9026e-06 2.9501e-05 1.2778e-06
5.4299e-05 1.8578e-06 2.8709e-05 1.2581e-06
5.3355e-05 1.826e-06 2.7963e-05 1.2451e-06
5.2448e-05 1.8074e-06 2.7262e-05 1.239e-06
5.1585e-05 1.8319e-06 2.6611e-05 1.2162e-06
5.0754e-05 1.8684e-06 2.5999e-05 1.1997e-06
4.9898e-05 1.8882e-06 2.5433e-05 1.4853e-06
4.9016e-05 1.8908e-06 2.4839e-05 1.7538e-06
4.8168e-05 1.9068e-06 2.4283e-05 2.0494e-06
4.7294e-05 1.9063e-06 2.37e-05 2.3285e-06
4.6454e-05 1.9187e-06 2.3154e-05 2.6352e-06
4.5642e-05 1.9417e-06 2.2644e-05 2.9681e-06
4.4856e-05 1.9754e-06 2.2164e-05 2.9907e-06
4.4095e-05 2.0198e-06 2.1711e-05 3.0229e-06
4.3359e-05 2.0752e-06 2.1284e-05 3.0647e-06
4.2651e-05 2.1445e-06 2.0887e-05 3.1183e-06
4.1966e-05 2.2258e-06 2.0513e-05 2.9223e-06
4.1259e-05 2.2904e-06 2.0117e-05 2.713e-06
4.0575e-05 2.3673e-06 1.9745e-05 2.5206e-06
3.9913e-05 2.4572e-06 1.9395e-05 2.3438e-06
3.9229e-05 2.5297e-06 1.9023e-05 2.1542e-06
3.8571e-05 2.6189e-06 1.8678e-05 1.9825e-06
3.7939e-05 2.4112e-06 1.8359e-05 1.8275e-06
3.7332e-05 2.2275e-06 1.8066e-05 1.6876e-06
3.675e-05 2.0658e-06 1.7798e-05 1.5616e-06
3.6146e-05 2.243e-06 1.8373e-05 1.424e-06
3.5562e-05 2.151e-06 1.8979e-05 1.2994e-06
3.4998e-05 2.072e-06 1.9616e-05 1.1848e-06
3.442e-05 1.98e-06 2.0235e-05 1.0627e-06
3.3855e-05 1.8964e-06 2.0876e-05 9.4736e-07
3.3302e-05 1.8201e-06 2.1541e-05 8.3792e-07
3.276e-05 1.7504e-06 2.2228e-05 7.3372e-07
3.2207e-05 1.6691e-06 2.2899e-05 6.2305e-07
3.1641e-05 1.5761e-06 2.3554e-05 5.1721e-07
3.1086e-05 1.4892e-06 2.4232e-05 4.1568e-07
3.0519e-05 1.3905e-06 2.4894e-05 3.0764e-07
2.9939e-05 1.2799e-06 2.5538e-05 3.4189e-07
2.9372e-05 1.177e-06 2.6209e-05 3.77e-07
2.8815e-05 1.0793e-06 2.6904e-05 4.1255e-07
2.8247e-05 9.702e-07 2.7582e-05 4.4279e-07
2.7691e-05 8.675e-07 2.8288e-05 4.7419e-07
2.7123e-05 7.5391e-07 2.8979e-05 5.0041e-07
2.6565e-05 6.4461e-07 2.9694e-05 5.2728e-07
2.6018e-05 5.3895e-07 3.0434e-05 5.5492e-07
2.5482e-05 4.3771e-07 3.1206e-05 5.8412e-07
2.4959e-05 3.4012e-07 3.201e-05 6.1506e-07
2.4446e-05 2.4545e-07 3.2847e-05 6.479e-07
2.3945e-05 1.5299e-07 3.3718e-05 6.8286e-07
2.3454e-05 1.9111e-07 3.4571e-05 7.1218e-07
2.2951e-05 2.2036e-07 3.5406e-05 7.3609e-07
2.2457e-05 2.4702e-07 3.6272e-05 7.6146e-07
2.1952e-05 2.6476e-07 3.7119e-05 7.8138e-07
2.1455e-05 2.8003e-07 3.7998e-05 8.0286e-07
2.0945e-05 2.8613e-07 3.8857e-05 8.1863e-07
2.0425e-05 2.8326e-07 3.9698e-05 8.289e-07
1.9892e-05 2.7137e-07 4.052e-05 8.3361e-07
1.9369e-05 2.5786e-07 4.132e-05 8.4014e-07
1.8857e-05 2.4273e-07 4.2158e-05 8.4931e-07
1.8333e-05 2.185e-07 4.2976e-05 8.5277e-07
1.7796e-05 1.8514e-07 4.3775e-05 8.5052e-07
1.7271e-05 1.5011e-07 4.4613e-05 8.5097e-07
1.6757e-05 1.0559e-07 4.5429e-05 8.4543e-07
1.623e-05 1.6024e-07 4.6225e-05 8.3292e-07
1.5712e-05 2.1314e-07 4.7054e-05 8.2216e-07
1.5203e-05 2.6542e-07 4.7922e-05 8.1378e-07
1.4701e-05 3.1656e-07 4.8837e-05 8.0698e-07
1.4188e-05 3.581e-07 4.9732e-05 7.9449e-07
1.3683e-05 3.9954e-07 5.0667e-05 7.8423e-07
1.3188e-05 4.4121e-07 5.1644e-05 7.7614e-07
1.27e-05 4.8342e-07 5.2665e-05 7.7015e-07
1.222e-05 5.2652e-07 5.3732e-05 7.6626e-07
1.1729e-05 5.5967e-07 5.4776e-05 7.5668e-07
1.1227e-05 5.8294e-07 5.5798e-05 7.4151e-07
1.0713e-05 5.9636e-07 5.6799e-05 7.2074e-07
1.0207e-05 6.1062e-07 5.7846e-05 7.02e-07
9.6897e-06 6.1502e-07 5.887e-05 6.777e-07
9.18e-06 6.2029e-07 5.994e-05 6.5532e-07
8.6775e-06 6.2647e-07 6.1059e-05 6.3472e-07
8.1804e-06 6.3259e-07 6.2219e-05 6.1514e-07
7.6901e-06 6.3971e-07 6.343e-05 5.9714e-07
7.2046e-06 6.4688e-07 6.4687e-05 5.7997e-07
6.724e-06 6.5417e-07 6.5991e-05 5.6359e-07
6.248e-06 6.617e-07 6.7344e-05 5.4797e-07
5.7767e-06 6.6973e-07 6.8749e-05 5.3314e-07
5.2934e-06 6.6702e-07 7.0124e-05 5.1253e-07
4.7993e-06 6.5227e-07 7.1458e-05 4.8534e-07
4.9688e-06 6.1246e-07 7.2751e-05 4.6017e-07
5.1394e-06 5.7539e-07 7.4109e-05 4.3665e-07
5.3112e-06 5.4055e-07 7.5533e-05 4.1453e-07
5.4721e-06 5.1414e-07 7.6888e-05 3.9365e-07
5.634e-06 4.8883e-07 7.8309e-05 3.7371e-07
5.7966e-06 4.6408e-07 7.9793e-05 3.5442e-07
5.9485e-06 4.2861e-07 8.1242e-05 3.2941e-07
6.0897e-06 3.8237e-07 8.2655e-05 2.9865e-07
6.2328e-06 3.3762e-07 8.4142e-05 2.6906e-07
6.3777e-06 2.9399e-07 8.5708e-05 2.4047e-07
6.5249e-06 2.5111e-07 8.7356e-05 2.1271e-07
6.6735e-06 1.9785e-07 8.8965e-05 1.7939e-07
6.8107e-06 2.1298e-07 9.0526e-05 2.2674e-07
6.9485e-06 2.2571e-07 9.2156e-05 2.7505e-07
7.0879e-06 2.3657e-07 9.3863e-05 3.2506e-07
7.2276e-06 2.4487e-07 9.5637e-05 3.7627e-07
7.3574e-06 2.4402e-07 9.738e-05 4.2186e-07
7.4775e-06 2.3406e-07 9.9092e-05 4.6189e-07
7.588e-06 4.4765e-07 0.00010078 4.966e-07
7.6995e-06 6.7449e-07 0.00010254 5.3296e-07
7.8016e-06 8.8835e-07 0.00010427 5.6398e-07
7.9037e-06 1.114e-06 0.00010608 5.9611e-07
7.9963e-06 1.3265e-06 0.00010786 6.2287e-07
8.09e-06 1.5545e-06 0.00010972 6.5153e-07
8.1838e-06 1.7968e-06 0.00011183 6.8154e-07
8.2778e-06 2.0549e-06 0.00011402 7.1302e-07
8.373e-06 2.3337e-06 0.00011629 7.4689e-07
8.4586e-06 2.5977e-06 0.00011854 7.7525e-07
8.5456e-06 2.8839e-06 0.00012088 8.0613e-07
8.6227e-06 3.1538e-06 0.00012319 8.3124e-07
8.7e-06 3.4436e-06 0.00012557 8.5817e-07
8.7786e-06 3.7588e-06 0.00012806 8.8781e-07
8.8474e-06 4.057e-06 0.00013052 9.1167e-07
8.9068e-06 4.3394e-06 0.00013294 9.2999e-07
8.9664e-06 4.6441e-06 0.00013544 9.5026e-07
9.0165e-06 4.9327e-06 0.00013792 9.6496e-07
9.0669e-06 5.2448e-06 0.00014048 9.8168e-07
9.1075e-06 5.5392e-06 0.00014301 9.926e-07
9.1384e-06 5.8162e-06 0.0001455 9.9771e-07
9.1596e-06 6.0757e-06 0.00014795 9.97e-07
9.182e-06 6.3633e-06 0.00015051 9.9914e-07
9.2057e-06 6.6811e-06 0.00015317 1.0041e-06
9.2297e-06 6.4416e-06 0.00015594 1.0112e-06
9.255e-06 6.2282e-06 0.00015882 1.0213e-06
9.2807e-06 6.0354e-06 0.0001618 1.0335e-06
9.3077e-06 5.8657e-06 0.0001649 1.0487e-06
9.3249e-06 5.68e-06 0.00016796 1.0581e-06
9.3324e-06 5.4782e-06 0.00017098 1.0616e-06
9.3411e-06 5.2989e-06 0.00017413 1.0681e-06
9.3402e-06 5.1037e-06 0.00017723 1.0688e-06
9.3295e-06 4.8926e-06 0.00018029 1.0637e-06
9.3201e-06 4.7034e-06 0.00018348 1.0616e-06
9.3121e-06 4.5345e-06 0.00018679 1.0625e-06
9.3054e-06 4.3849e-06 0.00019025 1.0665e-06
9.3e-06 4.2532e-06 0.00019384 1.0736e-06
9.2949e-06 4.1356e-06 0.00019757 1.083e-06
9.2911e-06 4.0342e-06 0.00020144 1.0955e-06
9.2877e-06 3.9455e-06 0.00020545 1.1105e-06
9.2744e-06 3.8459e-06 0.00020941 1.1195e-06
9.2625e-06 3.7612e-06 0.00021353 1.1318e-06
9.252e-06 3.6909e-06 0.00021782 1.1475e-06
9.2418e-06 3.632e-06 0.00021784 1.1658e-06
9.232e-06 3.5843e-06 0.0002179 1.1869e-06
9.2123e-06 3.5227e-06 0.00021794 1.2018e-06
9.1942e-06 3.4749e-06 0.00021804 1.2206e-06
9.1765e-06 3.4378e-06 0.0002182 1.2423e-06
9.1605e-06 3.414e-06 0.00021842 1.2684e-06
9.145e-06 3.4009e-06 0.0002187 1.2978e-06
9.1313e-06 3.401e-06 0.00021905 1.3318e-06
9.1204e-06 3.4126e-06 0.00021946 1.3699e-06
9.099e-06 3.4095e-06 0.00021983 1.4011e-06
9.0787e-06 3.4182e-06 0.00022027 1.4366e-06
9.0611e-06 3.3945e-06 0.00022067 1.4612e-06
9.0448e-06 3.3834e-06 0.00022113 1.4905e-06
9.03e-06 3.3848e-06 0.00022166 1.5247e-06
8.9975e-06 3.3703e-06 0.00022215 1.5513e-06
8.9539e-06 3.3397e-06 0.00022261 1.5703e-06
8.9134e-06 3.3255e-06 0.00022315 1.5958e-06
8.8614e-06 3.2945e-06 0.00022364 1.6133e-06
8.8139e-06 3.2828e-06 0.00022423 1.639e-06
8.7712e-06 3.2911e-06 0.00022491 1.6734e-06
8.7344e-06 3.3224e-06 0.0002257 1.7185e-06
8.6838e-06 3.3314e-06 0.00022643 1.7525e-06
8.6392e-06 3.3637e-06 0.00022727 1.7975e-06
8.6004e-06 3.4201e-06 0.00022575 1.8542e-06
8.548e-06 3.4538e-06 0.00022416 1.8994e-06
8.5013e-06 3.5116e-06 0.0002227 1.9565e-06
8.4602e-06 3.5944e-06 0.00022137 2.0262e-06
8.4246e-06 3.7038e-06 0.00022015 2.1095e-06
8.3931e-06 3.8377e-06 0.00021904 2.2054e-06
8.3478e-06 3.9458e-06 0.00021786 2.2879e-06
8.2889e-06 5.0923e-06 0.00021661 2.3577e-06
8.2154e-06 6.1221e-06 0.00021551 3.0566e-06
8.1283e-06 7.0743e-06 0.00021432 3.7113e-06
8.0477e-06 8.1758e-06 0.00021326 4.4541e-06
7.9734e-06 9.4477e-06 0.0002124 5.2959e-06
7.885e-06 1.0623e-05 0.00021147 6.0819e-06
7.8024e-06 1.1973e-05 0.00021066 6.9697e-06
7.7063e-06 1.3886e-05 0.00020995 7.8028e-06
7.6149e-06 1.6062e-05 0.00020935 8.7349e-06
7.5107e-06 1.8106e-05 0.00020869 9.6164e-06
7.3938e-06 2.0028e-05 0.00020797 1.045e-05
7.2799e-06 2.2173e-05 0.00020734 1.1381e-05
7.1539e-06 2.4203e-05 0.00020666 1.2267e-05
7.0309e-06 2.647e-05 0.00020607 1.3243e-05
6.9108e-06 2.9004e-05 0.00020555 1.4318e-05
6.7779e-06 3.1381e-05 0.000205 1.5333e-05
6.6495e-06 3.4093e-05 0.00020454 1.6472e-05
6.5259e-06 3.7199e-05 0.00020418 1.7754e-05
6.3883e-06 3.9006e-05 0.00020395 1.8204e-05
6.2548e-06 4.1069e-05 0.0002038 1.8718e-05
6.1266e-06 4.3468e-05 0.00020376 1.9314e-05
5.9854e-06 4.57e-05 0.00020366 1.9867e-05
5.8495e-06 4.8292e-05 0.0002011 2.0518e-05
5.7166e-06 5.1316e-05 0.00019872 2.125e-05
5.5728e-06 5.4205e-05 0.00019628 2.1948e-05
5.43e-06 5.7391e-05 0.00019396 2.2714e-05
5.2867e-06 6.085e-05 0.00019173 2.354e-05
5.1337e-06 6.4204e-05 0.00018946 2.4339e-05
4.9801e-06 6.7837e-05 0.00018728 2.52e-05
4.8168e-06 7.1363e-05 0.00018506 2.6035e-05
4.644e-06 7.4795e-05 0.00018281 2.6846e-05
4.4615e-06 7.8125e-05 0.00018052 2.7632e-05
4.2694e-06 8.1355e-05 0.00017818 2.8393e-05
4.0775e-06 8.4898e-05 0.00017595 2.9223e-05
3.886e-06 8.5272e-05 0.00017383 2.9104e-05
3.6945e-06 8.5748e-05 0.0001718 2.902e-05
3.502e-06 8.6314e-05 0.00016985 2.8964e-05
3.3e-06 8.6839e-05 0.00016786 2.8894e-05
3.0886e-06 8.7327e-05 0.00016585 2.881e-05
2.868e-06 8.7777e-05 0.0001638 2.8712e-05
2.6465e-06 8.8322e-05 0.00016183 2.8644e-05
2.4246e-06 8.8973e-05 0.00015995 2.8609e-05
2.1923e-06 8.9566e-05 0.00015803 2.8554e-05
1.9489e-06 9.0092e-05 0.00015604 2.8476e-05
2.0544e-06 9.1789e-05 0.00015423 2.8363e-05
2.1595e-06 9.3759e-05 0.00015261 2.83e-05
2.2653e-06 9.6114e-05 0.00015112 2.8296e-05
2.371e-06 9.7066e-05 0.00014768 2.8603e-05
2.465e-06 9.7896e-05 0.00014411 2.887e-05
2.5599e-06 9.8946e-05 0.00014078 2.9205e-05
2.6549e-06 0.00010021 0.00013764 2.9615e-05
2.7501e-06 9.9935e-05 0.00013468 3.0095e-05
2.8455e-06 9.9817e-05 0.00013189 3.0652e-05
2.9296e-06 9.9598e-05 0.00012899 3.1157e-05
3.0016e-06 9.9276e-05 0.00012598 3.1613e-05
3.075e-06 9.9132e-05 0.00012317 3.1885e-05
3.1489e-06 9.7209e-05 0.00012053 3.2219e-05
3.2232e-06 9.5559e-05 0.00011804 3.2621e-05
3.2981e-06 9.4154e-05 0.0001157 3.3096e-05
3.6731e-06 6.4319e-05 9.8471e-05 3.195e-05
3.7054e-06 6.0577e-05 9.614e-05 3.1832e-05
3.7261e-06 5.6558e-05 9.3725e-05 3.168e-05
3.7475e-06 5.3038e-05 9.1451e-05 3.1582e-05
3.7697e-06 4.9956e-05 8.9312e-05 3.1538e-05
3.7948e-06 4.731e-05 8.7317e-05 3.1555e-05
3.8246e-06 4.4463e-05 8.5248e-05 3.1538e-05
3.8425e-06 4.1402e-05 8.3103e-05 3.1488e-05
3.8625e-06 3.8771e-05 8.1102e-05 3.1499e-05
3.911e-06 2.9709e-05 7.3608e-05 3.1767e-05
3.9143e-06 2.7758e-05 7.1855e-05 3.189e-05
3.905e-06 2.5265e-05 6.9967e-05 3.2079e-05
3.8967e-06 2.3081e-05 6.819e-05 3.2326e-05
3.8905e-06 2.14e-05 6.6312e-05 3.2723e-05
3.8852e-06 1.9941e-05 6.4323e-05 3.3193e-05
3.882e-06 1.8691e-05 6.2466e-05 3.3753e-05
3.8808e-06 1.7628e-05 6.0465e-05 3.3662e-05
3.8806e-06 1.6703e-05 5.858e-05 3.2791e-05
3.8813e-06 1.5901e-05 5.6827e-05 3.2026e-05
3.8696e-06 1.5018e-05 5.4855e-05 3.1194e-05
3.8601e-06 1.4267e-05 5.3012e-05 3.0478e-05
3.8514e-06 1.3618e-05 5.1275e-05 2.9853e-05
3.8436e-06 1.306e-05 4.9638e-05 2.931e-05
3.8367e-06 1.2583e-05 4.8096e-05 2.8843e-05
3.8181e-06 1.2055e-05 4.6495e-05 2.8332e-05
3.7877e-06 1.1482e-05 4.4818e-05 2.7775e-05
3.7594e-06 1.1001e-05 4.3251e-05 2.7305e-05
3.7329e-06 1.0601e-05 4.1787e-05 2.6912e-05
3.6879e-06 1.015e-05 4.0261e-05 2.6475e-05
3.6311e-06 9.6682e-06 3.8676e-05 2.5995e-05
3.5626e-06 9.1364e-06 3.7033e-05 2.5472e-05
3.4961e-06 8.6883e-06 3.5495e-05 2.5031e-05
3.4315e-06 8.314e-06 3.4056e-05 2.4663e-05
3.3553e-06 7.8963e-06 3.2563e-05 2.4257e-05
3.2809e-06 7.5479e-06 3.1166e-05 2.3652e-05
3.2072e-06 7.2526e-06 2.9848e-05 2.3124e-05
3.1351e-06 7.013e-06 2.8615e-05 2.2677e-05
3.0655e-06 6.8237e-06 2.7462e-05 2.1081e-05
2.9974e-06 6.6805e-06 2.6385e-05 1.9682e-05
2.9315e-06 5.9596e-06 2.5378e-05 1.846e-05
2.8542e-06 5.1754e-06 2.432e-05 1.7155e-05
2.7781e-06 4.5092e-06 2.3196e-05 1.6012e-05
2.7021e-06 3.9237e-06 2.2135e-05 1.4995e-05
2.6261e-06 3.4087e-06 2.1133e-05 1.409e-05
2.5388e-06 2.8472e-06 2.009e-05 1.3123e-05
2.4514e-06 2.3519e-06 1.9105e-05 1.2262e-05
2.3523e-06 2.3699e-06 1.8075e-05 1.1335e-05
2.254e-06 2.4088e-06 1.7109e-05 1.0523e-05
2.1555e-06 2.3527e-06 1.6824e-05 9.6544e-06
2.0567e-06 2.3142e-06 1.6564e-05 8.8806e-06
1.9462e-06 2.2538e-06 1.6278e-05 8.0469e-06
1.8354e-06 2.2107e-06 1.6016e-05 7.3142e-06
1.7239e-06 2.1843e-06 1.5778e-05 6.6611e-06
1.6015e-06 2.138e-06 1.5517e-05 5.9621e-06
1.4794e-06 2.1128e-06 1.5216e-05 5.349e-06
1.3458e-06 2.0663e-06 1.4857e-05 4.6875e-06
1.2012e-06 1.9998e-06 1.4473e-05 3.9801e-06
1.0569e-06 1.9568e-06 1.412e-05 3.1264e-06
1.1652e-06 1.8927e-06 1.374e-05 3.0333e-06
1.2719e-06 1.8442e-06 1.3386e-05 2.9563e-06
1.3779e-06 1.8136e-06 1.3061e-05 2.8971e-06
1.4835e-06 1.8003e-06 1.2762e-05 2.8555e-06
1.5888e-06 1.8039e-06 1.2491e-05 2.8299e-06
1.6943e-06 1.7514e-06 1.2195e-05 2.8177e-06
1.7998e-06 1.7134e-06 1.1921e-05 2.8185e-06
1.8945e-06 1.6562e-06 1.1621e-05 2.8067e-06
1.9893e-06 1.6183e-06 1.1289e-05 2.8102e-06
2.0843e-06 1.5966e-06 1.0983e-05 2.8292e-06
2.168e-06 1.552e-06 1.0706e-05 2.8342e-06
2.2401e-06 1.4875e-06 1.0405e-05 2.8153e-06
2.3014e-06 1.7114e-06 1.0082e-05 2.9383e-06
2.3628e-06 1.9724e-06 9.7185e-06 3.0334e-06
2.4246e-06 2.0771e-06 9.3788e-06 3.0095e-06
2.4859e-06 2.2017e-06 9.0599e-06 2.9992e-06
2.5468e-06 2.3484e-06 8.7607e-06 3.0026e-06
2.6082e-06 2.5245e-06 8.485e-06 3.0221e-06
2.6581e-06 2.6738e-06 8.1867e-06 3.0274e-06
2.7085e-06 2.8541e-06 7.9101e-06 3.0489e-06
2.7587e-06 3.064e-06 7.6507e-06 3.0844e-06
2.7973e-06 3.2444e-06 7.3695e-06 3.1056e-06
2.8365e-06 3.4614e-06 7.1085e-06 3.1434e-06
2.8646e-06 3.649e-06 7.3723e-06 3.2176e-06
2.8935e-06 3.5532e-06 7.6565e-06 3.2394e-06
2.9232e-06 3.5347e-06 7.6039e-06 3.4912e-06
2.9411e-06 3.4894e-06 7.5643e-06 3.7119e-06
2.96e-06 3.2574e-06 7.5012e-06 3.9668e-06
2.9671e-06 2.9851e-06 7.4554e-06 4.1978e-06
2.963e-06 2.681e-06 7.4261e-06 4.408e-06
2.9476e-06 2.3439e-06 7.3795e-06 4.5983e-06
2.9331e-06 2.0542e-06 7.361e-06 4.7137e-06
2.9074e-06 1.7332e-06 7.3252e-06 4.8073e-06
2.8825e-06 1.4552e-06 7.3034e-06 4.9257e-06
2.8583e-06 1.2139e-06 7.2954e-06 5.0709e-06
2.8349e-06 1.0042e-06 7.3013e-06 5.2454e-06
2.8004e-06 7.6987e-07 7.29e-06 5.4007e-06
2.7665e-06 5.6435e-07 7.2925e-06 5.5867e-06
2.7167e-06 5.7964e-07 7.2776e-06 5.746e-06
2.6551e-06 5.7954e-07 7.2822e-06 5.8843e-06
2.5931e-06 5.8384e-07 7.2976e-06 6.0476e-06
2.5174e-06 5.9248e-07 7.3238e-06 6.2373e-06
2.4421e-06 6.0712e-07 7.3631e-06 6.4644e-06
2.3661e-06 6.2616e-07 7.4129e-06 6.7219e-06
2.2903e-06 6.5152e-07 7.4758e-06 7.0175e-06
2.2031e-06 6.6258e-07 7.521e-06 7.2888e-06
2.116e-06 6.801e-07 7.5793e-06 7.6e-06
2.0288e-06 7.0458e-07 7.649e-06 7.9556e-06
1.9305e-06 7.1469e-07 7.7011e-06 8.285e-06
1.832e-06 7.315e-07 7.7663e-06 8.6592e-06
1.7323e-06 7.5352e-07 7.8422e-06 9.0761e-06
1.9893e-06 7.6096e-07 7.9004e-06 9.464e-06
2.2488e-06 7.7375e-07 7.9695e-06 9.8963e-06
2.5112e-06 7.921e-07 8.0537e-06 1.0377e-05
2.7781e-06 8.1803e-07 8.1518e-06 1.0392e-05
3.0483e-06 8.5e-07 8.2613e-06 1.043e-05
3.3221e-06 8.8843e-07 8.3824e-06 1.0493e-05
3.5997e-06 9.3383e-07 8.5154e-06 1.058e-05
3.8646e-06 9.648e-07 8.6317e-06 1.065e-05
4.1347e-06 1.0047e-06 8.7623e-06 1.0287e-05
4.3926e-06 1.0309e-06 8.8772e-06 9.9026e-06
4.653e-06 1.0624e-06 9.0014e-06 9.5524e-06
4.9022e-06 1.0814e-06 9.1117e-06 9.1846e-06
5.1542e-06 1.1063e-06 9.232e-06 8.8514e-06
5.4079e-06 1.1353e-06 9.3601e-06 8.5454e-06
5.6642e-06 1.17e-06 9.4976e-06 8.2678e-06
5.9099e-06 1.1928e-06 9.6222e-06 7.9763e-06
6.1579e-06 1.2209e-06 9.7557e-06 7.7111e-06
6.4084e-06 1.2544e-06 9.8983e-06 7.4746e-06
6.6488e-06 1.2768e-06 1.0029e-05 7.2263e-06
6.8792e-06 1.2881e-06 1.0147e-05 6.9666e-06
7.1115e-06 1.3042e-06 1.0274e-05 6.729e-06
7.3339e-06 1.3093e-06 1.0389e-05 6.4803e-06
7.5463e-06 1.3034e-06 1.0492e-05 6.2203e-06
7.7607e-06 1.3022e-06 1.0603e-05 5.982e-06
7.9772e-06 1.3059e-06 1.0723e-05 5.764e-06
8.184e-06 1.2988e-06 1.0831e-05 5.5358e-06
8.3922e-06 1.2962e-06 1.0926e-05 5.3252e-06
8.6034e-06 9.6556e-07 1.1031e-05 5.1343e-06
8.8039e-06 1.0159e-06 1.1122e-05 4.932e-06
9.0075e-06 1.0713e-06 1.1224e-05 4.7483e-06
9.2006e-06 1.1153e-06 1.1312e-05 4.554e-06
9.3965e-06 1.1643e-06 1.141e-05 4.3769e-06
9.5953e-06 1.2185e-06 1.1517e-05 4.2156e-06
9.7958e-06 1.2768e-06 1.1632e-05 4.067e-06
9.9993e-06 1.3412e-06 1.1756e-05 3.9323e-06
1.0205e-05 1.4105e-06 1.1888e-05 3.8087e-06
1.04e-05 1.468e-06 1.2007e-05 3.6763e-06
1.0585e-05 1.5144e-06 1.2114e-05 3.5355e-06
1.076e-05 1.5496e-06 1.221e-05 3.3862e-06
1.0938e-05 1.5914e-06 1.2315e-05 3.2502e-06
1.1106e-05 1.6219e-06 1.2409e-05 3.1057e-06
1.1277e-05 1.6585e-06 1.2489e-05 2.972e-06
1.1437e-05 1.6829e-06 1.2579e-05 2.83e-06
1.16e-05 1.7143e-06 1.2679e-05 2.7e-06
1.1767e-05 1.7531e-06 1.2764e-05 2.5811e-06
1.1924e-05 1.7804e-06 1.2838e-05 2.4545e-06
1.2083e-05 1.8134e-06 1.292e-05 2.3368e-06
1.2232e-05 1.8348e-06 1.2989e-05 2.2113e-06
1.2384e-05 1.8639e-06 1.3069e-05 2.0961e-06
1.254e-05 1.9009e-06 1.3159e-05 1.9903e-06
1.2686e-05 1.9258e-06 1.3236e-05 1.8768e-06
1.2821e-05 1.9387e-06 1.3301e-05 1.7554e-06
1.296e-05 1.9593e-06 1.3375e-05 1.6431e-06
1.3102e-05 1.9879e-06 1.3461e-05 1.5391e-06
1.3249e-05 2.0248e-06 1.3556e-05 1.4428e-06
1.3399e-05 2.0706e-06 1.3663e-05 1.3539e-06
1.3538e-05 2.1032e-06 1.3756e-05 1.2573e-06
1.3667e-05 2.1231e-06 1.3835e-05 1.1533e-06
1.3799e-05 2.1522e-06 1.3926e-05 1.0565e-06
1.3918e-05 2.1618e-06 1.3998e-05 9.7002e-07
1.4044e-05 2.1527e-06 1.4051e-05 8.7284e-07
1.418e-05 2.1587e-06 1.4121e-05 7.8543e-07
1.4324e-05 2.1815e-06 1.4162e-05 7.0689e-07
1.4453e-05 2.1849e-06 1.4183e-05 6.1804e-07
1.4565e-05 2.1675e-06 1.4181e-05 5.1771e-07
1.4688e-05 2.1691e-06 1.4201e-05 4.2954e-07
1.4795e-05 2.1499e-06 1.4199e-05 3.3031e-07
1.4884e-05 2.1096e-06 1.4174e-05 2.1959e-07
1.4986e-05 2.0884e-06 1.4172e-05 1.1955e-07
1.5071e-05 2.5304e-06 1.4148e-05 1.151e-07
1.514e-05 2.9337e-06 1.4103e-05 1.047e-07
1.5218e-05 3.1588e-06 1.4035e-05 9.3889e-08
1.5276e-05 3.3767e-06 1.399e-05 7.9198e-08
1.5346e-05 3.5875e-06 1.3967e-05 6.0629e-08
1.5399e-05 3.791e-06 1.3921e-05 3.8184e-08
1.5434e-05 3.964e-06 1.3852e-05 4.9697e-08
1.5454e-05 4.2121e-06 1.3803e-05 3.4816e-08
1.5485e-05 4.4261e-06 1.3732e-05 5.0829e-08
1.5103e-05 4.6076e-06 1.3637e-05 6.2129e-08
1.4735e-05 4.8246e-06 1.3561e-05 7.2324e-08
1.438e-05 5.0878e-06 1.3507e-05 8.1966e-08
1.4041e-05 5.4493e-06 1.3425e-05 9.4874e-08
1.3717e-05 5.8753e-06 1.3365e-05 1.0778e-07
1.3404e-05 6.3644e-06 1.3323e-05 1.2038e-07
1.3073e-05 6.8041e-06 1.3258e-05 1.2696e-07
1.2754e-05 7.3106e-06 1.3212e-05 1.3329e-07
1.2417e-05 7.7651e-06 1.3143e-05 1.4522e-07
1.2093e-05 8.3013e-06 1.3096e-05 1.579e-07
1.1753e-05 8.7882e-06 1.3027e-05 1.6453e-07
1.1432e-05 9.2238e-06 1.2657e-05 1.6513e-07
1.1093e-05 9.61e-06 1.226e-05 1.5944e-07
1.0767e-05 1.0073e-05 1.1892e-05 1.5446e-07
1.0452e-05 1.061e-05 1.1547e-05 1.4956e-07
1.0147e-05 1.123e-05 1.1226e-05 1.4467e-07
9.8511e-06 1.1944e-05 1.0925e-05 1.3972e-07
9.5646e-06 1.2764e-05 1.0661e-05 1.3467e-07
1.0075e-05 1.3516e-05 1.0375e-05 1.2375e-07
1.06e-05 1.4381e-05 1.0109e-05 1.1268e-07
1.1107e-05 1.5174e-05 9.8209e-06 1.6897e-07
1.1632e-05 1.5249e-05 9.5562e-06 2.3032e-07
1.1587e-05 1.5389e-05 9.3132e-06 2.977e-07
1.1527e-05 1.5489e-05 9.0498e-06 3.5659e-07
1.1475e-05 1.5645e-05 8.8037e-06 4.2065e-07
1.1406e-05 1.5757e-05 8.5361e-06 4.7551e-07
1.1322e-05 1.5825e-05 8.2465e-06 5.2142e-07
1.1248e-05 1.5959e-05 7.978e-06 5.7372e-07
1.1157e-05 1.6048e-05 7.6875e-06 6.1676e-07
1.1052e-05 1.6096e-05 7.3498e-06 6.5127e-07
1.0954e-05 1.6276e-05 7.1512e-06 6.9099e-07
1.0842e-05 1.6417e-05 6.9347e-06 7.2244e-07
1.0715e-05 1.6615e-05 6.7311e-06 7.587e-07
1.0594e-05 1.6866e-05 6.5384e-06 7.9948e-07
1.0461e-05 1.7084e-05 6.3303e-06 8.3268e-07
1.0314e-05 1.7269e-05 6.1068e-06 8.5845e-07
1.0173e-05 1.7504e-05 5.8933e-06 8.8836e-07
1.0035e-05 1.7792e-05 5.6894e-06 9.2264e-07
9.9038e-06 1.8146e-05 5.4968e-06 9.6283e-07
9.7592e-06 1.8459e-05 5.8365e-06 9.9477e-07
9.6202e-06 1.8839e-05 6.1924e-06 1.0327e-06
9.4688e-06 1.9181e-05 6.563e-06 1.0627e-06
9.3218e-06 1.9587e-05 6.9495e-06 1.098e-06
9.1785e-06 2.0055e-05 7.3511e-06 1.1384e-06
9.0384e-06 2.0589e-05 7.7653e-06 1.184e-06
8.8877e-06 2.1092e-05 8.165e-06 1.2228e-06
8.7268e-06 2.1569e-05 8.5514e-06 1.2552e-06
8.5685e-06 2.2108e-05 8.9518e-06 1.2924e-06
8.4001e-06 2.2621e-05 9.339e-06 1.3232e-06
8.2217e-06 2.3106e-05 9.7131e-06 1.3478e-06
8.0445e-06 2.3648e-05 1.0099e-05 1.376e-06
7.8569e-06 2.4159e-05 1.047e-05 1.3976e-06
7.6707e-06 2.4728e-05 1.0854e-05 1.423e-06
7.487e-06 2.4276e-05 1.0565e-05 1.4538e-06
7.2932e-06 2.3797e-05 1.0262e-05 1.4779e-06
7.1006e-06 2.3372e-05 9.9705e-06 1.5063e-06
6.8977e-06 2.2919e-05 9.6917e-06 1.528e-06
6.6974e-06 2.2526e-05 9.4246e-06 1.5552e-06
6.4983e-06 2.2184e-05 9.167e-06 1.5871e-06
6.2887e-06 2.1813e-05 8.8959e-06 1.6119e-06
6.0819e-06 2.1502e-05 8.6372e-06 1.6432e-06
5.878e-06 2.1248e-05 8.3908e-06 1.6813e-06
5.6759e-06 2.1043e-05 8.1543e-06 1.7255e-06
5.4626e-06 2.0808e-05 7.9034e-06 1.7617e-06
5.2533e-06 2.0635e-05 7.6666e-06 1.8068e-06
5.0481e-06 2.0524e-05 7.444e-06 1.8616e-06
4.847e-06 2.0476e-05 7.2358e-06 1.9274e-06
5.2371e-06 2.0374e-05 7.0457e-06 1.9817e-06
5.6118e-06 2.0228e-05 6.8376e-06 2.0247e-06
5.9721e-06 2.0043e-05 6.6125e-06 2.0574e-06
6.3399e-06 1.9917e-05 6.3997e-06 2.0998e-06
6.7179e-06 1.9858e-05 6.2013e-06 2.1543e-06
7.1046e-06 1.9859e-05 5.9769e-06 2.2198e-06
7.476e-06 1.9818e-05 5.7695e-06 2.2739e-06
7.8565e-06 1.9839e-05 5.5384e-06 2.3396e-06
8.2217e-06 1.9821e-05 5.2903e-06 2.394e-06
8.5718e-06 1.9763e-05 5.0249e-06 2.4373e-06
8.9331e-06 1.9772e-05 4.7745e-06 2.4939e-06
9.3059e-06 1.9848e-05 4.5381e-06 2.5646e-06
9.6886e-06 1.9984e-05 4.3126e-06 2.6479e-06
1.0084e-05 2.0192e-05 4.1004e-06 2.7477e-06
1.0462e-05 2.062e-05 3.8648e-06 2.8657e-06
1.0823e-05 2.0967e-05 3.611e-06 2.7931e-06
1.1193e-05 2.1388e-05 3.3396e-06 2.732e-06
1.1571e-05 2.1878e-05 3.0766e-06 2.6811e-06
1.1956e-05 2.2434e-05 2.8202e-06 2.6391e-06
1.2346e-05 2.305e-05 2.5678e-06 2.6036e-06
1.2742e-05 2.3638e-05 2.3045e-06 2.5612e-06
1.3142e-05 2.4285e-05 2.0446e-06 2.5248e-06
1.3531e-05 2.4902e-05 1.7737e-06 2.4814e-06
1.391e-05 2.5491e-05 1.9093e-06 2.4308e-06
1.4293e-05 2.6139e-05 2.0445e-06 2.3861e-06
1.4681e-05 2.685e-05 2.1796e-06 2.3472e-06
1.5059e-05 2.7533e-05 2.3051e-06 2.3016e-06
1.5426e-05 2.8189e-05 2.421e-06 2.2494e-06
1.5799e-05 2.892e-05 2.5378e-06 2.2041e-06
1.6162e-05 2.9619e-05 2.6447e-06 2.1519e-06
1.653e-05 3.0386e-05 2.7516e-06 2.105e-06
1.6887e-05 3.1122e-05 2.8486e-06 2.0513e-06
1.7251e-05 3.1939e-05 2.9468e-06 2.0041e-06
1.7604e-05 3.2723e-05 3.0349e-06 1.9501e-06
1.7964e-05 3.3594e-05 3.1243e-06 1.9024e-06
1.8331e-05 3.4558e-05 3.215e-06 1.8606e-06
1.8705e-05 3.561e-05 3.3062e-06 1.8235e-06
1.9067e-05 3.6623e-05 3.3873e-06 1.7798e-06
1.9436e-05 3.7742e-05 3.4532e-06 1.7416e-06
1.9814e-05 3.8974e-05 3.5206e-06 1.7089e-06
2.02e-05 4.033e-05 3.5895e-06 1.6814e-06
2.0575e-05 4.1641e-05 3.6392e-06 1.6474e-06
2.0958e-05 4.3082e-05 3.6906e-06 1.6185e-06
2.1348e-05 4.2876e-05 3.7424e-06 1.5935e-06
2.1726e-05 4.2642e-05 3.7841e-06 1.562e-06
2.2093e-05 4.2382e-05 3.8161e-06 1.5245e-06
2.2469e-05 4.2188e-05 3.8498e-06 1.4919e-06
2.2834e-05 4.1967e-05 3.8737e-06 1.4531e-06
2.3208e-05 4.1811e-05 3.8992e-06 1.4191e-06
2.3589e-05 4.1708e-05 3.9254e-06 1.3886e-06
2.3958e-05 4.1579e-05 3.9415e-06 1.3518e-06
2.4337e-05 4.1511e-05 3.9593e-06 1.3194e-06
2.4725e-05 4.1504e-05 3.9788e-06 1.2912e-06
2.5122e-05 4.1559e-05 4.0002e-06 1.267e-06
2.553e-05 4.1675e-05 4.0233e-06 1.2467e-06
2.5925e-05 4.1764e-05 4.0364e-06 1.2203e-06
2.6331e-05 4.1915e-05 4.0513e-06 1.1977e-06
2.6747e-05 4.0396e-05 4.068e-06 1.1788e-06
2.7173e-05 3.9012e-05 4.0867e-06 1.1634e-06
2.7588e-05 3.7586e-05 4.0955e-06 1.1422e-06
2.8014e-05 3.6288e-05 4.1062e-06 1.1245e-06
2.8451e-05 3.5108e-05 4.1188e-06 1.1102e-06
2.8899e-05 3.4037e-05 4.1334e-06 1.0991e-06
2.9358e-05 3.3068e-05 4.1499e-06 1.0913e-06
2.9827e-05 3.218e-05 4.1674e-06 1.0858e-06
3.0306e-05 3.1371e-05 4.1858e-06 1.0827e-06
3.0794e-05 3.0634e-05 4.2052e-06 1.0819e-06
3.127e-05 3.1747e-05 4.2142e-06 1.0751e-06
3.1733e-05 3.2817e-05 4.2127e-06 1.0622e-06
3.221e-05 3.4004e-05 4.2139e-06 1.0529e-06
3.2702e-05 3.533e-05 4.2189e-06 1.0478e-06
3.3216e-05 3.6843e-05 4.2092e-06 1.0485e-06
3.3707e-05 3.7505e-05 4.2089e-06 1.0559e-06
3.4223e-05 3.8302e-05 4.216e-06 1.0703e-06
3.4716e-05 3.9424e-05 4.206e-06 1.091e-06
3.5187e-05 4.0457e-05 4.1816e-06 1.1026e-06
3.5693e-05 4.1405e-05 4.1427e-06 1.1053e-06
3.6174e-05 4.2529e-05 4.1119e-06 1.1156e-06
3.6678e-05 4.3826e-05 4.0872e-06 1.1323e-06
3.7209e-05 4.5346e-05 4.0874e-06 1.157e-06
3.7768e-05 4.7116e-05 4.0953e-06 1.1901e-06
3.8354e-05 4.9172e-05 4.1108e-06 1.2319e-06
3.8965e-05 5.151e-05 4.1322e-06 1.2814e-06
3.9552e-05 5.3675e-05 4.1386e-06 1.3206e-06
4.0167e-05 5.6182e-05 4.1525e-06 1.3693e-06
4.0759e-05 5.8514e-05 4.1758e-06 1.4081e-06
4.1377e-05 6.1167e-05 4.2051e-06 1.4553e-06
4.2026e-05 6.4244e-05 4.2427e-06 1.5135e-06
4.1691e-05 6.7759e-05 4.2871e-06 1.582e-06
4.1333e-05 7.0826e-05 4.3151e-06 1.6383e-06
4.0997e-05 7.4333e-05 4.3502e-06 1.7054e-06
4.0684e-05 7.8341e-05 4.3924e-06 1.7843e-06
4.0396e-05 8.2028e-05 4.4184e-06 2.4776e-06
4.0085e-05 8.5442e-05 4.4551e-06 3.1266e-06
3.9794e-05 8.935e-05 4.4992e-06 3.8536e-06
3.948e-05 9.2951e-05 4.5275e-06 4.5289e-06
3.9192e-05 9.7147e-05 4.5652e-06 5.2968e-06
3.8879e-05 0.00010102 4.5867e-06 6.0101e-06
3.8587e-05 0.00010544 4.6155e-06 6.8087e-06
3.8316e-05 0.00011049 4.6517e-06 7.703e-06
3.8024e-05 0.00011519 4.6726e-06 8.5407e-06
3.7756e-05 0.00012067 4.7032e-06 9.4952e-06
3.7465e-05 0.00012572 4.6813e-06 1.0382e-05
3.7194e-05 0.00013041 4.6441e-06 1.1212e-05
3.6901e-05 0.00013473 4.6158e-06 1.1981e-05
3.6627e-05 0.00013981 4.5656e-06 1.2896e-05
3.6333e-05 0.00014454 4.5002e-06 1.4063e-05
3.6019e-05 0.00014899 4.4206e-06 1.5167e-05
3.5724e-05 0.00015404 4.3476e-06 1.6396e-05
3.5415e-05 0.00015889 4.2632e-06 1.7583e-05
3.5119e-05 0.00016427 4.1826e-06 1.8877e-05
3.4836e-05 0.0001702 4.1055e-06 2.0286e-05
3.454e-05 0.00017593 4.0173e-06 2.1651e-05
3.4253e-05 0.00018215 3.9307e-06 2.3116e-05
3.3954e-05 0.0001882 3.8336e-06 2.4542e-05
3.3642e-05 0.0001941 4.4521e-06 2.5935e-05
3.332e-05 0.00019985 5.057e-06 2.7296e-05
3.3008e-05 0.00020615 5.6799e-06 2.8767e-05
3.2684e-05 0.00021227 6.2883e-06 3.0202e-05
3.2349e-05 0.00021825 6.8831e-06 3.1604e-05
3.2002e-05 0.00022409 7.4644e-06 3.2974e-05
3.1643e-05 0.00022979 8.0321e-06 3.4313e-05
3.1294e-05 0.00023596 8.6148e-06 3.5747e-05
3.0932e-05 0.00024196 9.1831e-06 3.7145e-05
3.0579e-05 0.00024846 9.7667e-06 3.8651e-05
3.0214e-05 0.00025481 1.0337e-05 4.0122e-05
2.986e-05 0.00026175 1.0926e-05 4.1714e-05
2.9517e-05 0.00026933 1.1535e-05 4.3436e-05
2.9183e-05 0.00027763 1.2165e-05 4.5298e-05
2.886e-05 0.00028669 1.2817e-05 4.7312e-05
2.8545e-05 0.00029651 1.3488e-05 4.947e-05
2.8217e-05 0.00030604 1.4143e-05 5.1571e-05
2.7876e-05 0.00031525 1.4746e-05 5.3607e-05
2.7547e-05 0.00032546 1.5376e-05 5.5837e-05
2.7204e-05 0.00033527 1.5985e-05 5.7985e-05
2.6845e-05 0.0003446 1.6571e-05 6.0038e-05
2.6505e-05 0.00034725 1.7225e-05 6.0517e-05
2.6186e-05 0.00035041 1.7926e-05 6.1102e-05
2.5848e-05 0.00035332 2.2577e-05 6.1632e-05
2.5489e-05 0.00035599 2.709e-05 6.209e-05
2.5152e-05 0.0003592 3.1896e-05 6.2671e-05
2.4779e-05 0.00036404 3.6468e-05 6.3354e-05
2.4425e-05 0.00036969 4.1328e-05 6.3981e-05
2.4088e-05 0.00037614 4.645e-05 6.4709e-05
2.3762e-05 0.0003833 5.1797e-05 6.5526e-05
2.342e-05 0.00039012 5.7035e-05 6.6297e-05
2.3064e-05 0.00039666 6.2179e-05 6.7029e-05
2.2719e-05 0.0004039 6.7541e-05 6.7847e-05
2.391e-05 0.0004108 7.2794e-05 6.8618e-05
2.513e-05 0.00041848 7.7876e-05 6.949e-05
2.6378e-05 0.00042695 8.3169e-05 7.0458e-05
2.7603e-05 0.00043504 8.877e-05 7.1377e-05
2.8808e-05 0.00044279 9.4269e-05 7.2252e-05
3.0045e-05 0.00045143 0.00010002 7.3233e-05
3.1309e-05 0.00046097 0.00010601 7.4118e-05
3.2554e-05 0.00047016 0.0001119 7.4965e-05
3.3779e-05 0.00047903 0.0001177 7.5775e-05
3.4986e-05 0.0004876 0.00012341 7.6549e-05
3.6174e-05 0.00049587 0.00012904 7.729e-05
3.7391e-05 0.00050501 0.00013491 7.8119e-05
3.864e-05 0.00051512 0.00014103 7.9045e-05
3.9915e-05 0.00052617 0.00014738 8.0061e-05
4.117e-05 0.00053682 0.00015364 8.1035e-05
4.2405e-05 0.00054709 0.00015979 8.1968e-05
4.3678e-05 0.00055865 0.00016627 8.3025e-05
4.4988e-05 0.00057155 0.00017305 8.4205e-05
4.6268e-05 0.00058355 0.0001803 8.5312e-05
4.7588e-05 0.00059702 0.00018792 8.6555e-05
4.8875e-05 0.00060965 0.00019532 8.7717e-05
5.0207e-05 0.00062401 0.00020314 8.8025e-05
5.1502e-05 0.00063737 0.00021071 8.8276e-05
5.2766e-05 0.00064991 0.00021807 8.8477e-05
5.3996e-05 0.00066158 0.0002461 8.8627e-05
5.5272e-05 0.00067488 0.00027572 8.8868e-05
5.6511e-05 0.00068721 0.00030442 8.905e-05
5.7796e-05 0.00070145 0.00033206 8.9325e-05
5.9043e-05 0.00071434 0.00036177 8.954e-05
6.0204e-05 0.00072936 0.00039346 8.8723e-05
6.1417e-05 0.00074684 0.00042726 8.8048e-05
6.2693e-05 0.00075221 0.00046331 8.7503e-05
6.3933e-05 0.0007792 0.00049826 8.6879e-05
6.5222e-05 0.00080998 0.00053524 8.6365e-05
6.6471e-05 0.00083848 0.00057102 8.5781e-05
6.8742e-05 0.0008648 0.00060564 8.5126e-05
7.1105e-05 0.00089478 0.00064226 8.4582e-05
7.3551e-05 0.00092891 0.00068099 8.4141e-05
7.6084e-05 0.00096774 0.00072192 8.3798e-05
7.8705e-05 0.0010119 0.0007652 8.3548e-05
8.1271e-05 0.0010532 0.00080728 8.3246e-05
8.3704e-05 0.0010907 0.00085246 8.4933e-05
8.608e-05 0.0011257 0.00089634 8.6503e-05
8.8403e-05 0.0011584 0.00093898 8.7965e-05
9.0672e-05 0.001189 0.00098044 8.9324e-05
9.3032e-05 0.0012242 0.00099337 9.0886e-05
9.5485e-05 0.0012646 0.0010084 9.2676e-05
9.8023e-05 0.0012765 0.0010243 9.4686e-05
0.00010065 0.0012901 0.0010411 9.6939e-05
0.00010321 0.0013027 0.0010574 9.9051e-05
0.00010573 0.0013146 0.0010733 0.00010105
0.00010834 0.001328 0.00109 0.00010328
0.00011103 0.0013433 0.0011077 0.00010577
0.00011366 0.0013576 0.0011248 0.00010811
0.00011624 0.0013706 0.001143 0.00011031
0.00011876 0.0013829 0.0011607 0.00011238
0.00012139 0.0013971 0.0011796 0.00011475
0.00012396 0.0014097 0.0011978 0.00011747
0.00012663 0.0014244 0.0012031 0.00012058
0.00012942 0.0014412 0.0012087 0.00012408
0.00013235 0.0014568 0.0012141 0.00012737
0.00013542 0.0014616 0.0012203 0.00012824
0.00013861 0.0014675 0.0012271 0.0001293
0.00019711 0.0015682 0.0013512 0.00014703
0.00020026 0.0015745 0.0013585 0.00014762
0.00020335 0.0015803 0.0013657 0.00014812
0.00020658 0.0015806 0.0013673 0.00014878
0.00020973 0.0015806 0.0013688 0.00014983
0.000213 0.0015812 0.0013706 0.00015108
0.00021639 0.0015825 0.0013727 0.00015257
0.0002197 0.0015834 0.0013746 0.00015395
0.00022314 0.0015849 0.0013767 0.00015553
