Monodelphis_domestica Ornithorhynchus_anatinus Phascolarctos_cinereus Sarcophilus_harrisii
0.00019968 0.94559 0.00044487 0.00056204
0.00019613 0.94661 0.00044157 0.00055686
0.00019286 0.94776 0.00043842 0.00055184
0.00018943 0.94884 0.00043519 0.00054673
0.00018629 0.94983 0.00043211 0.0005418
0.00018299 0.95099 0.00042895 0.00053676
0.00017999 0.95235 0.00042595 0.00053161
0.00017681 0.9536 0.00042284 0.00052634
0.00017393 0.95555 0.0004199 0.00052127
0.00017131 0.95735 0.00041712 0.00051641
0.00016853 0.95914 0.00041424 0.00051141
0.00016605 0.96094 0.00041154 0.00050664
0.00016342 0.96275 0.00040875 0.00050215
0.00016065 0.96442 0.00040587 0.00049754
0.00015762 0.96598 0.00040317 0.00049315
0.0001544 0.96654 0.00040037 0.00048864
0.00015153 0.96705 0.00039775 0.00048433
0.00014847 0.96751 0.00039503 0.00047991
0.00014574 0.96807 0.00039248 0.00047569
0.00014326 0.96858 0.00039008 0.00047165
0.00014103 0.96918 0.00038783 0.00046778
0.00013903 0.96931 0.00038571 0.00046381
0.00013689 0.96906 0.00038351 0.00046003
0.00013156 0.9683 0.00038122 0.00045614
0.00012591 0.96627 0.00037909 0.00045244
0.00011998 0.96408 0.00037687 0.0004489
0.00011455 0.96218 0.0003748 0.00044551
0.0001096 0.96052 0.00037285 0.00044228
0.0001044 0.95872 0.00037083 0.00043895
9.964e-05 0.95675 0.00036894 0.00043578
9.5348e-05 0.95111 0.00036719 0.00043277
9.1477e-05 0.94627 0.00036558 0.00042991
8.7942e-05 0.94204 0.00036409 0.0004272
8.4759e-05 0.93249 0.00036273 0.00042464
8.1857e-05 0.92207 0.00036149 0.00042221
7.8781e-05 0.91298 0.00036017 0.00041969
7.5524e-05 0.89274 0.00035877 0.00041708
7.2077e-05 0.84791 0.0003575 0.00041461
6.8927e-05 0.81866 0.00035635 0.00041228
6.6047e-05 0.79299 0.00035054 0.00041006
6.3411e-05 0.77041 0.00034498 0.00040796
6.0998e-05 0.75052 0.00033967 0.00040598
5.8818e-05 0.72883 0.00033462 0.00040391
5.6516e-05 0.70549 0.00032944 0.00040177
5.4433e-05 0.68527 0.00032451 0.00039976
5.255e-05 0.66774 0.00031982 0.00039787
5.0851e-05 0.65257 0.00031537 0.00039611
4.9303e-05 0.63922 0.00031112 0.00039445
4.7916e-05 0.62461 0.00030709 0.00039292
4.6678e-05 0.61183 0.00030328 0.00039151
4.5568e-05 0.59797 0.00029935 0.00038993
4.457e-05 0.58584 0.00029561 0.00038846
4.3502e-05 0.55877 0.00029176 0.00038692
4.2544e-05 0.53509 0.0002881 0.00038548
4.1686e-05 0.50938 0.00028461 0.00038415
4.0923e-05 0.48146 0.00028129 0.00038293
4.0249e-05 0.45114 0.00027814 0.0003818
3.9511e-05 0.41823 0.00027489 0.0003806
3.8692e-05 0.39014 0.00027181 0.00037952
3.7964e-05 0.36558 0.0002689 0.00037854
3.7171e-05 0.35432 0.00026588 0.00037748
3.6481e-05 0.34468 0.00026276 0.00037635
3.5885e-05 0.33426 0.00025983 0.00037534
3.5364e-05 0.32552 0.00025705 0.00037442
3.4787e-05 0.31605 0.00025417 0.00037343
3.4154e-05 0.30578 0.0002512 0.00037237
3.3607e-05 0.29697 0.00024839 0.00037142
3.3149e-05 0.28943 0.00024549 0.00037057
3.2644e-05 0.28299 0.00024251 0.00036965
3.2206e-05 0.27735 0.00023967 0.00036883
3.1843e-05 0.27252 0.00023699 0.00036811
3.1981e-05 0.26839 0.00023445 0.00036749
3.1967e-05 0.26391 0.00023182 0.0003668
3.2017e-05 0.26006 0.00022934 0.00036622
3.2131e-05 0.25593 0.00022678 0.00036558
3.2308e-05 0.25238 0.00022437 0.00036503
3.2551e-05 0.24933 0.0002221 0.0003646
3.2749e-05 0.24603 0.00021975 0.00036409
3.2906e-05 0.24247 0.00021754 0.00036369
3.3021e-05 0.2394 0.00021525 0.00036323
3.3194e-05 0.23678 0.00021309 0.00035816
3.3426e-05 0.23451 0.00021104 0.00035328
3.3719e-05 0.23203 0.0002091 0.00034859
3.3969e-05 0.23166 0.0002071 0.00034378
3.3339e-05 0.23022 0.00020522 0.00033919
3.2649e-05 0.23026 0.00020327 0.00033447
3.205e-05 0.23044 0.00020144 0.00032996
3.1536e-05 0.23054 0.00019973 0.00032564
3.1108e-05 0.23078 0.00019796 0.00032107
3.0634e-05 0.23119 0.00019611 0.0003226
3.0233e-05 0.23177 0.0001942 0.00032406
2.9763e-05 0.23226 0.00019242 0.00032564
2.9246e-05 0.23293 0.00019056 0.00032715
2.8796e-05 0.23376 0.00018882 0.00032878
2.8409e-05 0.23355 0.00018717 0.00033051
2.8139e-05 0.23347 0.00018562 0.00033235
2.7934e-05 0.23329 0.00018417 0.0003308
2.7791e-05 0.23327 0.00018283 0.00032936
2.7709e-05 0.23339 0.00018159 0.00032803
2.741e-05 0.23365 0.0001803 0.00032663
2.7176e-05 0.23407 0.0001791 0.00032534
2.6897e-05 0.23441 0.00017784 0.00032398
2.6571e-05 0.23491 0.00017652 0.00032255
2.6197e-05 0.23533 0.00017529 0.00032121
2.4554e-05 0.23566 0.00017414 0.00031997
2.3073e-05 0.23612 0.00017308 0.00031884
2.1512e-05 0.23651 0.00017197 0.00031765
1.9855e-05 0.23683 0.00017082 0.00031639
1.8349e-05 0.2373 0.00016945 0.00031523
1.6975e-05 0.23793 0.00016817 0.00031417
1.553e-05 0.23847 0.00016683 0.00031306
1.4208e-05 0.23917 0.00016559 0.00031203
1.2818e-05 0.23979 0.00016429 0.00031094
1.1547e-05 0.24058 0.00016308 0.00030995
1.0387e-05 0.24155 0.00016195 0.00030905
9.3502e-06 0.24242 0.00016077 0.00030809
8.41e-06 0.2425 0.00015954 0.00030706
7.5481e-06 0.2417 0.00015838 0.00030613
6.6288e-06 0.24079 0.00015717 0.00030512
5.807e-06 0.23977 0.0001559 0.00030405
4.9304e-06 0.23894 0.00015457 0.00030291
4.8889e-06 0.238 0.00015318 0.0003017
4.8261e-06 0.23695 0.00015174 0.00030042
4.7419e-06 0.2361 0.00015024 0.00029908
4.6361e-06 0.23541 0.00014869 0.00029768
4.5086e-06 0.23464 0.00014708 0.00029622
4.3992e-06 0.23405 0.00014555 0.00029485
4.2665e-06 0.23337 0.00014397 0.00029341
4.1121e-06 0.2326 0.00014233 0.0002919
3.9758e-06 0.23199 0.00014078 0.00029049
3.818e-06 0.23124 0.00013918 0.00028902
3.6382e-06 0.23041 0.00013751 0.00028748
3.4766e-06 0.22853 0.00013594 0.00028604
3.3374e-06 0.22695 0.00013431 0.00028452
3.2113e-06 0.22558 0.00013275 0.00028309
3.0993e-06 0.22442 0.00013128 0.00028174
2.9695e-06 0.22316 0.00012976 0.00028034
2.8526e-06 0.22209 0.00012831 0.00027903
2.7194e-06 0.22094 0.00012683 0.00027767
2.5964e-06 0.21996 0.00012542 0.00027638
2.4554e-06 0.21888 0.00012396 0.00027504
2.2662e-06 0.21771 0.00012245 0.00027382
2.0943e-06 0.21674 0.00012103 0.00027269
2.1433e-06 0.21597 0.00011956 0.0002715
2.1724e-06 0.21539 0.00011817 0.00027025
2.2099e-06 0.21497 0.0001166 0.00026908
2.2553e-06 0.21467 0.00011511 0.00026799
2.284e-06 0.2143 0.00011357 0.00026685
2.3223e-06 0.21407 0.00011212 0.00026579
2.3475e-06 0.21377 0.00011061 0.00026467
2.3571e-06 0.2134 0.00010906 0.00026351
2.3742e-06 0.21297 0.00010758 0.00026242
2.3756e-06 0.21245 0.00010606 0.00026128
2.9578e-06 0.21059 0.00010449 0.00026008
3.5781e-06 0.20896 0.00010299 0.00025896
4.1683e-06 0.20721 0.00010145 0.00025779
4.7294e-06 0.20534 9.9865e-05 0.00025657
5.3333e-06 0.20372 9.8089e-05 0.00025543
5.9074e-06 0.20198 9.6266e-05 0.00025423
6.5201e-06 0.20045 9.4516e-05 0.00025311
7.1103e-06 0.1988 9.2715e-05 0.00025194
7.7485e-06 0.19738 9.0998e-05 0.00025085
7.7531e-06 0.19653 8.9361e-05 0.00024984
7.7733e-06 0.1958 8.7786e-05 0.00024888
7.775e-06 0.19501 8.6174e-05 0.00024789
7.7585e-06 0.19417 8.4525e-05 0.00024685
7.7568e-06 0.19346 8.2935e-05 0.00024587
7.738e-06 0.19269 8.1312e-05 0.00024486
7.7337e-06 0.19203 7.9746e-05 0.0002439
7.7439e-06 0.19131 7.8235e-05 0.000243
7.7373e-06 0.19054 7.6693e-05 0.00024206
7.7501e-06 0.18991 7.5224e-05 0.00024118
7.7774e-06 0.18937 7.3806e-05 0.00024036
7.7866e-06 0.18878 7.2355e-05 0.0002395
7.8107e-06 0.1883 7.0956e-05 0.00023855
7.8139e-06 0.18776 6.9615e-05 0.00023767
7.8352e-06 0.18733 6.8329e-05 0.00023685
7.8994e-06 0.187 6.7014e-05 0.00023608
7.9481e-06 0.18664 6.5675e-05 0.00023529
7.9818e-06 0.18624 6.4313e-05 0.00023446
8.0279e-06 0.18581 6.2992e-05 0.00023368
8.086e-06 0.18545 6.1709e-05 0.00023295
8.129e-06 0.18506 6.0403e-05 0.00023218
8.1862e-06 0.18465 5.9076e-05 0.00023139
8.2291e-06 0.1842 5.7727e-05 0.00023057
8.287e-06 0.18383 5.6424e-05 0.0002298
8.3602e-06 0.18343 5.5163e-05 0.00022908
8.4489e-06 0.18312 5.3944e-05 0.00022841
8.5535e-06 0.1829 5.2765e-05 0.00022779
8.7085e-06 0.18277 5.1626e-05 0.00022722
8.8475e-06 0.1826 5.0466e-05 0.00022662
9.0034e-06 0.18252 4.9343e-05 0.00022607
9.1767e-06 0.1824 4.8256e-05 0.00022556
9.3677e-06 0.18236 4.7203e-05 0.0002251
9.5738e-06 0.1824 4.6178e-05 0.00022468
9.7641e-06 0.1824 4.5135e-05 0.00022423
9.9699e-06 0.18247 4.412e-05 0.00022382
1.0195e-05 0.18263 4.3137e-05 0.00022346
1.0438e-05 0.18285 4.218e-05 0.00022313
1.0664e-05 0.18305 4.1206e-05 0.00022278
1.0871e-05 0.18321 4.021e-05 0.00022239
1.1049e-05 0.18422 3.9251e-05 0.00022206
1.1252e-05 0.18538 3.8328e-05 0.00022179
1.1431e-05 0.18647 3.7378e-05 0.00022147
1.1645e-05 0.18773 3.6468e-05 0.00022123
1.1832e-05 0.18921 3.5529e-05 0.00022094
1.1991e-05 0.19057 3.4557e-05 0.0002206
1.2122e-05 0.19219 3.3533e-05 0.00022021
1.2287e-05 0.19408 3.2557e-05 0.00021989
1.2426e-05 0.19581 3.155e-05 0.00021953
1.2537e-05 0.1974 3.051e-05 0.00021912
1.2685e-05 0.19926 2.9521e-05 0.00021878
1.2866e-05 0.20141 2.8574e-05 0.00021851
1.2853e-05 0.20339 2.6959e-05 0.00021831
1.2809e-05 0.2052 2.5293e-05 0.00021805
1.2803e-05 0.20734 2.3706e-05 0.00021787
1.4007e-05 0.20929 2.2068e-05 0.00021763
1.5138e-05 0.21281 2.2078e-05 0.00021734
1.6205e-05 0.21603 2.2067e-05 0.00021539
1.7212e-05 0.21898 2.2036e-05 0.00021354
1.8289e-05 0.22224 2.2017e-05 0.00021174
1.9431e-05 0.22582 2.2007e-05 0.00021001
2.0636e-05 0.22972 2.2006e-05 0.00020832
2.181e-05 0.2335 2.1992e-05 0.00020661
2.2954e-05 0.23717 2.1966e-05 0.00020487
2.407e-05 0.2403 2.1927e-05 0.0002031
2.516e-05 0.24334 2.1877e-05 0.0002013
2.6318e-05 0.24669 2.1837e-05 0.00019956
2.7446e-05 0.24993 2.1784e-05 0.00019779
2.8637e-05 0.25346 2.1739e-05 0.00019606
2.9892e-05 0.25727 2.1702e-05 0.00019439
3.1217e-05 0.26141 2.1673e-05 0.00019276
3.2508e-05 0.26543 2.1631e-05 0.0001911
3.3766e-05 0.26934 2.1576e-05 0.00018941
3.5096e-05 0.27311 2.153e-05 0.00018777
3.639e-05 0.27676 2.1471e-05 0.0001861
3.7644e-05 0.28028 2.1398e-05 0.00018439
3.885e-05 0.28424 2.1309e-05 0.00018265
4.0157e-05 0.28869 2.1235e-05 0.00018098
4.1583e-05 0.29375 2.1179e-05 0.00017937
4.2942e-05 0.2985 2.1105e-05 0.00017784
4.4154e-05 0.30297 2.1014e-05 0.00017626
4.5299e-05 0.30813 2.0904e-05 0.00017464
4.6382e-05 0.33577 2.0775e-05 0.00017296
4.7564e-05 0.36668 2.0661e-05 0.00017135
4.8683e-05 0.39578 2.0528e-05 0.00016969
4.9744e-05 0.42335 2.0377e-05 0.00016799
5.0748e-05 0.45449 2.0208e-05 0.00016624
5.1855e-05 0.48963 2.0055e-05 0.00016456
5.3099e-05 0.5223 1.9922e-05 0.00016296
5.3817e-05 0.55225 1.9807e-05 0.00016131
5.465e-05 0.60158 1.9713e-05 0.00015977
5.559e-05 0.64675 1.9641e-05 0.0001583
5.6628e-05 0.68901 1.9582e-05 0.0001569
5.7623e-05 0.72969 1.9509e-05 0.00015547
5.8695e-05 0.77404 1.9445e-05 0.00015408
5.9844e-05 0.78425 1.9389e-05 0.00015273
6.1069e-05 0.79534 1.9341e-05 0.00015142
6.2259e-05 0.80611 1.928e-05 0.00015009
6.3415e-05 0.81659 1.9207e-05 0.00014873
6.4537e-05 0.82679 1.9122e-05 0.00014734
6.5744e-05 0.83794 1.9046e-05 0.000146
6.6916e-05 0.84879 1.8958e-05 0.00014463
6.8176e-05 0.86067 1.8878e-05 0.00014331
6.9403e-05 0.87224 1.8787e-05 0.00014196
6.8817e-05 0.88347 1.8676e-05 0.00014066
6.8201e-05 0.89435 1.8553e-05 0.00013933
6.7554e-05 0.90491 1.8417e-05 0.00013797
6.6878e-05 0.91389 1.8268e-05 0.00013658
6.617e-05 0.9226 1.8107e-05 0.00013517
6.5523e-05 0.93102 1.7953e-05 0.0001338
6.4943e-05 0.94027 1.7809e-05 0.00013247
6.4331e-05 0.94782 1.7652e-05 0.00013111
6.3689e-05 0.95517 1.7512e-05 0.00012973
6.3107e-05 0.96316 1.738e-05 0.00012839
6.2491e-05 0.97088 1.7234e-05 0.00012701
6.1938e-05 0.97273 1.7097e-05 0.00012568
6.1346e-05 0.9745 1.6945e-05 0.00012431
6.0835e-05 0.97651 1.6806e-05 0.00012301
6.0419e-05 0.97834 1.6684e-05 0.00012176
5.9929e-05 0.98049 1.6578e-05 0.00012058
5.9382e-05 0.98249 1.6452e-05 0.00011935
5.8925e-05 0.98434 1.6342e-05 0.00011818
5.8558e-05 0.98513 1.621e-05 0.00011709
5.8285e-05 0.98586 1.6036e-05 0.00011594
5.8093e-05 0.98652 1.5878e-05 0.00011484
5.7994e-05 0.98673 1.5738e-05 0.00011382
5.7655e-05 0.98758 1.5577e-05 0.00011274
5.7415e-05 0.98837 1.5389e-05 0.00011173
5.5859e-05 0.9891 1.522e-05 0.00011077
5.0775e-05 0.98995 1.5066e-05 0.00010987
4.5442e-05 0.99073 1.4892e-05 0.00010905
4.0559e-05 0.99164 1.4734e-05 0.00010828
3.5408e-05 0.99247 1.4554e-05 0.00010747
3.069e-05 0.99343 1.439e-05 0.0001067
2.571e-05 0.99432 1.5242e-05 0.000106
2.3892e-05 0.99536 1.6052e-05 0.00010524
1.7428e-05 0.99711 1.9483e-05 0.0001024
1.5884e-05 0.99713 2.0349e-05 0.00010163
1.4488e-05 0.99717 2.126e-05 0.00010092
1.3227e-05 0.99707 2.2218e-05 0.00010026
1.1887e-05 0.99697 2.3141e-05 9.9556e-05
1.0674e-05 0.99685 2.4112e-05 9.8909e-05
9.5766e-06 0.99676 2.5135e-05 9.8315e-05
9.1591e-06 0.99665 2.612e-05 9.7677e-05
8.7878e-06 0.99658 2.7162e-05 9.709e-05
8.4516e-06 0.99653 2.8258e-05 9.6546e-05
8.0902e-06 0.99647 2.9325e-05 9.597e-05
7.7579e-06 0.99644 3.0432e-05 9.543e-05
7.4056e-06 0.9964 3.1516e-05 9.4864e-05
7.0749e-06 0.99637 3.2633e-05 9.4324e-05
6.7244e-06 0.99634 3.3727e-05 9.3759e-05
6.3942e-06 0.99631 3.4853e-05 9.322e-05
6.0448e-06 0.99628 3.5957e-05 9.2656e-05
6.4655e-06 0.99625 3.7038e-05 9.2066e-05
6.9146e-06 0.99621 3.8157e-05 9.1507e-05
7.3936e-06 0.99584 3.9314e-05 9.0978e-05
7.9034e-06 0.99416 4.0509e-05 9.0478e-05
8.4395e-06 0.99261 4.1737e-05 8.9999e-05
8.9563e-06 0.99102 4.2944e-05 8.9498e-05
9.5042e-06 0.98957 4.4188e-05 8.9023e-05
1.008e-05 0.98807 4.5465e-05 8.8569e-05
1.0685e-05 0.98669 4.6776e-05 8.8134e-05
1.1322e-05 0.98542 4.812e-05 8.7719e-05
1.1991e-05 0.98425 4.7768e-05 8.7325e-05
1.2701e-05 0.98319 4.7437e-05 8.6953e-05
1.3454e-05 0.98222 4.7126e-05 8.6605e-05
1.4252e-05 0.98134 4.6834e-05 8.6281e-05
1.5092e-05 0.98053 4.6559e-05 8.5975e-05
1.5908e-05 0.9797 4.6268e-05 8.5649e-05
1.5751e-05 0.97885 4.5994e-05 8.5342e-05
1.5577e-05 0.97797 4.5704e-05 8.5014e-05
1.5427e-05 0.97718 4.5434e-05 8.471e-05
1.5299e-05 0.97324 4.5183e-05 8.4428e-05
1.5194e-05 0.9696 4.495e-05 8.4168e-05
1.5073e-05 0.96588 4.4703e-05 8.389e-05
1.4975e-05 0.94889 4.4475e-05 8.3634e-05
1.486e-05 0.93145 4.4233e-05 8.3357e-05
1.4728e-05 0.91351 4.3975e-05 8.306e-05
1.4615e-05 0.895 4.3733e-05 8.2782e-05
1.435e-05 0.87812 4.3477e-05 8.2484e-05
1.4068e-05 0.86074 4.3206e-05 8.2165e-05
1.3811e-05 0.84271 4.2954e-05 8.1869e-05
1.3574e-05 0.82606 4.2717e-05 8.1591e-05
1.332e-05 0.80892 4.2465e-05 8.1293e-05
1.305e-05 0.79136 4.2199e-05 8.0976e-05
1.2804e-05 0.77532 4.1952e-05 8.0681e-05
1.2577e-05 0.76054 4.172e-05 8.0405e-05
1.2371e-05 0.74713 4.1505e-05 8.0149e-05
1.2188e-05 0.73496 4.1309e-05 7.9918e-05
1.2031e-05 0.724 4.1134e-05 7.9714e-05
1.1901e-05 0.71234 4.0984e-05 7.954e-05
1.1801e-05 0.70208 4.086e-05 7.9401e-05
1.1733e-05 0.66915 4.0765e-05 7.9299e-05
1.1637e-05 0.63418 4.0645e-05 7.9162e-05
1.1516e-05 0.60366 4.0501e-05 7.9071e-05
1.1367e-05 0.59587 4.2443e-05 7.8945e-05
1.1189e-05 0.5875 4.4333e-05 7.8857e-05
1.0986e-05 0.57862 4.6155e-05 7.8738e-05
1.081e-05 0.57073 4.8047e-05 7.8649e-05
1.066e-05 0.5637 5.0017e-05 7.859e-05
1.0487e-05 0.5562 5.1943e-05 7.8501e-05
1.0339e-05 0.54949 5.3941e-05 7.844e-05
1.0162e-05 0.54236 5.6025e-05 7.8413e-05
1.0008e-05 0.53594 5.8182e-05 7.8411e-05
9.8314e-06 0.52918 6.0295e-05 7.8381e-05
9.6764e-06 0.52204 6.2481e-05 7.8377e-05
9.5447e-06 0.51568 6.475e-05 7.8401e-05
9.4352e-06 0.51 6.7104e-05 7.8453e-05
9.3436e-06 0.50403 6.9536e-05 7.8528e-05
9.2327e-06 0.49872 7.1924e-05 7.8577e-05
9.1392e-06 0.49396 7.4402e-05 7.8654e-05
8.7825e-06 0.48901 7.697e-05 7.8758e-05
8.4064e-06 0.48389 7.9503e-05 7.8839e-05
8.0547e-06 0.47923 8.2117e-05 7.8943e-05
7.6865e-06 0.47445 8.4701e-05 7.901e-05
7.3405e-06 0.47009 8.7365e-05 7.9098e-05
7.0151e-06 0.46612 9.011e-05 7.9208e-05
6.7058e-06 0.46245 9.2928e-05 7.9334e-05
6.3808e-06 0.45868 9.5714e-05 7.9441e-05
6.0745e-06 0.45525 9.8585e-05 7.9568e-05
5.7535e-06 0.45173 0.00010143 7.9677e-05
5.4473e-06 0.44849 0.00010435 7.9802e-05
5.1257e-06 0.44515 0.00010723 7.9908e-05
4.8183e-06 0.44208 0.00011019 8.0031e-05
4.4958e-06 0.43892 0.00011312 8.0134e-05
4.158e-06 0.43566 0.00011602 8.0216e-05
3.837e-06 0.41966 0.00011901 8.032e-05
3.501e-06 0.40321 0.00012196 8.0404e-05
3.1809e-06 0.38817 0.00012501 8.0509e-05
2.8734e-06 0.37426 0.00012802 8.0632e-05
2.5772e-06 0.36141 0.00013112 8.0772e-05
2.2915e-06 0.34953 0.0001343 8.093e-05
2.0156e-06 0.33726 0.00013757 8.1105e-05
1.7487e-06 0.32592 0.00014092 8.1299e-05
1.4688e-06 0.31431 0.00014425 8.1473e-05
1.3632e-06 0.30356 0.00014766 8.1665e-05
1.2464e-06 0.29253 0.00015104 8.1836e-05
1.1323e-06 0.28243 0.00015452 8.203e-05
1.0193e-06 0.27309 0.00015811 8.2241e-05
8.952e-07 0.2635 0.00016165 8.2432e-05
7.7316e-07 0.25473 0.00016531 8.2645e-05
6.5278e-07 0.2467 0.00016909 8.288e-05
5.2145e-07 0.23939 0.00017282 8.3094e-05
3.9152e-07 0.23271 0.00017667 8.3331e-05
4.6808e-07 0.22585 0.00018048 8.3548e-05
5.4344e-07 0.21873 0.00018442 8.3788e-05
6.1787e-07 0.21223 0.00018848 8.4051e-05
6.9075e-07 0.20552 0.00019265 8.4332e-05
7.6224e-07 0.19931 0.00019694 8.4633e-05
8.2331e-07 0.19293 0.00020118 8.4913e-05
8.8312e-07 0.18634 0.00020554 8.5211e-05
9.3245e-07 0.17955 0.00020985 8.5489e-05
9.8165e-07 0.17335 0.0002143 8.5791e-05
1.031e-06 0.16771 0.00021889 8.6117e-05
1.0811e-06 0.16182 0.00022364 8.6468e-05
1.1322e-06 0.15735 0.00022854 8.6845e-05
1.1847e-06 0.15272 0.00023361 8.7251e-05
1.2258e-06 0.14792 0.00023862 8.7632e-05
1.2686e-06 0.14357 0.0002438 8.8041e-05
1.3e-06 0.13961 0.00024892 8.8474e-05
1.3202e-06 0.13551 0.00025398 8.8884e-05
1.329e-06 0.13127 0.00025899 8.927e-05
1.3401e-06 0.12685 0.00026417 8.9687e-05
1.3395e-06 0.12226 0.0002693 9.0079e-05
1.3261e-06 0.11743 0.00027434 9.0442e-05
1.3159e-06 0.11228 0.00027492 9.084e-05
1.3087e-06 0.10769 0.00027423 9.1272e-05
1.2882e-06 0.10283 0.00027349 9.1672e-05
1.2706e-06 0.098584 0.00027283 9.212e-05
1.24e-06 0.094105 0.00027213 9.2538e-05
1.1966e-06 0.089388 0.0002714 9.2926e-05
1.1402e-06 0.084419 0.00027062 9.3284e-05
1.0862e-06 0.079966 0.00026991 9.3674e-05
1.0188e-06 0.075244 0.00026916 9.4033e-05
9.2293e-07 0.070262 0.00026837 9.436e-05
8.1343e-07 0.064997 0.00026754 9.4657e-05
9.4079e-07 0.05937 0.00026667 9.492e-05
1.0741e-06 0.054384 0.00026587 9.5218e-05
1.2176e-06 0.048934 0.00026516 9.5563e-05
1.3436e-06 0.047223 0.0002644 9.5865e-05
1.479e-06 0.045357 0.00026373 9.621e-05
1.5958e-06 0.043774 0.00026301 9.6513e-05
1.725e-06 0.042425 0.00026238 9.6866e-05
2.2419e-06 0.036503 0.00025961 9.8045e-05
2.3363e-06 0.03618 0.000259 9.8376e-05
2.4427e-06 0.035925 0.00025882 9.8668e-05
2.5641e-06 0.035619 0.00025873 9.901e-05
2.6654e-06 0.035266 0.00025859 9.931e-05
2.7822e-06 0.034991 0.00025853 9.9661e-05
2.9159e-06 0.034162 0.00025857 0.00010006
3.6218e-06 0.033246 0.0002587 0.00010051
4.3839e-06 0.032465 0.0002589 0.000101
5.1077e-06 0.032469 0.00025906 0.00010145
5.8743e-06 0.032511 0.00025927 0.00010193
6.6161e-06 0.032537 0.00025946 0.00010239
7.3973e-06 0.032601 0.00025969 0.00010288
8.1546e-06 0.03265 0.00025991 0.00010334
8.9561e-06 0.032734 0.00026017 0.00010383
9.7342e-06 0.032804 0.00026041 0.00010434
1.0491e-05 0.032861 0.00026063 0.00010484
1.1286e-05 0.032949 0.0002609 0.00010536
1.2122e-05 0.033068 0.00026122 0.0001059
1.2933e-05 0.033172 0.00026151 0.00010643
1.3721e-05 0.033262 0.00026177 0.00010693
1.4488e-05 0.033389 0.00026202 0.00010745
1.5232e-05 0.033553 0.00026224 0.00010795
1.5954e-05 0.033702 0.00026244 0.00010844
1.6653e-05 0.033837 0.00026261 0.00010889
1.7397e-05 0.034009 0.00026284 0.00010938
1.812e-05 0.034168 0.00026305 0.00010985
1.8889e-05 0.034365 0.00026331 0.00011034
1.9634e-05 0.034547 0.00026354 0.00011082
2.0358e-05 0.034715 0.00026376 0.00011127
2.1124e-05 0.034917 0.00026402 0.00011175
2.1865e-05 0.035104 0.00026426 0.0001122
2.2582e-05 0.035276 0.00026447 0.00011264
2.3349e-05 0.035487 0.00026474 0.0001131
2.416e-05 0.035734 0.00026506 0.00011359
2.5026e-05 0.036018 0.00026543 0.0001141
2.5942e-05 0.036284 0.00026585 0.00011464
2.6831e-05 0.036533 0.00026624 0.00011516
2.7693e-05 0.036765 0.00026661 0.00011566
2.8526e-05 0.037042 0.00026704 0.00011613
2.9419e-05 0.037302 0.00026752 0.00011663
3.0366e-05 0.037601 0.00026806 0.00011716
3.1283e-05 0.037884 0.00026857 0.00011767
3.2263e-05 0.038214 0.00026913 0.00011821
3.331e-05 0.038591 0.00026976 0.00011878
3.433e-05 0.038952 0.00027036 0.00011932
3.542e-05 0.039364 0.00027093 0.0001199
3.6573e-05 0.039822 0.00027156 0.00012051
3.7792e-05 0.040258 0.00027224 0.00012114
3.9081e-05 0.040743 0.00027296 0.0001218
4.0444e-05 0.041279 0.00027374 0.00012248
4.0201e-05 0.04103 0.00027458 0.0001232
3.9935e-05 0.040764 0.00027539 0.0001239
3.9646e-05 0.04048 0.00027618 0.00012457
3.9334e-05 0.040178 0.00027694 0.00012521
3.9066e-05 0.039922 0.00027776 0.00012589
3.8835e-05 0.039706 0.00027863 0.00012661
3.8579e-05 0.039471 0.00027948 0.00012729
3.8292e-05 0.039209 0.00028026 0.00012602
3.8057e-05 0.039002 0.00028111 0.00012479
3.7867e-05 0.038767 0.00028203 0.0001236
3.7648e-05 0.038586 0.00028292 0.00012239
3.7401e-05 0.038374 0.00028377 0.00012114
3.7198e-05 0.038207 0.00028468 0.00011994
3.7038e-05 0.038014 0.00028566 0.00011878
3.692e-05 0.037864 0.00028671 0.00011765
3.6772e-05 0.037691 0.00028773 0.00011649
3.6592e-05 0.037491 0.0002887 0.0001153
3.6467e-05 0.037257 0.00028975 0.00011416
3.6308e-05 0.036992 0.00029074 0.00011299
3.6208e-05 0.03679 0.00029181 0.00011187
3.6072e-05 0.036946 0.00029284 0.00011071
3.599e-05 0.037153 0.00029383 0.00011342
3.5878e-05 0.037338 0.00029477 0.00011609
3.5741e-05 0.037502 0.00029568 0.00011872
3.5577e-05 0.03771 0.00029656 0.00012131
3.5449e-05 0.037957 0.0002975 0.00012396
3.5356e-05 0.038245 0.0002985 0.00012667
3.5297e-05 0.038652 0.00029955 0.00012943
3.5217e-05 0.03904 0.00030058 0.00013217
3.5174e-05 0.039479 0.00030167 0.00013497
3.5112e-05 0.039901 0.00030274 0.00013775
3.5086e-05 0.040378 0.00030388 0.00014059
3.5098e-05 0.040912 0.00030508 0.0001435
3.5142e-05 0.040648 0.00030634 0.00014648
3.5165e-05 0.040367 0.00030757 0.00014942
3.5225e-05 0.04013 0.00030888 0.00015243
3.5264e-05 0.039647 0.00031015 0.00015552
3.5335e-05 0.039213 0.00031149 0.00015868
3.5444e-05 0.038832 0.00031289 0.00016191
3.5606e-05 0.038494 0.00031436 0.00016522
3.5802e-05 0.038197 0.0003159 0.00016859
3.6032e-05 0.03794 0.0003175 0.00017205
3.6241e-05 0.037667 0.00031907 0.00017546
3.6426e-05 0.037373 0.00032061 0.00017883
3.6665e-05 0.037138 0.00032224 0.00018232
3.7117e-05 0.036867 0.00032069 0.00018592
3.7526e-05 0.036561 0.00031908 0.00018945
3.7889e-05 0.036215 0.00031742 0.0001929
3.8318e-05 0.035944 0.00031585 0.00019647
3.87e-05 0.035635 0.00031422 0.00019999
3.9151e-05 0.035391 0.00031273 0.00020365
3.9399e-05 0.035109 0.00030617 0.00020746
3.9709e-05 0.034887 0.00029988 0.00021141
3.9972e-05 0.034627 0.00029344 0.00021526
4.0299e-05 0.034426 0.00028727 0.00021926
4.0577e-05 0.034186 0.00028094 0.00022316
4.0931e-05 0.034013 0.00027494 0.00022723
4.0827e-05 0.033896 0.00027377 0.00023119
4.0684e-05 0.03375 0.00027255 0.0002353
4.0503e-05 0.033575 0.00027128 0.00023934
4.038e-05 0.033446 0.00027009 0.00024352
4.0224e-05 0.033293 0.00026905 0.00024764
4.011e-05 0.033177 0.00026807 0.00025185
4.0036e-05 0.033041 0.00026714 0.00025618
3.9939e-05 0.032891 0.00026619 0.00026046
3.9819e-05 0.03253 0.00026522 0.00026469
3.974e-05 0.032215 0.0002643 0.00026903
3.9638e-05 0.031883 0.00026336 0.00027333
3.9578e-05 0.031595 0.00026248 0.00027774
3.9551e-05 0.031342 0.00026165 0.00028225
3.9502e-05 0.031073 0.00026079 0.00028671
3.9432e-05 0.030789 0.00025991 0.00029114
3.9403e-05 0.03054 0.00025909 0.00029567
3.9413e-05 0.030329 0.00025832 0.00030032
3.9463e-05 0.030157 0.00025762 0.00030509
3.9549e-05 0.029967 0.00025696 0.00030997
3.9677e-05 0.029815 0.00025636 0.00031498
3.9783e-05 0.029648 0.00025574 0.00031994
3.8287e-05 0.029464 0.00025517 0.00032501
3.6751e-05 0.029319 0.00025457 0.00033004
3.5174e-05 0.029158 0.00025395 0.00033501
3.3707e-05 0.02898 0.00025329 0.00033993
3.2332e-05 0.028839 0.0002527 0.00034498
3.0922e-05 0.028684 0.00025208 0.00035015
2.9479e-05 0.028516 0.00025144 0.00035527
2.8113e-05 0.028378 0.00025084 0.00036051
2.6831e-05 0.028278 0.00025031 0.0003659
2.5618e-05 0.028208 0.00024982 0.0003714
2.4471e-05 0.028168 0.00024938 0.00037704
2.3399e-05 0.028162 0.00024901 0.00038284
2.2275e-05 0.027606 0.00024868 0.00038878
2.1115e-05 0.027026 0.00024833 0.00039466
1.9912e-05 0.026414 0.00024794 0.00040046
1.8662e-05 0.025871 0.00024752 0.00040643
1.7505e-05 0.025397 0.00024717 0.00041259
1.6435e-05 0.024984 0.00024701 0.00041896
1.5325e-05 0.024546 0.0002468 0.00042553
1.4181e-05 0.024087 0.00024658 0.00043203
1.3007e-05 0.023608 0.00024633 0.00043847
1.3221e-05 0.023108 0.00024605 0.00044485
1.3455e-05 0.022654 0.00024582 0.00045138
1.3672e-05 0.022181 0.00024556 0.00045785
1.3872e-05 0.02169 0.00024529 0.00046426
1.4095e-05 0.021247 0.00024506 0.00047084
1.4342e-05 0.020849 0.00024489 0.00047759
1.4609e-05 0.020432 0.00024476 0.00048448
1.4859e-05 0.019998 0.0002446 0.00049132
1.513e-05 0.019603 0.0002445 0.0004983
1.5383e-05 0.019191 0.00024436 0.00050523
1.5619e-05 0.018763 0.00024421 0.0005121
1.5839e-05 0.018318 0.00024404 0.00051892
1.6084e-05 0.017913 0.00024391 0.00052592
1.6355e-05 0.017486 0.00024384 0.00053309
1.661e-05 0.017098 0.00024374 0.00054021
1.6886e-05 0.016744 0.00024369 0.00054749
1.7146e-05 0.016376 0.00024362 0.00055471
1.743e-05 0.016042 0.0002436 0.00056209
1.7694e-05 0.015693 0.00024355 0.00056967
1.7987e-05 0.015382 0.00024355 0.00057743
1.831e-05 0.015104 0.0002436 0.0005854
1.8614e-05 0.014893 0.00024363 0.0005933
1.8944e-05 0.014707 0.00024371 0.00060138
1.9306e-05 0.014548 0.00024384 0.00060967
1.9694e-05 0.01441 0.00024401 0.00061814
2.0063e-05 0.014262 0.00024416 0.00062654
2.0465e-05 0.014138 0.00024436 0.00063516
1.984e-05 0.013471 0.0002446 0.00064397
1.9257e-05 0.012863 0.0002449 0.00065301
1.8654e-05 0.012235 0.00024518 0.00066198
1.8212e-05 0.011658 0.00024544 0.00067088
1.7803e-05 0.011132 0.00024575 0.00068002
1.7427e-05 0.010655 0.00024611 0.00068938
1.71e-05 0.01022 0.00024652 0.00069899
1.6754e-05 0.0097696 0.00024691 0.00070852
1.6391e-05 0.0093037 0.00024728 0.00071798
1.6057e-05 0.0089475 0.00024771 0.00072769
1.5705e-05 0.0085771 0.00024811 0.00073732
1.5381e-05 0.0082409 0.00024856 0.00074719
1.5084e-05 0.0073351 0.00024906 0.00075731
1.4814e-05 0.0065064 0.00024963 0.00076769
1.4569e-05 0.0057481 0.00025024 0.00077833
1.4348e-05 0.0050544 0.00025091 0.00078924
1.4152e-05 0.0044203 0.00025164 0.00080043
1.3937e-05 0.003844 0.00025235 0.00081153
1.3746e-05 0.0033185 0.00025311 0.00082292
1.3577e-05 0.002834 0.00025393 0.00083458
1.3428e-05 0.0023876 0.0002548 0.00084652
1.3264e-05 0.0023779 0.00025564 0.00085835
1.3125e-05 0.0023773 0.00025655 0.00087052
1.2966e-05 0.0023694 0.00025743 0.00088255
1.2776e-05 0.0023707 0.00025837 0.00089494
1.2612e-05 0.0023813 0.00025939 0.00090768
1.2428e-05 0.0023849 0.00026037 0.00092011
1.227e-05 0.0023981 0.00026143 0.00093291
1.2091e-05 0.0024034 0.00026244 0.00094555
1.1942e-05 0.0024199 0.00026355 0.00095862
1.1761e-05 0.0024627 0.00026459 0.00097142
1.1619e-05 0.0024917 0.00026573 0.00098476
1.1516e-05 0.0025348 0.00026682 0.00099785
1.1385e-05 0.0025664 0.00026784 0.0010114
1.1285e-05 0.0026117 0.00026897 0.0010255
1.1221e-05 0.0026719 0.0002702 0.0010401
1.1187e-05 0.0027477 0.00027153 0.0010553
1.1122e-05 0.0028445 0.00027279 0.0010702
1.1093e-05 0.0028306 0.00027417 0.0010857
1.1098e-05 0.0028023 0.00027567 0.0011019
1.1073e-05 0.0027911 0.0002771 0.0011177
1.1083e-05 0.0027677 0.00027865 0.0011342
1.1128e-05 0.0027298 0.00028032 0.0011513
1.1145e-05 0.0026799 0.00028193 0.0011682
1.1197e-05 0.0026468 0.00028366 0.0011857
1.128e-05 0.0026275 0.00028551 0.001203
1.0832e-05 0.0026217 0.0002875 0.0012074
1.0428e-05 0.0026034 0.00028963 0.0012121
1.0074e-05 0.0025709 0.00029191 0.001217
9.686e-06 0.0025526 0.00029412 0.0012218
9.3381e-06 0.0025217 0.00029645 0.0012269
9.0275e-06 0.0024779 0.00029893 0.0012322
8.6855e-06 0.0024505 0.00030132 0.0012375
8.3855e-06 0.0024363 0.00030387 0.001243
8.1243e-06 0.002437 0.00030658 0.0012488
7.8992e-06 0.0024527 0.00030947 0.0012549
7.7029e-06 0.0024562 0.00031251 0.0012614
7.5387e-06 0.0024748 0.00031574 0.0012681
7.4079e-06 0.0025092 0.00031887 0.0012752
7.2518e-06 0.0025603 0.0003219 0.0012827
7.1249e-06 0.002629 0.00032512 0.0012906
6.971e-06 0.0026841 0.00032823 0.0012983
6.8457e-06 0.0027573 0.00033154 0.0013064
6.7016e-06 0.0028165 0.00033473 0.0013143
6.5852e-06 0.0028603 0.00033812 0.0013225
6.4446e-06 0.0029203 0.00034142 0.0013306
6.331e-06 0.0029671 0.00034491 0.001339
6.2389e-06 0.0030295 0.00034858 0.0013478
6.1677e-06 0.0031085 0.00035244 0.001357
6.0735e-06 0.0031744 0.0003562 0.001366
6.0039e-06 0.0031062 0.00036017 0.0013754
5.9092e-06 0.0030579 0.00036403 0.0013845
5.8387e-06 0.0030274 0.0003681 0.0013941
5.7437e-06 0.0029835 0.00037206 0.0014035
5.6724e-06 0.0029568 0.00037625 0.0014133
5.6241e-06 0.002947 0.00038067 0.0014235
5.5985e-06 0.0029537 0.00038535 0.0014342
5.5488e-06 0.0029751 0.00038989 0.0014446
5.3968e-06 0.0029833 0.00039429 0.0014549
5.2179e-06 0.0030084 0.00039895 0.0014655
5.0675e-06 0.0030516 0.00040346 0.0014756
4.9413e-06 0.0031134 0.00040824 0.0014862
4.838e-06 0.0031925 0.00041329 0.0014972
4.757e-06 0.0032936 0.0004182 0.0015081
4.697e-06 0.0032771 0.00042339 0.0015194
4.6574e-06 0.0032451 0.00042888 0.0015312
5.2722e-06 0.003199 0.00043421 0.0015424
5.9417e-06 0.0031715 0.0004398 0.0015541
6.671e-06 0.0029725 0.00044566 0.0015662
7.4658e-06 0.0028009 0.00045181 0.0015787
8.3324e-06 0.0026536 0.00045826 0.0015918
9.1436e-06 0.0024875 0.00046452 0.0016046
9.9013e-06 0.0023493 0.0004706 0.0016171
1.0612e-05 0.0023199 0.00047653 0.0016293
1.1412e-05 0.0023034 0.00048279 0.0016421
1.2287e-05 0.0022993 0.00048936 0.0016554
1.3244e-05 0.0022824 0.0004907 0.0016692
1.414e-05 0.0022536 0.00049196 0.0016826
1.5135e-05 0.0022112 0.00049336 0.001685
1.6072e-05 0.002184 0.00049469 0.0016876
1.7118e-05 0.0021692 0.00049595 0.0016902
1.8247e-05 0.002164 0.00049731 0.0016929
1.9472e-05 0.0021691 0.00049862 0.0016955
2.0773e-05 0.0021813 0.00050001 0.0016982
2.2039e-05 0.0021876 0.00050137 0.0017009
2.3378e-05 0.0022002 0.00050281 0.0017038
2.4683e-05 0.0022195 0.00050421 0.0017066
2.6062e-05 0.0022451 0.0005057 0.0017095
2.7529e-05 0.0022786 0.00050728 0.0017126
2.9091e-05 0.0023202 0.00050895 0.0017158
3.0755e-05 0.0023704 0.00051072 0.0017193
3.2528e-05 0.0024297 0.00051259 0.0017229
3.4257e-05 0.0024818 0.00051442 0.0017264
3.6092e-05 0.0025423 0.00051635 0.0017301
3.7874e-05 0.0025956 0.00051823 0.0017338
3.9794e-05 0.0026604 0.00052023 0.0017376
4.1646e-05 0.0027164 0.00052217 0.0017413
4.3695e-05 0.0026388 0.00052427 0.0017454
4.5939e-05 0.0025155 0.00052653 0.0017496
4.8067e-05 0.0024148 0.0005287 0.0017543
5.0399e-05 0.0022974 0.00053102 0.0017592
5.2987e-05 0.0022008 0.00053352 0.0017645
5.5444e-05 0.0020165 0.00053593 0.0017695
5.8136e-05 0.0018814 0.0005385 0.0017749
6.0678e-05 0.0017295 0.00054097 0.0017801
6.3498e-05 0.0016007 0.00054363 0.0017856
6.6625e-05 0.0014922 0.00054648 0.0017915
6.9579e-05 0.001508 0.00054922 0.0017971
7.2366e-05 0.0016043 0.00055185 0.0018024
7.4685e-05 0.0016886 0.00055439 0.0018075
7.6881e-05 0.0017611 0.00055683 0.0018124
7.8947e-05 0.0020398 0.00055916 0.0018177
8.1223e-05 0.0022922 0.00056165 0.0018232
8.3727e-05 0.0025878 0.0005643 0.001829
8.648e-05 0.0028536 0.00056714 0.0018351
8.9071e-05 0.0030951 0.00056986 0.0018403
9.192e-05 0.003373 0.00057278 0.0018458
9.4598e-05 0.0036209 0.00057591 0.0018516
9.7541e-05 0.0039066 0.00057892 0.0018577
0.00010077 0.0041895 0.00057814 0.0018642
0.00010152 0.0044695 0.00057748 0.0018709
0.00010217 0.0047468 0.00057698 0.0018781
0.00010275 0.0050213 0.0005764 0.0018856
0.00010345 0.0052929 0.00057594 0.0018935
0.00010408 0.0055618 0.00057537 0.0019011
0.00010485 0.0057997 0.00057496 0.0019084
0.00010577 0.0058106 0.0005747 0.001916
0.00010592 0.0058429 0.00057456 0.0019239
0.00010598 0.0056909 0.00057457 0.0019323
0.0001059 0.0057786 0.00057451 0.0019404
0.00010593 0.0058476 0.00057458 0.001949
0.00010589 0.0059407 0.00057457 0.0019573
0.00010576 0.0060137 0.00057039 0.001966
0.00010554 0.0061112 0.00056607 0.0019751
0.00010525 0.0061005 0.00056152 0.0019847
0.00010441 0.0061153 0.00055729 0.0019947
0.00010372 0.0061556 0.00055331 0.0020053
0.00010315 0.0061932 0.00054954 0.0020162
0.0001025 0.006228 0.00054565 0.002027
0.00010199 0.0062602 0.00054199 0.0020382
0.00010159 0.0062895 0.00053854 0.0020499
0.00010131 0.0063161 0.00053527 0.0020621
0.00010113 0.00634 0.00053218 0.0020747
0.00010087 0.0063612 0.00052898 0.0020871
0.00010074 0.0063796 0.00052598 0.0021002
0.00010071 0.0063952 0.00052316 0.0021139
0.00010079 0.0064082 0.00052051 0.0021281
0.0001008 0.0064183 0.00051776 0.0021421
0.00010092 0.0064258 0.00051517 0.0021566
0.00010116 0.0064305 0.00051277 0.0021717
0.00010169 0.0064324 0.00051055 0.0021875
0.00010233 0.0064317 0.00050847 0.0022039
0.00010289 0.0064281 0.00050629 0.0022199
0.00010357 0.0064219 0.00050431 0.0022356
0.00010436 0.0064129 0.00050245 0.0022519
0.0001051 0.0064011 0.00050052 0.002268
0.00010578 0.0063866 0.00049854 0.0022838
0.00010657 0.0063694 0.00049669 0.0023002
0.0001073 0.0063494 0.00049496 0.0023163
0.00010814 0.0063267 0.00049334 0.002333
0.00010909 0.0063012 0.00049184 0.0023502
0.00011014 0.006273 0.00049043 0.0023679
0.0001113 0.0062421 0.00048912 0.0023862
0.00011256 0.0062084 0.0004879 0.0024049
0.00011376 0.006172 0.00048662 0.0024234
0.00011491 0.0061328 0.00048531 0.0024416
0.000116 0.0060909 0.00048394 0.0024597
0.00011704 0.0060378 0.00048252 0.0024775
0.0001182 0.0060031 0.00048122 0.002496
0.0001195 0.0059537 0.00048002 0.002515
0.00012072 0.0058903 0.00047877 0.0025338
0.00012012 0.0058511 0.00047765 0.0025522
0.00011963 0.0058365 0.00047666 0.0025714
0.00011907 0.0060903 0.0004756 0.0025901
0.00011864 0.0063909 0.00047468 0.0026096
0.00011835 0.0066631 0.00047389 0.0026299
0.00011797 0.0069885 0.00047302 0.0026499
0.00011753 0.0073744 0.00047208 0.0026694
0.000117 0.0077216 0.00047107 0.0026897
0.00011662 0.0082177 0.0004702 0.0027109
0.00011615 0.0086719 0.00046924 0.0027316
0.00011582 0.0090859 0.00046843 0.0027532
0.00011541 0.0095776 0.00046753 0.0027744
0.00011493 0.010029 0.00046656 0.0027952
0.00011456 0.01055 0.00046571 0.0028168
0.00011412 0.01092 0.00046479 0.0028379
0.00011361 0.011256 0.0004638 0.0028587
0.00011323 0.011657 0.00046295 0.0028804
0.00011277 0.011773 0.00046202 0.002903
0.00011244 0.011865 0.00046122 0.0029266
0.00011224 0.011991 0.00046055 0.0029512
0.00011218 0.012156 0.0004598 0.0029767
0.00011203 0.012296 0.00045898 0.0030017
0.00011182 0.012481 0.00045809 0.0030281
0.00011173 0.012403 0.00045733 0.0030538
0.00011156 0.012364 0.00045671 0.0030805
0.00011152 0.012361 0.00045621 0.0031084
0.00011161 0.012571 0.00045585 0.0031374
0.00011182 0.012824 0.0004556 0.003145
0.00011217 0.013045 0.00045527 0.0031531
0.00011245 0.013263 0.00045487 0.0031609
0.00011262 0.013478 0.00045459 0.0031581
0.00011292 0.01369 0.00045442 0.0031556
0.00011336 0.0139 0.00045417 0.0031535
0.00011394 0.014107 0.00045405 0.0031517
0.00011466 0.014311 0.00045406 0.0031503
0.0001153 0.014512 0.00045399 0.0031486
0.00011609 0.014711 0.00045405 0.0031473
0.00011704 0.014907 0.00045422 0.003133
0.00011789 0.0151 0.00045432 0.0031182
0.0001189 0.01529 0.00045454 0.0031042
0.00012009 0.015478 0.00045489 0.0030907
0.00012117 0.015663 0.00045512 0.003077
0.00012073 0.015845 0.00045546 0.0030637
0.00012044 0.016024 0.00045573 0.0030511
0.00012007 0.016201 0.00045593 0.0030381
0.00011963 0.016375 0.00045606 0.0030249
0.00011931 0.016546 0.0004563 0.0030122
0.00011891 0.016714 0.00045647 0.0029992
0.00011866 0.01688 0.00045656 0.0029858
0.00011855 0.017043 0.00045788 0.0029721
0.00011835 0.017203 0.00045912 0.0029581
0.00011829 0.01736 0.0004605 0.0029438
0.00011463 0.021551 0.00041264 0.0023597
0.00011432 0.021589 0.00041134 0.0023459
0.00011389 0.021624 0.00041017 0.0023327
0.00011361 0.021656 0.00040914 0.00232
0.00011346 0.021686 0.00040803 0.0023071
0.00011324 0.021713 0.00040685 0.0022947
0.00011315 0.021737 0.0004058 0.0022829
0.00011299 0.021758 0.00040468 0.0022708
0.00011276 0.021777 0.00040349 0.0022585
0.00011264 0.021793 0.00040242 0.0022466
0.00011244 0.021806 0.00040122 0.0022344
0.00011217 0.021817 0.00039989 0.002222
0.00011203 0.021824 0.00039849 0.0022092
0.00011181 0.021829 0.000397 0.0021962
0.00011172 0.021832 0.00039568 0.0021837
0.00010473 0.018215 0.00032618 0.0015628
0.00010434 0.018073 0.00032464 0.0015506
0.0001041 0.017929 0.00032302 0.0015381
0.00010398 0.017782 0.00032153 0.0015262
0.00010379 0.017632 0.00031996 0.001514
0.00010352 0.017479 0.00031833 0.0015164
0.00010339 0.017324 0.00031662 0.0015187
0.00010319 0.017166 0.00031485 0.0015211
0.00010292 0.017005 0.000313 0.0015235
0.00010276 0.016841 0.00031127 0.0015261
0.00010253 0.016675 0.00030946 0.0015285
0.00010241 0.016506 0.00030757 0.0015312
0.0001022 0.016334 0.00030582 0.0015341
0.0001019 0.01616 0.00030398 0.0015373
0.00010153 0.015982 0.00030207 0.0015408
0.00010127 0.015802 0.00030029 0.0015445
0.00010094 0.01562 0.00029847 0.0015481
0.00010051 0.015434 0.00029826 0.0015516
0.0001002 0.015246 0.00029816 0.0015553
0.00010003 0.015055 0.000298 0.0015588
9.9793e-05 0.014861 0.00029794 0.0015623
9.9676e-05 0.014665 0.00029799 0.001566
9.9492e-05 0.014465 0.00029798 0.0015699
9.924e-05 0.014263 0.00029791 0.0015738
9.9095e-05 0.014059 0.00029793 0.0015778
0.00010129 0.013851 0.00029806 0.0015817
0.00010375 0.013641 0.00029829 0.0015859
0.0001065 0.013428 0.00029862 0.0015904
0.00012175 0.013212 0.00029885 0.0015947
0.0001362 0.012993 0.00029928 0.0015989
0.00015219 0.012772 0.00029982 0.0016033
0.00017011 0.012548 0.0003003 0.0016076
0.00018994 0.012321 0.00030088 0.0016122
0.0002119 0.012092 0.00030156 0.0016166
0.00023248 0.011859 0.00030234 0.0016212
0.00025213 0.011624 0.00030307 0.0016258
0.00027361 0.011386 0.00030388 0.0016306
0.00029399 0.011146 0.00030464 0.0016357
0.00031654 0.010902 0.0003055 0.0016406
0.00032393 0.010656 0.00030646 0.0016379
0.00033096 0.010407 0.00030734 0.0016352
0.00033276 0.010155 0.00030835 0.0016328
0.00033487 0.0099006 0.00030946 0.0016306
0.0003373 0.0096432 0.0003107 0.0016287
0.00034007 0.0093831 0.00031206 0.0016271
0.00034266 0.0091203 0.0003133 0.0016253
0.00034619 0.0088546 0.00031467 0.0016133
0.00034941 0.0085861 0.00031616 0.0016018
0.00035305 0.0083149 0.00031778 0.0015908
0.00035715 0.0080409 0.00031674 0.0015804
0.00036176 0.0077641 0.00031564 0.0015706
0.00036611 0.0074845 0.00031466 0.0015605
0.00037015 0.0072021 0.00031378 0.0015501
0.0003747 0.0069169 0.00031283 0.0015396
0.00037979 0.0066289 0.000312 0.0015295
0.00038462 0.0063382 0.00031112 0.0015192
0.00039002 0.0060446 0.00031034 0.0015094
0.00039604 0.0057482 0.00030967 0.0015
0.0003974 0.0054214 0.00030545 0.001491
0.00039905 0.0051451 0.00030147 0.0014824
0.00040097 0.004836 0.0002977 0.0014742
0.00039982 0.0045686 0.00029412 0.0014663
0.00039853 0.0042753 0.00029044 0.0014583
0.00039748 0.0040213 0.00028694 0.0014507
0.00039628 0.0038089 0.00028332 0.0014429
0.00039492 0.0036323 0.00027846 0.0014349
0.0003938 0.0034337 0.00027382 0.0014272
0.00039255 0.0032864 0.00026905 0.0014193
0.00039153 0.003162 0.00026451 0.0014118
0.00039081 0.0030171 0.00026021 0.0014046
0.00039035 0.0028506 0.00025613 0.0013978
0.00038976 0.0027728 0.00025194 0.0013908
0.0003894 0.0026824 0.00024796 0.0013842
0.00038921 0.0026048 0.00024413 0.0013777
0.00038917 0.0025383 0.00024042 0.0013715
0.00038394 0.0024818 0.00023685 0.0013655
0.00037908 0.0024359 0.00023322 0.0013594
0.00037409 0.002383 0.00022955 0.0013532
0.00036944 0.002322 0.00022599 0.0013472
0.00036506 0.0022686 0.00022254 0.0013414
0.00036093 0.0022221 0.00021919 0.0013358
0.00035704 0.0021824 0.00021593 0.0013303
0.00035341 0.0021399 0.00021278 0.001325
0.0003497 0.0020947 0.00020959 0.0013196
0.00034624 0.0020467 0.0002065 0.0013144
0.00034299 0.001996 0.00020351 0.0013094
0.00033998 0.0019426 0.00020061 0.0013045
0.00033717 0.0018864 0.00019767 0.0012996
0.00033455 0.0018368 0.00019483 0.0012948
0.00033186 0.0017814 0.00019194 0.00129
0.00032938 0.0017328 0.00018916 0.0012853
0.00032712 0.0016921 0.00018648 0.0012809
0.00032507 0.0016593 0.00018391 0.0012766
0.00032324 0.0016176 0.00018144 0.0012725
0.00032164 0.0013779 0.00017909 0.0012686
0.0003205 0.0011206 0.00017686 0.001265
0.00031389 0.00088908 0.00017472 0.0012616
0.00030701 0.00085167 0.00017253 0.001258
0.0003007 0.00082163 0.00017044 0.0012547
0.00029489 0.00079838 0.00016846 0.0012515
0.00028956 0.00078155 0.00016658 0.0012486
0.00028401 0.00075749 0.00016465 0.0012456
0.00027891 0.00072553 0.00016281 0.0012424
0.00027358 0.00070103 0.00016091 0.0012392
0.0002687 0.00068215 0.00015911 0.0012361
0.00026431 0.00065603 0.00015725 0.0012329
0.00025969 0.00063702 0.00015532 0.0012296
0.00025595 0.00062451 0.00015351 0.0012266
0.00025201 0.00060504 0.00015164 0.0012234
0.00024787 0.00059213 0.00014971 0.0012201
0.0002441 0.00058543 0.00014788 0.001217
0.00024069 0.00057093 0.00014617 0.0012142
0.00023765 0.00056241 0.00014455 0.0012115
0.00023492 0.00055857 0.00014303 0.0012091
0.00023201 0.00054809 0.00014145 0.0012065
0.00022944 0.00054329 0.00013997 0.0012041
0.00022717 0.00054528 0.00013859 0.001202
0.00022474 0.00054043 0.00013715 0.0012001
0.00022257 0.00057752 0.00013579 0.0011985
0.00022067 0.0006059 0.00013451 0.001197
0.00021864 0.00062707 0.00013318 0.0011955
0.00021684 0.00065397 0.00013192 0.0011941
0.00021529 0.00068839 0.00013076 0.0011929
0.00021393 0.00072972 0.00012966 0.0011919
0.00020863 0.00077874 0.00012864 0.0011908
0.00020306 0.00081937 0.00012757 0.0011895
0.00019806 0.00085171 0.00012646 0.0011881
0.0001935 0.00089337 0.00012541 0.0011869
0.00018871 0.001178 0.00012432 0.0011857
0.0001844 0.0015084 0.00012304 0.0011846
0.00017983 0.0018096 0.00012258 0.0011831
0.00017571 0.002157 0.00012219 0.0011818
0.0001714 0.0024795 0.00012175 0.0011805
0.00016749 0.0028507 0.00012138 0.0011793
0.00016396 0.0031937 0.00012107 0.0011783
0.00016024 0.0035092 0.00012072 0.0011773
0.00015688 0.0038732 0.00012042 0.0011669
0.00015336 0.0042944 0.00012009 0.0011563
0.00015018 0.0047803 0.00011982 0.0011461
0.00014731 0.0053413 0.00011961 0.0011364
0.00014473 0.006244 0.00011946 0.001127
0.00014243 0.007066 0.00011936 0.001118
0.00014037 0.008003 0.00011933 0.0011094
0.00013851 0.008865 0.00011934 0.0011011
0.00013652 0.0096655 0.00011932 0.0010932
0.00013473 0.010578 0.00011935 0.0010855
0.00013313 0.011617 0.00011943 0.0010781
0.00013169 0.012802 0.00011956 0.001071
0.00012652 0.013891 0.00011974 0.0010642
0.00012179 0.015136 0.00011998 0.0010577
0.00011756 0.016265 0.00012027 0.0010514
0.00011313 0.017312 0.00012053 0.0010451
0.00010915 0.018537 0.00012075 0.0010391
0.0001056 0.019934 0.00011907 0.0010334
0.00010187 0.021238 0.00011735 0.0010276
9.8427e-05 0.0227 0.0001157 0.001022
9.4835e-05 0.023573 0.000114 0.0010166
9.1517e-05 0.024559 0.00011238 0.0010114
8.8422e-05 0.025655 0.00011082 0.0010064
8.5526e-05 0.026864 0.00010932 0.0010016
8.2562e-05 0.028032 0.00010779 0.00099673
7.9529e-05 0.02916 0.00010624 0.00099179
7.6684e-05 0.030402 0.00010474 0.00098701
7.3773e-05 0.031602 0.00010321 0.00098217
7.1042e-05 0.032922 0.00010174 0.00097749
6.848e-05 0.034375 0.00010033 0.00096515
6.7383e-05 0.035778 9.8885e-05 0.00095271
6.6359e-05 0.037302 9.7486e-05 0.00094054
6.5403e-05 0.038974 9.613e-05 0.00092864
6.4418e-05 0.040602 9.4753e-05 0.00091666
6.3508e-05 0.042385 9.3424e-05 0.00090498
6.2673e-05 0.044338 9.2072e-05 0.00089321
6.1809e-05 0.046241 9.07e-05 0.00088136
6.1006e-05 0.048301 8.9369e-05 0.00086976
6.0261e-05 0.050294 8.8076e-05 0.00085841
5.9488e-05 0.05223 8.6763e-05 0.00084698
5.8685e-05 0.054111 8.5427e-05 0.00083546
5.7948e-05 0.056169 8.4137e-05 0.00082423
5.7275e-05 0.058424 8.289e-05 0.00081327
5.6574e-05 0.060612 8.1622e-05 0.00080222
5.5936e-05 0.063013 8.0398e-05 0.00079145
5.5352e-05 0.06562 7.9212e-05 0.00078092
5.4821e-05 0.068457 7.8064e-05 0.00077063
5.4259e-05 0.071196 7.6892e-05 0.00076025
5.3657e-05 0.073383 7.5689e-05 0.00074973
5.3136e-05 0.078161 7.4545e-05 0.00073956
5.2682e-05 0.082667 7.3449e-05 0.00072973
5.23e-05 0.087714 7.2405e-05 0.00072023
5.1977e-05 0.093282 7.1405e-05 0.00071099
5.1616e-05 0.098597 7.0374e-05 0.00070161
5.1218e-05 0.1037 6.9316e-05 0.00069212
5.078e-05 0.10857 6.8225e-05 0.00068249
5.0416e-05 0.11404 6.7189e-05 0.00067319
5.0125e-05 0.12021 6.6207e-05 0.00066422
4.9914e-05 0.12596 6.6254e-05 0.00065564
4.9769e-05 0.13408 6.6335e-05 0.00064735
4.9702e-05 0.14177 6.639e-05 0.00063891
4.9592e-05 0.14908 6.6416e-05 0.00063032
4.955e-05 0.15596 6.6479e-05 0.00062203
4.9467e-05 0.16254 6.6515e-05 0.0006136
4.9451e-05 0.16987 6.6587e-05 0.00060547
4.9503e-05 0.17795 6.669e-05 0.00059759
4.9614e-05 0.17987 6.6824e-05 0.00058996
4.9782e-05 0.18201 6.6988e-05 0.00058256
5.0009e-05 0.18232 6.7183e-05 0.00057539
5.0305e-05 0.18272 6.7414e-05 0.00056847
5.0661e-05 0.18323 6.7675e-05 0.00056176
5.0975e-05 0.18369 6.7911e-05 0.00055494
5.1351e-05 0.18409 6.8177e-05 0.00054832
5.1791e-05 0.18459 6.8474e-05 0.00054191
5.2186e-05 0.18505 6.8745e-05 0.00053538
5.2657e-05 0.18561 6.9053e-05 0.00052908
5.3211e-05 0.18613 6.9399e-05 0.00052302
5.3849e-05 0.18677 6.9785e-05 0.00051717
5.458e-05 0.18754 7.0211e-05 0.00051153
5.4992e-05 0.18823 7.0607e-05 0.00050579
5.5476e-05 0.18773 7.1039e-05 0.00050023
5.6031e-05 0.18733 7.1504e-05 0.00049484
5.6555e-05 0.1869 7.1951e-05 0.0004894
5.7134e-05 0.18644 7.2424e-05 0.00048409
5.7768e-05 0.18605 7.2921e-05 0.00047891
5.8456e-05 0.18574 7.3442e-05 0.00047385
5.9118e-05 0.1854 7.3947e-05 0.00046874
5.9754e-05 0.18504 7.4477e-05 0.00046358
6.0444e-05 0.18475 7.503e-05 0.00045855
6.1107e-05 0.18454 7.5567e-05 0.00045347
6.1741e-05 0.18431 7.6086e-05 0.00044834
6.2438e-05 0.18416 7.6634e-05 0.00044334
6.3193e-05 0.18177 7.7207e-05 0.00043845
6.3919e-05 0.1793 7.7762e-05 0.00043352
6.4713e-05 0.17706 7.8347e-05 0.00042871
6.548e-05 0.17475 7.8916e-05 0.00042387
6.6307e-05 0.17263 7.951e-05 0.00041913
6.7196e-05 0.17068 8.013e-05 0.0004145
6.816e-05 0.16891 8.0781e-05 0.00040999
6.9203e-05 0.16731 8.1463e-05 0.00040559
7.0328e-05 0.16586 8.2177e-05 0.00040132
7.1539e-05 0.16455 8.2924e-05 0.00039715
7.2715e-05 0.1632 8.3653e-05 0.00039309
7.3859e-05 0.16181 8.4365e-05 0.00038899
7.508e-05 0.16054 8.5105e-05 0.00038499
7.6269e-05 0.15939 8.5828e-05 0.00038095
7.7537e-05 0.15834 8.6579e-05 0.000377
7.8769e-05 0.15742 8.7312e-05 0.00037301
7.9967e-05 0.15646 8.8027e-05 0.00036898
8.1131e-05 0.15546 8.8725e-05 0.00036492
8.2255e-05 0.15443 8.9453e-05 0.00036095
8.3475e-05 0.15335 9.0218e-05 0.00035709
8.4658e-05 0.15238 9.0964e-05 0.00035319
8.5806e-05 0.15137 9.169e-05 0.00034925
8.7051e-05 0.15031 9.2454e-05 0.00034542
8.8254e-05 0.14937 9.3197e-05 0.0003417
8.942e-05 0.1484 9.392e-05 0.00033794
9.0671e-05 0.14752 9.4675e-05 0.00033426
9.2021e-05 0.14675 9.5466e-05 0.00033069
9.1177e-05 0.14606 9.6288e-05 0.0003272
9.0301e-05 0.14535 9.7091e-05 0.00032368
8.9504e-05 0.14472 9.7932e-05 0.00032024
8.8785e-05 0.14405 9.881e-05 0.00031691
8.8141e-05 0.14348 9.9727e-05 0.00031366
8.7569e-05 0.14298 0.00010068 0.0003105
8.6966e-05 0.14244 0.00010171 0.0003073
8.6333e-05 0.14187 0.00010271 0.00030407
8.567e-05 0.14127 0.00010369 0.0003008
8.5078e-05 0.14064 0.00010472 0.00029762
8.4456e-05 0.13997 0.00010572 0.0002944
8.3904e-05 0.13939 0.00010676 0.00029127
8.342e-05 0.1389 0.00010785 0.00028823
8.2993e-05 0.13847 0.00010898 0.00028525
8.2632e-05 0.13813 0.00011015 0.00028236
8.2326e-05 0.13785 0.00011135 0.00027954
8.2074e-05 0.13763 0.0001126 0.00027678
8.1878e-05 0.13747 0.00011389 0.0002741
8.1737e-05 0.13739 0.00011523 0.00027148
8.1563e-05 0.13727 0.00011654 0.00026882
8.1344e-05 0.13711 0.00011781 0.00026611
8.1081e-05 0.13704 0.00011914 0.00026323
8.0889e-05 0.13706 0.00012052 0.00026044
8.0765e-05 0.13715 0.00012197 0.00025774
8.0582e-05 0.13732 0.00012347 0.00025499
8.0465e-05 0.13745 0.00012504 0.00025232
8.0412e-05 0.13766 0.00012666 0.00024973
8.0321e-05 0.13783 0.00012825 0.0002471
8.0194e-05 0.13796 0.0001298 0.00024442
8.0139e-05 0.13818 0.00013143 0.00024183
8.0157e-05 0.13836 0.00013312 0.00023932
8.0249e-05 0.13862 0.00013488 0.0002369
8.0303e-05 0.13885 0.00013662 0.00023456
8.0315e-05 0.13917 0.00013812 0.00023217
8.0387e-05 0.13957 0.00013967 0.00022984
8.0525e-05 0.14006 0.00014129 0.00022759
8.072e-05 0.14051 0.00014297 0.0002254
8.0885e-05 0.14093 0.00014462 0.00022317
8.1022e-05 0.14133 0.00014624 0.00022091
8.1132e-05 0.1417 0.00014784 0.00021863
8.1305e-05 0.14215 0.00014949 0.0002164
8.1452e-05 0.14257 0.00015113 0.00021415
8.1653e-05 0.14307 0.00015 0.00021196
8.1829e-05 0.14354 0.00014886 0.00020974
8.2066e-05 0.1441 0.00014776 0.00020758
8.0021e-05 0.14462 0.0001467 0.00020547
7.8089e-05 0.14522 0.00014569 0.00020342
7.628e-05 0.1459 0.00014472 0.00020143
7.4431e-05 0.14655 0.00014373 0.00019941
7.2699e-05 0.14729 0.00014279 0.00019745
7.0925e-05 0.14799 0.00014183 0.00019546
6.9249e-05 0.14726 0.00014091 0.00019352
6.7681e-05 0.14662 0.00014003 0.00019163
6.6073e-05 0.14595 0.00013913 0.00018972
6.4429e-05 0.14525 0.00013821 0.00018778
6.2876e-05 0.14463 0.00013732 0.00018589
6.1288e-05 0.14398 0.00013642 0.00018398
5.9788e-05 0.14341 0.00013556 0.00018211
5.8251e-05 0.14281 0.00013468 0.00018021
5.6674e-05 0.14219 0.00013377 0.00017828
5.5059e-05 0.13902 0.00013284 0.00017633
5.3544e-05 0.13613 0.00013196 0.00017443
5.2125e-05 0.1335 0.00013112 0.00017258
5.0785e-05 0.13077 0.00013031 0.00017078
4.9533e-05 0.12826 0.00012955 0.00016904
4.8351e-05 0.12594 0.00012882 0.00016733
4.7247e-05 0.12354 0.00012814 0.00016568
4.6112e-05 0.12106 0.00012743 0.000164
4.4945e-05 0.11851 0.0001267 0.00016229
4.3854e-05 0.11618 0.00012601 0.00016064
4.2732e-05 0.11379 0.0001253 0.00015895
4.1578e-05 0.11132 0.00012457 0.00015724
4.0499e-05 0.10907 0.00012389 0.00015558
3.9491e-05 0.10673 0.00012325 0.00015397
3.8549e-05 0.10433 0.00012264 0.0001524
3.7672e-05 0.10213 0.00012207 0.00015088
3.6847e-05 0.10011 0.00012153 0.0001494
3.608e-05 0.09827 0.00012103 0.00014797
3.5361e-05 0.09679 0.00012056 0.00014657
3.4616e-05 0.095262 0.00012007 0.00014515
3.3925e-05 0.093876 0.00011961 0.00014377
3.3286e-05 0.092621 0.0001192 0.00014243
3.2713e-05 0.091472 0.00011881 0.00014113
3.218e-05 0.090422 0.00011845 0.00013987
3.1623e-05 0.089483 0.00011807 0.00013858
3.1112e-05 0.088799 0.00011773 0.00013733
3.0641e-05 0.088188 0.00011742 0.00013612
3.0213e-05 0.087654 0.00011715 0.00013495
2.9821e-05 0.087184 0.0001169 0.00013382
2.9471e-05 0.086785 0.00011669 0.00013272
2.9157e-05 0.084264 0.00011652 0.00012526
2.8818e-05 0.081656 0.00011632 0.00011772
2.8516e-05 0.079264 0.00011615 0.00011035
2.8186e-05 0.076783 0.00011605 0.00010317
2.7893e-05 0.074515 0.00011598 9.6151e-05
2.7637e-05 0.072444 0.00011595 8.9289e-05
2.7354e-05 0.070286 0.00011589 8.9061e-05
2.7044e-05 0.068037 0.00011581 8.8806e-05
2.6778e-05 0.066021 0.00011576 8.8583e-05
2.6484e-05 0.06421 0.0001157 8.8332e-05
2.624e-05 0.062268 0.00011568 8.8117e-05
2.6047e-05 0.060567 0.0001157 8.7941e-05
2.5908e-05 0.056306 0.00011364 8.7806e-05
2.573e-05 0.052614 0.00011151 8.7635e-05
2.5607e-05 0.049345 0.0001095 8.7505e-05
2.5578e-05 0.046451 0.00010758 8.7418e-05
2.5512e-05 0.043352 0.0001056 8.7295e-05
2.5498e-05 0.040045 0.00010372 8.7212e-05
2.5535e-05 0.037159 0.00010194 8.7171e-05
2.5623e-05 0.034638 0.00010024 8.7171e-05
2.5757e-05 0.032402 9.8622e-05 8.7207e-05
2.5852e-05 0.029999 9.6949e-05 8.7205e-05
2.591e-05 0.027939 9.5223e-05 8.7166e-05
2.6031e-05 0.026177 9.3394e-05 8.7088e-05
2.6108e-05 0.024673 9.1508e-05 8.6973e-05
2.6242e-05 0.023767 8.9724e-05 8.6903e-05
2.553e-05 0.022994 8.8035e-05 8.6878e-05
2.4763e-05 0.022338 8.629e-05 8.6814e-05
2.4078e-05 0.021627 8.4636e-05 8.6792e-05
2.347e-05 0.021016 8.2929e-05 8.6735e-05
2.2927e-05 0.02049 8.1304e-05 8.6716e-05
2.2344e-05 0.019922 7.9633e-05 8.6663e-05
2.172e-05 0.01931 7.7915e-05 8.6578e-05
2.1151e-05 0.01877 7.6277e-05 8.6524e-05
2.0546e-05 0.018297 7.4598e-05 8.6439e-05
1.9994e-05 0.017882 7.2986e-05 8.6386e-05
1.9492e-05 0.01752 7.1439e-05 8.6364e-05
1.8948e-05 0.017125 6.9847e-05 8.6309e-05
1.8463e-05 0.01679 6.8331e-05 8.6292e-05
1.8034e-05 0.016511 6.689e-05 8.6316e-05
1.7671e-05 0.016194 6.555e-05 8.6301e-05
1.7355e-05 0.016033 6.4275e-05 8.6323e-05
1.7091e-05 0.015844 6.307e-05 8.6389e-05
1.6786e-05 0.015703 6.1824e-05 8.642e-05
1.6584e-05 0.015606 6.0646e-05 8.6494e-05
1.6425e-05 0.015485 5.9524e-05 8.6604e-05
1.6243e-05 0.015347 5.8374e-05 8.6687e-05
1.6089e-05 0.015237 5.7265e-05 8.6796e-05
1.5956e-05 0.01515 5.6189e-05 8.6926e-05
1.5805e-05 0.01505 5.5093e-05 8.7034e-05
1.5675e-05 0.014973 5.4029e-05 8.7162e-05
1.5526e-05 0.014884 5.2944e-05 8.7268e-05
1.5361e-05 0.014784 5.184e-05 8.7354e-05
1.5178e-05 0.01471 5.0716e-05 8.7419e-05
1.4977e-05 0.014624 4.9571e-05 8.7461e-05
1.48e-05 0.014527 4.8464e-05 8.7528e-05
1.4648e-05 0.014415 4.7394e-05 8.7619e-05
1.452e-05 0.014327 4.6358e-05 8.7735e-05
1.441e-05 0.014261 4.535e-05 8.787e-05
1.4284e-05 0.014183 4.4324e-05 8.7983e-05
1.4141e-05 0.014095 4.3279e-05 8.8077e-05
1.3981e-05 0.013996 4.2217e-05 8.815e-05
1.3842e-05 0.013919 4.1185e-05 8.8244e-05
1.3724e-05 0.013172 4.0183e-05 8.8361e-05
1.3584e-05 0.012393 3.9158e-05 8.8452e-05
1.3422e-05 0.01157 3.8106e-05 8.8514e-05
1.3303e-05 0.010667 3.7013e-05 8.8464e-05
1.2428e-05 0.0098786 3.5971e-05 8.8453e-05
1.1649e-05 0.0092209 3.4985e-05 8.8488e-05
1.1333e-05 0.0086501 3.4559e-05 8.8562e-05
1.0981e-05 0.0081678 3.4105e-05 8.8596e-05
1.0675e-05 0.0077583 3.3685e-05 8.8676e-05
1.0406e-05 0.0074041 3.3295e-05 8.8796e-05
1.0171e-05 0.007099 3.2933e-05 8.8955e-05
9.9698e-06 0.0068373 3.2599e-05 8.9154e-05
9.7364e-06 0.0066151 3.2237e-05 8.9315e-05
9.4704e-06 0.0063656 3.1847e-05 8.9436e-05
9.2433e-06 0.0056446 3.149e-05 8.9603e-05
9.0474e-06 0.0050145 3.1161e-05 8.9811e-05
8.8812e-06 0.0044761 3.0858e-05 9.0058e-05
8.7433e-06 0.0040058 3.058e-05 9.0347e-05
7.3978e-06 0.0030069 2.8665e-05 9.2433e-05
7.2098e-06 0.0028823 2.8395e-05 9.2741e-05
6.9953e-06 0.002742 2.8101e-05 9.3011e-05
6.8077e-06 0.0023104 2.7831e-05 9.3323e-05
6.6454e-06 0.0019323 2.7585e-05 9.3676e-05
6.5115e-06 0.0016016 2.7366e-05 9.408e-05
6.353e-06 0.0013186 2.7124e-05 9.455e-05
6.1696e-06 0.001286 2.6856e-05 9.4981e-05
6.0145e-06 0.0012641 2.6615e-05 9.5463e-05
5.4537e-06 0.001317 2.5716e-05 8.9817e-05
5.3269e-06 0.001335 2.5507e-05 8.8459e-05
5.1703e-06 0.001344 2.5323e-05 8.7063e-05
5.0346e-06 0.0013638 2.5168e-05 8.5725e-05
4.8701e-06 0.0013735 2.5116e-05 8.4452e-05
4.676e-06 0.0013941 2.5084e-05 8.3234e-05
4.5072e-06 0.0014051 2.5081e-05 8.2078e-05
4.3036e-06 0.0014272 2.5102e-05 8.0982e-05
4.121e-06 0.0013446 2.5144e-05 7.9936e-05
3.3602e-06 0.001277 2.5206e-05 7.8938e-05
3.3129e-06 0.0011975 2.5244e-05 7.7895e-05
3.2814e-06 0.0011319 2.5306e-05 7.6908e-05
3.2625e-06 0.0011306 2.4528e-05 7.5968e-05
3.2559e-06 0.0010557 2.3786e-05 7.5073e-05
3.2617e-06 0.00099189 2.3079e-05 7.4222e-05
3.2488e-06 0.00091782 2.2342e-05 7.3332e-05
3.2182e-06 0.00085644 2.1577e-05 7.2403e-05
3.2028e-06 0.0008059 2.0851e-05 7.1525e-05
3.2024e-06 0.00076498 2.0164e-05 7.0697e-05
3.1819e-06 0.00071537 1.9446e-05 7.2633e-05
3.1427e-06 0.0006571 1.8699e-05 7.4516e-05
3.0847e-06 0.00060869 1.7925e-05 7.6348e-05
3.0418e-06 0.00055016 1.7188e-05 7.826e-05
3.0135e-06 0.00050071 1.6489e-05 8.0256e-05
2.9668e-06 0.00045939 1.5763e-05 8.2198e-05
2.9346e-06 0.00042651 1.5073e-05 8.4225e-05
2.9138e-06 0.00039856 1.4413e-05 8.6328e-05
2.9069e-06 0.00037513 1.3786e-05 8.8523e-05
2.9141e-06 0.00035664 1.3189e-05 8.8609e-05
2.9352e-06 0.00033162 1.2622e-05 8.8741e-05
2.9705e-06 0.00031129 1.2086e-05 8.6913e-05
2.9852e-06 0.00029539 1.1526e-05 8.5033e-05
2.9774e-06 0.00027294 1.0993e-05 8.3235e-05
2.9809e-06 0.00025364 1.0482e-05 8.1503e-05
2.9959e-06 0.00024262 9.9922e-06 7.9837e-05
2.9927e-06 0.0002261 9.4801e-06 7.8121e-05
3.0008e-06 0.00021199 8.9883e-06 7.647e-05
2.9892e-06 0.00019229 8.4728e-06 7.4764e-05
2.9919e-06 0.00016614 7.981e-06 7.3132e-05
2.8585e-06 0.00016408 7.4675e-06 7.1561e-05
2.7392e-06 0.00016333 6.9733e-06 7.005e-05
2.599e-06 0.00015741 6.4561e-06 6.8487e-05
2.4723e-06 0.00016161 5.9576e-06 6.6982e-05
2.3582e-06 0.00016711 5.4771e-06 6.5534e-05
2.2254e-06 0.00016773 4.9759e-06 6.4041e-05
2.0665e-06 0.0001633 4.4956e-06 6.2612e-05
2.2629e-06 0.00015384 3.9932e-06 6.1134e-05
2.4388e-06 0.0001464 3.4626e-06 5.9611e-05
2.6342e-06 0.00013342 3.2128e-06 5.8152e-05
2.8071e-06 0.00012246 2.9464e-06 5.6592e-05
2.9967e-06 0.00011252 2.6873e-06 5.5088e-05
3.2083e-06 0.00010393 2.4369e-06 5.3647e-05
3.4441e-06 9.6471e-05 2.1946e-06 5.2266e-05
3.7065e-06 8.4374e-05 1.9598e-06 5.0943e-05
3.9439e-06 9.6633e-05 1.7301e-06 4.968e-05
4.2048e-06 0.00010395 1.5052e-06 4.847e-05
4.4376e-06 0.00011204 1.2661e-06 4.722e-05
4.6398e-06 0.00011523 1.0332e-06 4.6023e-05
4.8692e-06 0.0001196 8.0574e-07 4.4877e-05
5.1315e-06 0.00012532 5.6385e-07 4.3689e-05
5.3657e-06 0.00013265 5.5909e-07 4.2457e-05
5.5747e-06 0.00013529 7.1764e-07 4.1185e-05
5.7466e-06 0.00013947 8.7809e-07 3.9966e-05
5.9435e-06 0.00013855 1.0408e-06 3.8796e-05
6.1656e-06 0.0001425 1.2049e-06 3.7667e-05
6.4147e-06 0.00015654 1.3708e-06 3.6577e-05
6.703e-06 0.00017927 1.5401e-06 3.5533e-05
6.961e-06 0.00019627 1.6959e-06 3.4449e-05
7.2548e-06 0.00020721 1.8553e-06 3.3408e-05
7.5816e-06 0.00021237 2.0173e-06 3.2404e-05
7.8761e-06 0.00021204 2.1655e-06 3.1361e-05
8.2106e-06 0.00021421 2.3179e-06 3.036e-05
8.4391e-06 0.00018393 2.4569e-06 2.9323e-05
8.7047e-06 0.00015747 2.6005e-06 2.8328e-05
9.1804e-06 0.00015376 2.7253e-06 2.7372e-05
9.7064e-06 0.00014498 2.8361e-06 2.6378e-05
1.0183e-05 0.0001381 2.6872e-06 2.5423e-05
1.0722e-05 0.00013289 2.953e-06 2.4432e-05
1.133e-05 0.00012295 3.2034e-06 2.3407e-05
1.1896e-05 0.00010823 3.4387e-06 2.2348e-05
1.1877e-05 9.5103e-05 3.6833e-06 2.1327e-05
1.183e-05 8.2904e-05 3.9126e-06 2.0273e-05
1.182e-05 7.1712e-05 4.1513e-06 1.9257e-05
1.1845e-05 6.1261e-05 4.3999e-06 1.8277e-05
1.1908e-05 6.738e-05 4.6593e-06 1.7332e-05
1.1941e-05 7.3951e-05 4.9025e-06 1.6355e-05
1.2012e-05 8.1062e-05 5.1568e-06 1.5411e-05
1.2054e-05 8.8571e-05 5.3948e-06 1.5772e-05
1.214e-05 9.1483e-05 5.6156e-06 1.6107e-05
1.2258e-05 9.464e-05 5.8449e-06 1.6455e-05
1.2407e-05 9.8075e-05 6.0829e-06 1.6769e-05
1.2595e-05 0.00010226 6.3321e-06 1.7099e-05
1.2815e-05 0.00010678 6.5907e-06 1.7441e-05
1.3076e-05 0.00011217 6.8612e-06 1.7799e-05
1.3305e-05 0.00011298 7.1144e-06 1.8132e-05
1.3574e-05 0.00011469 7.3798e-06 1.848e-05
1.3882e-05 0.00011184 7.6584e-06 1.8845e-05
1.4157e-05 0.00010444 7.9194e-06 1.9185e-05
1.4476e-05 9.7876e-05 8.1932e-06 1.9541e-05
1.4833e-05 9.1596e-05 8.4779e-06 1.9911e-05
1.5156e-05 0.00011527 8.7446e-06 2.0236e-05
1.5519e-05 0.00014059 9.0225e-06 2.0574e-05
1.5218e-05 0.00016056 9.3121e-06 2.0927e-05
1.496e-05 0.00018298 9.6165e-06 2.1296e-05
1.4737e-05 0.00020752 9.9334e-06 2.168e-05
1.4548e-05 0.0002354 1.0263e-05 2.2078e-05
1.4391e-05 0.00025724 1.0607e-05 2.2491e-05
1.4207e-05 0.00028191 1.0932e-05 2.288e-05
1.406e-05 0.00030033 1.1274e-05 2.3287e-05
1.3888e-05 0.00032199 1.1599e-05 2.3671e-05
1.3742e-05 0.00034592 1.1935e-05 2.4067e-05
1.3575e-05 0.00036462 1.2257e-05 2.4443e-05
1.3435e-05 0.00038592 1.259e-05 2.483e-05
1.3315e-05 0.00040927 1.2932e-05 2.5227e-05
1.322e-05 0.00043546 1.3286e-05 2.5636e-05
1.3105e-05 0.00064878 1.3626e-05 2.6025e-05
1.3013e-05 0.00088163 1.3978e-05 2.6426e-05
1.2943e-05 0.0011361 1.4303e-05 2.6837e-05
1.2856e-05 0.0013801 1.4616e-05 2.7231e-05
1.2753e-05 0.0016143 1.4916e-05 2.7607e-05
1.2669e-05 0.0018693 1.5226e-05 2.7993e-05
1.257e-05 0.0021141 1.5524e-05 2.8361e-05
1.2455e-05 0.0023491 1.5809e-05 2.8713e-05
1.2359e-05 0.0026055 1.6104e-05 2.9074e-05
1.2282e-05 0.0028855 1.6408e-05 2.9444e-05
1.2191e-05 0.0031552 1.6701e-05 2.9798e-05
1.2082e-05 0.0034137 1.7002e-05 3.0161e-05
1.1994e-05 0.0037575 1.7315e-05 3.0535e-05
1.1888e-05 0.0041317 1.7615e-05 3.0891e-05
1.1803e-05 0.004546 1.7926e-05 3.1258e-05
1.1701e-05 0.0049439 1.8223e-05 3.1607e-05
1.1619e-05 0.0053811 1.8532e-05 3.1967e-05
1.1556e-05 0.0057972 1.8853e-05 3.2339e-05
1.1509e-05 0.0061954 1.9183e-05 3.272e-05
1.148e-05 0.0066331 1.9525e-05 3.3112e-05
1.1466e-05 0.0071145 1.9878e-05 3.3514e-05
1.1436e-05 0.0075778 2.0217e-05 3.3897e-05
1.1391e-05 0.008025 2.0543e-05 3.4263e-05
1.1332e-05 0.010988 2.0856e-05 3.4612e-05
1.129e-05 0.013837 2.1183e-05 3.4972e-05
1.1234e-05 0.01661 2.1496e-05 3.5315e-05
1.1161e-05 0.019306 2.182e-05 3.5668e-05
1.1106e-05 0.022259 2.2131e-05 3.6003e-05
1.107e-05 0.025493 2.2454e-05 3.6351e-05
1.1017e-05 0.029035 2.2792e-05 3.6711e-05
1.0948e-05 0.032484 2.3116e-05 3.7053e-05
1.0894e-05 0.03622 2.3451e-05 3.7406e-05
1.0826e-05 0.039824 2.3773e-05 3.7743e-05
1.0775e-05 0.040532 2.4109e-05 3.8093e-05
1.0742e-05 0.041205 2.4459e-05 3.8457e-05
1.0694e-05 0.041956 2.4795e-05 3.8802e-05
1.0629e-05 0.04268 2.5118e-05 3.9128e-05
1.0582e-05 0.043482 2.5454e-05 3.9468e-05
1.0553e-05 0.04437 2.5805e-05 3.982e-05
1.0541e-05 0.045352 2.617e-05 4.0187e-05
1.0546e-05 0.046438 2.6551e-05 4.0567e-05
1.0535e-05 0.047481 2.6917e-05 4.0928e-05
1.0507e-05 0.048486 2.7268e-05 4.1269e-05
1.0497e-05 0.0496 2.7635e-05 4.1625e-05
1.0464e-05 0.050639 2.8027e-05 4.1954e-05
1.0404e-05 0.051858 2.8396e-05 4.2306e-05
1.0373e-05 0.053752 2.8789e-05 4.2683e-05
1.0307e-05 0.055481 2.9209e-05 4.3085e-05
1.0214e-05 0.056745 2.9605e-05 4.3457e-05
1.0092e-05 0.057902 2.9973e-05 4.3797e-05
1.0004e-05 0.059239 2.9509e-05 4.4168e-05
9.8869e-06 0.060461 2.9017e-05 4.4505e-05
9.7399e-06 0.061578 2.8496e-05 4.481e-05
9.6267e-06 0.062895 2.8009e-05 4.5146e-05
9.4862e-06 0.06409 2.7495e-05 4.5451e-05
9.318e-06 0.065191 2.6955e-05 4.5725e-05
9.1199e-06 0.065718 2.6444e-05 4.6025e-05
8.9571e-06 0.066369 2.5927e-05 4.6284e-05
8.8277e-06 0.066953 2.5402e-05 4.6576e-05
8.6691e-06 0.067468 2.487e-05 4.6833e-05
8.4808e-06 0.067919 2.431e-05 4.7057e-05
8.3216e-06 0.068308 2.378e-05 4.725e-05
8.133e-06 0.068639 2.3221e-05 4.7475e-05
7.9147e-06 0.068913 2.2634e-05 4.8309e-05
7.7249e-06 0.069275 2.2075e-05 4.9179e-05
7.5671e-06 0.06957 2.1549e-05 5.0087e-05
7.3762e-06 0.069807 2.1144e-05 5.104e-05
7.2164e-06 0.070143 2.0766e-05 5.204e-05
7.0814e-06 0.07057 2.041e-05 5.3081e-05
6.9192e-06 0.070937 2.0029e-05 5.408e-05
6.7815e-06 0.071246 1.9671e-05 5.5122e-05
6.6167e-06 0.071501 1.9287e-05 5.6121e-05
6.4803e-06 0.071858 1.8928e-05 5.717e-05
6.3193e-06 0.072153 1.8548e-05 5.818e-05
6.4291e-06 0.072542 1.8144e-05 5.9257e-05
6.5131e-06 0.07303 1.7716e-05 6.0292e-05
6.6232e-06 0.073642 1.7313e-05 6.1378e-05
6.7561e-06 0.074182 1.6932e-05 6.2509e-05
6.9128e-06 0.074833 1.657e-05 6.3688e-05
7.0943e-06 0.075608 1.6229e-05 6.4914e-05
6.8673e-06 0.07652 1.5906e-05 6.6191e-05
6.6133e-06 0.077337 1.5562e-05 6.7388e-05
6.3871e-06 0.078297 1.5237e-05 6.8636e-05
6.1344e-06 0.079447 1.4891e-05 6.984e-05
5.9135e-06 0.080476 1.4567e-05 7.1105e-05
5.7218e-06 0.0817 1.4263e-05 7.2458e-05
5.5055e-06 0.082827 1.3937e-05 7.3767e-05
5.3125e-06 0.084133 1.3628e-05 7.513e-05
5.0936e-06 0.085325 1.3298e-05 7.6445e-05
4.848e-06 0.08641 1.2945e-05 7.7712e-05
4.6305e-06 0.087381 1.2613e-05 7.9042e-05
4.3866e-06 0.088264 1.226e-05 8.0324e-05
4.6661e-06 0.088852 1.1886e-05 8.1561e-05
4.6489e-06 0.08936 1.1529e-05 8.2853e-05
4.6119e-06 0.089811 1.1153e-05 8.4104e-05
4.5896e-06 0.090203 1.0792e-05 8.5314e-05
4.58e-06 0.090683 1.0444e-05 8.6569e-05
4.5533e-06 0.09112 1.008e-05 8.7789e-05
4.5095e-06 0.091514 9.6992e-06 8.8974e-05
4.4775e-06 0.091861 9.3307e-06 9.0203e-05
4.457e-06 0.09229 8.9737e-06 9.1475e-05
4.4507e-06 0.092674 8.6302e-06 9.28e-05
4.3804e-06 0.093016 8.2699e-06 9.4086e-05
4.3243e-06 0.093663 7.9224e-06 9.5425e-05
4.2795e-06 0.094261 7.5592e-06 9.6728e-05
4.2463e-06 0.094808 7.2069e-06 9.8078e-05
4.2236e-06 0.095445 6.8638e-06 9.9475e-05
4.2084e-06 0.096165 6.5292e-06 0.00010092
4.1795e-06 0.096851 6.182e-06 0.00010233
4.1376e-06 0.097508 5.8229e-06 0.00010372
4.1043e-06 0.097048 5.471e-06 0.00010515
4.0582e-06 0.096563 5.1075e-06 0.00010655
3.9994e-06 0.096053 4.7323e-06 0.00010793
3.947e-06 0.093036 4.3623e-06 0.00010935
3.8811e-06 0.089922 3.9802e-06 0.00011074
3.8218e-06 0.087057 3.6032e-06 0.00011216
3.7887e-06 0.084428 3.2332e-06 0.00011363
3.7427e-06 0.081718 2.8514e-06 0.00011508
3.7029e-06 0.079229 2.4745e-06 0.00011656
3.6708e-06 0.07666 2.0857e-06 0.00011801
3.6468e-06 0.074333 1.7034e-06 0.00011952
3.6288e-06 0.0722 1.3256e-06 0.00012106
3.5975e-06 0.069991 1.3795e-06 0.00012258
3.575e-06 0.06769 1.4313e-06 0.00012414
3.5615e-06 0.065625 1.481e-06 0.00012577
3.5554e-06 0.063454 1.5283e-06 0.00012744
3.5347e-06 0.061182 1.5655e-06 0.00012908
3.5253e-06 0.05963 1.6016e-06 0.00013078
3.5278e-06 0.05796 1.6368e-06 0.00013255
3.5428e-06 0.0565 1.6714e-06 0.0001344
3.5739e-06 0.055532 2.2779e-06 0.00013614
3.5863e-06 0.054487 2.8634e-06 0.00013782
3.5811e-06 0.053369 3.4295e-06 0.00013945
3.5874e-06 0.052159 4.013e-06 0.00014115
3.6079e-06 0.051118 4.6186e-06 0.00014292
3.6048e-06 0.050209 5.2441e-06 0.00014478
3.6168e-06 0.049229 5.8483e-06 0.00014658
3.6065e-06 0.046745 6.4734e-06 0.00014845
3.5782e-06 0.044103 7.0772e-06 0.00015028
3.5319e-06 0.041291 7.66e-06 0.00015205
3.5003e-06 0.038284 8.2672e-06 0.00015391
3.4829e-06 0.035668 8.9001e-06 0.00015585
3.4772e-06 0.033353 9.5561e-06 0.00015788
3.4884e-06 0.031345 1.0241e-05 0.00016
3.476e-06 0.029579 1.0958e-05 0.00016206
3.4439e-06 0.028057 1.1708e-05 0.00016405
3.3936e-06 0.026444 1.2484e-05 0.00016612
3.3523e-06 0.024996 1.3286e-05 0.00016826
3.3184e-06 0.023684 1.411e-05 0.00017046
3.2894e-06 0.022477 1.4953e-05 0.00017272
3.2483e-06 0.021234 1.5781e-05 0.00017504
3.2115e-06 0.020086 1.6627e-05 0.00017741
3.1626e-06 0.018903 1.7458e-05 0.00017975
3.0802e-06 0.017682 1.8273e-05 0.00018206
3.0022e-06 0.016554 1.9107e-05 0.00018442
2.9282e-06 0.015511 1.9959e-05 0.00018684
2.8427e-06 0.014439 2.0797e-05 0.00018922
2.7456e-06 0.013337 2.162e-05 0.00019159
2.6541e-06 0.01233 2.2466e-05 0.00019401
2.5505e-06 0.011291 2.4661e-05 0.00019641
2.4507e-06 0.01033 2.489e-05 0.00019886
2.339e-06 0.010316 2.5107e-05 0.00020128
2.2324e-06 0.01032 2.5335e-05 0.00020377
2.1139e-06 0.010343 2.555e-05 0.00020622
2.0003e-06 0.010385 2.5778e-05 0.00020874
1.8911e-06 0.010446 2.6018e-05 0.00021134
1.7845e-06 0.010523 2.6268e-05 0.00021399
1.6663e-06 0.01059 2.6505e-05 0.00021661
1.532e-06 0.010678 2.6756e-05 0.0002193
1.4019e-06 0.010785 2.7019e-05 0.00022207
1.2753e-06 0.010914 2.7295e-05 0.00022491
1.5344e-06 0.011033 2.7559e-05 0.00022771
1.8037e-06 0.011174 2.7835e-05 0.00023059
2.0816e-06 0.011334 2.8123e-05 0.00023354
2.3459e-06 0.011484 2.8398e-05 0.00023646
2.5974e-06 0.011624 2.866e-05 0.00023934
2.8602e-06 0.011754 2.8936e-05 0.0002423
3.11e-06 0.011875 2.9199e-05 0.00024523
3.3719e-06 0.012018 2.9476e-05 0.00024824
3.6443e-06 0.012185 2.9765e-05 0.00025132
3.9025e-06 0.012378 3.004e-05 0.00025437
4.1743e-06 0.012595 3.033e-05 0.00025749
4.4607e-06 0.01284 3.0635e-05 0.00026071
4.7626e-06 0.013114 3.0955e-05 0.000264
5.0811e-06 0.013373 3.129e-05 0.00026739
5.3845e-06 0.013619 3.1611e-05 0.00027074
5.7053e-06 0.013896 3.1947e-05 0.00027418
6.0447e-06 0.014206 3.23e-05 0.0002777
6.4039e-06 0.014498 3.2669e-05 0.00028133
6.748e-06 0.014826 3.3024e-05 0.00028491
7.1127e-06 0.01519 3.3396e-05 0.0002886
7.4995e-06 0.015594 3.3785e-05 0.00029238
7.9097e-06 0.016041 3.419e-05 0.00029625
8.3448e-06 0.016535 3.4614e-05 0.00030023
8.8023e-06 0.017155 3.5052e-05 0.0003043
9.2835e-06 0.017828 3.5506e-05 0.00030847
9.79e-06 0.018559 3.5975e-05 0.00031273
1.0277e-05 0.019264 3.6429e-05 0.00031694
1.0744e-05 0.019944 3.6868e-05 0.00032111
1.1243e-05 0.020697 3.7327e-05 0.0003254
1.1782e-05 0.021536 3.7811e-05 0.00032981
1.2285e-05 0.022491 3.8324e-05 0.0003344
1.285e-05 0.023372 3.8874e-05 0.00033888
1.3475e-05 0.02439 3.946e-05 0.00034355
1.4051e-05 0.024758 4.0081e-05 0.0003481
1.4588e-05 0.02509 4.0674e-05 0.00035256
1.5089e-05 0.025488 4.1238e-05 0.00035727
1.565e-05 0.025967 4.1843e-05 0.00036187
1.6267e-05 0.026525 4.2484e-05 0.00036664
1.62e-05 0.027034 4.3167e-05 0.00037161
1.6174e-05 0.027487 4.3896e-05 0.0003768
1.6188e-05 0.028027 4.467e-05 0.00038221
1.6237e-05 0.028668 4.5485e-05 0.00038782
1.6254e-05 0.029253 4.6266e-05 0.0003933
1.6311e-05 0.029944 4.7095e-05 0.00039901
1.6411e-05 0.030579 4.7892e-05 0.00040461
1.6547e-05 0.031313 4.8731e-05 0.00041041
1.6728e-05 0.032178 4.9624e-05 0.00041647
1.695e-05 0.032964 5.0564e-05 0.00042283
1.7134e-05 0.0339 5.1583e-05 0.00042906
1.736e-05 0.03498 5.2656e-05 0.00043553
1.763e-05 0.035966 5.3784e-05 0.00044225
1.7862e-05 0.036485 5.4868e-05 0.00044925
1.8149e-05 0.037102 5.5913e-05 0.0004561
1.8484e-05 0.037656 5.6831e-05 0.0004632
1.878e-05 0.03815 5.7708e-05 0.00047013
1.9134e-05 0.03875 5.8643e-05 0.00047737
1.9445e-05 0.039476 5.9537e-05 0.00048444
1.9807e-05 0.040319 6.0483e-05 0.00049177
2.0221e-05 0.041297 6.1482e-05 0.00049938
2.0595e-05 0.042196 6.867e-05 0.00050683
2.1032e-05 0.04326 7.6225e-05 0.00051461
2.3807e-05 0.044521 8.3582e-05 0.0005222
2.6446e-05 0.049231 9.0768e-05 0.00053009
2.9345e-05 0.053562 9.7725e-05 0.0005378
3.2036e-05 0.058522 0.00010535 0.0005458
3.4597e-05 0.063074 0.0001128 0.00055364
3.7048e-05 0.068244 0.0001201 0.00056134
3.9712e-05 0.073065 0.00012771 0.00056931
4.2303e-05 0.077708 0.00013522 0.0005772
4.5075e-05 0.082839 0.00014299 0.00058531
4.8035e-05 0.088496 0.00015102 0.00059365
5.0922e-05 0.09475 0.00015887 0.00060191
5.397e-05 0.10153 0.00016693 0.00061035
5.6955e-05 0.10812 0.00017492 0.00061873
5.9669e-05 0.11454 0.00018285 0.00062704
6.2334e-05 0.12081 0.00019071 0.00063529
6.5164e-05 0.12766 0.00019881 0.00064376
6.7937e-05 0.13517 0.00020684 0.00065215
7.0659e-05 0.1425 0.00021481 0.00066049
7.333e-05 0.14965 0.00022271 0.00066877
7.5952e-05 0.1566 0.00023055 0.00067699
7.8718e-05 0.16411 0.0002386 0.0006854
8.1427e-05 0.17142 0.00024658 0.00069373
8.4286e-05 0.18038 0.00025477 0.00070226
8.7092e-05 0.18912 0.0002629 0.00071072
9.0077e-05 0.19867 0.00027128 0.0007194
9.325e-05 0.20912 0.00027991 0.00072829
9.6625e-05 0.22055 0.00028881 0.00073742
0.00010021 0.23304 0.00029797 0.00074677
0.000104 0.24657 0.00030739 0.00075634
0.00010771 0.25969 0.00031672 0.00076582
0.0001385 0.27234 0.00032594 0.00077521
0.0001715 0.28449 0.00033548 0.00078487
0.00020362 0.29611 0.0003449 0.00079442
0.00023473 0.30713 0.00035416 0.00080383
0.00024454 0.31721 0.00036388 0.00081364
0.00025538 0.32892 0.00037411 0.00082387
0.00026533 0.33983 0.0003841 0.00083389
0.00027483 0.34983 0.00039387 0.00084372
0.00028535 0.35894 0.00040414 0.00085397
0.00029519 0.36937 0.00041488 0.00086378
0.00030605 0.37891 0.00042539 0.00087401
0.00031787 0.38975 0.00043635 0.0008846
0.00033054 0.40177 0.0004477 0.0008955
0.00034282 0.41322 0.00045887 0.00090625
0.00035476 0.42419 0.0004699 0.00091688
0.00036753 0.43631 0.0004813 0.00092781
0.0003799 0.44785 0.00049253 0.00093836
0.00039176 0.4588 0.00050414 0.00094922
0.00040443 0.47086 0.00051613 0.00096037
0.00041819 0.4824 0.00052796 0.00097139
0.00043158 0.49346 0.00053963 0.00098227
0.00044597 0.50575 0.00055172 0.00099349
0.0004613 0.52189 0.0005576 0.001005
0.00047626 0.53741 0.0005634 0.0010164
0.00049088 0.55236 0.00056912 0.0010277
0.00050517 0.56678 0.00057476 0.0010389
0.00051914 0.5761 0.00058033 0.0010499
0.00053407 0.58638 0.00058611 0.0010613
0.00055003 0.59621 0.0005921 0.001073
0.00056697 0.60694 0.00059829 0.001085
0.0005835 0.61728 0.00060439 0.0010969
0.00059965 0.62726 0.00061041 0.0011086
0.00061712 0.63857 0.00061669 0.0011208
0.00063591 0.64926 0.00062323 0.0011333
0.00065662 0.65387 0.00062963 0.0011456
0.00067901 0.65906 0.00063629 0.0011583
0.00070046 0.66391 0.0006428 0.0011708
0.00072377 0.66942 0.00064895 0.0011837
0.00074601 0.67571 0.00065493 0.0011964
0.00076731 0.68158 0.00066076 0.0012088
0.00078295 0.68832 0.00066645 0.001221
0.00080003 0.69602 0.00067242 0.0012337
0.00081626 0.70312 0.00067822 0.0012461
0.00083161 0.70972 0.00068431 0.0012589
0.00084877 0.71744 0.00069022 0.0012715
0.00086779 0.72445 0.00069647 0.0012834
0.00088886 0.73094 0.00070308 0.0012957
0.00091221 0.73693 0.00070416 0.0012981
0.00093444 0.74384 0.00070551 0.0013002
0.00095877 0.7502 0.00070701 0.0013026
0.00098184 0.753 0.00070841 0.0013049
0.0010037 0.75631 0.00070972 0.0013027
0.0010277 0.76012 0.00071117 0.0013007
0.0010538 0.76449 0.00071278 0.001299
0.0010823 0.76949 0.00071455 0.0012974
0.0011135 0.77522 0.00071648 0.001296
0.0011433 0.7777 0.00071832 0.0012945
0.0011765 0.78064 0.00072005 0.0013067
0.0012081 0.78334 0.00072169 0.0013187
0.0012384 0.78584 0.00072323 0.0013305
0.0012673 0.78814 0.00072469 0.001342
0.0013018 0.79083 0.00072631 0.001354
0.0013125 0.79329 0.00072811 0.0013665
0.0013243 0.79611 0.00073006 0.0013795
0.0013371 0.79869 0.00073217 0.0013929
0.0013493 0.80108 0.00073418 0.0014061
0.0013609 0.80332 0.00073611 0.001419
0.0013737 0.80539 0.0007382 0.0014324
0.0013876 0.80775 0.00074044 0.0014463
0.0014008 0.80994 0.00074259 0.0014599
0.0014153 0.81246 0.00074465 0.0014733
0.0014292 0.81477 0.00074661 0.0014864
0.0014446 0.81747 0.00074877 0.0015
0.0014592 0.82066 0.00075112 0.0015134
0.0014759 0.82441 0.00075368 0.0015273
0.0014942 0.8287 0.00075643 0.00153
0.0015116 0.83269 0.00075906 0.001533
0.0015319 0.83637 0.00076192 0.0015362
0.0015377 0.83769 0.000765 0.0015398
0.0016411 0.84299 0.00081913 0.0016028
0.0016401 0.8432 0.00082215 0.0016064
0.0016389 0.84336 0.00082506 0.0016097
0.0016401 0.84345 0.0008282 0.0016134
0.0016409 0.84347 0.00083121 0.0016169
0.0016422 0.84361 0.00083442 0.0016206
0.001644 0.84283 0.00083784 0.0016246
0.0016455 0.84195 0.00084113 0.0016284
0.0016475 0.84123 0.00084401 0.0016325
