Tachyglossus_aculeatus Thylacinus_cynocephalus Trichosurus_vulpecula Vombatus_ursinus
0.00026663 0.00018652 0.0001871 0.00011584
0.0002607 0.00018333 0.00018271 0.00011428
0.00025528 0.00018033 0.00017861 0.00011282
0.00024957 0.00017721 0.00017434 0.00011131
0.0002435 0.00017429 0.00017038 0.00010989
0.00023804 0.00017126 0.00016625 0.00010842
0.00023321 0.00016808 0.00016244 0.00010705
0.00022805 0.00016478 0.00015844 0.00010562
0.00021404 0.0001617 0.00015474 0.00010429
0.00019915 0.00015881 0.00015134 0.00010305
0.00018426 0.0001558 0.00014776 0.00010175
0.00016938 0.00015301 0.0001445 0.00010056
0.00015449 0.00014966 0.00014109 9.9312e-05
0.00013881 0.00014618 0.00013751 9.8015e-05
0.0001222 0.00014295 0.00013426 9.6824e-05
0.00011087 0.00013959 0.00013083 9.5575e-05
9.8662e-05 0.00013648 0.00012772 9.4429e-05
8.5728e-05 0.00013323 0.00012443 9.3226e-05
7.4186e-05 0.00013022 0.00012145 9.2123e-05
6.1873e-05 0.00012741 0.00011871 9.1102e-05
5.0726e-05 0.00012478 0.00011619 9.0159e-05
4.3343e-05 0.00012203 0.00011389 8.9291e-05
3.8316e-05 0.00011951 0.00011145 8.8378e-05
3.5356e-05 0.00011687 0.00010887 8.7416e-05
3.3342e-05 0.00011444 0.00010653 8.654e-05
3.1195e-05 0.00011218 0.00010407 8.5621e-05
2.9258e-05 0.00011008 0.00010181 8.4774e-05
2.751e-05 0.00010812 9.9746e-05 8.3995e-05
2.5619e-05 0.00010608 9.757e-05 8.3176e-05
2.358e-05 0.00010418 9.5578e-05 8.2425e-05
2.1953e-05 0.00010243 9.3783e-05 8.1746e-05
2.0508e-05 0.00010082 9.217e-05 8.1136e-05
1.9206e-05 9.9324e-05 9.0706e-05 8.0584e-05
1.8526e-05 9.796e-05 8.9402e-05 8.0095e-05
1.7764e-05 9.6701e-05 8.8231e-05 7.966e-05
1.7091e-05 9.537e-05 8.6968e-05 7.9189e-05
1.6848e-05 9.3967e-05 8.5612e-05 7.8681e-05
1.697e-05 9.2684e-05 8.4408e-05 7.8234e-05
1.6408e-05 9.1501e-05 8.3327e-05 7.7838e-05
1.5915e-05 9.0412e-05 8.2362e-05 7.7504e-05
1.5486e-05 8.941e-05 8.1505e-05 7.7216e-05
1.5116e-05 8.8491e-05 8.075e-05 7.6972e-05
1.4681e-05 8.7494e-05 8.0107e-05 7.678e-05
1.419e-05 8.644e-05 7.9396e-05 7.6557e-05
1.3768e-05 8.548e-05 7.8793e-05 7.6384e-05
1.341e-05 8.4611e-05 7.8294e-05 7.6259e-05
1.3113e-05 8.3829e-05 7.7896e-05 7.6182e-05
1.2866e-05 8.0456e-05 7.7585e-05 7.6148e-05
1.2558e-05 7.7314e-05 7.7374e-05 7.6162e-05
1.2303e-05 7.4392e-05 7.7262e-05 7.6226e-05
1.1994e-05 7.1343e-05 7.7084e-05 7.6259e-05
1.1736e-05 6.8482e-05 7.6993e-05 7.6336e-05
1.1785e-05 6.5516e-05 7.6843e-05 7.6386e-05
1.1877e-05 6.2735e-05 7.6779e-05 7.6479e-05
1.1919e-05 6.0128e-05 7.6802e-05 7.6617e-05
1.1911e-05 5.7684e-05 7.691e-05 7.68e-05
1.1854e-05 5.5395e-05 7.7106e-05 7.7028e-05
1.1748e-05 5.3007e-05 7.7235e-05 7.7225e-05
1.1696e-05 5.0791e-05 7.7466e-05 7.7475e-05
1.1688e-05 4.8714e-05 7.6117e-05 7.7772e-05
1.1268e-05 4.6547e-05 7.4673e-05 7.8036e-05
1.0912e-05 4.4285e-05 7.3133e-05 7.8268e-05
1.0504e-05 4.2183e-05 7.1751e-05 7.7575e-05
1.0157e-05 4.0212e-05 7.0497e-05 7.6943e-05
9.7576e-06 3.8157e-05 6.9155e-05 7.6271e-05
9.3055e-06 3.6015e-05 6.7723e-05 7.5559e-05
8.914e-06 3.4022e-05 6.6437e-05 7.4915e-05
8.5801e-06 3.2156e-05 6.5064e-05 7.4232e-05
8.2995e-06 3.0218e-05 6.3609e-05 7.3513e-05
8.0589e-06 2.8398e-05 6.2281e-05 7.2854e-05
7.863e-06 2.6704e-05 6.1091e-05 7.226e-05
7.7103e-06 2.5113e-05 6.0013e-05 7.172e-05
7.5153e-06 2.3454e-05 5.8856e-05 7.1145e-05
7.3606e-06 2.1908e-05 5.7822e-05 7.063e-05
7.1677e-06 2.0302e-05 5.6721e-05 7.0084e-05
7.0134e-06 1.8805e-05 5.5737e-05 6.9595e-05
6.8959e-06 1.7407e-05 5.4863e-05 6.9163e-05
6.739e-06 1.5949e-05 5.392e-05 6.8698e-05
6.545e-06 1.459e-05 5.3086e-05 6.8288e-05
6.3851e-06 1.3178e-05 5.2189e-05 6.7849e-05
6.2718e-06 1.1849e-05 5.1385e-05 6.7458e-05
6.1872e-06 1.0598e-05 5.0668e-05 6.7113e-05
6.0621e-06 9.4216e-06 5.0036e-05 6.6814e-05
5.769e-06 8.197e-06 4.9346e-05 6.6486e-05
5.6933e-06 7.0545e-06 4.8751e-05 6.621e-05
5.4375e-06 6.9808e-06 4.8093e-05 6.5903e-05
5.22e-06 6.9235e-06 4.7528e-05 6.5646e-05
4.956e-06 6.8821e-06 4.7051e-05 6.5439e-05
4.7303e-06 6.8208e-06 4.6514e-05 6.5201e-05
4.5399e-06 6.7414e-06 4.5923e-05 6.4937e-05
4.3821e-06 6.6444e-06 4.5277e-05 6.4644e-05
4.1882e-06 6.5635e-06 4.472e-05 6.4401e-05
4.0258e-06 6.465e-06 4.411e-05 6.4131e-05
3.8862e-06 6.3825e-06 4.3575e-05 6.3904e-05
3.8291e-06 6.3127e-06 4.3112e-05 6.3719e-05
3.7912e-06 6.2553e-06 4.2719e-05 6.3575e-05
3.7156e-06 6.2128e-06 4.2403e-05 6.3477e-05
3.6635e-06 6.1849e-06 4.2163e-05 6.3426e-05
3.6343e-06 6.1715e-06 4.1996e-05 6.342e-05
3.6247e-06 6.1404e-06 4.1781e-05 6.3388e-05
3.6374e-06 6.1237e-06 4.1639e-05 6.3402e-05
3.6175e-06 6.0889e-06 4.1445e-05 6.3387e-05
3.6221e-06 6.0359e-06 4.12e-05 6.3344e-05
3.5954e-06 5.9948e-06 3.9485e-05 6.3341e-05
3.5336e-06 5.9653e-06 3.7906e-05 6.3378e-05
3.4901e-06 5.9498e-06 3.6471e-05 6.346e-05
3.417e-06 5.9179e-06 3.496e-05 6.3517e-05
3.3144e-06 5.8699e-06 3.3374e-05 6.355e-05
3.2319e-06 5.8347e-06 3.1925e-05 6.3507e-05
3.1673e-06 5.8112e-06 3.0594e-05 6.3505e-05
3.0741e-06 5.7719e-06 2.9195e-05 6.3479e-05
2.9978e-06 5.744e-06 2.7908e-05 6.3493e-05
2.8932e-06 5.7003e-06 2.6556e-05 6.3483e-05
2.8053e-06 5.6681e-06 2.5311e-05 6.3514e-05
2.7341e-06 5.6479e-06 2.417e-05 6.3587e-05
2.6332e-06 5.6103e-06 2.2959e-05 6.3632e-05
2.701e-06 5.5563e-06 2.1683e-05 6.3651e-05
2.9203e-06 5.5133e-06 2.0513e-05 6.371e-05
3.1051e-06 5.4526e-06 1.9271e-05 6.3741e-05
3.2569e-06 5.3741e-06 1.7956e-05 6.3743e-05
3.43e-06 5.2779e-06 1.6565e-05 6.3717e-05
3.5688e-06 5.1636e-06 1.5094e-05 6.3663e-05
3.6763e-06 5.0326e-06 1.5166e-05 6.3582e-05
3.8059e-06 4.8846e-06 1.5206e-05 6.3477e-05
3.9589e-06 4.7195e-06 1.5214e-05 6.3345e-05
4.0797e-06 4.5373e-06 1.5191e-05 6.3188e-05
4.2285e-06 4.3674e-06 1.52e-05 6.3071e-05
4.3421e-06 4.1793e-06 1.5175e-05 6.2925e-05
4.4235e-06 3.9739e-06 1.5119e-05 6.2754e-05
4.5271e-06 3.7811e-06 1.5096e-05 6.2623e-05
4.5902e-06 3.5711e-06 1.5042e-05 6.2467e-05
4.621e-06 3.8189e-06 1.4956e-05 6.2284e-05
4.9573e-06 3.7643e-06 1.4903e-05 6.2142e-05
5.3394e-06 4.2576e-06 1.4805e-05 6.1971e-05
5.7572e-06 4.7757e-06 1.4735e-05 6.1836e-05
6.219e-06 5.3235e-06 1.4697e-05 6.174e-05
6.6408e-06 5.848e-06 1.4631e-05 6.1621e-05
7.1073e-06 6.4022e-06 1.4595e-05 6.1541e-05
7.5363e-06 6.9347e-06 1.4533e-05 6.144e-05
8.0054e-06 7.4939e-06 1.4497e-05 6.1373e-05
8.4307e-06 8.0277e-06 1.4433e-05 6.1282e-05
8.813e-06 8.4614e-06 1.4339e-05 6.1169e-05
9.2511e-06 8.9272e-06 1.428e-05 6.1099e-05
9.7571e-06 9.3648e-06 1.4176e-05 6.1e-05
1.0337e-05 9.7767e-06 1.4108e-05 6.0946e-05
1.0997e-05 1.0217e-05 1.4073e-05 6.0825e-05
1.1724e-05 1.0684e-05 1.4065e-05 6.0741e-05
1.2393e-05 1.1127e-05 1.4028e-05 6.0632e-05
1.314e-05 1.1601e-05 1.4023e-05 6.0564e-05
1.3829e-05 1.205e-05 1.3988e-05 6.0471e-05
1.4467e-05 1.2476e-05 1.3926e-05 6.0358e-05
1.5044e-05 1.2929e-05 1.3891e-05 6.0279e-05
1.5563e-05 1.3359e-05 1.3829e-05 6.0178e-05
1.6628e-05 1.3766e-05 1.3739e-05 6.0056e-05
1.7786e-05 1.4198e-05 1.3675e-05 5.9967e-05
1.8879e-05 1.4607e-05 1.3583e-05 5.9857e-05
1.9909e-05 1.4994e-05 1.3465e-05 5.9726e-05
2.1041e-05 1.541e-05 1.3376e-05 5.9528e-05
2.211e-05 1.5803e-05 1.3261e-05 5.931e-05
2.3271e-05 1.6222e-05 1.3169e-05 5.9124e-05
2.436e-05 1.6618e-05 1.3052e-05 5.8915e-05
2.5561e-05 1.7046e-05 1.2877e-05 5.8744e-05
2.557e-05 1.7506e-05 1.2731e-05 5.8611e-05
2.5629e-05 1.7991e-05 1.2607e-05 5.8506e-05
2.5646e-05 1.8456e-05 1.2459e-05 5.8384e-05
2.5622e-05 1.89e-05 1.2288e-05 5.8245e-05
2.5655e-05 1.9369e-05 1.2137e-05 5.8133e-05
2.5644e-05 1.9818e-05 1.1965e-05 5.8006e-05
2.568e-05 2.0293e-05 1.1812e-05 5.7906e-05
2.5671e-05 2.0792e-05 1.1678e-05 5.7833e-05
2.5626e-05 2.1273e-05 1.1523e-05 5.7745e-05
2.5636e-05 2.1784e-05 1.1391e-05 5.6236e-05
2.5692e-05 2.2322e-05 1.1277e-05 5.4796e-05
2.5708e-05 2.2839e-05 1.1141e-05 5.3322e-05
2.5772e-05 2.3419e-05 1.1023e-05 5.1917e-05
2.5792e-05 2.3074e-05 1.0927e-05 5.0587e-05
2.5868e-05 2.2756e-05 1.0852e-05 4.9327e-05
2.5993e-05 2.2461e-05 1.0757e-05 4.8039e-05
2.6085e-05 2.2151e-05 1.0643e-05 4.6729e-05
2.6144e-05 2.1825e-05 1.0511e-05 4.5396e-05
2.6166e-05 2.1518e-05 1.0393e-05 4.4118e-05
2.6227e-05 2.1228e-05 1.0288e-05 4.2892e-05
2.6255e-05 2.0923e-05 1.0165e-05 4.1643e-05
2.6253e-05 2.0604e-05 1.0025e-05 4.0375e-05
2.6221e-05 2.027e-05 9.8689e-06 3.9087e-05
2.6228e-05 1.9957e-05 9.7283e-06 3.7858e-05
2.6202e-05 1.9665e-05 9.6034e-06 3.6685e-05
2.6222e-05 1.9392e-05 9.4936e-06 3.5565e-05
2.629e-05 1.9139e-05 9.3986e-06 3.4496e-05
2.6405e-05 1.8905e-05 9.3193e-06 3.3478e-05
2.6488e-05 1.8656e-05 9.2226e-06 3.244e-05
2.6617e-05 1.8425e-05 9.1397e-06 3.1449e-05
2.6707e-05 1.8212e-05 9.0701e-06 3.0501e-05
2.6842e-05 1.8015e-05 9.0134e-06 2.9596e-05
2.7015e-05 1.7832e-05 8.9667e-06 2.8726e-05
2.7157e-05 1.7635e-05 8.9037e-06 2.784e-05
2.7338e-05 1.7451e-05 8.8506e-06 2.6989e-05
2.7565e-05 1.7284e-05 8.8099e-06 2.6175e-05
2.7833e-05 1.7129e-05 8.7793e-06 2.5392e-05
2.807e-05 1.6961e-05 8.7325e-06 2.4596e-05
2.827e-05 1.6778e-05 8.6673e-06 2.3781e-05
2.768e-05 1.6613e-05 8.6183e-06 2.3009e-05
2.7157e-05 1.6468e-05 8.5855e-06 2.2277e-05
2.6585e-05 1.6304e-05 8.5311e-06 2.1522e-05
2.6086e-05 1.6165e-05 8.4989e-06 2.0811e-05
2.5671e-05 1.6005e-05 8.4435e-06 2.0075e-05
2.5198e-05 1.5823e-05 8.3628e-06 1.931e-05
2.4811e-05 1.5618e-05 8.2563e-06 1.9472e-05
2.4503e-05 1.544e-05 8.1735e-06 1.9658e-05
2.4132e-05 1.524e-05 8.0663e-06 1.9829e-05
2.3695e-05 1.5018e-05 7.9344e-06 1.9984e-05
2.334e-05 1.4823e-05 7.8271e-06 2.0164e-05
2.3053e-05 1.4652e-05 7.7401e-06 2.0367e-05
2.2706e-05 1.4506e-05 8.0734e-06 2.1197e-05
2.2295e-05 1.4336e-05 8.3743e-06 2.1992e-05
2.1968e-05 1.4192e-05 8.7106e-06 2.2849e-05
2.1576e-05 1.4025e-05 9.0136e-06 2.3669e-05
2.0245e-05 1.3832e-05 9.2834e-06 2.442e-05
1.8796e-05 1.3586e-05 9.5234e-06 2.514e-05
1.7228e-05 1.3368e-05 1.1724e-05 2.583e-05
1.5772e-05 1.3166e-05 1.4051e-05 2.6557e-05
1.4404e-05 1.2977e-05 1.6495e-05 2.7317e-05
1.3113e-05 1.28e-05 1.9052e-05 2.811e-05
1.178e-05 1.2609e-05 2.156e-05 2.8887e-05
1.0404e-05 1.2406e-05 2.402e-05 2.9651e-05
1.0566e-05 1.219e-05 2.6437e-05 3.0401e-05
1.0705e-05 1.1963e-05 2.8813e-05 3.1139e-05
1.0867e-05 1.1749e-05 3.1312e-05 3.1912e-05
1.1005e-05 1.1522e-05 3.3765e-05 3.2671e-05
1.1163e-05 1.1305e-05 3.6329e-05 3.3461e-05
1.1341e-05 1.1098e-05 3.9009e-05 3.4283e-05
1.154e-05 1.0901e-05 4.1813e-05 3.5139e-05
1.1714e-05 1.0692e-05 4.4564e-05 3.598e-05
1.1863e-05 1.047e-05 4.7263e-05 3.6806e-05
1.1983e-05 1.0258e-05 5.0091e-05 3.7666e-05
1.2078e-05 1.0033e-05 5.286e-05 3.851e-05
1.2145e-05 9.7944e-06 5.5566e-05 3.9337e-05
1.2247e-05 9.5401e-06 5.8195e-05 4.0143e-05
1.2385e-05 9.3022e-06 6.1003e-05 4.0996e-05
1.2563e-05 9.0813e-06 6.4019e-05 4.0899e-05
1.2702e-05 8.8802e-06 6.6924e-05 4.0785e-05
1.2804e-05 8.6621e-06 6.9729e-05 4.0655e-05
1.2954e-05 8.4255e-06 7.2422e-05 4.0507e-05
1.2973e-05 8.1701e-06 7.5008e-05 4.034e-05
1.3029e-05 7.9301e-06 7.7777e-05 4.0199e-05
1.3046e-05 7.6717e-06 8.0437e-05 4.0041e-05
1.3024e-05 7.3957e-06 8.3e-05 3.9865e-05
1.3045e-05 7.1012e-06 8.5464e-05 3.9671e-05
1.3106e-05 6.8243e-06 8.8119e-05 3.9507e-05
1.312e-05 6.5688e-06 9.1027e-05 3.9377e-05
1.3082e-05 6.2923e-06 9.4187e-05 3.9278e-05
1.2429e-05 6.0375e-06 9.7664e-05 3.9219e-05
1.1702e-05 5.8033e-06 0.00010143 3.8363e-05
1.0912e-05 5.5824e-06 0.00010547 3.7559e-05
1.008e-05 5.3479e-06 0.00010941 3.6734e-05
9.2996e-06 5.1217e-06 0.00011357 3.5947e-05
8.6376e-06 4.903e-06 0.00011794 3.5196e-05
8.0112e-06 4.6905e-06 0.00012254 3.4476e-05
7.3554e-06 4.4667e-06 0.00012705 3.3741e-05
6.6705e-06 4.2317e-06 0.00013148 3.2993e-05
5.9563e-06 3.9854e-06 0.00013583 3.223e-05
5.2822e-06 3.7466e-06 0.00014043 3.1503e-05
4.5794e-06 3.4966e-06 0.00014494 3.0761e-05
3.9148e-06 3.2539e-06 0.0001497 3.0053e-05
3.2232e-06 3.0004e-06 0.00015439 2.9333e-05
2.5011e-06 2.7543e-06 0.00015935 2.8588e-05
1.7482e-06 3.0183e-06 0.00016421 2.7827e-05
9.6405e-07 3.2706e-06 0.00016898 2.7051e-05
8.9684e-07 3.5119e-06 0.00017367 2.626e-05
8.1179e-07 3.7416e-06 0.00017826 2.5454e-05
7.0796e-07 3.9772e-06 0.00018309 2.468e-05
6.0312e-07 4.2211e-06 0.00018821 2.3942e-05
7.5079e-07 4.4528e-06 0.00019322 2.3189e-05
8.8049e-07 4.673e-06 0.00019813 2.248e-05
1.0096e-06 4.9001e-06 0.00020331 2.1801e-05
1.1197e-06 5.1146e-06 0.00020837 2.1105e-05
1.2517e-06 5.3373e-06 0.00021372 2.0442e-05
1.363e-06 5.546e-06 0.00021893 1.9759e-05
1.4806e-06 5.7676e-06 0.00022452 1.9117e-05
1.5696e-06 6.0069e-06 0.00022558 1.852e-05
1.6707e-06 6.2627e-06 0.00022681 1.7961e-05
1.7465e-06 6.4992e-06 0.00022794 1.7379e-05
1.7943e-06 6.7534e-06 0.00022925 1.6835e-05
1.9533e-06 7.0335e-06 0.00023043 1.6263e-05
2.0805e-06 7.2906e-06 0.00023147 1.6427e-05
2.1773e-06 7.5673e-06 0.00023268 1.6612e-05
2.3517e-06 7.8686e-06 0.0002341 1.6822e-05
2.3992e-06 8.1464e-06 0.0002354 1.7014e-05
2.4176e-06 8.4465e-06 0.00023576 1.7183e-05
2.4074e-06 8.7734e-06 0.00023633 1.7379e-05
2.4093e-06 9.1243e-06 0.00023708 1.7597e-05
2.384e-06 9.3887e-06 0.00023772 1.7797e-05
2.3706e-06 9.675e-06 0.00023853 1.8021e-05
2.3283e-06 9.9372e-06 0.00023922 1.8226e-05
2.2977e-06 1.0222e-05 0.00024009 1.8455e-05
2.2381e-06 1.0539e-05 0.00024095 1.8636e-05
2.195e-06 1.0829e-05 0.0002418 1.8795e-05
2.8112e-06 1.2067e-05 0.0002454 1.9556e-05
3.0693e-06 1.2341e-05 0.00024639 1.9753e-05
3.3591e-06 1.2644e-05 0.00024758 1.9978e-05
3.7315e-06 1.2435e-05 0.00024902 2.0232e-05
4.062e-06 1.2201e-05 0.00025033 2.0466e-05
4.3459e-06 1.1993e-05 0.00025186 2.073e-05
4.6683e-06 1.1812e-05 0.00025362 2.1024e-05
4.9486e-06 1.1606e-05 0.00025525 2.1298e-05
5.268e-06 1.1426e-05 0.00025711 2.1602e-05
5.6294e-06 1.1264e-05 0.00025919 2.1394e-05
5.9571e-06 1.1085e-05 0.00026116 2.1172e-05
6.3151e-06 1.0922e-05 0.00026332 2.0971e-05
6.645e-06 1.0745e-05 0.00026541 2.0758e-05
6.9983e-06 1.0579e-05 0.00026766 2.0562e-05
7.323e-06 1.0398e-05 0.00026984 2.0354e-05
7.617e-06 1.0229e-05 0.00027217 2.0161e-05
7.8835e-06 1.0046e-05 0.00027442 1.9958e-05
8.1224e-06 9.8484e-06 0.0002766 1.9745e-05
8.3341e-06 9.6642e-06 0.00027857 1.9548e-05
8.6282e-06 9.4925e-06 0.0002807 1.9368e-05
9.0101e-06 9.3324e-06 0.00028301 1.9204e-05
9.4169e-06 9.1806e-06 0.00028547 1.9052e-05
9.7973e-06 9.0168e-06 0.00028787 1.8891e-05
1.0208e-05 8.8629e-06 0.00029044 1.8744e-05
1.0589e-05 8.7164e-06 0.00029316 1.8609e-05
1.0996e-05 8.5772e-06 0.00029605 1.8485e-05
1.1429e-05 8.445e-06 0.0002991 1.8372e-05
1.1891e-05 8.3196e-06 0.00030233 1.8271e-05
1.2389e-05 8.2027e-06 0.00030576 1.8184e-05
1.2925e-05 8.094e-06 0.00030941 1.8108e-05
1.3502e-05 7.9934e-06 0.00031328 1.8045e-05
1.4115e-05 7.8989e-06 0.00031736 1.7992e-05
1.4698e-05 7.7931e-06 0.00032136 1.7931e-05
1.5248e-05 7.6934e-06 0.00032558 1.7881e-05
1.5768e-05 7.5825e-06 0.00032971 1.7823e-05
1.6331e-05 7.4792e-06 0.00033409 1.7776e-05
1.6968e-05 7.3835e-06 0.00033874 1.7742e-05
1.7647e-05 7.2951e-06 0.00034366 1.772e-05
1.8296e-05 7.1961e-06 0.0003485 1.769e-05
1.9086e-05 7.1043e-06 0.00035363 1.7673e-05
1.9842e-05 7.0015e-06 0.00035866 1.7647e-05
2.0564e-05 6.8874e-06 0.00036361 1.7614e-05
2.1249e-05 6.779e-06 0.00036881 1.7591e-05
2.1992e-05 6.6597e-06 0.00037392 1.7561e-05
2.27e-05 6.5293e-06 0.00037893 1.7522e-05
2.3364e-05 6.4061e-06 0.00038426 1.7496e-05
2.4078e-05 6.2882e-06 0.00038985 1.748e-05
2.4757e-05 6.1592e-06 0.00039535 1.7456e-05
2.5404e-05 6.0195e-06 0.00040075 1.7424e-05
2.611e-05 5.8868e-06 0.00040648 1.7405e-05
2.6871e-05 5.7595e-06 0.00041251 1.7396e-05
2.7703e-05 5.6376e-06 0.00041886 1.7398e-05
2.8611e-05 5.5231e-06 0.0004256 1.7413e-05
2.9607e-05 5.4164e-06 0.00043278 1.7442e-05
3.0527e-05 5.3189e-06 0.00044046 1.7488e-05
3.156e-05 5.2318e-06 0.00044147 1.7551e-05
3.3003e-05 5.1556e-06 0.00044274 1.7635e-05
3.4349e-05 5.0638e-06 0.00044387 1.7704e-05
3.5868e-05 4.9445e-06 0.0004449 1.7759e-05
3.6803e-05 4.8087e-06 0.0004457 1.7781e-05
3.7656e-05 4.6868e-06 0.00044637 1.779e-05
3.844e-05 4.5502e-06 0.00044695 1.906e-05
3.9325e-05 4.4222e-06 0.00044771 2.0398e-05
4.0316e-05 4.3023e-06 0.00044867 2.0655e-05
4.1225e-05 4.1686e-06 0.00044953 2.0897e-05
4.224e-05 4.0423e-06 0.00045057 2.116e-05
4.3174e-05 3.9248e-06 0.00045186 2.1447e-05
4.421e-05 3.8133e-06 0.00045334 2.1756e-05
4.5177e-05 3.6887e-06 0.00045471 2.205e-05
4.6073e-05 3.5695e-06 0.00045629 2.2364e-05
4.7078e-05 3.4567e-06 0.00045807 2.2703e-05
4.8198e-05 3.3497e-06 0.00046008 2.3067e-05
4.9247e-05 3.2467e-06 0.00046228 2.3452e-05
5.042e-05 3.1318e-06 0.00046439 2.3824e-05
5.1719e-05 3.0221e-06 0.00046672 2.4221e-05
5.2954e-05 2.9171e-06 0.00046928 2.4644e-05
5.4135e-05 2.8016e-06 0.00047177 2.5056e-05
5.5423e-05 2.6891e-06 0.00047446 2.5491e-05
5.6666e-05 2.5669e-06 0.00047709 2.5915e-05
5.8016e-05 2.4473e-06 0.00047992 2.6363e-05
5.9479e-05 2.33e-06 0.00048297 2.6835e-05
6.1045e-05 2.2138e-06 0.00048621 2.7328e-05
6.2559e-05 2.0878e-06 0.00048938 2.7809e-05
6.4196e-05 1.9638e-06 0.00049277 2.8316e-05
6.5785e-05 2.3182e-06 0.0004961 2.8813e-05
6.7485e-05 2.6805e-06 0.00049963 2.9332e-05
6.9131e-05 3.0309e-06 0.00050309 2.9839e-05
7.0891e-05 3.3897e-06 0.00050675 3.0369e-05
7.2597e-05 3.7364e-06 0.00051033 3.0887e-05
7.4247e-05 4.0713e-06 0.0005138 3.1394e-05
7.6101e-05 4.4168e-06 0.00051751 3.1928e-05
7.7897e-05 4.7502e-06 0.00052113 3.245e-05
7.9839e-05 5.0948e-06 0.00052501 3.2999e-05
8.1914e-05 5.4496e-06 0.00052881 3.3537e-05
8.413e-05 5.8145e-06 0.00053284 3.41e-05
8.6493e-05 6.1899e-06 0.0005371 3.4688e-05
8.8777e-05 6.0118e-06 0.0005416 3.5303e-05
9.1214e-05 5.8394e-06 0.00054636 3.5945e-05
9.3589e-05 5.6564e-06 0.00055103 3.6574e-05
9.6123e-05 5.4789e-06 0.00055596 3.7232e-05
9.8587e-05 5.2904e-06 0.0005608 3.7876e-05
0.00010124 5.1089e-06 0.00056594 3.8554e-05
0.00010407 4.9324e-06 0.00057136 3.8258e-05
0.00010682 4.7451e-06 0.00057667 3.7952e-05
0.00010978 4.5642e-06 0.00058232 3.7668e-05
0.00011297 4.3895e-06 0.00058831 3.7406e-05
0.0001164 4.2039e-06 0.00059419 3.7133e-05
0.00012008 4.0244e-06 0.00060042 3.6882e-05
0.00012368 4.5267e-06 0.00060655 3.6622e-05
0.00012716 5.0465e-06 0.00061306 3.6382e-05
0.00013089 5.5849e-06 0.00061995 3.6164e-05
0.00013451 6.1397e-06 0.00061937 3.5964e-05
0.00013836 6.7115e-06 0.00061894 3.578e-05
0.00014212 7.2684e-06 0.00061845 3.5587e-05
0.00014577 7.8431e-06 0.00061811 3.5411e-05
0.00014932 8.4026e-06 0.00061772 3.5224e-05
0.00015314 8.9841e-06 0.00061749 3.5058e-05
0.00015725 9.5888e-06 0.00061745 3.4912e-05
0.00016121 1.0219e-05 0.0006176 3.4785e-05
0.00016119 1.0876e-05 0.00061793 3.468e-05
0.0001611 1.1563e-05 0.00061846 3.4595e-05
0.00016095 1.2231e-05 0.00061891 3.4499e-05
0.00016094 1.293e-05 0.00061956 3.4423e-05
0.00016106 1.3658e-05 0.00062014 3.4337e-05
0.00016112 1.4368e-05 0.00062064 3.4239e-05
0.00016112 1.5059e-05 0.00062107 3.4131e-05
0.00016104 1.5784e-05 0.0006217 3.4044e-05
0.00016089 1.6489e-05 0.00062226 3.3946e-05
0.00016066 1.717e-05 0.00062271 3.3833e-05
0.00016031 1.7064e-05 0.00062339 3.3751e-05
0.00016012 1.6977e-05 0.00062375 3.4203e-05
0.00015984 1.6871e-05 0.00062399 3.4635e-05
0.00015975 1.6785e-05 0.00062446 3.5101e-05
0.00015957 1.6681e-05 0.00062482 3.5547e-05
0.0001593 1.6559e-05 0.00062508 3.5975e-05
0.00015894 1.642e-05 0.00062522 3.6384e-05
0.00015874 1.6298e-05 0.00062558 3.6824e-05
0.00015844 1.6158e-05 0.00062582 3.7244e-05
0.00015804 1.5999e-05 0.00062595 3.7645e-05
0.00015755 1.5821e-05 0.00062597 3.8028e-05
0.00015695 1.5623e-05 0.00062585 3.8389e-05
0.00015652 1.5445e-05 0.00062597 3.8783e-05
0.00015594 1.5295e-05 0.00062638 3.9219e-05
0.00015432 1.6306e-05 0.00062662 3.9628e-05
0.00015253 1.7384e-05 0.00062712 3.9391e-05
0.00015104 1.8412e-05 0.00062745 3.9129e-05
0.00014981 1.9518e-05 0.00062809 3.8905e-05
0.00014419 2.3702e-05 0.00062993 3.7894e-05
0.00014176 2.3836e-05 0.00063075 3.7676e-05
0.00013962 2.394e-05 0.00063192 3.6664e-05
0.00013725 2.4079e-05 0.00063342 3.5729e-05
0.00013468 2.419e-05 0.00063474 3.4751e-05
0.00013244 2.4337e-05 0.00063639 3.3847e-05
0.00013149 2.4521e-05 0.00063838 3.3013e-05
0.00013038 2.4738e-05 0.00064083 3.2236e-05
0.0001295 2.4986e-05 0.00064359 3.151e-05
0.00012782 2.521e-05 0.00064619 3.0756e-05
0.0001263 2.5455e-05 0.00064903 3.0038e-05
0.00012472 2.5685e-05 0.00065179 2.9305e-05
0.00012329 2.5934e-05 0.00065477 2.8604e-05
0.00012181 2.6168e-05 0.00065766 2.7888e-05
0.00012047 2.6423e-05 0.00066079 2.7206e-05
0.00011906 2.6702e-05 0.00066384 2.651e-05
0.00011761 2.6967e-05 0.00066682 2.5801e-05
0.00011628 2.7251e-05 0.00067001 2.512e-05
0.00011506 2.7554e-05 0.00067343 2.4466e-05
0.00011379 2.7841e-05 0.00067677 2.3799e-05
0.00011246 2.8114e-05 0.00068003 2.312e-05
0.00011127 2.8407e-05 0.00068321 2.2428e-05
0.0001102 2.8685e-05 0.00068632 2.1725e-05
0.00010908 2.8948e-05 0.00068935 2.1008e-05
0.00010791 2.9197e-05 0.00069227 2.0278e-05
0.00010686 2.9467e-05 0.00069542 1.958e-05
0.00010577 2.9724e-05 0.00069851 1.887e-05
0.00010479 3.0004e-05 0.00070185 1.819e-05
0.00010376 3.0268e-05 0.00070511 1.7498e-05
0.00010269 3.0518e-05 0.0007083 1.6795e-05
0.00010172 3.0787e-05 0.00071171 1.6117e-05
0.0001007 3.1041e-05 0.00071504 1.5427e-05
9.9627e-05 3.128e-05 0.00071829 1.4724e-05
9.867e-05 3.1542e-05 0.00072179 1.405e-05
9.7811e-05 3.1825e-05 0.00072552 1.3402e-05
9.7048e-05 3.2132e-05 0.00072953 1.278e-05
9.6227e-05 3.2461e-05 0.0007338 1.2182e-05
9.5356e-05 3.2774e-05 0.00073797 1.1571e-05
9.4434e-05 3.307e-05 0.00074204 1.0949e-05
9.3629e-05 3.335e-05 0.00074642 1.0353e-05
9.2773e-05 3.2308e-05 0.0007511 9.7819e-06
9.201e-05 3.1306e-05 0.00075606 9.2315e-06
9.1203e-05 3.0284e-05 0.00076094 8.671e-06
9.0501e-05 2.9306e-05 0.00076613 8.1333e-06
8.99e-05 2.8372e-05 0.00077167 7.6173e-06
8.9256e-05 2.7418e-05 0.00077707 7.0918e-06
8.8712e-05 2.6505e-05 0.00078235 6.5556e-06
8.8251e-05 2.5627e-05 0.00078794 6.0378e-06
8.7737e-05 2.4782e-05 0.00079384 5.5376e-06
8.7305e-05 2.3968e-05 0.00080006 5.0543e-06
8.6955e-05 2.3185e-05 0.00080663 4.5872e-06
8.6844e-05 2.2436e-05 0.00081362 4.1382e-06
8.6689e-05 2.1669e-05 0.00082046 3.6797e-06
8.649e-05 2.0883e-05 0.00082718 3.2115e-06
8.6245e-05 2.0077e-05 0.00083377 2.7335e-06
8.6094e-05 1.9307e-05 0.00084078 2.2738e-06
8.6024e-05 1.8566e-05 0.00084817 1.8294e-06
8.5902e-05 1.7804e-05 0.00085541 1.3744e-06
8.5719e-05 1.7449e-05 0.00086243 1.3568e-06
8.5648e-05 1.7118e-05 0.00086998 1.3411e-06
8.5508e-05 1.6808e-05 0.00087802 1.3265e-06
8.5482e-05 1.648e-05 0.00088586 1.3066e-06
8.5387e-05 1.6134e-05 0.0008935 1.2812e-06
8.5387e-05 1.5808e-05 0.00090163 1.257e-06
8.5319e-05 1.5502e-05 0.00091028 1.2338e-06
8.5346e-05 1.5214e-05 0.00091948 1.2117e-06
8.5311e-05 1.4907e-05 0.00092842 1.1839e-06
8.521e-05 1.4582e-05 0.00093709 1.1505e-06
8.502e-05 1.4281e-05 0.00094647 1.1192e-06
8.4758e-05 1.3961e-05 0.0009555 1.3289e-06
8.4628e-05 1.3666e-05 0.0009653 1.5497e-06
8.3111e-05 1.3351e-05 0.00097477 1.761e-06
8.1752e-05 1.3015e-05 0.00098382 1.9631e-06
8.0322e-05 1.2662e-05 0.00099263 2.1572e-06
7.8823e-05 1.2292e-05 0.0010012 2.3439e-06
7.7457e-05 1.1905e-05 0.0010096 2.5234e-06
7.6203e-05 1.1535e-05 0.0010185 2.7088e-06
7.505e-05 1.1179e-05 0.0010278 2.9001e-06
6.8623e-05 1.0838e-05 0.0010377 3.0974e-06
6.2055e-05 1.0482e-05 0.0010473 3.2882e-06
5.5907e-05 1.0142e-05 0.0010576 3.4862e-06
4.964e-05 9.7892e-06 0.0010676 3.6781e-06
4.3772e-05 9.4512e-06 0.0010783 3.8774e-06
3.8277e-05 9.1273e-06 0.0010896 4.0845e-06
3.3446e-05 8.8144e-06 0.0011015 4.2984e-06
2.8506e-05 8.4888e-06 0.0011131 4.5055e-06
2.3879e-05 8.1763e-06 0.0011254 4.7211e-06
2.3039e-05 7.8779e-06 0.0011376 4.9298e-06
2.2254e-05 7.5894e-06 0.0011503 5.1458e-06
2.1529e-05 7.3126e-06 0.0011638 5.3711e-06
2.0853e-05 7.0449e-06 0.0011779 5.6046e-06
2.0224e-05 6.786e-06 0.0011928 5.8467e-06
1.964e-05 6.5356e-06 0.0012084 6.0978e-06
1.9023e-05 6.2732e-06 0.0012237 6.3415e-06
1.837e-05 5.9979e-06 0.0012388 6.5769e-06
1.7788e-05 5.7378e-06 0.001255 6.8274e-06
1.7146e-05 5.4915e-06 0.0012725 7.0973e-06
1.6445e-05 5.2273e-06 0.0012893 7.3538e-06
1.5682e-05 4.9444e-06 0.0013055 7.5966e-06
1.5011e-05 4.6771e-06 0.0013229 7.8564e-06
1.428e-05 4.391e-06 0.0013396 8.102e-06
1.3625e-05 4.121e-06 0.0013578 8.366e-06
1.2911e-05 3.8689e-06 0.0013776 8.6602e-06
1.2269e-05 3.6302e-06 0.001399 8.9747e-06
1.1564e-05 3.3731e-06 0.0014195 9.2725e-06
1.0929e-05 3.1289e-06 0.0014416 9.5909e-06
1.0233e-05 2.8664e-06 0.0014627 9.8922e-06
9.6156e-06 2.6193e-06 0.0014858 1.0219e-05
9.0608e-06 2.6345e-06 0.0015115 1.041e-05
8.4595e-06 2.6555e-06 0.0015364 1.059e-05
7.812e-06 2.6645e-06 0.0015605 1.0757e-05
7.2123e-06 2.6773e-06 0.0015863 1.094e-05
6.5732e-06 2.679e-06 0.0016115 1.1146e-05
5.9716e-06 2.6819e-06 0.001638 1.1364e-05
5.334e-06 2.6859e-06 0.0016659 1.1594e-05
4.6675e-06 2.6804e-06 0.0016934 1.1815e-05
4.701e-06 2.665e-06 0.0017205 1.2029e-05
4.7456e-06 2.651e-06 0.001749 1.2255e-05
4.7695e-06 2.6275e-06 0.0017771 1.2473e-05
4.8039e-06 2.6052e-06 0.0018068 1.2703e-05
4.8462e-06 2.5831e-06 0.0018378 1.2945e-05
4.8679e-06 2.5516e-06 0.0018684 1.3179e-05
4.8689e-06 2.5105e-06 0.0018986 1.3404e-05
4.8779e-06 2.4707e-06 0.0019304 1.3643e-05
4.898e-06 2.4319e-06 0.0019639 1.3895e-05
4.9293e-06 2.3944e-06 0.0019992 1.4162e-05
4.9375e-06 2.3569e-06 0.0020052 1.4442e-05
4.9576e-06 2.3207e-06 0.0020115 1.4738e-05
4.957e-06 2.2751e-06 0.0020178 1.5025e-05
4.9326e-06 2.2298e-06 0.002013 1.5326e-05
4.922e-06 2.1747e-06 0.0020081 1.5617e-05
4.8894e-06 2.1098e-06 0.0020031 1.5899e-05
4.8345e-06 2.0352e-06 0.0019979 1.6172e-05
4.7918e-06 1.9617e-06 0.0019931 1.646e-05
4.7283e-06 1.8888e-06 0.0019881 1.674e-05
4.6442e-06 1.8066e-06 0.0019831 1.7012e-05
4.5689e-06 1.7243e-06 0.0019784 1.7297e-05
4.5065e-06 1.6429e-06 0.0019741 1.76e-05
4.4525e-06 1.5612e-06 0.0019702 1.7917e-05
4.407e-06 1.4792e-06 0.0019666 1.8251e-05
4.3733e-06 1.3978e-06 0.0019634 1.8604e-05
4.5011e-06 1.3163e-06 0.0019606 1.8976e-05
4.6058e-06 1.2251e-06 0.0019576 1.9337e-05
4.6856e-06 1.1237e-06 0.0019545 1.9685e-05
4.7811e-06 1.0236e-06 0.0019511 2.002e-05
4.8957e-06 9.2496e-07 0.0019482 2.0379e-05
5.0302e-06 8.2749e-07 0.0019291 2.0156e-05
5.1387e-06 7.31e-07 0.0019096 1.9921e-05
5.2247e-06 6.2531e-07 0.0018897 1.9676e-05
5.2888e-06 5.1055e-07 0.0018695 1.9422e-05
5.3313e-06 6.1046e-07 0.001849 1.9159e-05
5.3835e-06 7.0846e-07 0.0018295 1.891e-05
5.4144e-06 7.9763e-07 0.0018096 1.8653e-05
5.4244e-06 8.7802e-07 0.0017895 1.8386e-05
5.4464e-06 9.571e-07 0.0017704 1.8135e-05
5.4806e-06 1.035e-06 0.0017523 1.7899e-05
5.4919e-06 1.1112e-06 0.001735 1.7676e-05
5.4823e-06 1.1785e-06 0.0017175 1.7445e-05
5.4817e-06 1.2441e-06 0.0017008 1.7226e-05
5.4602e-06 1.3008e-06 0.0016838 1.6998e-05
5.4177e-06 1.3487e-06 0.0016666 1.6762e-05
5.3552e-06 1.3879e-06 0.0016491 1.6518e-05
5.3018e-06 1.4262e-06 0.0016326 1.6289e-05
5.224e-06 1.4636e-06 0.001617 1.6073e-05
5.156e-06 1.4923e-06 0.0016011 1.585e-05
5.0967e-06 1.5194e-06 0.001586 1.5639e-05
5.0174e-06 1.5379e-06 0.0015706 1.542e-05
4.9468e-06 1.5548e-06 0.001556 1.5213e-05
4.8556e-06 1.5714e-06 0.0015412 1.4997e-05
4.776e-06 1.5875e-06 0.0015271 1.4795e-05
4.7076e-06 1.6028e-06 0.0015138 1.4606e-05
4.6874e-06 1.6094e-06 0.0015019 1.4409e-05
4.6747e-06 1.6146e-06 0.0014905 1.4223e-05
4.6725e-06 1.6192e-06 0.0014797 1.4049e-05
4.6777e-06 1.6223e-06 0.0014695 1.3885e-05
4.6623e-06 1.6165e-06 0.0014591 1.3714e-05
4.6574e-06 1.6101e-06 0.0014493 1.3555e-05
4.8341e-06 1.6024e-06 0.00144 1.3405e-05
5.0251e-06 1.5942e-06 0.0014313 1.3268e-05
5.195e-06 1.5772e-06 0.0014224 1.3123e-05
5.3766e-06 1.5513e-06 0.0014134 1.297e-05
5.5737e-06 1.5248e-06 0.0014049 1.2829e-05
5.787e-06 1.4977e-06 0.0013969 1.2699e-05
6.0174e-06 1.4699e-06 0.0013894 1.258e-05
6.2253e-06 1.4331e-06 0.0013818 1.2453e-05
6.4118e-06 1.3876e-06 0.001374 1.232e-05
5.8848e-06 1.3413e-06 0.0013667 1.2197e-05
5.3312e-06 1.2861e-06 0.0013592 1.2066e-05
4.8083e-06 1.23e-06 0.0013523 1.1946e-05
4.6868e-06 1.173e-06 0.0013457 1.1836e-05
4.577e-06 1.115e-06 0.0013396 1.1736e-05
4.4785e-06 1.0558e-06 0.0013339 1.1646e-05
4.3909e-06 9.9543e-07 0.0013286 1.1565e-05
4.314e-06 9.3378e-07 0.0013236 1.1495e-05
4.2493e-06 8.631e-07 0.0013186 1.1416e-05
4.1954e-06 7.9127e-07 0.0013139 1.1348e-05
4.1497e-06 7.1754e-07 0.0013095 1.1288e-05
4.112e-06 6.4183e-07 0.0013055 1.1236e-05
4.0231e-06 5.5715e-07 0.0013013 1.1177e-05
3.9463e-06 4.7126e-07 0.0012975 1.1128e-05
3.8466e-06 5.8525e-07 0.0012936 1.1071e-05
3.7594e-06 6.9929e-07 0.00129 1.1024e-05
3.6842e-06 8.1371e-07 0.0012868 1.0989e-05
3.5869e-06 9.1837e-07 0.0012835 1.0945e-05
3.5019e-06 1.0238e-06 0.0012805 1.0912e-05
3.3927e-06 1.1189e-06 0.0012774 1.087e-05
3.299e-06 1.2161e-06 0.0012747 1.084e-05
3.2548e-06 1.3004e-06 0.0012717 1.0802e-05
3.1753e-06 1.3891e-06 0.0012692 1.0781e-05
3.1135e-06 1.4653e-06 0.0012665 1.0751e-05
3.0225e-06 1.5459e-06 0.0012635 1.0709e-05
2.9474e-06 1.63e-06 0.001261 1.068e-05
2.8881e-06 1.7195e-06 0.0012589 1.0668e-05
2.8436e-06 1.8133e-06 0.0012573 1.067e-05
2.8192e-06 1.8932e-06 0.0012554 1.0659e-05
2.93e-06 1.9793e-06 0.0012539 1.0664e-05
3.0055e-06 2.072e-06 0.0012529 1.0685e-05
3.1034e-06 2.1505e-06 0.0012517 1.0693e-05
3.1702e-06 2.2357e-06 0.0012509 1.0718e-05
3.2015e-06 2.3282e-06 0.0012505 1.0759e-05
3.2038e-06 2.407e-06 0.00125 1.0787e-05
3.2261e-06 2.4933e-06 0.0012498 1.0833e-05
3.2647e-06 2.5633e-06 0.00125 1.0893e-05
3.3204e-06 2.6415e-06 0.0012507 1.097e-05
3.3432e-06 2.7258e-06 0.0012518 1.0697e-05
3.3301e-06 2.8188e-06 0.0012532 1.0447e-05
3.3353e-06 2.8974e-06 0.0012545 1.0182e-05
3.3077e-06 2.9828e-06 0.0012562 9.9373e-06
3.2471e-06 3.0754e-06 0.0012583 9.7117e-06
3.2085e-06 3.1534e-06 0.0012601 9.4711e-06
3.1865e-06 3.2408e-06 0.0012625 9.2523e-06
3.1847e-06 3.338e-06 0.0012653 9.0541e-06
3.2029e-06 3.4455e-06 0.0012622 8.8754e-06
3.1888e-06 3.5616e-06 0.0012595 8.7128e-06
3.1948e-06 3.6891e-06 0.0012574 8.5679e-06
3.2218e-06 3.7844e-06 0.0012549 8.4088e-06
3.2703e-06 3.8316e-06 0.0012523 8.2364e-06
3.34e-06 3.8889e-06 0.0012501 8.0817e-06
3.3777e-06 3.9303e-06 0.0012477 7.9129e-06
3.4368e-06 3.982e-06 0.0012457 7.7614e-06
3.4636e-06 4.8255e-06 0.0012435 7.5959e-06
3.4542e-06 5.0415e-06 0.0012323 7.4473e-06
3.4636e-06 5.2394e-06 0.0012206 7.2861e-06
3.4416e-06 5.4549e-06 0.0012099 7.1413e-06
3.4364e-06 5.6857e-06 0.0012002 7.0099e-06
3.4479e-06 5.9329e-06 0.0011912 6.8911e-06
3.4298e-06 6.1608e-06 0.0011818 6.7607e-06
3.4981e-06 6.409e-06 0.0011733 6.645e-06
3.5913e-06 6.636e-06 0.0011644 6.5165e-06
3.7083e-06 6.8839e-06 0.0011563 6.4043e-06
3.7919e-06 7.1103e-06 0.0011477 6.2796e-06
3.9e-06 7.3581e-06 0.00114 6.1689e-06
4.034e-06 7.6286e-06 0.001133 6.0716e-06
4.1957e-06 7.9233e-06 0.0011268 5.9873e-06
4.383e-06 8.1947e-06 0.0011202 5.8911e-06
4.5329e-06 8.443e-06 0.0011132 5.7828e-06
4.714e-06 8.7157e-06 0.0011069 5.6876e-06
4.9294e-06 8.9637e-06 0.0011002 5.5805e-06
5.1811e-06 9.2367e-06 0.0010942 5.4862e-06
5.4662e-06 9.536e-06 0.0010889 5.4041e-06
5.7945e-06 9.813e-06 0.0010833 5.3115e-06
6.435e-06 1.0117e-05 0.0010782 5.2309e-06
7.0077e-06 1.045e-05 0.0010739 5.1619e-06
7.5246e-06 1.0756e-05 0.0010692 5.0817e-06
8.1111e-06 1.1087e-05 0.001065 5.0112e-06
8.9201e-06 1.1445e-05 0.0010612 4.9499e-06
9.8139e-06 1.183e-05 0.0010579 4.8978e-06
1.0801e-05 1.2245e-05 0.0010446 4.8544e-06
1.171e-05 1.2631e-05 0.0010305 4.8004e-06
1.274e-05 1.299e-05 0.0010158 4.7356e-06
1.3157e-05 1.3323e-05 0.0010004 4.6609e-06
1.3637e-05 1.3689e-05 0.00098654 4.5968e-06
1.4183e-05 1.4086e-05 0.00097373 4.5415e-06
1.4661e-05 1.4515e-05 0.00096193 4.4975e-06
1.5078e-05 1.4913e-05 0.00094955 4.4431e-06
1.5427e-05 1.5351e-05 0.00093827 4.3986e-06
1.5852e-05 1.583e-05 0.00092649 4.3446e-06
1.6345e-05 1.6282e-05 0.00091406 4.2811e-06
1.6896e-05 1.6762e-05 0.00090246 4.2241e-06
1.7514e-05 1.7219e-05 0.00089048 4.1591e-06
1.8183e-05 1.7699e-05 0.00087916 4.0988e-06
1.8818e-05 1.8162e-05 0.00086764 4.0324e-06
1.95e-05 1.8646e-05 0.00085669 3.9698e-06
2.0234e-05 1.9115e-05 0.00084556 3.9015e-06
2.102e-05 1.9605e-05 0.00083497 3.8369e-06
2.1869e-05 2.012e-05 0.00082499 3.7766e-06
2.2787e-05 2.0661e-05 0.00081556 3.7207e-06
2.3777e-05 2.123e-05 0.00080668 3.6689e-06
2.4847e-05 2.1829e-05 0.00079831 3.6214e-06
2.5868e-05 2.241e-05 0.00078978 3.5681e-06
2.6965e-05 2.3018e-05 0.00078172 3.5183e-06
2.8012e-05 2.3606e-05 0.00077347 3.4634e-06
2.9161e-05 2.4231e-05 0.00076577 3.4137e-06
3.0248e-05 2.4831e-05 0.00075784 3.357e-06
3.1819e-05 2.5484e-05 0.00075063 3.3081e-06
3.2949e-05 2.6186e-05 0.00074401 3.2659e-06
3.4247e-05 2.6735e-05 0.00073699 3.2149e-06
3.5425e-05 2.7331e-05 0.00073055 3.1706e-06
3.6772e-05 2.7983e-05 0.00072474 3.134e-06
4.0928e-05 2.8599e-05 0.00071865 3.0888e-06
4.2243e-05 2.9265e-05 0.00071308 3.0499e-06
4.3446e-05 2.9891e-05 0.0007072 3.0018e-06
4.4827e-05 3.0576e-05 0.00070189 2.9613e-06
4.6404e-05 3.1324e-05 0.00069713 2.9281e-06
4.7322e-05 3.2029e-05 0.00069209 2.8858e-06
4.7408e-05 3.269e-05 0.00068674 2.8343e-06
4.7421e-05 3.3312e-05 0.00068105 2.7743e-06
4.736e-05 3.3898e-05 0.00067499 2.7057e-06
4.6754e-05 3.454e-05 0.00066734 2.6274e-06
4.6051e-05 3.5237e-05 0.00066031 2.5556e-06
4.5485e-05 3.5991e-05 0.00065387 2.49e-06
4.4819e-05 3.5847e-05 0.00064808 2.4304e-06
4.4065e-05 3.7178e-05 0.00064197 2.3618e-06
4.3428e-05 3.8616e-05 0.00063645 2.3003e-06
4.2685e-05 4.0168e-05 0.00063149 2.2455e-06
4.2058e-05 4.1825e-05 0.00062623 2.1819e-06
4.1417e-05 4.3595e-05 0.00062144 2.1244e-06
4.0765e-05 4.5486e-05 0.0006171 2.072e-06
4.01e-05 4.7523e-05 0.00061322 2.0256e-06
3.9422e-05 4.9725e-05 0.00060912 1.9715e-06
3.8732e-05 5.2074e-05 0.00060542 1.922e-06
3.803e-05 5.4336e-05 0.0006015 2.1454e-06
3.7224e-05 5.76e-05 0.00059843 2.3855e-06
3.6667e-05 6.1111e-05 0.00059575 2.6426e-06
3.6209e-05 6.4854e-05 0.00059342 2.9154e-06
3.6084e-05 6.8883e-05 0.00058433 3.209e-06
3.5589e-05 7.2773e-05 0.00057483 3.4884e-06
3.5009e-05 7.6919e-05 0.00056615 3.7854e-06
3.453e-05 8.0905e-05 0.00055702 4.0665e-06
3.3963e-05 8.5154e-05 0.00054861 4.3714e-06
3.3495e-05 8.9766e-05 0.00053978 4.6599e-06
3.3912e-05 9.4761e-05 0.00053276 4.9271e-06
3.444e-05 0.00010013 0.00052639 4.9298e-06
3.5085e-05 0.00010591 0.00052063 4.9427e-06
3.5717e-05 0.00011207 0.00051536 4.9642e-06
3.6337e-05 0.00011802 0.00050984 4.9759e-06
3.6944e-05 0.00012442 0.00050484 4.9979e-06
3.7539e-05 0.00013124 0.00050028 5.0284e-06
3.8121e-05 0.0001385 0.00049613 5.0678e-06
3.869e-05 0.00014623 0.00049236 5.116e-06
3.9247e-05 0.00015368 0.00048835 5.1535e-06
3.9792e-05 0.00016169 0.00048476 5.2017e-06
4.0324e-05 0.00016408 0.00048153 5.2592e-06
4.0843e-05 0.00016668 0.00047862 5.3261e-06
4.135e-05 0.00016919 0.00047553 5.3829e-06
4.1844e-05 0.00016936 0.00047276 5.4492e-06
4.2326e-05 0.00016965 0.00047033 5.5271e-06
4.2795e-05 0.00017004 0.00046823 5.6171e-06
4.3252e-05 0.00017052 0.00046639 5.7175e-06
4.3696e-05 0.00017094 0.00046808 5.8063e-06
4.4128e-05 0.00017129 0.00046917 5.9082e-06
4.4547e-05 0.00017173 0.00047048 6.0197e-06
4.4954e-05 0.00017212 0.00047168 6.1222e-06
4.5348e-05 0.00017246 0.00047279 6.2162e-06
4.573e-05 0.0001729 0.00047411 6.3199e-06
4.6099e-05 0.00017329 0.00047566 6.4334e-06
4.6455e-05 0.00017375 0.00047743 6.5568e-06
4.6799e-05 0.0001743 0.00047942 6.6902e-06
4.7131e-05 0.00017492 0.00048162 6.8321e-06
4.745e-05 0.00017283 0.00048403 6.983e-06
4.7757e-05 0.00017085 0.00048666 7.1428e-06
4.805e-05 0.00016882 0.00048918 7.2939e-06
4.8332e-05 0.00016674 0.00049159 7.4361e-06
4.8601e-05 0.00016461 0.0004939 7.5696e-06
4.8818e-05 0.00016242 0.00049611 7.6944e-06
4.9122e-05 0.00016036 0.00049857 7.83e-06
4.9352e-05 0.00015843 0.0005013 7.9779e-06
4.9517e-05 0.00015643 0.00050388 8.1151e-06
4.9797e-05 0.00015434 0.00050681 8.2677e-06
5.02e-05 0.0001524 0.00051006 8.1142e-06
5.0139e-05 0.00015037 0.00051311 7.9472e-06
5.0195e-05 0.0001485 0.00051655 7.7967e-06
5.0171e-05 0.00014679 0.00052039 7.6624e-06
5.0273e-05 0.00014499 0.00052401 7.5147e-06
5.0501e-05 0.0001431 0.00052743 7.3545e-06
5.0638e-05 0.00014137 0.00053065 7.1814e-06
4.9457e-05 0.0001398 0.00053428 7.0253e-06
4.8168e-05 0.00013813 0.00053769 6.8553e-06
4.6763e-05 0.00013662 0.00054152 6.7018e-06
4.5552e-05 0.00013502 0.00054511 6.5348e-06
4.4241e-05 0.00013335 0.00054851 6.3552e-06
4.308e-05 0.00013181 0.00055227 6.1895e-06
4.3567e-05 0.00013019 0.00055583 6.0116e-06
4.3979e-05 0.0001285 0.00055919 5.821e-06
4.4514e-05 0.00012695 0.00055839 5.6469e-06
4.5798e-05 0.00012555 0.00055741 5.4591e-06
4.6972e-05 0.00012429 0.00055673 5.2873e-06
4.8305e-05 0.00012314 0.00055634 5.1306e-06
4.9815e-05 0.00012211 0.00055579 4.9604e-06
5.1213e-05 0.00012102 0.00055509 4.7782e-06
5.2823e-05 0.00011961 0.00055424 4.5838e-06
5.5172e-05 0.00011739 0.00055368 4.4048e-06
5.7828e-05 0.00011535 0.00055341 4.2404e-06
6.0824e-05 0.00011346 0.00055343 4.0896e-06
6.217e-05 0.00011173 0.00055373 3.9516e-06
6.3698e-05 0.00011013 0.00055428 3.8238e-06
6.5087e-05 0.00010868 0.00055467 3.6846e-06
6.6464e-05 0.00010716 0.00055491 3.5347e-06
6.783e-05 0.00010576 0.00055541 3.395e-06
6.9184e-05 0.00010447 0.00055616 3.2651e-06
7.0526e-05 0.00010061 0.00055674 3.124e-06
7.1856e-05 9.7031e-05 0.00055762 2.994e-06
7.3174e-05 9.3707e-05 0.00055879 2.8746e-06
7.4481e-05 9.0245e-05 0.0005598 2.7446e-06
7.5776e-05 8.703e-05 0.00056111 2.6247e-06
7.7059e-05 8.4023e-05 0.0005627 2.5128e-06
7.833e-05 8.0889e-05 0.00056317 2.3907e-06
7.959e-05 7.798e-05 0.00056394 2.2778e-06
8.0838e-05 7.5281e-05 0.000565 2.1737e-06
8.2074e-05 7.2466e-05 0.0005659 2.3291e-06
8.3298e-05 6.9831e-05 0.00056711 2.4943e-06
8.451e-05 6.7363e-05 0.00056814 2.6482e-06
8.5711e-05 6.4801e-05 0.00056903 2.7918e-06
8.69e-05 6.2142e-05 0.00056976 2.9255e-06
8.8077e-05 5.965e-05 0.00056629 3.0684e-06
8.9243e-05 5.7052e-05 0.00056258 3.2003e-06
9.0396e-05 5.7026e-05 0.00055854 3.3213e-06
9.1538e-05 5.6951e-05 0.00054823 3.3011e-06
9.2668e-05 5.6835e-05 0.00053741 3.2715e-06
9.3787e-05 5.6679e-05 0.00052755 3.2497e-06
0.00013077 4.6819e-05 0.00014103 1.9842e-06
0.00013137 4.6417e-05 0.00013146 1.8738e-06
0.00013196 4.6073e-05 0.00012271 1.7713e-06
0.00013254 4.5785e-05 0.00011477 1.6762e-06
0.00013311 4.5457e-05 0.00010604 1.5719e-06
0.00013366 4.5187e-05 9.6945e-05 1.459e-06
0.00013421 4.4971e-05 8.8643e-05 1.3535e-06
0.00013474 4.4716e-05 8.6026e-05 1.2396e-06
0.00013526 4.4426e-05 8.3246e-05 1.1171e-06
0.00013577 4.4183e-05 8.0707e-05 1.0007e-06
0.00013627 4.3902e-05 7.8027e-05 1.0617e-06
0.00013675 4.3583e-05 7.52e-05 1.5675e-06
0.00013722 4.3224e-05 7.2221e-05 2.051e-06
0.00013768 4.2826e-05 7.24e-05 2.5128e-06
0.00013813 4.2483e-05 7.2678e-05 2.6338e-06
0.00014539 1.8646e-05 8.0179e-05 4.8862e-06
0.00014522 1.7988e-05 8.3648e-05 4.8328e-06
0.00014504 1.7292e-05 8.6945e-05 4.7688e-06
0.00014485 1.6649e-05 9.0559e-05 4.7153e-06
0.00014464 1.7007e-05 9.3993e-05 4.6511e-06
0.00014443 1.7338e-05 9.7273e-05 4.577e-06
0.0001442 1.7643e-05 0.0001004 4.4929e-06
0.00014396 1.7982e-05 0.00010339 4.3986e-06
0.0001437 1.8295e-05 0.00010623 4.2941e-06
0.00014344 1.864e-05 0.00010933 4.1991e-06
0.00014316 1.8955e-05 0.00011226 4.093e-06
0.00014288 1.9307e-05 0.00011503 3.9757e-06
0.00014258 1.97e-05 0.00011808 3.8696e-06
0.00014227 2.014e-05 0.00012097 3.7525e-06
0.00014194 2.063e-05 0.0001237 3.6243e-06
0.00014161 2.1167e-05 0.00012668 3.5074e-06
0.00014126 2.167e-05 0.00014574 3.3792e-06
0.0001409 2.214e-05 0.00015552 3.0705e-06
0.00014054 2.2656e-05 0.00016621 2.7826e-06
0.00014015 2.3137e-05 0.00017646 2.4805e-06
0.00013976 2.3587e-05 0.00018767 2.1983e-06
0.00013936 2.3338e-05 0.00019993 1.9345e-06
0.00013894 2.3126e-05 0.00021169 1.6575e-06
0.00013851 2.2886e-05 0.00022297 1.367e-06
0.00013807 2.2679e-05 0.00022638 1.0922e-06
0.00013762 2.2441e-05 0.00022978 8.3489e-07
0.00013716 2.2239e-05 0.00023317 5.9317e-07
0.00013668 2.2074e-05 0.00023656 3.657e-07
0.0001362 2.188e-05 0.00023976 3.4405e-07
0.0001357 2.1656e-05 0.00024273 3.2514e-07
0.00013519 2.1468e-05 0.00024602 3.0645e-07
0.00013467 2.1251e-05 0.00024921 2.8229e-07
0.00013413 2.107e-05 0.00025275 2.583e-07
0.00013359 2.0851e-05 0.00025672 2.3435e-07
0.00013303 2.0663e-05 0.00026104 2.0989e-07
0.00013246 2.0448e-05 0.00026517 1.8033e-07
0.00013188 2.0263e-05 0.00026966 1.5021e-07
0.00013129 2.0117e-05 0.00027383 1.1479e-07
0.00013069 1.9934e-05 0.00027844 7.9154e-08
0.00013007 1.9781e-05 0.00028345 4.2733e-08
0.00012944 1.9602e-05 0.00028824 4.6904e-08
0.00012881 1.9458e-05 0.00028903 4.887e-08
0.00012815 1.9345e-05 0.00029004 4.864e-08
0.00012749 1.9265e-05 0.00029128 4.6215e-08
0.00012682 1.9215e-05 0.00029278 4.1581e-08
0.00012613 1.9139e-05 0.00029414 7.4974e-08
0.00012543 1.9096e-05 0.00029267 1.0777e-07
0.00012473 1.9085e-05 0.00029143 1.4013e-07
0.000124 1.9099e-05 0.00029041 1.7224e-07
0.00012327 1.9146e-05 0.00028962 2.0521e-07
0.00012253 1.9087e-05 0.00028871 2.3301e-07
0.00012177 1.9e-05 0.00028385 2.6101e-07
0.000121 1.8883e-05 0.00027939 2.8875e-07
0.00012022 1.8742e-05 0.00027471 3.1123e-07
0.00011943 1.8632e-05 0.00027047 3.3396e-07
0.00011863 1.8498e-05 0.00026598 3.5141e-07
0.00011782 1.8395e-05 0.0002619 3.6917e-07
0.00011699 1.8323e-05 0.00025822 3.8735e-07
0.00011603 1.8281e-05 0.00025502 4.0851e-07
0.00011529 1.8269e-05 0.00025215 4.3036e-07
0.0001144 1.8283e-05 0.00024244 4.5312e-07
0.00011369 1.8322e-05 0.00023349 4.7627e-07
0.00011287 1.8337e-05 0.00022415 4.9383e-07
0.00011222 1.8378e-05 0.00021552 5.1182e-07
0.00011178 1.8393e-05 0.00020635 5.2393e-07
0.00011155 1.8382e-05 0.00019664 6.5544e-07
0.00011118 1.8397e-05 0.00018767 7.9309e-07
0.00011114 1.8387e-05 0.00017831 9.2217e-07
0.00011126 1.8404e-05 0.00016966 1.0577e-06
0.00011123 1.845e-05 0.00016176 1.2016e-06
0.00011107 1.8527e-05 0.00015453 1.3548e-06
0.00010914 1.858e-05 0.000147 1.4988e-06
0.00010708 1.866e-05 0.00014006 1.6512e-06
0.0001052 1.8759e-05 0.00013354 1.8097e-06
0.0001035 1.8877e-05 0.00012739 1.9741e-06
0.00010195 1.9012e-05 0.00012158 2.1446e-06
0.00010056 1.9132e-05 0.00011564 2.3082e-06
9.9103e-05 1.9236e-05 0.00010958 2.4651e-06
9.7561e-05 1.9358e-05 0.00010384 2.628e-06
9.614e-05 1.9494e-05 9.8378e-05 2.7959e-06
9.4832e-05 1.9643e-05 9.3162e-05 2.9689e-06
9.3634e-05 1.9807e-05 8.8185e-05 3.1471e-06
9.2424e-05 1.9989e-05 8.3465e-05 3.3322e-06
9.1201e-05 2.0156e-05 7.8661e-05 3.5108e-06
8.9968e-05 2.0341e-05 7.4105e-05 3.6964e-06
8.8722e-05 2.054e-05 6.9757e-05 3.8882e-06
8.7465e-05 2.0758e-05 6.5635e-05 4.0878e-06
8.6196e-05 2.0963e-05 6.1443e-05 4.2809e-06
8.5034e-05 2.1183e-05 5.7444e-05 4.4809e-06
8.382e-05 2.1389e-05 5.3374e-05 4.6741e-06
8.2717e-05 2.1615e-05 4.9528e-05 4.8765e-06
8.1736e-05 2.1864e-05 4.5898e-05 5.0887e-06
8.0879e-05 2.2136e-05 4.2481e-05 5.3119e-06
7.9926e-05 2.2436e-05 3.9288e-05 5.5484e-06
7.9377e-05 2.2767e-05 3.632e-05 5.8004e-06
7.8743e-05 2.3134e-05 3.3571e-05 6.0698e-06
7.8232e-05 2.3532e-05 3.0998e-05 6.355e-06
7.7129e-05 2.3903e-05 2.8322e-05 6.6266e-06
7.6185e-05 2.4311e-05 2.5838e-05 6.9169e-06
7.5393e-05 2.4757e-05 2.3533e-05 7.2272e-06
7.4745e-05 2.5243e-05 2.1393e-05 7.5588e-06
7.4007e-05 2.57e-05 1.9163e-05 7.8749e-06
7.3164e-05 2.6119e-05 1.7085e-05 8.2117e-06
7.2485e-05 2.651e-05 1.4918e-05 8.5329e-06
7.1938e-05 2.6938e-05 1.29e-05 8.8758e-06
7.1299e-05 2.7336e-05 1.0792e-05 9.2021e-06
7.0821e-05 2.7704e-05 1.0599e-05 9.5119e-06
7.0493e-05 2.8118e-05 1.0438e-05 9.848e-06
7.0077e-05 2.8501e-05 1.0249e-05 1.0167e-05
6.9814e-05 2.8853e-05 1.003e-05 1.0469e-05
6.97e-05 2.9245e-05 9.8393e-06 1.0795e-05
6.9478e-05 2.9678e-05 9.6757e-06 1.0754e-05
6.9401e-05 3.0162e-05 9.5443e-06 1.073e-05
6.9447e-05 3.0691e-05 9.4377e-06 1.072e-05
6.9408e-05 3.1186e-05 9.3037e-06 1.0697e-05
6.9512e-05 3.1735e-05 9.1989e-06 1.0691e-05
6.9797e-05 3.2341e-05 9.123e-06 1.0701e-05
6.9989e-05 3.3015e-05 9.0174e-06 1.0698e-05
6.9214e-05 3.3746e-05 8.9358e-06 1.0709e-05
6.8311e-05 3.4545e-05 8.8854e-06 1.0734e-05
6.7307e-05 4.0099e-05 8.8081e-06 1.0747e-05
6.6453e-05 4.6011e-05 8.7538e-06 1.0774e-05
6.5762e-05 5.2362e-05 8.7266e-06 1.0817e-05
6.5205e-05 5.9125e-05 8.7217e-06 1.0875e-05
6.4778e-05 6.6843e-05 8.7393e-06 1.0948e-05
6.4263e-05 7.4309e-05 8.7305e-06 1.1008e-05
6.3656e-05 8.1527e-05 8.6952e-06 1.1055e-05
6.3202e-05 8.9217e-05 8.6823e-06 1.1117e-05
6.245e-05 9.6653e-05 8.643e-06 1.1166e-05
6.1853e-05 0.00010465 8.0278e-06 1.1181e-05
6.1155e-05 0.00011218 7.5087e-06 1.0946e-05
6.0601e-05 0.00012025 7.033e-06 1.0733e-05
5.9966e-05 0.00012808 6.5252e-06 1.0507e-05
5.9467e-05 0.00013646 6.0576e-06 1.03e-05
5.8882e-05 0.00014541 5.627e-06 1.0113e-05
5.821e-05 0.00015408 5.1643e-06 9.9108e-06
5.7673e-05 0.00016336 4.7369e-06 9.7279e-06
5.7267e-05 0.00017237 4.2806e-06 9.5319e-06
5.6985e-05 0.000182 3.858e-06 9.3543e-06
5.6823e-05 0.00019231 3.4663e-06 9.1943e-06
5.5169e-05 0.00020335 3.1033e-06 9.0513e-06
5.3363e-05 0.00021518 2.7667e-06 8.9248e-06
5.1744e-05 0.00022787 2.4541e-06 8.8143e-06
4.9991e-05 0.00024135 2.1598e-06 8.717e-06
4.8121e-05 0.00025578 1.8417e-06 8.6079e-06
4.6437e-05 0.00027113 1.5409e-06 8.5118e-06
4.4925e-05 0.00028744 1.2557e-06 8.4284e-06
4.3572e-05 0.00030479 9.8469e-07 8.3573e-06
4.2099e-05 0.00032325 7.2645e-07 8.2986e-06
4.0783e-05 0.0003429 4.7958e-07 8.2519e-06
3.9331e-05 0.00036401 2.4541e-07 8.2194e-06
3.7772e-05 0.00038444 2.3506e-07 8.1755e-06
3.6404e-05 0.0004001 3.7376e-07 8.1187e-06
3.5179e-05 0.00041675 5.1494e-07 8.0772e-06
3.3865e-05 0.00043294 6.4026e-07 8.025e-06
3.2671e-05 0.00044999 7.6677e-07 7.9824e-06
3.2761e-05 0.00046815 8.7783e-07 7.9299e-06
3.2923e-05 0.00047213 9.9072e-07 7.8873e-06
3.3146e-05 0.00047633 1.1045e-06 7.853e-06
3.3426e-05 0.00048076 1.219e-06 7.8264e-06
3.3671e-05 0.00048511 1.3204e-06 7.7929e-06
3.3881e-05 0.00048939 1.4088e-06 7.7527e-06
3.4147e-05 0.00049389 1.4534e-06 7.7197e-06
3.4378e-05 0.00049832 1.4853e-06 7.68e-06
3.4665e-05 0.00050297 1.5168e-06 7.6474e-06
3.501e-05 0.00050441 1.548e-06 7.6219e-06
3.5318e-05 0.00050581 1.5665e-06 7.5897e-06
3.5676e-05 0.00050731 1.5834e-06 7.5632e-06
3.6093e-05 0.00050893 1.5989e-06 7.5421e-06
3.6479e-05 0.00051051 1.6021e-06 7.5151e-06
3.6923e-05 0.00051221 1.6047e-06 7.4946e-06
3.7428e-05 0.00051387 1.5949e-06 7.4678e-06
3.7901e-05 0.0005155 1.5729e-06 7.435e-06
3.8427e-05 0.00051723 1.5492e-06 7.4076e-06
3.8914e-05 0.00051908 1.5238e-06 7.3854e-06
3.9366e-05 0.00052089 1.4859e-06 7.3569e-06
3.9784e-05 0.00052265 1.4355e-06 7.3222e-06
4.0263e-05 0.00052455 1.3845e-06 7.2939e-06
4.0807e-05 0.00052658 1.3327e-06 7.272e-06
4.1314e-05 0.00052857 1.2684e-06 7.2437e-06
4.1889e-05 0.0005307 1.2034e-06 7.2224e-06
4.2527e-05 0.00053296 1.1366e-06 7.2064e-06
4.323e-05 0.00053536 1.068e-06 7.1961e-06
4.3889e-05 0.00053769 9.8646e-07 7.179e-06
4.9182e-05 0.00053996 1.2653e-06 7.1535e-06
5.132e-05 0.00054242 1.5577e-06 7.1379e-06
5.3338e-05 0.00054509 1.8619e-06 7.1304e-06
5.5552e-05 0.00054796 2.1815e-06 7.1322e-06
5.7947e-05 0.00055101 2.5142e-06 7.1415e-06
6.0239e-05 0.00055397 2.8263e-06 7.1422e-06
6.2439e-05 0.00055686 3.1193e-06 7.135e-06
6.4539e-05 0.00055966 3.3919e-06 7.119e-06
6.6854e-05 0.00055819 3.682e-06 7.1128e-06
6.941e-05 0.00055689 3.992e-06 7.1168e-06
7.1796e-05 0.00055119 4.2474e-06 6.9747e-06
7.2112e-05 0.00054581 4.5202e-06 6.8441e-06
7.2355e-05 0.00054028 4.769e-06 6.7031e-06
7.2521e-05 0.00053458 4.9948e-06 6.5511e-06
7.2597e-05 0.00052923 5.2399e-06 6.4117e-06
7.2601e-05 0.00052373 5.4624e-06 6.2617e-06
7.2721e-05 0.00051857 5.7042e-06 6.1238e-06
7.2943e-05 0.0005137 5.9627e-06 5.9956e-06
7.3347e-05 0.0005091 6.241e-06 5.8767e-06
7.3857e-05 0.00050475 6.5378e-06 5.7666e-06
7.4678e-05 0.00050065 6.8539e-06 5.6648e-06
7.5639e-05 0.00049681 7.1945e-06 5.5726e-06
7.6728e-05 0.00049319 7.5588e-06 5.488e-06
7.7732e-05 0.00048946 7.8983e-06 5.3946e-06
7.8646e-05 0.00048594 8.26e-06 5.3087e-06
7.9687e-05 0.00048263 8.6453e-06 5.2301e-06
8.0647e-05 0.00047921 9.0045e-06 5.1427e-06
8.176e-05 0.00047603 9.3932e-06 5.0641e-06
8.2783e-05 0.00047307 9.8141e-06 4.9942e-06
8.3967e-05 0.00047034 1.0269e-05 4.9329e-06
8.5327e-05 0.00046781 1.0762e-05 4.8799e-06
8.6502e-05 0.00046518 1.1223e-05 4.818e-06
8.8136e-05 0.00046273 1.0994e-05 4.7631e-06
8.9947e-05 0.00046045 1.0787e-05 4.7146e-06
9.1689e-05 0.00045812 1.0561e-05 4.6598e-06
9.3351e-05 0.00045592 1.0351e-05 4.6093e-06
9.5144e-05 0.00045384 1.0155e-05 4.5627e-06
9.7071e-05 0.00045188 9.9712e-06 4.5197e-06
9.8941e-05 0.00044988 9.7715e-06 4.4712e-06
0.00010075 0.00044784 9.5842e-06 4.4263e-06
0.0001027 0.00044592 9.4089e-06 4.3848e-06
0.00010482 0.00044395 9.2169e-06 4.3376e-06
0.00010688 0.00044193 9.0041e-06 4.2846e-06
0.0001091 0.00044005 8.806e-06 4.236e-06
0.00011169 0.00043827 8.6192e-06 4.1907e-06
0.00011421 0.00043645 8.4159e-06 4.1397e-06
0.00011693 0.00043476 8.2264e-06 4.0929e-06
0.00011957 0.00043303 8.0214e-06 4.0407e-06
0.0001224 0.0004314 7.827e-06 3.9917e-06
0.00012542 0.00042988 7.6427e-06 3.9457e-06
0.00012866 0.00042847 7.4709e-06 3.9037e-06
0.00013215 0.00042718 7.311e-06 3.8656e-06
0.00013589 0.000426 7.1627e-06 3.8312e-06
0.00013992 0.00042493 7.0256e-06 3.8005e-06
0.00014384 0.00042372 6.8728e-06 3.7643e-06
0.00014768 0.00042248 6.705e-06 3.7228e-06
0.00015176 0.00042133 6.5457e-06 3.6842e-06
0.00015612 0.00042015 6.3714e-06 3.6402e-06
0.00016076 0.00041907 6.2055e-06 3.5991e-06
0.00016575 0.00041794 6.0239e-06 3.5524e-06
0.00017063 0.00041678 5.8272e-06 3.5004e-06
0.00017541 0.00041559 5.6152e-06 3.443e-06
0.00018007 0.0004063 5.4123e-06 3.3887e-06
0.0001846 0.00039743 5.2207e-06 3.3383e-06
0.00018945 0.00038844 5.0135e-06 3.2824e-06
0.00019419 0.00037935 4.7908e-06 3.2209e-06
0.00019875 0.00037065 4.5791e-06 3.1634e-06
0.00020369 0.00036237 4.3511e-06 3.1e-06
0.00020851 0.00035398 4.9333e-06 3.0311e-06
0.00021365 0.00034592 5.5375e-06 2.9649e-06
0.00021918 0.0003382 6.1693e-06 2.9023e-06
0.00022506 0.00033078 6.8254e-06 2.8421e-06
0.0002308 0.00032326 7.4607e-06 2.7765e-06
0.00023697 0.00031606 8.1259e-06 2.7141e-06
0.00024294 0.00030917 8.8229e-06 2.6547e-06
0.00024934 0.00030258 9.5536e-06 2.5983e-06
0.00025616 0.00029627 1.032e-05 2.5447e-06
0.00026279 0.00028988 1.1063e-05 2.4962e-06
0.00026928 0.0002834 1.1784e-05 2.4425e-06
0.00027562 0.00027684 1.2482e-05 2.3835e-06
0.00028175 0.00027055 1.3216e-05 2.3271e-06
0.00028775 0.00026419 1.3927e-05 2.2656e-06
0.0002942 0.00025809 1.4676e-05 2.2065e-06
0.00030111 0.00025226 1.5463e-05 2.1498e-06
0.00030845 0.00024664 1.6286e-05 2.0948e-06
0.00031633 0.00024127 1.7152e-05 2.0419e-06
0.0003247 0.0002361 1.8056e-05 1.9905e-06
0.00033359 0.00023113 1.9002e-05 1.9405e-06
0.00034305 0.00022635 1.9992e-05 1.8919e-06
0.00035312 0.00022176 2.1029e-05 1.8447e-06
0.00036292 0.00021708 2.2034e-05 1.792e-06
0.00037238 0.00021229 2.2998e-05 1.7329e-06
0.00038277 0.00020733 2.4023e-05 1.6766e-06
0.00039399 0.0002026 2.5113e-05 1.6227e-06
0.0004061 0.0001981 2.6269e-05 1.5711e-06
0.00041918 0.00019347 2.7496e-05 1.5215e-06
0.00043175 0.00018905 2.8795e-05 1.4737e-06
0.00044526 0.00018483 3.0168e-05 1.4274e-06
0.00045835 0.00018053 3.1497e-05 1.3756e-06
0.00047105 0.00017613 3.2784e-05 1.3182e-06
0.00048481 0.00017196 3.4156e-05 1.263e-06
0.000498 0.000168 3.5619e-05 1.2098e-06
0.00051232 0.00016425 3.7182e-05 1.1585e-06
0.00052621 0.00016069 3.8695e-05 1.1019e-06
0.0005414 0.00015703 4.0016e-05 1.2479e-06
0.00055767 0.00015354 4.1412e-05 1.398e-06
0.00057518 0.00015021 4.2894e-05 1.5531e-06
0.00059219 0.00014702 4.4454e-05 1.7123e-06
0.00060883 0.00014378 4.5975e-05 1.8655e-06
0.00062512 0.00014048 4.7459e-05 2.0127e-06
0.0006411 0.00013714 4.891e-05 2.1544e-06
0.00065823 0.00013394 5.0445e-05 2.3008e-06
0.00067504 0.00013071 5.1947e-05 2.4416e-06
0.0006929 0.00012759 5.3525e-05 2.5874e-06
0.00071043 0.00012444 5.5069e-05 2.7276e-06
0.00072922 0.00012142 5.6703e-05 2.873e-06
0.00074753 0.00011852 5.8421e-05 3.0227e-06
0.00076698 0.00011573 6.0224e-05 3.1771e-06
0.00078765 0.00011307 6.2132e-05 3.3374e-06
0.00080795 0.00011036 6.4001e-05 3.4918e-06
0.00082951 0.00010778 6.5978e-05 3.6523e-06
0.00085066 0.00010515 6.7912e-05 3.8066e-06
0.00087367 0.00010263 6.9942e-05 3.9661e-06
0.00089829 0.00010021 7.2088e-05 4.1321e-06
0.00092243 9.7763e-05 7.4189e-05 4.2919e-06
0.00094615 9.5276e-05 7.625e-05 4.4456e-06
0.00097132 9.2884e-05 7.8414e-05 4.6049e-06
0.00099607 9.0458e-05 8.0536e-05 4.7581e-06
0.0010223 8.8124e-05 8.2764e-05 4.917e-06
0.0010481 8.5753e-05 8.4946e-05 5.0694e-06
0.0010733 8.3344e-05 8.7082e-05 5.2155e-06
0.0011086 8.0897e-05 8.9172e-05 5.3552e-06
0.0011464 7.8556e-05 9.1385e-05 5.5019e-06
0.0011868 7.6316e-05 9.3726e-05 5.6558e-06
0.0012262 7.4161e-05 9.6186e-05 5.8158e-06
0.0012681 7.21e-05 9.8786e-05 5.9837e-06
0.0013125 7.0117e-05 0.00010152 6.1582e-06
0.0013556 6.822e-05 0.0001044 6.3411e-06
0.001398 6.6291e-05 0.00010723 6.5172e-06
0.0014395 6.433e-05 0.00011 6.6865e-06
0.0014839 6.2454e-05 0.00011294 6.8643e-06
0.0015275 6.0546e-05 0.00011581 7.0352e-06
0.0015702 5.8607e-05 0.00011863 7.1994e-06
0.0016159 5.675e-05 0.00012161 6.9528e-06
0.0016603 5.4973e-05 0.00012476 6.7169e-06
0.0017039 5.3273e-05 0.00012809 6.4911e-06
0.0017505 5.1646e-05 0.00013161 6.2751e-06
0.0017999 5.008e-05 0.0001353 6.067e-06
0.0018527 4.8582e-05 0.00013919 5.8679e-06
0.0018636 4.7141e-05 0.00014328 5.676e-06
0.0018743 4.5673e-05 0.00014729 5.4773e-06
0.0018858 4.4269e-05 0.00015152 5.287e-06
0.0018982 4.2926e-05 0.000156 5.1049e-06
0.0019115 4.1635e-05 0.00016068 4.9294e-06
0.0019256 4.0393e-05 0.0001656 4.7601e-06
0.0019409 3.9125e-05 0.00017043 4.5841e-06
0.0019412 3.7915e-05 0.00017553 4.4156e-06
0.0019419 3.6751e-05 0.00018089 4.2532e-06
0.0019432 3.5641e-05 0.00018123 4.0977e-06
0.0019448 3.4575e-05 0.00018166 3.9479e-06
0.001947 3.3558e-05 0.00018218 3.8047e-06
0.0019502 3.2585e-05 0.0001828 3.6669e-06
0.0019533 3.1586e-05 0.00018337 3.5223e-06
0.0019569 3.063e-05 0.00018403 3.3832e-06
0.0019603 2.9728e-05 0.00018457 3.2547e-06
0.0019642 2.8866e-05 0.00018521 3.1313e-06
0.0019686 2.8042e-05 0.00018595 3.0128e-06
0.0019728 2.7193e-05 0.00018664 2.8874e-06
0.0019768 2.6316e-05 0.00018727 2.7549e-06
0.0019814 2.5488e-05 0.00018802 2.6288e-06
0.0019867 2.4631e-05 0.00018871 2.4954e-06
0.0019915 2.3828e-05 0.00018954 2.3695e-06
0.0019972 2.3076e-05 0.00019052 2.251e-06
0.0020088 2.2379e-05 0.00019167 2.1432e-06
0.0020219 2.1646e-05 0.00019272 2.0265e-06
0.0020365 2.0966e-05 0.00019395 1.9175e-06
0.0020527 2.0337e-05 0.00019536 1.8156e-06
0.002068 1.9673e-05 0.00019667 1.7051e-06
0.0020825 1.9058e-05 0.00019816 1.6014e-06
0.0020987 1.8487e-05 0.00019986 1.5039e-06
0.0021168 1.7959e-05 0.00020176 1.4123e-06
0.0021369 1.7467e-05 0.00020385 1.325e-06
0.0021557 1.6943e-05 0.00020582 1.2297e-06
0.0021771 1.639e-05 0.00020767 1.1266e-06
0.0022012 1.5802e-05 0.00020938 1.208e-06
0.0022284 1.5182e-05 0.00021096 1.282e-06
0.0022384 1.461e-05 0.00021278 1.3612e-06
0.0022498 1.408e-05 0.00021482 1.446e-06
0.002263 1.352e-05 0.00021673 1.5228e-06
0.0022753 1.2999e-05 0.00021888 1.605e-06
0.0022893 1.245e-05 0.00022091 1.6794e-06
0.0023048 1.1936e-05 0.00022315 1.7589e-06
0.0023196 1.1397e-05 0.00022528 1.831e-06
0.0023337 1.0831e-05 0.0002273 1.8958e-06
0.0023491 1.0295e-05 0.00022954 1.9654e-06
0.0023661 9.735e-06 0.00023168 2.0281e-06
0.0023848 9.2042e-06 0.00023401 2.0948e-06
0.0024052 8.7007e-06 0.00023654 2.1656e-06
0.0024246 8.1721e-06 0.00023895 2.2288e-06
0.0024461 7.6757e-06 0.00024162 2.2975e-06
0.0024702 7.2104e-06 0.00024455 2.3725e-06
0.0024927 6.7152e-06 0.00024919 2.4568e-06
0.0024999 6.2483e-06 0.00025423 2.5475e-06
0.0025065 5.8125e-06 0.00025975 2.6464e-06
0.0025143 5.353e-06 0.00026503 2.7365e-06
0.0025234 4.923e-06 0.000266 2.835e-06
0.0025319 4.5155e-06 0.00026714 2.9406e-06
0.0025399 4.091e-06 0.00026821 3.0389e-06
0.0025489 3.6823e-06 0.00026942 3.1423e-06
0.0025586 3.2851e-06 0.00027075 3.2496e-06
0.002568 2.8746e-06 0.00027202 3.3509e-06
0.0025782 2.4747e-06 0.00027342 3.456e-06
0.0025881 2.0618e-06 0.00027476 3.555e-06
0.0025978 2.1587e-06 0.00027605 3.6484e-06
0.0026084 2.2458e-06 0.00027729 3.7357e-06
0.0026187 2.3231e-06 0.00027847 3.8171e-06
0.0026287 2.4021e-06 0.0002798 3.9033e-06
0.0026383 2.4832e-06 0.00028127 3.9945e-06
0.0026488 2.5662e-06 0.00028289 4.0909e-06
0.0026601 2.6502e-06 0.00028464 4.1915e-06
0.0026711 2.7243e-06 0.00028633 4.286e-06
0.0026818 2.7889e-06 0.00028797 4.3747e-06
0.0026923 2.8439e-06 0.00028956 4.4575e-06
0.0027036 2.9001e-06 0.00029128 4.5449e-06
0.0027173 2.9583e-06 0.00029315 4.6374e-06
0.0027305 3.0054e-06 0.00029494 4.7226e-06
0.0027432 3.0406e-06 0.00029664 4.7998e-06
0.0027548 3.0556e-06 0.00029821 4.8664e-06
0.002768 3.0767e-06 0.00029999 4.9421e-06
0.0027833 3.1059e-06 0.00030207 5.0292e-06
0.0028005 3.1422e-06 0.00030213 4.9675e-06
0.0028202 3.1635e-06 0.00030208 4.8948e-06
0.0028425 3.1932e-06 0.00030223 4.8331e-06
0.0028673 3.2294e-06 0.0002991 4.7804e-06
0.0028948 3.2724e-06 0.00029627 4.7363e-06
0.0029254 3.3223e-06 0.00029371 4.7008e-06
0.0029593 3.3577e-06 0.00029097 4.6547e-06
0.0029913 3.3777e-06 0.00028806 4.5981e-06
0.0030359 3.4066e-06 0.00028395 4.5519e-06
0.0030853 3.4426e-06 0.0002802 4.514e-06
0.0031409 3.4857e-06 0.00027676 4.4844e-06
0.0032024 3.5363e-06 0.00027363 4.4627e-06
0.0034687 3.7972e-06 0.00025368 4.2963e-06
0.0035117 3.8213e-06 0.00025107 4.2702e-06
0.0035524 3.8307e-06 0.00024832 4.2347e-06
0.0036066 3.8478e-06 0.00024589 4.2071e-06
0.0036666 3.8727e-06 0.0002437 4.1871e-06
0.0037331 3.9077e-06 0.00024177 4.1763e-06
0.0038081 3.8956e-06 0.00023971 4.1563e-06
0.0038695 3.8687e-06 0.00023751 4.6264e-06
0.0039384 3.8517e-06 0.00023558 5.131e-06
0.0040526 3.7817e-06 0.00022875 7.2805e-06
0.0040844 3.7636e-06 0.00022726 7.8536e-06
0.0041144 3.7295e-06 0.00022598 8.4701e-06
0.0041483 3.7031e-06 0.00022489 9.1272e-06
0.00418 3.6865e-06 0.00022025 9.2989e-06
0.0042159 3.6774e-06 0.00021599 9.4872e-06
0.0042496 3.6779e-06 0.00021212 9.3621e-06
0.0042876 3.6878e-06 0.00020865 9.2541e-06
0.0043335 3.7052e-06 0.0002055 9.1604e-06
0.0043863 3.7302e-06 0.00020262 9.0806e-06
0.0044359 3.7395e-06 0.00019957 8.9872e-06
0.0044917 3.7584e-06 0.00019682 8.9098e-06
0.0045197 3.785e-06 0.00019432 8.8497e-06
0.0045686 3.8194e-06 0.00019205 8.8026e-06
0.0046228 3.8618e-06 0.00019 8.7683e-06
0.0046726 3.8892e-06 0.00018782 8.7221e-06
0.0047288 3.9018e-06 0.00018551 8.664e-06
0.004792 3.9243e-06 0.00018346 8.6209e-06
0.0048629 3.957e-06 0.00018163 8.5926e-06
0.0049298 3.9731e-06 0.00017967 8.5514e-06
0.0049932 3.9743e-06 0.00017759 8.4984e-06
0.0050647 3.9605e-06 0.00017539 8.4336e-06
0.0051311 3.9569e-06 0.00017343 8.3837e-06
0.0052056 3.9633e-06 0.00017169 8.3484e-06
0.0052896 3.9547e-06 0.00016988 8.3013e-06
0.0053854 3.9563e-06 0.00016725 8.2691e-06
0.0054914 3.9659e-06 0.00016486 8.2489e-06
0.0056089 3.9856e-06 0.00016272 8.243e-06
0.0057406 4.0156e-06 0.00016082 8.2513e-06
0.0058649 4.0561e-06 0.00015914 8.2738e-06
0.0060043 4.1072e-06 0.00015769 7.9707e-06
0.0061615 4.1431e-06 0.00015613 7.6511e-06
0.0063087 4.1898e-06 0.00015476 7.3562e-06
0.0064715 4.2452e-06 0.00015355 7.0812e-06
0.0065293 4.3095e-06 0.0001525 6.825e-06
0.006584 4.3584e-06 0.00015135 6.554e-06
0.0066447 4.4164e-06 0.00015035 6.3012e-06
0.0067019 4.4578e-06 0.00014925 6.0325e-06
0.0067549 4.5107e-06 0.00014832 5.7844e-06
0.0067815 4.5743e-06 0.0001473 5.522e-06
0.0068112 4.6476e-06 0.00014642 5.2768e-06
0.0068389 4.7039e-06 0.00014545 5.0162e-06
0.006847 4.7701e-06 0.00014108 4.7723e-06
0.0068567 4.8463e-06 0.00013705 4.5442e-06
0.0068655 4.9066e-06 0.00013283 4.3028e-06
0.0068734 4.9794e-06 0.00012899 4.0791e-06
0.0068803 5.035e-06 0.00012495 3.8412e-06
0.0068892 5.0745e-06 0.00012073 3.9583e-06
0.0068968 5.1268e-06 0.0001157 3.9484e-06
0.0069064 5.1612e-06 0.00011034 3.9287e-06
0.0069177 5.2058e-06 0.00010539 3.9163e-06
0.0069311 5.2635e-06 0.00010087 3.9125e-06
0.0069468 5.3344e-06 8.6657e-05 3.9174e-06
0.0069613 5.4189e-06 7.3646e-05 3.931e-06
0.0069689 5.2585e-06 6.1614e-05 3.9519e-06
0.0069755 5.1139e-06 5.048e-05 3.9801e-06
0.0069837 4.9519e-06 3.888e-05 3.9992e-06
0.0069908 4.8075e-06 2.8259e-05 4.0273e-06
0.0069997 4.6775e-06 1.8534e-05 4.0644e-06
0.0070107 4.5294e-06 8.5652e-06 4.0915e-06
0.0070238 4.3631e-06 6.7638e-06 4.0958e-06
0.007036 4.1796e-06 6.0324e-06 4.0562e-06
0.0070503 4.0108e-06 5.1947e-06 4.0257e-06
0.0070634 3.857e-06 4.7868e-06 4.0038e-06
0.0070609 3.7138e-06 4.408e-06 3.9893e-06
0.007043 3.5805e-06 4.056e-06 3.9821e-06
0.0069897 3.4589e-06 3.7332e-06 3.9836e-06
0.0069331 3.3207e-06 3.3809e-06 3.9754e-06
0.006872 3.1938e-06 3.0565e-06 3.9759e-06
0.0068065 3.0753e-06 2.7532e-06 3.9837e-06
0.0067369 2.9407e-06 2.4224e-06 3.9817e-06
0.006675 2.8165e-06 2.1158e-06 3.9884e-06
0.00664 2.6772e-06 1.87e-06 3.9859e-06
0.0066092 2.5481e-06 1.5149e-06 3.9924e-06
0.0065475 2.4287e-06 9.3994e-07 3.9857e-06
0.0064819 2.2938e-06 8.8548e-07 3.9692e-06
0.0064239 2.168e-06 8.3385e-07 3.9627e-06
0.0063724 2.027e-06 7.6586e-07 3.9405e-06
0.006318 1.8713e-06 6.8218e-07 3.9092e-06
0.0062606 1.701e-06 5.8269e-07 3.8688e-06
0.0062095 1.54e-06 4.2666e-07 3.8373e-06
0.0061638 1.3645e-06 4.6801e-07 3.7968e-06
0.0061232 1.1978e-06 5.0873e-07 3.7651e-06
0.0060872 1.0391e-06 5.4915e-07 3.7419e-06
0.0060261 8.8742e-07 5.896e-07 3.7272e-06
0.005972 7.2227e-07 6.1562e-07 3.7035e-06
0.0059239 5.6376e-07 6.418e-07 3.6883e-06
0.0058807 3.9128e-07 1.0422e-06 3.6641e-06
0.0058347 4.0144e-07 1.4142e-06 3.6303e-06
0.0057931 4.0917e-07 1.8078e-06 3.6033e-06
0.0057556 4.1648e-07 2.2247e-06 3.5828e-06
0.0057222 4.2201e-07 2.2732e-06 3.5701e-06
0.005692 4.251e-07 2.3277e-06 3.5635e-06
0.0056651 4.2636e-07 2.3907e-06 3.5643e-06
0.0056366 6.5356e-07 2.4348e-06 3.5563e-06
0.0056113 8.9058e-07 2.4875e-06 3.5557e-06
0.0055843 1.1386e-06 2.5494e-06 3.5635e-06
0.0055557 1.3708e-06 2.5923e-06 3.5625e-06
0.0055303 1.6141e-06 2.6441e-06 3.5687e-06
0.0055073 1.8672e-06 2.7028e-06 3.5809e-06
0.0054731 2.1031e-06 2.7424e-06 3.5843e-06
0.005442 2.3493e-06 2.789e-06 3.5936e-06
0.005409 2.6065e-06 2.8429e-06 3.609e-06
0.0053796 2.8783e-06 2.9085e-06 3.6317e-06
0.0053529 3.1629e-06 2.9819e-06 3.6604e-06
0.0053292 3.4611e-06 3.0635e-06 3.6951e-06
0.0053039 3.7739e-06 3.1536e-06 3.7361e-06
0.0052811 4.0693e-06 3.2251e-06 3.7689e-06
0.0052567 4.3823e-06 3.3091e-06 3.8091e-06
0.0052348 4.6789e-06 3.3754e-06 3.8417e-06
0.0052148 4.9876e-06 3.448e-06 3.8791e-06
0.0051939 5.282e-06 3.5045e-06 3.9098e-06
0.0051748 5.5894e-06 3.5679e-06 3.9457e-06
0.0051573 5.4131e-06 3.636e-06 3.9856e-06
0.0051412 5.245e-06 3.7104e-06 4.0305e-06
0.0051187 5.0651e-06 3.7697e-06 4.069e-06
0.0050981 4.8925e-06 3.8349e-06 4.1122e-06
0.005079 4.727e-06 3.9108e-06 4.1458e-06
0.0050595 4.5505e-06 3.9724e-06 4.1736e-06
0.0050396 4.3631e-06 4.0199e-06 4.1957e-06
0.0050211 4.1818e-06 4.0725e-06 4.2218e-06
0.0050022 3.9898e-06 4.111e-06 4.2423e-06
0.0049828 3.7869e-06 4.1355e-06 4.2572e-06
0.0049649 3.5901e-06 4.1652e-06 4.2762e-06
0.0049484 3.399e-06 4.2002e-06 4.2992e-06
0.0049316 3.1975e-06 4.2215e-06 4.3168e-06
0.0049143 3.0004e-06 4.247e-06 4.3379e-06
0.0048368 2.8094e-06 4.279e-06 4.3637e-06
0.004764 2.607e-06 4.2959e-06 4.3834e-06
0.0046964 2.4102e-06 4.3192e-06 4.4078e-06
0.0046273 2.2025e-06 4.3279e-06 4.4262e-06
0.0045629 1.9998e-06 4.3425e-06 4.449e-06
0.0044965 1.8015e-06 4.3632e-06 4.4764e-06
0.0044284 1.6059e-06 4.388e-06 4.5073e-06
0.0043648 1.4139e-06 4.4188e-06 4.5428e-06
0.0043054 1.224e-06 4.4539e-06 4.5819e-06
0.0042449 1.0239e-06 4.4744e-06 4.6152e-06
0.0041833 8.1404e-07 4.4809e-06 4.6428e-06
0.0041059 5.9431e-07 4.4734e-06 4.6648e-06
0.0040261 3.7789e-07 4.4722e-06 4.6915e-06
0.0039449 4.0134e-07 4.4568e-06 4.7125e-06
0.003862 4.207e-07 4.4458e-06 4.7373e-06
0.0037847 4.3195e-07 4.4206e-06 4.7564e-06
0.0037126 4.3954e-07 4.4017e-06 4.7802e-06
0.0036453 4.4348e-07 4.3888e-06 4.8088e-06
0.0035768 4.3931e-07 4.3619e-06 4.8317e-06
0.0035123 4.3108e-07 4.3392e-06 4.8584e-06
0.0034464 4.1472e-07 4.3024e-06 4.8794e-06
0.003387 3.9472e-07 4.2716e-06 4.9053e-06
0.0033257 3.7102e-07 4.2469e-06 4.9362e-06
0.0032687 3.3912e-07 4.2076e-06 4.961e-06
0.0032105 2.9904e-07 4.1539e-06 4.9799e-06
0.0031562 2.5518e-07 4.1059e-06 5.0036e-06
0.0031055 2.0745e-07 4.0635e-06 5.0322e-06
0.0030583 1.558e-07 4.0266e-06 5.0658e-06
0.0030142 1.0015e-07 3.9953e-06 5.1046e-06
0.0029691 1.3573e-07 3.9491e-06 5.137e-06
0.0029229 1.6335e-07 3.888e-06 5.163e-06
0.0028799 1.8627e-07 3.8328e-06 5.1945e-06
0.0028349 2.005e-07 3.7889e-06 5.2345e-06
0.0027947 2.1118e-07 3.7249e-06 5.265e-06
0.0026891 2.1812e-07 3.672e-06 5.3043e-06
0.0025765 2.2137e-07 3.6301e-06 5.3526e-06
0.0025493 2.1565e-07 3.5677e-06 5.3909e-06
0.0025204 2.0071e-07 3.4833e-06 5.4186e-06
0.0024943 1.826e-07 3.4135e-06 5.4611e-06
0.0024666 1.5528e-07 3.3217e-06 5.4928e-06
0.0024372 1.1872e-07 3.2078e-06 5.5137e-06
0.002411 7.9e-08 3.1081e-06 5.5455e-06
0.0023829 1.0049e-07 2.9833e-06 5.5672e-06
0.0023533 1.1342e-07 3.4126e-06 5.5787e-06
0.0023418 1.2184e-07 3.8722e-06 5.5996e-06
0.0023318 1.6777e-07 4.3224e-06 5.6171e-06
0.002321 2.1199e-07 4.7632e-06 5.6313e-06
0.0023094 2.4652e-07 5.1947e-06 5.6421e-06
0.0022969 5.2881e-07 5.5901e-06 5.6419e-06
0.0022835 7.9159e-07 6.0447e-06 5.6514e-06
0.0022691 1.0707e-06 6.4549e-06 5.6499e-06
0.0022536 1.5575e-06 6.8306e-06 5.6374e-06
0.0022398 2.0704e-06 7.2383e-06 5.6343e-06
0.0022248 2.6115e-06 7.6868e-06 5.6422e-06
0.0022086 3.1889e-06 7.6611e-06 5.4027e-06
0.0021944 3.8048e-06 7.6599e-06 5.1817e-06
0.0021817 4.4562e-06 7.679e-06 4.9755e-06
0.0021681 5.0757e-06 7.6708e-06 4.7553e-06
0.0021535 5.7318e-06 7.683e-06 4.5496e-06
0.0021379 6.3552e-06 7.781e-06 4.3297e-06
0.0021242 7.0228e-06 7.9053e-06 4.1263e-06
0.0021094 7.6598e-06 8.0033e-06 3.9105e-06
0.0020962 8.1757e-06 8.0751e-06 3.6821e-06
0.0020846 8.6621e-06 8.1188e-06 3.4395e-06
0.0020744 9.1858e-06 8.1883e-06 3.2139e-06
0.0020634 9.7434e-06 8.2798e-06 3.0017e-06
0.0020537 1.0337e-05 8.3937e-06 2.8021e-06
0.0020451 1.0969e-05 8.5307e-06 2.6142e-06
0.0020376 1.1643e-05 8.6918e-06 2.4374e-06
0.0020294 1.2283e-05 8.8254e-06 2.2496e-06
0.0020222 1.2966e-05 8.9836e-06 2.0725e-06
0.0020162 1.3616e-05 9.1093e-06 1.8848e-06
0.0020095 1.4317e-05 9.2646e-06 1.7091e-06
0.0020038 1.5074e-05 9.4507e-06 1.5447e-06
0.0019977 1.5796e-05 9.6086e-06 1.6135e-06
0.0019924 1.6566e-05 9.7925e-06 1.687e-06
0.0019867 1.7298e-05 9.946e-06 1.7523e-06
0.0019803 1.7991e-05 1.0069e-05 1.8094e-06
0.0019732 1.874e-05 1.0224e-05 1.8722e-06
0.0019655 1.945e-05 1.0347e-05 1.9268e-06
0.001969 2.0126e-05 1.0443e-05 1.9737e-06
0.0019719 2.0098e-05 1.0564e-05 2.0252e-06
0.0019744 2.0047e-05 1.0659e-05 2.0693e-06
0.0019764 1.9968e-05 1.0778e-05 2.1176e-06
0.0019791 1.9911e-05 1.0919e-05 2.1697e-06
0.0019815 1.9834e-05 1.1036e-05 2.2151e-06
0.0019837 1.9738e-05 1.113e-05 2.2539e-06
0.0019854 1.9663e-05 1.1245e-05 2.2962e-06
0.0019878 1.9608e-05 1.1382e-05 2.342e-06
0.0019898 1.9578e-05 1.1544e-05 2.3925e-06
0.0019916 1.9527e-05 1.1681e-05 2.4359e-06
0.0019835 1.95e-05 1.1843e-05 2.484e-06
0.001975 1.9454e-05 1.1982e-05 2.5252e-06
0.0019661 1.9429e-05 1.2144e-05 2.5705e-06
0.001958 1.9423e-05 1.2328e-05 2.6195e-06
0.0019505 1.9436e-05 1.2534e-05 2.6722e-06
0.0019428 1.9434e-05 1.272e-05 2.7191e-06
0.0019349 1.9418e-05 1.2888e-05 2.7606e-06
0.0019287 1.9419e-05 1.3076e-05 2.8053e-06
0.0019222 1.9406e-05 1.3246e-05 2.8447e-06
0.0019156 1.938e-05 1.3398e-05 2.8787e-06
0.0019103 1.9368e-05 1.3566e-05 2.9151e-06
0.0019047 1.9341e-05 1.3716e-05 2.9458e-06
0.0018997 1.9329e-05 1.3882e-05 2.9791e-06
0.0018953 1.9334e-05 1.4071e-05 3.016e-06
0.0018906 1.9326e-05 1.424e-05 3.0474e-06
0.0018865 1.9331e-05 1.4428e-05 3.0815e-06
0.0018821 1.9323e-05 1.4597e-05 3.1099e-06
0.0018784 1.9332e-05 1.4788e-05 3.1421e-06
0.0018752 1.9357e-05 1.5e-05 3.1773e-06
0.0018717 1.9366e-05 1.5191e-05 3.2037e-06
0.0018681 1.9395e-05 1.5408e-05 3.2343e-06
0.001865 1.9444e-05 1.5652e-05 3.2695e-06
0.0018616 1.951e-05 1.5921e-05 3.3085e-06
0.001858 1.9559e-05 1.6166e-05 3.3409e-06
0.0018396 1.9632e-05 1.6446e-05 3.3791e-06
0.0018202 1.9731e-05 1.6763e-05 3.4235e-06
0.0018026 1.9856e-05 1.7121e-05 3.4745e-06
0.0017481 1.9955e-05 1.7442e-05 3.5116e-06
0.0016912 2.003e-05 1.7729e-05 3.54e-06
0.0016321 2.0083e-05 1.7984e-05 3.5605e-06
0.0015699 2.016e-05 1.8276e-05 3.5869e-06
0.0015136 2.0266e-05 1.8612e-05 3.6205e-06
0.0014621 2.0398e-05 1.899e-05 3.6605e-06
0.0014082 2.0507e-05 1.9332e-05 3.692e-06
0.001377 2.0642e-05 1.9717e-05 3.73e-06
0.0013443 2.0753e-05 2.0067e-05 3.7597e-06
0.0013102 2.0842e-05 2.0382e-05 3.7811e-06
0.0012744 2.0961e-05 2.0747e-05 3.8102e-06
0.0012421 2.1111e-05 2.1162e-05 3.847e-06
0.0012126 2.1287e-05 2.1624e-05 3.8905e-06
0.0011861 2.1497e-05 2.2145e-05 3.9424e-06
0.001162 2.1673e-05 2.2728e-05 4.003e-06
0.0011406 2.1821e-05 2.3409e-05 4.0729e-06
0.0011182 2.1995e-05 2.4145e-05 4.1494e-06
0.0010975 2.2192e-05 2.4935e-05 4.2323e-06
0.0010784 2.241e-05 2.5778e-05 4.3208e-06
0.0010604 2.2645e-05 2.6666e-05 4.4137e-06
0.0010421 2.2898e-05 2.7528e-05 4.5008e-06
0.0010249 2.3169e-05 2.8434e-05 4.592e-06
0.0010073 2.3425e-05 2.9313e-05 4.6773e-06
0.00098931 2.3667e-05 3.0165e-05 4.7566e-06
0.00097241 2.3925e-05 3.1061e-05 4.8401e-06
0.0009565 2.42e-05 3.2002e-05 4.9278e-06
0.0009403 2.4462e-05 3.2919e-05 5.0098e-06
0.0009238 2.471e-05 3.381e-05 5.0862e-06
0.00090841 2.4978e-05 3.4756e-05 5.1679e-06
0.00089269 2.5232e-05 3.5673e-05 5.0695e-06
0.0008779 2.5503e-05 3.6639e-05 4.9767e-06
0.00086122 2.576e-05 3.7576e-05 4.8779e-06
0.00084565 2.6038e-05 3.8572e-05 4.7846e-06
0.00083116 2.6301e-05 3.9538e-05 4.6853e-06
0.00081764 2.6585e-05 4.0565e-05 4.5914e-06
0.00080503 2.6892e-05 4.1653e-05 4.5027e-06
0.00079317 2.7217e-05 4.2799e-05 4.418e-06
0.00078106 2.7528e-05 4.3913e-05 4.3274e-06
0.00076978 2.7861e-05 4.5095e-05 4.2417e-06
0.00075927 2.8218e-05 4.6347e-05 4.1608e-06
0.00074949 2.8599e-05 4.7673e-05 4.0845e-06
0.00073949 2.8965e-05 4.8967e-05 4.0025e-06
0.00073019 2.9355e-05 5.0336e-05 3.925e-06
0.00072146 2.9767e-05 5.1775e-05 3.8509e-06
0.00071254 3.0163e-05 5.318e-05 3.7711e-06
0.00070343 3.0544e-05 5.4552e-05 3.6859e-06
0.00069412 2.9698e-05 5.6007e-05 3.605e-06
0.00068462 2.8833e-05 5.7429e-05 3.5187e-06
0.00067578 2.8007e-05 5.8936e-05 3.4365e-06
0.00066758 2.7212e-05 6.0521e-05 3.3576e-06
0.00065998 2.6398e-05 6.2068e-05 3.273e-06
0.00065287 2.5621e-05 6.3706e-05 3.1924e-06
0.00064628 2.4877e-05 6.5441e-05 3.1156e-06
0.00064019 2.4167e-05 6.7277e-05 3.0424e-06
0.00063387 2.3489e-05 6.9218e-05 2.9728e-06
0.0006274 2.2793e-05 7.1117e-05 2.8977e-06
0.00062142 2.2127e-05 7.3126e-05 2.826e-06
0.00061589 2.1492e-05 7.525e-05 2.7576e-06
0.00061016 2.0885e-05 7.7496e-05 2.6923e-06
0.00060488 2.0262e-05 7.9699e-05 2.622e-06
0.00060001 1.9668e-05 8.2028e-05 2.5546e-06
0.00059555 1.9099e-05 8.4489e-05 2.4902e-06
0.00059147 1.8556e-05 8.7088e-05 2.4286e-06
0.00058774 1.8038e-05 8.9834e-05 2.3698e-06
0.00056758 1.754e-05 9.2715e-05 2.3128e-06
0.00054859 1.7061e-05 9.5736e-05 2.2576e-06
0.0005307 1.6602e-05 9.8907e-05 2.2043e-06
0.00051242 1.6126e-05 0.00010201 2.1456e-06
0.00049373 1.5635e-05 0.00010506 2.0815e-06
0.00047635 1.5167e-05 0.00010828 2.0203e-06
0.0004603 1.4725e-05 0.00011172 1.9623e-06
0.00044571 1.4313e-05 0.00011543 1.9086e-06
0.00043023 1.3872e-05 0.00011947 1.8599e-06
0.00041632 1.3464e-05 0.00012386 1.8159e-06
0.00040827 1.3025e-05 0.0001286 1.7758e-06
0.00039976 1.2561e-05 0.00013315 1.7286e-06
0.00039213 1.1981e-05 0.00013752 1.674e-06
0.00038536 1.1358e-05 0.00014228 1.6244e-06
0.00037926 1.0772e-05 0.00014743 1.5784e-06
0.00037276 1.0227e-05 0.00015304 1.5369e-06
0.00036575 9.7198e-06 0.00015916 1.4997e-06
0.00035951 9.2478e-06 0.00016583 1.4664e-06
0.000354 8.804e-06 0.00017302 1.4361e-06
0.00034812 8.3337e-06 0.0001799 1.3986e-06
0.0003429 7.8953e-06 0.00018739 1.3649e-06
0.00033737 7.433e-06 0.00019459 1.3245e-06
0.00033241 6.9973e-06 0.00020236 1.2869e-06
0.00032804 6.5911e-06 0.00021083 1.253e-06
0.00032331 6.2099e-06 0.00022 1.2219e-06
0.00031922 5.8053e-06 0.00022873 1.1957e-06
0.0003156 5.4246e-06 0.00023817 1.1722e-06
0.00031166 5.0662e-06 0.00024839 1.1511e-06
0.00031115 4.736e-06 0.00025809 1.123e-06
0.00031093 4.3835e-06 0.00026739 1.0882e-06
0.00031052 4.0509e-06 0.00027747 1.0404e-06
0.00030991 3.6957e-06 0.00028708 9.8534e-07
0.00030962 3.3632e-06 0.00029761 9.3396e-07
0.00030968 3.4912e-06 0.00030764 8.754e-07
0.00031001 3.6285e-06 0.0003185 8.1951e-07
0.00031062 3.7756e-06 0.00033025 7.6608e-07
0.00031106 3.9069e-06 0.00034152 7.035e-07
0.00031183 4.0507e-06 0.00035385 6.4417e-07
0.00031296 4.1771e-06 0.00036561 5.7785e-07
0.00031306 4.3161e-06 0.00037689 5.0488e-07
0.00031297 4.4375e-06 0.00038765 5.5686e-07
0.00031316 4.5697e-06 0.00039079 5.3131e-07
0.00031316 4.6858e-06 0.00039483 4.9999e-07
0.00031342 4.7869e-06 0.0003987 4.6318e-07
0.00031351 4.8976e-06 0.00040292 4.2691e-07
0.00031351 4.9965e-06 0.00040703 3.8594e-07
0.00031371 5.102e-06 0.00041142 3.4467e-07
0.00031412 5.214e-06 0.00041612 3.0292e-07
0.00031474 5.3144e-06 0.00042071 3.8245e-07
0.00031553 5.4193e-06 0.00042555 4.622e-07
0.00031625 5.5133e-06 0.00043029 5.3719e-07
0.0003169 5.5971e-06 0.00043496 6.0759e-07
0.00031748 5.6706e-06 0.00043954 6.7345e-07
0.00031826 5.7496e-06 0.00044441 7.3989e-07
0.00031923 5.8179e-06 0.00044918 8.0164e-07
0.00032014 5.8761e-06 0.00045387 8.5884e-07
0.00032099 5.9241e-06 0.00045849 9.1151e-07
0.00032176 5.9619e-06 0.00046302 9.5964e-07
0.0003227 6.0037e-06 0.0004678 1.0078e-06
0.00032356 6.0348e-06 0.00047249 1.0514e-06
0.00031903 6.07e-06 0.00047127 1.095e-06
0.0003144 6.095e-06 0.00046999 1.1341e-06
0.00031011 6.1255e-06 0.00046888 1.1739e-06
0.00030615 6.1616e-06 0.00046793 1.2145e-06
0.00030249 6.2033e-06 0.00046713 1.2559e-06
0.00029912 6.2509e-06 0.00046648 1.2982e-06
0.00029599 6.3029e-06 0.00046597 1.341e-06
0.00029276 6.3438e-06 0.0004654 1.3789e-06
0.00028941 6.3729e-06 0.00046477 1.4116e-06
0.00028592 6.4099e-06 0.00046431 1.446e-06
0.00028227 6.4339e-06 0.00046377 1.4749e-06
0.00027843 6.4438e-06 0.00046313 1.4977e-06
0.00027424 6.4678e-06 0.00046275 1.5245e-06
0.00027057 6.5063e-06 0.00046262 1.5555e-06
0.00026664 6.5278e-06 0.00046237 1.5794e-06
0.00026239 6.5325e-06 0.00047071 1.5962e-06
0.00025775 6.5519e-06 0.00047265 1.6174e-06
0.00025361 6.6573e-06 0.00047486 1.6421e-06
0.00024911 6.7784e-06 0.00047692 1.6597e-06
0.00024507 6.9125e-06 0.00047925 1.6806e-06
0.00024138 7.0564e-06 0.0004818 1.7035e-06
0.00023751 7.1857e-06 0.00048424 1.7203e-06
0.00023349 7.3015e-06 0.00048658 1.7315e-06
0.0002298 7.4264e-06 0.00048914 1.7446e-06
0.00022594 7.5364e-06 0.00049159 1.7516e-06
0.00022187 7.656e-06 0.00048917 1.7605e-06
0.00021813 7.7849e-06 0.00048695 1.7712e-06
0.00021423 7.8996e-06 0.00048463 1.7761e-06
0.00021016 8.0004e-06 0.00048223 1.7753e-06
0.00020645 8.1123e-06 0.00048004 1.7767e-06
0.00019092 8.2333e-06 0.0004776 1.9136e-06
0.000175 8.3411e-06 0.00047507 2.0439e-06
0.00015868 8.4361e-06 0.00047245 2.1679e-06
0.00014195 8.5182e-06 0.00046975 2.2856e-06
0.00013829 8.5876e-06 0.00046697 2.397e-06
0.00013492 8.6668e-06 0.0004644 2.5132e-06
0.00013139 8.7563e-06 0.00046205 2.6345e-06
0.00012811 8.8542e-06 0.00045989 2.7601e-06
0.00012471 8.9388e-06 0.00045764 2.8791e-06
0.00012119 9.0102e-06 0.00045531 2.9915e-06
0.00011804 9.0952e-06 0.00045322 3.1109e-06
0.00011471 9.1927e-06 0.00045135 3.237e-06
0.00011336 9.2724e-06 0.00044935 3.3541e-06
0.00011218 9.3657e-06 0.00044758 3.4785e-06
0.00011088 9.4406e-06 0.00044567 3.5935e-06
0.00010977 9.531e-06 0.0004458 3.6935e-06
0.00010884 9.6014e-06 0.00044579 3.7837e-06
0.0001078 9.6534e-06 0.00044566 3.8647e-06
0.00010695 1.092e-05 0.00044541 3.9364e-06
0.00010627 1.2264e-05 0.00044538 4.0161e-06
0.00010546 1.3552e-05 0.0004452 4.0856e-06
0.00010454 1.4921e-05 0.00044525 4.1634e-06
0.00010382 1.6231e-05 0.00044515 4.2308e-06
0.00010296 1.7797e-05 0.00044532 4.3084e-06
0.00010197 1.9479e-05 0.00044574 4.3966e-06
0.00010085 2.1286e-05 0.00044642 4.5003e-06
9.9918e-05 2.3024e-05 0.00044691 4.6216e-06
9.8854e-05 2.4875e-05 0.00044764 4.7535e-06
9.8724e-05 3.6029e-05 0.00044822 4.8736e-06
9.8779e-05 5.5179e-05 0.00044865 4.9821e-06
9.8986e-05 7.5765e-05 0.00044931 5.1011e-06
9.9345e-05 9.7683e-05 0.00045019 5.231e-06
9.9858e-05 0.00012102 0.00045131 5.3724e-06
0.00010053 0.00014587 0.00045267 5.5258e-06
0.00010233 0.00016993 0.00045388 5.6677e-06
0.00010441 0.00019305 0.00045491 5.7972e-06
0.00010633 0.00021539 0.00045578 5.9149e-06
0.0001081 0.00023699 0.00045652 6.0211e-06
0.00010971 0.00025786 0.00045713 6.1159e-06
0.00011159 0.00028022 0.00045798 6.2234e-06
0.00011328 0.00030417 0.00045909 6.3439e-06
0.0001152 0.00032961 0.00046043 6.4759e-06
0.00011695 0.00035662 0.00046201 6.6199e-06
0.00011855 0.00038276 0.00046345 6.7519e-06
0.00012003 0.00040816 0.00046475 6.8731e-06
0.00012137 0.00043511 0.00046629 7.0059e-06
0.00012291 0.00046369 0.00046808 7.1509e-06
0.00012432 0.00049135 0.00046971 7.2836e-06
0.00012594 0.00051819 0.0004712 7.4049e-06
0.0001274 0.00054421 0.00047256 7.5148e-06
0.00012911 0.00057213 0.0004742 7.6395e-06
0.00013113 0.00059903 0.00047616 7.7803e-06
0.00013347 0.00062794 0.00047843 7.9377e-06
0.0001361 0.00065875 0.00048099 8.1101e-06
0.00013856 0.00068478 0.00048339 8.2694e-06
0.00014082 0.00069309 0.00048617 8.4469e-06
0.00014419 0.00070206 0.00048933 8.6433e-06
0.00024016 0.00086616 0.0005444 3.8218e-05
0.00024475 0.00087542 0.00054627 3.9863e-05
0.00024906 0.00088436 0.00054799 4.1448e-05
0.00025308 0.00088633 0.00055003 4.3157e-05
0.0002568 0.00088816 0.00055307 4.4794e-05
0.00026098 0.00089023 0.00055653 4.6543e-05
0.00026671 0.00089256 0.00056036 4.841e-05
0.00027207 0.00089473 0.00056396 5.0204e-05
0.00027803 0.00089716 0.00056795 5.1826e-05
