

TREE # 1

  0  0.0000   9491.708139  x:  0.02183   0.07949   0.10976   0.01404   0.10790   0.10620   0.03104   1.01633   0.92331  
  1 99.0000   7612.866098  x:  1.19326   0.44026   0.31064   0.58077   0.19770   0.13944   0.19176   1.03332   0.90257  
  2 16041.5806   7326.027611  x:  1.12598   0.97459   0.86658   0.25445   0.18690   0.16951   0.10275   1.42989   0.23541  
  3 477.0975   7313.526994  x:  1.11297   0.97825   0.88341   0.25934   0.20856   0.17914   0.13931   1.45421   0.17739  
  4 462.8585   7305.798613  x:  1.08264   0.97274   0.94957   0.28517   0.27826   0.18708   0.16214   1.53151   0.20165  
  5 149.1885   7300.945392  x:  1.08197   0.91441   0.98608   0.31516   0.30627   0.16208   0.13078   1.60966   0.18635  
  6 131.8314   7288.386087  x:  1.13297   0.68568   1.11293   0.31081   0.25579   0.19544   0.13395   1.89189   0.18877  
  7 170.2637   7287.887917  x:  1.13745   0.67891   1.11512   0.30331   0.25274   0.17593   0.14520   1.90772   0.19218  
  8 44.0527   7287.546955  x:  1.15085   0.68546   1.07659   0.28177   0.27141   0.17734   0.14305   1.94411   0.19514  
  9 11.0804   7287.313966  x:  1.14449   0.70592   1.04046   0.29554   0.25809   0.17735   0.14394   1.98355   0.19945  
 10 10.7998   7278.918814  x:  1.18838   0.58271   0.85948   0.33728   0.27346   0.17514   0.16409   1.86965   0.18961  
 11  0.1751   7277.978783  x:  1.18318   0.60073   0.84816   0.34606   0.26733   0.17406   0.17066   1.73290   0.19194  
 12  0.1402   7277.898862  x:  1.19076   0.58997   0.84774   0.34664   0.25942   0.17353   0.17024   1.73396   0.19519  
 13  0.0093   7277.458088  x:  1.22068   0.60338   0.85745   0.34148   0.25865   0.17412   0.16606   1.74632   0.19445  
 14  0.0046   7276.707655  x:  1.32732   0.59687   0.87989   0.34880   0.26177   0.17599   0.16302   1.73770   0.18391  
 15  0.0586   7276.560046  x:  1.33383   0.59095   0.86899   0.36138   0.26084   0.17466   0.17047   1.75802   0.18493  
 16  0.0193   7276.553467  x:  1.33319   0.58859   0.87609   0.36192   0.26149   0.17461   0.17123   1.75404   0.18428  
 17  0.0111   7276.553393  x:  1.33322   0.58893   0.87581   0.36184   0.26171   0.17461   0.17136   1.75348   0.18427  
 18  0.0007   7276.553392  x:  1.33324   0.58893   0.87583   0.36182   0.26171   0.17461   0.17137   1.75358   0.18427  
 19  0.0001   7276.553392  x:  1.33324   0.58893   0.87583   0.36182   0.26171   0.17461   0.17138   1.75357   0.18427  
 20  0.0000   7276.553392  x:  1.33324   0.58893   0.87583   0.36182   0.26171   0.17461   0.17138   1.75357   0.18427  