Chlorocebus_sabaeus Gorilla_gorilla Homo_sapiens Hylobates_moloch Macaca_fascicularis
7.6803e-05 0.0011005 0.0016296 0.00053491 0.0054071
7.4488e-05 0.001096 0.0016264 0.00053216 0.0054059
7.2206e-05 0.0010914 0.0016233 0.00052948 0.0054048
6.99e-05 0.0010869 0.0016201 0.00052675 0.0054036
6.7628e-05 0.0010824 0.001617 0.00052409 0.0054025
6.5335e-05 0.0010779 0.0016138 0.00052139 0.0054013
6.3079e-05 0.0010734 0.0016107 0.00051877 0.0054002
6.0799e-05 0.0010689 0.0016075 0.0005161 0.005399
5.8497e-05 0.0010644 0.0016043 0.00051339 0.0053979
5.6172e-05 0.0010598 0.0016011 0.00051064 0.0053967
5.3882e-05 0.0010553 0.001598 0.00050795 0.0053955
5.3863e-05 0.0010507 0.0015948 0.00050522 0.0053943
5.3834e-05 0.0010461 0.0015916 0.00050245 0.0053932
5.2816e-05 0.0010414 0.0015883 0.00049963 0.005392
5.1783e-05 0.0010367 0.0015851 0.00049676 0.0053908
5.0734e-05 0.0010319 0.0015818 0.00049384 0.0053896
4.9704e-05 0.0010272 0.0015785 0.00049101 0.0053884
5.0199e-05 0.0010224 0.0015752 0.00048812 0.0053872
5.0683e-05 0.0010176 0.0015719 0.00048533 0.005386
5.1177e-05 0.0010129 0.0015687 0.0004826 0.0053848
5.1679e-05 0.0010082 0.0015654 0.00047995 0.0053837
5.2192e-05 0.0010037 0.0015622 0.00047736 0.0053826
5.2692e-05 0.00099902 0.001559 0.00047473 0.0053814
5.3181e-05 0.00099435 0.0015558 0.00047205 0.0053803
5.368e-05 0.00098976 0.0015525 0.00046946 0.0053792
5.4168e-05 0.00098511 0.0015493 0.00046681 0.005378
5.4645e-05 0.00098055 0.0015461 0.00046423 0.0053769
5.513e-05 0.00097605 0.0015429 0.00046171 0.0053757
5.5604e-05 0.00097151 0.0015397 0.00045916 0.0053746
5.6069e-05 0.00096693 0.0015365 0.00045657 0.0053734
5.6541e-05 0.00096241 0.0015333 0.00045404 0.0053723
5.7022e-05 0.00095797 0.0015302 0.00045157 0.0053712
5.7509e-05 0.00095358 0.001527 0.00044914 0.0053701
5.7988e-05 0.00094917 0.0015239 0.0004467 0.005369
5.8473e-05 0.0009448 0.0015207 0.00044429 0.0053679
5.8949e-05 0.00094041 0.0015176 0.00044187 0.0053668
5.9418e-05 0.00093599 0.0015144 0.00043942 0.0053657
5.9893e-05 0.00093162 0.0015113 0.00043702 0.0053647
6.0374e-05 0.00092731 0.0015082 0.00043466 0.0053636
6.0861e-05 0.00092305 0.0015051 0.00043234 0.0053626
6.1354e-05 0.00091884 0.001502 0.00043007 0.0053616
6.1853e-05 0.00091468 0.001499 0.00042784 0.0053606
6.2359e-05 0.00091058 0.001496 0.00042566 0.0053596
6.2856e-05 0.00090644 0.0014929 0.00042345 0.0053587
6.3361e-05 0.00090237 0.0014899 0.00042129 0.0053577
6.3873e-05 0.00089835 0.0014869 0.00041917 0.0053568
6.4394e-05 0.00089439 0.001484 0.00041711 0.0053559
6.4924e-05 0.00089049 0.001481 0.00041509 0.005355
6.5464e-05 0.00088666 0.0014781 0.00041313 0.0053542
6.6016e-05 0.00088291 0.0014753 0.00041123 0.0053534
6.6555e-05 0.0008791 0.0014724 0.00040929 0.0053526
6.7082e-05 0.00087525 0.0014695 0.00040731 0.0053517
6.7596e-05 0.00087148 0.0014666 0.00040529 0.0053513
6.8122e-05 0.00086778 0.0014637 0.00040333 0.005351
6.8635e-05 0.00086403 0.0014609 0.00040134 0.0053506
6.9136e-05 0.00086024 0.001458 0.0003993 0.0053502
6.9648e-05 0.00085651 0.0014551 0.00039733 0.0053499
7.0149e-05 0.00085274 0.0014522 0.00039531 0.0053495
7.0662e-05 0.00084905 0.0014494 0.00039336 0.0053491
7.1163e-05 0.00084531 0.0014465 0.00039138 0.0053488
7.1676e-05 0.00084164 0.0014436 0.00038945 0.0053484
7.2177e-05 0.00083793 0.0014408 0.00038749 0.0053481
7.2666e-05 0.00083417 0.0014379 0.00038549 0.0053477
7.3167e-05 0.00083048 0.001435 0.00038355 0.0053474
7.3656e-05 0.00082675 0.0014322 0.00038158 0.005347
7.4157e-05 0.0008231 0.0014293 0.00037967 0.0053467
7.4645e-05 0.00081939 0.0014265 0.00037771 0.0053464
7.5144e-05 0.00081575 0.0014236 0.00037582 0.005346
7.5657e-05 0.00081219 0.0014208 0.00037398 0.0053458
7.6157e-05 0.00080858 0.001418 0.00037211 0.0053455
7.6671e-05 0.00080505 0.0014152 0.0003703 0.0053452
7.7172e-05 0.00081084 0.0014124 0.00036845 0.0053449
7.766e-05 0.00081658 0.0014096 0.00036656 0.0053446
7.8136e-05 0.00082241 0.0014068 0.00036474 0.0053443
7.86e-05 0.00082818 0.0014039 0.00036288 0.005344
7.9052e-05 0.00083391 0.0014011 0.00036098 0.0053436
7.9517e-05 0.00083973 0.0013983 0.00035915 0.0053433
7.9969e-05 0.00084549 0.0013955 0.00035727 0.0053429
8.0432e-05 0.00085134 0.0013927 0.00035545 0.0053426
8.0906e-05 0.00085728 0.0013899 0.00035368 0.0053423
8.1393e-05 0.00086331 0.0013871 0.00035196 0.0053421
8.1892e-05 0.00086944 0.0013844 0.00035029 0.0053419
8.2377e-05 0.0008755 0.0013817 0.00034859 0.0053416
8.2879e-05 0.00088167 0.001379 0.00034694 0.0053414
8.3368e-05 0.00088778 0.0013762 0.00034526 0.0053412
8.3845e-05 0.00089384 0.0013735 0.00034354 0.005341
8.4309e-05 0.00089983 0.0013707 0.0003418 0.0053407
8.8919e-05 0.00096068 0.0013432 0.00032469 0.0053384
8.935e-05 0.00096668 0.0013404 0.00032293 0.0053381
8.9795e-05 0.00097279 0.0013376 0.00032122 0.0053379
9.0226e-05 0.00097883 0.0013348 0.00031947 0.0053376
9.0645e-05 0.00098482 0.001332 0.00031769 0.0053374
9.1052e-05 0.0009909 0.0013292 0.00031596 0.0053371
9.1472e-05 0.00099708 0.0013265 0.00031428 0.0053368
9.1906e-05 0.0010034 0.0013237 0.00031266 0.0053366
9.2328e-05 0.0010096 0.001321 0.00031101 0.0053364
9.2764e-05 0.001016 0.0013183 0.0003094 0.0053362
9.3186e-05 0.0010222 0.0013156 0.00030777 0.005336
9.3622e-05 0.0010286 0.0013129 0.00030618 0.0053358
9.4073e-05 0.0010351 0.0013102 0.00030465 0.0053357
9.4537e-05 0.0010418 0.0013076 0.00030317 0.0053355
9.4988e-05 0.0010483 0.0013049 0.00030165 0.0053354
9.5427e-05 0.0010548 0.0013022 0.00030019 0.0053352
9.5852e-05 0.0010614 0.0012996 0.00029878 0.0053351
9.6263e-05 0.0010679 0.0012969 0.00029733 0.0053349
9.6687e-05 0.0010746 0.0012943 0.00029593 0.0053347
9.7097e-05 0.0010811 0.0012916 0.00029449 0.0053345
9.7494e-05 0.0010876 0.0012889 0.00029302 0.0053343
9.7877e-05 0.0010941 0.0012862 0.00029152 0.0053341
9.7832e-05 0.0011006 0.0012835 0.00029007 0.005334
9.7775e-05 0.0011071 0.0012808 0.00028858 0.0053338
9.7705e-05 0.0011137 0.0012782 0.00028714 0.0053337
9.7622e-05 0.0011202 0.0012755 0.00028576 0.0053334
9.7527e-05 0.0011266 0.0012727 0.00028435 0.0053332
9.7445e-05 0.0011332 0.0012701 0.00028299 0.005333
9.7374e-05 0.0011399 0.0012674 0.00028167 0.0053329
9.7292e-05 0.0011465 0.0012647 0.00028032 0.0053327
9.7195e-05 0.0011532 0.0012621 0.00027793 0.0053325
9.7087e-05 0.0011599 0.0012594 0.00027551 0.0053323
9.6992e-05 0.0011667 0.0012567 0.00027316 0.0053321
9.6885e-05 0.0011734 0.0012541 0.00027076 0.0053319
9.6789e-05 0.0011802 0.0012514 0.00026843 0.0053317
9.6703e-05 0.0011872 0.0012488 0.00026614 0.0053316
9.6628e-05 0.0011942 0.0012463 0.0002639 0.0053315
9.6542e-05 0.0012012 0.0012437 0.00026164 0.0053314
9.6465e-05 0.0012083 0.0012411 0.00025942 0.0053313
9.638e-05 0.0012153 0.0012385 0.00025718 0.0053311
9.63e-05 0.0012224 0.0012359 0.00025498 0.0053311
9.6213e-05 0.0012295 0.0012333 0.00025275 0.005331
9.6119e-05 0.0012366 0.0012307 0.00025051 0.0053309
9.6031e-05 0.0012437 0.0012282 0.00024831 0.0053308
9.5936e-05 0.0012508 0.0012256 0.00024609 0.0053307
9.5847e-05 0.001258 0.001223 0.0002439 0.0053306
9.5764e-05 0.0012652 0.0012204 0.00024174 0.0053305
9.5686e-05 0.0012725 0.0012179 0.00023962 0.0053305
9.5601e-05 0.0012798 0.0012153 0.00023748 0.0053305
9.5522e-05 0.0012872 0.0012128 0.00023537 0.0053304
9.5436e-05 0.0012945 0.0012102 0.00023324 0.0053304
9.5343e-05 0.0013018 0.0012077 0.0002311 0.0053304
9.5244e-05 0.0013091 0.0012051 0.00022895 0.0053303
9.5138e-05 0.0013164 0.0012025 0.00022678 0.0053302
9.5026e-05 0.0013236 0.0012 0.0002246 0.0053302
9.4918e-05 0.0013309 0.0011974 0.00022245 0.0053301
9.4804e-05 0.0013382 0.0011948 0.00022028 0.0053301
9.4682e-05 0.0013455 0.0011922 0.0002181 0.00533
9.4567e-05 0.0013528 0.0011896 0.00021595 0.00533
9.4444e-05 0.0013601 0.001187 0.00021378 0.0053299
9.4327e-05 0.0013675 0.0011845 0.00021164 0.0053299
9.4202e-05 0.0013748 0.0011819 0.00020949 0.0053299
9.4083e-05 0.0013823 0.0011793 0.00020737 0.0053298
9.3971e-05 0.0013898 0.0011768 0.00020528 0.0053299
9.3863e-05 0.0013973 0.0011742 0.00020321 0.0053299
9.3748e-05 0.0014049 0.0011717 0.00020113 0.0053299
9.3626e-05 0.0014124 0.0011691 0.00019904 0.0053299
9.351e-05 0.00142 0.0011666 0.00019697 0.0053299
9.3386e-05 0.0014275 0.001164 0.00019489 0.0053299
9.3269e-05 0.0014352 0.0011615 0.00019284 0.00533
9.3145e-05 0.0014428 0.0011589 0.00019078 0.00533
9.3028e-05 0.0014505 0.0011564 0.00018875 0.00533
9.2918e-05 0.0014583 0.0011539 0.00018668 0.0053301
9.2815e-05 0.0014662 0.0011514 0.00018464 0.0053302
9.2704e-05 0.001474 0.0011489 0.00018258 0.0053303
9.2583e-05 0.0014818 0.0011464 0.00018056 0.0053304
9.2454e-05 0.0014896 0.0011438 0.00017852 0.0053304
9.2333e-05 0.0014974 0.0011413 0.00017651 0.0053305
9.2218e-05 0.0015054 0.0011388 0.00017454 0.0053306
9.2095e-05 0.0015133 0.0011363 0.00017254 0.0053307
9.1963e-05 0.0015212 0.0011338 0.00017053 0.0053308
9.1839e-05 0.0015291 0.0011313 0.00016855 0.0053309
9.1722e-05 0.0015372 0.0011288 0.0001666 0.005331
9.1595e-05 0.0015452 0.0011263 0.00016463 0.0053312
9.146e-05 0.0015533 0.0011238 0.00016264 0.0053313
9.1315e-05 0.0015614 0.0011213 0.00016063 0.0053313
9.1179e-05 0.0015695 0.0011188 0.00015866 0.0053315
9.1033e-05 0.0015776 0.0011163 0.00015666 0.0053316
9.0897e-05 0.0015859 0.0011138 0.0001547 0.0053317
9.0749e-05 0.001594 0.0011113 0.00015271 0.0053318
9.0612e-05 0.0016023 0.0011089 0.00015076 0.005332
9.0466e-05 0.0016105 0.0011064 0.0001488 0.0053321
9.0327e-05 0.0016189 0.0011039 0.00014686 0.0053323
9.0195e-05 0.0016273 0.0011015 0.00014496 0.0053324
9.0071e-05 0.0016359 0.001099 0.00014309 0.0053326
8.9952e-05 0.0016445 0.0010966 0.00014124 0.0053329
8.9826e-05 0.0016531 0.0010942 0.00013938 0.0053331
8.9705e-05 0.0016618 0.0010918 0.00013754 0.0053333
8.9588e-05 0.0016706 0.0010894 0.00013573 0.0053336
8.9476e-05 0.0016794 0.001087 0.00013393 0.0053338
8.9358e-05 0.0016882 0.0010846 0.00013212 0.0053341
8.9233e-05 0.001697 0.0010822 0.0001303 0.0053343
8.9112e-05 0.0017059 0.0010798 0.0001285 0.0053346
8.8996e-05 0.0017148 0.0010775 0.00012673 0.0053349
8.8874e-05 0.0017238 0.0010751 0.00012494 0.0053352
8.8757e-05 0.0017328 0.0010727 0.00012317 0.0053355
8.8646e-05 0.0017419 0.0010703 0.00012143 0.0053358
8.8527e-05 0.001751 0.001068 0.00011967 0.0053361
8.8415e-05 0.0017601 0.0010656 0.00011794 0.0053365
8.8308e-05 0.0017694 0.0010633 0.00011623 0.0053368
8.8194e-05 0.0017787 0.0010609 0.00011451 0.0053372
8.8073e-05 0.0017879 0.0010586 0.00011277 0.0053375
8.7958e-05 0.0017972 0.0010562 0.00011106 0.0053379
8.7848e-05 0.0018066 0.0010539 0.00010937 0.0053383
8.7742e-05 0.0018161 0.0010516 0.00010769 0.0053387
8.763e-05 0.0018255 0.0010492 0.00010601 0.005339
8.7523e-05 0.0018351 0.0010469 0.00010434 0.0053394
8.7408e-05 0.0018446 0.0010446 0.00010267 0.0053398
8.7286e-05 0.001854 0.0010423 0.00010097 0.0053402
8.717e-05 0.0018636 0.0010399 9.9304e-05 0.0053407
8.7046e-05 0.0018732 0.0010376 9.7617e-05 0.0053411
8.6929e-05 0.0018828 0.0010353 9.5956e-05 0.0053415
8.6819e-05 0.0018926 0.001033 9.4321e-05 0.0053419
8.6696e-05 0.0019025 0.0010307 9.2711e-05 0.0053424
8.6563e-05 0.0019123 0.0010284 9.1083e-05 0.0053428
8.6422e-05 0.0019221 0.0010261 8.9435e-05 0.0053432
8.6288e-05 0.001932 0.0010238 8.7815e-05 0.0053436
8.6146e-05 0.0019418 0.0010215 8.6177e-05 0.005344
8.6011e-05 0.0019518 0.0010192 8.4567e-05 0.0053445
8.5886e-05 0.0019619 0.0010169 8.2984e-05 0.005345
8.5767e-05 0.0019721 0.0010147 8.1426e-05 0.0053455
8.5656e-05 0.0019825 0.0010124 7.9894e-05 0.005346
8.5554e-05 0.001993 0.0010102 7.8388e-05 0.0053466
8.5462e-05 0.0020037 0.001008 7.6912e-05 0.0053471
8.5379e-05 0.0020145 0.0010059 7.5465e-05 0.0053478
8.5306e-05 0.0020255 0.0010037 7.4044e-05 0.0053484
8.5221e-05 0.0020364 0.0010015 7.26e-05 0.005349
8.5124e-05 0.0020472 0.00099936 7.1133e-05 0.0053496
8.5015e-05 0.0020579 0.00099716 6.9641e-05 0.0053502
8.4918e-05 0.0020688 0.00099497 6.818e-05 0.0053508
8.4832e-05 0.0020799 0.00099282 6.6752e-05 0.0053515
8.4757e-05 0.0020911 0.00099069 6.5356e-05 0.0053522
8.4694e-05 0.0021026 0.00098859 6.3991e-05 0.0053529
8.4619e-05 0.0021139 0.00098646 6.2601e-05 0.0053536
8.4553e-05 0.0021255 0.00098436 6.1238e-05 0.0053543
8.4498e-05 0.0021372 0.00098229 5.9902e-05 0.0053551
8.443e-05 0.0021488 0.00098019 5.8541e-05 0.0053559
8.4351e-05 0.0021603 0.00097807 5.7158e-05 0.0053566
8.4283e-05 0.002172 0.00097598 5.5805e-05 0.0053573
8.4203e-05 0.0021837 0.00097386 5.443e-05 0.0053581
8.4112e-05 0.0021952 0.00097173 5.3033e-05 0.0053588
8.4009e-05 0.0022066 0.00096958 5.161e-05 0.0053595
8.3917e-05 0.0022183 0.00096745 5.0219e-05 0.0053602
8.3838e-05 0.0022298 0.0009653 4.8804e-05 0.005361
8.3747e-05 0.0022412 0.00096313 4.9233e-05 0.0053618
8.3644e-05 0.0022525 0.00096094 4.9647e-05 0.0053625
8.3551e-05 0.002264 0.00095878 5.0072e-05 0.0053632
8.3446e-05 0.0022755 0.00095659 5.0482e-05 0.005364
8.335e-05 0.002287 0.00095442 5.0901e-05 0.0053647
8.3243e-05 0.0022985 0.00095223 5.1307e-05 0.0053655
8.3126e-05 0.0023099 0.00095003 5.1699e-05 0.0053662
8.3001e-05 0.0023213 0.00094781 5.2079e-05 0.005367
8.2883e-05 0.0023328 0.00094561 5.2468e-05 0.0053677
8.2755e-05 0.0023442 0.0009434 5.2844e-05 0.0053684
8.2636e-05 0.0023558 0.0009412 5.323e-05 0.0053692
8.2508e-05 0.0023673 0.00093899 5.3604e-05 0.0053699
8.2388e-05 0.002379 0.0009368 5.3988e-05 0.0053707
8.2258e-05 0.0023906 0.00093459 5.4359e-05 0.0053715
8.2137e-05 0.0024024 0.0009324 5.4739e-05 0.0053723
8.2007e-05 0.0024141 0.0009302 5.5108e-05 0.005373
8.1867e-05 0.0024258 0.00092798 5.5464e-05 0.0053738
8.1736e-05 0.0024376 0.00092578 5.583e-05 0.0053746
8.1595e-05 0.0024493 0.00092357 5.6186e-05 0.0053754
8.1463e-05 0.0024612 0.00092137 5.6552e-05 0.0053762
8.1321e-05 0.002473 0.00091916 5.6906e-05 0.0053769
8.1186e-05 0.002485 0.00091697 5.7267e-05 0.0053778
8.1042e-05 0.0024969 0.00091476 5.7616e-05 0.0053786
8.0904e-05 0.002509 0.00091256 5.7974e-05 0.0053794
8.0757e-05 0.002521 0.00091035 5.8318e-05 0.0053802
8.0617e-05 0.0025331 0.00090816 5.8671e-05 0.005381
8.0467e-05 0.0025451 0.00090595 5.9011e-05 0.0053818
8.0309e-05 0.0025571 0.00090372 5.9338e-05 0.0053826
8.0141e-05 0.0025691 0.00090148 5.9653e-05 0.0053834
7.9963e-05 0.0025809 0.00089922 5.9954e-05 0.0053842
7.9795e-05 0.0025929 0.00089699 6.0267e-05 0.005385
7.9617e-05 0.0026049 0.00089474 6.0567e-05 0.0053858
7.9448e-05 0.002617 0.00089251 6.0878e-05 0.0053866
7.9269e-05 0.0026291 0.00089026 6.1176e-05 0.0053874
7.9099e-05 0.0026413 0.00088803 6.1485e-05 0.0053883
7.8919e-05 0.0026535 0.00088579 6.178e-05 0.0053891
7.8729e-05 0.0026655 0.00088353 6.2061e-05 0.0053899
7.8531e-05 0.0026776 0.00088125 6.233e-05 0.0053907
7.8323e-05 0.0026895 0.00087896 6.2587e-05 0.0053915
7.8122e-05 0.0027016 0.00087669 6.2852e-05 0.0053923
7.7912e-05 0.0027136 0.00087439 6.3104e-05 0.005393
7.7709e-05 0.0027258 0.00087212 6.3366e-05 0.0053939
7.7495e-05 0.0027379 0.00086983 6.3613e-05 0.0053947
7.7291e-05 0.0027502 0.00086756 6.3873e-05 0.0053955
7.7075e-05 0.0027624 0.00086527 6.4116e-05 0.0053963
7.6847e-05 0.0027744 0.00086296 6.4341e-05 0.0053971
7.663e-05 0.0027867 0.00086067 6.4582e-05 0.0053979
7.6423e-05 0.0027992 0.00085841 6.4837e-05 0.0053988
7.6203e-05 0.0028115 0.00085612 6.5073e-05 0.0053996
7.5972e-05 0.0028238 0.00085382 6.5294e-05 0.0054004
7.5751e-05 0.0028362 0.00085153 6.5528e-05 0.0054012
7.5517e-05 0.0028486 0.00084923 6.5744e-05 0.0054021
7.5295e-05 0.0028611 0.00084695 6.5976e-05 0.0054029
7.506e-05 0.0028735 0.00084464 6.6229e-05 0.0054038
7.4812e-05 0.0028859 0.00084232 6.6465e-05 0.0054046
7.4576e-05 0.0028984 0.00084002 6.6716e-05 0.0054054
7.435e-05 0.0029111 0.00083774 6.6981e-05 0.0054063
7.4111e-05 0.0029237 0.00083544 6.7228e-05 0.0054072
7.3883e-05 0.0029366 0.00083317 6.7491e-05 0.0054081
7.3644e-05 0.0029493 0.00083087 6.7738e-05 0.0054089
7.3415e-05 0.0029622 0.0008286 6.7998e-05 0.0054098
7.3173e-05 0.0029751 0.0008263 6.8241e-05 0.0054107
7.292e-05 0.0029878 0.00082399 6.8468e-05 0.0054116
7.2654e-05 0.0030004 0.00082166 6.8682e-05 0.0054124
7.2376e-05 0.0030129 0.0008193 6.8879e-05 0.0054133
7.2109e-05 0.0030256 0.00081697 6.9092e-05 0.0054141
7.1854e-05 0.0030385 0.00081466 6.932e-05 0.005415
7.1609e-05 0.0030516 0.00081237 6.9565e-05 0.0054159
7.1373e-05 0.003065 0.00081011 6.9823e-05 0.0054169
7.1126e-05 0.0030782 0.00080782 7.0063e-05 0.0054178
7.0889e-05 0.0030917 0.00080556 7.032e-05 0.0054188
7.0641e-05 0.003105 0.00080328 7.056e-05 0.0054198
7.0402e-05 0.0031186 0.00080102 7.0814e-05 0.0054208
7.0173e-05 0.0031324 0.00079879 7.1083e-05 0.0054218
6.9952e-05 0.0031463 0.00079657 7.1365e-05 0.0054228
6.9919e-05 0.0031602 0.00079433 7.1631e-05 0.0054239
6.9896e-05 0.0031743 0.00079212 7.1914e-05 0.0054249
6.9883e-05 0.0031887 0.00078993 7.223e-05 0.005426
6.9878e-05 0.0032033 0.00078776 7.2562e-05 0.0054272
6.9862e-05 0.0032177 0.00078557 7.2874e-05 0.0054283
6.9835e-05 0.0032321 0.00078336 7.317e-05 0.0054294
6.983e-05 0.0032467 0.00078118 7.3483e-05 0.0054305
6.9814e-05 0.0032611 0.00077897 7.3778e-05 0.0054315
6.9805e-05 0.0032758 0.00077679 7.4087e-05 0.0054326
6.9805e-05 0.0032907 0.00077462 7.4409e-05 0.0054337
6.9796e-05 0.0033055 0.00077243 7.4718e-05 0.0054348
6.9794e-05 0.0033205 0.00077027 7.504e-05 0.0054359
6.9783e-05 0.0033355 0.00076809 7.5348e-05 0.0054371
6.9764e-05 0.0033503 0.00076589 7.5643e-05 0.0054382
6.9737e-05 0.0033651 0.00076368 7.5929e-05 0.0054392
6.9716e-05 0.0033801 0.00076149 7.6225e-05 0.0054404
6.9687e-05 0.003395 0.00075928 7.651e-05 0.0054415
6.9663e-05 0.0034101 0.00075709 7.6803e-05 0.0054426
6.9643e-05 0.0034254 0.00075491 7.7105e-05 0.0054437
6.9616e-05 0.0034406 0.00075272 7.7395e-05 0.0054449
6.9583e-05 0.0034557 0.00075051 7.7676e-05 0.005446
6.9554e-05 0.003471 0.00074832 7.7965e-05 0.0054472
6.9528e-05 0.0034865 0.00074614 7.8261e-05 0.0054483
6.9507e-05 0.0035021 0.00074397 7.8565e-05 0.0054495
6.9491e-05 0.0035178 0.0007418 7.8878e-05 0.0054507
6.9478e-05 0.0035338 0.00073966 7.9198e-05 0.005452
6.9459e-05 0.0035497 0.0007375 7.9509e-05 0.0054532
6.9444e-05 0.0035657 0.00073535 7.9828e-05 0.0054544
6.9423e-05 0.0035819 0.00073321 8.0136e-05 0.0054557
6.9394e-05 0.0035981 0.00073106 8.0435e-05 0.0054569
6.9359e-05 0.0036142 0.0007289 8.0724e-05 0.0054581
6.9318e-05 0.0036303 0.00072673 8.1002e-05 0.0054593
6.9281e-05 0.0036465 0.00072457 8.1289e-05 0.0054605
6.9237e-05 0.0036627 0.0007224 8.1567e-05 0.0054618
6.9197e-05 0.0036791 0.00072024 8.1851e-05 0.005463
6.916e-05 0.0036956 0.00071809 8.2143e-05 0.0054643
6.9118e-05 0.003712 0.00071593 8.2425e-05 0.0054655
6.9078e-05 0.0037284 0.00071376 8.2716e-05 0.0054667
6.9032e-05 0.0037448 0.00071158 8.2996e-05 0.005468
6.8989e-05 0.0037613 0.0007094 8.3284e-05 0.0054692
6.894e-05 0.0037778 0.00070722 8.3561e-05 0.0054705
6.8894e-05 0.0037944 0.00070505 8.3846e-05 0.0054717
6.8853e-05 0.0038112 0.00070288 8.4139e-05 0.005473
6.8815e-05 0.0038282 0.00070073 8.4441e-05 0.0054744
6.8782e-05 0.0038454 0.00069859 8.4756e-05 0.0054757
6.8742e-05 0.0038624 0.00069644 8.506e-05 0.005477
6.8694e-05 0.0038795 0.00069427 8.5355e-05 0.0054783
6.8651e-05 0.0038967 0.00069212 8.5656e-05 0.0054796
6.8601e-05 0.0039138 0.00068995 8.5947e-05 0.005481
6.8555e-05 0.0039312 0.0006878 8.6248e-05 0.0054823
6.8502e-05 0.0039485 0.00068563 8.6538e-05 0.0054837
6.8454e-05 0.0039659 0.00068348 8.6838e-05 0.005485
6.841e-05 0.0039836 0.00068133 8.7146e-05 0.0054864
6.837e-05 0.0040014 0.0006792 8.7462e-05 0.0054878
6.8323e-05 0.0040191 0.00067705 8.7768e-05 0.0054892
6.8281e-05 0.0040371 0.00067492 8.8083e-05 0.0054906
6.8232e-05 0.004055 0.00067277 8.8388e-05 0.005492
6.8186e-05 0.0040731 0.00067064 8.8701e-05 0.0054934
6.8134e-05 0.0040911 0.00066849 8.9004e-05 0.0054948
6.8085e-05 0.0041091 0.00066633 8.9297e-05 0.0054963
6.8029e-05 0.004127 0.00066417 8.9579e-05 0.0054977
6.7967e-05 0.0041449 0.00066199 8.9851e-05 0.0054991
6.7909e-05 0.0041424 0.00065982 9.0132e-05 0.0055006
6.7845e-05 0.0041399 0.00065764 9.0403e-05 0.005502
6.7784e-05 0.0041375 0.00065547 9.0683e-05 0.0055034
6.7718e-05 0.0041351 0.0006533 9.0954e-05 0.0055049
6.7654e-05 0.0041327 0.00065113 9.1232e-05 0.0055063
6.7594e-05 0.0041304 0.00064897 9.1517e-05 0.0055078
6.7538e-05 0.0041282 0.00064681 9.1811e-05 0.0055093
6.7484e-05 0.0041261 0.00064467 9.2112e-05 0.0055108
6.7425e-05 0.0041239 0.00064252 9.2403e-05 0.0055124
6.7369e-05 0.0041218 0.00064037 9.2704e-05 0.0055139
6.7307e-05 0.0041197 0.00063822 9.2994e-05 0.0055154
6.7249e-05 0.0041177 0.00063608 9.3294e-05 0.005517
6.7194e-05 0.0041157 0.00063394 9.3602e-05 0.0055185
6.7133e-05 0.0041137 0.00063179 9.3899e-05 0.0055201
6.7076e-05 0.0041118 0.00062966 9.4206e-05 0.0055217
6.7012e-05 0.0041099 0.00062751 9.4525e-05 0.0055232
6.6942e-05 0.0041079 0.00062535 9.4834e-05 0.0055248
6.6875e-05 0.0041061 0.0006232 9.5153e-05 0.0055264
6.6813e-05 0.0041043 0.00062107 9.5481e-05 0.005528
6.6743e-05 0.0041024 0.00061892 9.5797e-05 0.0055296
6.668e-05 0.0041007 0.00061678 9.6126e-05 0.0055312
6.6623e-05 0.0040991 0.00061466 9.6471e-05 0.0055328
6.6574e-05 0.0040976 0.00061255 9.6832e-05 0.0055345
6.6514e-05 0.004096 0.00061043 9.7174e-05 0.0055362
6.6461e-05 0.0040946 0.00060832 9.7533e-05 0.0055379
6.6398e-05 0.004093 0.00060619 9.7873e-05 0.0055395
6.6343e-05 0.0040916 0.00060408 9.8233e-05 0.0055412
6.6299e-05 0.0040904 0.000602 9.8613e-05 0.005543
6.6263e-05 0.0040892 0.00059993 9.9014e-05 0.0055283
6.6217e-05 0.004088 0.00059784 9.9395e-05 0.0055136
6.6178e-05 0.0040718 0.00059577 9.9794e-05 0.005499
6.6128e-05 0.0040555 0.00059368 0.00010017 0.0054843
6.6087e-05 0.0040394 0.0005916 0.00010057 0.0054697
6.6055e-05 0.0040231 0.00058951 0.00010099 0.0054551
6.6012e-05 0.0040068 0.0005874 0.00010139 0.0054406
6.5959e-05 0.0039903 0.00058528 0.00010177 0.005426
6.5895e-05 0.0039737 0.00058313 0.00010214 0.0054114
6.582e-05 0.003957 0.00058097 0.00010248 0.0053967
6.5734e-05 0.0039402 0.00057879 0.00010281 0.0053821
6.5656e-05 0.0039236 0.00057662 0.00010315 0.0053675
6.5567e-05 0.0039069 0.00057444 0.00010348 0.0053529
6.5468e-05 0.00389 0.00057224 0.00010379 0.0053382
6.5358e-05 0.0038731 0.00057002 0.00010408 0.0053235
6.5239e-05 0.003856 0.00056778 0.00010435 0.0053089
6.5109e-05 0.0038388 0.00056553 0.0001046 0.0052941
6.4969e-05 0.0038215 0.00056326 0.00010484 0.0052794
6.4836e-05 0.0038044 0.00056101 0.0001051 0.0052647
6.4693e-05 0.0037872 0.00055874 0.00010533 0.0052501
6.4539e-05 0.0037699 0.00055645 0.00010555 0.0052353
6.4395e-05 0.0037529 0.00055418 0.00010579 0.0052207
6.424e-05 0.0037357 0.00055189 0.00010601 0.005206
6.4093e-05 0.0037188 0.00054962 0.00010625 0.0051914
6.3938e-05 0.0037018 0.00054733 0.00010648 0.0051768
6.3788e-05 0.003685 0.00054506 0.00010671 0.0051622
6.3631e-05 0.0036682 0.00054277 0.00010694 0.0051476
6.3478e-05 0.0036515 0.0005405 0.00010718 0.005133
6.3319e-05 0.0036348 0.00053821 0.0001074 0.0051185
6.3164e-05 0.0036183 0.00053594 0.00010764 0.0051039
6.3002e-05 0.0036017 0.00053365 0.00010787 0.0050894
6.2844e-05 0.0035853 0.00053137 0.0001081 0.0050749
6.2679e-05 0.0035688 0.00052908 0.00010833 0.0050604
6.2507e-05 0.0035523 0.00052678 0.00010854 0.0050459
6.2338e-05 0.0035359 0.00052449 0.00010877 0.0050314
6.2174e-05 0.0035197 0.00052221 0.000109 0.005017
6.2003e-05 0.0035035 0.00051991 0.00010922 0.0050026
6.1836e-05 0.0034874 0.00051763 0.00010946 0.0049882
6.1673e-05 0.0034715 0.00051535 0.0001097 0.0049738
6.1503e-05 0.0034555 0.00051306 0.00010993 0.0049595
6.1337e-05 0.0034397 0.00051079 0.00011018 0.0049452
6.1165e-05 0.0034239 0.0005085 0.00011041 0.0049308
6.0995e-05 0.0034082 0.00050622 0.00011065 0.0049165
6.082e-05 0.0033924 0.00050393 0.00011089 0.0049022
6.0648e-05 0.0033768 0.00050165 0.00011113 0.004888
6.0469e-05 0.0033612 0.00049935 0.00011136 0.0048737
6.0293e-05 0.0033457 0.00049707 0.0001116 0.0048595
6.0112e-05 0.0033302 0.00049477 0.00011183 0.0048452
5.9924e-05 0.0033146 0.00049247 0.00011205 0.004831
5.9739e-05 0.0032992 0.00049017 0.00011228 0.0048168
5.9547e-05 0.0032838 0.00048786 0.0001125 0.0048026
5.9349e-05 0.0032683 0.00048554 0.00011271 0.0047884
5.9145e-05 0.0032527 0.00048321 0.00011291 0.0047741
5.8945e-05 0.0032374 0.00048089 0.00011312 0.00476
5.8738e-05 0.003222 0.00047856 0.00011332 0.0047458
5.8525e-05 0.0032065 0.00047622 0.00011351 0.0047316
5.8315e-05 0.0031912 0.00047389 0.00011371 0.0047174
5.811e-05 0.0031761 0.00047157 0.00011392 0.0047033
5.7898e-05 0.0031609 0.00046923 0.00011412 0.0046892
5.769e-05 0.0031459 0.00046691 0.00011433 0.0046751
5.7475e-05 0.0031308 0.00046457 0.00011453 0.004661
5.7254e-05 0.0031157 0.00046223 0.00011472 0.0046469
5.7037e-05 0.0031008 0.00045989 0.00011492 0.0046329
5.6814e-05 0.0030858 0.00045754 0.00011511 0.0046188
5.6584e-05 0.0030707 0.00045519 0.00011529 0.0046047
5.6347e-05 0.0030557 0.00045282 0.00011546 0.0045906
5.6114e-05 0.0030408 0.00045046 0.00011564 0.0045766
5.5884e-05 0.003026 0.00044811 0.00011583 0.0045626
5.5648e-05 0.0030113 0.00044576 0.00011603 0.0045486
5.5406e-05 0.0029967 0.00044341 0.00011622 0.0045346
5.5157e-05 0.0029819 0.00044104 0.00011639 0.0045206
5.4901e-05 0.0029672 0.00043866 0.00011656 0.0045065
5.4649e-05 0.0029526 0.0004363 0.00011674 0.0044926
5.44e-05 0.0029381 0.00043393 0.00011692 0.0044786
5.4145e-05 0.0029236 0.00043156 0.0001171 0.0044646
5.3893e-05 0.0029092 0.0004292 0.00011729 0.0044507
5.3645e-05 0.002895 0.00042684 0.00011749 0.0044368
5.3391e-05 0.0028807 0.00042448 0.00011767 0.0044229
5.3141e-05 0.0028666 0.00042212 0.00011787 0.0044091
5.2893e-05 0.0028526 0.00041977 0.00011808 0.0043953
5.2648e-05 0.0028387 0.00041743 0.0001183 0.0043815
5.2406e-05 0.002825 0.00041509 0.00011852 0.0043677
5.2166e-05 0.0028114 0.00041276 0.00011876 0.004354
5.193e-05 0.0027979 0.00041043 0.00011901 0.0043403
5.1688e-05 0.0027844 0.0004081 0.00011925 0.0043266
5.1439e-05 0.0027708 0.00040576 0.00011947 0.0043129
5.1183e-05 0.0027572 0.0004034 0.00011969 0.0042992
5.0931e-05 0.0027438 0.00040105 0.00011991 0.0042855
5.0682e-05 0.0027304 0.00039871 0.00012015 0.0042719
5.0426e-05 0.0027171 0.00039636 0.00012038 0.0042582
5.0164e-05 0.0027037 0.000394 0.00012059 0.0042446
4.9905e-05 0.0026904 0.00039165 0.00012082 0.004231
4.9649e-05 0.0026772 0.0003893 0.00012106 0.0042174
4.9387e-05 0.0026641 0.00038694 0.00012129 0.0042038
4.9118e-05 0.0026508 0.00038457 0.0001215 0.0041902
4.8843e-05 0.0026376 0.0003822 0.00012171 0.0041766
4.8563e-05 0.0026243 0.00037981 0.00012191 0.004163
4.8284e-05 0.0026112 0.00037743 0.00012212 0.0041494
4.8009e-05 0.0025981 0.00037506 0.00012234 0.0041359
4.7738e-05 0.0025852 0.00037269 0.00012257 0.0041224
4.746e-05 0.0025723 0.00037031 0.00012279 0.0041089
4.7175e-05 0.0025593 0.00036793 0.000123 0.0040954
4.6894e-05 0.0025465 0.00036555 0.00012322 0.0040819
4.6607e-05 0.0025336 0.00036316 0.00012343 0.0040684
4.6323e-05 0.0025209 0.00036078 0.00012365 0.004055
4.6033e-05 0.0025081 0.00035838 0.00012386 0.0040415
4.5737e-05 0.0024953 0.00035598 0.00012406 0.0040281
4.5443e-05 0.0024827 0.00035359 0.00012428 0.0040146
4.5152e-05 0.0024701 0.0003512 0.0001245 0.0040012
4.4864e-05 0.0024576 0.00034882 0.00012473 0.0039879
4.4577e-05 0.0024453 0.00034644 0.00012497 0.0039746
4.4285e-05 0.0024329 0.00034405 0.0001252 0.0039612
4.3995e-05 0.0024207 0.00034167 0.00012544 0.0039479
4.37e-05 0.0024084 0.00033928 0.00012568 0.0039346
4.3407e-05 0.0023962 0.00033689 0.00012592 0.0039213
4.3117e-05 0.0023842 0.00033452 0.00012618 0.0039081
4.283e-05 0.0023723 0.00033214 0.00012644 0.0038949
4.2537e-05 0.0023603 0.00032976 0.0001267 0.0038817
4.2246e-05 0.0023485 0.00032739 0.00012696 0.0038685
4.1949e-05 0.0023366 0.000325 0.00012722 0.0038553
4.1654e-05 0.0023248 0.00032262 0.00012748 0.0038421
4.1362e-05 0.0023132 0.00032025 0.00012776 0.003829
4.1063e-05 0.0023015 0.00031786 0.00012802 0.0038159
4.0766e-05 0.0022899 0.00031549 0.0001283 0.0038028
4.0473e-05 0.0022784 0.00031311 0.00012859 0.0037897
4.0173e-05 0.0022669 0.00031073 0.00012887 0.0037766
3.9877e-05 0.0022555 0.00030836 0.00012916 0.0037636
3.9583e-05 0.0022443 0.00030599 0.00012946 0.0037506
3.9293e-05 0.0022332 0.00030363 0.00012978 0.0037376
3.8995e-05 0.002222 0.00030126 0.00013008 0.0037246
3.869e-05 0.0022107 0.00029887 0.00013037 0.0037116
3.839e-05 0.0021996 0.00029649 0.00013067 0.0036987
3.8081e-05 0.0021885 0.0002941 0.00013096 0.0036857
3.7777e-05 0.0021775 0.00029173 0.00013127 0.0036728
3.7465e-05 0.0021664 0.00028933 0.00013156 0.0036598
3.7157e-05 0.0021555 0.00028695 0.00013187 0.0036469
3.684e-05 0.0021445 0.00028455 0.00013216 0.003634
3.6529e-05 0.0021336 0.00028216 0.00013247 0.0036211
3.6223e-05 0.0021229 0.00027979 0.00013281 0.0036083
3.5924e-05 0.0021124 0.00027743 0.00013316 0.0035955
3.5617e-05 0.0021018 0.00027505 0.0001335 0.0035827
3.5301e-05 0.0020911 0.00027266 0.00013382 0.0035699
3.4978e-05 0.0020804 0.00027026 0.00013413 0.0035571
3.4648e-05 0.0020697 0.00026785 0.00013442 0.0035442
3.431e-05 0.0020589 0.00026542 0.0001347 0.0035314
3.3976e-05 0.0020482 0.000263 0.000135 0.0035186
3.3643e-05 0.0020376 0.00026059 0.0001353 0.0035058
3.3305e-05 0.002027 0.00025816 0.0001356 0.003493
3.296e-05 0.0020164 0.00025573 0.00013588 0.0034802
3.2609e-05 0.0020057 0.00025328 0.00013616 0.0034674
3.2251e-05 0.001995 0.00025083 0.00013642 0.0034546
3.1896e-05 0.0019844 0.00024838 0.00013669 0.0034419
3.1543e-05 0.0019739 0.00024593 0.00013698 0.0034291
3.1183e-05 0.0019633 0.00024348 0.00013725 0.0034164
3.0817e-05 0.0019528 0.00024101 0.00013752 0.0034036
3.0453e-05 0.0019423 0.00023855 0.00013779 0.0033909
3.0092e-05 0.0019319 0.0002361 0.00013808 0.0033782
2.9734e-05 0.0019217 0.00023365 0.00013838 0.0033655
2.9369e-05 0.0019114 0.0002312 0.00013867 0.0033528
2.9007e-05 0.0019012 0.00022874 0.00013898 0.0033402
2.8638e-05 0.001891 0.00022628 0.00013927 0.0033276
2.8272e-05 0.0018809 0.00022383 0.00013958 0.0033149
2.7907e-05 0.0018708 0.00022136 0.00013989 0.0033024
2.7545e-05 0.0018607 0.0002189 0.00014022 0.0032898
2.7175e-05 0.0018506 0.00021642 0.00014054 0.0032772
2.6809e-05 0.0018406 0.00021396 0.00014087 0.0032647
2.6436e-05 0.0018306 0.00021148 0.00014119 0.0032522
2.6066e-05 0.0018207 0.00020901 0.00014152 0.0032397
2.5697e-05 0.0018109 0.00020654 0.00014187 0.0032272
2.5331e-05 0.0018012 0.00020408 0.00014223 0.0032147
2.4959e-05 0.0017915 0.00020162 0.00014258 0.0032023
2.4589e-05 0.0017818 0.00019915 0.00014294 0.0031899
2.422e-05 0.0017723 0.00019669 0.00014332 0.0031775
2.3845e-05 0.0017627 0.00019422 0.00014368 0.0031651
2.3465e-05 0.0017531 0.00019174 0.00014404 0.0031527
2.3078e-05 0.0017435 0.00018925 0.00014438 0.0031403
2.2693e-05 0.001734 0.00018677 0.00014474 0.0031279
2.231e-05 0.0017245 0.00018429 0.0001451 0.0031155
2.1921e-05 0.0017151 0.0001818 0.00014546 0.0031032
2.1533e-05 0.0017057 0.00017931 0.00014583 0.0030908
2.114e-05 0.0016963 0.00017682 0.00014619 0.0030785
2.0741e-05 0.0016869 0.00017431 0.00014655 0.0030662
2.0335e-05 0.0016775 0.00017181 0.00014689 0.0030538
1.9931e-05 0.0016683 0.00016931 0.00014724 0.0030415
1.9521e-05 0.001659 0.00016681 0.00014758 0.0030292
1.9105e-05 0.0016497 0.00016429 0.00014791 0.0030169
1.869e-05 0.0016405 0.00016178 0.00014825 0.0030046
1.8278e-05 0.0016313 0.00015927 0.00014861 0.0029923
1.7859e-05 0.0016222 0.00015675 0.00014895 0.00298
1.7434e-05 0.001613 0.00015423 0.00014929 0.0029677
1.701e-05 0.0016039 0.0001517 0.00014963 0.0029555
1.658e-05 0.0015947 0.00014917 0.00014997 0.0029432
1.6143e-05 0.0015856 0.00014662 0.00015029 0.0029309
1.57e-05 0.0015764 0.00014407 0.0001506 0.0029186
1.5259e-05 0.0015673 0.00014151 0.00015092 0.0029064
1.4819e-05 0.0015582 0.00013897 0.00015126 0.0028941
1.4373e-05 0.0015492 0.00013641 0.00015158 0.0028819
1.3929e-05 0.0015402 0.00013386 0.00015192 0.0028697
1.3487e-05 0.0015314 0.00013131 0.00015228 0.0028575
1.3049e-05 0.0015226 0.00012877 0.00015266 0.0028454
1.2601e-05 0.0015138 0.00012622 0.00015301 0.0028333
1.2159e-05 0.0015049 0.00012721 0.00015334 0.0028211
1.1721e-05 0.0014962 0.0001282 0.0001537 0.0028091
1.1274e-05 0.0014873 0.00012918 0.00015404 0.002797
1.0831e-05 0.0014786 0.00013016 0.00015439 0.002785
1.0392e-05 0.00147 0.00013115 0.00015477 0.002773
9.9561e-06 0.0014616 0.00013213 0.00015518 0.002761
9.5125e-06 0.001453 0.0001331 0.00015556 0.002749
9.0712e-06 0.0014446 0.00013408 0.00015596 0.0027371
8.6321e-06 0.0014363 0.00013505 0.00015639 0.0027251
8.1946e-06 0.0014281 0.00013603 0.00015682 0.0027133
7.751e-06 0.0014198 0.00013699 0.00015725 0.0027014
7.3012e-06 0.0014116 0.00013795 0.00015766 0.0026895
6.8527e-06 0.0014034 0.0001389 0.0001581 0.0026776
6.4055e-06 0.0013953 0.00013985 0.00015854 0.0026658
5.9595e-06 0.0013873 0.00014081 0.000159 0.002654
5.5071e-06 0.0013792 0.00014175 0.00015945 0.0026421
5.0483e-06 0.0013711 0.00014268 0.00015989 0.0026303
5.2094e-06 0.001363 0.00014361 0.00016031 0.0026185
5.3649e-06 0.0013549 0.00014452 0.00016072 0.0026066
5.5187e-06 0.0013468 0.00014543 0.00016115 0.0025948
5.667e-06 0.0013387 0.00014633 0.00016156 0.002583
5.8135e-06 0.0013307 0.00014723 0.00016199 0.0025712
5.9584e-06 0.0013228 0.00014813 0.00016244 0.0025594
6.1017e-06 0.0013149 0.00014903 0.0001629 0.0025477
6.2433e-06 0.0013072 0.00014993 0.00016338 0.002536
6.3833e-06 0.0012995 0.00015083 0.00016387 0.0025243
6.5214e-06 0.0012919 0.00015173 0.00016437 0.0025126
6.6577e-06 0.0012843 0.00015263 0.00016489 0.002501
6.7923e-06 0.0012769 0.00015352 0.00016542 0.0024894
6.9253e-06 0.0012694 0.00015441 0.00016595 0.0024778
7.057e-06 0.001262 0.0001553 0.00016648 0.0024662
7.183e-06 0.0012545 0.00015617 0.00016701 0.0024547
7.3076e-06 0.0012472 0.00015705 0.00016755 0.0024431
7.4312e-06 0.0012399 0.00015793 0.00016811 0.0024316
7.5488e-06 0.0012326 0.0001588 0.00016866 0.0024201
7.6599e-06 0.0012252 0.00015965 0.00016919 0.0024086
7.7642e-06 0.0012178 0.00016049 0.0001697 0.002397
7.8685e-06 0.0012105 0.00016133 0.00017023 0.0023855
7.9727e-06 0.0012032 0.00016217 0.00017079 0.0023741
8.0703e-06 0.001196 0.000163 0.00017133 0.0023626
8.1679e-06 0.0011888 0.00016384 0.0001719 0.0023511
8.2652e-06 0.0011818 0.00016468 0.00017249 0.0023397
8.3622e-06 0.0011749 0.00016552 0.00017311 0.0023283
8.4593e-06 0.001168 0.00016636 0.00017375 0.002317
8.5562e-06 0.0011611 0.0001672 0.00017442 0.0023057
8.646e-06 0.0011542 0.00016801 0.00017507 0.0022944
8.7361e-06 0.0011473 0.00016884 0.00017574 0.0022831
8.8264e-06 0.0011406 0.00016966 0.00017645 0.0022719
8.9099e-06 0.0011338 0.00017047 0.00017713 0.0022606
8.9933e-06 0.0011271 0.00017129 0.00017784 0.0022494
9.0765e-06 0.0011205 0.00017211 0.00017857 0.0022382
9.1533e-06 0.0011139 0.00017291 0.00017929 0.002227
9.23e-06 0.0011073 0.00017372 0.00018003 0.0022158
9.3065e-06 0.0011009 0.00017454 0.0001808 0.0022047
9.3828e-06 0.0010945 0.00017535 0.0001816 0.0021936
9.4586e-06 0.0010883 0.00017617 0.00018242 0.0021825
9.5339e-06 0.0010821 0.00017699 0.00018326 0.0021715
9.6024e-06 0.0010758 0.00017779 0.00018409 0.0021604
9.6709e-06 0.0010697 0.0001786 0.00018494 0.0021494
9.7392e-06 0.0010636 0.00017941 0.00018582 0.0021384
9.8011e-06 0.0010575 0.00018021 0.00018668 0.0021274
9.8568e-06 0.0010514 0.000181 0.00018752 0.0021164
9.912e-06 0.0010453 0.00018179 0.0001884 0.0021054
9.9663e-06 0.0010393 0.00018258 0.00018929 0.0020944
1.002e-05 0.0010334 0.00018338 0.0001902 0.0020835
1.0072e-05 0.0010275 0.00018417 0.00019114 0.0020726
1.0124e-05 0.0010218 0.00018497 0.0001921 0.0020617
1.0175e-05 0.001016 0.00018576 0.00019309 0.0020509
1.0226e-05 0.0010104 0.00018656 0.0001941 0.0020401
1.0276e-05 0.0010049 0.00018737 0.00019514 0.0020293
1.032e-05 0.00099927 0.00018815 0.00019616 0.0020185
1.0364e-05 0.00099375 0.00018895 0.00019721 0.0020077
1.0408e-05 0.00098833 0.00018974 0.0001983 0.001997
1.0453e-05 0.00098299 0.00019055 0.00019943 0.0019863
1.049e-05 0.00097759 0.00019133 0.00020052 0.0019756
1.052e-05 0.00097229 0.00019212 0.0002017 0.0019648
1.055e-05 0.00096708 0.00019292 0.00020291 0.0019541
1.0572e-05 0.00096181 0.0001937 0.00020409 0.0019434
1.0588e-05 0.00095649 0.00019447 0.00020524 0.0019327
1.0605e-05 0.00095127 0.00019525 0.00020644 0.001922
1.0622e-05 0.00094614 0.00019603 0.00020768 0.0019113
1.0632e-05 0.00094096 0.00019679 0.00020888 0.0019006
1.0643e-05 0.00093586 0.00019756 0.00021013 0.00189
1.0646e-05 0.00093071 0.00019832 0.00021135 0.0018793
1.065e-05 0.00092565 0.00019908 0.00021261 0.0018687
1.0656e-05 0.00092068 0.00019985 0.00021181 0.0018581
1.0653e-05 0.00091566 0.0002006 0.00021099 0.0018474
1.0652e-05 0.00091072 0.00020136 0.00021021 0.0018369
1.0643e-05 0.00090574 0.0002021 0.0002094 0.0018263
1.0636e-05 0.00090085 0.00020285 0.00020863 0.0018157
1.0628e-05 0.00089603 0.0002036 0.00020788 0.0018052
1.0614e-05 0.00089117 0.00020434 0.00020712 0.0017946
1.0601e-05 0.0008864 0.00020509 0.00020639 0.0017841
1.0588e-05 0.00088171 0.00020584 0.00020569 0.0017737
1.0577e-05 0.00087711 0.0002066 0.00020503 0.0017632
1.0566e-05 0.00087259 0.00020736 0.0002044 0.0017528
1.0555e-05 0.00086815 0.00020813 0.00020379 0.0017425
1.0545e-05 0.00086378 0.0002089 0.00020322 0.0017321
1.0535e-05 0.00085948 0.00020968 0.00020268 0.0017218
1.0526e-05 0.00085526 0.00021046 0.00020216 0.0017116
1.0517e-05 0.00085113 0.00021125 0.00020168 0.0017013
1.0509e-05 0.00084706 0.00021205 0.00020123 0.0016911
1.0494e-05 0.00084294 0.00021283 0.00020075 0.0016809
1.0471e-05 0.00083878 0.00021359 0.00020025 0.0016707
1.0449e-05 0.00083469 0.00021436 0.00019978 0.0016605
1.042e-05 0.00083056 0.00021512 0.00019929 0.0016503
1.0391e-05 0.00082637 0.00021586 0.00019883 0.0016401
1.0363e-05 0.00082226 0.0002166 0.00019839 0.0016299
1.0336e-05 0.00081822 0.00021736 0.00019799 0.0016198
1.0308e-05 0.00081425 0.00021811 0.00019761 0.0016097
1.0281e-05 0.00081034 0.00021887 0.00019726 0.0015996
1.0254e-05 0.0008065 0.00021964 0.00019693 0.0015896
1.022e-05 0.00080262 0.00022039 0.00019658 0.0015796
1.0186e-05 0.0007988 0.00022115 0.00019626 0.0015695
1.0145e-05 0.00079494 0.00022189 0.00019592 0.0015595
1.0103e-05 0.00079113 0.00022263 0.0001956 0.0015495
1.0061e-05 0.00078737 0.00022338 0.0001953 0.0015395
1.0017e-05 0.00078366 0.00022413 0.00019501 0.0015295
9.9729e-06 0.00078 0.00022488 0.00019475 0.0015196
9.9273e-06 0.00077638 0.00022563 0.0001945 0.0015097
9.8802e-06 0.00077279 0.00022639 0.00019427 0.0014998
9.8316e-06 0.00076925 0.00022714 0.00019405 0.0014899
9.7814e-06 0.00076575 0.00022789 0.00019384 0.00148
9.7299e-06 0.00076228 0.00022865 0.00019366 0.0014702
9.6729e-06 0.0007588 0.00022939 0.00019346 0.0014603
9.6147e-06 0.00075536 0.00023014 0.00019328 0.0014505
9.5509e-06 0.00075189 0.00023087 0.00019308 0.0014406
9.4817e-06 0.00074841 0.0002316 0.00019288 0.0014308
9.4069e-06 0.00074491 0.00023232 0.00019266 0.0014209
9.3309e-06 0.00074145 0.00023303 0.00019247 0.0014111
9.2493e-06 0.00073797 0.00023374 0.00019226 0.0014012
9.1664e-06 0.00073453 0.00023445 0.00019206 0.0013914
9.0774e-06 0.00073106 0.00023515 0.00019185 0.0013816
8.9877e-06 0.00072764 0.00023585 0.00019166 0.0013717
8.8977e-06 0.00072427 0.00023655 0.00019149 0.001362
8.8005e-06 0.00071983 0.00023727 0.00019131 0.0013522
8.6966e-06 0.00071535 0.00023798 0.0001911 0.0013423
8.593e-06 0.00071095 0.0002387 0.00019092 0.0013325
8.49e-06 0.00070662 0.00023942 0.00019076 0.0013228
8.3876e-06 0.00070238 0.00024015 0.00019064 0.001313
8.2854e-06 0.0006982 0.00024089 0.00019055 0.0013033
8.1837e-06 0.00069409 0.00024163 0.00019048 0.0012937
8.0827e-06 0.00069007 0.00024238 0.00019045 0.001284
7.9823e-06 0.00068611 0.00024314 0.00019044 0.0012744
7.8744e-06 0.00068216 0.00024389 0.00019041 0.0012648
7.7666e-06 0.00067819 0.00024463 0.00019041 0.0012552
7.6588e-06 0.00067422 0.00024536 0.00019043 0.0012457
7.5515e-06 0.00067025 0.00024609 0.00019051 0.0012361
7.4447e-06 0.00066626 0.00024681 0.00019062 0.0012266
5.7877e-06 0.00061381 0.00025547 0.00019264 0.0011039
5.6406e-06 0.00060981 0.0002561 0.00019285 0.0010945
5.4937e-06 0.00060588 0.00025673 0.00019309 0.0010852
5.6971e-06 0.00060202 0.00025738 0.00019331 0.0010758
5.9007e-06 0.00059822 0.00025803 0.00019349 0.0010665
6.0972e-06 0.00059438 0.00025866 0.00019365 0.0010571
6.2941e-06 0.0005906 0.0002593 0.00019383 0.0010478
6.4912e-06 0.00058687 0.00025994 0.00019405 0.0010385
6.6812e-06 0.00058311 0.00026057 0.00019424 0.0010292
6.8716e-06 0.0005794 0.00026121 0.00019446 0.0010199
7.0543e-06 0.00057564 0.00026183 0.00019465 0.0010106
7.238e-06 0.00057195 0.00026246 0.00019487 0.0010013
7.4141e-06 0.00056822 0.00026307 0.00019507 0.000992
7.5926e-06 0.00056443 0.00026367 0.00019524 0.00098273
7.7721e-06 0.00056072 0.00026427 0.00019545 0.00097348
7.9527e-06 0.00055707 0.00026488 0.00019568 0.00096427
8.1345e-06 0.00055349 0.0002655 0.00019595 0.00095504
8.3176e-06 0.00054987 0.00026611 0.00019619 0.00094583
8.5027e-06 0.00054631 0.00026672 0.00019647 0.00093666
8.68e-06 0.0005427 0.00026732 0.00019672 0.00092746
8.85e-06 0.00053906 0.0002679 0.00019694 0.00091825
9.0126e-06 0.00053537 0.00026847 0.00019715 0.00090902
9.176e-06 0.00053174 0.00026904 0.00019738 0.00089981
1.0746e-05 0.00052807 0.0002696 0.00019759 0.00089059
1.23e-05 0.00052436 0.00027014 0.00019777 0.00089288
1.3875e-05 0.0005207 0.00027069 0.00019799 0.00089518
1.5434e-05 0.00051701 0.00027123 0.00019818 0.00089747
1.7017e-05 0.00051338 0.00027177 0.0001984 0.00089976
1.7935e-05 0.00050981 0.00027232 0.00019865 0.00090206
1.8866e-05 0.0005063 0.00027288 0.00019894 0.00090437
1.981e-05 0.00050285 0.00027344 0.00019925 0.00090669
2.0766e-05 0.00049945 0.00027401 0.00019959 0.00090902
2.1709e-05 0.00049602 0.00027457 0.0001999 0.00091132
2.2665e-05 0.00049264 0.00027513 0.00020025 0.00091364
2.3633e-05 0.00048931 0.0002757 0.00020062 0.00091596
2.4615e-05 0.00048604 0.00027627 0.0001989 0.00091829
2.5612e-05 0.00048282 0.00027685 0.00019722 0.00092063
2.6596e-05 0.00047957 0.00027742 0.00019551 0.00092296
2.7613e-05 0.00047638 0.000278 0.00019384 0.00092526
2.8643e-05 0.00047324 0.00027858 0.00019222 0.00092758
2.9659e-05 0.00047005 0.00027915 0.00019057 0.00092987
3.066e-05 0.00046683 0.0002797 0.00018888 0.00093215
3.1648e-05 0.00046356 0.00028023 0.00018717 0.00093442
3.2623e-05 0.00046035 0.00028077 0.0001855 0.00093666
3.3614e-05 0.0004572 0.00028133 0.00018387 0.00093892
3.459e-05 0.00045401 0.00028186 0.00018222 0.00094116
3.5552e-05 0.00045078 0.00028238 0.00018053 0.00094338
3.65e-05 0.0004475 0.00028289 0.00017881 0.00094558
3.7461e-05 0.00044427 0.0002834 0.00017714 0.0009478
3.8438e-05 0.0004411 0.00028392 0.0001755 0.00095002
3.94e-05 0.00043789 0.00028442 0.00017384 0.00095222
4.0376e-05 0.00043473 0.00028493 0.00017221 0.00095443
4.1365e-05 0.00043161 0.00028544 0.00017062 0.00095665
4.2366e-05 0.00042854 0.00028596 0.00016906 0.00095887
4.338e-05 0.00042551 0.00028649 0.00016753 0.0009611
4.4382e-05 0.00042245 0.000287 0.00016599 0.00096331
4.5373e-05 0.00041935 0.0002875 0.00016442 0.00096551
4.6354e-05 0.00041623 0.00028798 0.00016283 0.0009677
4.7343e-05 0.00041314 0.00028847 0.00016126 0.00096989
4.8343e-05 0.00041009 0.00028896 0.00015972 0.00097208
4.9351e-05 0.00040706 0.00028945 0.00015821 0.00097427
5.0369e-05 0.00040407 0.00028995 0.00015671 0.00097647
5.1378e-05 0.00040105 0.00029043 0.00015521 0.00097866
5.2398e-05 0.00039807 0.00029092 0.00015372 0.00098084
5.3426e-05 0.00039511 0.00029141 0.00015226 0.00098304
5.4466e-05 0.00039219 0.0002919 0.00015083 0.00098523
5.5515e-05 0.0003893 0.0002924 0.00014941 0.00098743
5.6574e-05 0.00038643 0.00029289 0.00014802 0.00098963
5.7624e-05 0.00038355 0.00029338 0.00014662 0.00099182
5.8666e-05 0.00038064 0.00029385 0.0001452 0.000994
5.9719e-05 0.00037777 0.00029433 0.0001438 0.00099618
6.0781e-05 0.00037492 0.00029481 0.00014242 0.00099836
6.1854e-05 0.0003721 0.00029529 0.00014107 0.0010005
6.2937e-05 0.00036931 0.00029578 0.00013973 0.0010027
6.403e-05 0.00036654 0.00029626 0.00013842 0.0010049
6.5132e-05 0.0003638 0.00029675 0.00013712 0.0010071
6.6226e-05 0.00036104 0.00029723 0.00013581 0.0010093
6.7331e-05 0.00035831 0.00029771 0.00013452 0.0010115
6.8447e-05 0.0003556 0.00029819 0.00013325 0.0010137
6.9575e-05 0.00035293 0.00029867 0.000132 0.0010159
7.0694e-05 0.00035023 0.00029915 0.00013074 0.001018
7.1825e-05 0.00034756 0.00029962 0.00012949 0.0010202
7.2971e-05 0.00034492 0.00030011 0.00012828 0.0010224
7.4134e-05 0.00034233 0.00030059 0.00012709 0.0010246
7.5282e-05 0.0003397 0.00030107 0.00012587 0.0010268
7.6414e-05 0.00033703 0.00030152 0.00012464 0.0010289
7.7568e-05 0.00033442 0.00030199 0.00012343 0.0010311
7.8743e-05 0.00033184 0.00030246 0.00012226 0.0010333
7.9902e-05 0.00033519 0.00030292 0.00012107 0.0010355
8.1081e-05 0.00033858 0.00030339 0.00011991 0.0010376
8.2282e-05 0.00034203 0.00030386 0.00011877 0.0010398
8.3502e-05 0.00034553 0.00030435 0.00011767 0.001042
8.4742e-05 0.00034908 0.00030484 0.00011659 0.0010442
8.6002e-05 0.00035268 0.00030533 0.00011554 0.0010464
8.7281e-05 0.00035633 0.00030583 0.00011452 0.0010486
8.8579e-05 0.00036003 0.00030634 0.00011351 0.0010509
8.9863e-05 0.00036369 0.00030683 0.00011249 0.0010531
9.1163e-05 0.00036739 0.00030733 0.00011149 0.0010553
9.2451e-05 0.00037106 0.00030781 0.00011047 0.0010575
9.3756e-05 0.00037478 0.0003083 0.00010947 0.0010597
9.5076e-05 0.00037853 0.0003088 0.00010849 0.0010619
9.6411e-05 0.00038232 0.00030929 0.00010752 0.0010641
9.7761e-05 0.00038085 0.00030979 0.00010658 0.0010663
9.9124e-05 0.00037939 0.00031029 0.00010564 0.0010685
0.00010048 0.00037792 0.00031078 0.0001047 0.0010707
0.00010185 0.00037647 0.00031128 0.00010376 0.0010729
0.00010323 0.00037504 0.00031177 0.00010284 0.0010752
0.0001046 0.00037358 0.00031225 0.00010191 0.0010774
0.00010598 0.00037215 0.00031274 0.000101 0.0010796
0.00010739 0.00037074 0.00031323 0.00010009 0.0010818
0.0001088 0.00036935 0.00031372 9.9204e-05 0.001084
0.00011021 0.00036794 0.0003142 9.8304e-05 0.0010862
0.00011163 0.00036655 0.00031468 9.7417e-05 0.0010884
0.00011306 0.00036517 0.00031517 9.6544e-05 0.0010906
0.00011449 0.00036378 0.00031565 9.5659e-05 0.0010928
0.00011591 0.00036238 0.00031611 9.4763e-05 0.001095
0.00011734 0.00036099 0.00031658 9.3881e-05 0.0010971
0.00011879 0.00035962 0.00031705 9.3013e-05 0.0010993
0.00012026 0.00035828 0.00031752 9.216e-05 0.0011015
0.00012175 0.00035696 0.000318 9.1325e-05 0.0011037
0.00012326 0.00035567 0.00031849 9.0509e-05 0.0011059
0.0001248 0.00035441 0.00031898 8.9716e-05 0.0011082
0.00012636 0.00035318 0.00031948 8.8942e-05 0.0011104
0.00012791 0.00035192 0.00031996 8.8148e-05 0.0011126
0.00012947 0.00035069 0.00032045 8.7372e-05 0.0011148
0.00013106 0.00034948 0.00032095 8.6612e-05 0.001117
0.00013264 0.0003483 0.00032145 8.5869e-05 0.0011192
0.0001342 0.00034709 0.00032194 8.511e-05 0.0011214
0.00013578 0.00034591 0.00032243 8.4366e-05 0.0011236
0.00013734 0.0003447 0.00032291 8.3607e-05 0.0011258
0.0001389 0.00034348 0.00032337 8.2837e-05 0.001128
0.00014048 0.00034227 0.00032385 8.2079e-05 0.0011302
0.00014207 0.00034108 0.00032432 8.1333e-05 0.0011323
0.00014365 0.00033988 0.00032478 8.0575e-05 0.0011345
0.00014525 0.00033869 0.00032525 7.9827e-05 0.0011367
0.00014684 0.00033748 0.0003257 7.9068e-05 0.0011388
0.00014844 0.00033629 0.00032616 7.8321e-05 0.001141
0.00015007 0.00033512 0.00032662 7.7585e-05 0.0011432
0.00015171 0.00033396 0.00032708 7.6859e-05 0.0011454
0.00015334 0.00033279 0.00032754 7.6123e-05 0.0011475
0.00015496 0.0003316 0.00032798 7.5376e-05 0.0011497
0.0001566 0.00033043 0.00032842 7.464e-05 0.0011518
0.00015824 0.00032924 0.00032886 7.3894e-05 0.001154
0.00015989 0.00032807 0.00032929 7.3158e-05 0.0011561
0.00016155 0.00032691 0.00032973 7.2433e-05 0.0011583
0.00016324 0.00032578 0.00033018 7.1718e-05 0.0011604
0.00016495 0.00032465 0.00033062 7.1013e-05 0.0011626
0.00016667 0.00032355 0.00033107 7.0316e-05 0.0011647
0.00016838 0.00032242 0.0003315 6.9609e-05 0.0011669
0.00017011 0.00032131 0.00033194 6.8912e-05 0.001169
0.00017186 0.00032022 0.00033238 6.8223e-05 0.0011712
0.0001736 0.00031911 0.00033281 6.7524e-05 0.0011733
0.00017536 0.00031801 0.00033325 6.6834e-05 0.0011755
0.00017711 0.0003169 0.00033367 6.6133e-05 0.0011776
0.00017884 0.00031577 0.00033408 6.5422e-05 0.0011797
0.00018057 0.00031463 0.00033448 6.4701e-05 0.0011819
0.00018232 0.0003135 0.00033489 6.3989e-05 0.001184
0.00018409 0.00031238 0.00033529 6.3287e-05 0.0011861
0.00018584 0.00031125 0.00033569 6.2574e-05 0.0011882
0.00018762 0.00031014 0.00033609 6.1871e-05 0.0011903
0.00018942 0.00030904 0.00033649 6.1176e-05 0.0011924
0.00019123 0.00030795 0.00033689 6.0488e-05 0.0011946
0.00019306 0.00030688 0.0003373 5.9809e-05 0.0011967
0.0001925 0.00030579 0.00033769 5.9119e-05 0.0011988
0.00019195 0.00030472 0.00033809 5.8437e-05 0.0012009
0.00019138 0.00030366 0.00033849 5.7764e-05 0.001203
0.00019083 0.00030261 0.00033889 5.7101e-05 0.0012052
0.00019029 0.00030158 0.0003393 5.6445e-05 0.0012073
0.00018975 0.00030054 0.00033969 5.5779e-05 0.0012094
0.00018921 0.00029951 0.00034009 5.5121e-05 0.0012115
0.00018866 0.00029846 0.00034047 5.4453e-05 0.0012136
0.00018813 0.00029743 0.00034086 5.3794e-05 0.0012157
0.00018761 0.00029641 0.00034126 5.3144e-05 0.0012179
0.0001871 0.00029542 0.00034165 5.2504e-05 0.00122
0.0001866 0.00029443 0.00034205 5.1871e-05 0.0012221
0.0001861 0.00029343 0.00034244 5.1227e-05 0.0012242
0.00018558 0.00029241 0.00034282 5.0571e-05 0.0012263
0.00018508 0.00029137 0.00034318 4.9902e-05 0.0012284
0.00018456 0.0002903 0.00034353 4.9218e-05 0.0012305
0.00018406 0.00028926 0.00034389 4.8548e-05 0.0012326
0.00018358 0.00028824 0.00034425 4.7888e-05 0.0012347
0.00018308 0.00028719 0.0003446 4.7214e-05 0.0012368
0.0001826 0.00028616 0.00034495 4.6551e-05 0.0012389
0.00018213 0.00028516 0.00034531 4.5911e-05 0.001241
0.00018165 0.00028413 0.00034566 4.529e-05 0.0012431
0.00018119 0.00028312 0.00034601 4.4681e-05 0.0012452
0.00018071 0.00028209 0.00034635 4.4057e-05 0.0012473
0.00018022 0.00028103 0.00034667 4.3418e-05 0.0012494
0.00017974 0.00027999 0.000347 4.2791e-05 0.0012514
0.00017925 0.00027893 0.00034731 4.2149e-05 0.0012535
0.00017878 0.0002779 0.00034764 4.152e-05 0.0012556
0.00017829 0.00027684 0.00034795 4.0878e-05 0.0012576
0.00017782 0.0002758 0.00034826 4.0248e-05 0.0012597
0.00017737 0.00027479 0.00034859 3.9642e-05 0.0012618
0.00017691 0.00027376 0.0003489 3.9022e-05 0.0012638
0.00017646 0.00027275 0.00034922 3.8414e-05 0.0012659
0.00017603 0.00027177 0.00034954 3.7818e-05 0.001268
0.00017559 0.00027076 0.00034985 3.7208e-05 0.00127
0.00017516 0.00026977 0.00035017 3.6608e-05 0.0012721
0.00017475 0.00026881 0.00035049 3.6019e-05 0.0012742
0.00017436 0.00026786 0.00035083 3.544e-05 0.0012763
0.00017395 0.00026694 0.00035116 3.4847e-05 0.0012784
0.00017352 0.000266 0.00035149 3.4238e-05 0.0012805
0.00017311 0.00026507 0.00035181 3.3637e-05 0.0012825
0.00017269 0.00026412 0.00035213 3.3025e-05 0.0012846
0.00017226 0.00026315 0.00035243 3.2402e-05 0.0012867
0.00017184 0.0002622 0.00035274 3.1786e-05 0.0012887
0.00017143 0.00026126 0.00035305 3.1175e-05 0.0012908
0.00017101 0.00026031 0.00035335 3.0554e-05 0.0012929
0.0001706 0.00025936 0.00035365 2.9939e-05 0.0012949
0.0001702 0.00025843 0.00035396 2.9329e-05 0.001297
0.00016982 0.00025752 0.00035427 2.8725e-05 0.0012991
0.00016944 0.00025661 0.00035458 2.8125e-05 0.0013011
0.00016907 0.00025572 0.00035489 2.7531e-05 0.0013032
0.00016871 0.00025484 0.00035521 2.6942e-05 0.0013053
0.00016836 0.00025397 0.00035553 2.6357e-05 0.0013074
0.00016802 0.00025312 0.00035585 2.5778e-05 0.0013095
0.00016767 0.00025225 0.00035616 2.5189e-05 0.0013116
0.00016732 0.00025137 0.00035646 2.4591e-05 0.0013136
0.00016698 0.00025049 0.00035677 2.3998e-05 0.0013157
0.00016664 0.00024963 0.00035707 2.3407e-05 0.0013178
0.00016631 0.00024878 0.00035738 2.282e-05 0.0013199
0.00016597 0.00024791 0.00035768 2.2224e-05 0.0013219
0.00016563 0.00024702 0.00035797 2.162e-05 0.001324
0.00016528 0.00024613 0.00035825 2.1006e-05 0.0013261
0.00016494 0.00024524 0.00035853 2.0397e-05 0.0013281
0.00016461 0.00024437 0.00035881 1.9793e-05 0.0013302
0.00016427 0.00024348 0.00035909 1.918e-05 0.0013322
0.00016394 0.0002426 0.00035936 1.857e-05 0.0013343
0.00016362 0.00024174 0.00035964 1.7965e-05 0.0013363
0.0001633 0.00024086 0.00035991 1.7351e-05 0.0013384
0.00016296 0.00023996 0.00036017 1.7989e-05 0.0013404
0.00016264 0.00023908 0.00036043 1.8631e-05 0.0013425
0.00016232 0.0002382 0.00036069 1.9278e-05 0.0013445
0.00016202 0.00023734 0.00036096 1.993e-05 0.0013465
0.0001617 0.00023647 0.00036121 2.0571e-05 0.0013486
0.0001614 0.0002356 0.00036147 2.1218e-05 0.0013506
0.0001611 0.00023475 0.00036173 2.1871e-05 0.0013527
0.00016082 0.00023391 0.000362 2.2528e-05 0.0013547
0.00016054 0.00023308 0.00036227 2.3191e-05 0.0013568
0.00016026 0.00023224 0.00036252 2.3844e-05 0.0013588
0.00015997 0.00023138 0.00036277 2.4488e-05 0.0013609
0.00015967 0.00023051 0.00036301 2.5123e-05 0.0013629
0.00015938 0.00022964 0.00036325 2.5763e-05 0.0013649
0.00015909 0.00022876 0.00036348 2.6394e-05 0.0013669
0.0001588 0.0002279 0.00036371 2.703e-05 0.001369
0.00015852 0.00022704 0.00036395 2.7671e-05 0.001371
0.00015825 0.0002262 0.00036418 2.8317e-05 0.001373
0.00015799 0.00022536 0.00036443 2.8968e-05 0.0013751
0.00015774 0.00022454 0.00036467 2.9624e-05 0.0013771
0.00015749 0.00022372 0.00036491 3.0285e-05 0.0013791
0.00015726 0.00022291 0.00036516 3.095e-05 0.0013812
0.00015703 0.00022211 0.00036541 3.1621e-05 0.0013832
0.00015679 0.0002213 0.00036565 3.2282e-05 0.0013853
0.00015655 0.00022047 0.00036588 3.2934e-05 0.0013873
0.00015629 0.00021963 0.00036609 3.3577e-05 0.0013893
0.00015605 0.00021879 0.00036632 3.4224e-05 0.0013913
0.00015582 0.00021797 0.00036654 3.4877e-05 0.0013934
0.00015559 0.00021715 0.00036676 3.5535e-05 0.0013954
0.00015537 0.00021634 0.00036699 3.6199e-05 0.0013974
0.00015516 0.00021555 0.00036722 3.6868e-05 0.0013995
0.00015494 0.00021473 0.00036744 3.7527e-05 0.0014015
0.00015471 0.0002139 0.00036765 3.8176e-05 0.0014035
0.00015449 0.00021308 0.00036786 3.8832e-05 0.0014055
0.00015428 0.00021228 0.00036807 3.9495e-05 0.0014076
0.00015408 0.00021148 0.00036829 4.0165e-05 0.0014096
0.00015387 0.00021067 0.0003685 4.0826e-05 0.0014116
0.00015366 0.00020984 0.0003687 4.0557e-05 0.0014136
0.00015345 0.00020902 0.0003689 4.029e-05 0.0014156
0.00015325 0.00020821 0.0003691 4.0028e-05 0.0014176
0.00015306 0.00020741 0.00036931 3.9769e-05 0.0014197
0.00015287 0.0002066 0.0003695 3.9501e-05 0.0014217
0.00015266 0.00020577 0.00036969 3.9224e-05 0.0014237
0.00015246 0.00020495 0.00036988 3.895e-05 0.0014257
0.00015228 0.00020414 0.00037007 3.8681e-05 0.0014277
0.00015208 0.00020332 0.00037025 3.8403e-05 0.0014297
0.00015188 0.00020248 0.00038314 3.8116e-05 0.0014317
0.00015167 0.00020162 0.00039602 3.7821e-05 0.0014337
0.00015147 0.00020078 0.00040896 3.7529e-05 0.0014356
0.00015126 0.00019992 0.00042188 3.7229e-05 0.0014376
0.00015106 0.00019907 0.00043486 3.6931e-05 0.0014396
0.00015087 0.00019823 0.00044789 3.6638e-05 0.0014416
0.00015067 0.00019737 0.00046091 3.6336e-05 0.0014436
0.00015049 0.00019653 0.00047398 3.6038e-05 0.0014455
0.00015029 0.00019567 0.00048704 3.5731e-05 0.0014475
0.0001501 0.00019482 0.00050015 3.5427e-05 0.0014495
0.00014992 0.00019398 0.00051332 3.5127e-05 0.0014515
0.00014973 0.00019312 0.00052647 3.4818e-05 0.0014534
0.00014954 0.00019225 0.00053961 3.4499e-05 0.0014554
0.00014935 0.00019139 0.0005528 3.4184e-05 0.0014573
0.00014916 0.00019051 0.00056598 3.386e-05 0.0014593
0.00014897 0.00018964 0.00057921 3.3538e-05 0.0014612
0.00014877 0.00018875 0.00059243 3.3208e-05 0.0014632
0.00014857 0.00018785 0.00060564 3.2868e-05 0.0014651
0.00014836 0.00018693 0.00061883 3.2518e-05 0.001467
0.00014816 0.00018602 0.00063207 3.2172e-05 0.001469
0.00014795 0.0001851 0.0006453 3.1816e-05 0.0014709
0.00014774 0.00018418 0.00065858 3.1464e-05 0.0014728
0.00014753 0.00018325 0.00067185 3.1103e-05 0.0014747
0.00014733 0.00018233 0.00068518 3.0745e-05 0.0014766
0.00014712 0.00018142 0.00069857 3.0392e-05 0.0014785
0.0001469 0.0001805 0.00071194 3.0029e-05 0.0014804
0.00014667 0.00017955 0.00072529 2.9655e-05 0.0014823
0.00014645 0.00017862 0.0007387 2.9288e-05 0.0014842
0.00014623 0.00017767 0.0007521 2.8908e-05 0.001486
0.00014598 0.00017669 0.00076546 2.8516e-05 0.0014879
0.00014576 0.00017574 0.00077891 2.8133e-05 0.0014898
0.00014552 0.00017553 0.00078338 2.7737e-05 0.0014916
0.0001453 0.00017533 0.00078787 2.7349e-05 0.0014935
0.00014506 0.00017511 0.00079235 2.6947e-05 0.0014953
0.00014484 0.0001749 0.00079686 2.6553e-05 0.0014972
0.00014463 0.0001747 0.00080139 2.6165e-05 0.001499
0.00014443 0.00017452 0.00080595 2.5783e-05 0.0015009
0.00014422 0.00017432 0.00081049 2.5389e-05 0.0015028
0.00014402 0.00017413 0.00081505 2.5002e-05 0.0015047
0.00014384 0.00017396 0.00081965 2.4622e-05 0.0015065
0.00014365 0.00017377 0.00082423 2.423e-05 0.0015084
0.00014347 0.00017359 0.00082884 2.3844e-05 0.0015103
0.0001433 0.00017342 0.00083348 2.3466e-05 0.0015122
0.00014315 0.00017327 0.00083814 2.3094e-05 0.0015141
0.00014301 0.00017313 0.00084284 2.2727e-05 0.001516
0.00014288 0.00016916 0.00084756 2.2366e-05 0.0015179
0.00014277 0.00016522 0.00085231 2.2008e-05 0.0015198
0.00014266 0.00016132 0.00085708 2.1654e-05 0.0015217
0.00014256 0.00015745 0.00086187 2.1303e-05 0.0015237
0.00014245 0.00015355 0.00086665 2.0942e-05 0.0015256
0.00014235 0.00014969 0.00087145 2.0583e-05 0.0015275
0.00014226 0.00014585 0.00087627 2.0225e-05 0.0015295
0.00014218 0.00014203 0.0008811 1.987e-05 0.0015314
0.0001421 0.00013825 0.00088596 1.9515e-05 0.0015334
0.00014202 0.00013444 0.00089081 1.9165e-05 0.0015353
0.00014193 0.00013061 0.00089564 1.8806e-05 0.0015372
0.00014184 0.00012681 0.00090049 1.8449e-05 0.0015391
0.00014177 0.00012304 0.00090537 1.8094e-05 0.0015411
0.0001417 0.0001193 0.00091027 1.7741e-05 0.001543
0.00014165 0.00011559 0.00091519 1.7392e-05 0.001545
0.0001416 0.00011192 0.00092014 1.7046e-05 0.0015469
0.00014155 0.00010821 0.00092507 1.6688e-05 0.0015489
0.00014148 0.00010448 0.00092998 1.6319e-05 0.0015508
0.00014143 0.00010078 0.00093493 1.5954e-05 0.0015527
0.00014138 9.7128e-05 0.0009399 1.5595e-05 0.0015547
0.00014133 9.3441e-05 0.00094486 1.5223e-05 0.0015566
0.00014126 8.972e-05 0.00094979 1.484e-05 0.0015585
0.00014121 8.6046e-05 0.00095475 1.4462e-05 0.0015605
0.00014117 8.2414e-05 0.00095976 1.409e-05 0.0015624
0.00014112 7.8744e-05 0.00096473 1.3705e-05 0.0015643
0.00014109 7.5121e-05 0.00096975 1.3326e-05 0.0015663
0.00014107 7.1546e-05 0.0009748 1.2953e-05 0.0015682
0.00014104 6.7936e-05 0.00097984 1.2568e-05 0.0015702
0.00014099 6.4291e-05 0.00098486 1.2171e-05 0.0015721
0.00014093 6.4323e-05 0.00098985 1.2611e-05 0.001574
0.00014085 6.4334e-05 0.00099481 1.3038e-05 0.0015759
0.00014079 6.4351e-05 0.0009998 1.347e-05 0.0015778
0.00014074 6.4372e-05 0.0010048 1.3908e-05 0.0015797
0.00014071 6.4397e-05 0.0010099 1.4351e-05 0.0015816
0.00014066 6.4405e-05 0.0010149 1.4782e-05 0.0015835
0.00014061 6.4396e-05 0.00102 1.5202e-05 0.0015854
0.00014056 6.439e-05 0.001025 1.5626e-05 0.0015873
0.0001405 6.4366e-05 0.0010301 1.6038e-05 0.0015892
0.00014045 6.4345e-05 0.0010351 1.6455e-05 0.001591
0.00014042 6.4327e-05 0.0010402 1.6876e-05 0.0015929
0.00014037 6.4291e-05 0.0010453 1.7285e-05 0.0015948
0.00014034 6.426e-05 0.0010504 1.7699e-05 0.0015967
0.00014032 6.4233e-05 0.0010555 1.812e-05 0.0015986
0.00014028 6.4189e-05 0.0010606 1.8526e-05 0.0016005
0.00014027 6.415e-05 0.0010658 1.8936e-05 0.0016024
0.00014026 6.4116e-05 0.001071 1.9355e-05 0.0016043
0.00014027 6.4089e-05 0.0010762 1.9781e-05 0.0016063
0.0001403 6.4069e-05 0.0010815 2.0216e-05 0.0016082
0.00014035 6.4056e-05 0.0010868 2.066e-05 0.0016102
0.00014038 6.4023e-05 0.0010921 2.1089e-05 0.0016121
0.00014042 6.3997e-05 0.0010974 2.1528e-05 0.0016141
0.00014048 6.3952e-05 0.0011027 2.1953e-05 0.001616
0.00014053 6.3914e-05 0.0011081 2.2387e-05 0.001618
0.00014059 6.3881e-05 0.0011135 2.2829e-05 0.0016199
0.00014066 6.3856e-05 0.0011189 2.328e-05 0.0016219
0.00014076 6.3837e-05 0.0011244 2.3741e-05 0.0016239
0.00014087 6.3825e-05 0.0011299 2.4211e-05 0.0016259
0.00014096 6.3793e-05 0.0011354 2.4667e-05 0.0016279
0.00014107 6.3768e-05 0.0011409 2.5133e-05 0.0016299
0.00014117 6.3723e-05 0.0011464 2.5584e-05 0.0016319
0.00014128 6.3685e-05 0.0011519 2.6045e-05 0.0016339
0.0001414 6.3652e-05 0.0011575 2.6515e-05 0.0016359
0.00014151 6.3599e-05 0.0011631 2.697e-05 0.0016379
0.00014161 6.3527e-05 0.0011686 2.7411e-05 0.0016399
0.0001417 6.3437e-05 0.0011741 2.7838e-05 0.0016418
0.0001418 6.3352e-05 0.0011797 2.8274e-05 0.0016438
0.00014188 6.3273e-05 0.0011852 2.8719e-05 0.0016457
0.00014195 6.3173e-05 0.0011908 2.9149e-05 0.0016477
0.00014201 6.3054e-05 0.0011963 2.9564e-05 0.0016496
0.00014205 6.2914e-05 0.0012018 2.9963e-05 0.0016515
0.00014211 6.278e-05 0.0012074 3.0372e-05 0.0016534
0.00014218 6.2653e-05 0.001213 3.0791e-05 0.0016553
0.0001406 6.253e-05 0.0012186 3.1218e-05 0.0016573
0.000139 6.2389e-05 0.0012242 3.1632e-05 0.0016592
0.00013743 6.2255e-05 0.0012298 3.2057e-05 0.0016611
0.00013589 6.2126e-05 0.0012355 3.2491e-05 0.0016631
0.00013433 6.1978e-05 0.0012412 3.2911e-05 0.001665
0.0001328 6.1835e-05 0.0012469 3.3341e-05 0.001667
0.00013124 6.1673e-05 0.0012526 3.3755e-05 0.0016689
0.00012967 6.1491e-05 0.0012582 3.4154e-05 0.0016708
0.00012812 6.1315e-05 0.0012639 3.4564e-05 0.0016727
0.0001266 6.1144e-05 0.0012696 3.4983e-05 0.0016747
0.00012506 6.0954e-05 0.0012753 3.5387e-05 0.0016766
0.00012355 6.0769e-05 0.0012811 3.5801e-05 0.0016785
0.00012206 6.059e-05 0.0012869 3.6226e-05 0.0016805
0.0001206 6.0417e-05 0.0012927 3.6662e-05 0.0016824
0.00011912 6.0224e-05 0.0012985 3.7084e-05 0.0016844
0.00011767 6.0037e-05 0.0013043 3.7515e-05 0.0016863
0.0001162 5.9831e-05 0.0013102 3.7932e-05 0.0016883
0.00011475 5.9631e-05 0.001316 3.836e-05 0.0016902
0.00011328 5.941e-05 0.0013219 3.8771e-05 0.0016922
0.0001118 5.9169e-05 0.0013277 3.9166e-05 0.0016941
0.00011034 5.8935e-05 0.0013268 3.9574e-05 0.001696
0.0001089 5.8707e-05 0.001326 3.9992e-05 0.0016979
0.00010749 5.8483e-05 0.0013252 4.0421e-05 0.0016999
0.0001061 5.8264e-05 0.0013244 4.0862e-05 0.0017019
0.0001047 5.8026e-05 0.0013236 4.1287e-05 0.0017038
0.00010332 5.7793e-05 0.0013228 4.1723e-05 0.0017058
0.00010192 5.7542e-05 0.001322 4.2144e-05 0.0017077
0.00010054 5.7295e-05 0.0013212 4.2577e-05 0.0017097
9.9195e-05 5.7029e-05 0.0013204 4.2967e-05 0.0017117
9.7871e-05 5.677e-05 0.0013196 4.3341e-05 0.0017137
9.6572e-05 5.6517e-05 0.0013189 4.3698e-05 0.0017157
9.5298e-05 5.627e-05 0.0013182 4.4067e-05 0.0017177
9.4044e-05 5.6028e-05 0.0013175 4.4448e-05 0.0017198
9.2774e-05 5.5767e-05 0.0013168 4.4813e-05 0.0017218
9.1525e-05 5.5511e-05 0.0013161 4.519e-05 0.0017238
9.026e-05 5.5236e-05 0.0013154 4.5551e-05 0.0017258
8.9016e-05 5.4966e-05 0.0013147 4.5924e-05 0.0017279
8.7753e-05 5.4677e-05 0.001314 4.628e-05 0.0017299
8.6474e-05 5.4392e-05 0.0013133 4.6622e-05 0.0017319
8.5216e-05 5.4111e-05 0.0013126 4.6974e-05 0.0017339
8.394e-05 5.3811e-05 0.0013119 4.731e-05 0.0017359
8.2646e-05 5.3492e-05 0.0013112 4.763e-05 0.0017378
8.1375e-05 5.3178e-05 0.0013106 4.7963e-05 0.0017398
8.0086e-05 5.2845e-05 0.0013099 4.8279e-05 0.0017418
7.878e-05 5.2494e-05 0.0013092 4.858e-05 0.0017437
7.7496e-05 5.2147e-05 0.0013085 4.8893e-05 0.0017457
7.6234e-05 5.1779e-05 0.0013077 4.8232e-05 0.0017477
7.4996e-05 5.1418e-05 0.0013071 4.7588e-05 0.0017497
7.378e-05 5.1063e-05 0.0013064 4.6961e-05 0.0017517
7.2546e-05 5.0712e-05 0.0013058 4.6316e-05 0.0017537
7.1332e-05 5.0366e-05 0.0013052 4.5685e-05 0.0017557
7.0137e-05 5.0024e-05 0.0013046 4.5068e-05 0.0017577
6.8925e-05 4.9687e-05 0.001304 4.4468e-05 0.0017596
6.7735e-05 4.9356e-05 0.0013035 4.3882e-05 0.0017616
6.6563e-05 4.9029e-05 0.001303 4.331e-05 0.0017636
6.5412e-05 4.8708e-05 0.0013025 4.2753e-05 0.0017656
6.4281e-05 4.8392e-05 0.001302 4.2211e-05 0.0017677
6.3171e-05 4.8081e-05 0.0013016 4.1682e-05 0.0017697
6.2044e-05 4.7751e-05 0.0013012 4.1137e-05 0.0017717
6.0936e-05 4.7426e-05 0.0013008 4.0606e-05 0.0017738
5.9846e-05 4.7104e-05 0.0013004 4.0087e-05 0.0017758
5.8742e-05 4.6765e-05 0.0012999 3.9553e-05 0.0017779
5.7653e-05 4.6429e-05 0.0012996 3.903e-05 0.0017799
5.6576e-05 4.6093e-05 0.0012992 3.8514e-05 0.001782
5.5512e-05 4.5757e-05 0.0012988 3.8007e-05 0.0017841
5.4437e-05 4.5406e-05 0.0012985 3.7486e-05 0.0017861
5.3373e-05 4.5055e-05 0.0012981 3.6974e-05 0.0017882
5.2298e-05 4.4688e-05 0.0012977 3.6448e-05 0.0017903
5.1234e-05 4.432e-05 0.0012974 3.593e-05 0.0017923
5.0182e-05 4.3953e-05 0.001297 3.5418e-05 0.0017944
4.9141e-05 4.3586e-05 0.0012967 3.4914e-05 0.0017965
4.8111e-05 4.322e-05 0.0012964 3.4417e-05 0.0017986
4.7072e-05 4.2838e-05 0.0012961 3.3909e-05 0.0018007
4.6043e-05 4.2456e-05 0.0012958 3.3407e-05 0.0018028
4.5005e-05 4.206e-05 0.0012955 3.2895e-05 0.0018048
4.3957e-05 4.1649e-05 0.0012952 3.2371e-05 0.0018069
4.29e-05 4.1222e-05 0.0012948 3.1836e-05 0.0018089
4.1831e-05 4.078e-05 0.0012945 3.1289e-05 0.001811
4.0776e-05 4.034e-05 0.0012942 3.075e-05 0.001813
3.9709e-05 3.9884e-05 0.0012938 3.0199e-05 0.0018151
3.8657e-05 3.943e-05 0.0012935 2.9658e-05 0.0018171
3.759e-05 3.8957e-05 0.0012931 2.9101e-05 0.0018191
3.6508e-05 3.8466e-05 0.0012928 2.8528e-05 0.0018212
3.5411e-05 3.7956e-05 0.0012924 2.7939e-05 0.0018231
3.4329e-05 3.7449e-05 0.001292 2.7332e-05 0.0018252
3.3264e-05 3.6947e-05 0.0012917 2.6737e-05 0.0018272
3.2185e-05 3.6426e-05 0.0012913 2.6126e-05 0.0018292
3.1122e-05 3.5909e-05 0.001291 2.5528e-05 0.0018312
3.0044e-05 3.5374e-05 0.0012906 2.4914e-05 0.0018332
2.8952e-05 3.4821e-05 0.0012902 2.4285e-05 0.0018352
2.7875e-05 3.427e-05 0.0012899 2.3666e-05 0.0018372
2.6784e-05 3.3701e-05 0.0012895 2.3031e-05 0.0018392
2.5707e-05 3.3135e-05 0.0012891 2.2407e-05 0.0018412
2.4645e-05 3.2572e-05 0.0012888 2.1795e-05 0.0018432
2.36e-05 3.2014e-05 0.0012885 2.1193e-05 0.0018452
2.2569e-05 3.1459e-05 0.0012882 2.0603e-05 0.0018472
2.1526e-05 3.0886e-05 0.0012879 2.113e-05 0.0018493
2.0498e-05 3.0317e-05 0.0012877 2.1666e-05 0.0018513
1.9483e-05 2.9751e-05 0.0012874 2.2212e-05 0.0018534
1.8455e-05 2.9167e-05 0.0012872 2.2743e-05 0.0018554
1.7443e-05 2.8586e-05 0.0012869 2.3286e-05 0.0018575
1.6417e-05 2.7989e-05 0.0012867 2.3814e-05 0.0018595
1.5378e-05 2.7373e-05 0.0012864 2.4328e-05 0.0018615
1.4355e-05 2.6762e-05 0.0012861 2.4853e-05 0.0018636
1.4395e-05 2.6132e-05 0.0012859 2.5363e-05 0.0018656
1.4436e-05 2.5504e-05 0.0012856 2.5882e-05 0.0018676
1.4468e-05 2.6517e-05 0.0012853 2.6385e-05 0.0018696
1.4503e-05 2.7538e-05 0.0012851 2.69e-05 0.0018717
1.454e-05 2.8568e-05 0.0012849 2.7425e-05 0.0018737
1.4568e-05 2.9606e-05 0.0012847 2.7961e-05 0.0018757
1.4597e-05 3.0652e-05 0.0012845 2.8509e-05 0.0018778
1.462e-05 3.168e-05 0.0012843 2.9043e-05 0.0018798
1.4636e-05 3.2692e-05 0.0012841 2.9566e-05 0.0018818
1.4652e-05 3.3706e-05 0.001284 3.0095e-05 0.0018838
1.4662e-05 3.4705e-05 0.0012838 3.0613e-05 0.0018859
1.4672e-05 3.5707e-05 0.0012836 3.1138e-05 0.0018879
1.4681e-05 3.6712e-05 0.0012834 3.1668e-05 0.0018899
1.4691e-05 3.772e-05 0.0012833 3.2206e-05 0.0018919
1.4694e-05 3.8712e-05 0.0012831 3.2733e-05 0.001894
1.4697e-05 3.9708e-05 0.001283 3.3267e-05 0.001896
1.47e-05 4.0706e-05 0.0012829 3.3806e-05 0.0018981
1.4697e-05 4.1688e-05 0.0012827 3.4335e-05 0.0019001
1.4693e-05 4.2674e-05 0.0012826 3.4871e-05 0.0019021
1.469e-05 4.3663e-05 0.0012825 3.5413e-05 0.0019042
1.468e-05 4.4636e-05 0.0012824 3.5944e-05 0.0019062
1.4669e-05 4.5612e-05 0.0012823 3.6481e-05 0.0019083
1.466e-05 4.6593e-05 0.0012822 3.7028e-05 0.0019103
1.4651e-05 4.7555e-05 0.0012821 3.7585e-05 0.0019124
1.4643e-05 4.8523e-05 0.001282 3.8152e-05 0.0019145
1.4635e-05 4.9497e-05 0.001282 3.8731e-05 0.0019166
1.4628e-05 5.0478e-05 0.0012819 3.9321e-05 0.0019187
1.4615e-05 5.1441e-05 0.0012819 3.9897e-05 0.0019208
1.4602e-05 5.2412e-05 0.0012819 4.0486e-05 0.0019229
1.4583e-05 5.3365e-05 0.0012818 4.106e-05 0.001925
1.4564e-05 5.4325e-05 0.0012818 4.1646e-05 0.0019271
1.4538e-05 5.5265e-05 0.0012817 4.2217e-05 0.0019292
1.4513e-05 5.6215e-05 0.0012817 4.2801e-05 0.0019313
1.4489e-05 5.7172e-05 0.0012817 4.3396e-05 0.0019335
1.4467e-05 5.8137e-05 0.0012817 4.4004e-05 0.0019356
1.4445e-05 5.9111e-05 0.0012818 4.4625e-05 0.0019377
1.4417e-05 6.0068e-05 0.0012818 4.5233e-05 0.0019399
1.4389e-05 6.103e-05 0.0012819 4.5851e-05 0.001942
1.4354e-05 6.1976e-05 0.0012819 4.6456e-05 0.0019442
1.4313e-05 6.2905e-05 0.0012819 4.705e-05 0.0019463
1.4272e-05 6.3839e-05 0.001282 4.7652e-05 0.0019484
1.4224e-05 6.4756e-05 0.001282 4.8241e-05 0.0019505
1.417e-05 6.5656e-05 0.001282 4.8819e-05 0.0019526
1.4117e-05 6.6562e-05 0.001282 4.9406e-05 0.0019548
1.4063e-05 6.7475e-05 0.0012821 5.0004e-05 0.0019569
1.4003e-05 6.837e-05 0.0012821 5.059e-05 0.001959
1.3936e-05 6.9247e-05 0.0012821 5.1161e-05 0.0019611
1.387e-05 7.0135e-05 0.0012821 5.1747e-05 0.0019632
1.3797e-05 7.1001e-05 0.0012822 5.2316e-05 0.0019653
1.3725e-05 7.1878e-05 0.0012822 5.29e-05 0.0019674
1.3657e-05 7.2767e-05 0.0012823 5.3501e-05 0.0019695
1.359e-05 7.3667e-05 0.0012824 5.4118e-05 0.0019716
1.3524e-05 7.458e-05 0.0012825 5.4751e-05 0.0019738
1.346e-05 7.5502e-05 0.0012826 5.54e-05 0.0019759
1.3397e-05 7.6438e-05 0.0012828 5.6066e-05 0.0019781
1.3336e-05 7.7383e-05 0.001283 5.6705e-05 0.0019803
1.3266e-05 7.8307e-05 0.0012832 5.7326e-05 0.0019824
1.319e-05 7.9209e-05 0.0012833 5.7931e-05 0.0019846
1.3114e-05 8.0124e-05 0.0012835 5.8553e-05 0.0019867
1.304e-05 8.1051e-05 0.0012837 5.919e-05 0.0019889
1.2967e-05 8.1988e-05 0.0012839 5.9844e-05 0.0019911
1.2895e-05 8.2937e-05 0.0012842 6.0513e-05 0.0019933
1.2815e-05 8.3863e-05 0.0012844 6.1164e-05 0.0019955
1.2737e-05 8.4802e-05 0.0012847 6.1832e-05 0.0019977
1.2659e-05 8.5753e-05 0.0012849 6.2517e-05 0.0019999
1.2575e-05 8.6685e-05 0.0012852 6.3187e-05 0.0020021
1.2491e-05 8.7625e-05 0.0012855 6.387e-05 0.0020043
1.24e-05 8.8545e-05 0.0012857 6.4537e-05 0.0020065
1.2309e-05 8.9476e-05 0.001286 6.522e-05 0.0020087
1.2219e-05 9.0416e-05 0.0012863 6.5917e-05 0.0020109
1.2129e-05 9.1366e-05 0.0012867 6.663e-05 0.0020132
1.2033e-05 9.2298e-05 0.001287 6.7328e-05 0.0020154
1.1937e-05 9.3239e-05 0.0012873 6.804e-05 0.0020176
1.1841e-05 9.4189e-05 0.0012877 6.8766e-05 0.0020199
1.1745e-05 9.5149e-05 0.001288 6.9507e-05 0.0020222
1.1649e-05 9.6118e-05 0.0012884 7.0264e-05 0.0020244
1.1546e-05 9.7068e-05 0.0012888 7.1005e-05 0.0020267
1.1437e-05 9.8001e-05 0.0012891 7.1732e-05 0.0020289
1.1328e-05 9.8942e-05 0.0012895 7.2473e-05 0.0020312
1.1219e-05 9.9892e-05 0.0012899 7.3228e-05 0.0020335
1.1103e-05 0.00010082 0.0012903 7.3969e-05 0.0020357
1.0987e-05 0.00010176 0.0012907 7.4724e-05 0.002038
1.0865e-05 0.00010269 0.0012911 7.5464e-05 0.0020403
1.0735e-05 0.00010359 0.0012914 7.6188e-05 0.0020425
1.0599e-05 0.00010447 0.0012918 7.6894e-05 0.0020447
1.0463e-05 0.00010536 0.0012922 7.762e-05 0.002047
1.032e-05 0.00010623 0.0012925 7.8325e-05 0.0020492
1.0168e-05 0.00010708 0.0012928 7.901e-05 0.0020514
1.0019e-05 0.00010794 0.0012932 7.9716e-05 0.0020536
9.8705e-06 0.00010882 0.0012936 8.0445e-05 0.0020558
9.7147e-06 0.00010968 0.0012939 8.1155e-05 0.0020581
9.5516e-06 0.00011051 0.0012943 8.1846e-05 0.0020603
9.3899e-06 0.00011132 0.0012946 8.2559e-05 0.0020625
9.229e-06 0.00011214 0.0012949 8.3292e-05 0.0020647
9.7533e-06 0.00011294 0.0012953 8.4004e-05 0.002067
1.0284e-05 0.00011375 0.0012956 8.4738e-05 0.0020692
1.0818e-05 0.00011458 0.001296 8.5488e-05 0.0020714
1.1355e-05 0.00011541 0.0012964 8.6253e-05 0.0020737
1.1885e-05 0.00011622 0.0012967 8.7004e-05 0.0020759
1.2419e-05 0.00011705 0.0012971 8.777e-05 0.0020782
1.2955e-05 0.00011788 0.0012975 8.8549e-05 0.0020805
1.3484e-05 0.00011869 0.0012979 8.9314e-05 0.0020827
1.4015e-05 0.00011951 0.0012983 9.0093e-05 0.002085
1.4541e-05 0.00012031 0.0012987 9.0857e-05 0.0020873
1.507e-05 0.00012113 0.0012991 9.1638e-05 0.0020895
1.5593e-05 0.00012192 0.0012995 9.2405e-05 0.0020918
1.6118e-05 0.00012272 0.0012999 9.3186e-05 0.002094
1.6636e-05 0.00012351 0.0013003 9.3953e-05 0.0020963
1.7158e-05 0.0001243 0.0013008 9.4735e-05 0.0020986
1.7682e-05 0.00012508 0.0013012 9.5505e-05 0.0021008
1.8209e-05 0.00012587 0.0013016 9.6286e-05 0.0021031
1.8737e-05 0.00012666 0.001302 9.7079e-05 0.0021054
1.9268e-05 0.00012745 0.0013025 9.7883e-05 0.0021077
1.9793e-05 0.00012823 0.0013029 9.8676e-05 0.00211
2.032e-05 0.00012901 0.0013033 9.948e-05 0.0021123
2.084e-05 0.00012978 0.0013038 0.00010027 0.0021145
2.1364e-05 0.00013056 0.0013042 0.00010108 0.0021168
2.189e-05 0.00013134 0.0013047 0.0001019 0.0021191
2.2411e-05 0.00013211 0.0013051 0.00010271 0.0021214
2.2933e-05 0.00013288 0.0013056 0.00010353 0.0021237
2.3449e-05 0.00013364 0.0013061 0.00010434 0.002126
2.3959e-05 0.00013438 0.0013065 0.00010514 0.0021283
2.4462e-05 0.00013511 0.001307 0.00010593 0.0021305
2.4959e-05 0.00013583 0.0013074 0.0001067 0.0021328
2.545e-05 0.00013653 0.0013078 0.00010747 0.002135
2.5944e-05 0.00013724 0.0013082 0.00010825 0.0021373
2.6431e-05 0.00013793 0.0013086 0.00010901 0.0021395
2.692e-05 0.00013862 0.0013091 0.00010979 0.0021418
2.7412e-05 0.00013933 0.0013095 0.00011058 0.0021441
2.7897e-05 0.00014001 0.00131 0.00011136 0.0021463
2.8376e-05 0.00014068 0.0013104 0.00011213 0.0021486
2.8859e-05 0.00014136 0.0013108 0.00011291 0.0021508
2.9345e-05 0.00014205 0.0013113 0.00011371 0.0021531
2.9835e-05 0.00014275 0.0013117 0.00011453 0.0021553
3.033e-05 0.00014345 0.0013122 0.00011536 0.0021576
3.0829e-05 0.00014417 0.0013127 0.0001162 0.0021599
3.1331e-05 0.00014489 0.0013133 0.00011707 0.0021622
3.1827e-05 0.0001456 0.0013138 0.00011792 0.0021645
3.2326e-05 0.00014631 0.0013143 0.00011878 0.0021668
3.2828e-05 0.00014703 0.0013148 0.00011966 0.0021691
3.3324e-05 0.00014774 0.0013154 0.00012053 0.0021714
3.3813e-05 0.00014843 0.0013159 0.00012138 0.0021737
3.4305e-05 0.00014912 0.0013164 0.00012225 0.002176
3.4791e-05 0.0001498 0.0013169 0.00012311 0.0021783
3.527e-05 0.00015047 0.0013174 0.00012395 0.0021806
3.5753e-05 0.00015114 0.0013179 0.00012481 0.0021829
3.6229e-05 0.0001518 0.0013185 0.00012566 0.0021851
3.6707e-05 0.00015246 0.001319 0.00012652 0.0021874
3.7189e-05 0.00015313 0.0013195 0.0001274 0.0021897
3.7665e-05 0.00015379 0.00132 0.00012826 0.002192
3.8144e-05 0.00015445 0.0013206 0.00012914 0.0021943
3.8616e-05 0.0001551 0.0013211 0.00013 0.0021966
3.9092e-05 0.00015575 0.0013217 0.00013088 0.0021988
3.9571e-05 0.00015641 0.0013222 0.00013178 0.0022011
4.0053e-05 0.00015707 0.0013228 0.00013269 0.0022035
4.054e-05 0.00015775 0.0013234 0.00013361 0.0022058
4.1019e-05 0.00015841 0.0013239 0.00013452 0.0022081
4.1502e-05 0.00015907 0.0013245 0.00013545 0.0022104
4.1978e-05 0.00015972 0.0013251 0.00013637 0.0022127
4.2458e-05 0.00016038 0.0013257 0.0001373 0.002215
4.2943e-05 0.00016104 0.0013263 0.00013824 0.0022173
4.3431e-05 0.00016171 0.0013269 0.00013921 0.0022196
4.3924e-05 0.00016239 0.0013276 0.00014019 0.002222
4.4421e-05 0.00016308 0.0013282 0.00014118 0.0022243
4.4912e-05 0.00016375 0.0013288 0.00014217 0.0022267
4.5406e-05 0.00016443 0.0013295 0.00014317 0.002229
4.5893e-05 0.0001651 0.0013301 0.00014416 0.0022314
4.6384e-05 0.00016577 0.0013308 0.00014516 0.0022337
4.6869e-05 0.00016642 0.0013314 0.00014616 0.002236
4.7357e-05 0.00016709 0.0013321 0.00014716 0.0022384
4.7839e-05 0.00016773 0.0013327 0.00014816 0.0022407
4.8314e-05 0.00016837 0.0013334 0.00014914 0.002243
4.8793e-05 0.00016901 0.001334 0.00015014 0.0022454
4.9276e-05 0.00016966 0.0013347 0.00015116 0.0022477
4.9764e-05 0.00017031 0.0013354 0.0001522 0.0022501
5.0255e-05 0.00017097 0.0013361 0.00015325 0.0022524
5.0751e-05 0.00017164 0.0013368 0.00015431 0.0022548
5.1251e-05 0.00017232 0.0013375 0.0001554 0.0022572
5.1755e-05 0.000173 0.0013382 0.0001565 0.0022596
5.2264e-05 0.00017369 0.001339 0.00015762 0.002262
5.2777e-05 0.00017439 0.0013397 0.00015875 0.0022644
5.3295e-05 0.0001751 0.0013405 0.00015991 0.0022668
5.3806e-05 0.00017579 0.0013413 0.00016105 0.0022692
5.4322e-05 0.00017649 0.001342 0.00016221 0.0022716
5.483e-05 0.00017718 0.0013428 0.00016336 0.002274
5.5332e-05 0.00017785 0.0013436 0.00016449 0.0022764
5.5838e-05 0.00017852 0.0013443 0.00016564 0.0022788
5.6348e-05 0.0001792 0.0013451 0.00016681 0.0022812
5.6852e-05 0.00017987 0.0013459 0.00016797 0.0022836
5.7349e-05 0.00018053 0.0013467 0.00016912 0.002286
5.7851e-05 0.00018119 0.0013474 0.00017028 0.0022884
5.8347e-05 0.00018184 0.0013482 0.00017143 0.0022908
5.8847e-05 0.00018249 0.001349 0.00017261 0.0022932
5.9339e-05 0.00018313 0.0013498 0.00017376 0.0022955
5.9838e-05 0.00018378 0.0013505 0.00017494 0.0022979
6.0341e-05 0.00018443 0.0013513 0.00017614 0.0023003
6.085e-05 0.0001851 0.0013522 0.00017736 0.0023028
6.1364e-05 0.00018577 0.001353 0.00017859 0.0023052
6.1882e-05 0.00018645 0.0013538 0.00017985 0.0023076
6.2394e-05 0.00018712 0.0013547 0.0001811 0.00231
6.2911e-05 0.0001878 0.0013555 0.00018236 0.0023125
6.3434e-05 0.00018848 0.0013564 0.00018365 0.0023149
6.3963e-05 0.00018917 0.0013572 0.00018496 0.0023174
6.4498e-05 0.00018988 0.0013581 0.00018629 0.0023198
6.5039e-05 0.00019059 0.001359 0.00018764 0.0023223
6.5584e-05 0.00019131 0.00136 0.00018902 0.0023248
6.6123e-05 0.00019202 0.0013609 0.00019038 0.0023273
6.6655e-05 0.00019271 0.0013618 0.00019172 0.0023297
6.7193e-05 0.00019341 0.0013627 0.0001931 0.0023322
6.7724e-05 0.0001941 0.0013636 0.00019445 0.0023347
6.8261e-05 0.00019479 0.0013645 0.00019584 0.0023371
6.8792e-05 0.00019547 0.0013654 0.0001972 0.0023396
6.9314e-05 0.00019614 0.0013663 0.00019856 0.0023421
6.9843e-05 0.00019681 0.0013673 0.00019993 0.0023445
7.0379e-05 0.00019749 0.0013682 0.00020134 0.002347
7.0921e-05 0.00019819 0.0013691 0.00020276 0.0023495
7.1471e-05 0.0001989 0.0013701 0.00020422 0.002352
7.2013e-05 0.00019959 0.0013711 0.00020565 0.0023545
7.2561e-05 0.00020029 0.001372 0.00020712 0.002357
7.3116e-05 0.000201 0.001373 0.00020861 0.0023595
7.3679e-05 0.00020172 0.001374 0.00021012 0.002362
7.4234e-05 0.00020243 0.001375 0.00021162 0.0023645
7.4795e-05 0.00020314 0.001376 0.00021315 0.002367
7.5364e-05 0.00020387 0.001377 0.0002147 0.0023695
7.594e-05 0.00020461 0.0013781 0.00021628 0.0023721
7.6522e-05 0.00020536 0.0013791 0.00021788 0.0023746
7.7098e-05 0.00020609 0.0013802 0.00021948 0.0023772
7.7679e-05 0.00020684 0.0013812 0.00022109 0.0023797
7.8267e-05 0.00020759 0.0013823 0.00022273 0.0023823
7.8847e-05 0.00020832 0.0013834 0.00022436 0.0023848
7.942e-05 0.00020904 0.0013844 0.00022597 0.0023874
8e-05 0.00020977 0.0013855 0.0002276 0.0023899
8.0587e-05 0.00021052 0.0013866 0.00022927 0.0023925
8.1181e-05 0.00021127 0.0013877 0.00023096 0.0023951
8.1768e-05 0.00021201 0.0013888 0.00023264 0.0023976
8.2363e-05 0.00021275 0.0013899 0.00023435 0.0024002
8.2949e-05 0.00021349 0.001391 0.00023604 0.0024027
8.3527e-05 0.0002142 0.001392 0.00023771 0.0024053
8.4096e-05 0.00021489 0.0013931 0.00023936 0.0024078
8.4675e-05 0.0002156 0.0013942 0.00024105 0.0024104
8.5265e-05 0.00021633 0.0013953 0.00024278 0.002413
8.5865e-05 0.00021708 0.0013964 0.00024454 0.0024155
8.6454e-05 0.0002178 0.0013975 0.00024628 0.0024181
8.7055e-05 0.00021854 0.0013987 0.00024806 0.0024207
8.7671e-05 0.0002193 0.0013998 0.00024989 0.0024233
8.8273e-05 0.00022004 0.001401 0.00025169 0.0024259
8.8889e-05 0.0002208 0.0014022 0.00025354 0.0024285
8.9493e-05 0.00022154 0.0014033 0.00025536 0.0024311
9.011e-05 0.00022229 0.0014045 0.00025722 0.0024337
9.0742e-05 0.00022307 0.0014057 0.00025913 0.0024363
9.1387e-05 0.00022387 0.0014069 0.0002611 0.0024389
9.2048e-05 0.0002247 0.0014082 0.00026311 0.0024416
9.2723e-05 0.00022555 0.0014095 0.00026518 0.0024443
9.3385e-05 0.00022637 0.0014107 0.00026721 0.002447
9.4063e-05 0.00022722 0.001412 0.00026931 0.0024496
9.4757e-05 0.00022809 0.0014134 0.00027145 0.0024524
9.5465e-05 0.00022899 0.0014147 0.00027366 0.0024551
9.6159e-05 0.00022985 0.001416 0.00027582 0.0024578
9.6869e-05 0.00023075 0.0014174 0.00027804 0.0024605
9.7596e-05 0.00023166 0.0014188 0.00028032 0.0024633
9.8339e-05 0.00023261 0.0014202 0.00028266 0.002466
9.9096e-05 0.00023357 0.0014216 0.00028505 0.0024688
9.9869e-05 0.00023456 0.0014231 0.0002875 0.0024716
0.00010066 0.00023557 0.0014246 0.00029002 0.0024745
0.00010144 0.00023656 0.0014261 0.0002925 0.0024773
0.00010223 0.00023757 0.0014276 0.00029503 0.0024801
0.000103 0.00023855 0.0014291 0.00029752 0.0024829
0.00010379 0.00023955 0.0014306 0.00030007 0.0024857
0.00010461 0.00024058 0.0014321 0.00030269 0.0024886
0.00010543 0.00024164 0.0014337 0.00030538 0.0024914
0.00010625 0.00024267 0.0014352 0.00030803 0.0024943
0.00010708 0.00024373 0.0014368 0.00031074 0.0024972
0.00010793 0.00024481 0.0014384 0.00031352 0.0025001
0.00010879 0.00024592 0.0014401 0.00031637 0.002503
0.00010968 0.00024705 0.0014417 0.00031929 0.0025059
0.00011058 0.00024821 0.0014434 0.00032227 0.0025089
0.00011147 0.00024935 0.0014451 0.00032522 0.0025118
0.00011234 0.00025045 0.0014467 0.00032812 0.0025147
0.0001132 0.00025153 0.0014483 0.00033098 0.0025176
0.00011408 0.00025264 0.00145 0.00033391 0.0025205
0.00011494 0.00025372 0.0014516 0.00033681 0.0025234
0.00011582 0.00025482 0.0014533 0.00033978 0.0025264
0.00011669 0.00025591 0.0014549 0.00034271 0.0025293
0.00011757 0.00025701 0.0014566 0.00034575 0.0025322
0.00011847 0.00025813 0.0014583 0.00034884 0.0025351
0.00011936 0.00025924 0.00146 0.00035191 0.002538
0.00012023 0.00026033 0.0014617 0.00035496 0.002541
0.0001211 0.0002614 0.0014633 0.00035799 0.0025439
0.00012199 0.00026248 0.001465 0.00036107 0.0025468
0.00012288 0.00026358 0.0014667 0.00036419 0.0025497
0.00012378 0.0002647 0.0014684 0.00036736 0.0025527
0.0001247 0.00026583 0.0014701 0.00037058 0.0025556
0.00012562 0.00026697 0.0014719 0.00037385 0.0025586
0.00012654 0.00026809 0.0014736 0.00037709 0.0025615
0.00012744 0.0002692 0.0014753 0.00038032 0.0025645
0.00012836 0.00027032 0.0014771 0.00038359 0.0025674
0.00012928 0.00027143 0.0014788 0.00038685 0.0025704
0.00013017 0.00027251 0.0014805 0.00039007 0.0025733
0.00013109 0.00027362 0.0014822 0.00039322 0.0025762
0.00013202 0.00027475 0.001484 0.00039645 0.0025792
0.00013294 0.00027586 0.0014857 0.00039964 0.0025822
0.00013388 0.00027699 0.0014875 0.00040291 0.0025851
0.00013481 0.0002781 0.0014892 0.00040613 0.0025881
0.00013572 0.00027923 0.001491 0.00040943 0.002591
0.00013665 0.00028033 0.0014928 0.00041267 0.002594
0.0001376 0.00028146 0.0014946 0.000416 0.002597
0.00013857 0.00028262 0.0014964 0.00041941 0.0026
0.00013956 0.0002838 0.0014982 0.00042289 0.002603
0.00014054 0.00028496 0.0015 0.00042633 0.002606
0.00014153 0.00028614 0.0015019 0.00042984 0.002609
0.00014255 0.00028736 0.0015038 0.00043345 0.0026121
0.00014359 0.0002886 0.0015057 0.00043714 0.0026151
0.00014465 0.00028987 0.0015076 0.00044092 0.0026182
0.0001457 0.00029112 0.0015095 0.00044465 0.0026213
0.00014672 0.00029233 0.0015114 0.00044833 0.0026243
0.00014777 0.00029357 0.0015133 0.00045209 0.0026274
0.00014884 0.00029484 0.0015153 0.00045594 0.0026305
0.00014989 0.00029608 0.0015172 0.00045973 0.0026335
0.00015093 0.00029729 0.0015191 0.00046347 0.0026366
0.00015198 0.00029853 0.0015211 0.0004673 0.0026397
0.00015307 0.0002998 0.001523 0.00047123 0.0026428
0.00015417 0.00030111 0.001525 0.00047526 0.0026459
0.00015526 0.00030238 0.001527 0.00047923 0.002649
0.00015636 0.00030368 0.001529 0.00048328 0.0026521
0.00015745 0.00030495 0.001531 0.00048728 0.0026552
0.00015857 0.00030625 0.001533 0.00049138 0.0026583
0.0001597 0.00030758 0.0015351 0.00049556 0.0026615
0.00016086 0.00030893 0.0015371 0.00049984 0.0026646
0.000162 0.00031026 0.0015392 0.00050406 0.0026678
0.00016316 0.00031161 0.0015412 0.00050837 0.0026709
0.0001643 0.00031294 0.0015433 0.00051263 0.0026741
0.00016547 0.00031429 0.0015454 0.00051698 0.0026772
0.00016666 0.00031561 0.0015474 0.00052126 0.0026804
0.00016783 0.00031691 0.0015495 0.0005255 0.0026836
0.00016899 0.00031818 0.0015515 0.0005297 0.0026867
0.00017017 0.00031947 0.0015535 0.00053398 0.0026899
0.00017133 0.00032074 0.0015555 0.0005382 0.002693
0.00017248 0.00032198 0.0015575 0.00054239 0.0026962
0.00017361 0.00032319 0.0015595 0.00054652 0.0026993
0.00017473 0.00032438 0.0015615 0.00055061 0.0027024
0.00017587 0.0003256 0.0015635 0.0005548 0.0027055
0.00017704 0.00032684 0.0015655 0.00055908 0.0027087
0.00017823 0.00032812 0.0015676 0.00056347 0.0027119
0.0001794 0.00032937 0.0015696 0.0005678 0.002715
0.0001806 0.00033066 0.0015717 0.00057224 0.0027182
0.00018182 0.00033198 0.0015738 0.00057679 0.0027214
0.00018308 0.00033333 0.0015759 0.00058146 0.0027246
0.00018436 0.00033472 0.0015781 0.00058623 0.0027278
0.00018566 0.00033613 0.0015803 0.00059111 0.0027311
0.00018699 0.00033758 0.0015825 0.00059609 0.0027344
0.0001883 0.00033899 0.0015847 0.00060101 0.0027377
0.00018964 0.00034044 0.0015869 0.00060605 0.0027409
0.00019096 0.00035534 0.0015891 0.00061102 0.0027442
0.00019225 0.00037013 0.0015913 0.00061593 0.0027475
0.00019353 0.00038481 0.0015935 0.00062076 0.0027507
0.00019484 0.0003997 0.0015957 0.00062572 0.0027539
0.00019617 0.0004148 0.0015979 0.0006308 0.0027572
0.00019753 0.00043011 0.0016001 0.000636 0.0027605
0.00019892 0.0004456 0.0016024 0.0006413 0.0027638
0.00020029 0.000461 0.0016047 0.00064654 0.0027671
0.00020164 0.00047633 0.0016069 0.00065174 0.0027704
0.00020298 0.00049158 0.0016092 0.00065688 0.0027737
0.00020434 0.000507 0.0016114 0.00066212 0.002777
0.00020568 0.00052234 0.0016137 0.00066731 0.0027802
0.00020705 0.00052568 0.0016159 0.00067259 0.0027835
0.0002084 0.00052897 0.0016182 0.00067782 0.0027868
0.00020977 0.00053232 0.0016204 0.00068317 0.0027901
0.00021117 0.00053573 0.0016227 0.00068863 0.0027934
0.0002126 0.00053919 0.0016251 0.00069422 0.0027967
0.00021406 0.00054271 0.0016274 0.00069992 0.0028001
0.0002155 0.00054618 0.0016298 0.00070556 0.0028034
0.00021697 0.00054972 0.0016321 0.00071134 0.0028068
0.00021842 0.00055321 0.0016345 0.00071704 0.0028101
0.00021989 0.00055676 0.0016369 0.00072286 0.0028135
0.0002214 0.00056037 0.0016393 0.00072884 0.0028169
0.00022295 0.00056406 0.0016417 0.00073495 0.0028203
0.00022452 0.0005678 0.0016442 0.00074122 0.0028237
0.00022608 0.00057151 0.0016467 0.00074742 0.0028271
0.00022767 0.00057528 0.0016492 0.00075377 0.0028306
0.0002293 0.00057913 0.0016517 0.00076028 0.002834
0.00023096 0.00058304 0.0016543 0.00076695 0.0028375
0.00023265 0.00058702 0.0016569 0.00077378 0.0028411
0.00023439 0.00059108 0.0016595 0.0007808 0.0028446
0.00023608 0.00059521 0.0016622 0.00078799 0.0028481
0.0002378 0.0005994 0.0016649 0.00079534 0.0028517
0.00023956 0.00060366 0.0016677 0.00080286 0.0028552
0.00024135 0.00060799 0.0016705 0.00081053 0.0028588
0.00024313 0.00061227 0.0016732 0.00081812 0.0028624
0.00024493 0.00061662 0.001676 0.00082588 0.002866
0.00024671 0.00062092 0.0016788 0.00083354 0.0028695
0.00024853 0.0006253 0.0016816 0.00084138 0.0028731
0.00025038 0.00062975 0.0016844 0.00084942 0.0028768
0.00025221 0.00063415 0.0016872 0.00085735 0.0028804
0.00025402 0.0006385 0.00169 0.00086518 0.0028839
0.00025586 0.00064293 0.0016928 0.00087319 0.0028876
0.00025774 0.00064743 0.0016957 0.00088139 0.0028912
0.00025966 0.00065199 0.0016986 0.00088976 0.0028948
0.00026155 0.00065651 0.0017015 0.00089803 0.0028985
0.00026341 0.00066098 0.0017043 0.0009062 0.0029021
0.00026526 0.0006654 0.0017071 0.00091428 0.0029057
0.00026714 0.0006699 0.00171 0.00092256 0.0029093
0.000269 0.00067434 0.0017128 0.00093073 0.0029129
0.00027083 0.00067875 0.0017156 0.00093881 0.0029165
0.00027265 0.0006831 0.0017184 0.0009468 0.00292
0.00027443 0.00068741 0.0017211 0.00095469 0.0029236
0.00027626 0.00069178 0.0017239 0.00096276 0.0029272
0.00027812 0.00069624 0.0017268 0.00097103 0.0029308
0.00027996 0.00070064 0.0017296 0.0009792 0.0029343
0.00028184 0.00070513 0.0017324 0.00098756 0.0029379
0.00028369 0.00070956 0.0017352 0.00099583 0.0029415
0.00028559 0.00071406 0.0017381 0.0010043 0.0029451
0.00028752 0.00071864 0.001741 0.0010129 0.0029487
0.00028942 0.00072316 0.0017438 0.0010215 0.0029524
0.0002913 0.00072764 0.0017467 0.0010299 0.0029559
0.00029316 0.00073208 0.0017495 0.0010382 0.0029595
0.000295 0.00073646 0.0017523 0.0010465 0.0029631
0.00029681 0.00074093 0.0017551 0.001055 0.0029666
0.0002987 0.00074547 0.001758 0.0010638 0.0029701
0.00030063 0.0007501 0.0017609 0.0010656 0.0029737
0.00030253 0.00075466 0.0017638 0.0010675 0.0029772
0.00030447 0.00075932 0.0017667 0.0010694 0.0029807
0.00030646 0.00076405 0.0017696 0.0010714 0.0029843
0.00030849 0.00076887 0.0017726 0.0010735 0.0029879
0.00031056 0.00077378 0.0017757 0.0010757 0.0029915
