Saimiri_boliviensis Sapajus_apella Theropithecus_gelada Trachypithecus_francoisi
0.54169 0.00082482 0.0071169 0.030705
0.54215 0.00082217 0.0071174 0.030716
0.54263 0.00081954 0.007118 0.030728
0.5431 0.0008169 0.0071185 0.030739
0.5436 0.00081428 0.0071191 0.030751
0.54408 0.00081165 0.0071196 0.030762
0.5446 0.00080905 0.0071202 0.030774
0.5451 0.00080643 0.0071208 0.030786
0.54558 0.00080378 0.0071214 0.030797
0.54605 0.00080112 0.0071219 0.030809
0.54655 0.00079849 0.0071225 0.03082
0.54704 0.00079583 0.007123 0.030832
0.54751 0.00079316 0.0071235 0.030843
0.54796 0.00079046 0.0071241 0.030855
0.54972 0.00078597 0.0071246 0.030867
0.55144 0.00078145 0.0071251 0.030878
0.55325 0.00077699 0.0071257 0.03089
0.55501 0.00077249 0.0071262 0.030902
0.55673 0.00076797 0.0071267 0.030913
0.55853 0.0007635 0.0071273 0.030925
0.56041 0.00075906 0.0071279 0.030937
0.56237 0.00075468 0.0071286 0.030949
0.56428 0.00075026 0.0071292 0.030961
0.56616 0.00074582 0.0071299 0.030972
0.56666 0.00074143 0.0071306 0.030984
0.56715 0.00073701 0.0071312 0.030996
0.56767 0.00073263 0.0071318 0.031008
0.56822 0.00072829 0.0071325 0.03102
0.56875 0.00072393 0.0071332 0.031032
0.56927 0.00071955 0.0071338 0.031044
0.56982 0.0007152 0.0071345 0.031056
0.57039 0.0007109 0.0071352 0.031068
0.57099 0.00070662 0.007136 0.03108
0.57158 0.00070234 0.0071368 0.031093
0.5722 0.00069808 0.0071376 0.031105
0.5728 0.00069381 0.0071384 0.031117
0.5734 0.00068952 0.0071392 0.031129
0.57403 0.00068527 0.00714 0.031142
0.57467 0.00068104 0.0071409 0.031154
0.57535 0.00067685 0.0071418 0.031167
0.57604 0.00067268 0.0071428 0.031179
0.57677 0.00066854 0.0071438 0.031192
0.57752 0.00066444 0.0071449 0.031205
0.5783 0.00066037 0.0071459 0.031218
0.57912 0.00065633 0.0071471 0.031231
0.57997 0.00065233 0.0071482 0.031244
0.58086 0.00064836 0.0071495 0.031257
0.58178 0.00064442 0.0071507 0.03127
0.58269 0.00064046 0.0071521 0.031284
0.58364 0.00063654 0.0071535 0.031297
0.58457 0.0006326 0.0071549 0.031311
0.58547 0.00062863 0.0071562 0.031324
0.58642 0.00062471 0.0071576 0.031338
0.58743 0.00062083 0.0071589 0.031351
0.5884 0.00061692 0.0071603 0.031365
0.58936 0.00061298 0.0071616 0.031378
0.59036 0.00060909 0.0071629 0.031392
0.59133 0.00060517 0.0071643 0.031405
0.59236 0.0006013 0.0071657 0.031419
0.59337 0.0005974 0.0071671 0.031433
0.59443 0.00059355 0.0071685 0.031447
0.59546 0.00058966 0.0071699 0.03146
0.59646 0.00058576 0.0071713 0.031474
0.59752 0.00058189 0.0071728 0.031488
0.59869 0.00057808 0.0071742 0.031501
0.59992 0.0005743 0.0071756 0.031515
0.60112 0.0005705 0.0071771 0.031529
0.60137 0.00056674 0.0071786 0.031543
0.60165 0.00056301 0.0071802 0.031557
0.60191 0.00055927 0.0071817 0.031571
0.6022 0.00055556 0.0071834 0.031586
0.60248 0.00055183 0.007185 0.0316
0.60278 0.00054814 0.0071865 0.031614
0.60307 0.00054442 0.007188 0.031628
0.60334 0.00054068 0.0071895 0.031642
0.60361 0.00053692 0.007191 0.031656
0.6039 0.0005332 0.0071925 0.03167
0.60418 0.00052945 0.007194 0.031684
0.60448 0.00052574 0.0071955 0.031698
0.60481 0.00052206 0.0071971 0.031713
0.60516 0.00051843 0.0071988 0.031727
0.60554 0.00051482 0.0072006 0.031742
0.6059 0.0005112 0.0072023 0.031756
0.60625 0.00050754 0.0072041 0.031771
0.60659 0.00050387 0.0072058 0.031785
0.60691 0.00050017 0.0072075 0.031799
0.60722 0.00049644 0.0072092 0.031814
0.61063 0.00045949 0.0072268 0.031955
0.61096 0.00045576 0.0072286 0.031969
0.61132 0.00045206 0.0072304 0.031983
0.61166 0.00044834 0.0072321 0.031998
0.61198 0.00044467 0.0072338 0.032012
0.61229 0.00044096 0.0072355 0.032026
0.61262 0.0004373 0.0072373 0.03204
0.61299 0.00043368 0.0072391 0.032054
0.61334 0.0004301 0.007241 0.032069
0.61371 0.00042655 0.0072428 0.032083
0.61407 0.00042298 0.0072447 0.032098
0.61446 0.00041945 0.0072466 0.032112
0.61488 0.00041596 0.0072486 0.032127
0.61532 0.0004125 0.0072507 0.032142
0.61567 0.00040909 0.0072527 0.032157
0.61601 0.00040565 0.0072547 0.032172
0.61637 0.00040218 0.0072567 0.032186
0.61673 0.00039858 0.0072586 0.032201
0.61711 0.00039494 0.0072606 0.032216
0.61748 0.00039128 0.0072625 0.032231
0.61882 0.00039071 0.0072644 0.032246
0.62013 0.00039013 0.0072663 0.032261
0.6215 0.00038956 0.0072681 0.032276
0.62284 0.00038898 0.0072699 0.032291
0.62424 0.00038841 0.0072716 0.032306
0.62571 0.00038787 0.0072735 0.032321
0.62726 0.00038733 0.0072753 0.032336
0.6289 0.00038682 0.0072771 0.032351
0.63061 0.00038632 0.0072791 0.032366
0.63228 0.00038581 0.007281 0.032381
0.63403 0.00038531 0.0072829 0.032396
0.63575 0.0003848 0.0072847 0.03241
0.6362 0.00038431 0.0072866 0.032425
0.63663 0.0003838 0.0072885 0.03244
0.63709 0.00038331 0.0072904 0.032456
0.63757 0.00038283 0.0072924 0.032471
0.63809 0.00038236 0.0072945 0.032486
0.63859 0.00038188 0.0072965 0.032502
0.63912 0.00038142 0.0072986 0.032517
0.63964 0.00038094 0.0073007 0.032533
0.64018 0.00038047 0.0073028 0.032548
0.64071 0.00037999 0.0073049 0.032564
0.64124 0.00037951 0.007307 0.032579
0.64179 0.00037903 0.0073092 0.032595
0.64233 0.00037854 0.0073113 0.03261
0.64289 0.00037806 0.0073135 0.032626
0.64348 0.0003776 0.0073157 0.032642
0.64408 0.00037713 0.007318 0.032658
0.64468 0.00037666 0.0073202 0.032674
0.6453 0.0003762 0.0073225 0.03269
0.64592 0.00037573 0.0073248 0.032706
0.64653 0.00037525 0.0073271 0.032722
0.64713 0.00037476 0.0073293 0.032738
0.64773 0.00037426 0.0073316 0.032754
0.64833 0.00037376 0.0073338 0.03277
0.64894 0.00037326 0.0073361 0.032786
0.64955 0.00037276 0.0073384 0.032802
0.65015 0.00037224 0.0073406 0.032818
0.65078 0.00037173 0.0073429 0.032834
0.6514 0.00037122 0.0073452 0.03285
0.65203 0.00037071 0.0073475 0.032866
0.65267 0.00037019 0.0073499 0.032883
0.65332 0.00036968 0.0073522 0.032899
0.654 0.00036918 0.0073546 0.032915
0.6547 0.00036869 0.0073571 0.032932
0.6554 0.00036819 0.0073595 0.032948
0.65609 0.00036768 0.0073619 0.032965
0.6568 0.00036717 0.0073644 0.032981
0.6575 0.00036666 0.0073668 0.032998
0.65823 0.00036616 0.0073694 0.033015
0.65895 0.00036565 0.0073718 0.033031
0.65971 0.00036515 0.0073744 0.033048
0.66049 0.00036466 0.007377 0.033065
0.6613 0.00036417 0.0073796 0.033082
0.6621 0.00036368 0.0073823 0.033099
0.66288 0.00036318 0.0073849 0.033116
0.66366 0.00036266 0.0073874 0.033133
0.66447 0.00036216 0.0073901 0.03315
0.6653 0.00036167 0.0073928 0.033167
0.66613 0.00036116 0.0073954 0.033185
0.66694 0.00036065 0.0073981 0.033202
0.66775 0.00036012 0.0074008 0.033219
0.66858 0.0003596 0.0074036 0.033237
0.6694 0.00035907 0.0074063 0.033254
0.67021 0.00035853 0.007409 0.033272
0.671 0.00035798 0.0074117 0.033289
0.67183 0.00035744 0.0074144 0.033306
0.67264 0.00035689 0.0074172 0.033324
0.67349 0.00035635 0.0074199 0.033341
0.67438 0.00035583 0.0074227 0.033359
0.67532 0.00035532 0.0074255 0.033377
0.67624 0.00035479 0.0074283 0.033394
0.67719 0.00035428 0.0074312 0.033412
0.67818 0.00035378 0.0074341 0.03343
0.6792 0.00035329 0.007437 0.033448
0.68026 0.0003528 0.00744 0.033466
0.68131 0.00035231 0.007443 0.033484
0.68239 0.00035182 0.0074461 0.033502
0.6835 0.00035135 0.0074491 0.033521
0.68464 0.00035087 0.0074523 0.033539
0.68577 0.00035039 0.0074554 0.033558
0.6869 0.0003499 0.0074585 0.033576
0.68805 0.00034942 0.0074616 0.033594
0.68924 0.00034895 0.0074648 0.033613
0.69042 0.00034846 0.007468 0.033632
0.69163 0.00034799 0.0074712 0.03365
0.69289 0.00034752 0.0074745 0.033669
0.69413 0.00034704 0.0074777 0.033688
0.69536 0.00034655 0.007481 0.033707
0.69663 0.00034608 0.0074844 0.033726
0.69789 0.00034559 0.0074877 0.033745
0.69914 0.0003451 0.007491 0.033764
0.70043 0.00034461 0.0074944 0.033783
0.70175 0.00034413 0.0074978 0.033802
0.70311 0.00034365 0.0075013 0.033821
0.70446 0.00034317 0.0075047 0.03384
0.70585 0.0003427 0.0075082 0.03386
0.70723 0.00034221 0.0075117 0.033879
0.70859 0.00034172 0.0075152 0.033898
0.70993 0.00034121 0.0075187 0.033918
0.71126 0.0003407 0.0075222 0.033937
0.71263 0.00034019 0.0075257 0.033957
0.71405 0.00033969 0.0075294 0.033976
0.71552 0.00033921 0.0075329 0.033996
0.71696 0.00033871 0.0075365 0.034016
0.71839 0.0003382 0.00754 0.034036
0.71987 0.0003377 0.0075436 0.034056
0.72133 0.00033719 0.0075472 0.034075
0.72285 0.00033669 0.0075508 0.034095
0.72443 0.0003362 0.0075545 0.034115
0.72606 0.00033572 0.0075583 0.034136
0.72776 0.00033526 0.0075621 0.034156
0.72953 0.00033481 0.007566 0.034176
0.73138 0.00033437 0.0075699 0.034197
0.73331 0.00033394 0.007574 0.034218
0.73531 0.00033353 0.0075781 0.034239
0.73728 0.0003331 0.0075821 0.03426
0.7392 0.00033266 0.0075861 0.034281
0.74107 0.0003322 0.0075901 0.034301
0.74304 0.00033176 0.0075942 0.034322
0.74496 0.0003313 0.0075983 0.034343
0.74671 0.00033083 0.0076025 0.034365
0.74842 0.00033033 0.0076068 0.034386
0.75008 0.00032983 0.0076111 0.034407
0.75167 0.0003293 0.0076154 0.034429
0.75334 0.00032879 0.0076198 0.034451
0.75496 0.00032827 0.0076242 0.034472
0.75654 0.00032773 0.0076285 0.034494
0.75821 0.0003272 0.0076329 0.034516
0.75983 0.00032666 0.0076373 0.034537
0.76143 0.00032611 0.0076416 0.034559
0.76298 0.00032554 0.0076459 0.03458
0.76461 0.00032498 0.0076503 0.034602
0.7662 0.00032441 0.0076548 0.034624
0.76775 0.00032382 0.0076592 0.034645
0.76927 0.00032322 0.0076635 0.034667
0.77085 0.00032263 0.007668 0.034689
0.77241 0.00032203 0.0076724 0.03471
0.77402 0.00032144 0.0076768 0.034732
0.7756 0.00032083 0.0076813 0.034754
0.77716 0.00032022 0.0076857 0.034776
0.7787 0.00031958 0.0076901 0.034797
0.7803 0.00031894 0.0076945 0.034819
0.78188 0.00031828 0.0076989 0.034841
0.78352 0.00031763 0.0077034 0.034863
0.78514 0.00031698 0.0077079 0.034884
0.78682 0.00031633 0.0077124 0.034906
0.78847 0.00031567 0.0077169 0.034928
0.78875 0.00031502 0.0077214 0.034951
0.78903 0.00031436 0.007726 0.034973
0.7893 0.00031369 0.0077305 0.034995
0.78958 0.00031303 0.0077351 0.035017
0.78986 0.00031236 0.0077396 0.035039
0.79016 0.0003117 0.0077442 0.035061
0.78987 0.00031105 0.0077488 0.035084
0.78959 0.00031042 0.0077535 0.035106
0.78931 0.00030977 0.0077581 0.035128
0.78905 0.00030913 0.0077628 0.035151
0.78877 0.00030847 0.0077674 0.035173
0.78851 0.00030783 0.0077721 0.035196
0.78825 0.00030717 0.0077768 0.035218
0.78798 0.00030651 0.0077815 0.035241
0.7877 0.00030583 0.0077861 0.035263
0.78744 0.00030516 0.0077907 0.035286
0.7872 0.0003045 0.0077954 0.035308
0.78695 0.00030384 0.0078001 0.035331
0.78673 0.00030318 0.0078048 0.035353
0.78649 0.00030251 0.0078095 0.035376
0.78627 0.00030186 0.0078142 0.035399
0.78604 0.00030119 0.007819 0.035422
0.78581 0.0003005 0.0078237 0.035444
0.78557 0.00029981 0.0078283 0.035467
0.78533 0.00029911 0.007833 0.03549
0.7851 0.00029841 0.0078377 0.035512
0.78486 0.0002977 0.0078424 0.035535
0.78464 0.000297 0.0078471 0.035558
0.78441 0.00029629 0.0078518 0.035581
0.7842 0.0002956 0.0078566 0.035604
0.78398 0.00029488 0.0078614 0.035627
0.78375 0.00029415 0.0078661 0.03565
0.78354 0.00029344 0.0078709 0.035673
0.78335 0.00029274 0.0078757 0.035696
0.78316 0.00029202 0.0078805 0.035719
0.78295 0.00029129 0.0078853 0.035742
0.78276 0.00029057 0.0078902 0.035765
0.78256 0.00028984 0.007895 0.035788
0.78238 0.00028912 0.0078999 0.035812
0.78219 0.00028838 0.0079047 0.035835
0.78199 0.00028763 0.0079096 0.035858
0.78181 0.0002869 0.0079145 0.035881
0.78166 0.00028617 0.0079194 0.035905
0.78149 0.00028544 0.0079244 0.035928
0.78134 0.00028471 0.0079294 0.035952
0.78118 0.00028397 0.0079343 0.035976
0.78104 0.00028325 0.0079394 0.035999
0.78089 0.00028251 0.0079444 0.036023
0.78076 0.00028178 0.0079494 0.036047
0.78062 0.00028104 0.0079543 0.03607
0.78047 0.00028028 0.0079592 0.036094
0.78031 0.0002795 0.0079641 0.036117
0.77941 0.00027874 0.0079692 0.036141
0.77856 0.000278 0.0079743 0.036165
0.77774 0.00027727 0.0079795 0.03619
0.77691 0.00027652 0.0079847 0.036214
0.77612 0.00027579 0.00799 0.036238
0.7753 0.00027504 0.0079952 0.036262
0.77453 0.00027431 0.0080005 0.036287
0.77379 0.00027359 0.0080059 0.036311
0.77134 0.00027288 0.0080113 0.036336
0.76882 0.00027216 0.0080169 0.036361
0.76641 0.00027145 0.0080225 0.036386
0.76412 0.00027076 0.0080282 0.036411
0.76193 0.00027008 0.008034 0.036437
0.75968 0.00026939 0.0080398 0.036462
0.75738 0.00026868 0.0080455 0.036487
0.75519 0.00026798 0.0080512 0.036513
0.7531 0.0002673 0.0080568 0.036538
0.7511 0.00026663 0.0080626 0.036564
0.74918 0.00026598 0.0080683 0.036589
0.74723 0.00026531 0.0080741 0.036615
0.74535 0.00026465 0.0080799 0.036641
0.74345 0.00026398 0.0080857 0.036667
0.74152 0.0002633 0.0080915 0.036692
0.73956 0.00026261 0.0080973 0.036718
0.73767 0.00026193 0.0081031 0.036744
0.73576 0.00026123 0.0081089 0.03677
0.73391 0.00026055 0.0081147 0.036796
0.73211 0.00025987 0.0081206 0.036822
0.73029 0.00025918 0.0081265 0.036848
0.72847 0.00025848 0.0081324 0.036874
0.72669 0.00025779 0.0081383 0.0369
0.72496 0.00025711 0.0081443 0.036926
0.72328 0.00025643 0.0081504 0.036953
0.72165 0.00025576 0.0081565 0.036979
0.72007 0.00025509 0.0081626 0.037006
0.71848 0.00025442 0.0081687 0.037033
0.71693 0.00025375 0.0081749 0.037059
0.71537 0.00025308 0.0081811 0.037086
0.71385 0.00025241 0.0081873 0.037113
0.71232 0.00025173 0.0081934 0.03714
0.71079 0.00025104 0.0081995 0.037166
0.70929 0.00025036 0.0082057 0.037193
0.70779 0.00024967 0.0082119 0.03722
0.70632 0.00024899 0.0082181 0.037247
0.7049 0.00024831 0.0082244 0.037274
0.70346 0.00024762 0.0082307 0.037301
0.70207 0.00024694 0.008237 0.037328
0.70066 0.00024625 0.0082433 0.037355
0.69929 0.00024556 0.0082496 0.037383
0.69791 0.00024487 0.008256 0.03741
0.69656 0.00024418 0.0082623 0.037437
0.69526 0.0002435 0.0082688 0.037465
0.69399 0.00024282 0.0082753 0.037492
0.69276 0.00024215 0.0082818 0.03752
0.69152 0.00024147 0.0082884 0.037548
0.69027 0.00024078 0.0082949 0.037576
0.68905 0.0002401 0.0083014 0.037603
0.68783 0.00023941 0.008308 0.037631
0.68663 0.00023872 0.0083146 0.037659
0.68544 0.00023802 0.0083212 0.037687
0.68427 0.00023734 0.0083279 0.037715
0.68315 0.00023665 0.0083346 0.037743
0.68205 0.00023598 0.0083413 0.037772
0.68094 0.00023529 0.0083481 0.0378
0.67987 0.00023461 0.0083549 0.037828
0.67879 0.00023392 0.0083617 0.037857
0.67774 0.00023324 0.0083685 0.037885
0.67669 0.00023254 0.0083753 0.037914
0.67562 0.00023184 0.0083822 0.037942
0.67454 0.00023113 0.0083891 0.037971
0.67346 0.00023042 0.0083959 0.038
0.67241 0.0002297 0.0084029 0.038028
0.67135 0.00022898 0.0084098 0.038057
0.67032 0.00022827 0.0084167 0.038086
0.66928 0.00022755 0.0084236 0.038115
0.66827 0.00022683 0.0084306 0.038144
0.66729 0.00022611 0.0084377 0.038173
0.66634 0.00022541 0.0084448 0.038202
0.66542 0.0002247 0.0084519 0.038231
0.66449 0.00022399 0.0084591 0.038261
0.66359 0.00022328 0.0084662 0.03829
0.66268 0.00022257 0.0084734 0.038319
0.66179 0.00022186 0.0084807 0.038349
0.66094 0.00022115 0.0084879 0.038379
0.66008 0.00022044 0.0084952 0.038408
0.65924 0.00021973 0.0085025 0.038438
0.6584 0.00021901 0.0085099 0.038468
0.65755 0.00021829 0.0085172 0.038498
0.65672 0.00021757 0.0085245 0.038527
0.65593 0.00021685 0.0085319 0.038557
0.65512 0.00021613 0.0085393 0.038587
0.65434 0.00021541 0.0085468 0.038618
0.65129 0.00021471 0.0085543 0.038648
0.64835 0.00021401 0.008562 0.038678
0.64536 0.0002133 0.0085696 0.038709
0.64248 0.0002126 0.0085772 0.038739
0.63953 0.00021188 0.0085848 0.03877
0.63671 0.00021118 0.0085925 0.038801
0.63403 0.00021048 0.0086004 0.038832
0.63127 0.00020978 0.0086083 0.038863
0.62845 0.00020906 0.0086161 0.038894
0.62575 0.00020835 0.0086241 0.038925
0.62297 0.00020762 0.008632 0.038956
0.62033 0.00020691 0.00864 0.038988
0.6178 0.00020621 0.008648 0.039019
0.61521 0.00020549 0.0086561 0.039051
0.61257 0.00020476 0.0086641 0.039082
0.60987 0.00020402 0.008672 0.039113
0.60711 0.00020326 0.0086799 0.039145
0.60428 0.00020249 0.0086878 0.039176
0.60157 0.00020173 0.0086958 0.039207
0.59899 0.00020098 0.0087037 0.039239
0.59635 0.00020022 0.0087116 0.03927
0.59382 0.00019946 0.0087194 0.039301
0.59123 0.0001987 0.0087272 0.039332
0.5886 0.00019792 0.008735 0.039363
0.58591 0.00019713 0.0087427 0.039395
0.58333 0.00019635 0.0087505 0.039426
0.5807 0.00019555 0.0087583 0.039457
0.57801 0.00019474 0.008766 0.039488
0.57544 0.00019395 0.0087738 0.039519
0.57281 0.00019314 0.0087816 0.039551
0.57029 0.00019234 0.0087895 0.039582
0.56774 0.00019153 0.0087973 0.039614
0.56527 0.00019072 0.0088052 0.039645
0.56278 0.00018991 0.0088131 0.039677
0.56036 0.0001891 0.0088211 0.039708
0.55792 0.00018829 0.008829 0.03974
0.55556 0.00018747 0.0088084 0.039772
0.55317 0.00018666 0.0087877 0.039804
0.55084 0.00018584 0.0087671 0.039836
0.5485 0.00018502 0.0087465 0.039868
0.54614 0.00018418 0.0087259 0.0399
0.54384 0.00018336 0.0087054 0.039932
0.5416 0.00018253 0.0086849 0.039964
0.53935 0.0001817 0.0086645 0.039996
0.53716 0.00018087 0.0086441 0.040028
0.53495 0.00018004 0.0086239 0.040061
0.53272 0.00017919 0.0086036 0.040093
0.53056 0.00017836 0.0085834 0.040126
0.52838 0.00017751 0.0085632 0.040158
0.52626 0.00017666 0.0085431 0.040191
0.52412 0.00017581 0.008523 0.040223
0.52204 0.00017497 0.008503 0.040256
0.51994 0.00017411 0.0084829 0.040289
0.5179 0.00017326 0.008463 0.040322
0.51585 0.0001724 0.008443 0.040355
0.51378 0.00017153 0.008423 0.040388
0.51176 0.00017067 0.0084031 0.040421
0.50973 0.00016979 0.0083832 0.040454
0.50768 0.00016891 0.0083633 0.040487
0.50562 0.00016802 0.0083434 0.04052
0.50361 0.00016714 0.0083235 0.040553
0.5016 0.00016625 0.0083037 0.040586
0.49956 0.00016535 0.0082838 0.040619
0.49758 0.00016445 0.008264 0.040653
0.49566 0.00016356 0.0082444 0.040686
0.49373 0.00016266 0.0082247 0.040719
0.49186 0.00016177 0.0082051 0.040753
0.48996 0.00016086 0.0081855 0.040786
0.48806 0.00015995 0.0081658 0.04082
0.48621 0.00015905 0.0081463 0.040854
0.48434 0.00015813 0.0081267 0.040887
0.48246 0.00015721 0.0081072 0.040921
0.48056 0.00015628 0.0080876 0.040955
0.47872 0.00015535 0.0080681 0.040988
0.47693 0.00015443 0.0080487 0.041022
0.47518 0.00015351 0.0080293 0.041056
0.47343 0.00015258 0.0080099 0.04109
0.47165 0.00015164 0.0079904 0.041124
0.46986 0.0001507 0.007971 0.041158
0.46813 0.00014976 0.0079516 0.041192
0.46644 0.00014882 0.0079323 0.041226
0.46473 0.00014788 0.007913 0.04126
0.46308 0.00014694 0.0078938 0.041294
0.46148 0.000146 0.0078747 0.041329
0.45986 0.00014506 0.0078555 0.041363
0.45829 0.00014412 0.0078365 0.041398
0.45676 0.00014318 0.0078175 0.041433
0.45527 0.00014225 0.0077986 0.041467
0.45382 0.00014132 0.0077798 0.041502
0.45242 0.00014039 0.0077611 0.041537
0.45105 0.00013947 0.0077425 0.041573
0.44967 0.00013853 0.0077238 0.041608
0.44828 0.0001376 0.0077051 0.041643
0.44687 0.00013665 0.0076864 0.041678
0.44551 0.0001357 0.0076678 0.041714
0.44419 0.00013476 0.0076493 0.041749
0.44285 0.00013381 0.0076308 0.041784
0.4415 0.00013286 0.0076122 0.04182
0.4402 0.0001319 0.0075938 0.041855
0.43892 0.00013095 0.0075754 0.041891
0.43764 0.00013 0.007557 0.041927
0.43635 0.00012903 0.0075386 0.041963
0.43505 0.00012806 0.0075202 0.041998
0.43374 0.00012707 0.0075017 0.042034
0.43247 0.00012609 0.0074834 0.04207
0.43123 0.00012512 0.0074651 0.042106
0.43003 0.00012415 0.0074469 0.042142
0.42882 0.00012317 0.0074287 0.042178
0.4276 0.00012218 0.0074105 0.042214
0.42642 0.0001212 0.0073924 0.04225
0.42523 0.00012021 0.0073743 0.042287
0.42407 0.00011922 0.0073562 0.042323
0.42291 0.00011822 0.0073382 0.042359
0.42174 0.00011722 0.0073201 0.042396
0.4206 0.00011622 0.0073021 0.042432
0.41949 0.00011522 0.0072842 0.042469
0.41841 0.00011422 0.0072663 0.042506
0.41294 0.00011323 0.0072486 0.042543
0.40741 0.00011223 0.0072308 0.04258
0.40205 0.00011123 0.0072131 0.042617
0.3966 0.00011024 0.0071953 0.042654
0.39129 0.00010925 0.0071777 0.042691
0.38614 0.00010826 0.0071602 0.042728
0.38112 0.00010728 0.0071427 0.042766
0.37606 0.00010629 0.0071252 0.042803
0.37114 0.0001053 0.0071078 0.042841
0.36618 0.0001043 0.0070903 0.042878
0.36134 0.00010331 0.007073 0.042916
0.35663 0.00010231 0.0070557 0.042954
0.35189 0.00010131 0.0070384 0.042992
0.34727 0.00010031 0.0070212 0.04303
0.34277 9.932e-05 0.0070041 0.043068
0.33825 9.8317e-05 0.0069869 0.043106
0.33386 9.7318e-05 0.0069698 0.043144
0.3296 9.6323e-05 0.0069529 0.043183
0.32546 9.5331e-05 0.006936 0.043222
0.32127 9.433e-05 0.006919 0.04326
0.31702 9.3318e-05 0.0069021 0.043299
0.31294 9.2313e-05 0.0068852 0.043337
0.30903 9.1316e-05 0.0068683 0.043376
0.30528 9.0325e-05 0.0068515 0.043415
0.30138 8.9322e-05 0.0068347 0.043454
0.29764 8.8325e-05 0.006818 0.043493
0.29381 8.7316e-05 0.0068012 0.043532
0.29013 8.6313e-05 0.0067845 0.043571
0.2866 8.5317e-05 0.006768 0.04361
0.283 8.431e-05 0.0067516 0.04365
0.27934 8.3293e-05 0.0067351 0.04369
0.27563 8.2265e-05 0.0067186 0.043729
0.27187 8.1227e-05 0.006702 0.043769
0.26806 8.018e-05 0.0066855 0.043808
0.26421 7.9124e-05 0.0066689 0.043847
0.26047 7.8071e-05 0.0066524 0.043887
0.25684 7.7021e-05 0.006636 0.043927
0.25318 7.5962e-05 0.0066196 0.043967
0.24948 7.4896e-05 0.0066031 0.044006
0.2459 7.3832e-05 0.0065866 0.044046
0.24228 7.276e-05 0.0065702 0.044086
0.23876 7.169e-05 0.0065538 0.044126
0.23533 7.0623e-05 0.0065374 0.044166
0.23188 6.9547e-05 0.0065211 0.044206
0.22839 6.8463e-05 0.0065047 0.044246
0.22501 6.7382e-05 0.0064884 0.044286
0.22172 6.6303e-05 0.0064722 0.044326
0.21852 6.5228e-05 0.0064561 0.044367
0.2153 6.4144e-05 0.0064399 0.044407
0.21218 6.3063e-05 0.0064239 0.044448
0.20903 6.1973e-05 0.0064078 0.044488
0.20597 6.0886e-05 0.0063917 0.044529
0.203 5.9801e-05 0.0063758 0.04457
0.20011 5.8718e-05 0.0063599 0.044611
0.19719 5.7627e-05 0.006344 0.044652
0.19436 5.6538e-05 0.0063282 0.044693
0.1915 5.5441e-05 0.0063124 0.044734
0.18873 5.4347e-05 0.0062966 0.044776
0.18604 5.3255e-05 0.006281 0.044817
0.18342 5.2165e-05 0.0062654 0.044859
0.18079 5.1068e-05 0.0062497 0.044901
0.17822 4.9972e-05 0.0062342 0.044942
0.17572 4.8878e-05 0.0062187 0.044984
0.17321 4.7776e-05 0.0062032 0.045026
0.17068 4.6666e-05 0.0061877 0.045068
0.16813 4.5549e-05 0.0061722 0.04511
0.16565 4.4433e-05 0.0061568 0.045152
0.16324 4.332e-05 0.0061414 0.045195
0.16081 4.2198e-05 0.006126 0.045237
0.15845 4.1078e-05 0.0061107 0.045279
0.15607 3.9951e-05 0.0060954 0.045322
0.15368 3.8815e-05 0.00608 0.045364
0.15126 3.7672e-05 0.0060647 0.045407
0.14891 3.653e-05 0.0060494 0.045449
0.14654 3.538e-05 0.0060341 0.045492
0.14415 3.4222e-05 0.0060188 0.045534
0.14183 3.3066e-05 0.0060035 0.045577
0.13958 3.1912e-05 0.0059884 0.04562
0.1373 3.254e-05 0.0059732 0.045663
0.13501 3.3161e-05 0.005958 0.045706
0.13277 3.3781e-05 0.0059429 0.045749
0.13052 3.4392e-05 0.0059277 0.045792
0.12824 3.4995e-05 0.0059125 0.045835
0.12594 3.5591e-05 0.0058974 0.045878
0.12371 3.6186e-05 0.0058822 0.045921
0.12154 3.6779e-05 0.0058672 0.045964
0.11934 3.7365e-05 0.0058521 0.046007
0.11721 3.795e-05 0.0058371 0.046051
0.11516 3.8535e-05 0.0058222 0.046094
0.11317 3.9121e-05 0.0058074 0.046138
0.11115 3.9697e-05 0.0057925 0.046182
0.10921 4.0275e-05 0.0057778 0.046226
0.10736 4.0855e-05 0.0057631 0.04627
0.10547 4.1425e-05 0.0057484 0.046314
0.10365 4.1997e-05 0.0057338 0.046359
0.1019 4.257e-05 0.0057193 0.046403
0.10023 4.3145e-05 0.0057049 0.046448
0.098521 4.371e-05 0.0056904 0.046493
0.096874 4.4276e-05 0.0056761 0.046538
0.095283 4.4842e-05 0.0056618 0.046583
0.093742 4.5409e-05 0.0056475 0.046628
0.092186 4.5968e-05 0.0056333 0.046674
0.090617 4.6518e-05 0.0056191 0.046719
0.089095 4.7069e-05 0.0056049 0.046765
0.087618 4.7619e-05 0.0055908 0.04681
0.086186 4.817e-05 0.0055767 0.046856
0.084739 4.8712e-05 0.0055627 0.046902
0.083277 4.9245e-05 0.0055486 0.046948
0.081801 4.9771e-05 0.0055345 0.046993
0.08031 5.0289e-05 0.0055204 0.047039
0.078863 5.0806e-05 0.0055063 0.047085
0.077402 5.1316e-05 0.0054923 0.047131
0.075984 5.1825e-05 0.0054783 0.047177
0.074607 5.2334e-05 0.0054644 0.047224
0.07327 5.2842e-05 0.0054505 0.04727
0.071972 5.3351e-05 0.0054367 0.047317
0.070711 5.3859e-05 0.005423 0.047363
0.069484 5.4366e-05 0.0054093 0.04741
0.068289 5.4873e-05 0.0053957 0.047457
0.067126 5.5379e-05 0.0053821 0.047505
0.065954 5.5878e-05 0.0053687 0.047552
0.064816 5.6376e-05 0.0053552 0.0476
0.063666 5.6866e-05 0.0053418 0.047647
0.062553 5.7357e-05 0.0053285 0.047695
0.061475 5.7848e-05 0.0053152 0.047743
0.060384 5.8331e-05 0.0053018 0.047791
0.059273 5.8803e-05 0.0052885 0.047839
0.058139 5.9266e-05 0.0052751 0.047887
0.057052 5.9731e-05 0.0052618 0.047935
0.056012 6.0199e-05 0.0052486 0.047983
0.054952 6.0657e-05 0.0052354 0.048032
0.053937 6.1118e-05 0.0052222 0.04808
0.052962 6.1581e-05 0.0052092 0.048129
0.052025 6.2046e-05 0.0051962 0.048178
0.051128 6.2514e-05 0.0051834 0.048227
0.050267 6.2985e-05 0.0051706 0.048276
0.049386 6.3444e-05 0.0051578 0.048326
0.048544 6.3907e-05 0.005145 0.048375
0.047678 6.436e-05 0.0051324 0.048425
0.046793 6.4801e-05 0.0051197 0.048475
0.045945 6.5245e-05 0.0051071 0.048525
0.04513 6.5692e-05 0.0050946 0.048575
0.044301 6.6129e-05 0.0050821 0.048625
0.043505 6.6569e-05 0.0050696 0.048676
0.042741 6.7011e-05 0.0050572 0.048727
0.042006 6.7455e-05 0.0050449 0.048777
0.041298 6.7902e-05 0.0050327 0.048829
0.040615 6.835e-05 0.0050205 0.04888
0.039918 6.8787e-05 0.0050084 0.048931
0.039249 6.9228e-05 0.0049962 0.048983
0.038606 6.967e-05 0.0049842 0.049034
0.037952 7.0104e-05 0.0049722 0.049086
0.037289 7.0528e-05 0.0049601 0.049138
0.036649 7.0954e-05 0.0049481 0.049189
0.03603 7.1381e-05 0.0049361 0.049241
0.035431 7.1809e-05 0.0049242 0.049294
0.03485 7.2238e-05 0.0049124 0.049346
0.03429 7.2668e-05 0.0049007 0.049399
0.03375 7.3101e-05 0.004889 0.049452
0.033228 7.3535e-05 0.0048774 0.049505
0.032726 7.3972e-05 0.0048658 0.049558
0.032215 7.4398e-05 0.0048542 0.049611
0.031723 7.4827e-05 0.0048427 0.049665
0.031219 7.5245e-05 0.0048313 0.049719
0.030736 7.5667e-05 0.00482 0.049773
0.03029 7.6091e-05 0.0048086 0.049826
0.029865 7.6521e-05 0.0047972 0.04988
0.02946 7.6954e-05 0.0047858 0.049934
0.029037 7.7393e-05 0.0047744 0.049988
0.028603 7.7819e-05 0.004763 0.050042
0.02819 7.825e-05 0.0047517 0.050097
0.027798 7.8686e-05 0.0047404 0.050151
0.027394 7.9111e-05 0.0047291 0.050205
0.02701 7.954e-05 0.0047179 0.05026
0.026644 7.9973e-05 0.0047067 0.050315
0.026295 8.0411e-05 0.0046955 0.05037
0.025964 8.0854e-05 0.0046845 0.050425
0.025623 8.1285e-05 0.0046733 0.05048
0.025299 8.1721e-05 0.0046623 0.050535
0.024991 8.2162e-05 0.0046513 0.05059
0.024698 8.2608e-05 0.0046403 0.050646
0.024423 8.3058e-05 0.0046294 0.050702
0.02414 8.3496e-05 0.0046184 0.050758
0.023872 8.394e-05 0.0046076 0.050814
0.023617 8.4389e-05 0.0045968 0.05087
0.023377 8.4844e-05 0.0045861 0.050927
0.02315 8.5286e-05 0.0045755 0.050983
0.022934 8.5732e-05 0.004565 0.051041
0.022728 8.6182e-05 0.0045546 0.051098
0.022532 8.6637e-05 0.0045442 0.051156
0.02233 8.7079e-05 0.0045339 0.051213
0.022139 8.7527e-05 0.0045237 0.051272
0.021957 8.7979e-05 0.0045135 0.05133
0.021769 8.8419e-05 0.0045034 0.051388
0.021575 8.8847e-05 0.0044931 0.051447
0.021393 8.9282e-05 0.004483 0.051505
0.021221 8.9721e-05 0.0044728 0.051564
0.021059 9.0166e-05 0.0044627 0.051623
0.020891 9.0599e-05 0.0044527 0.051682
0.020732 9.1038e-05 0.0044428 0.051741
0.020582 9.148e-05 0.0044329 0.051801
0.02044 9.1927e-05 0.0044231 0.051861
0.020612 9.2362e-05 0.0044134 0.051921
0.020781 9.2788e-05 0.0044036 0.051981
0.020957 9.3216e-05 0.0043939 0.052041
0.021129 9.3635e-05 0.0043843 0.052101
0.021308 9.4056e-05 0.0043747 0.052162
0.021494 9.4478e-05 0.0043652 0.052223
0.021687 9.4903e-05 0.0043557 0.052283
0.021887 9.5329e-05 0.0043463 0.052345
0.022095 9.5757e-05 0.0043369 0.052406
0.022308 9.6186e-05 0.0043276 0.052467
0.022529 9.6616e-05 0.0043183 0.052529
0.022756 9.7047e-05 0.0043091 0.052591
0.022991 9.7479e-05 0.0042999 0.052653
0.023223 9.7903e-05 0.0042907 0.052715
0.023463 9.8329e-05 0.0042816 0.052778
0.0237 9.8747e-05 0.0042724 0.05284
0.023935 9.9157e-05 0.0042633 0.052902
0.024167 9.9559e-05 0.0042541 0.052965
0.024407 9.9962e-05 0.0042449 0.053027
0.024644 0.00010036 0.0042358 0.05309
0.024889 0.00010075 0.0042266 0.053152
0.02513 0.00010114 0.0042174 0.053215
0.02538 0.00010153 0.0042083 0.053278
0.025642 0.00010193 0.0041992 0.053341
0.025896 0.00010231 0.00419 0.053404
0.026162 0.0001027 0.0041809 0.053467
0.026442 0.00010309 0.0041718 0.053531
0.026736 0.00010349 0.0041628 0.053595
0.027018 0.00010388 0.0041539 0.053659
0.027314 0.00010427 0.004145 0.053723
0.027627 0.00010467 0.0041362 0.053787
0.027956 0.00010507 0.0041275 0.053852
0.028303 0.00010549 0.0041189 0.053917
0.028649 0.00010589 0.0041102 0.053983
0.028996 0.0001063 0.0041016 0.054048
0.029342 0.00010669 0.004093 0.054114
0.029688 0.00010708 0.0040845 0.054098
0.030034 0.00010746 0.0040761 0.054083
0.034515 0.00011193 0.0039691 0.053892
0.034849 0.00011223 0.0039611 0.053878
0.035173 0.00011251 0.0039531 0.053864
0.035519 0.00011281 0.0039451 0.05385
0.035855 0.00011309 0.003937 0.053837
0.036183 0.00011335 0.0039288 0.053823
0.036527 0.00011363 0.0039207 0.053809
0.036887 0.0001139 0.0039127 0.053796
0.037237 0.00011417 0.0039047 0.053783
0.037604 0.00011444 0.0038967 0.053769
0.03796 0.00011467 0.0038886 0.053756
0.038337 0.0001149 0.0038807 0.053743
0.038703 0.00011512 0.0038727 0.05373
0.039059 0.00011532 0.0038648 0.053717
0.039404 0.00011552 0.0038569 0.053704
0.039768 0.00011572 0.0038491 0.053691
0.040156 0.0001159 0.0038414 0.053678
0.04052 0.00011609 0.0038337 0.053666
0.040904 0.00011629 0.0038261 0.053654
0.041306 0.00011649 0.0038185 0.053642
0.041697 0.00011668 0.0038109 0.05363
0.042077 0.00011686 0.0038032 0.053618
0.042135 0.00011704 0.0037955 0.053606
0.04219 0.00011722 0.0037879 0.053594
0.04224 0.00011738 0.0037802 0.053582
0.042285 0.00011753 0.0037725 0.053571
0.04234 0.00011768 0.0037649 0.053559
0.042403 0.00011784 0.0037573 0.053547
0.042219 0.00011801 0.0037497 0.053536
0.042047 0.00011819 0.0037423 0.053524
0.041886 0.00011837 0.0037349 0.053513
0.041735 0.00011856 0.0037275 0.053502
0.041578 0.00011873 0.0037201 0.053491
0.041432 0.00011891 0.0037128 0.05348
0.041296 0.00011911 0.0037055 0.053469
0.041169 0.00011932 0.0036982 0.053459
0.041053 0.00011953 0.003691 0.053448
0.040932 0.00011973 0.0036837 0.053438
0.040821 0.00011994 0.0036765 0.053427
0.04072 0.00012016 0.0036693 0.053417
0.040614 0.00012036 0.0036621 0.053407
0.040501 0.00012055 0.0036549 0.053396
0.040383 0.00012073 0.0036476 0.053386
0.040259 0.0001209 0.0036403 0.053375
0.040146 0.00012107 0.0036331 0.053365
0.040026 0.00012123 0.0036258 0.053355
0.039901 0.00012138 0.0036185 0.053344
0.039769 0.00012151 0.0036111 0.053333
0.039647 0.00012165 0.0036038 0.053323
0.039102 0.0001218 0.0035966 0.053313
0.038543 0.00012194 0.0035895 0.053303
0.038007 0.00012208 0.0035824 0.053293
0.037493 0.00012222 0.0035754 0.053283
0.036998 0.00012237 0.0035684 0.053273
0.036522 0.00012252 0.0035615 0.053264
0.036038 0.00012267 0.0035545 0.053254
0.035544 0.0001228 0.0035476 0.053244
0.035042 0.00012292 0.0035406 0.053235
0.034556 0.00012305 0.0035336 0.053225
0.034085 0.00012317 0.0035267 0.053216
0.033628 0.0001233 0.0035198 0.053207
0.033184 0.00012343 0.003513 0.053198
0.032736 0.00012356 0.0035061 0.053189
0.032302 0.00012368 0.0034993 0.05318
0.031881 0.00012381 0.0034925 0.053171
0.031473 0.00012394 0.0034858 0.053162
0.031078 0.00012407 0.0034791 0.053154
0.030694 0.00012421 0.0034724 0.053145
0.030306 0.00012433 0.0034658 0.053137
0.029914 0.00012445 0.0034591 0.053129
0.029533 0.00012457 0.0034524 0.05312
0.029165 0.00012469 0.0034458 0.053112
0.028807 0.00012481 0.0034392 0.053104
0.028461 0.00012494 0.0034327 0.053096
0.028124 0.00012506 0.0034262 0.053089
0.027797 0.00012519 0.0034197 0.053081
0.027467 0.00012531 0.0034132 0.053073
0.027146 0.00012543 0.0034068 0.053066
0.026836 0.00012556 0.0034003 0.053058
0.026535 0.00012568 0.003394 0.053051
0.026231 0.0001258 0.0033876 0.053044
0.025937 0.00012592 0.0033812 0.053037
0.025654 0.00012605 0.0033749 0.05303
0.025384 0.00012618 0.0033686 0.053023
0.025106 0.00012629 0.0033624 0.053017
0.024821 0.0001264 0.003356 0.05301
0.024551 0.00012651 0.0033498 0.053003
0.024294 0.00012663 0.0033436 0.052997
0.02403 0.00012674 0.0033373 0.05299
0.023779 0.00012685 0.0033311 0.052984
0.023541 0.00012698 0.003325 0.052978
0.023314 0.0001271 0.0033189 0.052972
0.023098 0.00012723 0.0033129 0.052966
0.022892 0.00012737 0.003307 0.052961
0.022696 0.00012752 0.003301 0.052955
0.022509 0.00012766 0.0032952 0.05295
0.022316 0.0001278 0.0032893 0.052945
0.022132 0.00012794 0.0032834 0.05294
0.021944 0.00012807 0.0032775 0.052935
0.021019 0.0001282 0.0032717 0.05293
0.02012 0.00012834 0.0032659 0.052925
0.019249 0.00012848 0.0032601 0.05292
0.018402 0.00012862 0.0032544 0.052916
0.017578 0.00012877 0.0032487 0.052911
0.016747 0.0001289 0.003243 0.052907
0.015937 0.00012904 0.0032373 0.052903
0.015148 0.00012918 0.0032316 0.052898
0.014352 0.00012931 0.003226 0.052894
0.013579 0.00012944 0.0032203 0.05289
0.012827 0.00012958 0.0032148 0.052886
0.012096 0.00012971 0.0032092 0.052883
0.011359 0.00012984 0.0032036 0.052879
0.010642 0.00012997 0.0031981 0.052875
0.0099448 0.00013011 0.0031925 0.052872
0.0092414 0.00013023 0.003187 0.052868
0.0085315 0.00013035 0.0031815 0.052865
0.0078419 0.00013046 0.003176 0.052861
0.0071725 0.00013059 0.0031705 0.052858
0.0065238 0.00013071 0.003165 0.052855
0.0058971 0.00013084 0.0031596 0.052852
0.005295 0.00013097 0.0031543 0.052849
0.0047182 0.00013111 0.003149 0.052847
0.0041635 0.00013126 0.0031437 0.052844
0.0040917 0.00013139 0.0031384 0.052842
0.004023 0.00013152 0.0031332 0.052839
0.0039573 0.00013167 0.003128 0.052837
0.0038943 0.00013181 0.0031228 0.052835
0.0038294 0.00013195 0.0031175 0.052833
0.003767 0.00013209 0.0031122 0.052831
0.0037029 0.00013222 0.003107 0.052829
0.0036373 0.00013234 0.0031017 0.052827
0.0035741 0.00013246 0.0030965 0.052825
0.0035128 0.00013258 0.0030912 0.052823
0.0034502 0.0001327 0.003086 0.052821
0.0033894 0.00013282 0.0030808 0.052819
0.0033273 0.00013293 0.0030756 0.052818
0.0032672 0.00013304 0.0030704 0.052816
0.0032089 0.00013316 0.0030653 0.052815
0.0031525 0.00013327 0.0030602 0.052813
0.0030949 0.00013338 0.003055 0.052812
0.0030362 0.00013348 0.0030499 0.052811
0.0029793 0.00013358 0.0030448 0.052809
0.0029212 0.00013368 0.0030396 0.052808
0.0028648 0.00013378 0.0030345 0.052807
0.0028103 0.00013387 0.0030295 0.052806
0.0027546 0.00013396 0.0030244 0.052805
0.0027003 0.00013406 0.0030194 0.052805
0.0026475 0.00013415 0.0030144 0.052804
0.0025937 0.00013424 0.0030094 0.052804
0.0025415 0.00013432 0.0030045 0.052803
0.0024906 0.00013441 0.0029995 0.052803
0.0024387 0.00013449 0.0029946 0.052803
0.0023882 0.00013458 0.0029896 0.052802
0.0023366 0.00013465 0.0029847 0.052802
0.0022839 0.00013472 0.0029798 0.052802
0.0022302 0.00013477 0.0029748 0.052802
0.002178 0.00013483 0.0029698 0.052802
0.0021273 0.0001349 0.0029649 0.052802
0.0020755 0.00013495 0.00296 0.052802
0.0020252 0.00013501 0.0029551 0.052802
0.0019761 0.00013506 0.0029503 0.052802
0.0019282 0.00013512 0.0029454 0.052803
0.0018816 0.00013518 0.0029406 0.052803
0.0018338 0.00013524 0.0029358 0.052804
0.0017873 0.00013529 0.0029311 0.052805
0.0017422 0.00013535 0.0029263 0.052805
0.0016983 0.00013541 0.0029216 0.052806
0.0016555 0.00013547 0.0029169 0.052807
0.0016117 0.00013552 0.0029121 0.052809
0.0015691 0.00013557 0.0029074 0.05281
0.0015255 0.00013562 0.0029027 0.052811
0.0014832 0.00013567 0.0028981 0.052812
0.001442 0.00013572 0.0028934 0.052814
0.0014021 0.00013577 0.0028888 0.052815
0.0013632 0.00013583 0.0028842 0.052817
0.0013233 0.00013588 0.0028796 0.052819
0.0012822 0.00013592 0.002875 0.05282
0.0012424 0.00013596 0.0028704 0.052822
0.0012012 0.00013599 0.0028658 0.052824
0.0011616 0.00013603 0.0028612 0.052826
0.0011233 0.00013607 0.0028567 0.052828
0.0010836 0.0001361 0.0028521 0.05283
0.0010453 0.00013613 0.0028476 0.052832
0.0010083 0.00013617 0.0028431 0.052835
0.00096983 0.0001362 0.0028386 0.052837
0.00093272 0.00013623 0.0028341 0.05284
0.00089414 0.00013625 0.0028296 0.052842
0.00085422 0.00013626 0.0028251 0.052844
0.00081561 0.00013627 0.0028206 0.052847
0.00077571 0.00013628 0.0028161 0.05285
0.00073725 0.00013628 0.0028116 0.052852
0.00069752 0.00013628 0.0028071 0.052855
0.00065919 0.00013629 0.0028027 0.052858
0.00062221 0.0001363 0.0027982 0.052861
0.00058399 0.0001363 0.0027938 0.052864
0.00054709 0.0001363 0.0027894 0.052867
0.00051144 0.00013631 0.0027851 0.05287
0.00047458 0.00013631 0.0027807 0.052874
0.00043899 0.00013632 0.0027764 0.052877
0.00040446 0.00013633 0.0027721 0.052881
0.00037097 0.00013634 0.0027678 0.052885
0.00038207 0.00013635 0.0027635 0.052889
0.00039217 0.00013631 0.0027592 0.052892
0.00040252 0.00013627 0.0027549 0.052896
0.0004121 0.00013622 0.0027506 0.0529
0.00042095 0.00013617 0.0027463 0.052904
0.00042998 0.00013612 0.002742 0.052908
0.00043912 0.00013607 0.0027377 0.052912
0.00044757 0.00013601 0.0027335 0.052916
0.00045618 0.00013595 0.0027292 0.05292
0.00046491 0.00013589 0.002725 0.052924
0.00047296 0.00013583 0.0027208 0.052929
0.00048113 0.00013577 0.0027166 0.052934
0.00048948 0.00013571 0.0027125 0.052938
0.000498 0.00013565 0.0027083 0.052943
0.00050671 0.0001356 0.0027042 0.052948
0.0005156 0.00013554 0.0027002 0.052953
0.00052381 0.00013548 0.0026961 0.052958
0.00053135 0.00013541 0.002692 0.052964
0.00053902 0.00013535 0.0026879 0.052969
0.00054681 0.00013528 0.0026839 0.052974
0.00055474 0.00013522 0.0026799 0.05298
0.00056197 0.00013514 0.0026758 0.052985
0.00056854 0.00013506 0.0026718 0.052991
0.00057444 0.00013497 0.0026677 0.052996
0.00058055 0.00013489 0.0026637 0.053002
0.0005869 0.0001348 0.0026597 0.053007
0.00059256 0.00013471 0.0026557 0.053013
0.00059839 0.00013462 0.0026517 0.053019
0.00060448 0.00013453 0.0026477 0.053025
0.00060987 0.00013444 0.0026437 0.053031
0.00061454 0.00013433 0.0026397 0.053037
0.00061941 0.00013423 0.0026357 0.053043
0.00062453 0.00013413 0.0026318 0.053049
0.00062986 0.00013403 0.0026279 0.053056
0.00063445 0.00013393 0.0026239 0.053062
0.0006393 0.00013382 0.00262 0.053069
0.0006444 0.00013372 0.0026162 0.053075
0.00064975 0.00013362 0.0026123 0.053082
0.00065534 0.00013352 0.0026085 0.053089
0.00066023 0.00013342 0.0026046 0.053096
0.00066442 0.00013331 0.0026008 0.053103
0.0006679 0.00013318 0.0025969 0.05311
0.00067163 0.00013306 0.002593 0.053117
0.00067465 0.00013294 0.0025892 0.053124
0.00067792 0.00013281 0.0025854 0.053131
0.00068142 0.00013269 0.0025815 0.053138
0.00068511 0.00013256 0.0025778 0.053146
0.00068904 0.00013244 0.002574 0.053153
0.00069315 0.00013232 0.0025703 0.053161
0.00069744 0.00013221 0.0025665 0.053169
0.00070192 0.00013209 0.0025628 0.053177
0.00070659 0.00013197 0.0025592 0.053185
0.00071055 0.00013185 0.0025555 0.053193
0.00071383 0.00013172 0.0025518 0.053201
0.00071643 0.00013158 0.0025481 0.053209
0.00071922 0.00013144 0.0025444 0.053217
0.0007222 0.00013131 0.0025407 0.053225
0.00072538 0.00013117 0.0025371 0.053234
0.00072875 0.00013104 0.0025334 0.053242
0.00073232 0.0001309 0.0025298 0.053251
0.00073518 0.00013076 0.0025262 0.053259
0.00073732 0.00013061 0.0025226 0.053268
0.00073974 0.00013047 0.002519 0.053277
0.00074244 0.00013032 0.0025154 0.053286
0.00074541 0.00013018 0.0025118 0.053295
0.0007477 0.00013003 0.0025083 0.053304
0.0007493 0.00012987 0.0025047 0.053313
0.00075111 0.00012971 0.0025011 0.053322
0.0007532 0.00012956 0.0024976 0.053331
0.00075549 0.0001294 0.0024941 0.053341
0.00075707 0.00012924 0.0024905 0.05335
0.00075793 0.00012907 0.002487 0.053359
0.00075908 0.0001289 0.0024835 0.053369
0.00076051 0.00012874 0.00248 0.053378
0.00076126 0.00012856 0.0024765 0.053388
0.0007613 0.00012838 0.0024729 0.053398
0.00076065 0.00012819 0.0024694 0.053407
0.0007603 0.000128 0.0024659 0.053417
0.00075925 0.0001278 0.0024624 0.053427
0.00075842 0.00012761 0.0024589 0.053437
0.0007579 0.00012742 0.0024554 0.053447
0.00075666 0.00012722 0.0024519 0.053457
0.00075574 0.00012702 0.0024484 0.053467
0.00075407 0.00012681 0.002445 0.053477
0.00075265 0.00012661 0.0024415 0.053488
0.00075153 0.0001264 0.0024381 0.053498
0.00074967 0.00012619 0.0024346 0.053508
0.00074682 0.00012598 0.0024312 0.053519
0.00074421 0.00012577 0.0024277 0.053529
0.00074089 0.00012556 0.0024243 0.05354
0.00073781 0.00012534 0.0024208 0.053551
0.00073398 0.00012512 0.0024174 0.053561
0.0007294 0.00012489 0.0024139 0.053572
0.00072515 0.00012466 0.0024105 0.053583
0.00072115 0.00012443 0.002407 0.053593
0.00071642 0.0001242 0.0024035 0.053604
0.00071197 0.00012396 0.0024001 0.053615
0.00070676 0.00012372 0.0023966 0.053626
0.00070184 0.00012348 0.0023932 0.053637
0.00069731 0.00012325 0.0023898 0.053648
0.00069195 0.000123 0.0023863 0.053659
0.00068575 0.00012274 0.0023828 0.05367
0.00068001 0.00012249 0.0023793 0.053681
0.00067335 0.00012223 0.0023759 0.053692
0.00066574 0.00012196 0.0023724 0.053703
0.00065879 0.00012169 0.0023689 0.053714
0.00065316 0.00012143 0.0023654 0.053725
0.00064824 0.00012115 0.0023619 0.053737
0.00064238 0.00012087 0.0023585 0.053748
0.00063698 0.00012058 0.002355 0.05376
0.00063212 0.00012031 0.0023516 0.053771
0.00062769 0.00012004 0.0023482 0.053783
0.00062229 0.00011975 0.0023448 0.053795
0.00061743 0.00011947 0.0023414 0.053807
0.00061311 0.0001192 0.0023381 0.053819
0.00060787 0.00011892 0.0023348 0.053831
0.00060307 0.00011864 0.0023314 0.053843
0.0005988 0.00011836 0.0023281 0.053856
0.00059355 0.00011808 0.0023249 0.053869
0.0005887 0.0001178 0.0023217 0.053881
0.00058433 0.00011752 0.0023185 0.053894
0.00058024 0.00011724 0.0023153 0.053908
0.00057645 0.00011697 0.0023122 0.053921
0.00057284 0.0001167 0.0023091 0.053934
0.0005685 0.00011643 0.0023059 0.053948
0.00056432 0.00011615 0.0023028 0.053961
0.0005603 0.00011587 0.0022998 0.053975
0.00055642 0.0001156 0.0022967 0.053989
0.0005527 0.00011533 0.0022936 0.054003
0.00054825 0.00011504 0.0022906 0.054017
0.00054307 0.00011475 0.0022875 0.054031
0.00053812 0.00011447 0.0022845 0.054045
0.00053334 0.00011418 0.0022814 0.054059
0.00052879 0.0001139 0.0022784 0.054073
0.00052453 0.00011361 0.0022755 0.054088
0.0005206 0.00011334 0.0022725 0.054103
0.00051573 0.00011305 0.0022695 0.054117
0.00050717 0.00011277 0.0022665 0.054132
0.00049909 0.00011249 0.0022636 0.054147
0.00048995 0.0001122 0.0022606 0.054162
0.00047981 0.0001119 0.0022577 0.054177
0.00047018 0.0001116 0.0022547 0.054192
0.00046115 0.00011131 0.0022518 0.054207
0.00045259 0.00011102 0.0022489 0.054222
0.00044298 0.00011072 0.0022459 0.054237
0.00043395 0.00011043 0.002243 0.054252
0.0004255 0.00011015 0.0022402 0.054268
0.00041607 0.00010985 0.0022373 0.054284
0.00040563 0.00010954 0.0022344 0.054299
0.00039412 0.00010922 0.0022314 0.054315
0.00038154 0.00010889 0.0022285 0.05433
0.00036945 0.00010856 0.0022255 0.054345
0.00035778 0.00010824 0.0022226 0.054361
0.00034649 0.00010792 0.0022197 0.054377
0.00033432 0.00010759 0.0022168 0.054393
0.00032127 0.00010725 0.0022139 0.054409
0.00030849 0.00010691 0.002211 0.054425
0.00029484 0.00010656 0.0022081 0.054441
0.00028147 0.00010622 0.0022052 0.054457
0.00026725 0.00010586 0.0022024 0.054473
0.00025212 0.0001055 0.0021995 0.054489
0.00023738 0.00010514 0.0021967 0.054506
0.00022302 0.00010478 0.0021939 0.054523
0.00020778 0.00010441 0.002191 0.054539
0.00019287 0.00010405 0.0021882 0.054556
0.00017837 0.0001037 0.0021854 0.054573
0.00016427 0.00010334 0.0021827 0.05459
0.00015058 0.000103 0.00218 0.054607
0.00013901 0.00010264 0.0021774 0.054625
0.00012652 0.00010227 0.0021747 0.054643
0.00011433 0.0001019 0.002172 0.05466
0.00010233 0.00010154 0.0021694 0.054678
9.0584e-05 0.00010118 0.0021668 0.054696
7.8981e-05 0.00010083 0.0021642 0.054714
6.7567e-05 0.00010049 0.0021616 0.054733
5.6314e-05 0.00010015 0.0021591 0.054751
4.5199e-05 9.9819e-05 0.0021566 0.05477
3.3256e-05 9.9475e-05 0.0021541 0.054789
2.1439e-05 9.9136e-05 0.0021516 0.054808
2.1906e-05 9.8784e-05 0.0021491 0.054827
2.2097e-05 9.8439e-05 0.0021466 0.054846
2.1989e-05 9.8098e-05 0.0021442 0.054865
2.1268e-05 9.7745e-05 0.0021417 0.054884
1.995e-05 9.7381e-05 0.0021392 0.054903
1.8032e-05 9.7005e-05 0.0021367 0.054923
1.5818e-05 9.6634e-05 0.0021342 0.054942
2.1711e-05 9.6251e-05 0.0021317 0.054961
2.6926e-05 9.5856e-05 0.0021291 0.05498
3.1467e-05 9.5448e-05 0.0021265 0.054999
3.5336e-05 9.5029e-05 0.0021238 0.055018
3.9007e-05 9.4614e-05 0.0021212 0.055037
4.2521e-05 9.4205e-05 0.0021186 0.055057
4.5851e-05 9.38e-05 0.0021161 0.055077
4.8524e-05 9.3384e-05 0.0021135 0.055096
5.1051e-05 9.2974e-05 0.0021109 0.055116
5.3402e-05 9.2568e-05 0.0021084 0.055136
5.5093e-05 9.2151e-05 0.0021059 0.055156
5.6609e-05 9.1739e-05 0.0021034 0.055176
5.744e-05 9.1314e-05 0.0021008 0.055196
5.7586e-05 9.0877e-05 0.0020982 0.055216
5.7593e-05 9.0446e-05 0.0020957 0.055236
5.7426e-05 9.0019e-05 0.0020931 0.055257
5.7123e-05 8.9598e-05 0.0020906 0.055277
5.6647e-05 8.9181e-05 0.0020881 0.055297
5.6035e-05 8.877e-05 0.0020856 0.055318
5.5248e-05 8.8363e-05 0.0020831 0.055339
5.3799e-05 8.7945e-05 0.0020807 0.05536
5.2175e-05 8.7531e-05 0.0020782 0.055381
4.9865e-05 8.7106e-05 0.0020757 0.055402
4.7378e-05 8.6684e-05 0.0020733 0.055423
6.0854e-05 8.625e-05 0.0020708 0.055444
7.3447e-05 8.5804e-05 0.0020683 0.055466
8.5149e-05 8.5346e-05 0.0020659 0.055487
9.6998e-05 8.4892e-05 0.0020635 0.055508
0.00010902 8.4443e-05 0.0020611 0.05553
0.00012123 8.3998e-05 0.0020587 0.055552
0.00013259 8.3542e-05 0.0020563 0.055574
0.00014415 8.3089e-05 0.002054 0.055596
0.00015485 8.2626e-05 0.0020516 0.055618
0.00016576 8.2167e-05 0.0020493 0.05564
0.00017576 8.1695e-05 0.0020469 0.055663
0.00018455 8.1231e-05 0.0020447 0.055685
0.00019361 8.0771e-05 0.0020424 0.055708
0.00020296 8.0317e-05 0.0020402 0.055731
0.00021255 7.9867e-05 0.0020381 0.055755
0.00022127 7.9406e-05 0.0020359 0.055778
0.00023023 7.8949e-05 0.0020337 0.055801
0.00023832 7.848e-05 0.0020315 0.055825
0.00024665 7.8016e-05 0.0020294 0.055848
0.00025405 7.7539e-05 0.0020272 0.055872
0.00026171 7.7066e-05 0.002025 0.055895
0.00026963 7.6598e-05 0.0020228 0.055919
0.00027661 7.6117e-05 0.0020206 0.055943
0.00028264 7.5625e-05 0.0020183 0.055966
0.00028903 7.5137e-05 0.0020161 0.05599
0.00029447 7.4637e-05 0.0020139 0.056013
0.00029895 7.4126e-05 0.0020117 0.056037
0.00030372 7.3618e-05 0.0020094 0.056061
0.00030753 7.3099e-05 0.0020072 0.056085
0.00031605 7.2848e-05 0.0020051 0.056109
0.00032502 7.2602e-05 0.002003 0.056134
0.00033306 7.2345e-05 0.0020008 0.056158
0.00034146 7.209e-05 0.0019987 0.056182
0.00035024 7.1839e-05 0.0019967 0.056207
0.00035952 7.1592e-05 0.0019946 0.056231
0.00036931 7.1348e-05 0.0019925 0.056256
0.00037953 7.1108e-05 0.0019904 0.056281
0.0003903 7.0871e-05 0.0019884 0.056306
0.00040165 7.0638e-05 0.0019865 0.056331
0.00041361 7.0409e-05 0.0019845 0.056356
0.00049909 7.0168e-05 0.0019826 0.056382
0.00058836 6.9931e-05 0.0019806 0.056407
0.00068108 6.9696e-05 0.0019788 0.056433
0.00077146 6.9451e-05 0.0019768 0.056459
0.00086507 6.9208e-05 0.0019749 0.056485
0.00096156 6.8966e-05 0.0019731 0.056511
0.001061 6.8725e-05 0.0019712 0.056537
0.0011583 6.8474e-05 0.0019694 0.056564
0.0012586 6.8224e-05 0.0019675 0.05659
0.0013624 6.7975e-05 0.0019656 0.056617
0.0014691 6.7727e-05 0.0019638 0.056643
0.0015792 6.7479e-05 0.001962 0.05667
0.0016927 6.7232e-05 0.0019602 0.056697
0.0018098 6.6985e-05 0.0019584 0.056724
0.0019249 6.673e-05 0.0019566 0.056751
0.0020436 6.6475e-05 0.0019548 0.056778
0.0021603 6.6212e-05 0.0019531 0.056806
0.0022749 6.594e-05 0.0019512 0.056833
0.0023873 6.5659e-05 0.0019494 0.05686
0.0024975 6.5368e-05 0.0019476 0.056887
0.0026118 6.508e-05 0.0019458 0.056914
0.0027235 6.4781e-05 0.0019439 0.056942
0.0028399 6.4485e-05 0.0019421 0.056969
0.0029613 6.4191e-05 0.0019403 0.056997
0.0030789 6.3886e-05 0.0019384 0.057024
0.003193 6.3569e-05 0.0019365 0.057051
0.0033121 6.3256e-05 0.0019346 0.057079
0.0034371 6.2945e-05 0.0019328 0.057107
0.0035582 6.2624e-05 0.001931 0.057134
0.0036853 6.2305e-05 0.0019291 0.057162
0.0038188 6.199e-05 0.0019273 0.05719
0.0039481 6.1664e-05 0.0019254 0.057218
0.0040832 6.134e-05 0.0019236 0.057246
0.0042141 6.1005e-05 0.0019217 0.057274
0.0043508 6.0673e-05 0.0019198 0.057302
0.0044942 6.0343e-05 0.001918 0.05733
0.0046444 6.0016e-05 0.0019162 0.057359
0.004802 5.9692e-05 0.0019145 0.057387
0.0049555 5.9358e-05 0.0019127 0.057416
0.0051164 5.9027e-05 0.001911 0.057445
0.0052843 5.8698e-05 0.0019093 0.057474
0.005448 5.8358e-05 0.0019075 0.057503
0.0056197 5.8021e-05 0.0019058 0.057533
0.0057869 5.7674e-05 0.0019041 0.057562
0.0059497 5.7316e-05 0.0019024 0.057591
0.0061207 5.6962e-05 0.0019006 0.057621
0.0062866 5.6596e-05 0.0018989 0.05765
0.00646 5.6233e-05 0.0018972 0.05768
0.0066281 5.5858e-05 0.0018954 0.057709
0.0068049 5.5486e-05 0.0018937 0.057739
0.0069907 5.5118e-05 0.001892 0.057769
0.0071715 5.4739e-05 0.0018903 0.057799
0.0073613 5.4362e-05 0.0018887 0.05783
0.0075596 5.3988e-05 0.001887 0.05786
0.0077544 5.3605e-05 0.0018852 0.057891
0.0079556 5.3222e-05 0.0018835 0.057921
0.0081538 5.283e-05 0.0018818 0.057952
0.008359 5.2439e-05 0.0018801 0.057982
0.0085705 5.2047e-05 0.0018785 0.058013
0.0087892 5.1656e-05 0.0018768 0.058044
0.0090045 5.3706e-05 0.0018752 0.058075
0.0092273 5.5767e-05 0.0018735 0.058107
0.0094569 5.7836e-05 0.0018719 0.058138
0.009683 5.9894e-05 0.0018702 0.058169
0.0099169 6.1963e-05 0.0018686 0.058201
0.010158 6.404e-05 0.001867 0.058233
0.010395 6.6107e-05 0.0018654 0.058264
0.010641 6.8183e-05 0.0018638 0.058296
0.010895 7.027e-05 0.0018622 0.058328
0.011159 7.2371e-05 0.0018607 0.058361
0.011434 7.4484e-05 0.0018591 0.058393
0.01172 7.661e-05 0.0018576 0.058426
0.012016 7.875e-05 0.0018562 0.058459
0.012307 8.0875e-05 0.0018547 0.058492
0.012611 8.1084e-05 0.0018532 0.058525
0.012936 8.1295e-05 0.0018517 0.058558
0.013275 8.1509e-05 0.0018503 0.058591
0.013607 8.1712e-05 0.0018488 0.058625
0.013953 8.1919e-05 0.0018473 0.058658
0.014313 8.2128e-05 0.0018459 0.058692
0.014687 8.2341e-05 0.0018445 0.058726
0.014754 8.2556e-05 0.0018431 0.058761
0.014819 8.2762e-05 0.0018417 0.058795
0.014889 8.297e-05 0.0018403 0.05883
0.014956 8.3168e-05 0.001839 0.058864
0.01502 8.3358e-05 0.0018375 0.058899
0.015089 8.3548e-05 0.0018362 0.058934
0.015155 8.3729e-05 0.0018348 0.058968
0.015219 8.3902e-05 0.0018333 0.059003
0.015287 8.4076e-05 0.0018319 0.059038
0.01536 8.4251e-05 0.0018305 0.059073
0.01543 8.4418e-05 0.0018291 0.059108
0.015498 8.4574e-05 0.0018277 0.059143
0.015571 8.4735e-05 0.0018263 0.059178
0.015496 8.4899e-05 0.0018249 0.059213
0.015426 8.5067e-05 0.0018235 0.059249
0.015361 8.5239e-05 0.0018221 0.059284
0.015303 8.5416e-05 0.0018207 0.05932
0.01525 8.5597e-05 0.0018194 0.059356
0.015202 8.5781e-05 0.0018181 0.059392
0.01516 8.5969e-05 0.0018168 0.059429
0.015122 8.6161e-05 0.0018155 0.059466
0.015081 8.6342e-05 0.0018142 0.059503
0.015037 8.6511e-05 0.0018129 0.059539
0.014998 8.6685e-05 0.0018116 0.059576
0.014964 8.6863e-05 0.0018104 0.059613
0.014935 8.7044e-05 0.0018092 0.059651
0.01491 8.7229e-05 0.001808 0.059688
0.014882 8.7402e-05 0.0018067 0.059726
0.01486 8.758e-05 0.0018055 0.059764
0.014842 8.7761e-05 0.0018044 0.059802
0.014821 8.7932e-05 0.0018032 0.05984
0.014804 8.8105e-05 0.001802 0.059878
0.014785 8.8268e-05 0.0018008 0.059916
0.01477 8.8434e-05 0.0017997 0.059954
0.014759 8.8603e-05 0.0017986 0.059993
0.014752 8.8774e-05 0.0017974 0.059929
0.014743 8.8936e-05 0.0017963 0.059865
0.014737 8.91e-05 0.0017952 0.059801
0.014736 8.9267e-05 0.0017941 0.059737
0.014738 8.9436e-05 0.001793 0.059674
0.014745 8.9607e-05 0.001792 0.059611
0.014749 8.9769e-05 0.0017909 0.059548
0.014751 8.9921e-05 0.0017899 0.059484
0.014756 9.0075e-05 0.0017888 0.059421
0.014765 9.0231e-05 0.0017878 0.059359
0.014772 9.0378e-05 0.0017867 0.059296
0.014783 9.0527e-05 0.0017857 0.059233
0.014791 9.0665e-05 0.0017846 0.059171
0.014797 9.0794e-05 0.0017836 0.059108
0.014799 9.0912e-05 0.0017825 0.059046
0.014807 9.1034e-05 0.0017814 0.058983
0.014811 9.4697e-05 0.0017803 0.058921
0.014812 9.8337e-05 0.0017792 0.058858
0.014817 0.00010201 0.0017781 0.058796
0.014828 0.00010572 0.001777 0.058734
0.014836 0.0001094 0.0017759 0.058672
0.014841 0.00011307 0.0017748 0.05861
0.014851 0.00011677 0.0017737 0.058548
0.014866 0.0001205 0.0017727 0.058487
0.014878 0.0001242 0.0017716 0.058425
0.014886 0.00012789 0.0017705 0.058364
0.014897 0.0001316 0.0017695 0.058303
0.014913 0.00013533 0.0017685 0.058242
0.014926 0.00013904 0.0017675 0.058182
0.014943 0.00014278 0.0017665 0.058121
0.014963 0.00014655 0.0017655 0.058061
0.014982 0.0001503 0.0017645 0.058
0.015003 0.00015407 0.0017635 0.05794
0.015028 0.00015786 0.0017625 0.05788
0.015051 0.00016164 0.0017615 0.05782
0.015072 0.0001654 0.0017605 0.05776
0.015096 0.00016919 0.0017595 0.0577
0.015118 0.00017296 0.0017585 0.057641
0.015144 0.00017676 0.0017576 0.057581
0.015168 0.00018054 0.0017566 0.057522
0.015195 0.00018435 0.0017556 0.057462
0.015225 0.00018817 0.0017547 0.057403
0.015258 0.00019201 0.0017538 0.057344
0.015289 0.00019584 0.0017529 0.057285
0.015323 0.00019969 0.0017519 0.057226
0.015355 0.00020353 0.001751 0.057168
0.015391 0.00020739 0.0017501 0.057109
0.01543 0.00021128 0.0017492 0.057051
0.015468 0.00021515 0.0017483 0.056992
0.015508 0.00021904 0.0017474 0.056934
0.015547 0.00022292 0.0017464 0.056876
0.015584 0.0002268 0.0017455 0.056818
0.01562 0.00023066 0.0017446 0.05676
0.015655 0.00023451 0.0017436 0.056701
0.015688 0.00023835 0.0017426 0.056643
0.015724 0.00024221 0.0017417 0.056585
0.015758 0.00024606 0.0017407 0.056527
0.015795 0.00024993 0.0017398 0.056469
0.015836 0.00025382 0.0017388 0.056412
0.015875 0.0002577 0.0017379 0.056354
0.015912 0.00026157 0.0017369 0.056297
0.015953 0.00026546 0.0017359 0.056239
0.015997 0.00026938 0.001735 0.056182
0.016045 0.00027332 0.0017341 0.056125
0.016097 0.00027729 0.0017332 0.056068
0.016152 0.00028128 0.0017323 0.056012
0.016188 0.0002853 0.0017315 0.055956
0.016222 0.0002893 0.0017306 0.055899
0.016259 0.00029333 0.0017297 0.055843
0.0163 0.00029738 0.0017289 0.055787
0.016338 0.00030142 0.001728 0.055731
0.016376 0.00030545 0.0017271 0.055675
0.016416 0.0003095 0.0017263 0.055619
0.016455 0.00031354 0.0017254 0.055564
0.016492 0.00031758 0.0017245 0.055508
0.016533 0.00032163 0.0017237 0.055452
0.016571 0.00032567 0.0017228 0.055397
0.016358 0.00032973 0.0017219 0.055341
0.01615 0.00033382 0.001721 0.055286
0.01594 0.00033789 0.0017202 0.055231
0.015735 0.00034199 0.0017193 0.055176
0.015529 0.00034607 0.0017184 0.055121
0.015329 0.00035018 0.0017176 0.055066
0.015134 0.00035431 0.0017167 0.055011
0.014944 0.00035847 0.0017159 0.054957
0.014761 0.00036264 0.0017151 0.054902
0.014575 0.00036681 0.0017143 0.054848
0.014394 0.000371 0.0017135 0.054794
0.014211 0.00037518 0.0017126 0.05474
0.014034 0.00037938 0.0017118 0.054686
0.013863 0.00038361 0.001711 0.054632
0.013696 0.00038786 0.0017102 0.054578
0.013535 0.00039214 0.0017095 0.054525
0.013379 0.00039644 0.0017087 0.054472
0.013221 0.00040073 0.001708 0.054419
0.013068 0.00040505 0.0017072 0.054365
0.012912 0.00040935 0.0017065 0.054312
0.012761 0.00041368 0.0017057 0.05426
0.012608 0.000418 0.0017049 0.054207
0.01246 0.00042234 0.0017042 0.054154
0.01231 0.00042667 0.0017034 0.054101
0.012158 0.00043099 0.0017027 0.054049
0.01201 0.00043534 0.0017019 0.053996
0.011867 0.00043971 0.0017011 0.053944
0.011727 0.00044411 0.0017004 0.053892
0.011593 0.00044853 0.0016997 0.05384
0.011462 0.00045297 0.001699 0.053788
0.011335 0.00045744 0.0016983 0.053736
0.011212 0.00046194 0.0016976 0.053685
0.011094 0.00046646 0.0016969 0.053634
0.010979 0.00047101 0.0016963 0.053583
0.010867 0.00047559 0.0016957 0.053532
0.010754 0.00048015 0.001695 0.053481
0.010645 0.00048474 0.0016944 0.05343
0.010533 0.00048932 0.0016937 0.053379
0.010426 0.00049393 0.0016931 0.053328
0.010321 0.00049856 0.0016924 0.053278
0.01022 0.00050322 0.0016918 0.053227
0.010118 0.00050786 0.0016911 0.053177
0.010014 0.0005125 0.0016905 0.053127
0.0099132 0.00051717 0.0016898 0.053076
0.0098111 0.00052182 0.0016892 0.053026
0.0097121 0.0005265 0.0016885 0.052976
0.0096115 0.00053117 0.0016879 0.052926
0.0095144 0.00053587 0.0016872 0.052876
0.0094206 0.0005406 0.0016866 0.052827
0.0093301 0.00054535 0.001686 0.052777
0.0092428 0.00055014 0.0016854 0.052728
0.0091583 0.00055495 0.0016848 0.052678
0.0090723 0.00055975 0.0016842 0.052629
0.0089894 0.00056459 0.0016836 0.05258
0.0089096 0.00056945 0.001683 0.052531
0.0088325 0.00057434 0.0016825 0.052483
0.0087584 0.00057926 0.0016819 0.052434
0.0086872 0.00058421 0.0016814 0.052386
0.0086185 0.00058919 0.0016809 0.052338
0.0085483 0.00059416 0.0016804 0.05229
0.0084769 0.00059911 0.0016798 0.052242
0.0084083 0.0006041 0.0016793 0.052194
0.0083383 0.00060908 0.0016788 0.052146
0.0082712 0.00061409 0.0016783 0.052098
0.0082027 0.00061909 0.0016777 0.05205
0.0081287 0.00062408 0.0016772 0.052003
0.0080576 0.00062909 0.0016766 0.051955
0.0079896 0.00063414 0.0016761 0.051908
0.0079244 0.00063923 0.0016756 0.051861
0.007862 0.00064434 0.0016751 0.051814
0.0077982 0.00064945 0.0016747 0.051767
0.007737 0.00065459 0.0016742 0.051721
0.0076784 0.00065976 0.0016737 0.051674
0.0076224 0.00066497 0.0016733 0.051628
0.0075651 0.00067016 0.0016728 0.051581
0.0075104 0.00067539 0.0016723 0.051535
0.007458 0.00068065 0.0016719 0.051489
0.0074081 0.00068595 0.0016715 0.051444
0.0073606 0.00069128 0.0016711 0.051398
0.0073109 0.00069665 0.0016707 0.051352
0.0072632 0.00070204 0.0016703 0.051307
0.0072177 0.00070747 0.0016699 0.051261
0.0071744 0.00071294 0.0016695 0.051216
0.0071298 0.00071839 0.0016691 0.051171
0.0070876 0.00072388 0.0016687 0.051126
0.0070475 0.00072941 0.0016683 0.051081
0.0070097 0.00073497 0.0016679 0.051036
0.0069705 0.00074052 0.0016676 0.050991
0.0069336 0.0007461 0.0016672 0.050946
0.0068953 0.00075168 0.0016668 0.050902
0.0068555 0.00075723 0.0016664 0.050857
0.0068187 0.00076283 0.001666 0.050812
0.0067849 0.00076848 0.0016656 0.050768
0.0067537 0.00077416 0.0016652 0.050724
0.0067423 0.00077474 0.0016649 0.05068
0.0067288 0.00077531 0.0016645 0.050635
0.0067183 0.00077589 0.0016642 0.050591
0.0067109 0.00077651 0.0016638 0.050548
0.0067012 0.0007771 0.0016635 0.050504
0.0066947 0.00077772 0.0016632 0.050461
0.006686 0.00077832 0.0016628 0.050417
0.0066802 0.00077894 0.0016625 0.050374
0.0066775 0.0007796 0.0016622 0.050331
0.0066778 0.00078027 0.001662 0.050288
0.0066814 0.00078098 0.0016617 0.050245
0.0066879 0.00078171 0.0016615 0.050203
0.0066922 0.00078242 0.0016613 0.05016
0.0065832 0.00078316 0.0016611 0.050118
0.0064798 0.00078393 0.0016609 0.050076
0.0063814 0.00078472 0.0016608 0.050034
0.0062794 0.00078549 0.0016606 0.049993
0.0061828 0.00078629 0.0016604 0.049951
0.0060913 0.00078712 0.0016603 0.04991
0.0060044 0.00078798 0.0016602 0.049869
0.0059219 0.00078886 0.0016602 0.049828
0.0058437 0.00078976 0.0016601 0.049787
0.00577 0.0007907 0.0016601 0.049747
0.0056932 0.00079161 0.0016601 0.049706
0.0056205 0.00079256 0.0016601 0.049666
0.0055446 0.00079347 0.0016601 0.049625
0.0054658 0.00079437 0.00166 0.049585
0.0053917 0.0007953 0.0016601 0.049545
0.0053217 0.00079626 0.0016601 0.049506
0.0052489 0.00079719 0.0016601 0.049466
0.0051802 0.00079816 0.0016602 0.049427
0.0051154 0.00079915 0.0016603 0.049387
0.0050545 0.00080017 0.0016604 0.049348
0.0049972 0.00080122 0.0016605 0.04931
0.0049431 0.00080229 0.0016607 0.049271
0.0048864 0.00080335 0.0016608 0.049232
0.0048274 0.00080438 0.0016609 0.049194
0.0047646 0.00080544 0.001661 0.049155
0.0047055 0.00080654 0.0016611 0.049116
0.004644 0.00080762 0.0016612 0.049078
0.0045858 0.00080872 0.0016613 0.049039
0.0045241 0.00080985 0.0016614 0.049001
0.0044656 0.00081101 0.0016615 0.048963
0.0044092 0.00081218 0.0016616 0.048924
0.0043515 0.00081335 0.0016618 0.048886
0.0042925 0.0008145 0.0016619 0.048848
0.0042323 0.00081564 0.001662 0.04881
0.0041742 0.0008168 0.0016621 0.048772
0.0041182 0.00081798 0.0016622 0.048735
0.004064 0.00081917 0.0016623 0.048697
0.0040118 0.00082038 0.0016625 0.048659
0.0039612 0.00082161 0.0016626 0.048622
0.0039095 0.00082283 0.0016628 0.048585
0.0038565 0.00082403 0.0016629 0.048547
0.0038054 0.00082526 0.0016631 0.04851
0.003753 0.00082647 0.0016632 0.048473
0.003699 0.00082767 0.0016633 0.048436
0.0036474 0.00082889 0.0016635 0.048399
0.0035987 0.00083014 0.0016636 0.048362
0.003548 0.00083137 0.0016638 0.048325
0.0035003 0.00083263 0.001664 0.048288
0.0034503 0.00083387 0.0016641 0.048252
0.003403 0.00083513 0.0016642 0.048215
0.0033533 0.00083638 0.0016644 0.048178
0.0033067 0.00083765 0.0016646 0.048142
0.0032626 0.00083895 0.0016648 0.048106
0.003221 0.00084028 0.001665 0.04807
0.0031774 0.00084159 0.0016652 0.048034
0.0031362 0.00084293 0.0016654 0.047998
0.0030978 0.0008443 0.0016657 0.047963
0.003062 0.0008457 0.001666 0.047927
0.0030284 0.00084713 0.0016663 0.047892
0.002997 0.00084858 0.0016666 0.047857
0.0029635 0.00085002 0.0016668 0.047822
0.0029325 0.00085148 0.0016671 0.047787
0.0029034 0.00085297 0.0016675 0.047752
0.0028725 0.00085444 0.0016677 0.047717
0.0028397 0.00085589 0.001668 0.047682
0.0028091 0.00085737 0.0016683 0.047647
0.0027808 0.00085888 0.0016686 0.047613
0.0027548 0.00086043 0.001669 0.047579
0.0027268 0.00086195 0.0016693 0.047544
0.0027008 0.00086349 0.0016696 0.04751
0.0026728 0.00086502 0.00167 0.047476
0.0026469 0.00086658 0.0016703 0.047442
0.0026189 0.00086811 0.0016707 0.047408
0.002593 0.00086967 0.0016711 0.047374
0.0026658 0.00087121 0.0016715 0.047341
0.0027419 0.00087277 0.0016719 0.047307
0.0028153 0.00087432 0.0016722 0.047274
0.002892 0.00087589 0.0016726 0.04724
0.0029727 0.0008775 0.0016731 0.047207
0.0030509 0.00087908 0.0016735 0.047174
0.0031269 0.00088065 0.0016738 0.047141
0.0032062 0.00088225 0.0016743 0.047108
0.0032829 0.00088382 0.0016746 0.047074
0.0033574 0.00088538 0.001675 0.047041
0.0034296 0.00088691 0.0016753 0.047008
0.0034997 0.00088843 0.0016756 0.046975
0.0035734 0.00088998 0.001676 0.046942
0.0036516 0.0008915 0.0016764 0.046909
0.0037337 0.00089306 0.0016768 0.046876
0.003813 0.00089459 0.0016771 0.046843
0.0038966 0.00089615 0.0016775 0.046811
0.0039848 0.00089775 0.001678 0.046779
0.0040777 0.00089938 0.0016784 0.046747
0.0041748 0.00090104 0.0016789 0.046715
0.0042764 0.00090274 0.0016794 0.046683
0.0043827 0.00090446 0.00168 0.046652
0.0044855 0.00090616 0.0016805 0.04662
0.0045936 0.00090789 0.001681 0.046589
0.0046982 0.0009096 0.0016815 0.046557
0.0047993 0.00091128 0.001682 0.046526
0.0048971 0.00091295 0.0016825 0.046494
0.005 0.00091464 0.001683 0.046463
0.0051083 0.00091637 0.0016835 0.046432
0.0052135 0.00091808 0.001684 0.046401
0.0053234 0.00091982 0.0016846 0.04637
0.0054301 0.00092154 0.0016851 0.04634
0.0055341 0.00092324 0.0016857 0.046309
0.0056356 0.00092492 0.0016862 0.046278
0.0057412 0.00092663 0.0016867 0.046247
0.0058439 0.00092833 0.0016872 0.046216
0.0059509 0.00093004 0.0016877 0.046186
0.0060549 0.00093174 0.0016882 0.046155
0.0061638 0.00093347 0.0016888 0.046125
0.0062779 0.00093523 0.0016893 0.046095
0.0063976 0.00093702 0.0016899 0.046065
0.0065226 0.00093884 0.0016905 0.046035
0.0066442 0.00094064 0.0016911 0.046005
0.0067721 0.00094247 0.0016917 0.045975
0.0068958 0.00094428 0.0016923 0.045945
0.0070254 0.00094612 0.0016929 0.045916
0.007162 0.000948 0.0016935 0.045887
0.0073059 0.00094991 0.0016942 0.045857
0.0074592 0.00095179 0.0016949 0.045828
0.0076082 0.00095365 0.0016956 0.045799
0.0077651 0.00095554 0.0016963 0.045771
0.0079301 0.00095747 0.001697 0.045742
0.0081038 0.00095944 0.0016978 0.045714
0.0082864 0.00096144 0.0016986 0.045686
0.0084785 0.00096348 0.0016994 0.045658
0.0086805 0.00096556 0.0017002 0.04563
0.0088918 0.00096767 0.001701 0.045602
0.0091127 0.00096982 0.0017019 0.045575
0.0093279 0.00097194 0.0016937 0.045548
0.0095374 0.00097405 0.0016855 0.045521
0.0097566 0.00097618 0.0016773 0.045494
0.0099693 0.00097829 0.0016691 0.045467
0.010193 0.00098044 0.001661 0.04544
0.010428 0.00098262 0.0016529 0.045413
0.010656 0.00098479 0.0016447 0.045386
0.010899 0.00098698 0.0016366 0.04536
0.011154 0.00098922 0.0016285 0.045333
0.011421 0.00099149 0.0016204 0.045307
0.011699 0.0009938 0.0016124 0.04528
0.011965 0.00099616 0.0016044 0.045254
0.012223 0.00099849 0.0015963 0.045228
0.012475 0.0010008 0.0015882 0.045201
0.01274 0.0010031 0.0015801 0.045175
0.012997 0.0010055 0.001572 0.045149
0.013248 0.0010078 0.0015639 0.045123
0.013492 0.00101 0.0015558 0.045096
0.01373 0.0010123 0.0015476 0.04507
0.013979 0.0010146 0.0015395 0.045043
0.014241 0.0010169 0.0015314 0.045017
0.014495 0.0010192 0.0015233 0.04499
0.014743 0.0010215 0.0015152 0.044964
0.014984 0.0010237 0.0015071 0.044937
0.015236 0.001026 0.0014991 0.044911
0.0155 0.0010283 0.0014911 0.044885
0.015758 0.0010306 0.001483 0.044859
0.016009 0.0010329 0.001475 0.044833
0.016253 0.0010352 0.0014669 0.044806
0.016508 0.0010375 0.0014588 0.04478
0.016757 0.0010397 0.0014506 0.044753
0.01702 0.001042 0.0014557 0.044727
0.017189 0.0010443 0.0014608 0.044701
0.017377 0.0010466 0.0014658 0.044674
0.017576 0.001049 0.0014709 0.044648
0.017786 0.0010514 0.001476 0.044622
0.017988 0.0010538 0.0014812 0.044596
0.018202 0.0010562 0.0014864 0.044571
