Otolemur_garnettii Pan_paniscus Pan_troglodytes Papio_anubis Piliocolobus_tephrosceles
0.0018809 0.015345 0.0033627 0.0016965 0.00023235
0.0018756 0.015347 0.0033608 0.0016941 0.00022496
0.0018721 0.015348 0.0033589 0.0016918 0.0002177
0.0018676 0.01535 0.003357 0.0016895 0.00021034
0.0018649 0.015351 0.0033551 0.0016872 0.00020312
0.0018613 0.015353 0.0033532 0.0016849 0.00019582
0.0018595 0.015355 0.0033513 0.0016826 0.00018866
0.0018568 0.015356 0.0033494 0.0016803 0.00018141
0.0018536 0.015358 0.0033475 0.001678 0.00017408
0.0018493 0.015359 0.0033456 0.0016757 0.00016666
0.0018338 0.015361 0.0033437 0.0016734 0.00015938
0.0018159 0.015362 0.0033417 0.001671 0.000152
0.0017958 0.015364 0.0033398 0.0016687 0.00014454
0.0017798 0.015366 0.0033379 0.0016664 0.00013722
0.0017615 0.015367 0.0033359 0.001664 0.0001298
0.0017406 0.015369 0.003334 0.0016616 0.00012228
0.0017256 0.01537 0.003332 0.0016593 0.00011492
0.0017084 0.015372 0.0033301 0.0016569 0.00010745
0.0016891 0.015373 0.0033281 0.0016545 9.9909e-05
0.0016737 0.015375 0.0033262 0.0016522 9.2497e-05
0.0016614 0.015376 0.0033242 0.0016499 8.5217e-05
0.0016518 0.015378 0.0033223 0.0016476 7.8066e-05
0.0016407 0.015379 0.0033204 0.0016453 7.0823e-05
0.0016281 0.015381 0.0033184 0.001643 7.0151e-05
0.0016138 0.015383 0.0033165 0.0016407 6.9499e-05
0.0016025 0.015384 0.0033145 0.0016384 6.8815e-05
0.0015936 0.015386 0.0033126 0.0016361 6.8102e-05
0.0015867 0.015387 0.0033106 0.0016338 6.7402e-05
0.0015788 0.015389 0.0033087 0.0016315 6.6673e-05
0.0015699 0.015391 0.0033068 0.0016291 6.5917e-05
0.001563 0.015392 0.0033048 0.0016268 6.5175e-05
0.0015294 0.015394 0.0033029 0.0016246 6.4445e-05
0.0015003 0.015396 0.003301 0.0016223 6.3722e-05
0.0014697 0.015398 0.0032991 0.0016201 6.2978e-05
0.001443 0.015399 0.0032971 0.0016179 6.2239e-05
0.0014148 0.015401 0.0032952 0.0016156 6.1478e-05
0.0013851 0.015403 0.0032933 0.0016133 6.0695e-05
0.0012509 0.015405 0.0032914 0.0016111 5.992e-05
0.0011331 0.015406 0.0032894 0.0016089 5.9152e-05
0.0010298 0.015408 0.0032875 0.0016067 5.839e-05
0.0009391 0.01541 0.0032856 0.0016046 5.7633e-05
0.00085942 0.015412 0.0032837 0.0016025 5.6883e-05
0.0007905 0.015414 0.0032818 0.0016004 5.614e-05
0.00071773 0.015416 0.0032799 0.0015983 5.5374e-05
0.00065513 0.015418 0.003278 0.0015962 5.4617e-05
0.00060142 0.01542 0.0032761 0.0015941 5.3868e-05
0.00055562 0.015422 0.0032743 0.0015921 5.3129e-05
0.00051639 0.015424 0.0032724 0.0015901 5.2398e-05
0.00048419 0.015426 0.0032705 0.0015882 5.1681e-05
0.00045816 0.015428 0.0032687 0.0015863 5.0978e-05
0.00042883 0.01543 0.0032668 0.0015843 5.0244e-05
0.00040706 0.015432 0.003265 0.0015824 4.9482e-05
0.00038245 0.015434 0.0032631 0.0015804 4.8689e-05
0.00030797 0.015436 0.0032613 0.0015784 4.7909e-05
0.00029666 0.015438 0.0032594 0.0015764 4.7101e-05
0.00028402 0.01544 0.0032576 0.0015744 4.6263e-05
0.00027377 0.015443 0.0032557 0.0015725 4.5439e-05
0.00026231 0.015445 0.0032538 0.0015705 4.4585e-05
0.00022721 0.015447 0.003252 0.0015686 4.3748e-05
0.0001882 0.015449 0.0032501 0.0015666 4.2882e-05
0.00015637 0.015451 0.0032483 0.0015647 4.2032e-05
0.00015176 0.015453 0.0032464 0.0015627 4.1151e-05
0.00014657 0.015455 0.0032446 0.0015607 4.0241e-05
0.00013036 0.015458 0.0032427 0.0015588 3.9347e-05
0.00012833 0.01546 0.0032408 0.0015568 3.8422e-05
0.00012094 0.015462 0.003239 0.0015549 3.7513e-05
0.00011515 0.015464 0.0032371 0.0015529 3.6573e-05
0.00010863 0.015467 0.0032353 0.001551 3.5646e-05
0.00010063 0.015469 0.0032334 0.0015491 3.4733e-05
9.474e-05 0.015471 0.0032316 0.0015472 3.3792e-05
9.0091e-05 0.015473 0.0032297 0.0015454 3.2866e-05
8.4869e-05 0.015476 0.0032279 0.0015435 3.4087e-05
8.0649e-05 0.015478 0.003226 0.0015416 3.5276e-05
7.5909e-05 0.01548 0.0032242 0.0015397 3.6435e-05
7.0602e-05 0.015483 0.0032223 0.0015377 3.7564e-05
6.4681e-05 0.015485 0.0032205 0.0015357 3.8665e-05
5.9958e-05 0.015487 0.0032186 0.0015338 3.9783e-05
5.4614e-05 0.015489 0.0032168 0.0015318 4.087e-05
5.0246e-05 0.015492 0.0032149 0.0015299 4.1971e-05
4.6681e-05 0.015494 0.0032131 0.001528 4.3087e-05
4.385e-05 0.015497 0.0032112 0.0015261 4.4221e-05
4.1561e-05 0.015499 0.0032094 0.0015243 4.5371e-05
3.8935e-05 0.015501 0.0032076 0.0015225 4.6489e-05
3.9347e-05 0.015504 0.0032057 0.0015207 4.7562e-05
3.9603e-05 0.015506 0.0032039 0.0015188 4.8605e-05
3.9711e-05 0.015509 0.0032021 0.001517 4.9619e-05
3.9374e-05 0.015511 0.0032002 0.0015151 5.0602e-05
3.7824e-05 0.015536 0.0031818 0.0014966 6.0123e-05
3.7424e-05 0.015538 0.0031799 0.0014947 6.098e-05
3.7281e-05 0.015541 0.003178 0.0014929 6.1857e-05
3.697e-05 0.015543 0.0031762 0.001491 6.2701e-05
3.6511e-05 0.015546 0.0031743 0.0014891 6.3514e-05
3.5897e-05 0.015548 0.0031724 0.0014872 6.4297e-05
3.3104e-05 0.015551 0.0031706 0.0014853 6.51e-05
2.4419e-05 0.015554 0.0031687 0.0014835 6.5923e-05
2.1405e-05 0.015556 0.0031669 0.0014816 6.6715e-05
1.9013e-05 0.015559 0.003165 0.0014798 6.7528e-05
1.628e-05 0.015561 0.0031632 0.0014779 6.8307e-05
1.4106e-05 0.015564 0.0031614 0.0014761 6.9107e-05
1.2382e-05 0.015567 0.0031595 0.0014743 6.9928e-05
1.1019e-05 0.015569 0.0031577 0.0014726 7.077e-05
9.445e-06 0.015572 0.0031559 0.0014709 7.1578e-05
7.6352e-06 0.015575 0.003154 0.0014691 7.2355e-05
2.1039e-06 0.015578 0.0031522 0.0014673 7.3102e-05
1.2644e-06 0.01558 0.0031504 0.0014654 7.3889e-05
5.6854e-07 0.015583 0.0031486 0.0014636 7.4694e-05
4.9787e-07 0.015586 0.0031467 0.0014618 7.5466e-05
7.0483e-07 0.015588 0.0031449 0.00146 7.6204e-05
8.6722e-07 0.015591 0.003143 0.0014581 7.6911e-05
1.4844e-06 0.015594 0.0031412 0.0014562 7.7637e-05
2.0174e-06 0.015597 0.0031393 0.0014543 7.8331e-05
2.0924e-06 0.015599 0.0031375 0.0014523 7.8994e-05
2.1188e-06 0.015602 0.0031356 0.0014504 7.9623e-05
2.0953e-06 0.015605 0.0031338 0.0014485 8.0222e-05
2.1165e-06 0.015607 0.0031319 0.0014466 8.0842e-05
2.1819e-06 0.01561 0.0031301 0.0014447 8.148e-05
2.1976e-06 0.015613 0.0031282 0.0014429 8.2087e-05
2.28e-06 0.015616 0.0031264 0.001441 8.266e-05
2.3128e-06 0.015619 0.0031245 0.001439 8.3203e-05
2.2967e-06 0.015621 0.0031227 0.0014371 8.3766e-05
2.233e-06 0.015624 0.0031209 0.0014352 8.43e-05
2.2104e-06 0.015627 0.003119 0.0014333 8.4852e-05
2.2208e-06 0.01563 0.0031172 0.0014315 8.5418e-05
2.267e-06 0.015633 0.0031154 0.0014297 8.6001e-05
2.2736e-06 0.015636 0.0031136 0.0014279 8.6558e-05
2.3086e-06 0.015639 0.0031117 0.0014261 8.7126e-05
2.3094e-06 0.015642 0.0031099 0.0014242 8.7672e-05
2.3311e-06 0.015645 0.0031081 0.0014224 8.8226e-05
2.3191e-06 0.015648 0.0031063 0.0014206 8.8757e-05
2.2758e-06 0.015651 0.0031044 0.0014188 8.9267e-05
2.255e-06 0.015654 0.0031026 0.001417 8.9786e-05
2.182e-06 0.015657 0.0031008 0.0014152 9.0283e-05
2.1299e-06 0.01566 0.003099 0.0014134 9.0789e-05
2.0973e-06 0.015663 0.0030971 0.0014117 9.1302e-05
2.0798e-06 0.015666 0.0030953 0.0014099 9.182e-05
2.0324e-06 0.015669 0.0030935 0.0014082 9.2319e-05
2.0032e-06 0.015672 0.0030917 0.0014064 9.2824e-05
1.9443e-06 0.015675 0.0030899 0.0014047 9.331e-05
1.8571e-06 0.015678 0.003088 0.0014029 9.3775e-05
2.2469e-06 0.015681 0.0030862 0.0014012 9.4221e-05
2.6018e-06 0.015684 0.0030844 0.0013994 9.4647e-05
2.9221e-06 0.015687 0.0030826 0.0013976 9.5054e-05
3.2801e-06 0.01569 0.0030807 0.0013959 9.5465e-05
3.6001e-06 0.015693 0.0030789 0.0013941 9.5857e-05
3.8827e-06 0.015696 0.003077 0.0013923 9.6228e-05
4.211e-06 0.0157 0.0030752 0.0013905 9.6606e-05
4.5007e-06 0.015703 0.0030734 0.0013888 9.6964e-05
4.8331e-06 0.015706 0.0030715 0.001387 9.7328e-05
5.1257e-06 0.015709 0.0030697 0.0013852 9.7671e-05
5.4718e-06 0.015712 0.0030679 0.0013835 9.8022e-05
5.8786e-06 0.015715 0.003066 0.0013818 9.8381e-05
6.3448e-06 0.015718 0.0030642 0.0013801 9.8747e-05
6.7642e-06 0.015722 0.0030624 0.0013784 9.9091e-05
7.1372e-06 0.015725 0.0030605 0.0013766 9.9414e-05
7.5733e-06 0.015728 0.0030587 0.0013749 9.9744e-05
7.9624e-06 0.015731 0.0030569 0.0013732 0.00010005
8.2958e-06 0.015734 0.003055 0.0013715 0.00010037
8.5802e-06 0.015738 0.0030532 0.0013698 0.00010067
8.9451e-06 0.015741 0.0030514 0.0013681 0.00010098
9.4e-06 0.015744 0.0030496 0.0013665 0.0001013
9.9439e-06 0.015747 0.0030477 0.0013648 0.00010163
1.0421e-05 0.015751 0.0030459 0.0013632 0.00010194
1.0998e-05 0.015754 0.0030441 0.0013615 0.00010226
1.1504e-05 0.015757 0.0030422 0.0013599 0.00010256
1.2127e-05 0.015761 0.0030404 0.0013582 0.00010288
1.2867e-05 0.015764 0.0030386 0.0013566 0.0001032
1.3534e-05 0.015767 0.0030368 0.0013549 0.0001035
1.413e-05 0.01577 0.0030349 0.0013533 0.00010377
1.4853e-05 0.015774 0.0030331 0.0013516 0.00010406
1.5718e-05 0.015777 0.0030313 0.00135 0.00010436
1.6487e-05 0.015781 0.0030295 0.0013484 0.00010463
1.7171e-05 0.015784 0.0030276 0.0013468 0.00010488
1.7772e-05 0.015787 0.0030258 0.0013451 0.0001051
1.8519e-05 0.015791 0.003024 0.0013435 0.00010534
1.9169e-05 0.015794 0.0030222 0.0013418 0.00010555
1.897e-05 0.015798 0.0030203 0.0013402 0.00010577
1.8665e-05 0.015801 0.0030185 0.0013386 0.00010597
1.8497e-05 0.015805 0.0030167 0.001337 0.00010618
1.826e-05 0.015808 0.0030149 0.0013354 0.00010637
1.8135e-05 0.015811 0.003013 0.0013338 0.00010658
1.8115e-05 0.015815 0.0030112 0.0013322 0.00010679
1.8197e-05 0.015819 0.0030094 0.0013306 0.00010701
1.8371e-05 0.015822 0.0030076 0.0013291 0.00010725
1.8487e-05 0.015826 0.0030058 0.0013276 0.00010746
1.8688e-05 0.015829 0.003004 0.0013261 0.00010768
1.8977e-05 0.015833 0.0030022 0.0013246 0.00010791
1.9355e-05 0.015837 0.0030004 0.0013231 0.00010814
1.9682e-05 0.01584 0.0029986 0.0013216 0.00010836
1.9954e-05 0.015844 0.0029968 0.0013201 0.00010855
2.0336e-05 0.015848 0.002995 0.0013186 0.00010875
2.0815e-05 0.015851 0.0029932 0.0013171 0.00010895
2.1241e-05 0.015855 0.0029914 0.0013156 0.00010914
2.1782e-05 0.015859 0.0029896 0.0013142 0.00010933
2.2448e-05 0.015862 0.0029878 0.0013127 0.00010954
2.3051e-05 0.015866 0.002986 0.0013113 0.00010972
2.359e-05 0.01587 0.0029842 0.0013099 0.00010991
2.4259e-05 0.015874 0.0029824 0.0013085 0.00011011
2.4863e-05 0.015877 0.0029807 0.001307 0.00011029
2.5408e-05 0.015881 0.0029789 0.0013056 0.00011045
2.6087e-05 0.015885 0.0029771 0.0013042 0.00011062
2.6896e-05 0.015889 0.0029753 0.0013028 0.0001108
2.7847e-05 0.015893 0.0029735 0.0013014 0.00011098
2.8722e-05 0.015896 0.0029717 0.0013001 0.00011114
2.9771e-05 0.0159 0.0029699 0.0012987 0.00011131
3.0734e-05 0.015904 0.0029681 0.0012973 0.00011146
3.1606e-05 0.015908 0.0029663 0.0012959 0.00011159
3.2748e-05 0.015912 0.0029646 0.0012946 0.00011172
3.2589e-05 0.015916 0.0029628 0.0012932 0.00011184
3.257e-05 0.01592 0.002961 0.0012918 0.00011196
3.2692e-05 0.015924 0.0029592 0.0012905 0.0001121
3.2958e-05 0.015928 0.0029574 0.0012891 0.00011225
3.3134e-05 0.015932 0.0029556 0.0012878 0.00011238
3.3224e-05 0.015936 0.0029539 0.0012864 0.00011248
3.3469e-05 0.01594 0.0029521 0.001285 0.00011259
3.3635e-05 0.015944 0.0029503 0.0012837 0.00011268
3.396e-05 0.015948 0.0029485 0.0012823 0.00011279
3.4456e-05 0.015952 0.0029467 0.001281 0.00011291
3.5122e-05 0.015956 0.002945 0.0012797 0.00011304
3.5986e-05 0.01596 0.0029432 0.0012785 0.00011319
3.7078e-05 0.015964 0.0029414 0.0012772 0.00011336
3.8469e-05 0.015968 0.0029397 0.001276 0.00011355
4.0215e-05 0.015972 0.002938 0.0012748 0.00011375
4.0073e-05 0.015977 0.0029362 0.0012737 0.00011398
3.9797e-05 0.015981 0.0029345 0.0012725 0.00011417
3.938e-05 0.015985 0.0029327 0.0012713 0.00011433
3.8802e-05 0.015989 0.002931 0.0012701 0.00011446
3.8481e-05 0.015994 0.0029292 0.0012689 0.00011461
3.8405e-05 0.015998 0.0029275 0.0012678 0.00011479
3.8576e-05 0.016002 0.0029258 0.0012666 0.00011499
3.9004e-05 0.016007 0.0029241 0.0012656 0.00011522
3.9265e-05 0.016011 0.0029223 0.0012645 0.00011541
3.9222e-05 0.016015 0.0029206 0.0012634 0.00011562
3.9405e-05 0.01602 0.0029189 0.0012623 0.00011585
3.9425e-05 0.016024 0.0029172 0.0012613 0.00011605
3.9296e-05 0.016029 0.0029155 0.0012602 0.00011622
3.9425e-05 0.016033 0.0029137 0.0012591 0.00011641
3.979e-05 0.016037 0.002912 0.001258 0.00011657
4.0408e-05 0.016042 0.0029103 0.0012569 0.0001167
4.0847e-05 0.016046 0.0029085 0.0012558 0.00011679
4.1575e-05 0.016051 0.0029068 0.0012547 0.0001169
4.2137e-05 0.016055 0.0029051 0.0012537 0.00011699
4.2995e-05 0.01606 0.0029033 0.0012526 0.00011704
4.3687e-05 0.016064 0.0029016 0.0012515 0.00011705
4.2773e-05 0.016068 0.0028998 0.0012504 0.00011709
4.1763e-05 0.016073 0.002898 0.0012493 0.00011709
4.1001e-05 0.016077 0.0028963 0.0012482 0.00011711
4.344e-05 0.016082 0.0028945 0.0012472 0.0001171
4.5645e-05 0.016086 0.0028928 0.001246 0.00011706
4.7644e-05 0.01609 0.002891 0.0012449 0.000117
5.0069e-05 0.016095 0.0028892 0.0012438 0.00011695
5.2283e-05 0.016099 0.0028874 0.0012427 0.00011688
5.4949e-05 0.016104 0.0028857 0.0012416 0.00011682
5.7416e-05 0.016108 0.0028839 0.0012405 0.00011673
6.0381e-05 0.016113 0.0028821 0.0012394 0.00011666
6.3097e-05 0.016117 0.0028804 0.0012383 0.00011657
6.6377e-05 0.016122 0.0028786 0.0012373 0.00011649
6.9401e-05 0.016126 0.0028768 0.0012362 0.00011638
7.2153e-05 0.016131 0.002875 0.0012351 0.00011625
7.5492e-05 0.016135 0.0028733 0.001234 0.00011614
7.8565e-05 0.01614 0.0028715 0.0012329 0.00011599
8.2294e-05 0.016144 0.0028697 0.0012318 0.00011587
8.5663e-05 0.016149 0.0028679 0.0012307 0.00011572
8.9659e-05 0.016153 0.0028661 0.0012297 0.00011558
9.3318e-05 0.016158 0.0028644 0.0012286 0.00011541
9.7641e-05 0.016162 0.0028626 0.0012275 0.00011526
0.00010161 0.016167 0.0028608 0.0012265 0.00011508
0.00010629 0.016172 0.002859 0.0012254 0.00011491
0.00011058 0.016176 0.0028572 0.0012244 0.00011472
0.00011451 0.016181 0.0028554 0.0012233 0.0001145
0.00011811 0.016185 0.0028536 0.0012222 0.00011425
0.0001214 0.01619 0.0028518 0.0012211 0.00011398
0.00012545 0.016195 0.00285 0.00122 0.00011372
0.00012915 0.016199 0.0028482 0.0012189 0.00011344
0.00012995 0.016204 0.0028464 0.0012178 0.00011318
0.00013053 0.016208 0.0028446 0.0012167 0.00011288
0.00013154 0.016213 0.0028428 0.0012156 0.00011261
0.0001323 0.016218 0.002841 0.0012145 0.0001123
0.00013288 0.016222 0.0028392 0.0012134 0.00011197
0.00013327 0.016227 0.0028374 0.0012123 0.00011161
0.00013348 0.016231 0.0028356 0.0012112 0.00011123
0.00013404 0.016236 0.0028338 0.0012101 0.00011086
0.00013439 0.016241 0.0028319 0.0012089 0.00011046
0.00013511 0.016245 0.0028301 0.0012078 0.00011008
0.0001356 0.01625 0.0028283 0.0012067 0.00010966
0.00013654 0.016255 0.0028265 0.0012056 0.00010927
0.00013685 0.016259 0.0028247 0.0012045 0.00010885
0.00013687 0.016264 0.0028228 0.0012034 0.00010838
0.00013739 0.016269 0.002821 0.0012022 0.00010795
0.00013676 0.016273 0.0028192 0.0012012 0.00010753
0.0001358 0.016278 0.0028173 0.0012001 0.00010708
0.00013385 0.016283 0.0028155 0.0011989 0.0001066
0.00013257 0.016287 0.0028137 0.0011978 0.00010614
0.00013095 0.016292 0.0028118 0.0011967 0.00010564
0.00012989 0.016297 0.00281 0.0011956 0.00010517
0.00012852 0.016302 0.0028082 0.0011945 0.00010466
0.00012679 0.016306 0.0028063 0.0011934 0.00010412
0.00012564 0.016311 0.0028045 0.0011923 0.0001036
0.000126 0.016316 0.0028027 0.0011912 0.0001031
0.00012608 0.016321 0.0028008 0.0011901 0.00010257
0.00012663 0.016325 0.002799 0.0011891 0.00010207
0.00012694 0.01633 0.0027971 0.001188 0.00010153
0.00012768 0.016335 0.0027953 0.0011869 0.00010101
0.00012813 0.01634 0.0027935 0.0011859 0.00010046
0.00012807 0.016345 0.0027916 0.0011848 9.987e-05
0.00012772 0.016349 0.0027898 0.0011836 9.9249e-05
0.00012709 0.016354 0.0027879 0.0011825 9.8593e-05
0.00012695 0.016359 0.002786 0.0011814 9.7962e-05
0.00012728 0.016364 0.0027842 0.0011803 9.7356e-05
0.00012809 0.016369 0.0027824 0.0011792 9.6773e-05
0.00012938 0.016374 0.0027805 0.0011782 9.621e-05
0.00013035 0.016379 0.0027787 0.0011772 9.5613e-05
0.00013188 0.016384 0.0027769 0.0011762 9.504e-05
0.0001331 0.016389 0.002775 0.0011751 9.4435e-05
0.00013485 0.016394 0.0027732 0.0011741 9.3849e-05
0.0001372 0.016399 0.0027714 0.0011732 9.3283e-05
0.00014024 0.016404 0.0027695 0.0011722 9.2737e-05
0.0001443 0.016409 0.0027677 0.0011713 9.2215e-05
0.00014952 0.016414 0.0027659 0.0011704 9.1716e-05
0.00015618 0.016419 0.0027641 0.0011696 9.124e-05
0.0001644 0.016424 0.0027623 0.0011688 9.0782e-05
0.00017163 0.016429 0.0027605 0.001168 9.029e-05
0.00018063 0.016434 0.0027587 0.0011671 8.9767e-05
0.00018851 0.01644 0.0027569 0.0011662 8.9267e-05
0.00019539 0.016445 0.002755 0.0011653 8.8732e-05
0.00019673 0.01645 0.0027532 0.0011644 8.8215e-05
0.00019868 0.016455 0.0027514 0.0011636 8.7714e-05
0.00020035 0.016461 0.0027496 0.0011627 8.7187e-05
0.00020262 0.016466 0.0027478 0.0011619 8.6675e-05
0.00020461 0.016471 0.002746 0.001161 8.6137e-05
0.00020635 0.016476 0.0027442 0.0011601 8.5574e-05
0.00022731 0.016482 0.0027424 0.0011593 8.4988e-05
0.00025163 0.016487 0.0027406 0.0011584 8.4412e-05
0.00027475 0.016492 0.0027387 0.0011575 8.3813e-05
0.00027929 0.016497 0.0027369 0.0011567 8.3224e-05
0.00028455 0.016503 0.0027351 0.0011558 8.264e-05
0.00028952 0.016508 0.0027333 0.001155 8.2035e-05
0.00029425 0.016513 0.0027315 0.0011541 8.1411e-05
0.00029978 0.016519 0.0027297 0.0011533 8.0793e-05
0.00030611 0.016524 0.0027278 0.0011524 8.0181e-05
0.00031343 0.01653 0.002726 0.0011516 7.9575e-05
0.00032188 0.016535 0.0027242 0.0011508 7.8976e-05
0.0003316 0.01654 0.0027224 0.00115 7.8383e-05
0.00034089 0.016546 0.0027206 0.0011493 7.777e-05
0.00035158 0.016551 0.0027188 0.0011485 7.7164e-05
0.00036178 0.016557 0.002717 0.0011477 7.6537e-05
0.00037152 0.016562 0.0027152 0.0011469 7.589e-05
0.00038087 0.016568 0.0027134 0.0011461 7.5223e-05
0.00038979 0.016573 0.0027116 0.0011453 7.4535e-05
0.00040007 0.016579 0.0027098 0.0011445 7.3854e-05
0.00040994 0.016584 0.002708 0.0011437 7.3154e-05
0.00042115 0.01659 0.0027061 0.0011429 7.2457e-05
0.00043385 0.016596 0.0027043 0.0011422 7.1766e-05
0.00044607 0.016601 0.0027025 0.0011414 7.1054e-05
0.00045991 0.016607 0.0027007 0.0011406 7.0347e-05
0.00047315 0.016612 0.0026989 0.0011398 6.962e-05
0.00048814 0.016618 0.0026971 0.0011391 6.8897e-05
0.00050249 0.016624 0.0026952 0.0011383 6.8153e-05
0.00051872 0.016629 0.0026934 0.0011375 6.7414e-05
0.00053733 0.016635 0.0026916 0.0011368 6.668e-05
0.00055865 0.01664 0.0026898 0.0011361 6.5953e-05
0.00058278 0.016646 0.002688 0.0011354 6.5229e-05
0.00060589 0.016652 0.0026862 0.0011347 6.4485e-05
0.00062803 0.016658 0.0026843 0.0011339 6.3721e-05
0.00065305 0.016663 0.0026825 0.0011332 6.296e-05
0.00067703 0.016669 0.0026807 0.0011325 6.218e-05
0.00070446 0.016675 0.0026789 0.0011318 6.1405e-05
0.00073091 0.01668 0.0026771 0.0011311 6.061e-05
0.00076117 0.016686 0.0026752 0.0011304 5.9821e-05
0.00079579 0.016692 0.0026734 0.0011297 5.9037e-05
0.00080488 0.016698 0.0026716 0.001129 5.8257e-05
0.00081352 0.016704 0.0026698 0.0011284 5.7457e-05
0.0008236 0.016709 0.002668 0.0011277 5.6661e-05
0.00083324 0.016715 0.0026662 0.001127 5.5847e-05
0.00084429 0.016721 0.0026644 0.0011264 5.5035e-05
0.00085481 0.016727 0.0026626 0.0011257 5.4203e-05
0.00086421 0.016733 0.0026607 0.0011251 5.3375e-05
0.00087315 0.016739 0.0026589 0.0011244 5.2526e-05
0.00088164 0.016745 0.0026571 0.0011238 5.1658e-05
0.00089156 0.01675 0.0026552 0.0011231 5.0794e-05
0.000901 0.016756 0.0026534 0.0011224 4.991e-05
0.00091198 0.016762 0.0026516 0.0011218 4.9031e-05
0.00092251 0.016768 0.0026497 0.0011211 4.8132e-05
0.00093453 0.016774 0.0026479 0.0011205 4.7236e-05
0.00094821 0.01678 0.0026461 0.0011199 4.6343e-05
0.00096375 0.016786 0.0026443 0.0011193 4.5452e-05
0.00098137 0.016792 0.0026424 0.0011187 4.4563e-05
0.00099833 0.016798 0.0026406 0.0011181 4.3654e-05
0.00099939 0.016804 0.0026388 0.0011175 4.275e-05
0.0010002 0.01681 0.002637 0.0011169 4.1826e-05
0.0010018 0.016816 0.0026351 0.0011163 4.0906e-05
0.0010041 0.016822 0.0026333 0.0011157 3.9987e-05
0.0010062 0.016828 0.0026315 0.0011152 3.9049e-05
0.0010091 0.016834 0.0026297 0.0011146 3.8115e-05
0.0010117 0.01684 0.0026278 0.001114 3.716e-05
0.001014 0.016847 0.002626 0.0011135 3.6186e-05
0.0010172 0.016853 0.0026242 0.0011129 3.5215e-05
0.0010214 0.016859 0.0026224 0.0011123 3.4247e-05
0.0010251 0.016865 0.0026205 0.0011118 3.3258e-05
0.00103 0.016871 0.0026187 0.0011113 3.2276e-05
0.0010364 0.016877 0.0026169 0.0011107 3.1303e-05
0.0010446 0.016884 0.0026151 0.0011103 3.0339e-05
0.0010517 0.01689 0.0026133 0.0011097 2.9348e-05
0.0010607 0.016896 0.0026114 0.0011093 2.8366e-05
0.0010692 0.016902 0.0026096 0.0011088 2.7355e-05
0.0010801 0.016909 0.0026078 0.0011083 2.6358e-05
0.001094 0.016915 0.002606 0.0011078 2.5373e-05
0.0011118 0.016922 0.0026042 0.0011074 2.4401e-05
0.0011274 0.016928 0.0026024 0.001107 2.5277e-05
0.0011467 0.016934 0.0026006 0.0011066 2.6161e-05
0.0011637 0.016941 0.0025988 0.0011061 2.7017e-05
0.0011852 0.016947 0.002597 0.0011057 2.7884e-05
0.0011909 0.016954 0.0025952 0.0011054 2.8761e-05
0.0011956 0.01696 0.0025934 0.001105 2.9611e-05
0.0011995 0.016967 0.0025916 0.0011046 3.0434e-05
0.0012027 0.016973 0.0025897 0.0011041 3.123e-05
0.001205 0.016979 0.0025879 0.0011037 3.2e-05
0.0012066 0.016986 0.002586 0.0011032 3.2741e-05
0.0011996 0.016992 0.0025842 0.0011027 3.3491e-05
0.0011917 0.016998 0.0025823 0.0011023 3.4215e-05
0.0011826 0.017005 0.0025805 0.0011018 3.4912e-05
0.0011723 0.017011 0.0025786 0.0011013 3.5583e-05
0.0011608 0.017017 0.0025767 0.0011007 3.6228e-05
0.001148 0.017024 0.0025748 0.0011002 3.6848e-05
0.0011514 0.01703 0.0025729 0.0010996 3.7442e-05
0.0011562 0.017036 0.0025711 0.0010991 3.8043e-05
0.0011601 0.017043 0.0025692 0.0010985 3.8618e-05
0.0011634 0.017049 0.0025673 0.0010979 3.9167e-05
0.0011659 0.017055 0.0025654 0.0010974 3.9726e-05
0.0011677 0.017062 0.0025635 0.0010968 4.0258e-05
0.0011664 0.017068 0.0025616 0.0010962 4.0799e-05
0.0011645 0.017074 0.0025597 0.0010957 4.1317e-05
0.0011637 0.017081 0.0025578 0.0010951 4.1838e-05
0.0011625 0.017087 0.0025559 0.0010946 4.234e-05
0.0011623 0.017094 0.002554 0.001094 4.2843e-05
0.0011617 0.0171 0.002552 0.0010935 4.3327e-05
0.001162 0.017106 0.0025501 0.0010929 4.3813e-05
0.001162 0.017113 0.0025482 0.0010924 4.4279e-05
0.0011628 0.017119 0.0025463 0.0010919 4.4744e-05
0.0011633 0.017126 0.0025444 0.0010914 4.5191e-05
0.0011636 0.017132 0.0025425 0.0010908 4.5618e-05
0.0011646 0.017139 0.0025406 0.0010903 4.6045e-05
0.0011518 0.017145 0.0025387 0.0010898 4.6473e-05
0.0011384 0.017152 0.0025368 0.0010893 4.6882e-05
0.0011268 0.017158 0.0025349 0.0010888 4.7292e-05
0.0011169 0.017165 0.002533 0.0010883 4.7704e-05
0.0011065 0.017171 0.0025311 0.0010878 4.8096e-05
0.0010976 0.017178 0.0025292 0.0010873 4.8489e-05
0.0010882 0.017185 0.0025272 0.0010868 4.8864e-05
0.0010801 0.017191 0.0025253 0.0010863 4.9238e-05
0.0010716 0.017198 0.0025234 0.0010858 4.9594e-05
0.0010643 0.017205 0.0025215 0.0010854 4.9949e-05
0.0010566 0.017211 0.0025196 0.0010849 5.0285e-05
0.0010501 0.017218 0.0025177 0.0010844 5.0623e-05
0.0010433 0.017225 0.0025158 0.0010839 5.0942e-05
0.0010361 0.017231 0.0025139 0.0010835 5.1242e-05
0.0010299 0.017238 0.0025119 0.001083 5.1542e-05
0.0010234 0.017245 0.00251 0.0010825 5.1822e-05
0.0010165 0.017251 0.0025081 0.001082 5.2084e-05
0.0010093 0.017258 0.0025061 0.0010815 5.2327e-05
0.0010034 0.017265 0.0025042 0.001081 5.2571e-05
0.00099717 0.017271 0.0025023 0.0010805 5.2797e-05
0.00099057 0.017278 0.0025003 0.00108 5.3003e-05
0.00098357 0.017285 0.0024984 0.0010795 5.3211e-05
0.00097772 0.017292 0.0024965 0.0010791 5.3421e-05
0.00097156 0.017298 0.0024945 0.0010786 5.3612e-05
0.0009665 0.017305 0.0024926 0.0010781 5.3805e-05
0.0009611 0.017312 0.0024907 0.0010777 5.3978e-05
0.00095539 0.017319 0.0024887 0.0010772 5.4133e-05
0.00095072 0.017326 0.0024868 0.0010767 5.429e-05
0.00094571 0.017332 0.0024848 0.0010762 5.4427e-05
0.00094038 0.017339 0.0024829 0.0010757 5.4545e-05
0.00093474 0.017346 0.0024809 0.0010752 5.4644e-05
0.00093003 0.017353 0.002479 0.0010748 5.4744e-05
0.00092626 0.01736 0.002477 0.0010743 5.4845e-05
0.00090058 0.017367 0.0024751 0.0010738 5.4927e-05
0.00087381 0.017373 0.0024731 0.0010733 5.499e-05
0.0008459 0.01738 0.0024712 0.0010728 5.5034e-05
0.00082262 0.017387 0.0024692 0.0010723 5.5059e-05
0.00080229 0.017394 0.0024672 0.0010718 5.5085e-05
0.0007843 0.017401 0.0024653 0.0010713 5.5111e-05
0.00076564 0.017408 0.0024633 0.0010709 5.5119e-05
0.00074936 0.017415 0.0024614 0.0010704 5.5128e-05
0.00073519 0.017422 0.0024594 0.0010699 5.5139e-05
0.00072046 0.017429 0.0024575 0.0010695 5.5131e-05
0.00070766 0.017436 0.0024555 0.001069 5.5125e-05
0.00069639 0.017443 0.0024536 0.0010686 5.5119e-05
0.00068649 0.01745 0.0024516 0.0010682 5.5113e-05
0.00067783 0.017457 0.0024497 0.0010678 5.5107e-05
0.00067029 0.017464 0.0024477 0.0010674 5.5101e-05
0.00066386 0.017472 0.0024458 0.001067 5.5096e-05
0.00065708 0.017479 0.0024438 0.0010666 5.5073e-05
0.00064994 0.017486 0.0024419 0.0010662 5.503e-05
0.00064244 0.017493 0.0024399 0.0010658 5.4968e-05
0.00063603 0.0175 0.002438 0.0010654 5.4907e-05
0.00063053 0.017507 0.002436 0.001065 5.4847e-05
0.0006247 0.017515 0.0024341 0.0010647 5.4767e-05
0.00061854 0.017522 0.0024321 0.0010643 5.4668e-05
0.00061336 0.017529 0.0024301 0.0010639 5.4571e-05
0.00058417 0.017536 0.0024282 0.0010635 5.4474e-05
0.0005539 0.017544 0.0024262 0.0010631 5.4358e-05
0.00052253 0.017551 0.0024243 0.0010628 5.4224e-05
0.00049001 0.017558 0.0024223 0.0010624 5.4071e-05
0.00045632 0.017565 0.0024203 0.001062 5.3899e-05
0.00042642 0.017573 0.0024184 0.0010616 5.3728e-05
0.00040023 0.01758 0.0024164 0.0010612 5.3558e-05
0.0003773 0.017587 0.0024144 0.0010608 5.3389e-05
0.00035385 0.017595 0.0024125 0.0010605 5.3202e-05
0.00032954 0.017602 0.0024105 0.0010601 5.2995e-05
0.00030825 0.017609 0.0024085 0.0010597 5.279e-05
0.00028618 0.017617 0.0024065 0.0010594 5.2567e-05
0.00026686 0.017624 0.0024046 0.001059 5.2345e-05
0.00024682 0.017631 0.0024026 0.0010587 5.2105e-05
0.00022605 0.017639 0.0024006 0.0010583 5.1846e-05
0.00020762 0.017646 0.0023986 0.0010579 5.1586e-05
0.00019127 0.017654 0.0023966 0.0010576 5.1327e-05
0.00017678 0.017661 0.0023947 0.0010573 5.1068e-05
0.00016421 0.017669 0.0023927 0.0010569 5.0809e-05
0.0001511 0.017676 0.0023907 0.0010566 5.053e-05
0.00013962 0.017684 0.0023888 0.0010563 5.0253e-05
0.0001277 0.017691 0.0023868 0.001056 4.9957e-05
0.00011727 0.017699 0.0023848 0.0010557 4.9663e-05
0.00010815 0.017706 0.0023828 0.0010554 4.9369e-05
0.00010005 0.017714 0.0023809 0.0010551 4.9076e-05
9.1599e-05 0.017722 0.0023789 0.0010548 4.8763e-05
8.4201e-05 0.017729 0.0023769 0.0010546 4.8451e-05
7.6474e-05 0.017737 0.0023749 0.0010543 4.812e-05
6.9621e-05 0.017745 0.002373 0.001054 4.7789e-05
6.3543e-05 0.017752 0.002371 0.0010538 4.7457e-05
5.7223e-05 0.01776 0.002369 0.0010535 4.7107e-05
5.1619e-05 0.017768 0.002367 0.0010533 4.6757e-05
4.6721e-05 0.017776 0.0023651 0.001053 4.6407e-05
4.1614e-05 0.017783 0.0023631 0.0010528 4.6039e-05
3.7166e-05 0.017791 0.0023611 0.0010526 4.5672e-05
3.3312e-05 0.017799 0.0023592 0.0010524 4.5307e-05
2.9952e-05 0.017807 0.0023572 0.0010522 4.4944e-05
2.6355e-05 0.017815 0.0023552 0.001052 4.4559e-05
2.2463e-05 0.017823 0.0023532 0.0010518 4.4151e-05
8.1129e-06 0.01783 0.0023513 0.0010516 4.3751e-05
6.1665e-06 0.017838 0.0023493 0.0010514 4.3326e-05
4.5483e-06 0.017846 0.0023473 0.0010512 4.2907e-05
4.476e-06 0.017854 0.0023453 0.001051 4.2464e-05
4.4618e-06 0.017862 0.0023434 0.0010508 4.2027e-05
4.3872e-06 0.01787 0.0023414 0.0010506 4.1563e-05
4.3688e-06 0.017878 0.0023394 0.0010504 4.1106e-05
4.4137e-06 0.017886 0.0023374 0.0010503 4.0658e-05
3.826e-06 0.017894 0.0023355 0.0010502 4.0217e-05
3.1681e-06 0.017902 0.0023335 0.00105 3.9754e-05
2.4404e-06 0.01791 0.0023315 0.0010499 3.9268e-05
1.6395e-06 0.017918 0.0023295 0.0010497 3.876e-05
1.6882e-06 0.017926 0.0023275 0.0010495 3.8231e-05
1.7042e-06 0.017934 0.0023255 0.0010493 3.7681e-05
1.7385e-06 0.017942 0.0023235 0.0010491 3.7132e-05
1.7876e-06 0.01795 0.0023216 0.001049 3.6584e-05
1.8077e-06 0.017958 0.0023196 0.0010488 3.6017e-05
1.7979e-06 0.017966 0.0023176 0.0010486 3.543e-05
1.7583e-06 0.017975 0.0023155 0.0010484 3.4824e-05
1.6893e-06 0.017983 0.0023135 0.0010482 3.4199e-05
1.636e-06 0.017991 0.0023115 0.001048 3.3574e-05
1.5943e-06 0.017999 0.0023095 0.0010479 3.2948e-05
1.5239e-06 0.018007 0.0023075 0.0010477 3.2303e-05
1.4247e-06 0.018015 0.0023055 0.0010475 3.1639e-05
1.3398e-06 0.018023 0.0023035 0.0010473 3.0976e-05
1.2679e-06 0.018031 0.0023015 0.0010471 3.0312e-05
1.2077e-06 0.01804 0.0022994 0.001047 2.9648e-05
1.1206e-06 0.018048 0.0022974 0.0010468 3.1824e-05
1.0448e-06 0.018056 0.0022954 0.0010467 3.4016e-05
9.4208e-07 0.018064 0.0022934 0.0010466 3.6186e-05
8.4745e-07 0.018073 0.0022914 0.0010464 3.8372e-05
7.5961e-07 0.018081 0.0022894 0.0010463 4.0572e-05
6.7724e-07 0.018089 0.0022874 0.0010462 4.2789e-05
5.5346e-07 0.018097 0.0022853 0.0010461 4.4981e-05
4.38e-07 0.018106 0.0022833 0.001046 4.7193e-05
2.9578e-07 0.018114 0.0022813 0.0010459 4.9381e-05
2.5632e-07 0.018123 0.0022793 0.0010458 5.159e-05
2.1179e-07 0.018131 0.0022773 0.0010457 5.3815e-05
1.6259e-07 0.018139 0.0022752 0.0010457 5.6061e-05
3.2562e-07 0.018148 0.0022732 0.0010456 5.8284e-05
4.9432e-07 0.018156 0.0022712 0.0010455 6.0523e-05
6.7402e-07 0.018165 0.0022692 0.0010455 6.2781e-05
8.269e-07 0.018173 0.0022672 0.0010454 6.5018e-05
9.5323e-07 0.018182 0.0022652 0.0010454 6.7233e-05
1.0521e-06 0.01819 0.0022631 0.0010453 6.9424e-05
1.162e-06 0.018199 0.0022611 0.0010453 7.1635e-05
1.2848e-06 0.018207 0.0022591 0.0010452 7.3865e-05
1.3793e-06 0.018216 0.0022571 0.0010452 7.6072e-05
1.488e-06 0.018224 0.002255 0.0010452 7.83e-05
1.5692e-06 0.018233 0.002253 0.0010451 8.0505e-05
1.6231e-06 0.018241 0.002251 0.0010451 8.2688e-05
1.6498e-06 0.01825 0.0022489 0.001045 8.4849e-05
1.6877e-06 0.018259 0.0022469 0.001045 8.7028e-05
1.6968e-06 0.018267 0.0022449 0.0010449 8.9183e-05
1.6772e-06 0.018276 0.0022428 0.0010448 9.1314e-05
1.6724e-06 0.018285 0.0022408 0.0010448 9.3466e-05
1.683e-06 0.018293 0.0022387 0.0010448 9.564e-05
1.6502e-06 0.018302 0.0022367 0.0010447 9.779e-05
1.5873e-06 0.018311 0.0022347 0.0010447 9.9916e-05
1.5371e-06 0.018319 0.0022326 0.0010446 0.00010206
1.4568e-06 0.018328 0.0022306 0.0010446 0.00010418
1.3464e-06 0.018337 0.0022285 0.0010445 0.00010627
1.207e-06 0.018346 0.0022264 0.0010444 0.00010835
1.0808e-06 0.018354 0.0022244 0.0010444 0.00011044
9.6642e-07 0.018363 0.0022223 0.0010443 0.00011255
8.2251e-07 0.018372 0.0022203 0.0010443 0.00011463
6.9188e-07 0.018381 0.0022182 0.0010442 0.00011674
5.2702e-07 0.018389 0.0022162 0.0010442 0.00011888
3.7923e-07 0.018398 0.0022141 0.0010442 0.00012105
1.9115e-07 0.018407 0.0022121 0.0010442 0.00012318
1.8121e-07 0.018416 0.00221 0.0010442 0.00012536
2.6334e-07 0.018425 0.0022079 0.0010443 0.00012758
3.203e-07 0.018434 0.0022059 0.0010443 0.00012975
3.8184e-07 0.018443 0.0022038 0.0010443 0.00013197
4.5223e-07 0.018452 0.0022017 0.0010444 0.00013423
5.2963e-07 0.018461 0.0021997 0.0010445 0.00013652
5.7724e-07 0.01847 0.0021976 0.0010446 0.00013878
6.3127e-07 0.018479 0.0021956 0.0010447 0.00014108
6.924e-07 0.018488 0.0021935 0.0010448 0.0001434
7.607e-07 0.018497 0.0021915 0.0010449 0.00014576
8.0261e-07 0.018506 0.0021894 0.001045 0.00014809
8.1853e-07 0.018515 0.0021874 0.0010452 0.0001504
8.4061e-07 0.018524 0.0021853 0.0010453 0.00015274
8.6924e-07 0.018533 0.0021832 0.0010454 0.0001551
9.0505e-07 0.018543 0.0021812 0.0010456 0.00015749
9.1337e-07 0.018552 0.0021791 0.0010458 0.00015986
8.9511e-07 0.018561 0.0021771 0.0010459 0.0001622
8.822e-07 0.01857 0.002175 0.001046 0.00016451
8.4206e-07 0.018579 0.0021729 0.0010462 0.0001668
8.0846e-07 0.018589 0.0021709 0.0010463 0.00016911
7.7821e-07 0.018598 0.0021688 0.0010464 0.0001714
7.5287e-07 0.018607 0.0021667 0.0010466 0.00017372
7.3183e-07 0.018616 0.0021646 0.0010467 0.00017607
7.1465e-07 0.018626 0.0021626 0.0010469 0.00017844
7.0101e-07 0.018635 0.0021605 0.0010471 0.00018085
6.9072e-07 0.018644 0.0021585 0.0010473 0.00018328
6.8156e-07 0.018654 0.0021564 0.0010475 0.00018575
6.7363e-07 0.018663 0.0021543 0.0010478 0.00018824
6.6693e-07 0.018673 0.0021523 0.001048 0.00019075
6.3515e-07 0.018682 0.0021502 0.0010483 0.00019331
6.0688e-07 0.018692 0.0021481 0.0010486 0.00019589
5.5237e-07 0.018701 0.0021461 0.0010489 0.00019845
5.0164e-07 0.018711 0.002144 0.0010491 0.00020104
4.5455e-07 0.01872 0.0021419 0.0010495 0.00020367
3.8016e-07 0.01873 0.0021399 0.0010498 0.00020627
4.7901e-07 0.018739 0.0021378 0.00105 0.00020883
5.4514e-07 0.018749 0.0021357 0.0010503 0.00021135
6.2361e-07 0.018759 0.0021337 0.0010506 0.00021392
7.1917e-07 0.018768 0.0021316 0.0010509 0.00021654
7.6665e-07 0.018778 0.0021295 0.0010512 0.00021913
8.31e-07 0.018788 0.0021275 0.0010515 0.00022176
9.1083e-07 0.018797 0.0021254 0.0010454 0.00022446
1.0087e-06 0.018807 0.0021234 0.0010392 0.0002272
1.1332e-06 0.018817 0.0021213 0.0010331 0.00023
1.2839e-06 0.018827 0.0021193 0.0010271 0.00023286
1.3909e-06 0.018837 0.0021172 0.001021 0.00023567
1.5314e-06 0.018847 0.0021151 0.001015 0.00023854
1.712e-06 0.018857 0.0021131 0.0010091 0.00024148
1.8477e-06 0.018866 0.002111 0.0010031 0.00024436
2.02e-06 0.018876 0.002109 0.00099715 0.00024731
2.2336e-06 0.018886 0.0021069 0.00099126 0.00025031
2.4047e-06 0.018896 0.0021049 0.00098535 0.00025328
2.62e-06 0.018906 0.0021028 0.00097948 0.0002563
2.7424e-06 0.018916 0.0021008 0.00097366 0.00025938
2.9078e-06 0.018927 0.0020987 0.00096789 0.00026252
3.1147e-06 0.018937 0.0020967 0.00096216 0.00026572
3.3687e-06 0.018947 0.0020947 0.00095647 0.00026897
3.573e-06 0.018957 0.0020926 0.00095076 0.00027218
3.2388e-06 0.018967 0.0020906 0.00094509 0.00027544
2.9704e-06 0.018978 0.0020886 0.00093946 0.00027877
2.6528e-06 0.018988 0.0020865 0.00093382 0.00028206
2.2894e-06 0.018998 0.0020845 0.00092815 0.00028531
1.9795e-06 0.019009 0.0020824 0.00092253 0.00028862
1.7076e-06 0.019019 0.0020804 0.00091694 0.00029197
1.4675e-06 0.019029 0.0020784 0.00091139 0.00029538
1.2542e-06 0.01904 0.0020763 0.00090587 0.00029884
1.0676e-06 0.01905 0.0020743 0.00090039 0.00030236
9.0348e-07 0.019061 0.0020723 0.00089495 0.00030594
7.5851e-07 0.019071 0.0020703 0.00088955 0.00030958
6.301e-07 0.019082 0.0020683 0.00088419 0.00031328
4.6739e-07 0.019093 0.0020662 0.00087881 0.00031694
3.2128e-07 0.019103 0.0020642 0.00087346 0.00032067
1.923e-07 0.019114 0.0020622 0.00086817 0.00032448
7.3065e-08 0.019125 0.0020602 0.00086292 0.00032836
7.8312e-08 0.019135 0.0020582 0.00085764 0.00033219
7.8374e-08 0.019146 0.0020562 0.00085233 0.00033595
7.0872e-08 0.019157 0.0020542 0.00084706 0.00033979
1.7752e-07 0.019168 0.0020522 0.00084177 0.00034357
2.5851e-07 0.019179 0.0020501 0.00083645 0.00034729
3.5029e-07 0.019189 0.0020481 0.00083119 0.0003511
4.5745e-07 0.0192 0.0020461 0.00082597 0.00035501
5.2731e-07 0.019211 0.0020441 0.00082072 0.00035884
6.1467e-07 0.019222 0.0020421 0.00081552 0.00036278
6.6362e-07 0.019233 0.0020401 0.00081029 0.00036664
7.3187e-07 0.019244 0.0020381 0.00080512 0.0003706
8.6981e-07 0.019255 0.0020361 0.00079999 0.00037465
9.6283e-07 0.019266 0.0020341 0.00079483 0.00037864
1.0867e-06 0.019277 0.002032 0.00078972 0.00038272
1.1655e-06 0.019288 0.00203 0.00078458 0.00038675
1.2777e-06 0.019299 0.002028 0.0007795 0.00039087
1.4228e-06 0.01931 0.002026 0.00077445 0.00039508
1.5218e-06 0.019322 0.002024 0.00076938 0.00039923
1.3229e-06 0.019333 0.002022 0.00076436 0.00040348
1.1695e-06 0.019344 0.00202 0.00075939 0.00040783
1.0539e-06 0.019355 0.002018 0.00075446 0.0004123
9.6486e-07 0.019367 0.002016 0.00074958 0.00041686
8.9829e-07 0.019378 0.002014 0.00074474 0.00042152
8.5114e-07 0.01939 0.0020121 0.00073994 0.00042627
8.2137e-07 0.019401 0.0020101 0.00073518 0.00043113
8.116e-07 0.019413 0.0020081 0.00073046 0.0004361
8.2126e-07 0.019424 0.0020062 0.00072579 0.00044119
8.4702e-07 0.019436 0.0020042 0.00072116 0.00044638
8.3403e-07 0.019448 0.0020022 0.0007165 0.00045149
7.8463e-07 0.019459 0.0020003 0.00071182 0.00045654
7.551e-07 0.019471 0.0019983 0.00070718 0.0004617
7.4458e-07 0.019483 0.0019963 0.00070251 0.00046678
7.522e-07 0.019494 0.0019943 0.00069789 0.00047199
7.7419e-07 0.019506 0.0019924 0.0006933 0.0004773
8.1075e-07 0.019518 0.0019904 0.00068876 0.00048273
8.62e-07 0.01953 0.0019884 0.00068425 0.00048827
9.3314e-07 0.019541 0.0019865 0.00067979 0.00049393
9.6652e-07 0.019553 0.0019845 0.00067535 0.00049969
9.666e-07 0.019565 0.0019825 0.0006709 0.00050539
9.7926e-07 0.019577 0.0019806 0.00066648 0.00051119
9.5993e-07 0.019589 0.0019786 0.00066209 0.00051694
9.4952e-07 0.019601 0.0019766 0.00065773 0.00052277
9.4891e-07 0.019613 0.0019747 0.00065341 0.00052869
9.571e-07 0.019625 0.0019727 0.0006491 0.0005347
9.7378e-07 0.019637 0.0019708 0.00064483 0.0005408
9.9913e-07 0.019649 0.0019688 0.00064057 0.00054699
1.0305e-06 0.019662 0.0019669 0.00063634 0.00055326
1.0681e-06 0.019674 0.0019649 0.00063214 0.00055961
1.058e-06 0.019686 0.001963 0.00062795 0.00056604
1.0564e-06 0.019698 0.001961 0.00062378 0.00057255
1.0288e-06 0.019711 0.0019591 0.00061961 0.00057904
1.0092e-06 0.019723 0.0019571 0.00061546 0.00058561
9.638e-07 0.019735 0.0019551 0.0006113 0.00059214
8.9232e-07 0.019748 0.0019532 0.00060713 0.00059864
7.9457e-07 0.01976 0.0019512 0.00060294 0.0006051
7.0533e-07 0.019772 0.0019493 0.00059878 0.00061166
5.8942e-07 0.019785 0.0019473 0.00059461 0.00061817
4.7984e-07 0.019797 0.0019453 0.00059043 0.00062477
3.4121e-07 0.019809 0.0019433 0.00058622 0.00063133
2.1206e-07 0.019822 0.0019414 0.00058205 0.00063799
9.1069e-08 0.019834 0.0019394 0.0005779 0.00064477
1.065e-07 0.019847 0.0019374 0.00057373 0.00065147
1.155e-07 0.019859 0.0019355 0.00056954 0.00065809
1.1987e-07 0.019872 0.0019335 0.00056539 0.00066486
1.2011e-07 0.019884 0.0019315 0.00056127 0.00067179
1.1682e-07 0.019897 0.0019296 0.0005572 0.00067888
1.1203e-07 0.01991 0.0019276 0.00055316 0.00068612
1.0335e-07 0.019923 0.0019257 0.00054915 0.00069353
9.0364e-08 0.019936 0.0019238 0.00054518 0.00070112
7.2416e-08 0.019948 0.0019218 0.00054125 0.00070888
1.5848e-07 0.019961 0.0019199 0.0005373 0.00071654
4.1839e-07 0.019974 0.001918 0.00053338 0.00072436
7.2241e-07 0.019987 0.001916 0.00052949 0.00073234
1.0941e-06 0.02 0.0019141 0.00052564 0.00074052
1.5514e-06 0.020013 0.0019121 0.00052182 0.00074888
6.9742e-06 0.020182 0.0018864 0.00047308 0.00086326
5.7034e-06 0.020195 0.0018844 0.0004694 0.00087257
4.6921e-06 0.020208 0.0018824 0.00046576 0.0008821
3.8885e-06 0.020222 0.0018804 0.00046209 0.00089039
3.2509e-06 0.020235 0.0018785 0.00045838 0.00089886
2.4963e-06 0.020248 0.0018765 0.00045465 0.00090722
1.8758e-06 0.020262 0.0018745 0.00045095 0.00091577
1.3638e-06 0.020275 0.0018725 0.00044728 0.00092449
7.7e-07 0.020288 0.0018705 0.00044359 0.00093311
2.7359e-07 0.020302 0.0018685 0.00043993 0.00094192
1.4853e-07 0.020315 0.0018665 0.00043624 0.0009506
3.698e-08 0.020328 0.0018646 0.00043259 0.00095949
2.6468e-08 0.020342 0.0018626 0.00042891 0.00096825
6.8545e-08 0.020355 0.0018605 0.00042527 0.00097689
1.0796e-07 0.020369 0.0018585 0.00042166 0.00098574
1.1834e-07 0.020382 0.0018566 0.00041808 0.0009948
1.2534e-07 0.020396 0.0018546 0.00041454 0.0010041
1.2934e-07 0.020409 0.0018526 0.00041103 0.0010136
1.3053e-07 0.020423 0.0018506 0.00040755 0.0010233
3.1503e-07 0.020437 0.0018486 0.00040404 0.0010327
3.4695e-07 0.02045 0.0018466 0.00040052 0.0010421
3.9537e-07 0.020464 0.0018445 0.00039697 0.0010513
4.5216e-07 0.020478 0.0018425 0.00039345 0.0010607
4.7599e-07 0.020491 0.0018405 0.00038991 0.00107
4.6711e-07 0.020505 0.0018385 0.00038635 0.0010792
4.7682e-07 0.020518 0.0018364 0.00038282 0.0010886
4.5381e-07 0.020532 0.0018344 0.00037927 0.0010978
4.4205e-07 0.020546 0.0018324 0.00037574 0.0011073
4.4086e-07 0.02056 0.0018304 0.00037225 0.0011166
4.5018e-07 0.020573 0.0018283 0.00036879 0.0011261
4.6748e-07 0.020587 0.0018263 0.00036536 0.0011358
4.9346e-07 0.020601 0.0018243 0.00036196 0.0011458
4.8648e-07 0.020615 0.0018223 0.00035853 0.0012141
4.8837e-07 0.020629 0.0018203 0.00035513 0.0012838
4.4926e-07 0.020643 0.0018183 0.00035176 0.0013548
4.2283e-07 0.020657 0.0018163 0.00034836 0.0014273
4.067e-07 0.020671 0.0018143 0.00034499 0.0015013
5.1511e-07 0.020685 0.0018123 0.0003416 0.0015747
4.4508e-07 0.0207 0.0018103 0.00033824 0.0016458
3.8604e-07 0.020714 0.0018083 0.00033491 0.0017184
5.8909e-07 0.020728 0.0018063 0.00033155 0.0017901
7.4879e-07 0.020742 0.0018043 0.00032817 0.0018612
8.6707e-07 0.020756 0.0018022 0.00032477 0.0019315
9.4527e-07 0.020771 0.0018002 0.00032135 0.0020012
9.8053e-07 0.020785 0.0017982 0.00031796 0.0020226
9.7471e-07 0.020799 0.0017962 0.00031454 0.0020437
9.279e-07 0.020814 0.0017941 0.00031111 0.0020645
8.3946e-07 0.020828 0.0017921 0.00030765 0.0020851
7.7107e-07 0.020842 0.0017901 0.00030422 0.0021061
7.2392e-07 0.020856 0.001788 0.00030081 0.0021276
6.9639e-07 0.020871 0.001786 0.00029745 0.0021489
6.8915e-07 0.020885 0.001784 0.00029411 0.0021706
6.9254e-07 0.0209 0.0017819 0.0002908 0.0021926
7.0535e-07 0.020914 0.0017799 0.0002875 0.0022151
7.2743e-07 0.020929 0.0017779 0.00028423 0.002238
7.1916e-07 0.020943 0.0017758 0.00028094 0.0022607
7.2156e-07 0.020958 0.0017738 0.00027763 0.0022832
7.3346e-07 0.020972 0.0017717 0.00027431 0.0023055
7.504e-07 0.020987 0.0017697 0.00027101 0.0023282
7.7183e-07 0.021001 0.0017677 0.00026772 0.0023512
7.977e-07 0.021016 0.0017656 0.00026444 0.0023746
8.2828e-07 0.021031 0.0017636 0.00026119 0.0023982
8.3176e-07 0.021046 0.0017615 0.00025792 0.0024218
8.4231e-07 0.02106 0.0017595 0.00025466 0.0024457
8.575e-07 0.021075 0.0017574 0.00025142 0.0024699
8.8021e-07 0.02109 0.0017554 0.0002482 0.0024945
9.0844e-07 0.021105 0.0017534 0.00024499 0.0025194
9.4281e-07 0.02112 0.0017513 0.0002418 0.0025447
9.5e-07 0.021135 0.0017493 0.0002386 0.0025698
9.3089e-07 0.021149 0.0017472 0.00023538 0.0025949
9.1882e-07 0.021164 0.0017452 0.00023218 0.0026203
9.1326e-07 0.021179 0.0017431 0.00022899 0.0026461
9.1395e-07 0.021194 0.0017411 0.00022582 0.0026722
9.2083e-07 0.02121 0.001739 0.00022266 0.0026987
9.3403e-07 0.021225 0.001737 0.00021952 0.0027255
9.5134e-07 0.02124 0.001735 0.00021638 0.0027527
9.4206e-07 0.021255 0.0017329 0.00021324 0.0027797
9.3972e-07 0.02127 0.0017309 0.00021011 0.0028072
9.4469e-07 0.021285 0.0017288 0.00020699 0.002835
9.5787e-07 0.021301 0.0017268 0.00020389 0.0028632
9.4324e-07 0.021316 0.0017247 0.00020078 0.0028913
9.3818e-07 0.021331 0.0017227 0.00019768 0.0029199
9.44e-07 0.021347 0.0017207 0.0001946 0.0029488
9.6728e-07 0.021362 0.0017186 0.00019154 0.0029784
9.5211e-07 0.021378 0.0017166 0.00018846 0.0030077
1.0855e-06 0.021393 0.0017145 0.00018536 0.0030366
1.2567e-06 0.021408 0.0017125 0.00018229 0.0030663
1.4744e-06 0.021424 0.0017104 0.00017924 0.0030965
1.6418e-06 0.021439 0.0017084 0.00017617 0.0031265
1.8534e-06 0.021455 0.0017063 0.00017312 0.0031571
2.1259e-06 0.021471 0.0017043 0.0001701 0.0031884
2.2689e-06 0.021486 0.0017022 0.00016709 0.0032203
2.4593e-06 0.021502 0.0017002 0.00016411 0.0032528
2.5961e-06 0.021518 0.0016982 0.00016114 0.003286
2.3417e-06 0.021534 0.0016961 0.0001582 0.0033198
2.1348e-06 0.02155 0.0016941 0.00015527 0.0033542
2.6168e-06 0.021566 0.0016921 0.00015233 0.0033883
3.1727e-06 0.021582 0.00169 0.0001494 0.003423
3.6743e-06 0.021597 0.001688 0.00014646 0.0034574
4.2605e-06 0.021613 0.001686 0.00014353 0.0034925
4.9287e-06 0.02163 0.0016839 0.00014061 0.003528
5.7017e-06 0.021646 0.0016819 0.00013771 0.0035641
6.5803e-06 0.021662 0.0016799 0.00013482 0.0036007
6.4771e-06 0.021678 0.0016778 0.00013194 0.0036377
6.3355e-06 0.021694 0.0016758 0.00012905 0.0036747
6.2364e-06 0.02171 0.0016738 0.00012617 0.0037121
6.1777e-06 0.021727 0.0016717 0.0001233 0.0037499
6.083e-06 0.021743 0.0016697 0.00012042 0.0037877
6.0337e-06 0.021759 0.0016677 0.00011755 0.0038259
6.0289e-06 0.021775 0.0016656 0.00011469 0.0038647
6.0685e-06 0.021792 0.0016636 0.00011184 0.003904
6.0701e-06 0.021808 0.0016616 0.00010898 0.0039432
6.1164e-06 0.021825 0.0016595 0.00010614 0.0039828
6.2083e-06 0.021841 0.0016575 0.0001033 0.0040231
6.2617e-06 0.021858 0.0016554 0.00010045 0.0040631
6.2761e-06 0.021874 0.0016534 9.7593e-05 0.0041031
6.338e-06 0.021891 0.0016513 9.4745e-05 0.0041436
6.4504e-06 0.021907 0.0016493 9.1909e-05 0.0041846
6.6187e-06 0.021924 0.0016472 8.9084e-05 0.0042263
6.8536e-06 0.021941 0.0016452 8.6273e-05 0.0042687
7.1755e-06 0.021957 0.0016432 8.3478e-05 0.0043118
6.8104e-06 0.021974 0.0016411 8.07e-05 0.0043559
6.5351e-06 0.021991 0.0016391 7.7938e-05 0.0044008
6.0962e-06 0.022008 0.0016371 7.5158e-05 0.0044452
5.7444e-06 0.022025 0.001635 7.2393e-05 0.0044904
5.4663e-06 0.022041 0.001633 6.9641e-05 0.0045364
5.2525e-06 0.022058 0.0016309 6.6875e-05 0.0045821
4.9869e-06 0.022075 0.0016289 6.7202e-05 0.0046275
4.7754e-06 0.022092 0.0016269 6.7529e-05 0.0046736
4.5302e-06 0.02211 0.0016248 6.7845e-05 0.0047194
4.2424e-06 0.022127 0.0016228 6.8152e-05 0.004765
4.0058e-06 0.022144 0.0016207 6.8458e-05 0.0048113
3.808e-06 0.022161 0.0016187 6.8763e-05 0.0048582
3.5713e-06 0.022178 0.0016166 6.9058e-05 0.004905
3.3691e-06 0.022195 0.0016146 6.9351e-05 0.0049523
3.1297e-06 0.022212 0.0016125 6.9636e-05 0.0049994
2.9269e-06 0.022229 0.0016104 6.9919e-05 0.0050472
2.7566e-06 0.022247 0.0016084 7.02e-05 0.0050956
2.6156e-06 0.022264 0.0016063 7.0479e-05 0.0051447
2.4414e-06 0.022281 0.0016043 7.075e-05 0.0051937
2.2333e-06 0.022298 0.0016022 7.1012e-05 0.0052424
2.0535e-06 0.022316 0.0016001 7.1272e-05 0.0052918
1.8406e-06 0.022333 0.0015981 7.1524e-05 0.0053411
1.6497e-06 0.022351 0.001596 7.1773e-05 0.005391
1.4817e-06 0.022368 0.0015939 7.2022e-05 0.0054416
1.3344e-06 0.022385 0.0015918 7.2269e-05 0.0054929
1.2003e-06 0.022403 0.0015898 7.2513e-05 0.0055449
1.0772e-06 0.02242 0.0015877 7.2756e-05 0.0055974
9.2702e-07 0.022438 0.0015856 7.299e-05 0.0056498
7.8932e-07 0.022456 0.0015835 7.3222e-05 0.005703
6.5893e-07 0.022473 0.0015815 7.3452e-05 0.0057567
5.0259e-07 0.022491 0.0015794 7.3674e-05 0.0058103
3.5211e-07 0.022509 0.0015773 7.3893e-05 0.0058646
4.9952e-07 0.022526 0.0015752 7.4104e-05 0.0059187
6.2073e-07 0.022544 0.0015731 7.4306e-05 0.0059726
7.1593e-07 0.022562 0.001571 7.4499e-05 0.0060264
8.1771e-07 0.022579 0.0015689 7.4691e-05 0.0060808
9.2785e-07 0.022597 0.0015668 7.488e-05 0.006136
1.011e-06 0.022615 0.0015647 7.5062e-05 0.0061911
1.1039e-06 0.022633 0.0015626 7.5241e-05 0.0062468
1.2051e-06 0.022651 0.0015605 7.5418e-05 0.0063032
1.3166e-06 0.022669 0.0015584 7.5594e-05 0.0063604
1.4404e-06 0.022687 0.0015563 7.5767e-05 0.0064182
1.5341e-06 0.022705 0.0015542 7.5939e-05 0.0064769
1.6415e-06 0.022723 0.0015521 7.611e-05 0.0064849
1.7679e-06 0.022741 0.00155 7.6271e-05 0.0064929
1.9154e-06 0.022759 0.0015479 7.6431e-05 0.0065011
2.0823e-06 0.022777 0.0015458 7.6589e-05 0.0065095
2.217e-06 0.022795 0.0015437 7.6738e-05 0.0065178
2.3769e-06 0.022813 0.0015416 7.6885e-05 0.0065263
2.5039e-06 0.022831 0.0015395 7.7024e-05 0.0065347
2.6585e-06 0.02285 0.0015374 7.7161e-05 0.0065434
2.8446e-06 0.022868 0.0015353 7.7297e-05 0.0065523
2.95e-06 0.022886 0.0015331 7.7432e-05 0.0065614
3.0833e-06 0.022905 0.001531 7.7566e-05 0.0065707
3.1807e-06 0.022923 0.0015289 7.769e-05 0.0065799
3.2378e-06 0.022941 0.0015268 7.7805e-05 0.0065891
3.3439e-06 0.02296 0.0015247 7.7919e-05 0.0065984
3.4043e-06 0.022978 0.0015225 7.8023e-05 0.0066077
3.5098e-06 0.022997 0.0015204 7.8127e-05 0.0066172
3.6574e-06 0.023015 0.0015183 7.8231e-05 0.006627
3.7558e-06 0.023033 0.0015161 7.8324e-05 0.0066367
3.8995e-06 0.023052 0.001514 7.8417e-05 0.0066466
4.0949e-06 0.023071 0.0015118 7.851e-05 0.0066569
3.8766e-06 0.023089 0.0015097 7.8593e-05 0.0066669
3.7128e-06 0.023108 0.0015075 7.8675e-05 0.0066773
3.6059e-06 0.023126 0.0015054 7.8747e-05 0.0066875
3.4513e-06 0.023145 0.0015032 7.8808e-05 0.0066975
3.341e-06 0.023164 0.0015011 7.8869e-05 0.0067079
3.1805e-06 0.023182 0.0014989 7.8919e-05 0.0067181
3.0682e-06 0.023201 0.0014968 7.897e-05 0.0067286
2.9113e-06 0.02322 0.0014946 7.9011e-05 0.006739
2.8e-06 0.023238 0.0014924 7.9053e-05 0.0067497
2.7312e-06 0.023257 0.0014903 7.9096e-05 0.0067607
2.6193e-06 0.023276 0.0014881 7.9128e-05 0.0067716
2.5483e-06 0.023295 0.0014859 7.9161e-05 0.0067828
2.5162e-06 0.023314 0.0014837 7.9195e-05 0.0067943
2.4419e-06 0.023333 0.0014816 7.9219e-05 0.0068057
2.4016e-06 0.023352 0.0014794 7.9242e-05 0.0068174
2.3951e-06 0.023371 0.0014772 7.9267e-05 0.0068294
2.4237e-06 0.02339 0.0014751 7.9291e-05 0.0068418
3.513e-06 0.023409 0.0014729 7.9305e-05 0.0068539
3.8362e-06 0.023428 0.0014707 7.9307e-05 0.0068659
4.2217e-06 0.023448 0.0014686 7.9309e-05 0.0068782
4.557e-06 0.023467 0.0014664 7.9301e-05 0.0068903
4.8475e-06 0.023486 0.0014642 7.9284e-05 0.0069024
5.194e-06 0.023505 0.001462 7.9265e-05 0.0069147
5.5938e-06 0.023525 0.0014598 7.9245e-05 0.0069272
5.9487e-06 0.023544 0.0014576 7.9216e-05 0.0069397
6.3684e-06 0.023563 0.0014555 7.9185e-05 0.0069524
6.6814e-06 0.023583 0.0014533 7.9153e-05 0.0069653
7.0585e-06 0.023602 0.0014511 7.9119e-05 0.0069785
7.4966e-06 0.023622 0.0014489 7.9083e-05 0.0069919
8.0119e-06 0.023641 0.0014467 7.9046e-05 0.0070056
8.6126e-06 0.023661 0.0014445 7.9007e-05 0.0070195
9.3089e-06 0.02368 0.0014423 7.8967e-05 0.0070336
1.0113e-05 0.0237 0.0014402 7.8925e-05 0.007048
1.0859e-05 0.02372 0.001438 7.8875e-05 0.0070624
1.1552e-05 0.023739 0.0014358 7.8816e-05 0.0070767
1.2345e-05 0.023759 0.0014336 7.8755e-05 0.0070912
1.3249e-05 0.023779 0.0014314 7.8691e-05 0.0071059
1.4276e-05 0.023799 0.0014292 7.8626e-05 0.0071209
1.5236e-05 0.023819 0.001427 7.8552e-05 0.0071358
1.6134e-05 0.023838 0.0014248 7.8469e-05 0.0071506
1.6973e-05 0.023858 0.0014226 7.8378e-05 0.0071654
1.7955e-05 0.023878 0.0014203 7.8285e-05 0.0071805
1.914e-05 0.023898 0.0014181 7.8191e-05 0.0071958
2.0252e-05 0.023918 0.0014159 7.8088e-05 0.007211
2.1527e-05 0.023938 0.0014137 7.7984e-05 0.0072265
2.3012e-05 0.023958 0.0014115 7.7878e-05 0.0072423
2.4409e-05 0.023978 0.0014093 7.7763e-05 0.007258
2.572e-05 0.023998 0.001407 7.764e-05 0.0072736
2.7225e-05 0.024018 0.0014048 7.7514e-05 0.0072895
2.8976e-05 0.024039 0.0014026 7.7388e-05 0.0073056
3.0974e-05 0.024059 0.0014004 7.726e-05 0.0073221
3.2856e-05 0.024079 0.0013981 7.7122e-05 0.0073384
3.2593e-05 0.024099 0.0013959 7.6984e-05 0.007355
3.2462e-05 0.02412 0.0013937 7.6843e-05 0.0073719
3.246e-05 0.02414 0.0013914 7.6702e-05 0.0073891
3.2585e-05 0.024161 0.0013892 7.6559e-05 0.0074066
3.2647e-05 0.024181 0.001387 7.6407e-05 0.007424
3.2647e-05 0.024201 0.0013847 7.6246e-05 0.0074414
3.2584e-05 0.024222 0.0013825 7.6076e-05 0.0074586
3.2648e-05 0.024242 0.0013803 7.5905e-05 0.0074762
3.265e-05 0.024263 0.001378 7.5726e-05 0.0074936
3.2778e-05 0.024283 0.0013758 7.5544e-05 0.0075114
3.3036e-05 0.024304 0.0013735 7.5361e-05 0.0075012
3.3413e-05 0.024325 0.0013713 7.5176e-05 0.0074913
3.393e-05 0.024345 0.001369 7.4989e-05 0.0074816
3.4578e-05 0.024366 0.0013668 7.48e-05 0.0074721
3.5368e-05 0.024387 0.0013645 7.4609e-05 0.0074628
3.6335e-05 0.024408 0.0013623 7.4415e-05 0.0074536
3.747e-05 0.024429 0.00136 7.422e-05 0.0074447
3.8522e-05 0.02445 0.0013577 7.4015e-05 0.0074357
3.9522e-05 0.024471 0.0013555 7.3803e-05 0.0074267
4.0449e-05 0.024491 0.0013532 7.3581e-05 0.0074176
4.1547e-05 0.024512 0.0013509 7.3358e-05 0.0074087
4.2832e-05 0.024533 0.0013487 7.3132e-05 0.0074
4.188e-05 0.024554 0.0013464 7.2904e-05 0.0073914
4.1091e-05 0.024575 0.0013441 7.2674e-05 0.0073831
4.0453e-05 0.024597 0.0013419 7.2441e-05 0.007375
3.974e-05 0.024618 0.0013396 7.22e-05 0.0073668
3.8951e-05 0.024639 0.0013373 7.195e-05 0.0073585
3.8328e-05 0.02466 0.001335 7.1699e-05 0.0073504
3.7861e-05 0.024681 0.0013327 7.1445e-05 0.0073426
3.754e-05 0.024703 0.0013305 7.119e-05 0.0073349
3.7157e-05 0.024724 0.0013282 7.0927e-05 0.0073272
3.6712e-05 0.024745 0.0013259 7.0655e-05 0.0073195
3.6395e-05 0.024767 0.0013236 7.038e-05 0.0073119
3.6217e-05 0.024788 0.0013213 7.0104e-05 0.0073046
3.6159e-05 0.024809 0.001319 6.9826e-05 0.0072974
3.6036e-05 0.024831 0.0013167 6.9539e-05 0.0072901
3.5848e-05 0.024852 0.0013144 6.9243e-05 0.0072828
3.5795e-05 0.024874 0.0013121 6.8946e-05 0.0072757
3.5876e-05 0.024895 0.0013098 6.8646e-05 0.0072688
3.5898e-05 0.024917 0.0013074 6.8339e-05 0.0072619
3.5858e-05 0.024939 0.0013051 6.8022e-05 0.0072549
3.5756e-05 0.02496 0.0013028 6.7697e-05 0.0072478
3.5792e-05 0.024982 0.0013005 6.737e-05 0.0072409
3.5766e-05 0.025003 0.0012981 6.7035e-05 0.007234
3.5862e-05 0.025025 0.0012958 6.6697e-05 0.0072273
3.6099e-05 0.025047 0.0012935 6.6358e-05 0.0072207
4.2619e-05 0.025069 0.0012911 6.601e-05 0.0072142
5.0087e-05 0.02509 0.0012888 6.5661e-05 0.0072078
5.7213e-05 0.025112 0.0012865 6.5302e-05 0.0072013
6.5279e-05 0.025134 0.0012841 6.4942e-05 0.007195
7.4536e-05 0.025156 0.0012818 6.458e-05 0.007189
8.3358e-05 0.025178 0.0012794 6.4209e-05 0.0071828
9.1816e-05 0.0252 0.0012771 6.3829e-05 0.0071767
0.00010139 0.025222 0.0012747 6.3447e-05 0.0071706
0.00011058 0.025244 0.0012723 6.3056e-05 0.0071646
0.00012098 0.025266 0.00127 6.2664e-05 0.0071587
0.0001309 0.025288 0.0012676 6.2262e-05 0.0071527
0.00014038 0.02531 0.0012652 6.1851e-05 0.0071467
0.00014942 0.025332 0.0012628 6.1431e-05 0.0071406
0.00015967 0.025354 0.0012604 6.101e-05 0.0071347
0.00016949 0.025376 0.0012581 6.0579e-05 0.0071287
0.00017094 0.025398 0.0012557 6.0146e-05 0.007123
0.00017224 0.02542 0.0012533 5.9705e-05 0.0071171
0.00017391 0.025442 0.0012509 5.9262e-05 0.0071115
0.00017605 0.025465 0.0012485 5.8809e-05 0.0071057
0.00017797 0.025487 0.0012461 5.8346e-05 0.0070999
0.00017969 0.025509 0.0012437 5.7874e-05 0.007094
0.00018192 0.025531 0.0012412 5.7402e-05 0.0070482
0.0001839 0.025554 0.0012388 5.6919e-05 0.0070022
0.00018561 0.025576 0.0012364 5.6426e-05 0.0069558
0.00018388 0.025598 0.001234 5.5933e-05 0.0069103
0.00018185 0.025621 0.0012316 5.543e-05 0.0068645
0.00018035 0.025643 0.0012291 5.4927e-05 0.0068195
0.00017859 0.025666 0.0012267 5.4413e-05 0.0067742
0.00017731 0.025688 0.0012243 5.39e-05 0.0067296
0.00017649 0.025711 0.0012219 5.3386e-05 0.0066859
0.00017607 0.025734 0.0012194 5.2872e-05 0.0066429
0.00017543 0.025756 0.001217 5.2347e-05 0.0065995
0.00017521 0.025779 0.0012146 5.1823e-05 0.006557
0.00017133 0.025802 0.0012122 5.1299e-05 0.0065153
0.00016709 0.025825 0.0012097 5.0765e-05 0.0064733
0.00016358 0.025848 0.0012073 5.023e-05 0.006432
0.00016075 0.025871 0.0012049 4.9696e-05 0.0063915
0.00014829 0.025894 0.0012024 4.9162e-05 0.0063519
0.00013756 0.025917 0.0012 4.8628e-05 0.0063129
0.00012572 0.02594 0.0011976 4.8094e-05 0.0062746
0.0001154 0.025963 0.0011952 4.7558e-05 0.0062369
0.00010646 0.025986 0.0011927 4.7021e-05 0.0061997
9.8591e-05 0.02601 0.0011903 4.6481e-05 0.0061631
9.0333e-05 0.026033 0.0011879 4.5933e-05 0.0061263
8.3039e-05 0.026056 0.0011855 4.5382e-05 0.00609
7.6594e-05 0.02608 0.001183 4.4829e-05 0.0060542
7.09e-05 0.026103 0.0011806 4.4273e-05 0.0060188
6.5873e-05 0.026127 0.0011782 4.3715e-05 0.0059839
6.0591e-05 0.02615 0.0011757 4.3148e-05 0.0059489
5.5039e-05 0.026174 0.0011733 4.2572e-05 0.0059137
5.0214e-05 0.026198 0.0011709 4.1994e-05 0.005879
4.5969e-05 0.026221 0.0011684 4.1414e-05 0.0058447
4.2303e-05 0.026245 0.001166 4.0831e-05 0.005811
3.9163e-05 0.026269 0.0011635 4.0248e-05 0.0057778
3.6515e-05 0.026293 0.0011611 3.9663e-05 0.0057452
3.3578e-05 0.026317 0.0011586 3.9068e-05 0.0057123
3.0318e-05 0.02634 0.0011562 3.8462e-05 0.0056791
2.7638e-05 0.026364 0.0011537 3.7856e-05 0.0056466
2.5453e-05 0.026388 0.0011513 3.725e-05 0.0056147
2.3e-05 0.026412 0.0011488 3.6633e-05 0.0055824
2.1142e-05 0.026436 0.0011463 3.6004e-05 0.0055499
1.9676e-05 0.02646 0.0011439 3.5377e-05 0.0055181
1.8501e-05 0.026484 0.0011414 3.4749e-05 0.0054869
1.7133e-05 0.026508 0.0011389 3.411e-05 0.0054553
1.607e-05 0.026533 0.0011364 3.3472e-05 0.0054245
1.5264e-05 0.026557 0.001134 3.2835e-05 0.0053944
1.362e-05 0.026581 0.0011315 3.2186e-05 0.0053639
1.3761e-05 0.026605 0.001129 3.1527e-05 0.0053331
1.3234e-05 0.02663 0.0011265 3.0855e-05 0.005302
1.255e-05 0.026654 0.001124 3.0172e-05 0.0052705
1.2031e-05 0.026678 0.0011215 2.9489e-05 0.0052397
1.1647e-05 0.026702 0.001119 2.8806e-05 0.0052094
1.1377e-05 0.026727 0.0011165 2.8122e-05 0.0051797
1.1031e-05 0.026751 0.001114 2.7428e-05 0.0051498
1.0607e-05 0.026776 0.0011115 2.6723e-05 0.0051196
1.0282e-05 0.0268 0.0011089 2.6018e-05 0.00509
9.8805e-06 0.026824 0.0011064 2.5301e-05 0.0050601
9.5754e-06 0.026849 0.0011039 2.4584e-05 0.0050307
9.3683e-06 0.026874 0.0011014 2.3865e-05 0.0050018
9.0876e-06 0.026898 0.0010988 2.3136e-05 0.0049727
8.9055e-06 0.026923 0.0010963 2.2406e-05 0.0049441
8.8172e-06 0.026948 0.0010938 2.1676e-05 0.0049161
8.6612e-06 0.026972 0.0010912 2.0935e-05 0.0048879
8.5912e-06 0.026997 0.0010887 2.0194e-05 0.0048601
7.5963e-06 0.027022 0.0010862 1.9452e-05 0.004833
6.8026e-06 0.027047 0.0010836 1.8711e-05 0.0048065
5.7392e-06 0.027072 0.0010811 1.797e-05 0.0047806
4.896e-06 0.027097 0.0010786 1.7229e-05 0.0047554
3.9134e-06 0.027122 0.001076 1.6477e-05 0.0047297
3.1289e-06 0.027147 0.0010735 1.5726e-05 0.0047047
2.4861e-06 0.027173 0.001071 1.4973e-05 0.0046802
1.9744e-06 0.027198 0.0010684 1.4209e-05 0.0046554
1.5527e-06 0.027223 0.0010659 1.3445e-05 0.0046312
1.2126e-06 0.027249 0.0010634 1.268e-05 0.0046075
9.3709e-07 0.027274 0.0010608 1.1916e-05 0.0045843
7.1231e-07 0.0273 0.0010583 1.1151e-05 0.0045617
8.3147e-07 0.027325 0.0010558 1.0375e-05 0.0045387
9.8169e-07 0.027303 0.0010532 9.5994e-06 0.0045164
1.0862e-06 0.027281 0.0010507 8.8121e-06 0.0044937
1.2244e-06 0.027259 0.0010482 8.0246e-06 0.0044716
1.3968e-06 0.027237 0.0010456 7.2361e-06 0.0044499
1.5189e-06 0.027215 0.0010431 6.4364e-06 0.004428
1.5954e-06 0.027193 0.0010405 5.6261e-06 0.0044058
1.6275e-06 0.027171 0.001038 4.805e-06 0.0043834
1.6915e-06 0.027149 0.0010354 3.983e-06 0.0043614
1.8127e-06 0.027128 0.0010328 3.9679e-06 0.0043393
1.8823e-06 0.027106 0.0010303 3.9437e-06 0.0043168
1.9015e-06 0.027084 0.0010277 3.9105e-06 0.0042941
1.8705e-06 0.027062 0.0010251 4.5767e-06 0.0042711
1.8741e-06 0.02704 0.0010225 5.2407e-06 0.0042485
1.9184e-06 0.027018 0.0010199 5.9031e-06 0.0042265
1.9993e-06 0.026997 0.0010173 6.5635e-06 0.004205
2.0328e-06 0.026975 0.0010147 7.2136e-06 0.0041832
2.1105e-06 0.026953 0.0010122 7.8622e-06 0.0041619
2.2299e-06 0.026932 0.0010096 8.5088e-06 0.0041411
2.2985e-06 0.02691 0.001007 9.145e-06 0.00412
2.4102e-06 0.026889 0.0010044 9.7793e-06 0.0040994
2.4666e-06 0.026867 0.0010018 1.4156e-05 0.0040785
2.4685e-06 0.026846 0.00099915 1.8509e-05 0.0040574
2.52e-06 0.026824 0.00099654 2.2895e-05 0.0040368
2.6164e-06 0.026803 0.00099393 2.7309e-05 0.0040166
2.7623e-06 0.026782 0.00099131 3.1699e-05 0.0039961
2.9637e-06 0.02676 0.00098869 3.6119e-05 0.0039761
2.8413e-06 0.026739 0.00098608 4.0572e-05 0.0039566
2.7694e-06 0.026718 0.00098347 4.5054e-05 0.0039374
2.6435e-06 0.026697 0.00098084 4.9515e-05 0.0039181
2.5667e-06 0.026676 0.00097822 5.4007e-05 0.0038992
2.4528e-06 0.026655 0.00097559 5.8476e-05 0.00388
2.3846e-06 0.026634 0.00097296 6.2975e-05 0.0038613
2.2601e-06 0.026613 0.00097033 6.745e-05 0.0038424
2.0626e-06 0.026592 0.00096768 7.1901e-05 0.0038231
2.447e-06 0.026571 0.00096503 7.6385e-05 0.0038044
2.4181e-06 0.02655 0.00096239 8.09e-05 0.003786
2.4415e-06 0.026529 0.00095975 8.5447e-05 0.0037681
2.5085e-06 0.026508 0.00095711 9.0025e-05 0.0037505
2.5199e-06 0.026487 0.00095446 9.458e-05 0.0037328
2.5754e-06 0.026467 0.00095181 9.9168e-05 0.0037154
2.5795e-06 0.026446 0.00094915 0.00010373 0.0036978
2.6283e-06 0.026425 0.0009465 0.00010833 0.0036806
2.6208e-06 0.026405 0.00094383 0.00011296 0.0036639
2.5568e-06 0.026384 0.00094117 0.00011763 0.0036475
2.5446e-06 0.026363 0.00093851 0.00012234 0.0036316
2.5854e-06 0.026343 0.00093585 0.00012708 0.003616
2.6715e-06 0.026323 0.0009332 0.00013186 0.0036008
2.7058e-06 0.026302 0.00093053 0.00013661 0.0035854
2.7862e-06 0.026282 0.00092787 0.0001414 0.0035704
2.8144e-06 0.026262 0.00092519 0.00014616 0.0035551
2.9046e-06 0.026241 0.00092252 0.00015096 0.0035403
2.9365e-06 0.026221 0.00091984 0.00015573 0.0035252
2.9151e-06 0.026201 0.00091716 0.00016048 0.0035099
2.942e-06 0.026181 0.00091448 0.00016526 0.003495
2.9106e-06 0.026161 0.0009118 0.00017002 0.0034798
2.9395e-06 0.02614 0.0009091 0.00017475 0.0034645
3.0267e-06 0.02612 0.0009064 0.00017952 0.0034495
3.0544e-06 0.0261 0.0009037 0.00018426 0.0034344
3.0278e-06 0.02608 0.00090098 0.00018898 0.003419
3.0511e-06 0.02606 0.00089827 0.00019374 0.003404
3.1427e-06 0.02604 0.00089555 0.00019853 0.0033894
3.2982e-06 0.02602 0.00089283 0.00020336 0.0033751
3.0296e-06 0.026 0.00089011 0.00020442 0.0033612
3.4781e-06 0.02598 0.00088739 0.00020546 0.0033471
4.0336e-06 0.02596 0.00088468 0.00020652 0.0033334
4.0407e-06 0.025941 0.00088197 0.00020758 0.0033201
4.1194e-06 0.025921 0.00087925 0.00020863 0.0033066
4.2716e-06 0.025902 0.00087655 0.00020969 0.0032934
4.4943e-06 0.025882 0.00087384 0.00021076 0.0032805
4.8079e-06 0.025863 0.00087113 0.00021184 0.0032679
5.228e-06 0.025843 0.00086843 0.00021293 0.0032557
5.7758e-06 0.025824 0.00086573 0.00021403 0.0032438
6.5751e-06 0.025805 0.00086302 0.00021512 0.0032317
6.6374e-06 0.025786 0.00086031 0.00021622 0.0032199
6.0178e-06 0.025766 0.0008576 0.00021733 0.0032085
5.3043e-06 0.025747 0.00085488 0.00021842 0.0031968
4.7153e-06 0.025728 0.00085216 0.00021953 0.0031855
4.2154e-06 0.025709 0.00084945 0.00022064 0.0031743
3.7899e-06 0.02569 0.00084673 0.00022176 0.0031634
3.3039e-06 0.025671 0.00084401 0.00022286 0.0031524
2.8862e-06 0.025652 0.00084128 0.00022397 0.0031415
2.5257e-06 0.025633 0.00083855 0.00022507 0.0031306
2.2111e-06 0.025614 0.00083581 0.00022618 0.0031199
1.9402e-06 0.025596 0.00083308 0.00022729 0.0031094
1.706e-06 0.025577 0.00083035 0.00022841 0.003099
1.503e-06 0.025558 0.00082761 0.00022954 0.0030889
1.2638e-06 0.025539 0.00082487 0.00023065 0.0030787
1.0529e-06 0.025521 0.00082212 0.00023177 0.0030687
8.0628e-07 0.025502 0.00081937 0.00023288 0.0030586
9.9183e-07 0.025483 0.00081661 0.00023398 0.0030484
1.142e-06 0.025465 0.00081385 0.00023507 0.0030382
1.2565e-06 0.025446 0.00081107 0.00023615 0.0030278
1.3923e-06 0.025428 0.0008083 0.00023723 0.0030177
1.4883e-06 0.025409 0.00080552 0.0002383 0.0030074
1.6166e-06 0.02539 0.00080273 0.00023938 0.0029974
1.8045e-06 0.025372 0.00079994 0.00024045 0.0029873
1.9385e-06 0.025353 0.00079714 0.0002415 0.002977
2.0203e-06 0.025335 0.00079433 0.00024253 0.0029665
2.1426e-06 0.025316 0.00079152 0.00024358 0.0029279
2.3182e-06 0.025298 0.00078871 0.00024463 0.00289
2.2141e-06 0.025279 0.00078589 0.00024567 0.0028518
2.1589e-06 0.025261 0.00078308 0.00024673 0.0028144
2.1501e-06 0.025242 0.00078025 0.00024776 0.0027766
2.0816e-06 0.025224 0.00077742 0.00024879 0.0027384
2.051e-06 0.025206 0.00077458 0.00024982 0.0027009
1.9694e-06 0.025187 0.00077174 0.00025084 0.002663
1.924e-06 0.025169 0.00076889 0.00025186 0.0026259
1.9192e-06 0.025151 0.00076605 0.0002529 0.0025895
1.9538e-06 0.025132 0.00076321 0.00025396 0.0025539
2.0296e-06 0.025114 0.00076037 0.00025502 0.0025191
2.0592e-06 0.025096 0.00075753 0.00025607 0.0024839
2.1314e-06 0.025078 0.00075468 0.00025713 0.0024494
2.2433e-06 0.02506 0.00075184 0.0002582 0.0024156
2.3062e-06 0.025042 0.00074898 0.00025926 0.0023815
2.4195e-06 0.025024 0.00074613 0.00026033 0.0023481
2.481e-06 0.025006 0.00074327 0.00026139 0.0023144
2.4917e-06 0.024988 0.00074039 0.00026243 0.0022804
3.0047e-06 0.02497 0.00073752 0.00026348 0.0022471
3.4298e-06 0.024953 0.00073464 0.00026452 0.0022134
3.9862e-06 0.024935 0.00073176 0.00026557 0.0021804
4.4472e-06 0.024917 0.00072888 0.0002666 0.0021783
5.04e-06 0.024899 0.00072599 0.00026765 0.0021764
5.8139e-06 0.024881 0.0007231 0.0002687 0.0021747
6.7929e-06 0.024864 0.00072022 0.00026975 0.0021599
8.0153e-06 0.024846 0.00071734 0.0002708 0.0021077
9.1077e-06 0.024829 0.00071445 0.00027184 0.002055
1.0103e-05 0.024811 0.00071155 0.00027287 0.0020021
1.1257e-05 0.024793 0.00070865 0.00027391 0.0019499
1.2329e-05 0.024776 0.00070574 0.00027493 0.0018975
1.3581e-05 0.024758 0.00070283 0.00027596 0.0018459
1.5017e-05 0.024741 0.00069992 0.000277 0.001795
1.6688e-05 0.024724 0.00069701 0.00027805 0.0017449
1.8245e-05 0.024706 0.00069409 0.00027909 0.0016945
2.0059e-05 0.024689 0.00069117 0.00028013 0.0016449
2.0057e-05 0.024672 0.00068825 0.00028118 0.0015959
1.9989e-05 0.024654 0.00068532 0.00028222 0.0015467
2.0032e-05 0.024637 0.00068239 0.00028327 0.0014982
2.0174e-05 0.02462 0.00067946 0.00028432 0.0014505
2.0245e-05 0.024603 0.00067653 0.00028536 0.0014024
2.0426e-05 0.024586 0.00067359 0.00028641 0.001355
2.073e-05 0.024569 0.00067065 0.00028747 0.0013085
2.1192e-05 0.024551 0.0006677 0.00028854 0.0012627
2.1811e-05 0.024534 0.00066475 0.00028962 0.0012177
2.2201e-05 0.024517 0.0006618 0.00029071 0.0011735
2.2751e-05 0.024501 0.00065885 0.00029181 0.0011301
2.3196e-05 0.024484 0.0006559 0.0002929 0.0010863
2.3837e-05 0.024467 0.00065294 0.000294 0.0010434
2.4362e-05 0.02445 0.00064998 0.00029508 0.0010382
2.5075e-05 0.024433 0.00064701 0.00029618 0.0010332
2.5665e-05 0.024416 0.00064404 0.00029726 0.001028
2.6468e-05 0.0244 0.00064106 0.00029835 0.001023
2.7482e-05 0.024383 0.00063809 0.00029946 0.0010181
2.8764e-05 0.024366 0.00063511 0.00030058 0.0010133
2.8503e-05 0.02435 0.00063214 0.00030171 0.0010086
2.8146e-05 0.024333 0.00062916 0.00030282 0.0010039
2.7941e-05 0.024317 0.00062618 0.00030395 0.00099928
2.7654e-05 0.0243 0.00062319 0.00030506 0.0009946
2.7285e-05 0.024284 0.00062019 0.00030616 0.00098987
2.7044e-05 0.024267 0.00061719 0.00030727 0.00098523
2.6723e-05 0.024251 0.00061418 0.00030837 0.00098053
2.632e-05 0.024234 0.00061117 0.00030945 0.00097578
2.6063e-05 0.024218 0.00060815 0.00031055 0.00097113
2.5951e-05 0.024201 0.00060513 0.00031165 0.00096659
2.5754e-05 0.024185 0.00060211 0.00031275 0.00096198
2.5458e-05 0.024169 0.00059907 0.00031383 0.00095732
2.5346e-05 0.024152 0.00059604 0.00031492 0.00095278
2.511e-05 0.024136 0.000593 0.00031599 0.00094815
2.5063e-05 0.02412 0.00058996 0.00031708 0.00094366
2.5201e-05 0.024103 0.00058691 0.00031816 0.0009393
2.553e-05 0.024087 0.00058387 0.00031925 0.00093507
2.6085e-05 0.024071 0.00058083 0.00032035 0.00093096
2.6847e-05 0.024055 0.0005778 0.00032147 0.00092697
2.7874e-05 0.024039 0.00057476 0.0003226 0.0009231
2.7605e-05 0.024023 0.00057172 0.00032374 0.00091935
2.7199e-05 0.024007 0.00056867 0.00032487 0.00091551
2.6667e-05 0.023992 0.00056561 0.00032598 0.0009116
2.6371e-05 0.023976 0.00056256 0.00032711 0.00090781
2.445e-05 0.02396 0.0005595 0.00032825 0.00090413
2.2933e-05 0.023944 0.00055644 0.0003294 0.00090056
2.1713e-05 0.023929 0.00055339 0.00033057 0.0008971
2.0307e-05 0.023913 0.00055032 0.00033172 0.00089356
1.9199e-05 0.023897 0.00054726 0.00033288 0.00089014
1.8322e-05 0.023882 0.00054419 0.00033406 0.00088682
1.7334e-05 0.023866 0.00054112 0.00033523 0.00088344
1.6524e-05 0.023851 0.00053804 0.0003364 0.00088015
1.5601e-05 0.023835 0.00053496 0.00033756 0.0008768
1.4859e-05 0.02382 0.00053188 0.00033873 0.00087354
1.4273e-05 0.023804 0.00052879 0.00033992 0.00087037
1.3459e-05 0.023789 0.00052571 0.00034112 0.0008673
1.2544e-05 0.023774 0.00052261 0.0003423 0.00086417
1.1792e-05 0.023758 0.00051952 0.00034349 0.00086113
1.118e-05 0.023743 0.00051642 0.0003447 0.00085818
1.0688e-05 0.023728 0.00051333 0.00034592 0.0008553
1.0304e-05 0.023713 0.00051023 0.00034714 0.00085251
1.1618e-05 0.023698 0.00050712 0.00034836 0.00084967
1.2829e-05 0.023682 0.00050401 0.00034956 0.00084678
1.4244e-05 0.023667 0.0005009 0.00035077 0.00084397
1.4277e-05 0.023652 0.00049778 0.000352 0.00084123
1.424e-05 0.023637 0.00049466 0.00035321 0.00083845
1.4306e-05 0.023622 0.00049153 0.00035443 0.00083574
1.4298e-05 0.023607 0.0004884 0.00035563 0.00083298
1.4414e-05 0.023592 0.00048525 0.00035683 0.00083017
1.444e-05 0.023577 0.0004821 0.00035801 0.00082729
1.46e-05 0.023562 0.00047895 0.0003592 0.00082451
1.458e-05 0.023547 0.00047579 0.00036037 0.00082165
1.4789e-05 0.023532 0.00047262 0.00036153 0.00081872
1.5176e-05 0.023517 0.00046945 0.00036271 0.0008159
1.5449e-05 0.023503 0.00046628 0.0003639 0.00081319
1.562e-05 0.023488 0.0004631 0.00036507 0.00081041
1.5691e-05 0.023473 0.00045991 0.00036623 0.00080757
1.592e-05 0.023458 0.00045671 0.00036741 0.00080483
1.6044e-05 0.023443 0.00045351 0.0003686 0.00080219
1.6058e-05 0.023428 0.0004503 0.00036977 0.00079947
1.4979e-05 0.023413 0.00044709 0.00037096 0.00079686
1.409e-05 0.023399 0.00044388 0.00037216 0.00079433
1.3352e-05 0.023384 0.00044067 0.00037337 0.00079186
1.2524e-05 0.023369 0.00043745 0.00037457 0.00078935
1.1841e-05 0.023354 0.00043423 0.00037577 0.00078692
1.127e-05 0.02334 0.00043101 0.00037699 0.00078454
1.0625e-05 0.023325 0.00042778 0.0003782 0.00078212
1.0084e-05 0.023311 0.00042454 0.00037941 0.00077977
9.4724e-06 0.023296 0.0004213 0.00038062 0.00077737
8.9699e-06 0.023282 0.00041806 0.00038183 0.00077504
8.4115e-06 0.023267 0.00041481 0.00038303 0.00077268
7.934e-06 0.023252 0.00041156 0.00038425 0.00077037
7.4016e-06 0.023238 0.0004083 0.00038545 0.00076802
6.9523e-06 0.023224 0.00040503 0.00038666 0.00076574
6.4549e-06 0.023209 0.00040176 0.00038787 0.00076342
6.0229e-06 0.023195 0.00039849 0.0003891 0.00076115
5.6486e-06 0.02318 0.00039522 0.00039033 0.00075894
5.3259e-06 0.023166 0.00039194 0.00039157 0.00075678
4.9608e-06 0.023152 0.00038865 0.0003928 0.00075458
4.6438e-06 0.023137 0.00038536 0.00039403 0.00075243
4.2884e-06 0.023123 0.00038207 0.00039526 0.00075025
3.9846e-06 0.023109 0.00037877 0.0003965 0.00074813
3.7274e-06 0.023095 0.00037547 0.00039774 0.00074607
3.52e-06 0.023081 0.00037966 0.00039898 0.00074397
3.3441e-06 0.023066 0.00038384 0.00040022 0.00074193
3.133e-06 0.023052 0.00038802 0.00040145 0.00073985
2.8864e-06 0.023038 0.00039219 0.00040268 0.00073774
2.6041e-06 0.023024 0.00039635 0.00040389 0.0007356
2.288e-06 0.02301 0.0004005 0.00040509 0.00073343
1.9376e-06 0.022996 0.00040465 0.00040629 0.00073123
1.62e-06 0.022981 0.0004088 0.00040749 0.00072909
1.269e-06 0.022967 0.00041294 0.00040868 0.00072691
9.4784e-07 0.022953 0.00041708 0.00040988 0.00072478
6.5248e-07 0.022939 0.00042122 0.00041109 0.0007227
3.2435e-07 0.022925 0.00042535 0.00041229 0.00072059
3.5382e-07 0.022911 0.00042947 0.00041347 0.00071844
3.5776e-07 0.022897 0.0004336 0.00041467 0.00071636
3.5885e-07 0.022883 0.00043772 0.00041588 0.00071433
3.5869e-07 0.022869 0.00044184 0.0004171 0.00071236
3.5723e-07 0.022855 0.00044596 0.00041832 0.00071045
3.5453e-07 0.022842 0.00045008 0.00041956 0.0007086
4.1411e-07 0.022828 0.00045421 0.00042081 0.0007068
4.4846e-07 0.022814 0.00045832 0.00042205 0.00070497
4.8289e-07 0.0228 0.00046243 0.00042329 0.00070319
5.1587e-07 0.022787 0.00046654 0.00042455 0.00070146
5.2417e-07 0.022773 0.00047065 0.00042579 0.0006997
5.0864e-07 0.022759 0.00047475 0.00042703 0.0006979
4.9147e-07 0.022746 0.00047884 0.00042827 0.00069616
4.5051e-07 0.022732 0.00048293 0.0004295 0.00069438
3.8561e-07 0.022718 0.00048702 0.00043072 0.00069258
3.2162e-07 0.022705 0.0004911 0.00043196 0.00069082
2.3308e-07 0.022691 0.00049517 0.00043318 0.00068903
1.4203e-07 0.022678 0.00049925 0.00043441 0.00068729
2.2355e-07 0.022664 0.00050332 0.00043564 0.00068559
2.8222e-07 0.022651 0.00050739 0.00043687 0.00068386
3.3639e-07 0.022637 0.00051145 0.00043811 0.00068218
3.6776e-07 0.022624 0.00051551 0.00043934 0.00068047
3.9653e-07 0.02261 0.00051957 0.00044057 0.00067881
4.2152e-07 0.022597 0.00052363 0.00044181 0.00067719
4.431e-07 0.022584 0.00052768 0.00044307 0.00067562
4.6325e-07 0.02257 0.00053174 0.00044433 0.00067409
4.5959e-07 0.022557 0.00053578 0.00044558 0.00067253
4.5292e-07 0.022544 0.00053983 0.00044683 0.00067102
4.2312e-07 0.02253 0.00054387 0.00044808 0.00066947
3.9178e-07 0.022517 0.00054791 0.00044934 0.00066798
3.5835e-07 0.022504 0.00055195 0.00045061 0.00066653
3.2225e-07 0.022491 0.00055599 0.00045189 0.00066513
2.8285e-07 0.022478 0.00056002 0.00045317 0.00066378
2.3945e-07 0.022465 0.00056406 0.00045447 0.00066247
1.737e-07 0.022452 0.00056809 0.00045575 0.00066114
1.0193e-07 0.022439 0.00057212 0.00045705 0.00065984
1.8205e-07 0.022426 0.00057614 0.00045833 0.00065852
2.5702e-07 0.022413 0.00058016 0.00045962 0.00065724
3.0936e-07 0.0224 0.00058418 0.00046091 0.00065593
3.572e-07 0.022387 0.00058819 0.0004622 0.00065467
3.8227e-07 0.022374 0.0005922 0.00046348 0.00065337
3.8461e-07 0.022361 0.0005962 0.00046475 0.00065205
3.8258e-07 0.022348 0.0006002 0.00046604 0.00065077
3.7772e-07 0.022335 0.0006042 0.00046733 0.00064954
3.6839e-07 0.022322 0.0006082 0.00046862 0.00064834
3.5598e-07 0.022309 0.00061219 0.00046993 0.00064719
3.3879e-07 0.022297 0.00061619 0.00047125 0.00064609
3.1803e-07 0.022284 0.00062019 0.00047258 0.00064502
2.9191e-07 0.022271 0.00062418 0.00047391 0.00064399
2.6146e-07 0.022259 0.00062818 0.00047525 0.00064301
2.2614e-07 0.022246 0.00063217 0.00047661 0.00064208
1.8408e-07 0.022234 0.00063616 0.00047797 0.00064118
3.8629e-07 0.022221 0.00064015 0.00047932 0.00064026
5.9837e-07 0.022208 0.00064414 0.00048069 0.00063937
7.82e-07 0.022196 0.00064812 0.00048204 0.00063846
9.3747e-07 0.022183 0.00065209 0.00048338 0.00063751
1.1037e-06 0.022171 0.00065606 0.00048473 0.00063661
1.2829e-06 0.022159 0.00066003 0.00048609 0.00063575
1.4341e-06 0.022146 0.000664 0.00048744 0.00063486
1.5574e-06 0.022134 0.00066796 0.00048878 0.00063394
1.6984e-06 0.022121 0.00067191 0.00049013 0.00063307
1.8095e-06 0.022109 0.00067587 0.00049147 0.00063216
1.9361e-06 0.022097 0.00067982 0.00049282 0.0006313
2.0325e-06 0.022084 0.00068376 0.00049416 0.00063041
2.1492e-06 0.022072 0.0006877 0.00049551 0.00062956
2.2883e-06 0.02206 0.00069165 0.00049687 0.00062876
2.4522e-06 0.022047 0.00069559 0.00049824 0.000628
2.6438e-06 0.022035 0.00069953 0.00049963 0.00062728
2.8615e-06 0.022023 0.00070347 0.00050101 0.0006266
3.1142e-06 0.022011 0.00070741 0.00050239 0.00062589
3.4064e-06 0.021999 0.00071134 0.00050378 0.00062523
3.7435e-06 0.021987 0.00071528 0.00050519 0.00062461
4.1324e-06 0.021975 0.00071921 0.0005066 0.00062403
4.4794e-06 0.021963 0.00072315 0.00050802 0.0006235
4.8821e-06 0.021951 0.00072708 0.00050945 0.00062301
5.3394e-06 0.021939 0.00073102 0.0005109 0.00062256
5.7522e-06 0.021927 0.00073495 0.00051233 0.00062207
6.1242e-06 0.021915 0.00073887 0.00051375 0.00062157
6.5622e-06 0.021903 0.00074279 0.00051519 0.00062111
6.957e-06 0.021891 0.0007467 0.00051661 0.00062061
7.4262e-06 0.021879 0.00075062 0.00051805 0.00062017
7.8462e-06 0.021868 0.00075453 0.00051947 0.00061966
8.2164e-06 0.021856 0.00075843 0.00052089 0.00061912
8.6585e-06 0.021844 0.00076233 0.00052231 0.00061863
9.1898e-06 0.021832 0.00076623 0.00052375 0.00061818
9.8175e-06 0.02182 0.00077013 0.0005252 0.00061778
1.0552e-05 0.021809 0.00077404 0.00052666 0.00061742
1.1226e-05 0.021797 0.00077793 0.00052811 0.00061703
1.2015e-05 0.021785 0.00078183 0.00052958 0.00061669
1.2932e-05 0.021774 0.00078572 0.00053105 0.00061639
1.3994e-05 0.021762 0.00078962 0.00053254 0.00061614
1.499e-05 0.021751 0.00079351 0.00053402 0.00061586
1.6144e-05 0.021739 0.0007974 0.0005355 0.00061562
1.7477e-05 0.021728 0.00080129 0.000537 0.00061543
1.9013e-05 0.021716 0.00080518 0.00053851 0.00061528
2.0781e-05 0.021705 0.00080907 0.00054004 0.00061517
2.2789e-05 0.021694 0.00081295 0.00054155 0.00061504
2.5064e-05 0.021682 0.00081684 0.00054308 0.00061494
2.7644e-05 0.021671 0.00082072 0.00054461 0.00061489
3.0085e-05 0.02166 0.0008246 0.00054613 0.0006148
3.2394e-05 0.021648 0.00082847 0.00054765 0.00061468
3.5053e-05 0.021637 0.00083234 0.00054917 0.00061461
3.8113e-05 0.021626 0.00083621 0.00055071 0.00061458
4.1634e-05 0.021615 0.00084008 0.00055226 0.0006146
4.4971e-05 0.021603 0.00084395 0.0005538 0.00061458
4.8826e-05 0.021592 0.00084781 0.00055535 0.00061461
5.2461e-05 0.021581 0.00085167 0.00055689 0.00061461
5.5886e-05 0.02157 0.00085552 0.00055842 0.00061457
5.9069e-05 0.021559 0.00085937 0.00055993 0.0006145
6.2885e-05 0.021548 0.00086321 0.00056146 0.00061448
6.7396e-05 0.021537 0.00086706 0.00056301 0.00061452
7.2785e-05 0.021526 0.00087091 0.00056458 0.00061463
7.7659e-05 0.021514 0.00087475 0.00056613 0.00061468
8.2036e-05 0.021504 0.00087859 0.0005677 0.0006148
8.741e-05 0.021493 0.00088244 0.00056929 0.00061499
9.2249e-05 0.021482 0.00088628 0.00057086 0.00061513
9.8203e-05 0.021471 0.00089012 0.00057245 0.00061534
0.00010088 0.02146 0.00089395 0.00057403 0.0006155
0.00010421 0.021449 0.00089779 0.00057562 0.00061573
0.00010842 0.021438 0.00090163 0.00057724 0.00061603
0.00011359 0.021427 0.00090547 0.00057888 0.0006164
0.0001147 0.021417 0.00090932 0.00058054 0.00061685
0.00011628 0.021406 0.00091316 0.00058223 0.00061737
0.00011759 0.021396 0.000917 0.00058389 0.00061783
0.00012373 0.021385 0.00092085 0.00058558 0.00061837
0.00013145 0.021374 0.0009247 0.00058729 0.000619
0.00013351 0.021364 0.00092855 0.00058903 0.00061969
0.00013521 0.021353 0.00093239 0.00059074 0.00062032
0.00013756 0.021343 0.00093623 0.00059248 0.00062103
0.00014067 0.021333 0.00094008 0.00059424 0.00062182
0.00014459 0.021322 0.00094393 0.00059602 0.00062268
0.00014951 0.021312 0.00094779 0.00059783 0.00062361
0.00015362 0.021302 0.00095165 0.00059966 0.00062462
0.0001589 0.021292 0.00095551 0.00060151 0.00062571
0.0001635 0.021282 0.00095937 0.00060334 0.00062673
0.00016964 0.021271 0.00096322 0.00060519 0.00062783
0.00017457 0.021261 0.00096707 0.00060703 0.00062887
0.00018672 0.021251 0.00097092 0.00060888 0.00062998
0.00019553 0.021241 0.00097478 0.00061076 0.00063117
0.00020656 0.021231 0.00097864 0.00061267 0.00063244
0.00021639 0.021221 0.00098249 0.00061455 0.00063365
0.00022861 0.021211 0.00098634 0.00061646 0.00063495
0.00024378 0.021201 0.0009902 0.0006184 0.00063632
0.00026263 0.021192 0.00099406 0.00062036 0.00063777
0.00028651 0.021182 0.00099792 0.00062234 0.00063931
0.00031557 0.021172 0.0010018 0.00062435 0.00064092
0.00034147 0.021162 0.0010057 0.00062633 0.00064246
0.00036486 0.021153 0.0010095 0.0006283 0.00064396
0.00038593 0.021143 0.0010133 0.00063025 0.00064539
0.00041218 0.021133 0.0010172 0.00063222 0.00064691
0.00043595 0.021124 0.001021 0.00063418 0.00064837
0.00045745 0.021114 0.0010249 0.00063615 0.00064991
0.0004771 0.021104 0.0010287 0.00063811 0.00065139
0.00050086 0.021095 0.0010325 0.0006401 0.00065295
0.0005284 0.021085 0.0010364 0.00064209 0.00065456
0.00055445 0.021075 0.0010402 0.00064408 0.00065613
0.0005794 0.021066 0.001044 0.00064605 0.00065768
0.00060336 0.021056 0.0010479 0.00064802 0.00065919
0.00063085 0.021047 0.0010517 0.00065 0.00066076
0.00066238 0.021037 0.0010555 0.00065199 0.00066237
0.00069853 0.021028 0.0010593 0.000654 0.00066404
0.00073996 0.021018 0.0010631 0.00065603 0.00066575
0.00078685 0.021009 0.001067 0.00065806 0.00066751
0.00083167 0.021 0.0010708 0.00066009 0.00066923
0.00087444 0.02099 0.0010746 0.0006621 0.00067093
0.00092383 0.020981 0.0010784 0.00066413 0.00067267
0.00097051 0.020971 0.0010822 0.00066615 0.00067438
0.0010141 0.020962 0.001086 0.00066816 0.00067605
0.001046 0.020953 0.0010898 0.00067018 0.00067779
0.001085 0.020943 0.0010936 0.00067223 0.00067961
0.0011207 0.020934 0.0010974 0.00067426 0.00068137
0.0011638 0.020925 0.0011012 0.00067632 0.00068322
0.0012025 0.020916 0.001105 0.00067835 0.000685
0.0012495 0.020906 0.0011088 0.00068037 0.00068673
0.0012914 0.020897 0.0011126 0.00068241 0.00068855
0.0013192 0.020888 0.0011164 0.00068449 0.00069046
0.0013532 0.020879 0.0011201 0.00068658 0.00069245
0.0013948 0.02087 0.0011239 0.0006887 0.00069451
0.0014322 0.020861 0.0011277 0.0006908 0.00069652
0.0014781 0.020852 0.0011315 0.00069292 0.00069861
0.0017467 0.020843 0.0011353 0.00069508 0.0007008
0.0019892 0.020834 0.0011391 0.00069726 0.00070308
0.0022843 0.020825 0.0011429 0.00069946 0.00070544
0.002548 0.020816 0.0011467 0.00070165 0.00070773
0.0027837 0.020807 0.0011505 0.00070381 0.00070996
0.0030746 0.020798 0.0011543 0.000706 0.00071228
0.0034259 0.02079 0.0011581 0.00070821 0.00071469
0.003742 0.020781 0.0011619 0.0007104 0.00071702
0.0040265 0.020772 0.0011656 0.00071258 0.0007193
0.0043773 0.020763 0.0011694 0.00071478 0.00072166
0.0046962 0.020754 0.0011732 0.000717 0.00072412
0.005091 0.020746 0.001177 0.00071926 0.00072668
0.0052529 0.020737 0.0011808 0.00072149 0.00072917
0.0054504 0.020728 0.0011846 0.00072375 0.00073174
0.0056262 0.02072 0.0011883 0.00072599 0.00073425
0.0058412 0.020711 0.0011921 0.00072825 0.00073684
0.0059169 0.020703 0.0011959 0.00073054 0.00073953
0.0060098 0.020694 0.0011997 0.00073286 0.00074231
0.0060922 0.020686 0.0012035 0.00073515 0.00074501
0.006193 0.020677 0.0012073 0.00073747 0.00074781
0.0062827 0.020669 0.001211 0.00073976 0.00075053
0.0063921 0.02066 0.0012148 0.00074209 0.00075335
0.0065256 0.020652 0.0012186 0.00074444 0.00075627
0.006647 0.020643 0.0012223 0.00074677 0.00075912
0.0067577 0.020635 0.0012261 0.00074909 0.00076192
0.006891 0.020626 0.0012298 0.00075143 0.00076481
0.0070113 0.020618 0.0012336 0.00075375 0.00076763
0.0071213 0.02061 0.0012373 0.00075605 0.00077039
0.0072218 0.020601 0.001241 0.00075833 0.00077309
0.0073136 0.020593 0.0012448 0.00076059 0.00077574
0.0074272 0.020584 0.0012485 0.00076289 0.00077849
0.0075825 0.020576 0.0012522 0.00076521 0.00078133
0.0077727 0.020567 0.001256 0.00076755 0.00078427
0.0079378 0.020559 0.0012597 0.00076988 0.00078714
0.0081448 0.020551 0.0012634 0.00077224 0.00079011
0.0083318 0.020543 0.0012671 0.00077463 0.0007932
0.0085635 0.020534 0.0012709 0.00077705 0.0007964
0.0088438 0.020526 0.0012746 0.00077949 0.00079969
0.0091829 0.020518 0.0012784 0.00078197 0.00080309
0.0095932 0.02051 0.0012821 0.00078447 0.00080658
0.0099619 0.020502 0.0012859 0.00078695 0.00081
0.010416 0.020494 0.0012896 0.00078945 0.00081353
0.010825 0.020486 0.0012934 0.00079194 0.00081699
0.011194 0.020478 0.0012971 0.0007944 0.00082037
0.011528 0.02047 0.0013008 0.00079685 0.00082367
0.011628 0.020462 0.0013046 0.00079932 0.00082709
0.011657 0.020454 0.0013083 0.00080182 0.00083062
0.011692 0.020446 0.001312 0.00080435 0.00083425
0.011695 0.020438 0.0013158 0.00080691 0.00083799
0.011695 0.02043 0.0013195 0.00080945 0.00084165
0.011694 0.020423 0.0013232 0.00081197 0.00084526
0.011692 0.020415 0.0013269 0.00081447 0.00084881
0.011693 0.020407 0.0013307 0.000817 0.00085245
0.011692 0.020399 0.0013344 0.00081951 0.00085602
0.011694 0.020391 0.0013381 0.00082204 0.00085969
0.011695 0.020383 0.0013418 0.00082455 0.00086329
0.011699 0.020376 0.0013455 0.00082709 0.00086699
0.011708 0.020368 0.0013492 0.00082966 0.0008708
0.011721 0.02036 0.0013529 0.00083226 0.00087473
0.011739 0.020353 0.0013567 0.00083489 0.00087876
0.011755 0.020345 0.0013604 0.0008375 0.00088271
0.011776 0.020337 0.0013641 0.00084014 0.00088679
0.011795 0.02033 0.0013678 0.00084275 0.00089079
0.011807 0.020322 0.0013715 0.00084539 0.0008949
0.011824 0.020315 0.0013753 0.00084807 0.00089914
0.011848 0.020307 0.001379 0.00085078 0.00090351
0.011879 0.0203 0.0013827 0.00085353 0.00090801
0.011907 0.020293 0.0013865 0.00085625 0.00091244
0.011906 0.020285 0.0013902 0.00085901 0.00091699
0.01191 0.020278 0.0013939 0.0008618 0.00092169
0.011919 0.020271 0.0013977 0.00086463 0.00092653
0.011904 0.020263 0.0014014 0.00086749 0.0009315
0.011896 0.020256 0.0014052 0.00087039 0.00093662
0.011884 0.020249 0.0014089 0.00087327 0.00094189
0.011877 0.020242 0.0014127 0.00087617 0.00094729
0.011874 0.020235 0.0014165 0.00087911 0.00095283
0.011872 0.020228 0.0014202 0.0008821 0.00095851
0.011869 0.020221 0.001424 0.00088506 0.0009641
0.011866 0.020215 0.0014278 0.00088806 0.00096983
0.011863 0.020208 0.0014315 0.00089103 0.00097546
0.011861 0.020201 0.0014353 0.00089404 0.00098124
0.011858 0.020194 0.0014391 0.00089709 0.00098719
0.011855 0.020187 0.0014429 0.00090011 0.00099303
0.011853 0.02018 0.0014466 0.0009031 0.00099877
0.01185 0.020174 0.0014504 0.00090613 0.0010047
0.011847 0.020167 0.0014541 0.0009092 0.0010107
0.011845 0.02016 0.0014579 0.00091229 0.0010169
0.011842 0.020153 0.0014617 0.00091537 0.001023
0.011839 0.020147 0.0014654 0.00091841 0.001029
0.011837 0.02014 0.0014692 0.00092144 0.0010349
0.011834 0.020133 0.0014729 0.0009245 0.001041
0.011831 0.020127 0.0014767 0.00092754 0.001047
0.011829 0.02012 0.0014804 0.00093055 0.0010529
0.011826 0.020113 0.0014841 0.00093355 0.0010586
0.011823 0.020106 0.0014879 0.00093651 0.0010644
0.011821 0.0201 0.0014916 0.00093952 0.0010702
0.011818 0.020093 0.0014953 0.00094255 0.0010763
0.011815 0.020086 0.001499 0.00094557 0.0010823
0.011813 0.02008 0.0015027 0.00094862 0.0010884
0.01181 0.020073 0.0015065 0.00095165 0.0010944
0.011807 0.020067 0.0015102 0.00095471 0.0011006
0.011805 0.02006 0.0015139 0.0009578 0.001107
0.011802 0.020053 0.0015176 0.00096087 0.0011132
0.0118 0.020047 0.0015213 0.00096392 0.0011194
0.011797 0.02004 0.001525 0.00096695 0.0011255
0.011794 0.020034 0.0015287 0.00096995 0.0011315
0.011792 0.020027 0.0015324 0.00097293 0.0011374
0.011789 0.020021 0.0015361 0.00097582 0.0011434
0.011786 0.020014 0.0015398 0.00097874 0.0011492
0.011784 0.020008 0.0015435 0.00098163 0.001155
0.011781 0.020001 0.0015472 0.00098457 0.0011609
0.011779 0.019995 0.0015509 0.00098754 0.0011669
0.011776 0.019989 0.0015547 0.00099055 0.0011732
0.011773 0.019982 0.0015584 0.00099359 0.0011796
