Macaca_mulatta Macaca_nemestrina Mandrillus_leucophaeus Microcebus_murinus Nomascus_leucogenys
0.02282 0.0085003 0.0097724 4.7012e-05 0.017482
0.022832 0.0084993 0.0097737 4.5998e-05 0.01748
0.022843 0.0084984 0.009775 4.5051e-05 0.017479
0.022854 0.0084974 0.0097763 4.4064e-05 0.017478
0.022866 0.0084965 0.0097778 4.3143e-05 0.017477
0.022877 0.0084955 0.0097792 4.2186e-05 0.017476
0.022889 0.0084946 0.0097808 4.1301e-05 0.017475
0.0229 0.0084936 0.0097822 4.0375e-05 0.017474
0.022912 0.0084927 0.0097836 3.9412e-05 0.017473
0.022923 0.0084917 0.0097849 3.841e-05 0.017471
0.022934 0.0084908 0.0097863 3.7656e-05 0.01747
0.022946 0.0084898 0.0097877 3.6864e-05 0.017469
0.022957 0.0084889 0.009789 3.6038e-05 0.017467
0.022969 0.0084879 0.0097904 3.5271e-05 0.017466
0.02298 0.0084869 0.0097917 3.4466e-05 0.017463
0.022992 0.008486 0.0097929 3.3622e-05 0.017461
0.023003 0.008485 0.0097944 3.2736e-05 0.017459
0.023015 0.008484 0.0097957 3.1808e-05 0.017457
0.023026 0.0084831 0.0097969 3.0842e-05 0.017455
0.023038 0.0084821 0.0097983 2.9943e-05 0.017454
0.02305 0.0084812 0.0097998 2.9105e-05 0.017453
0.023061 0.0084802 0.0098016 2.8326e-05 0.017453
0.023073 0.0084792 0.0098032 2.7509e-05 0.017453
0.023085 0.0084783 0.0098048 2.6658e-05 0.017452
0.023097 0.0084773 0.0098065 2.5773e-05 0.017452
0.023108 0.0084764 0.0098081 2.4947e-05 0.017452
0.02312 0.0084754 0.0098097 2.4175e-05 0.017452
0.023132 0.0084744 0.0098114 2.3453e-05 0.017452
0.023144 0.0084735 0.009813 2.2702e-05 0.017453
0.023155 0.0084725 0.0098145 2.1925e-05 0.017453
0.023167 0.0084715 0.0098162 2.1197e-05 0.017453
0.023179 0.0084706 0.0098181 2.0513e-05 0.017454
0.023191 0.0084696 0.0098201 1.9863e-05 0.017456
0.023203 0.0084687 0.009822 1.9198e-05 0.017457
0.023216 0.0084677 0.0098241 1.8565e-05 0.017459
0.023228 0.0084667 0.0098261 1.7916e-05 0.01746
0.02324 0.0084658 0.009828 1.7252e-05 0.017461
0.023252 0.0084648 0.0098301 1.6623e-05 0.017463
0.023264 0.0084639 0.0098324 1.6024e-05 0.017465
0.023277 0.0084629 0.0098347 1.5453e-05 0.017467
0.023289 0.008462 0.0098372 1.4909e-05 0.01747
0.023302 0.008461 0.0098398 1.439e-05 0.017473
0.023314 0.0084601 0.0098425 1.3899e-05 0.017477
0.023327 0.0084591 0.0098451 1.3395e-05 0.01748
0.023339 0.0084582 0.009848 1.2917e-05 0.017484
0.023352 0.0084572 0.0098509 1.2467e-05 0.017488
0.023365 0.0084563 0.009854 1.2042e-05 0.017493
0.023378 0.0084554 0.0098573 1.1642e-05 0.017498
0.023391 0.0084544 0.0098607 1.1269e-05 0.017503
0.023405 0.0084535 0.0098643 1.0925e-05 0.017509
0.023418 0.0084526 0.0098678 1.0562e-05 0.017515
0.023431 0.0084517 0.0098712 1.0226e-05 0.017521
0.023404 0.0084514 0.0098745 9.8701e-06 0.017526
0.023378 0.0084511 0.009878 9.5399e-06 0.017531
0.023352 0.0084508 0.0098814 9.1933e-06 0.017537
0.023325 0.0084505 0.0098847 8.83e-06 0.017542
0.023299 0.0084502 0.0098882 8.492e-06 0.017548
0.023273 0.0084499 0.0098916 8.1378e-06 0.017553
0.023247 0.0084496 0.0098952 7.811e-06 0.017559
0.02322 0.0084493 0.0098987 7.4684e-06 0.017565
0.023194 0.008449 0.0099023 7.1494e-06 0.017571
0.023168 0.0084487 0.0099059 6.813e-06 0.017577
0.023142 0.0084484 0.0099094 6.4608e-06 0.017582
0.023116 0.0084481 0.0099131 6.1351e-06 0.017589
0.02309 0.0084478 0.0099167 5.7921e-06 0.017594
0.023064 0.0084476 0.0099204 5.4747e-06 0.017601
0.023038 0.0084473 0.0099241 5.1787e-06 0.017607
0.023012 0.008447 0.0099279 4.8684e-06 0.017614
0.022987 0.0084467 0.009932 4.5992e-06 0.017621
0.022961 0.0084464 0.0099359 4.3481e-06 0.017628
0.022936 0.0084461 0.0099401 4.116e-06 0.017636
0.02291 0.0084458 0.0099441 3.8719e-06 0.017643
0.022884 0.0084455 0.0099481 3.644e-06 0.01765
0.022859 0.0084452 0.0099519 3.4046e-06 0.017658
0.022833 0.0084449 0.0099557 3.4604e-06 0.017665
0.022807 0.0084446 0.0099594 3.5093e-06 0.017672
0.022781 0.0084443 0.0099632 3.5661e-06 0.017679
0.022756 0.008444 0.009967 3.6152e-06 0.017687
0.02273 0.0084437 0.0099709 3.6713e-06 0.017694
0.022705 0.0084434 0.009975 3.7346e-06 0.017703
0.022679 0.0084431 0.0099793 3.8063e-06 0.017712
0.022654 0.0084428 0.0099838 3.8859e-06 0.017721
0.022629 0.0084425 0.0099882 3.9573e-06 0.01773
0.022604 0.0084422 0.0099927 4.0202e-06 0.01774
0.022579 0.0084419 0.0099972 4.0756e-06 0.017749
0.022554 0.0084416 0.010002 4.1235e-06 0.017758
0.022529 0.0084413 0.010006 4.1803e-06 0.017767
0.022279 0.0084383 0.010051 4.7448e-06 0.017861
0.022254 0.008438 0.010055 4.7832e-06 0.01787
0.02223 0.0084377 0.01006 4.831e-06 0.017879
0.022205 0.0084374 0.010064 4.8703e-06 0.017888
0.02218 0.0084371 0.010069 4.9019e-06 0.017897
0.022155 0.0084368 0.010073 4.9259e-06 0.017907
0.02213 0.0084365 0.010078 4.9592e-06 0.017917
0.022106 0.0084362 0.010082 5.002e-06 0.017928
0.022081 0.0084359 0.010087 4.8976e-06 0.017938
0.022056 0.0084356 0.010092 4.8045e-06 0.017949
0.022032 0.0084353 0.010096 4.702e-06 0.01796
0.022007 0.008435 0.010101 4.6105e-06 0.017971
0.021983 0.0084347 0.010106 4.5294e-06 0.017983
0.021959 0.0084344 0.010112 4.1585e-06 0.017996
0.021935 0.0084341 0.010117 3.7689e-06 0.018008
0.021911 0.0084338 0.010122 3.3601e-06 0.018021
0.021886 0.0084335 0.010127 2.9804e-06 0.018034
0.021862 0.0084331 0.010132 2.9741e-06 0.018048
0.021838 0.0084328 0.010137 2.9735e-06 0.018061
0.021814 0.0084325 0.010142 2.9659e-06 0.018075
0.021789 0.0084322 0.010147 2.9514e-06 0.018088
0.021765 0.0084319 0.010152 2.9304e-06 0.0181
0.021741 0.0084316 0.010156 2.9029e-06 0.018114
0.021717 0.0084313 0.010161 2.869e-06 0.018127
0.021693 0.008431 0.010165 2.8409e-06 0.01814
0.021669 0.0084306 0.01017 2.8064e-06 0.018155
0.021644 0.0084303 0.010175 2.7654e-06 0.018169
0.02162 0.00843 0.010179 2.7311e-06 0.018184
0.021596 0.0084297 0.010184 2.6898e-06 0.018199
0.021572 0.0084294 0.010189 2.6419e-06 0.018214
0.021548 0.0084291 0.010194 2.6008e-06 0.018293
0.021524 0.0084287 0.010199 2.5534e-06 0.018372
0.0215 0.0084284 0.010204 2.4996e-06 0.018451
0.021476 0.0084281 0.010208 2.4395e-06 0.018531
0.021452 0.0084278 0.010213 2.3855e-06 0.018612
0.021429 0.0084274 0.010219 2.3363e-06 0.018693
0.021405 0.0084271 0.010224 2.292e-06 0.018776
0.021381 0.0084268 0.010229 2.2428e-06 0.018859
0.021358 0.0084265 0.010235 2.1973e-06 0.018943
0.021334 0.0084262 0.01024 2.1477e-06 0.019026
0.021311 0.0084259 0.010245 2.1008e-06 0.01911
0.021287 0.0084256 0.010251 2.0498e-06 0.019194
0.021264 0.0084252 0.010256 1.995e-06 0.019278
0.02124 0.0084249 0.010262 1.9432e-06 0.019363
0.021217 0.0084246 0.010267 1.894e-06 0.019447
0.021194 0.0084243 0.010273 1.8474e-06 0.019533
0.021171 0.008424 0.010278 1.8031e-06 0.019619
0.021147 0.0084237 0.010284 1.7606e-06 0.019706
0.021124 0.0084234 0.01029 1.7146e-06 0.019793
0.021101 0.0084231 0.010296 1.6708e-06 0.019881
0.021078 0.0084228 0.010302 1.6234e-06 0.019969
0.021055 0.0084224 0.010308 1.5726e-06 0.020056
0.021032 0.0084221 0.010314 1.5185e-06 0.020144
0.021009 0.0084218 0.010319 1.4609e-06 0.020231
0.020986 0.0084215 0.010325 1.4e-06 0.020318
0.020963 0.0084212 0.010331 1.3408e-06 0.020405
0.02094 0.0084209 0.010337 1.2781e-06 0.020493
0.020917 0.0084205 0.010343 1.2119e-06 0.02058
0.020894 0.0084202 0.010349 1.1478e-06 0.020669
0.020871 0.0084199 0.010354 1.0802e-06 0.020757
0.020848 0.0084196 0.01036 1.0142e-06 0.020846
0.020825 0.0084193 0.010366 9.4469e-07 0.020934
0.020803 0.0084189 0.010373 8.7721e-07 0.021024
0.02078 0.0084186 0.010341 8.1167e-07 0.021114
0.020757 0.0084183 0.010309 7.4754e-07 0.021206
0.020735 0.008418 0.010277 6.7991e-07 0.021297
0.020712 0.0084177 0.010245 6.0874e-07 0.021388
0.02069 0.0084174 0.010213 5.3904e-07 0.02148
0.020667 0.008417 0.010182 4.6586e-07 0.021572
0.020645 0.0084167 0.01015 5.1045e-07 0.021665
0.020622 0.0084164 0.010119 5.5169e-07 0.021757
0.0206 0.0084161 0.010087 5.9411e-07 0.021851
0.020578 0.0084158 0.010057 6.3785e-07 0.021943
0.020556 0.0084155 0.010026 6.8269e-07 0.022037
0.020533 0.0084152 0.009995 7.2377e-07 0.02213
0.020511 0.0084149 0.0099642 7.6612e-07 0.022224
0.020489 0.0084145 0.0099332 8.0465e-07 0.022318
0.020467 0.0084142 0.0099026 8.4484e-07 0.022414
0.020445 0.0084139 0.0098721 8.8641e-07 0.02251
0.020423 0.0084136 0.0098416 9.2428e-07 0.022606
0.020401 0.0084133 0.0098111 9.5842e-07 0.022702
0.020379 0.008413 0.0097808 9.9464e-07 0.022798
0.020357 0.0084127 0.0097507 1.0326e-06 0.022896
0.020335 0.0084124 0.0097206 1.0664e-06 0.022994
0.020313 0.008412 0.0096903 1.0961e-06 0.023091
0.020291 0.0084117 0.00966 1.1219e-06 0.023187
0.02027 0.0084114 0.0096299 1.1496e-06 0.023285
0.020248 0.0084111 0.0095997 1.5242e-06 0.023383
0.020226 0.0084108 0.0095699 1.8623e-06 0.023481
0.020204 0.0084105 0.0095399 2.1799e-06 0.02358
0.020183 0.0084101 0.0095103 2.5159e-06 0.023679
0.020161 0.0084098 0.0094805 2.8432e-06 0.023778
0.020139 0.0084095 0.009451 3.1864e-06 0.023879
0.020118 0.0084092 0.0094218 3.5458e-06 0.02398
0.020097 0.0084089 0.0093928 3.922e-06 0.024083
0.020075 0.0084086 0.0093641 3.9504e-06 0.024187
0.020054 0.0084083 0.0093353 3.9744e-06 0.024291
0.020033 0.008408 0.0093067 4.002e-06 0.024396
0.020012 0.0084077 0.0092783 4.0329e-06 0.024501
0.019991 0.0084074 0.0092502 4.0672e-06 0.024608
0.01997 0.0084071 0.0092219 4.0977e-06 0.024715
0.019948 0.0084068 0.0091937 4.1242e-06 0.024821
0.019927 0.0084065 0.0091656 4.1467e-06 0.024928
0.019907 0.0084062 0.0091377 4.1726e-06 0.025037
0.019886 0.0084059 0.0091098 4.1947e-06 0.025145
0.019865 0.0084056 0.0090821 4.2209e-06 0.025254
0.019844 0.0084053 0.0090546 4.2511e-06 0.025364
0.019823 0.008405 0.0090271 4.2772e-06 0.025475
0.019803 0.0084047 0.0089998 4.2992e-06 0.025586
0.019782 0.0084044 0.0089727 4.3253e-06 0.025698
0.019761 0.0084041 0.0089456 4.3472e-06 0.025811
0.019741 0.0084038 0.0089184 4.3652e-06 0.025923
0.01972 0.0084035 0.0088914 4.3874e-06 0.026036
0.0197 0.0084032 0.0088646 4.4132e-06 0.02615
0.01968 0.0084029 0.008838 4.4427e-06 0.026266
0.019659 0.0084026 0.0088114 4.4679e-06 0.026381
0.019639 0.0084023 0.008785 4.4976e-06 0.026497
0.019619 0.008402 0.0087585 4.5228e-06 0.026613
0.019598 0.0084017 0.008732 4.543e-06 0.026729
0.019578 0.0084014 0.0087057 4.5578e-06 0.026846
0.019558 0.0084011 0.0086793 4.5803e-06 0.026962
0.019538 0.0084008 0.0086531 4.6081e-06 0.02708
0.019518 0.0084006 0.0086272 4.6414e-06 0.0272
0.019498 0.0084003 0.0086012 4.6802e-06 0.027321
0.019477 0.0084 0.0085751 4.7133e-06 0.027441
0.019457 0.0083997 0.0085489 4.7408e-06 0.027561
0.019437 0.0083994 0.008523 4.7743e-06 0.027682
0.019417 0.0083991 0.0084969 4.8027e-06 0.027803
0.019397 0.0083988 0.0084712 4.8371e-06 0.027925
0.019378 0.0083985 0.0084457 4.8779e-06 0.02805
0.019358 0.0083982 0.0084204 4.9246e-06 0.028175
0.019338 0.0083979 0.0083954 4.9776e-06 0.028303
0.019319 0.0083976 0.0083707 5.0375e-06 0.028432
0.019299 0.0083974 0.0083462 4.8758e-06 0.028563
0.01928 0.0083971 0.008322 4.7255e-06 0.028696
0.019261 0.0083968 0.0082981 4.5851e-06 0.028831
0.019241 0.0083966 0.0082741 4.436e-06 0.028965
0.019222 0.0083963 0.0082499 4.2777e-06 0.029098
0.019203 0.008396 0.0082255 4.1133e-06 0.02923
0.019184 0.0083957 0.0082015 3.9618e-06 0.029364
0.019165 0.0083955 0.0081778 3.8225e-06 0.0295
0.019146 0.0083952 0.0081544 3.6948e-06 0.029639
0.019127 0.0083949 0.0081313 3.5782e-06 0.02978
0.019108 0.0083947 0.008108 3.4524e-06 0.029921
0.019089 0.0083944 0.008085 3.318e-06 0.030063
0.019071 0.0083941 0.0080623 3.1934e-06 0.030207
0.019052 0.0083939 0.0080395 3.0595e-06 0.03035
0.019033 0.0083936 0.0080165 2.917e-06 0.030493
0.019015 0.0083934 0.0079938 2.7857e-06 0.030637
0.018996 0.0083931 0.007971 2.6637e-06 0.030781
0.018977 0.0083928 0.007948 2.5505e-06 0.030924
0.018958 0.0083926 0.0079249 2.4286e-06 0.031065
0.01894 0.0083923 0.0079021 2.3163e-06 0.031209
0.018921 0.008392 0.0078796 2.1963e-06 0.031352
0.018903 0.0083918 0.0078569 2.0844e-06 0.031492
0.018884 0.0083915 0.0078341 1.9653e-06 0.031632
0.018866 0.0083912 0.0078116 1.8536e-06 0.031774
0.018847 0.008391 0.0077889 1.7345e-06 0.031914
0.018829 0.0083907 0.0077665 1.6218e-06 0.032057
0.01881 0.0083904 0.0077439 1.5026e-06 0.032198
0.018792 0.0083901 0.0077213 1.3771e-06 0.032339
0.018773 0.0083899 0.0076986 1.2456e-06 0.03248
0.018755 0.0083896 0.0076761 1.1205e-06 0.032622
0.018736 0.0083893 0.0076535 9.8958e-07 0.032763
0.018718 0.008389 0.0076311 8.6459e-07 0.032907
0.0187 0.0083888 0.0076087 7.3448e-07 0.033049
0.018681 0.0083885 0.0075865 6.0998e-07 0.033194
0.018663 0.0083882 0.0075642 4.7997e-07 0.033338
0.018645 0.0083879 0.0075421 3.5555e-07 0.033484
0.018627 0.0083877 0.00752 2.2594e-07 0.033629
0.018608 0.0083874 0.0074977 2.2215e-07 0.033774
0.01859 0.0083871 0.0074757 2.1803e-07 0.03392
0.018572 0.0083868 0.0074537 2.1087e-07 0.034066
0.018554 0.0083866 0.0074318 2.0338e-07 0.034214
0.018536 0.0083863 0.0074099 1.9274e-07 0.034361
0.018518 0.008386 0.0073881 1.8152e-07 0.03451
0.0185 0.0083857 0.0073663 1.6722e-07 0.034658
0.018482 0.0083855 0.0073447 1.5231e-07 0.034808
0.018464 0.0083852 0.007323 1.3432e-07 0.034957
0.018446 0.0083849 0.0073015 1.1571e-07 0.035108
0.018428 0.0083846 0.0072799 9.4009e-08 0.035259
0.01841 0.0083844 0.0072582 1.1843e-07 0.035408
0.018392 0.0083841 0.0072364 1.3978e-07 0.035557
0.018374 0.0083838 0.0072146 1.5805e-07 0.035705
0.018356 0.0083835 0.007193 1.7608e-07 0.035856
0.018338 0.0083832 0.0071713 1.9099e-07 0.036005
0.01832 0.0083829 0.0071498 2.1327e-07 0.036157
0.018302 0.0083826 0.0071282 2.3215e-07 0.036308
0.018285 0.0083824 0.0071069 2.5114e-07 0.036461
0.018267 0.0083821 0.0070855 2.6675e-07 0.036613
0.018249 0.0083818 0.007064 2.7914e-07 0.036765
0.018231 0.0083815 0.0070424 2.8835e-07 0.036915
0.018213 0.0083812 0.0070207 2.9439e-07 0.037065
0.018195 0.0083809 0.0069992 3.0022e-07 0.037217
0.018178 0.0083806 0.0069777 3.0273e-07 0.037369
0.01816 0.0083803 0.0069563 3.0506e-07 0.037522
0.018142 0.00838 0.0069349 3.04e-07 0.037674
0.018125 0.0083797 0.0069137 3.0318e-07 0.037828
0.018107 0.0083794 0.0068923 3.0397e-07 0.037982
0.018089 0.0083791 0.0068708 3.0101e-07 0.038134
0.018071 0.0083788 0.0068496 2.9858e-07 0.038288
0.018054 0.0083786 0.0068287 2.9126e-07 0.038446
0.018036 0.0083783 0.0068076 2.7923e-07 0.038601
0.018019 0.008378 0.0067864 2.6752e-07 0.038756
0.018001 0.0083777 0.0067654 2.5604e-07 0.038913
0.017984 0.0083774 0.0067443 2.4082e-07 0.039069
0.017966 0.0083771 0.0067235 2.2607e-07 0.039228
0.017949 0.0083768 0.0067025 2.0758e-07 0.03939
0.017931 0.0083765 0.0066814 1.8533e-07 0.039551
0.017914 0.0083762 0.0066606 1.6357e-07 0.039715
0.017897 0.0083759 0.00664 1.3825e-07 0.039881
0.017879 0.0083756 0.0066193 1.6373e-07 0.040046
0.017862 0.0083753 0.0065988 1.8977e-07 0.040214
0.017845 0.008375 0.0065783 2.122e-07 0.04038
0.017828 0.0083747 0.0065579 2.3497e-07 0.04055
0.01781 0.0083744 0.0065375 2.5391e-07 0.040718
0.017793 0.0083741 0.0065169 2.7326e-07 0.040884
0.017776 0.0083738 0.0064962 2.8874e-07 0.041049
0.017758 0.0083735 0.0064753 3.0039e-07 0.041213
0.017741 0.0083732 0.0064547 3.1271e-07 0.04138
0.017724 0.0083729 0.0064344 3.2576e-07 0.04155
0.017707 0.0083726 0.0064143 3.396e-07 0.041722
0.01769 0.0083723 0.0063945 3.54e-07 0.041897
0.017673 0.008372 0.0063746 3.6445e-07 0.042071
0.017656 0.0083717 0.0063549 3.758e-07 0.042248
0.01764 0.0083714 0.0063351 3.8338e-07 0.042423
0.017623 0.0083711 0.0063155 3.9158e-07 0.042601
0.017606 0.0083708 0.0062962 4.0044e-07 0.042782
0.01759 0.0083705 0.0062771 4.1002e-07 0.042966
0.017573 0.0083703 0.0062579 4.2069e-07 0.043148
0.017557 0.00837 0.0062389 4.3251e-07 0.043334
0.01754 0.0083697 0.0062202 4.4556e-07 0.043382
0.017524 0.0083694 0.0062017 4.5955e-07 0.04343
0.017508 0.0083691 0.0061831 4.6936e-07 0.043478
0.017491 0.0083689 0.0061643 4.8084e-07 0.043526
0.017475 0.0083686 0.0061455 4.8812e-07 0.043575
0.017459 0.0083683 0.0061265 4.9125e-07 0.043623
0.017442 0.008368 0.0061077 4.9515e-07 0.043672
0.017426 0.0083677 0.0060891 4.9988e-07 0.043722
0.01741 0.0083674 0.0060705 5.0118e-07 0.043772
0.017394 0.0083672 0.0060521 5.0307e-07 0.043823
0.017377 0.0083669 0.0060335 5.0155e-07 0.043874
0.017361 0.0083666 0.006015 4.9668e-07 0.043924
0.017345 0.0083663 0.0059963 4.8862e-07 0.043974
0.017329 0.008366 0.0059778 4.8076e-07 0.044024
0.017313 0.0083657 0.0059593 4.698e-07 0.044075
0.017297 0.0083654 0.005941 4.5889e-07 0.044126
0.017281 0.0083652 0.0059227 4.4772e-07 0.044178
0.017265 0.0083649 0.0059045 4.3359e-07 0.04423
0.017249 0.0083646 0.0058862 4.1661e-07 0.044281
0.017233 0.0083643 0.005868 3.995e-07 0.044334
0.017217 0.008364 0.00585 3.8199e-07 0.044387
0.017201 0.0083637 0.0058321 3.6425e-07 0.044441
0.017185 0.0083635 0.0058144 3.4625e-07 0.044495
0.017169 0.0083632 0.0057968 3.2794e-07 0.044551
0.017154 0.0083629 0.0057792 3.0678e-07 0.044606
0.017138 0.0083626 0.0057617 2.8529e-07 0.044662
0.017122 0.0083624 0.0057442 2.6096e-07 0.044718
0.017107 0.0083621 0.0057266 2.3376e-07 0.044773
0.017091 0.0083618 0.0057091 2.9743e-07 0.044829
0.017076 0.0083615 0.0056914 9.1527e-07 0.044884
0.01706 0.0083612 0.0056739 1.5596e-06 0.04494
0.017044 0.0083609 0.0056564 2.1943e-06 0.044996
0.017029 0.0083607 0.005639 2.8535e-06 0.045052
0.017013 0.0083604 0.0056218 3.5384e-06 0.045109
0.016998 0.0083601 0.0056045 4.2131e-06 0.045166
0.016982 0.0083598 0.0055873 4.9143e-06 0.045224
0.016967 0.0083595 0.0055701 5.6039e-06 0.045282
0.016951 0.0083592 0.005553 6.3206e-06 0.04534
0.016936 0.0083589 0.0055359 7.0255e-06 0.045399
0.016921 0.0083587 0.0055189 7.7583e-06 0.045458
0.016905 0.0083584 0.005502 8.5238e-06 0.045517
0.01689 0.0083581 0.0054853 9.3237e-06 0.045578
0.016875 0.0083578 0.0054687 1.0159e-05 0.045533
0.01686 0.0083575 0.0054521 1.0981e-05 0.045488
0.016844 0.0083573 0.0054354 1.179e-05 0.045443
0.016829 0.008357 0.0054189 1.2632e-05 0.045398
0.016814 0.0083567 0.0054023 1.3461e-05 0.045353
0.016799 0.0083564 0.0053859 1.4327e-05 0.045309
0.016784 0.0083561 0.0053694 1.518e-05 0.045265
0.016769 0.0083559 0.005353 1.6073e-05 0.045222
0.016754 0.0083556 0.0053368 1.7006e-05 0.045179
0.016739 0.0083553 0.0053207 1.7136e-05 0.045137
0.016724 0.008355 0.0053046 1.7259e-05 0.045094
0.01671 0.0083548 0.0052886 1.7395e-05 0.045053
0.016695 0.0083545 0.0052726 1.7524e-05 0.045011
0.01668 0.0083542 0.0052567 1.7664e-05 0.04497
0.016665 0.0083539 0.0052408 1.7797e-05 0.044928
0.016651 0.0083537 0.0052249 1.7942e-05 0.044887
0.016636 0.0083534 0.0052091 1.8079e-05 0.044845
0.016621 0.0083531 0.0051932 1.8211e-05 0.044803
0.016606 0.0083528 0.0051774 1.8354e-05 0.044762
0.016592 0.0083525 0.0051616 1.8491e-05 0.044721
0.016577 0.0083523 0.0051459 1.864e-05 0.04468
0.016563 0.008352 0.0051302 1.8784e-05 0.044639
0.016548 0.0083517 0.0051147 1.8938e-05 0.044599
0.016534 0.0083514 0.0050992 1.9104e-05 0.04456
0.016519 0.0083512 0.0050838 1.9281e-05 0.044521
0.016505 0.0083509 0.0050686 1.947e-05 0.044482
0.01649 0.0083506 0.0050533 1.9653e-05 0.044444
0.016476 0.0083504 0.0050382 1.9849e-05 0.044406
0.016462 0.0083501 0.005023 2.0039e-05 0.044368
0.016448 0.0083498 0.0050079 2.0243e-05 0.044331
0.016433 0.0083495 0.004993 2.0459e-05 0.044294
0.016419 0.0083493 0.004978 2.0668e-05 0.044257
0.016405 0.008349 0.0049631 2.0892e-05 0.044221
0.016391 0.0083487 0.0049482 2.1108e-05 0.044185
0.016377 0.0083485 0.0049333 2.1317e-05 0.04415
0.016363 0.0083482 0.0049185 2.1542e-05 0.044115
0.016349 0.0083479 0.0049038 2.1781e-05 0.04408
0.016335 0.0083477 0.004889 2.2011e-05 0.044046
0.016321 0.0083474 0.0048745 2.226e-05 0.044012
0.016307 0.0083471 0.00486 2.2068e-05 0.043979
0.016293 0.0083469 0.0048458 2.1896e-05 0.043947
0.016279 0.0083466 0.0048314 2.1709e-05 0.043915
0.016266 0.0083464 0.0048173 2.1543e-05 0.043883
0.016252 0.0083461 0.004803 2.1362e-05 0.043851
0.016238 0.0083458 0.0047889 2.1204e-05 0.04382
0.016225 0.0083456 0.004775 2.1069e-05 0.04379
0.016211 0.0083453 0.0047613 2.0957e-05 0.043761
0.016198 0.0083451 0.0047475 2.083e-05 0.043731
0.016185 0.0083448 0.0047339 2.0723e-05 0.043703
0.016171 0.0083446 0.0047202 2.06e-05 0.043673
0.016158 0.0083443 0.0047066 2.0499e-05 0.043645
0.016145 0.0083441 0.0046933 2.0418e-05 0.043618
0.016131 0.0083438 0.0046798 2.0324e-05 0.04359
0.016118 0.0083436 0.0046663 2.0216e-05 0.043562
0.016105 0.0083433 0.0046526 2.0095e-05 0.043534
0.016091 0.0083431 0.0046389 1.9961e-05 0.043505
0.016078 0.0083428 0.0046251 1.9811e-05 0.043475
0.016065 0.0083426 0.0046114 1.9681e-05 0.043447
0.016051 0.0083423 0.0045977 1.9537e-05 0.043418
0.016038 0.008342 0.0045838 1.938e-05 0.043388
0.016024 0.0083418 0.0045699 1.9214e-05 0.043358
0.016011 0.0083415 0.0045559 1.9035e-05 0.043328
0.015997 0.0083412 0.0045418 1.8842e-05 0.043297
0.015984 0.0083409 0.0045276 1.8636e-05 0.043266
0.01597 0.0083406 0.0045136 1.8451e-05 0.043236
0.015957 0.0083403 0.0044995 1.825e-05 0.043205
0.015943 0.0083401 0.0044853 1.8711e-05 0.043174
0.01593 0.0083398 0.0044713 1.9152e-05 0.043143
0.015916 0.0083395 0.0044572 1.9573e-05 0.043113
0.015903 0.0083392 0.0044432 1.9964e-05 0.043083
0.015889 0.0083389 0.0044293 2.0341e-05 0.043053
0.015876 0.0083386 0.0044154 2.0742e-05 0.043024
0.015863 0.0083384 0.0044015 2.1133e-05 0.042994
0.015849 0.0083381 0.0043877 2.1545e-05 0.042965
0.015836 0.0083378 0.0043739 2.1948e-05 0.042936
0.015823 0.0083375 0.0043602 2.2373e-05 0.042908
0.01581 0.0083372 0.0043465 2.2789e-05 0.042879
0.015796 0.0083369 0.0043329 2.3224e-05 0.042851
0.015783 0.0083367 0.0043192 2.3649e-05 0.042823
0.01577 0.0083364 0.0043055 2.4066e-05 0.042795
0.015757 0.0083361 0.0042919 2.4502e-05 0.042767
0.015744 0.0083358 0.0042784 2.4966e-05 0.04274
0.015731 0.0083355 0.0042649 2.542e-05 0.042712
0.015718 0.0083352 0.0042515 2.5898e-05 0.042686
0.015705 0.0083349 0.0042382 2.64e-05 0.042659
0.015692 0.0083347 0.0042249 2.6892e-05 0.042633
0.015679 0.0083344 0.0042117 2.741e-05 0.042607
0.015666 0.0083341 0.0041984 2.7917e-05 0.042582
0.015653 0.0083338 0.0041853 2.8447e-05 0.042556
0.01564 0.0083335 0.0041721 2.8968e-05 0.042531
0.015627 0.0083333 0.004159 2.8798e-05 0.042506
0.015614 0.008333 0.0041459 2.862e-05 0.042481
0.015602 0.0083327 0.0041329 2.8458e-05 0.042456
0.015589 0.0083324 0.0041198 2.8288e-05 0.042432
0.015576 0.0083321 0.0041068 2.8112e-05 0.042407
0.015563 0.0083319 0.0040938 2.795e-05 0.042383
0.015551 0.0083316 0.0040808 2.778e-05 0.042358
0.015538 0.0083313 0.0040677 2.7603e-05 0.042334
0.015525 0.008331 0.0040547 2.7419e-05 0.042309
0.015512 0.0083307 0.0040417 2.7625e-05 0.042285
0.0155 0.0083304 0.0040287 2.7825e-05 0.042261
0.015487 0.0083301 0.0040157 2.8017e-05 0.042237
0.015474 0.0083298 0.0040027 2.8202e-05 0.042213
0.015462 0.0083296 0.0039899 2.8403e-05 0.04219
0.015449 0.0083293 0.0039771 2.8597e-05 0.042166
0.015437 0.008329 0.0039644 2.8807e-05 0.042144
0.015424 0.0083287 0.0039516 2.9009e-05 0.042121
0.015411 0.0083284 0.0039388 2.9205e-05 0.042098
0.015399 0.0083281 0.0039261 2.9417e-05 0.042075
0.015386 0.0083278 0.0039134 2.9622e-05 0.042053
0.015374 0.0083275 0.0039006 2.9819e-05 0.04203
0.015361 0.0083272 0.0038878 3.0009e-05 0.042007
0.015349 0.0083269 0.0038751 3.0214e-05 0.041985
0.015336 0.0083267 0.0038625 3.0436e-05 0.041963
0.015324 0.0083264 0.0038499 3.0673e-05 0.041942
0.015312 0.0083261 0.0038372 3.0903e-05 0.04192
0.015299 0.0083258 0.0038246 3.1124e-05 0.041899
0.015287 0.0083255 0.0038118 3.1363e-05 0.041877
0.015274 0.0083252 0.0037992 3.162e-05 0.041856
0.015262 0.0083249 0.0037867 3.1894e-05 0.041835
0.01525 0.0083246 0.0037741 3.216e-05 0.041814
0.015237 0.0083243 0.0037617 3.2445e-05 0.041794
0.015225 0.008324 0.0037493 3.2749e-05 0.041774
0.015213 0.0083237 0.003737 3.3046e-05 0.041755
0.015201 0.0083234 0.0037247 3.3363e-05 0.041735
0.015189 0.0083231 0.0037125 3.3698e-05 0.041717
0.015177 0.0083228 0.0037004 3.4051e-05 0.041698
0.015165 0.0083225 0.0036884 3.4424e-05 0.041681
0.015153 0.0083223 0.0036765 3.4817e-05 0.041664
0.015141 0.008322 0.0036647 3.5233e-05 0.041647
0.015129 0.0083217 0.0036528 3.564e-05 0.04163
0.015117 0.0083214 0.0036409 3.6037e-05 0.041613
0.015105 0.0083211 0.003629 3.6425e-05 0.041596
0.015093 0.0083208 0.0036172 3.6836e-05 0.04158
0.015082 0.0083206 0.0036055 3.7268e-05 0.041564
0.01507 0.0083203 0.0035937 3.7691e-05 0.041547
0.015058 0.00832 0.0035819 3.8103e-05 0.041531
0.015046 0.0083197 0.0035702 3.854e-05 0.041515
0.015035 0.0083194 0.0035586 3.8227e-05 0.0415
0.015023 0.0083191 0.003547 3.7906e-05 0.041485
0.015011 0.0083188 0.0035353 3.7577e-05 0.041469
0.014999 0.0083186 0.0035236 3.7239e-05 0.041454
0.014988 0.0083183 0.0035119 3.6894e-05 0.041438
0.014976 0.008318 0.0035003 3.6567e-05 0.041423
0.014964 0.0083177 0.0034887 3.6262e-05 0.041408
0.014953 0.0083174 0.0034773 3.5976e-05 0.041394
0.014941 0.0083171 0.0034658 3.5682e-05 0.04138
0.01493 0.0083168 0.0034543 3.5381e-05 0.041365
0.014918 0.0083165 0.0034429 3.5099e-05 0.041351
0.014907 0.0083162 0.0034315 3.4809e-05 0.041337
0.014895 0.008316 0.0034201 3.4539e-05 0.041324
0.014884 0.0083157 0.0034088 3.4262e-05 0.04131
0.014872 0.0083154 0.0033974 3.3976e-05 0.041297
0.014861 0.0083151 0.0033861 3.3708e-05 0.041283
0.014849 0.0083148 0.0033748 3.3457e-05 0.041271
0.014838 0.0083145 0.0033637 3.3223e-05 0.041258
0.014827 0.0083142 0.0033526 3.298e-05 0.041247
0.014816 0.008314 0.0033415 3.273e-05 0.041235
0.014804 0.0083137 0.0033305 3.2497e-05 0.041224
0.014793 0.0083134 0.0033195 3.2258e-05 0.041212
0.014782 0.0083131 0.0033086 3.2036e-05 0.041201
0.014771 0.0083128 0.0032977 3.1831e-05 0.041191
0.01476 0.0083125 0.003287 3.1642e-05 0.041181
0.014749 0.0083123 0.0032762 3.1445e-05 0.041171
0.014738 0.008312 0.0032655 3.1264e-05 0.041161
0.014727 0.0083117 0.0032547 3.1076e-05 0.041152
0.014716 0.0083114 0.0032441 2.9576e-05 0.041143
0.014705 0.0083112 0.0032335 2.8135e-05 0.041134
0.014694 0.0083109 0.0032229 2.6676e-05 0.041125
0.014683 0.0083106 0.0032124 2.5274e-05 0.041117
0.014672 0.0083103 0.003202 2.3933e-05 0.041109
0.014662 0.0083101 0.0031915 2.2574e-05 0.041101
0.014651 0.0083098 0.0031811 2.1277e-05 0.041094
0.01464 0.0083095 0.0031709 2.004e-05 0.041087
0.01463 0.0083092 0.0031607 1.8859e-05 0.041081
0.014619 0.008309 0.0031504 1.7651e-05 0.041075
0.014608 0.0083087 0.0031402 1.6411e-05 0.041068
0.014598 0.0083084 0.00313 1.5249e-05 0.041062
0.014587 0.0083082 0.0031198 1.4048e-05 0.041056
0.014577 0.0083079 0.0031097 1.292e-05 0.04105
0.014566 0.0083076 0.0030995 1.1753e-05 0.041044
0.014556 0.0083073 0.0030895 1.0657e-05 0.041039
0.014545 0.0083071 0.0030793 9.5191e-06 0.041034
0.014535 0.0083068 0.0030693 8.4488e-06 0.041029
0.014524 0.0083065 0.0030595 7.4485e-06 0.041025
0.014514 0.0083063 0.0030497 6.5125e-06 0.041022
0.014504 0.008306 0.0030399 5.5506e-06 0.041018
0.014493 0.0083057 0.0030301 5.474e-06 0.041014
0.014483 0.0083055 0.0030202 5.391e-06 0.04101
0.014473 0.0083052 0.0030102 5.3019e-06 0.041006
0.014462 0.0083049 0.0030003 5.2071e-06 0.041002
0.014452 0.0083046 0.0029904 5.119e-06 0.040998
0.014442 0.0083044 0.0029806 5.0363e-06 0.040994
0.014431 0.0083041 0.0029707 4.9491e-06 0.040991
0.014421 0.0083038 0.0029608 4.8571e-06 0.040987
0.014411 0.0083035 0.0029509 4.7604e-06 0.040983
0.014401 0.0083033 0.002941 4.6591e-06 0.04098
0.01439 0.008303 0.0029311 4.5634e-06 0.040976
0.01438 0.0083027 0.0029214 4.4725e-06 0.040973
0.01437 0.0083024 0.0029116 4.3771e-06 0.04097
0.01436 0.0083022 0.0029017 4.2772e-06 0.040967
0.01435 0.0083019 0.002892 4.1826e-06 0.040964
0.014339 0.0083016 0.0028823 4.0933e-06 0.040962
0.014329 0.0083013 0.0028727 4.0091e-06 0.04096
0.014319 0.0083011 0.0028631 3.9206e-06 0.040959
0.014309 0.0083008 0.0028535 3.8373e-06 0.040958
0.014299 0.0083005 0.002844 3.7497e-06 0.040956
0.014289 0.0083002 0.0028345 3.6665e-06 0.040955
0.014279 0.0083 0.0028251 3.5876e-06 0.040955
0.01427 0.0082997 0.0028157 3.513e-06 0.040955
0.01426 0.0082994 0.0028063 3.4431e-06 0.040955
0.01425 0.0082991 0.0027971 3.3779e-06 0.040956
0.01424 0.0082989 0.0027877 3.3084e-06 0.040956
0.01423 0.0082986 0.0027785 3.2346e-06 0.040957
0.014221 0.0082983 0.0027693 3.1646e-06 0.040959
0.014211 0.0082981 0.0027603 3.0987e-06 0.040961
0.014201 0.0082978 0.0027512 3.0289e-06 0.040963
0.014192 0.0082976 0.0027421 2.9625e-06 0.040965
0.014182 0.0082973 0.0027332 2.8998e-06 0.040968
0.014173 0.008297 0.0027242 2.8333e-06 0.040971
0.014163 0.0082968 0.0027152 2.7627e-06 0.040974
0.014154 0.0082965 0.0027061 2.6881e-06 0.040976
0.014144 0.0082962 0.0026972 2.6171e-06 0.040979
0.014135 0.008296 0.0026883 2.5497e-06 0.040983
0.014125 0.0082957 0.0026794 2.4783e-06 0.040986
0.014116 0.0082954 0.0026705 2.4104e-06 0.04099
0.014106 0.0082952 0.0026617 2.3388e-06 0.040994
0.014097 0.0082949 0.0026528 2.2635e-06 0.040998
0.014088 0.0082946 0.0026438 2.1846e-06 0.041002
0.014078 0.0082944 0.002635 2.1084e-06 0.041006
0.014069 0.0082941 0.0026261 2.0284e-06 0.04101
0.014059 0.0082938 0.0026172 1.9445e-06 0.041013
0.01405 0.0082936 0.0026084 1.864e-06 0.041018
0.014041 0.0082933 0.0025996 1.7867e-06 0.041023
0.014031 0.008293 0.0025908 1.7123e-06 0.041027
0.014022 0.0082927 0.002582 1.6338e-06 0.041032
0.014013 0.0082925 0.0025732 1.5579e-06 0.041037
0.014003 0.0082922 0.0025644 1.713e-06 0.041042
0.013994 0.0082919 0.0025556 1.8632e-06 0.041047
0.013985 0.0082917 0.0025468 2.0089e-06 0.041051
0.013976 0.0082914 0.002538 2.1599e-06 0.041057
0.013966 0.0082911 0.0025293 2.3166e-06 0.041062
0.013957 0.0082908 0.0025205 2.4683e-06 0.041068
0.013948 0.0082906 0.0025119 2.6267e-06 0.041074
0.013939 0.0082903 0.0025033 2.7786e-06 0.04108
0.01393 0.00829 0.0024948 2.9392e-06 0.041088
0.013921 0.0082898 0.0024863 3.0907e-06 0.041095
0.013912 0.0082895 0.0024779 3.2326e-06 0.041101
0.013903 0.0082892 0.0024696 3.3659e-06 0.041109
0.013894 0.008289 0.0024612 3.491e-06 0.041116
0.013885 0.0082887 0.0024529 3.6251e-06 0.041123
0.013876 0.0082884 0.0024447 3.7698e-06 0.041132
0.013868 0.0082882 0.0024367 3.9235e-06 0.041141
0.013859 0.0082879 0.0024286 4.0703e-06 0.04115
0.01385 0.0082877 0.0024205 4.2256e-06 0.041159
0.013842 0.0082874 0.0024126 4.1469e-06 0.041169
0.013833 0.0082872 0.0024047 4.0736e-06 0.04118
0.013825 0.0082869 0.0023968 3.996e-06 0.041191
0.013816 0.0082867 0.0023889 3.914e-06 0.041201
0.013808 0.0082864 0.002381 3.8371e-06 0.041212
0.013799 0.0082862 0.0023732 3.765e-06 0.041224
0.013791 0.0082859 0.0023655 3.6977e-06 0.041236
0.013783 0.0082857 0.0023578 3.6259e-06 0.041248
0.013774 0.0082854 0.00235 3.5498e-06 0.04126
0.013766 0.0082852 0.0023422 3.4778e-06 0.041272
0.013757 0.0082849 0.0023343 3.4014e-06 0.041283
0.013749 0.0082847 0.0023265 3.3295e-06 0.041295
0.013741 0.0082844 0.0023187 3.2613e-06 0.041307
0.013732 0.0082842 0.002311 3.1972e-06 0.04132
0.013724 0.0082839 0.0023033 3.1371e-06 0.041333
0.013716 0.0082837 0.0022957 3.0808e-06 0.041346
0.013708 0.0082834 0.0022882 3.0282e-06 0.041361
0.013699 0.0082832 0.0022807 2.9792e-06 0.041375
0.013691 0.008283 0.0022733 2.9332e-06 0.04139
0.013683 0.0082827 0.002266 2.8902e-06 0.041406
0.013675 0.0082825 0.0022587 2.8501e-06 0.041423
0.013668 0.0082823 0.0022515 2.8061e-06 0.041439
0.01366 0.008282 0.0022444 2.7656e-06 0.041455
0.013652 0.0082818 0.0022372 2.7209e-06 0.041472
0.013644 0.0082816 0.0022301 2.6798e-06 0.041489
0.013636 0.0082813 0.0022231 2.6425e-06 0.041507
0.013629 0.0082811 0.002216 2.6007e-06 0.041525
0.013621 0.0082809 0.0022089 2.5534e-06 0.041542
0.013613 0.0082806 0.0022017 2.5002e-06 0.041559
0.013605 0.0082804 0.0021946 2.4526e-06 0.041576
0.013598 0.0082802 0.0021876 2.412e-06 0.041595
0.01359 0.0082799 0.0021806 2.3761e-06 0.041613
0.013582 0.0082797 0.0021736 2.3454e-06 0.041632
0.013575 0.0082795 0.0021668 2.319e-06 0.041652
0.013567 0.0082793 0.00216 2.2969e-06 0.041673
0.01356 0.0082791 0.0021534 2.279e-06 0.041694
0.013553 0.0082789 0.0021468 2.2651e-06 0.041716
0.013545 0.0082786 0.0021402 2.2455e-06 0.041738
0.013538 0.0082784 0.0021336 2.2307e-06 0.041761
0.013531 0.0082782 0.0021272 2.2257e-06 0.041785
0.013524 0.008278 0.0021207 2.2152e-06 0.041808
0.013517 0.0082778 0.0021143 2.2089e-06 0.041832
0.01351 0.0082776 0.0021079 2.2066e-06 0.041857
0.013503 0.0082774 0.0021016 2.1995e-06 0.041881
0.013496 0.0082772 0.0020953 2.1964e-06 0.041907
0.013489 0.008277 0.0020891 2.1882e-06 0.041933
0.013482 0.0082768 0.002083 2.1839e-06 0.04196
0.013475 0.0082766 0.0020769 2.1829e-06 0.041988
0.013468 0.0082764 0.002071 2.1853e-06 0.042017
0.013461 0.0082762 0.0020649 2.1828e-06 0.042045
0.013455 0.008276 0.002059 2.1843e-06 0.042074
0.013448 0.0082759 0.0020531 2.1897e-06 0.042104
0.013442 0.0082757 0.0020472 2.1902e-06 0.042133
0.013435 0.0082755 0.0020413 2.1865e-06 0.042163
0.013428 0.0082753 0.0020354 2.1861e-06 0.042193
0.013422 0.0082751 0.0020296 2.1884e-06 0.042224
0.013415 0.0082749 0.0020239 2.1935e-06 0.042255
0.013409 0.0082747 0.0020182 2.2012e-06 0.042287
0.013403 0.0082746 0.0020126 2.2121e-06 0.04232
0.013396 0.0082744 0.0020071 2.2263e-06 0.042354
0.01339 0.0082742 0.0020016 2.244e-06 0.042388
0.013384 0.0082741 0.0019962 2.2654e-06 0.042424
0.013378 0.0082739 0.0019907 2.2817e-06 0.042459
0.013372 0.0082737 0.0019854 2.302e-06 0.042495
0.013366 0.0082736 0.0019801 2.3272e-06 0.042531
0.01336 0.0082734 0.0019749 2.3571e-06 0.042569
0.013354 0.0082733 0.0019696 2.381e-06 0.042606
0.013348 0.0082731 0.0019643 2.4108e-06 0.042575
0.013342 0.0082729 0.0019591 2.4457e-06 0.042545
0.013336 0.0082728 0.0019538 2.4746e-06 0.042514
0.01333 0.0082726 0.0019484 2.4973e-06 0.042483
0.013324 0.0082724 0.0019431 2.526e-06 0.042453
0.013318 0.0082723 0.001938 2.5609e-06 0.042424
0.013312 0.0082721 0.0019327 2.589e-06 0.042395
0.013306 0.008272 0.0019276 2.6234e-06 0.042366
0.0133 0.0082718 0.0019224 2.6509e-06 0.042337
0.013294 0.0082716 0.0019173 2.6848e-06 0.042309
0.013289 0.0082715 0.0019123 2.7117e-06 0.042282
0.013283 0.0082713 0.0019072 2.7317e-06 0.042255
0.013277 0.0082712 0.0019022 2.7581e-06 0.042229
0.013272 0.008271 0.0018973 2.7754e-06 0.042202
0.013266 0.0082709 0.0018926 2.7992e-06 0.042177
0.013261 0.0082707 0.0018879 2.8287e-06 0.042152
0.013255 0.0082706 0.0018831 2.8517e-06 0.042127
0.01325 0.0082704 0.0018785 2.8814e-06 0.042103
0.013244 0.0082703 0.0018739 2.9178e-06 0.04208
0.013239 0.0082701 0.0018695 2.8099e-06 0.042058
0.013234 0.00827 0.0018651 2.7102e-06 0.042036
0.013229 0.0082699 0.0018607 2.6181e-06 0.042016
0.013223 0.0082697 0.0018565 2.5331e-06 0.041996
0.013218 0.0082696 0.0018523 2.4548e-06 0.041978
0.013214 0.0082695 0.0018483 2.3839e-06 0.04196
0.013209 0.0082694 0.0018443 2.3198e-06 0.041943
0.013204 0.0082693 0.0018403 2.2615e-06 0.041927
0.013199 0.0082692 0.0018363 2.1963e-06 0.04191
0.013194 0.0082691 0.0018323 2.1248e-06 0.041893
0.01319 0.0082689 0.0018283 2.0599e-06 0.041877
0.013185 0.0082688 0.0018243 2.0013e-06 0.041861
0.01318 0.0082687 0.0018204 1.9486e-06 0.041845
0.013176 0.0082686 0.0018165 1.9006e-06 0.04183
0.013171 0.0082685 0.0018127 1.8572e-06 0.041816
0.013167 0.0082684 0.001809 1.8178e-06 0.041803
0.013162 0.0082683 0.0018054 1.7828e-06 0.041791
0.013158 0.0082682 0.0018018 1.7424e-06 0.041779
0.013153 0.0082681 0.0017982 1.6971e-06 0.041767
0.013149 0.008268 0.0017946 1.655e-06 0.041756
0.013145 0.008268 0.001791 1.6083e-06 0.041745
0.013141 0.0082679 0.0017875 1.5642e-06 0.041734
0.013136 0.0082678 0.001784 1.5227e-06 0.041724
0.013132 0.0082677 0.0017805 1.4835e-06 0.041714
0.013128 0.0082676 0.0017771 1.4464e-06 0.041705
0.013124 0.0082675 0.0017738 1.4114e-06 0.041696
0.01312 0.0082675 0.0017705 1.3779e-06 0.041688
0.013116 0.0082674 0.0017672 1.3458e-06 0.041681
0.013112 0.0082673 0.001764 1.3102e-06 0.041674
0.013108 0.0082672 0.0017608 1.2764e-06 0.041668
0.013105 0.0082672 0.0017576 1.2392e-06 0.041661
0.013101 0.0082671 0.0017544 1.2036e-06 0.041655
0.013097 0.008267 0.0017512 1.1648e-06 0.041649
0.013093 0.008267 0.001748 1.1227e-06 0.041643
0.013089 0.0082669 0.0017448 1.0772e-06 0.041637
0.013086 0.0082668 0.0017416 1.0334e-06 0.041631
0.013082 0.0082667 0.0017384 9.8622e-07 0.041625
0.013078 0.0082666 0.0017352 9.4044e-07 0.04162
0.013074 0.0082666 0.001732 8.9087e-07 0.041614
0.013071 0.0082665 0.0017288 8.4337e-07 0.041609
0.013067 0.0082664 0.0017257 7.9817e-07 0.041605
0.013063 0.0082664 0.0017226 7.4809e-07 0.0416
0.01306 0.0082663 0.0017194 7.0056e-07 0.041595
0.013056 0.0082662 0.0017163 6.5593e-07 0.041591
0.013052 0.0082661 0.0017132 6.1407e-07 0.041587
0.013049 0.0082661 0.0017103 5.7495e-07 0.041585
0.013045 0.008266 0.0017074 5.3865e-07 0.041583
0.013042 0.008266 0.0017045 5.0467e-07 0.041583
0.013039 0.0082659 0.0017018 4.7282e-07 0.041583
0.013036 0.0082659 0.0016991 4.4366e-07 0.041584
0.013033 0.0082658 0.0016964 4.1e-07 0.041584
0.013029 0.0082658 0.0016937 3.7006e-07 0.041586
0.013026 0.0082657 0.0016911 3.3174e-07 0.041588
0.013024 0.0082657 0.0016886 2.9524e-07 0.041513
0.013021 0.0082657 0.0016862 2.6035e-07 0.04144
0.012986 0.0082653 0.001656 3.8205e-07 0.040534
0.012984 0.0082653 0.0016538 3.9226e-07 0.040468
0.012981 0.0082653 0.0016517 4.0351e-07 0.040404
0.012979 0.0082653 0.0016495 4.1587e-07 0.040339
0.012977 0.0082653 0.0016473 4.294e-07 0.040272
0.012974 0.0082652 0.0016451 4.4448e-07 0.040205
0.012972 0.0082652 0.001643 4.6053e-07 0.040139
0.01297 0.0082652 0.0016409 4.7765e-07 0.040075
0.012967 0.0082652 0.0016388 4.9076e-07 0.04001
0.012965 0.0082652 0.0016368 5.0496e-07 0.039946
0.012963 0.0082652 0.0016346 5.1501e-07 0.039881
0.012961 0.0082652 0.0016326 5.2656e-07 0.039818
0.012959 0.0082652 0.0016305 5.3379e-07 0.039754
0.012957 0.0082652 0.0016285 5.3673e-07 0.03969
0.012955 0.0082651 0.0016265 5.3521e-07 0.039626
0.012953 0.0082651 0.0016246 5.2963e-07 0.039564
0.012951 0.0082651 0.0016228 5.2552e-07 0.039504
0.012949 0.0082651 0.0016211 5.2286e-07 0.039443
0.012947 0.0082652 0.0016194 5.2164e-07 0.039383
0.012945 0.0082652 0.0016177 5.1614e-07 0.039322
0.012943 0.0082652 0.0016159 5.1218e-07 0.039261
0.012941 0.0082651 0.0016141 5.1061e-07 0.0392
0.012939 0.0082651 0.0016123 5.1007e-07 0.039139
0.012938 0.0082651 0.0016105 5.0554e-07 0.039078
0.012936 0.0082651 0.0016087 4.9703e-07 0.039016
0.012934 0.0082651 0.0016069 4.832e-07 0.038956
0.012932 0.0082651 0.001605 4.6533e-07 0.038895
0.01293 0.0082651 0.0016033 4.4893e-07 0.038835
0.012928 0.0082651 0.0016016 4.3388e-07 0.038777
0.012927 0.0082651 0.0015999 4.2012e-07 0.03872
0.012925 0.0082651 0.0015983 4.072e-07 0.038664
0.012924 0.0082651 0.0015968 3.9508e-07 0.038609
0.012922 0.0082651 0.0015953 3.7911e-07 0.038554
0.012921 0.0082651 0.0015938 3.639e-07 0.038499
0.012919 0.0082652 0.0015923 3.4551e-07 0.038446
0.012918 0.0082652 0.0015963 3.2894e-07 0.038394
0.012917 0.0082652 0.0016003 3.1327e-07 0.038344
0.012915 0.0082652 0.0016042 3.0004e-07 0.038293
0.012914 0.0082653 0.0016083 2.875e-07 0.038243
0.012913 0.0082653 0.0016124 2.753e-07 0.038195
0.012912 0.0082653 0.0016164 3.4721e-07 0.038145
0.01291 0.0082653 0.0016204 4.1402e-07 0.038095
0.012909 0.0082653 0.0016243 4.7584e-07 0.038045
0.012908 0.0082653 0.0016282 5.3275e-07 0.037996
0.012906 0.0082653 0.0016321 5.8446e-07 0.037948
0.012905 0.0082653 0.001636 6.3109e-07 0.037899
0.012903 0.0082653 0.0016399 6.7274e-07 0.03785
0.012902 0.0082653 0.0016437 7.0949e-07 0.0378
0.012901 0.0082653 0.0016475 7.4853e-07 0.037751
0.012899 0.0082653 0.0016515 7.9059e-07 0.037703
0.012898 0.0082653 0.0016553 8.3591e-07 0.037655
0.012897 0.0082653 0.0016593 8.8492e-07 0.037608
0.012896 0.0082653 0.0016633 9.3666e-07 0.037562
0.012894 0.0082654 0.0016674 9.911e-07 0.037516
0.012893 0.0082654 0.0016715 1.0483e-06 0.037472
0.012892 0.0082654 0.0016756 1.1012e-06 0.037427
0.012891 0.0082654 0.0016796 1.1571e-06 0.037382
0.01289 0.0082654 0.0016837 1.2161e-06 0.037336
0.012889 0.0082654 0.0016877 1.2775e-06 0.037291
0.012888 0.0082654 0.0016918 1.3412e-06 0.037247
0.012887 0.0082654 0.001696 1.4074e-06 0.037204
0.012886 0.0082654 0.0017002 1.476e-06 0.037161
0.012885 0.0082654 0.0017044 1.5509e-06 0.037118
0.012884 0.0082655 0.0017086 1.6292e-06 0.037076
0.012883 0.0082655 0.0017128 1.7104e-06 0.037034
0.012882 0.0082655 0.0017172 1.7955e-06 0.036993
0.012882 0.0082655 0.0017215 1.8839e-06 0.036953
0.012881 0.0082655 0.0017259 1.976e-06 0.036914
0.01288 0.0082656 0.0017304 2.0638e-06 0.036874
0.01288 0.0082656 0.0017349 2.1476e-06 0.036834
0.012879 0.0082656 0.0017394 2.2352e-06 0.036795
0.012878 0.0082656 0.0017439 2.3268e-06 0.036756
0.012878 0.0082657 0.0017485 2.4225e-06 0.036718
0.012877 0.0082657 0.0017532 2.5224e-06 0.036681
0.012877 0.0082657 0.0017579 2.6269e-06 0.036644
0.012876 0.0082658 0.0017626 2.7354e-06 0.036608
0.012876 0.0082658 0.0017674 2.8395e-06 0.036571
0.012875 0.0082658 0.0017721 2.9486e-06 0.036536
0.012875 0.0082659 0.0017769 3.063e-06 0.036501
0.012875 0.0082659 0.0017818 3.1832e-06 0.036466
0.012874 0.0082659 0.0017866 3.2984e-06 0.036432
0.012874 0.008266 0.0017915 3.42e-06 0.036398
0.012874 0.008266 0.0017965 3.5489e-06 0.036364
0.012874 0.0082661 0.0018015 3.6874e-06 0.036332
0.012874 0.0082661 0.0018065 3.8173e-06 0.036299
0.012874 0.0082662 0.0018114 3.8608e-06 0.036266
0.012873 0.0082662 0.0018164 3.9125e-06 0.036234
0.012873 0.0082663 0.0018215 3.9728e-06 0.036202
0.012873 0.0082663 0.0018266 4.0258e-06 0.036171
0.012873 0.0082663 0.0018317 4.0865e-06 0.03614
0.012873 0.0082664 0.0018369 4.1562e-06 0.03611
0.012874 0.0082665 0.0018422 4.1986e-06 0.036081
0.012874 0.0082665 0.0018476 4.2484e-06 0.036053
0.012874 0.0082666 0.0018531 4.291e-06 0.036025
0.012875 0.0082667 0.0018586 4.3412e-06 0.035999
0.012875 0.0082667 0.0018642 4.3982e-06 0.035973
0.012875 0.0082668 0.0018698 4.4485e-06 0.035947
0.012876 0.0082669 0.0018754 4.5045e-06 0.035921
0.012876 0.0082669 0.001881 4.5552e-06 0.035896
0.012877 0.008267 0.0018866 4.6121e-06 0.03587
0.012877 0.0082671 0.0018923 4.6741e-06 0.035846
0.012878 0.0082672 0.0018981 4.7422e-06 0.035822
0.012879 0.0082673 0.0019039 4.8154e-06 0.035799
0.012879 0.0082673 0.0019098 4.8939e-06 0.035776
0.01288 0.0082674 0.0019157 4.9678e-06 0.035753
0.012881 0.0082675 0.0019216 5.0466e-06 0.035731
0.012882 0.0082676 0.0019275 5.1302e-06 0.035709
0.012882 0.0082677 0.0019335 5.2095e-06 0.035687
0.012883 0.0082678 0.0019394 5.2945e-06 0.035665
0.012884 0.0082679 0.0019455 5.3852e-06 0.035644
0.012885 0.0082679 0.0019516 5.4819e-06 0.035624
0.012886 0.008268 0.0019576 5.5739e-06 0.035603
0.012887 0.0082681 0.0019637 5.6721e-06 0.035583
0.012888 0.0082682 0.0019698 5.7765e-06 0.035564
0.012889 0.0082683 0.001976 5.8761e-06 0.035544
0.01289 0.0082684 0.001982 5.9709e-06 0.035524
0.012891 0.0082685 0.0019882 6.0723e-06 0.035505
0.012892 0.0082686 0.0019944 6.1808e-06 0.035486
0.012893 0.0082687 0.0020007 6.2971e-06 0.035468
0.012894 0.0082688 0.002007 6.4223e-06 0.035451
0.012896 0.0082689 0.0020135 6.5586e-06 0.035434
0.012897 0.008269 0.00202 6.461e-06 0.035418
0.012898 0.0082691 0.0020266 6.3742e-06 0.035403
0.0129 0.0082692 0.0020332 6.3029e-06 0.035387
0.012901 0.0082693 0.0020398 6.2398e-06 0.035372
0.012903 0.0082694 0.0020465 6.1845e-06 0.035358
0.012904 0.0082696 0.0020532 6.1366e-06 0.035344
0.012906 0.0082697 0.0020598 6.0826e-06 0.03533
0.012907 0.0082698 0.0020665 6.0351e-06 0.035317
0.012909 0.0082699 0.0020731 5.9816e-06 0.035304
0.01291 0.00827 0.0020797 5.9231e-06 0.03529
0.012912 0.0082701 0.0020864 5.871e-06 0.035277
0.012913 0.0082702 0.0020932 5.8248e-06 0.035264
0.012915 0.0082703 0.0020999 5.7738e-06 0.035251
0.012916 0.0082704 0.0021066 5.7277e-06 0.035239
0.012918 0.0082705 0.0021134 5.6768e-06 0.035226
0.01292 0.0082707 0.0021202 5.6315e-06 0.035214
0.012921 0.0082708 0.002127 5.5914e-06 0.035203
0.012923 0.0082709 0.0021339 5.5566e-06 0.035192
0.012925 0.008271 0.0021408 5.5173e-06 0.035181
0.012927 0.0082711 0.0021477 5.4735e-06 0.035169
0.012928 0.0082712 0.0021546 5.4349e-06 0.035159
0.01293 0.0082713 0.0021615 5.3917e-06 0.035148
0.012932 0.0082714 0.0021685 5.3531e-06 0.035137
0.012934 0.0082716 0.0021755 5.3195e-06 0.035127
0.012936 0.0082717 0.0021826 5.2911e-06 0.035118
0.012938 0.0082718 0.0021897 5.2668e-06 0.035109
0.01294 0.0082719 0.002197 5.2466e-06 0.035101
0.012942 0.008272 0.0022041 5.2224e-06 0.035092
0.012944 0.0082722 0.0022114 5.2029e-06 0.035084
0.012946 0.0082723 0.0022187 5.1874e-06 0.035076
0.012948 0.0082724 0.0022259 5.1679e-06 0.035068
0.01295 0.0082725 0.0022333 5.1524e-06 0.035061
0.012952 0.0082727 0.0022406 5.1327e-06 0.035054
0.012954 0.0082728 0.0022478 5.1087e-06 0.035046
0.012956 0.0082729 0.0022551 5.0805e-06 0.035038
0.012958 0.008273 0.0022624 5.0569e-06 0.035031
0.01296 0.0082731 0.0022698 5.0379e-06 0.035024
0.012962 0.0082733 0.0022771 5.0146e-06 0.035018
0.012965 0.0082734 0.0022845 4.996e-06 0.035011
0.012967 0.0082735 0.002292 4.9813e-06 0.035005
0.012969 0.0082736 0.0022995 4.9706e-06 0.035
0.012972 0.0082738 0.0023071 4.9645e-06 0.034995
0.012974 0.0082739 0.0023148 4.9539e-06 0.034989
0.012976 0.008274 0.0023225 4.9474e-06 0.034985
0.012979 0.0082742 0.0023302 4.9457e-06 0.034981
0.012981 0.0082743 0.0023379 4.9487e-06 0.034977
0.012984 0.0082744 0.0023458 4.9557e-06 0.034974
0.012986 0.0082746 0.0023536 4.9584e-06 0.03497
0.012989 0.0082747 0.0023614 4.9657e-06 0.034967
0.012991 0.0082748 0.0023693 4.9686e-06 0.034964
0.012994 0.008275 0.0023772 4.9763e-06 0.034962
0.012997 0.0082751 0.0023851 4.9888e-06 0.03496
0.012999 0.0082752 0.0023932 4.9966e-06 0.034958
0.013002 0.0082754 0.0024013 5.009e-06 0.034957
0.013005 0.0082755 0.0024094 5.0166e-06 0.034956
0.013008 0.0082757 0.0024174 5.0188e-06 0.034955
0.01301 0.0082758 0.0024256 5.0277e-06 0.034953
0.013013 0.0082759 0.0024337 5.0304e-06 0.034951
0.013016 0.0082761 0.0024418 5.0401e-06 0.03495
0.013019 0.0082762 0.0024501 5.0559e-06 0.034949
0.013022 0.0082764 0.0024583 5.0652e-06 0.034948
0.013024 0.0082765 0.0024666 5.0809e-06 0.034948
0.013027 0.0082767 0.002475 5.1035e-06 0.034858
0.01303 0.0082768 0.0024833 5.1342e-06 0.034771
0.013033 0.008277 0.0024918 5.1722e-06 0.034684
0.013036 0.0082771 0.0025001 5.2184e-06 0.034597
0.013039 0.0082772 0.0025085 5.2581e-06 0.03451
0.013042 0.0082774 0.0025169 5.3048e-06 0.034424
0.013045 0.0082775 0.0025252 5.3444e-06 0.034337
0.013048 0.0082777 0.0025337 5.392e-06 0.034252
0.013051 0.0082778 0.0025421 5.4332e-06 0.034166
0.013054 0.0082779 0.0025506 5.4825e-06 0.034081
0.013058 0.0082781 0.0025592 5.5402e-06 0.033723
0.013061 0.0082782 0.0025678 5.5912e-06 0.033363
0.013064 0.0082784 0.0025765 5.6507e-06 0.033008
0.013067 0.0082785 0.0025853 5.719e-06 0.032658
0.01307 0.0082787 0.002594 5.7805e-06 0.032306
0.013074 0.0082788 0.0026028 5.8501e-06 0.031959
0.013077 0.008279 0.0026118 5.9282e-06 0.031616
0.01308 0.0082792 0.0026208 6.0154e-06 0.031277
0.013084 0.0082793 0.0026298 6.0946e-06 0.030936
0.013087 0.0082795 0.0026387 6.1833e-06 0.030594
0.013091 0.0082797 0.0026477 6.2798e-06 0.030255
0.013095 0.0082798 0.0026567 6.3704e-06 0.029915
0.013098 0.00828 0.0026656 6.4554e-06 0.029574
0.013102 0.0082801 0.0026746 6.5475e-06 0.029236
0.013105 0.0082803 0.0026837 6.6456e-06 0.028902
0.013109 0.0082805 0.0026927 6.7386e-06 0.028567
0.013112 0.0082806 0.0027018 6.8386e-06 0.028236
0.013116 0.0082808 0.002711 6.9339e-06 0.027908
0.01312 0.008281 0.0027203 7.0363e-06 0.027583
0.013124 0.0082811 0.0027297 7.145e-06 0.027261
0.013127 0.0082813 0.0027391 7.2612e-06 0.026942
0.013131 0.0082815 0.0027486 7.385e-06 0.026627
0.013135 0.0082816 0.0027582 7.5165e-06 0.026315
0.013139 0.0082818 0.0027678 7.6561e-06 0.026006
0.013143 0.008282 0.0027775 7.7905e-06 0.025696
0.013147 0.0082822 0.0027871 7.92e-06 0.025386
0.013151 0.0082824 0.0027968 8.0567e-06 0.025078
0.013155 0.0082825 0.0028065 8.2007e-06 0.024774
0.013159 0.0082827 0.0028164 8.3522e-06 0.024472
0.013163 0.0082829 0.0028262 8.4984e-06 0.024169
0.013168 0.0082831 0.0028359 8.6395e-06 0.023866
0.013172 0.0082832 0.0028457 8.7757e-06 0.023563
0.013176 0.0082834 0.0028555 8.9207e-06 0.023263
0.01318 0.0082836 0.0028654 9.0598e-06 0.022965
0.013184 0.0082838 0.0028753 9.1938e-06 0.022667
0.013188 0.008284 0.0028853 9.3358e-06 0.022372
0.013192 0.0082841 0.0028953 9.1141e-06 0.022081
0.013197 0.0082843 0.0029053 8.8862e-06 0.021788
0.013201 0.0082845 0.0029153 8.6519e-06 0.021493
0.013205 0.0082847 0.0029254 8.4282e-06 0.0212
0.01321 0.0082849 0.0029355 8.2161e-06 0.02091
0.013214 0.008285 0.0029458 8.0138e-06 0.020624
0.013218 0.0082852 0.002956 7.8051e-06 0.020336
0.013223 0.0082854 0.0029663 7.5638e-06 0.020052
0.013227 0.0082856 0.0029766 7.3339e-06 0.01977
0.013232 0.0082858 0.0029871 7.115e-06 0.019491
0.013236 0.008286 0.0029977 6.9063e-06 0.019216
0.013241 0.0082862 0.0030082 6.6918e-06 0.018939
0.013245 0.0082864 0.0030187 6.4714e-06 0.018662
0.01325 0.0082865 0.0030291 6.2453e-06 0.018384
0.013254 0.0082867 0.0030397 6.0292e-06 0.01811
0.013259 0.0082869 0.0030502 5.8075e-06 0.017834
0.013264 0.0082871 0.0030608 5.5955e-06 0.017562
0.013268 0.0082873 0.0030715 5.3931e-06 0.017292
0.013273 0.0082875 0.0030822 5.1985e-06 0.017024
0.013278 0.0082877 0.0030931 5.0127e-06 0.016759
0.013283 0.0082879 0.003104 4.8341e-06 0.016497
0.013288 0.0082881 0.0031151 4.6626e-06 0.016237
0.013292 0.0082883 0.0031262 4.4977e-06 0.015979
0.013297 0.0082885 0.0031373 4.3394e-06 0.015724
0.013302 0.0082887 0.0031485 4.176e-06 0.015468
0.013307 0.0082889 0.0031596 4.008e-06 0.015212
0.013312 0.0082891 0.0031707 3.8353e-06 0.014955
0.013317 0.0082893 0.0031819 3.669e-06 0.014701
0.013322 0.0082895 0.0031931 3.5089e-06 0.014448
0.013327 0.0082897 0.0032045 3.3547e-06 0.014199
0.013332 0.0082899 0.0032159 3.2061e-06 0.013951
0.013337 0.0082901 0.0032274 3.0629e-06 0.013706
0.013343 0.0082903 0.0032389 2.915e-06 0.01346
0.013348 0.0082905 0.0032503 2.7624e-06 0.013214
0.013353 0.0082907 0.0032619 2.616e-06 0.01297
0.013358 0.0082909 0.0032735 2.4753e-06 0.012728
0.013363 0.0082911 0.0032853 2.3402e-06 0.012489
0.013369 0.0082913 0.003297 2.2009e-06 0.01225
0.013374 0.0082915 0.0033086 2.0574e-06 0.012112
0.013379 0.0082917 0.0033204 1.9186e-06 0.011975
0.013385 0.0082919 0.0033322 1.7849e-06 0.01184
0.01339 0.0082921 0.0033442 1.6553e-06 0.011706
0.013395 0.0082923 0.0033561 1.5215e-06 0.011571
0.013401 0.0082925 0.003368 1.3834e-06 0.011436
0.013406 0.0082927 0.0033799 1.25e-06 0.011303
0.013412 0.008293 0.003392 1.1212e-06 0.011171
0.013417 0.0082932 0.003404 9.8845e-07 0.011039
0.013423 0.0082934 0.0034161 1.0451e-06 0.010906
0.013428 0.0082936 0.003428 1.0984e-06 0.010773
0.013434 0.0082938 0.0034401 1.1535e-06 0.010642
0.013439 0.008294 0.0034522 1.2053e-06 0.01051
0.013445 0.0082942 0.0034643 1.2585e-06 0.010379
0.01345 0.0082944 0.0034766 1.3138e-06 0.01025
0.013456 0.0082946 0.0034888 1.3657e-06 0.010121
0.013461 0.0082948 0.0035011 1.4196e-06 0.0099925
0.013467 0.008295 0.0035134 1.4699e-06 0.0098641
0.013473 0.0082952 0.0035257 1.5095e-06 0.0097368
0.013478 0.0082954 0.0035382 1.5511e-06 0.0096108
0.013484 0.0082957 0.0035507 1.589e-06 0.0094845
0.01349 0.0082959 0.0036808 1.6235e-06 0.0093579
0.013496 0.0082961 0.0038117 1.6596e-06 0.0092326
0.013501 0.0082963 0.0039426 1.6923e-06 0.0091069
0.013507 0.0082965 0.0040743 1.7267e-06 0.0089824
0.013513 0.0082967 0.0042058 1.7574e-06 0.0088576
0.013519 0.0082969 0.0043371 1.7844e-06 0.0087325
0.013524 0.0082971 0.0044683 1.8077e-06 0.008607
0.01353 0.0082973 0.0046004 1.8329e-06 0.0084827
0.013536 0.0082975 0.0047323 1.8544e-06 0.0083581
0.013542 0.0082977 0.0048651 1.8784e-06 0.0082348
0.013547 0.0082979 0.0049978 1.8986e-06 0.0081111
0.013553 0.0082981 0.0051314 1.921e-06 0.0079886
0.013559 0.0082983 0.0052647 1.9462e-06 0.0078676
0.013565 0.0082985 0.0053978 1.9672e-06 0.0077461
0.013571 0.0082987 0.0055306 1.9838e-06 0.0076242
0.013577 0.0082989 0.0056645 2.0037e-06 0.0075037
0.013582 0.0082991 0.0057981 2.0189e-06 0.0073827
0.013588 0.0082993 0.0059313 2.0291e-06 0.007261
0.013594 0.0082995 0.0060658 2.0438e-06 0.0071411
0.0136 0.0082997 0.0061999 2.0531e-06 0.0070205
0.013606 0.0082999 0.0063352 2.0663e-06 0.0069015
0.013612 0.0083001 0.0064701 2.0744e-06 0.0067819
0.013618 0.0083002 0.0066062 2.086e-06 0.0066638
0.013624 0.0083004 0.0067434 2.1017e-06 0.0065473
0.01363 0.0083006 0.0068819 2.1207e-06 0.0064324
0.013636 0.0083008 0.0070199 2.1346e-06 0.0063167
0.013642 0.008301 0.0071592 2.1526e-06 0.0062026
0.013648 0.0083013 0.0072997 2.1749e-06 0.0060902
0.013654 0.0083015 0.0074399 2.1922e-06 0.0059772
0.013661 0.0083017 0.0075813 2.2132e-06 0.0058656
0.013667 0.0083019 0.0076157 2.2388e-06 0.0057557
0.013674 0.0083021 0.0076186 2.269e-06 0.0056473
0.01368 0.0083023 0.0076217 2.3031e-06 0.0055403
0.013687 0.0083025 0.0076249 2.3322e-06 0.0054347
0.013693 0.0083028 0.0076282 2.3645e-06 0.0053303
0.0137 0.008303 0.0076316 2.4001e-06 0.0052271
0.013707 0.0083032 0.0076351 2.4383e-06 0.0051249
0.013713 0.0083035 0.0076386 2.4726e-06 0.0050224
0.01372 0.0083037 0.0076421 2.5093e-06 0.0049209
0.013727 0.0083039 0.0076458 2.5486e-06 0.0048203
0.013734 0.0083042 0.0076496 2.5906e-06 0.0047207
0.013741 0.0083044 0.0076534 2.6353e-06 0.004622
0.013748 0.0083046 0.0076573 2.6759e-06 0.0045246
0.013755 0.0083049 0.007661 2.7125e-06 0.0044269
0.013761 0.0083051 0.0076649 2.7524e-06 0.0043302
0.013769 0.0083053 0.0076689 2.7952e-06 0.0042345
0.013776 0.0083056 0.007673 2.8419e-06 0.0041398
0.013783 0.0083058 0.0076773 2.8927e-06 0.0040462
0.01379 0.0083061 0.0076816 2.9484e-06 0.0039537
0.013797 0.0083063 0.0076859 2.998e-06 0.0038607
0.013804 0.0083066 0.0076901 3.0415e-06 0.0037671
0.013811 0.0083068 0.0076945 3.0908e-06 0.0036748
0.013819 0.008307 0.007699 2.9852e-06 0.0035838
0.013826 0.0083073 0.0077034 2.8722e-06 0.0034922
0.013833 0.0083075 0.0077078 2.7673e-06 0.0033999
0.01384 0.0083078 0.0077123 2.6712e-06 0.0033091
0.013848 0.008308 0.0077169 2.5823e-06 0.0032196
0.013855 0.0083083 0.0077215 2.4856e-06 0.0031294
0.013863 0.0083085 0.0077263 2.3972e-06 0.0030407
0.01387 0.0083088 0.0077312 2.3169e-06 0.0029533
0.013878 0.008309 0.007736 2.2965e-06 0.0028654
0.013885 0.0083093 0.0077408 2.2695e-06 0.0027768
0.013892 0.0083095 0.0077454 2.2482e-06 0.0026862
0.0139 0.0083097 0.00775 2.2201e-06 0.0025948
0.013907 0.00831 0.0077547 2.1969e-06 0.0025048
0.013915 0.0083102 0.0077596 2.1779e-06 0.002416
0.013922 0.0083105 0.0077646 2.163e-06 0.0023284
0.01393 0.0083107 0.0077695 2.143e-06 0.0022404
0.013937 0.008311 0.0077744 2.118e-06 0.0021518
0.013945 0.0083112 0.0077794 2.0962e-06 0.0020643
0.013953 0.0083115 0.0077844 2.0694e-06 0.0019763
0.01396 0.0083117 0.0077894 2.046e-06 0.0018894
0.013968 0.008312 0.0077946 2.0173e-06 0.0018035
0.013976 0.0083122 0.0077998 1.9834e-06 0.0017171
0.013983 0.0083124 0.007805 1.9536e-06 0.001632
0.013991 0.0083127 0.0078105 1.928e-06 0.001548
0.013999 0.0083129 0.0078159 1.8973e-06 0.0015381
0.014007 0.0083132 0.0078214 1.8704e-06 0.0015285
0.014015 0.0083135 0.0078271 1.8481e-06 0.001519
0.014023 0.0083137 0.0078329 1.8304e-06 0.0015097
0.014031 0.008314 0.007839 1.8077e-06 0.0015006
0.014039 0.0083143 0.0078452 1.7898e-06 0.0014917
0.014047 0.0083145 0.0078513 1.7658e-06 0.0014827
0.014056 0.0083148 0.0078576 1.7466e-06 0.0014738
0.014064 0.0083151 0.0078641 1.7313e-06 0.0014649
0.014072 0.0083154 0.0078705 1.7206e-06 0.0014561
0.014081 0.0083156 0.007877 1.7136e-06 0.0014475
0.014089 0.0083159 0.0078838 1.7109e-06 0.001439
0.014098 0.0083162 0.0078907 1.7126e-06 0.0014308
0.014106 0.0083165 0.0078978 1.7186e-06 0.0014227
0.014115 0.0083168 0.0079047 1.7189e-06 0.0014145
0.014124 0.0083171 0.0079119 1.7235e-06 0.0014064
0.014132 0.0083174 0.007919 1.7224e-06 0.0013982
0.014141 0.0083177 0.0079263 1.7255e-06 0.0013902
0.01415 0.008318 0.0079337 1.7324e-06 0.0013824
0.014159 0.0083182 0.007941 1.7335e-06 0.0013744
0.014168 0.0083185 0.0079483 1.7293e-06 0.0013663
0.014176 0.0083188 0.0079554 1.7198e-06 0.001358
0.014185 0.0083191 0.0079627 1.714e-06 0.0013499
0.014194 0.0083194 0.00797 1.7119e-06 0.001342
0.014203 0.0083197 0.0079771 1.7041e-06 0.001334
0.014211 0.0083199 0.0079841 1.6904e-06 0.0013257
0.01422 0.0083202 0.007991 1.669e-06 0.0013174
0.014229 0.0083205 0.0079981 1.6514e-06 0.0013092
0.014238 0.0083208 0.0080054 1.6381e-06 0.0013012
0.014246 0.0083211 0.0080128 1.6284e-06 0.0012933
0.014255 0.0083213 0.0080202 1.6134e-06 0.0012853
0.014264 0.0083216 0.0080277 1.6027e-06 0.0012775
0.014273 0.0083219 0.0080145 1.5956e-06 0.0012699
0.014282 0.0083222 0.0080012 1.5832e-06 0.0012621
0.014291 0.0083225 0.0079881 1.5744e-06 0.0012544
0.0143 0.0083228 0.0079748 1.5598e-06 0.0012466
0.014309 0.0083231 0.0079615 1.5397e-06 0.0012387
0.014319 0.0083233 0.0079483 1.5236e-06 0.001231
0.014328 0.0083236 0.0079354 1.511e-06 0.0012234
0.014337 0.0083239 0.0079223 1.5019e-06 0.0012156
0.014346 0.0083242 0.0079095 1.4961e-06 0.0012081
0.014355 0.0083245 0.0078968 1.4852e-06 0.0012006
0.014365 0.0083248 0.0078844 1.4776e-06 0.0011933
0.014374 0.0083251 0.0078718 1.4649e-06 0.0011859
0.014384 0.0083254 0.0078595 1.4555e-06 0.0011787
0.014393 0.0083257 0.0078471 1.4409e-06 0.0011713
0.014402 0.008326 0.0078348 1.4297e-06 0.0011641
0.014412 0.0083263 0.0078224 1.4129e-06 0.0011567
0.014421 0.0083266 0.00781 1.4583e-06 0.0011492
0.014431 0.0083269 0.0077977 1.4978e-06 0.0011418
0.01444 0.0083272 0.0077856 1.5413e-06 0.0011346
0.01445 0.0083275 0.0077738 1.5898e-06 0.0011276
0.01446 0.0083278 0.0077621 1.6428e-06 0.0011206
0.014469 0.0083281 0.0077503 1.6895e-06 0.0011136
0.014479 0.0083284 0.0077387 1.7407e-06 0.0011067
0.014489 0.0083287 0.007727 1.7862e-06 0.0010996
0.014499 0.008329 0.0077155 1.8363e-06 0.0010927
0.014509 0.0083293 0.0077042 1.88e-06 0.0011052
0.014519 0.0083296 0.0076932 1.9174e-06 0.0011174
0.014529 0.00833 0.0076823 1.9602e-06 0.0011295
0.014539 0.0083303 0.0076716 1.984e-06 0.0011418
0.01455 0.0083306 0.0076611 2.0122e-06 0.0011542
0.01456 0.008331 0.0076506 2.0348e-06 0.0011666
0.01457 0.0083313 0.0076402 2.0618e-06 0.0011791
0.01458 0.0083316 0.0076297 2.083e-06 0.0011915
0.014591 0.008332 0.0076194 2.1088e-06 0.001204
0.014601 0.0083323 0.007609 2.1283e-06 0.0012165
0.014612 0.0083326 0.0075984 2.142e-06 0.0012287
0.014622 0.0083329 0.0075881 2.1603e-06 0.0012412
0.014632 0.0083333 0.0075777 2.1723e-06 0.0012535
0.014643 0.0083336 0.0075671 2.175e-06 0.0012657
0.014653 0.0083339 0.0075568 2.183e-06 0.0012781
0.014664 0.0083342 0.0075463 2.1847e-06 0.0012903
0.014674 0.0083346 0.0075358 2.1806e-06 0.0013023
0.014684 0.0083349 0.0075254 2.1811e-06 0.0013146
0.014695 0.0083352 0.0075152 2.1758e-06 0.0013277
0.014705 0.0083355 0.0075052 2.1757e-06 0.0013411
0.014716 0.0083359 0.0074955 2.181e-06 0.0013547
0.014727 0.0083362 0.0074856 2.1799e-06 0.0013681
0.014737 0.0083365 0.0074759 2.1834e-06 0.0013817
0.014748 0.0083369 0.0074664 2.1915e-06 0.0013956
0.014759 0.0083372 0.0074567 2.2049e-06 0.0014097
0.01477 0.0083375 0.0074473 2.2237e-06 0.001424
0.01478 0.0083379 0.0074381 2.2484e-06 0.0014386
0.014791 0.0083382 0.007429 2.2786e-06 0.0014535
0.014802 0.0083385 0.0074201 2.3147e-06 0.0014686
0.014814 0.0083389 0.0074114 2.3568e-06 0.0014839
0.014825 0.0083392 0.0074026 2.4051e-06 0.0014991
0.014836 0.0083396 0.007394 2.3246e-06 0.0015146
0.014847 0.00834 0.0073856 2.2504e-06 0.0015303
0.014859 0.0083403 0.0073771 2.1699e-06 0.0015458
0.01487 0.0083407 0.0073687 2.095e-06 0.0015616
0.014881 0.008341 0.0073605 2.0243e-06 0.0015776
0.014893 0.0083414 0.0073524 1.9576e-06 0.0015937
0.014904 0.0083417 0.0073443 1.8858e-06 0.0016098
0.014916 0.0083421 0.0073362 1.8177e-06 0.001626
0.014927 0.0083425 0.0073281 1.7532e-06 0.0016421
0.014939 0.0083428 0.0073202 1.6918e-06 0.0016583
0.014951 0.0083432 0.0073123 1.6337e-06 0.0016748
0.014962 0.0083436 0.0073046 1.5788e-06 0.0016915
0.014974 0.0083439 0.007297 1.5267e-06 0.0017083
0.014986 0.0083443 0.0072894 1.4704e-06 0.0017251
0.014998 0.0083447 0.0072819 1.417e-06 0.001742
0.015009 0.008345 0.0072743 1.3594e-06 0.0017589
0.015021 0.0083454 0.0072667 1.2976e-06 0.0017756
0.015033 0.0083458 0.0072591 1.2313e-06 0.0017922
0.015045 0.0083461 0.0072513 1.1605e-06 0.0018087
0.015057 0.0083465 0.0072437 1.0928e-06 0.0018255
0.015068 0.0083469 0.0072361 1.0201e-06 0.0018421
0.01508 0.0083472 0.0072286 9.5156e-07 0.0018589
0.015092 0.0083476 0.007221 8.878e-07 0.0018755
0.015104 0.0083479 0.0072133 8.1821e-07 0.001892
0.015116 0.0083483 0.0072055 7.4264e-07 0.0019083
0.015128 0.0083486 0.0071979 6.7116e-07 0.0019243
0.01514 0.008349 0.0071905 6.041e-07 0.0019406
0.015151 0.0083494 0.0071829 5.4112e-07 0.0019567
0.015163 0.0083497 0.0071756 4.8183e-07 0.0019731
0.015175 0.0083501 0.0071681 4.2589e-07 0.0019894
0.015187 0.0083504 0.0071605 4.1034e-07 0.0020054
0.015199 0.0083508 0.0071532 3.956e-07 0.0020217
0.015211 0.0083511 0.0071457 3.7681e-07 0.0020378
0.015223 0.0083515 0.0071383 3.5876e-07 0.0020542
0.015235 0.0083519 0.0071312 3.4167e-07 0.0020708
0.015248 0.0083522 0.0071242 3.2543e-07 0.0020878
0.01526 0.0083526 0.0071174 3.0995e-07 0.0021051
0.015272 0.008353 0.0071105 2.9083e-07 0.0021219
0.015285 0.0083533 0.0071038 2.7243e-07 0.0021391
0.015297 0.0083537 0.0070972 2.5437e-07 0.0021565
0.01531 0.0083541 0.0070906 2.3272e-07 0.0021737
0.015322 0.0083545 0.0070841 2.1169e-07 0.0021913
0.015335 0.0083548 0.0070775 1.8705e-07 0.0022087
0.015347 0.0083552 0.0070709 2.2256e-07 0.0022259
0.01536 0.0083556 0.0070644 2.5415e-07 0.0022434
0.015372 0.0083559 0.0070579 2.8165e-07 0.0022607
0.015385 0.0083563 0.0070515 3.0998e-07 0.0022783
0.015398 0.0083567 0.0070449 3.3418e-07 0.0022957
0.01541 0.0083571 0.0070386 3.5961e-07 0.0023134
0.015423 0.0083574 0.0070324 3.8606e-07 0.0023314
0.015436 0.0083578 0.0070262 4.1402e-07 0.0023498
0.015449 0.0083582 0.0070201 4.4351e-07 0.0023685
0.015461 0.0083586 0.0070139 4.6917e-07 0.002387
0.015474 0.0083589 0.0070077 4.9133e-07 0.0024053
0.015487 0.0083593 0.0070016 5.139e-07 0.0024239
0.0155 0.0083597 0.0069954 5.332e-07 0.0024424
0.015513 0.0083601 0.0069894 5.5308e-07 0.0024612
0.015526 0.0083604 0.0069835 5.7327e-07 0.0024801
0.015539 0.0083608 0.0069777 5.9411e-07 0.0024993
0.015552 0.0083612 0.0069718 6.1156e-07 0.0025183
0.015565 0.0083616 0.0069661 6.2968e-07 0.0025376
0.015578 0.008362 0.0069605 6.4824e-07 0.0025571
0.015591 0.0083624 0.0069548 6.6338e-07 0.0025765
0.015605 0.0083627 0.0069493 6.7929e-07 0.0025962
0.015618 0.0083631 0.0069438 6.9574e-07 0.0026161
0.015631 0.0083635 0.0069383 7.0864e-07 0.0026358
0.015645 0.0083639 0.006933 7.2229e-07 0.0026558
0.015658 0.0083643 0.0069277 7.3738e-07 0.002676
0.015672 0.0083647 0.0069226 7.5406e-07 0.0026966
0.015685 0.0083651 0.0069176 7.7207e-07 0.0027175
0.015699 0.0083655 0.0069128 7.8603e-07 0.0027387
0.015713 0.0083659 0.0069081 8.0149e-07 0.0027602
0.015726 0.0083663 0.0069033 8.1285e-07 0.0027815
0.01574 0.0083667 0.0068987 8.2626e-07 0.0028032
0.015754 0.0083671 0.006894 8.3547e-07 0.0028248
0.015768 0.0083675 0.0068894 8.4636e-07 0.0028466
0.015782 0.0083679 0.0068848 8.5303e-07 0.0028682
0.015796 0.0083683 0.0068803 8.6172e-07 0.0028902
0.01581 0.0083688 0.006876 8.7196e-07 0.0029126
0.015824 0.0083692 0.0068718 8.842e-07 0.0029353
0.015838 0.0083696 0.0068677 8.9841e-07 0.0029583
0.015853 0.00837 0.0068636 9.087e-07 0.0029812
0.015867 0.0083704 0.0068596 9.2035e-07 0.0030044
0.015881 0.0083709 0.0068555 9.2835e-07 0.0030274
0.015895 0.0083713 0.0068514 9.3273e-07 0.0030503
0.01591 0.0083717 0.0068474 9.3798e-07 0.0030734
0.015924 0.0083721 0.0068434 9.3962e-07 0.0030965
0.015938 0.0083725 0.0068393 9.3764e-07 0.0031194
0.015953 0.0083729 0.0068353 9.3695e-07 0.0031425
0.015967 0.0083734 0.0068315 9.3765e-07 0.003166
0.015982 0.0083738 0.0068276 9.3461e-07 0.0031894
0.015996 0.0083742 0.0068236 9.2748e-07 0.0032125
0.016011 0.0083746 0.0068198 9.2265e-07 0.0032361
0.016025 0.008375 0.0068159 9.1312e-07 0.0032594
0.01604 0.0083754 0.0068121 9.0604e-07 0.0032832
0.016054 0.0083759 0.0068083 9.0138e-07 0.0033073
0.016069 0.0083763 0.0068046 8.9912e-07 0.0033319
0.016084 0.0083767 0.0068011 8.9926e-07 0.0033569
0.016098 0.0083771 0.0067977 9.0133e-07 0.0033823
0.016113 0.0083776 0.0067945 9.0584e-07 0.0034082
0.016128 0.008378 0.0067914 9.1236e-07 0.0034335
0.016143 0.0083784 0.0067883 9.1411e-07 0.0034586
0.016158 0.0083789 0.006785 9.1141e-07 0.0034835
0.016173 0.0083793 0.0067819 9.1122e-07 0.0035088
0.016189 0.0083797 0.006779 8.1754e-07 0.0035345
0.016204 0.0083802 0.0067762 7.2965e-07 0.0035606
0.016219 0.0083806 0.0067735 6.4628e-07 0.0035872
0.016235 0.0083811 0.0067708 5.5692e-07 0.0036135
0.01625 0.0083815 0.0067682 4.7312e-07 0.0036402
0.016265 0.008382 0.0067658 3.9328e-07 0.0036674
0.016281 0.0083824 0.0067632 3.0876e-07 0.0036944
0.016297 0.0083829 0.0067609 2.2713e-07 0.0037217
0.016312 0.0083833 0.0067584 2.3658e-07 0.0037488
0.016328 0.0083838 0.0067561 2.4588e-07 0.0037764
0.016344 0.0083842 0.0067539 2.5505e-07 0.0038043
0.016359 0.0083847 0.0067518 2.6098e-07 0.0038327
0.016375 0.0083852 0.0067497 2.6372e-07 0.0038608
0.016391 0.0083856 0.0067476 2.6623e-07 0.0038893
0.016407 0.0083861 0.0067458 2.6849e-07 0.0039183
0.016423 0.0083865 0.006744 2.7051e-07 0.0039476
0.016439 0.008387 0.0067423 2.7229e-07 0.0039773
0.016455 0.0083875 0.0067406 2.7092e-07 0.0040069
0.016472 0.008388 0.0067389 2.6648e-07 0.0040362
0.016488 0.0083884 0.0067372 2.6166e-07 0.004066
0.016504 0.0083889 0.0067357 2.565e-07 0.0040961
0.01652 0.0083894 0.0067341 2.482e-07 0.004126
0.016537 0.0083898 0.0067326 2.3984e-07 0.0041564
0.016553 0.0083903 0.0067311 2.2828e-07 0.0041865
0.016569 0.0083908 0.0067295 2.1673e-07 0.0042164
0.016585 0.0083912 0.0067278 2.0177e-07 0.0042461
0.016602 0.0083917 0.0067263 1.869e-07 0.0042762
0.016618 0.0083922 0.0067247 1.722e-07 0.0043061
0.016634 0.0083926 0.006723 1.5761e-07 0.0043356
0.016651 0.0083931 0.0067214 1.4304e-07 0.0043657
0.016667 0.0083936 0.00672 1.2498e-07 0.0043964
0.016684 0.008394 0.0067186 1.5684e-07 0.0044267
0.0167 0.0083945 0.006717 1.8501e-07 0.0044568
0.016717 0.0083949 0.0067156 2.1399e-07 0.0044875
0.016733 0.0083954 0.0067144 2.3924e-07 0.0045186
0.01675 0.0083959 0.006713 2.5975e-07 0.0045494
0.016766 0.0083963 0.0067119 2.8095e-07 0.0045808
0.016783 0.0083968 0.0067108 3.0229e-07 0.0046126
0.0168 0.0083973 0.0067098 3.2363e-07 0.0046448
0.016817 0.0083978 0.0067088 3.4171e-07 0.0046768
0.016834 0.0083982 0.0067079 3.599e-07 0.0047093
0.016851 0.0083987 0.0067071 3.7799e-07 0.0047421
0.016868 0.0083992 0.0067063 3.9286e-07 0.0047747
0.016885 0.0083997 0.0067055 4.0765e-07 0.0048077
0.016902 0.0084002 0.0067047 4.192e-07 0.0048406
0.016919 0.0084006 0.0067041 4.3092e-07 0.0048738
0.016936 0.0084011 0.0067033 4.3964e-07 0.004907
0.016953 0.0084016 0.0067027 4.4813e-07 0.0049404
0.01697 0.0084021 0.006702 4.5359e-07 0.0049737
0.016988 0.0084026 0.0067015 4.5899e-07 0.0050075
0.017005 0.008403 0.006701 4.6138e-07 0.005041
0.017022 0.0084035 0.0067006 4.6345e-07 0.005075
0.01704 0.008404 0.0067003 4.6517e-07 0.0051092
0.017057 0.0084045 0.0067001 4.6653e-07 0.0051438
0.017075 0.008405 0.0066998 4.6498e-07 0.0051783
0.017092 0.0084055 0.0066996 4.6306e-07 0.0052131
0.01711 0.008406 0.0066994 4.5831e-07 0.0052478
0.017128 0.0084065 0.0066993 4.5341e-07 0.0052829
0.017145 0.008407 0.0066993 4.4837e-07 0.0053184
0.017163 0.0084074 0.0066992 4.4299e-07 0.0053537
0.017181 0.0084079 0.0066993 4.3723e-07 0.0053894
0.017199 0.0084084 0.0066993 4.2859e-07 0.005425
0.017216 0.0084089 0.0066992 4.1707e-07 0.0054604
0.017234 0.0084094 0.0066992 4.0268e-07 0.0054958
0.017252 0.0084099 0.0066991 3.855e-07 0.005531
0.01727 0.0084104 0.006699 3.6553e-07 0.0055661
0.017287 0.0084109 0.0066989 3.4513e-07 0.0056016
0.017305 0.0084113 0.0066989 3.2194e-07 0.005637
0.017323 0.0084118 0.0066989 2.9833e-07 0.0056727
0.017341 0.0084123 0.006699 2.7427e-07 0.0057087
0.017359 0.0084128 0.0066991 2.4736e-07 0.0057447
0.017377 0.0084133 0.0066991 2.1752e-07 0.0057805
0.017395 0.0084138 0.0066992 2.6767e-07 0.0058167
0.017413 0.0084143 0.0066995 3.1835e-07 0.0058534
0.017431 0.0084147 0.0066998 3.7e-07 0.0058905
0.017449 0.0084152 0.0067003 4.2276e-07 0.005928
0.017468 0.0084157 0.0067008 4.7679e-07 0.005966
0.017486 0.0084162 0.0067014 5.2428e-07 0.0060044
0.017505 0.0084167 0.0067021 5.6839e-07 0.0060426
0.017523 0.0084172 0.0067028 6.1344e-07 0.0060813
0.017542 0.0084177 0.0067035 6.5915e-07 0.0061204
0.01756 0.0084182 0.0067043 7.0159e-07 0.0061593
0.017579 0.0084187 0.006705 7.4091e-07 0.0061981
0.017597 0.0084192 0.0067058 7.8088e-07 0.0062373
0.017616 0.0084197 0.0067066 8.1772e-07 0.0062764
0.017634 0.0084202 0.0067073 8.5141e-07 0.0063154
0.017653 0.0084207 0.0067082 8.756e-07 0.0063547
0.017672 0.0084212 0.006709 8.9654e-07 0.0063939
0.017691 0.0084217 0.0067098 9.1804e-07 0.0064335
0.017709 0.0084222 0.0067108 9.3629e-07 0.0064735
0.017728 0.0084227 0.0067117 9.5147e-07 0.0065134
0.017747 0.0084232 0.0067128 9.6713e-07 0.0065537
0.017766 0.0084237 0.0067138 9.7976e-07 0.0065939
0.017785 0.0084242 0.0067148 9.9317e-07 0.0066344
0.017804 0.0084247 0.006716 1.0071e-06 0.0066754
0.017823 0.0084252 0.0067173 1.0215e-06 0.0067168
0.017842 0.0084258 0.0067186 1.0368e-06 0.0067586
0.017861 0.0084263 0.0067199 1.0489e-06 0.0068003
0.01788 0.0084268 0.0067213 1.0616e-06 0.0068424
0.0179 0.0084273 0.0067227 1.0712e-06 0.0068843
0.017919 0.0084278 0.0067241 1.0817e-06 0.0069268
0.017938 0.0084283 0.0066905 1.0931e-06 0.0069696
0.017958 0.0084288 0.0066572 1.1054e-06 0.0070129
0.017977 0.0084293 0.006624 1.1187e-06 0.0070567
0.017997 0.0084298 0.0065911 1.133e-06 0.007101
0.018016 0.0084304 0.0065582 1.1441e-06 0.0071451
0.018036 0.0084309 0.0065255 1.156e-06 0.0071896
0.018056 0.0084314 0.0064927 1.1646e-06 0.0072341
0.018075 0.0084319 0.0064602 1.174e-06 0.0072789
0.018095 0.0084324 0.0064276 1.1802e-06 0.0073236
0.018115 0.008433 0.0063952 1.1872e-06 0.0073688
0.018135 0.0084335 0.0063628 1.191e-06 0.0074138
0.018155 0.008434 0.0063304 1.1918e-06 0.0074587
0.018174 0.0084345 0.0062981 1.1933e-06 0.0075041
0.018194 0.008435 0.0062661 1.1958e-06 0.0075499
0.018214 0.0084356 0.0062343 1.199e-06 0.0075962
0.018234 0.0084361 0.0062028 1.2032e-06 0.0076429
0.018255 0.0084366 0.0061714 1.2082e-06 0.0076901
0.018275 0.0084371 0.0061403 1.2142e-06 0.0077378
0.018295 0.0084377 0.0061093 1.2209e-06 0.007786
0.018316 0.0084382 0.0060786 1.2288e-06 0.0078347
0.018336 0.0084388 0.0060482 1.2377e-06 0.0078838
0.018357 0.0084393 0.0060179 1.2474e-06 0.0079335
0.018377 0.0084398 0.0059876 1.254e-06 0.007983
0.018398 0.0084404 0.0059574 1.2613e-06 0.008033
0.018418 0.0084409 0.0059273 1.2655e-06 0.0080828
0.018439 0.0084414 0.0058971 1.2664e-06 0.0081325
0.01846 0.008442 0.005867 1.268e-06 0.0081827
0.018481 0.0084425 0.0058372 1.2705e-06 0.0082334
0.018501 0.0084431 0.0058074 1.2699e-06 0.0082839
0.018522 0.0084436 0.0057775 1.2661e-06 0.0083343
0.018543 0.0084441 0.0057478 1.2635e-06 0.0083853
0.018564 0.0084447 0.005718 1.2576e-06 0.0084361
0.018585 0.0084452 0.0056885 1.2526e-06 0.0084873
0.018605 0.0084458 0.0056589 1.2443e-06 0.0085385
0.018626 0.0084463 0.0056296 1.237e-06 0.0085901
0.018648 0.0084468 0.0056004 1.2309e-06 0.0086424
0.018669 0.0084474 0.0055715 1.2259e-06 0.0086951
0.01869 0.0084479 0.0055427 1.222e-06 0.0087485
0.018711 0.0084485 0.0055142 1.2188e-06 0.0088023
0.018732 0.008449 0.0054856 1.2167e-06 0.008856
0.018754 0.0084496 0.0054572 1.2157e-06 0.0089102
0.018775 0.0084501 0.005429 1.2158e-06 0.0089651
0.018797 0.0084507 0.0054011 1.217e-06 0.0090205
0.018818 0.0084513 0.0053733 1.215e-06 0.0090765
0.01884 0.0084518 0.0053457 1.214e-06 0.0091331
0.018862 0.0084524 0.0053184 1.2138e-06 0.0091903
0.018884 0.0084529 0.005291 1.2104e-06 0.0092473
0.018906 0.0084535 0.0052635 1.2038e-06 0.0093041
0.018927 0.0084541 0.0052362 1.1984e-06 0.0093616
0.018949 0.0084546 0.0052089 1.1897e-06 0.0094189
0.018971 0.0084552 0.0051819 1.1823e-06 0.0094769
0.018993 0.0084557 0.0051547 1.1716e-06 0.0095346
0.019015 0.0084563 0.0051275 1.1574e-06 0.0095922
0.019037 0.0084569 0.0051005 1.1442e-06 0.0096504
0.019059 0.0084574 0.0050737 1.1326e-06 0.0097093
0.019081 0.008458 0.0050471 1.1221e-06 0.0097688
0.019104 0.0084586 0.0050208 1.1128e-06 0.009829
0.019126 0.0084591 0.0049943 1.1001e-06 0.009889
0.019148 0.0084597 0.0049681 1.0886e-06 0.0099496
0.019171 0.0084603 0.0049421 1.078e-06 0.010011
0.019193 0.0084609 0.0049162 1.0685e-06 0.010073
0.019216 0.0084614 0.0048904 1.0558e-06 0.010135
0.019239 0.008462 0.0048647 1.0441e-06 0.010197
0.019261 0.0084626 0.0048392 1.0333e-06 0.01026
0.019284 0.0084632 0.0048139 1.0234e-06 0.010324
0.019307 0.0084637 0.0047888 1.0145e-06 0.010389
0.01933 0.0084643 0.0047636 1.0062e-06 0.010453
0.019353 0.0084649 0.0047386 9.9842e-07 0.010518
0.019376 0.0084655 0.0047138 9.9126e-07 0.010584
0.019399 0.0084661 0.004689 9.8084e-07 0.010649
0.019422 0.0084667 0.0046641 9.6717e-07 0.010714
0.019445 0.0084673 0.0046393 9.5437e-07 0.01078
0.019468 0.0084678 0.0046148 9.4241e-07 0.010847
0.019492 0.0084684 0.0045904 9.3127e-07 0.010914
0.019515 0.008469 0.004566 9.1687e-07 0.010982
0.019538 0.0084696 0.0045418 9.0336e-07 0.01105
0.019562 0.0084702 0.0045175 8.8647e-07 0.011117
0.019585 0.0084708 0.0044932 8.6615e-07 0.011185
0.019608 0.0084714 0.0044688 8.4206e-07 0.011252
0.019632 0.008472 0.0044446 8.1972e-07 0.01132
0.019655 0.0084726 0.0044207 7.9879e-07 0.011389
0.019679 0.0084732 0.0043969 7.7944e-07 0.011459
0.019703 0.0084737 0.0043731 7.5571e-07 0.011528
0.019727 0.0084743 0.0043495 7.2751e-07 0.011599
0.01975 0.0084749 0.0043262 7.0146e-07 0.011671
0.019774 0.0084755 0.0043027 6.7092e-07 0.011742
0.019798 0.0084761 0.0042796 6.4253e-07 0.011814
0.019822 0.0084767 0.0042563 6.1584e-07 0.011886
0.019846 0.0084773 0.0042332 5.9074e-07 0.011959
0.01987 0.008478 0.0042104 5.6753e-07 0.012033
0.019856 0.0084786 0.0041879 5.4575e-07 0.012108
0.019842 0.0084792 0.0041656 5.2571e-07 0.012185
0.019828 0.0084798 0.0041436 5.0693e-07 0.012262
0.019813 0.0084804 0.0041214 4.8409e-07 0.012339
0.019799 0.008481 0.0040996 4.5685e-07 0.012418
0.019785 0.0084817 0.0040779 4.3127e-07 0.012498
0.019771 0.0084823 0.0040566 4.0684e-07 0.012579
0.019757 0.0084829 0.004035 3.7816e-07 0.012659
0.019743 0.0084836 0.0040138 3.5092e-07 0.012741
0.01973 0.0084842 0.0039928 3.2497e-07 0.012824
0.019716 0.0084848 0.003972 2.9986e-07 0.012908
0.019703 0.0084855 0.0039514 2.755e-07 0.012994
0.019689 0.0084861 0.0039311 2.4711e-07 0.013081
0.019676 0.0084868 0.003911 2.1975e-07 0.01317
0.019663 0.0084875 0.0038908 1.8837e-07 0.013258
0.019649 0.0084881 0.0038708 1.5312e-07 0.013347
0.019636 0.0084888 0.0038507 1.1976e-07 0.013435
0.019623 0.0084894 0.0038308 8.2623e-08 0.013525
0.01961 0.0084901 0.0038112 8.642e-08 0.013616
0.019597 0.0084908 0.0037918 8.9425e-08 0.013709
0.019584 0.0084914 0.0037722 8.9391e-08 0.013801
0.019571 0.0084921 0.0037529 8.8539e-08 0.013895
0.019559 0.0084928 0.0037339 8.686e-08 0.01399
0.019546 0.0084934 0.003715 8.4346e-08 0.014087
0.019533 0.0084941 0.0036964 8.0989e-08 0.014185
0.019521 0.0084948 0.0036779 7.6636e-08 0.014285
0.019509 0.0084955 0.0036594 6.9268e-08 0.014384
0.019496 0.0084962 0.0036407 1.0234e-07 0.014482
0.019484 0.0084969 0.003622 1.3186e-07 0.014579
0.019471 0.0084975 0.0036035 1.6192e-07 0.014679
0.019459 0.0084982 0.0035849 1.8845e-07 0.014777
0.019446 0.0084989 0.0035664 2.1148e-07 0.014877
0.019434 0.0084996 0.0035479 2.3114e-07 0.014977
0.019422 0.0085003 0.0035296 2.5092e-07 0.014992
0.019409 0.008501 0.0035114 2.7037e-07 0.015008
0.019397 0.0085016 0.0034932 2.8684e-07 0.015023
0.019385 0.0085023 0.0034749 3.0051e-07 0.015039
0.019373 0.008503 0.0034566 3.1141e-07 0.015054
0.01936 0.0085037 0.0034384 3.2184e-07 0.015069
0.019348 0.0085044 0.0034204 3.3182e-07 0.015085
0.019336 0.0085051 0.0034025 3.4137e-07 0.015102
0.019324 0.0085057 0.0033848 3.5051e-07 0.015118
0.019312 0.0085064 0.0033671 3.5906e-07 0.015135
0.019301 0.0085071 0.0033494 3.6477e-07 0.015152
0.019289 0.0085078 0.0033317 3.6759e-07 0.015169
0.019277 0.0085085 0.0033141 3.7011e-07 0.015186
0.019265 0.0085092 0.0032965 3.6963e-07 0.015203
0.019253 0.0085099 0.0032788 3.6597e-07 0.01522
0.019241 0.0085106 0.0032613 3.6434e-07 0.015236
0.01923 0.0085113 0.0032439 3.6311e-07 0.015253
0.019218 0.008512 0.0032265 3.5846e-07 0.015269
0.019206 0.0085126 0.0032093 3.5404e-07 0.015286
0.019195 0.0085133 0.0031919 3.4594e-07 0.015303
0.019183 0.008514 0.0031745 3.3817e-07 0.01532
0.019171 0.0085147 0.0031573 3.266e-07 0.015337
0.01916 0.0085154 0.0031403 3.1126e-07 0.015355
0.019148 0.0085161 0.0031235 2.9634e-07 0.015373
0.019137 0.0085168 0.0031068 2.8176e-07 0.015392
0.019126 0.0085175 0.0030901 3.5205e-07 0.01541
0.019115 0.0085182 0.0030736 4.2555e-07 0.015429
0.019104 0.008519 0.0030572 4.9351e-07 0.015448
0.019093 0.0085197 0.003041 5.5766e-07 0.015468
0.019082 0.0085204 0.0030251 6.2504e-07 0.015489
0.019071 0.0085211 0.003009 6.8695e-07 0.015509
0.01906 0.0085218 0.0029928 7.4353e-07 0.015529
0.019049 0.0085225 0.0029768 8.0374e-07 0.01555
0.019038 0.0085233 0.002961 8.6725e-07 0.015571
0.019027 0.008524 0.002945 9.2531e-07 0.015592
0.019016 0.0085247 0.002929 9.7801e-07 0.015612
0.019006 0.0085254 0.0029132 1.0346e-06 0.015633
0.018995 0.0085262 0.0028975 1.0861e-06 0.015655
0.018985 0.0085269 0.002882 1.1417e-06 0.015677
0.018974 0.0085276 0.0028665 1.202e-06 0.015699
0.018963 0.0085283 0.0028511 1.2664e-06 0.015722
0.018953 0.0085291 0.0028356 1.3247e-06 0.015744
0.018942 0.0085298 0.0028203 1.3875e-06 0.015767
0.018932 0.0085305 0.0028051 1.4558e-06 0.01579
0.018922 0.0085313 0.0027901 1.5292e-06 0.015814
0.018912 0.008532 0.002775 1.596e-06 0.015838
0.018901 0.0085328 0.0027601 1.6678e-06 0.015862
0.018891 0.0085335 0.0027451 1.7331e-06 0.015886
0.018881 0.0085342 0.0027302 1.8047e-06 0.01591
0.018871 0.008535 0.0027155 1.8817e-06 0.015934
0.018861 0.0085357 0.0027007 1.9528e-06 0.015958
0.018851 0.0085365 0.0026859 2.0181e-06 0.015981
0.018841 0.0085372 0.0026712 2.0884e-06 0.016006
0.018831 0.0085379 0.0026564 2.1524e-06 0.016029
0.018821 0.0085387 0.0026416 2.2108e-06 0.016053
0.018811 0.0085394 0.0026266 2.2635e-06 0.016076
0.018801 0.0085401 0.0026116 2.3105e-06 0.016099
0.018791 0.0085409 0.0025968 2.3633e-06 0.016122
0.018781 0.0085416 0.0025821 2.3462e-06 0.016147
0.018771 0.0085424 0.0025676 2.334e-06 0.016171
0.018761 0.0085431 0.002553 2.4549e-06 0.016196
0.018751 0.0085438 0.0025386 2.5859e-06 0.016221
0.018742 0.0085446 0.0025244 2.7089e-06 0.016247
0.018732 0.0085453 0.0025103 2.8422e-06 0.016273
0.018723 0.0085461 0.0024964 2.9853e-06 0.0163
0.018713 0.0085469 0.0024826 3.1387e-06 0.016328
0.018704 0.0085476 0.002469 3.3031e-06 0.016356
0.018695 0.0085484 0.0024553 4.4853e-06 0.016384
0.018685 0.0085492 0.0024418 5.7558e-06 0.016413
0.018676 0.0085499 0.0024281 6.9762e-06 0.016441
0.018667 0.0085507 0.0024144 8.1484e-06 0.016469
0.018658 0.0085514 0.0024006 9.2743e-06 0.016497
0.018648 0.0085522 0.002387 1.0485e-05 0.016525
0.018639 0.008553 0.0023735 1.1787e-05 0.016554
0.01863 0.0085538 0.0023601 1.3178e-05 0.016583
0.018621 0.0085545 0.0023469 1.466e-05 0.016614
0.018612 0.0085553 0.0023337 1.6091e-05 0.016644
0.018603 0.0085561 0.0023203 1.7481e-05 0.016673
0.018594 0.0085568 0.0023069 1.8832e-05 0.016702
0.018585 0.0085576 0.0022936 2.0263e-05 0.016732
0.018576 0.0085584 0.0022803 2.1649e-05 0.016762
0.018568 0.0085591 0.0022671 2.3117e-05 0.016792
0.018559 0.0085599 0.0022538 2.4538e-05 0.016822
0.01855 0.0085607 0.0022406 2.6055e-05 0.016853
0.018541 0.0085615 0.0022276 2.7675e-05 0.016884
0.018532 0.0085622 0.0022147 2.941e-05 0.016916
0.018524 0.008563 0.002202 3.1257e-05 0.016948
0.018515 0.0085638 0.0021892 3.3041e-05 0.01698
0.018507 0.0085646 0.0021765 3.496e-05 0.017013
0.018498 0.0085654 0.0021638 3.6802e-05 0.017046
0.01849 0.0085662 0.0021511 3.7335e-05 0.017079
0.018482 0.008567 0.0021387 3.7919e-05 0.017113
0.018473 0.0085677 0.0021264 3.8556e-05 0.017147
0.018465 0.0085686 0.0021142 3.9249e-05 0.017183
0.018457 0.0085693 0.002102 3.9913e-05 0.017218
0.018449 0.0085702 0.0020899 4.0635e-05 0.017254
0.018441 0.008571 0.002078 4.1421e-05 0.017291
0.018433 0.0085718 0.0020662 4.2274e-05 0.017328
0.018426 0.0085726 0.0020546 4.32e-05 0.017367
0.018418 0.0085734 0.0020431 4.4082e-05 0.017406
0.01841 0.0085742 0.0020316 4.4928e-05 0.017446
0.018403 0.0085751 0.0020201 4.5839e-05 0.017487
0.018395 0.0085759 0.0020088 4.6819e-05 0.017529
0.018388 0.0085767 0.0019976 4.7874e-05 0.017571
0.018381 0.0085776 0.0019864 4.8887e-05 0.017613
0.018373 0.0085784 0.0019752 4.9976e-05 0.017656
0.018366 0.0085792 0.001964 5.1064e-05 0.017699
0.018359 0.0085801 0.0019529 5.2151e-05 0.017742
0.018352 0.0085809 0.001942 5.3237e-05 0.017786
0.018344 0.0085818 0.001931 5.4321e-05 0.01783
0.018337 0.0085826 0.0019199 5.5405e-05 0.017873
0.01833 0.0085834 0.0019089 5.6487e-05 0.017917
0.018323 0.0085843 0.0018981 5.7569e-05 0.017962
0.018316 0.0085851 0.0018873 5.8649e-05 0.018008
0.018309 0.008586 0.0018765 5.9728e-05 0.018054
0.018302 0.0085868 0.0018657 6.0807e-05 0.018099
0.018295 0.0085876 0.0018547 6.1884e-05 0.018143
0.018288 0.0085885 0.0018439 6.296e-05 0.018188
0.018281 0.0085893 0.001833 6.4035e-05 0.018233
0.018274 0.0085902 0.0018221 6.5109e-05 0.018278
0.018267 0.008591 0.0018284 6.6182e-05 0.018322
0.01826 0.0085918 0.0018348 6.7253e-05 0.018366
0.018253 0.0085927 0.0018412 6.8324e-05 0.01841
0.018246 0.0085935 0.0018477 6.9394e-05 0.018456
0.018239 0.0085943 0.0018541 7.0462e-05 0.018501
0.018232 0.0085952 0.0018607 7.153e-05 0.018547
0.018225 0.008596 0.0018671 7.2596e-05 0.018592
0.018218 0.0085968 0.0018737 7.3661e-05 0.018638
0.018211 0.0085977 0.0018804 7.4725e-05 0.018686
0.018205 0.0085985 0.001887 7.5789e-05 0.018732
0.018198 0.0085993 0.0018935 7.6851e-05 0.018779
0.018191 0.0086002 0.0019 7.7912e-05 0.018824
0.018184 0.008601 0.0019064 7.8972e-05 0.01887
0.018177 0.0086018 0.0019128 8.0031e-05 0.018916
0.01817 0.0086026 0.0019191 8.1089e-05 0.018912
0.018163 0.0086035 0.0019255 8.2145e-05 0.01891
0.018156 0.0086043 0.0019318 8.3201e-05 0.018908
0.018149 0.0086051 0.0019382 8.4256e-05 0.018906
0.018143 0.0086059 0.0019447 8.531e-05 0.018905
0.018136 0.0086068 0.0019514 8.6362e-05 0.018904
0.01813 0.0086076 0.0019581 8.7414e-05 0.018905
