Pongo_abelii Prolemur_simus Propithecus_coquereli Rhinopithecus_bieti Rhinopithecus_roxellana
4.1451e-05 5.7125e-05 0.017001 0.0090777 0.0027387
3.909e-05 5.5808e-05 0.017004 0.0090737 0.0027354
3.679e-05 5.4551e-05 0.017008 0.0090698 0.0027323
3.4449e-05 5.3256e-05 0.017011 0.0090658 0.002729
3.2171e-05 5.2037e-05 0.017015 0.0090618 0.0027259
2.9857e-05 5.0785e-05 0.017019 0.0090579 0.0027227
2.7611e-05 4.9599e-05 0.017025 0.0090539 0.0027195
2.5324e-05 4.8375e-05 0.017029 0.00905 0.0027163
2.2999e-05 4.7116e-05 0.017033 0.009046 0.0027131
2.0636e-05 4.5821e-05 0.017036 0.009042 0.0027099
1.8337e-05 4.4808e-05 0.017002 0.009038 0.0027067
1.5995e-05 4.3759e-05 0.016966 0.009034 0.0027034
1.3613e-05 4.2678e-05 0.016929 0.0090299 0.0027002
1.3315e-05 4.1651e-05 0.016894 0.0090259 0.002697
1.3004e-05 4.0589e-05 0.016858 0.0090219 0.0026937
1.2681e-05 3.949e-05 0.016821 0.0090178 0.0026904
1.2368e-05 3.834e-05 0.016782 0.0090138 0.0026872
1.2042e-05 3.7151e-05 0.016741 0.0090097 0.0026839
1.1704e-05 3.5928e-05 0.016699 0.0090056 0.0026806
1.1376e-05 3.4763e-05 0.01666 0.0090016 0.0026773
1.1056e-05 3.3654e-05 0.016623 0.0089976 0.0026741
1.0745e-05 3.2599e-05 0.016589 0.0089937 0.002671
1.0421e-05 3.1509e-05 0.016553 0.0089897 0.0026678
1.0085e-05 3.0387e-05 0.016515 0.0089857 0.0026646
9.7618e-06 2.9233e-05 0.016477 0.0089818 0.0026615
9.4259e-06 2.8132e-05 0.016441 0.0089778 0.0026583
9.0979e-06 2.7083e-05 0.016407 0.0089738 0.0026551
8.777e-06 2.6079e-05 0.016375 0.0089698 0.0026519
8.445e-06 2.5048e-05 0.016342 0.0089658 0.0026487
8.1032e-06 2.3992e-05 0.016308 0.0089619 0.0026455
7.7683e-06 2.2981e-05 0.016276 0.008958 0.0026425
7.4397e-06 2.2013e-05 0.016246 0.0089542 0.0026394
7.1155e-06 2.1078e-05 0.016218 0.0089504 0.0026364
6.7833e-06 2.0127e-05 0.016188 0.0089465 0.0026334
6.4549e-06 1.9208e-05 0.016161 0.0089428 0.0026304
6.1183e-06 1.8272e-05 0.016133 0.008939 0.0026274
5.7739e-06 1.7322e-05 0.016104 0.0089351 0.0026244
5.4342e-06 1.6406e-05 0.016077 0.0089314 0.0026214
5.098e-06 1.5519e-05 0.016051 0.0089276 0.0026185
4.7652e-06 1.466e-05 0.016026 0.0089239 0.0026156
4.4357e-06 1.3829e-05 0.016003 0.0089203 0.0026127
4.1093e-06 1.3024e-05 0.015981 0.0089166 0.0026099
3.7868e-06 1.2247e-05 0.015961 0.0089131 0.0026071
3.4561e-06 1.1456e-05 0.01594 0.0089095 0.0026043
3.1295e-06 1.0693e-05 0.01592 0.0089059 0.0026016
2.8068e-06 9.9585e-06 0.015902 0.0089024 0.0025989
2.4883e-06 9.252e-06 0.015885 0.0088989 0.0025962
2.1733e-06 8.5713e-06 0.01587 0.0088955 0.0025936
1.8635e-06 7.9216e-06 0.015856 0.0088921 0.0025911
1.5592e-06 7.3031e-06 0.015844 0.0088888 0.0025886
1.2446e-06 6.6638e-06 0.015832 0.0088855 0.0025861
1.2513e-06 6.0537e-06 0.01582 0.0088821 0.0025835
1.251e-06 5.4224e-06 0.015808 0.0088787 0.0025809
1.2489e-06 4.8193e-06 0.015797 0.0088753 0.0025783
1.2404e-06 4.7918e-06 0.015786 0.0088719 0.0025757
1.2252e-06 4.7571e-06 0.015774 0.0088684 0.0025731
1.2084e-06 4.7278e-06 0.015763 0.008865 0.0025705
1.1851e-06 4.6914e-06 0.015751 0.0088616 0.0025679
1.1604e-06 4.6612e-06 0.015741 0.0088583 0.0025654
1.1292e-06 4.6239e-06 0.015731 0.0088549 0.0025628
1.0966e-06 4.5919e-06 0.015722 0.0088515 0.0025603
1.0573e-06 4.5523e-06 0.015712 0.0088481 0.0025578
1.0114e-06 4.5057e-06 0.015701 0.0088447 0.0025552
9.6417e-07 4.4651e-06 0.015692 0.0088414 0.0025526
9.1041e-07 4.417e-06 0.015681 0.008838 0.0025501
8.5528e-07 4.3749e-06 0.015673 0.0088346 0.0025476
1.002e-06 4.3379e-06 0.015666 0.0088313 0.002545
1.1491e-06 4.2939e-06 0.015659 0.0088279 0.0025425
1.2972e-06 4.2109e-06 0.015655 0.0088247 0.0025401
1.4377e-06 4.1337e-06 0.015652 0.0088214 0.0025376
1.5792e-06 4.0627e-06 0.015651 0.0088182 0.0025352
1.7132e-06 3.9847e-06 0.01565 0.0088149 0.0025328
1.8391e-06 3.912e-06 0.01565 0.0088116 0.0025303
1.9661e-06 3.8323e-06 0.015649 0.0088082 0.0025278
2.0855e-06 3.7455e-06 0.015647 0.0088048 0.0025253
2.1975e-06 3.6518e-06 0.015644 0.0088014 0.0025227
2.3104e-06 3.5641e-06 0.015643 0.0087981 0.0025202
2.4154e-06 3.469e-06 0.015641 0.0087947 0.0025176
2.5208e-06 3.3789e-06 0.01564 0.0087913 0.0025151
2.6266e-06 3.2937e-06 0.015641 0.008788 0.0025126
2.7337e-06 3.2139e-06 0.015644 0.0087848 0.0025102
2.8414e-06 3.1387e-06 0.015648 0.0087816 0.0025079
2.9411e-06 3.0563e-06 0.015651 0.0087784 0.0025055
3.0423e-06 2.9665e-06 0.015653 0.0087751 0.0025031
3.1356e-06 3.1546e-06 0.015654 0.0087718 0.0025006
3.2212e-06 3.3341e-06 0.015655 0.0087685 0.0024982
3.299e-06 3.5236e-06 0.015657 0.0087652 0.0024957
3.8781e-06 5.4008e-06 0.015696 0.0087319 0.0024709
3.9064e-06 5.5668e-06 0.015699 0.0087286 0.0024683
3.9362e-06 5.7432e-06 0.015704 0.0087252 0.0024658
3.9578e-06 5.9096e-06 0.015707 0.0087219 0.0024633
3.9715e-06 6.0672e-06 0.01571 0.0087184 0.0024608
3.9862e-06 6.2158e-06 0.015712 0.008715 0.0024582
4.0025e-06 6.3748e-06 0.015716 0.0087116 0.0024556
4.0204e-06 6.5444e-06 0.015721 0.0087083 0.0024531
4.0305e-06 6.8081e-06 0.015738 0.0087049 0.0024506
4.0421e-06 7.0869e-06 0.015757 0.0087016 0.0024482
4.0454e-06 7.3533e-06 0.015775 0.0086983 0.0024457
4.0504e-06 7.6352e-06 0.015794 0.008695 0.0024433
4.0569e-06 7.9334e-06 0.015816 0.0086918 0.0024409
4.065e-06 8.249e-06 0.01584 0.0086887 0.0024386
4.0649e-06 8.5511e-06 0.015863 0.0086855 0.0024363
4.0569e-06 8.8398e-06 0.015884 0.0086822 0.0024339
4.0505e-06 9.1457e-06 0.015908 0.008679 0.0024315
4.0358e-06 9.4379e-06 0.015931 0.0086758 0.0024291
4.0221e-06 9.7457e-06 0.015955 0.0086726 0.0024137
4.0001e-06 1.004e-05 0.015978 0.0086695 0.0023982
3.9698e-06 1.032e-05 0.016 0.0086663 0.0023826
3.9317e-06 1.0589e-05 0.016021 0.008663 0.002367
3.8945e-06 1.0844e-05 0.016041 0.0086598 0.0023515
3.8495e-06 1.1089e-05 0.016061 0.0086566 0.0023359
3.8055e-06 1.1347e-05 0.016082 0.0086533 0.0023202
3.7522e-06 1.1594e-05 0.016102 0.00865 0.0023045
3.6911e-06 1.183e-05 0.016121 0.0086467 0.0022887
3.6316e-06 1.2081e-05 0.016142 0.0086434 0.0022731
3.5729e-06 1.2319e-05 0.016161 0.0086402 0.0022576
3.5065e-06 1.2544e-05 0.01618 0.0086369 0.002242
3.3544e-06 1.2787e-05 0.016201 0.0086336 0.0022264
3.194e-06 1.3017e-05 0.016221 0.0086303 0.0022107
3.0363e-06 1.3237e-05 0.01624 0.008627 0.0021952
2.8704e-06 1.3445e-05 0.016259 0.0086237 0.0021795
2.7067e-06 1.3668e-05 0.016279 0.0086204 0.0021641
2.5441e-06 1.3499e-05 0.0163 0.0086172 0.0021487
2.3828e-06 1.334e-05 0.016324 0.008614 0.0021335
2.2144e-06 1.3174e-05 0.016346 0.0086108 0.0021182
2.0463e-06 1.3017e-05 0.016371 0.0086077 0.002103
2.2343e-06 1.2854e-05 0.016394 0.0086045 0.0020878
2.4221e-06 1.2698e-05 0.016419 0.0086014 0.0020727
2.6033e-06 1.2535e-05 0.016444 0.0085982 0.0020575
2.7784e-06 1.2367e-05 0.016468 0.0085951 0.0020423
2.9535e-06 1.2206e-05 0.016494 0.0085919 0.0020272
3.1222e-06 1.2054e-05 0.01652 0.0085888 0.0020121
3.2909e-06 1.1908e-05 0.016549 0.0085857 0.0019971
3.4596e-06 1.1769e-05 0.016578 0.0085826 0.0019822
3.6278e-06 1.1636e-05 0.016609 0.0085795 0.0019673
3.7898e-06 1.1497e-05 0.016639 0.0085765 0.0019524
3.9518e-06 1.1365e-05 0.016671 0.0085734 0.0019376
4.1076e-06 1.1227e-05 0.016703 0.0085704 0.0019228
4.2574e-06 1.1084e-05 0.016734 0.0085673 0.001908
4.4012e-06 1.0936e-05 0.016764 0.0085642 0.0018931
4.5391e-06 1.0783e-05 0.016794 0.0085611 0.0018782
4.6709e-06 1.0625e-05 0.016824 0.008558 0.0018634
4.8023e-06 1.0472e-05 0.016856 0.0085549 0.0018485
4.9275e-06 1.0314e-05 0.016886 0.0085518 0.0018337
5.0465e-06 1.015e-05 0.016917 0.0085487 0.0018189
5.1656e-06 9.993e-06 0.016948 0.0085456 0.0018041
5.2784e-06 9.8303e-06 0.01698 0.0085425 0.0017893
5.3909e-06 9.6731e-06 0.017012 0.0085394 0.0017746
5.4971e-06 9.5104e-06 0.017044 0.0085364 0.0017598
5.6034e-06 9.354e-06 0.017078 0.0085333 0.0017452
5.71e-06 9.2038e-06 0.017113 0.0085303 0.0017306
5.8164e-06 9.0588e-06 0.01715 0.0085273 0.0017161
5.9164e-06 8.9084e-06 0.017186 0.0085243 0.0017016
6.0101e-06 8.7524e-06 0.017222 0.0085213 0.001687
6.1037e-06 8.6017e-06 0.017259 0.0085183 0.0016726
6.1909e-06 8.4456e-06 0.017295 0.0085152 0.0016581
6.279e-06 8.2829e-06 0.017331 0.0085123 0.0016437
6.3605e-06 8.1142e-06 0.017366 0.0085093 0.0016292
6.4431e-06 7.9527e-06 0.017402 0.0085063 0.0016149
6.5269e-06 7.7984e-06 0.017441 0.0085034 0.0016007
6.6113e-06 7.65e-06 0.017481 0.0085005 0.0015865
6.6885e-06 7.4951e-06 0.017521 0.0084976 0.0015723
6.7543e-06 7.3463e-06 0.017562 0.0084948 0.0015582
6.813e-06 7.191e-06 0.017603 0.0084919 0.0015441
6.8729e-06 7.0424e-06 0.017645 0.008489 0.00153
6.9336e-06 6.8995e-06 0.01769 0.0084862 0.001516
6.9874e-06 6.7507e-06 0.017733 0.0084834 0.001502
7.0342e-06 6.5957e-06 0.017776 0.0084806 0.001488
7.082e-06 6.4469e-06 0.017763 0.0084777 0.0014741
7.1309e-06 6.3039e-06 0.017751 0.008475 0.0014602
7.1723e-06 6.1542e-06 0.017738 0.0084722 0.0014463
7.206e-06 5.9979e-06 0.017725 0.0084693 0.0014324
7.2324e-06 5.835e-06 0.017711 0.0084665 0.0014184
7.2602e-06 5.6787e-06 0.017698 0.0084637 0.0014046
7.2804e-06 5.5151e-06 0.017685 0.0084608 0.0013907
7.3031e-06 5.4688e-06 0.017668 0.008458 0.0013769
7.3175e-06 5.4143e-06 0.017736 0.0084552 0.001363
7.3342e-06 5.3649e-06 0.017808 0.0084525 0.0013493
7.3438e-06 5.3102e-06 0.017879 0.0084497 0.0013355
7.3547e-06 5.2595e-06 0.017952 0.0084469 0.0013218
7.3667e-06 5.2125e-06 0.018029 0.0084442 0.0013082
7.3798e-06 5.1691e-06 0.018109 0.0084415 0.0012947
7.3933e-06 5.1286e-06 0.018191 0.0084389 0.0012812
7.4002e-06 5.0833e-06 0.018273 0.0084362 0.0012677
7.4071e-06 5.0405e-06 0.018357 0.0084336 0.0012543
7.4141e-06 4.9999e-06 0.018444 0.008431 0.001241
7.4209e-06 4.9615e-06 0.018534 0.0084284 0.0012277
7.4216e-06 4.9189e-06 0.018623 0.0084258 0.0012144
7.416e-06 4.8718e-06 0.018711 0.0084232 0.0012011
7.4104e-06 4.8195e-06 0.018799 0.0084206 0.0011879
7.4046e-06 4.7693e-06 0.018889 0.0084181 0.0011747
7.3927e-06 4.7149e-06 0.018978 0.0084155 0.0011615
7.3812e-06 4.6631e-06 0.01907 0.008413 0.0011484
7.3701e-06 4.614e-06 0.019166 0.0084105 0.0011353
7.3527e-06 4.5605e-06 0.019261 0.008408 0.0011222
7.3357e-06 4.5025e-06 0.019354 0.0084055 0.0011092
7.3191e-06 4.4471e-06 0.019451 0.0084031 0.0010963
7.2961e-06 4.3873e-06 0.019548 0.0084006 0.0010833
7.2671e-06 4.3233e-06 0.019643 0.0083982 0.0010703
7.2385e-06 4.2619e-06 0.019742 0.0083957 0.0010574
7.2097e-06 4.2025e-06 0.019844 0.0083933 0.0010446
7.1809e-06 4.1451e-06 0.01995 0.0083909 0.0010318
7.1457e-06 4.0832e-06 0.020054 0.0083885 0.001019
7.111e-06 4.024e-06 0.020162 0.0083862 0.0010063
7.0697e-06 3.9601e-06 0.020268 0.0083838 0.00099353
7.0215e-06 3.8911e-06 0.020373 0.0083814 0.00098075
6.9745e-06 3.8154e-06 0.020477 0.008379 0.00096805
6.9201e-06 3.7451e-06 0.020586 0.0083766 0.00095531
6.867e-06 3.6781e-06 0.020699 0.0083742 0.00094265
6.8149e-06 3.6141e-06 0.020816 0.0083719 0.00093007
6.764e-06 3.5532e-06 0.020938 0.0083697 0.00091757
6.7056e-06 3.4868e-06 0.021059 0.0083674 0.00090504
6.6399e-06 3.415e-06 0.021177 0.008365 0.00089247
6.5756e-06 3.3466e-06 0.0213 0.0083627 0.00087998
6.5044e-06 3.2731e-06 0.021421 0.0083604 0.00086746
6.4346e-06 3.203e-06 0.021548 0.0083582 0.00085502
6.3664e-06 3.1362e-06 0.02168 0.008356 0.00084267
6.2992e-06 3.0723e-06 0.021817 0.0083538 0.0008304
6.2334e-06 3.0115e-06 0.02196 0.0083516 0.00081821
5.6404e-06 2.9538e-06 0.02211 0.0083496 0.0008061
5.0598e-06 2.9e-06 0.022268 0.0083475 0.00079408
4.4912e-06 2.8498e-06 0.022433 0.0083455 0.00078216
3.9331e-06 2.8027e-06 0.022607 0.0083436 0.00077032
3.3623e-06 2.7494e-06 0.022776 0.0083416 0.00075844
2.7783e-06 2.69e-06 0.022941 0.0083396 0.0007465
2.763e-06 2.624e-06 0.023101 0.0083376 0.00073451
2.748e-06 2.5623e-06 0.02327 0.0083356 0.00072262
2.7333e-06 2.5048e-06 0.023448 0.0083336 0.00071083
2.719e-06 2.4515e-06 0.023637 0.0083318 0.00069915
2.705e-06 2.4021e-06 0.023836 0.00833 0.00068756
2.6834e-06 2.3463e-06 0.024029 0.0083281 0.00067592
2.6617e-06 2.2842e-06 0.024217 0.0083263 0.00066437
2.6399e-06 2.2256e-06 0.024415 0.0083245 0.00065291
2.6104e-06 2.1604e-06 0.024608 0.0083227 0.00064139
2.5736e-06 2.0892e-06 0.024795 0.0083209 0.00062983
2.5373e-06 2.022e-06 0.024993 0.0083192 0.00061836
2.4936e-06 1.958e-06 0.025201 0.0083173 0.00060685
2.4426e-06 1.8972e-06 0.02542 0.0083155 0.00059529
2.3839e-06 1.83e-06 0.025633 0.0083136 0.00058367
2.3257e-06 1.7664e-06 0.025857 0.0083118 0.00057215
2.2601e-06 1.697e-06 0.026076 0.0083099 0.00057214
2.5442e-06 1.6306e-06 0.026306 0.0083079 0.00057211
2.819e-06 1.5584e-06 0.02653 0.0083059 0.00057205
3.098e-06 1.4889e-06 0.026765 0.008304 0.00057201
3.3674e-06 1.4136e-06 0.026995 0.008302 0.00057195
3.6402e-06 1.3403e-06 0.027234 0.0083001 0.00057191
3.9041e-06 1.2618e-06 0.027469 0.0082981 0.00057184
4.1596e-06 1.1782e-06 0.027699 0.0082961 0.00057175
4.4069e-06 1.0896e-06 0.027925 0.0082941 0.00057165
4.6574e-06 1.003e-06 0.028161 0.0082921 0.00057156
4.8999e-06 9.1157e-07 0.028393 0.0082901 0.00057145
5.1455e-06 8.2193e-07 0.028634 0.0082881 0.00057135
5.3835e-06 7.2781e-07 0.028873 0.0082862 0.00057124
5.6247e-06 6.3535e-07 0.02912 0.0082842 0.00057114
5.8578e-06 5.3816e-07 0.029364 0.0082822 0.00057103
6.0944e-06 4.4268e-07 0.029619 0.0082803 0.00057092
6.3232e-06 4.7585e-07 0.029869 0.0082784 0.0005708
6.5435e-06 5.0501e-07 0.030113 0.0082764 0.00057067
6.7676e-06 5.3387e-07 0.030367 0.0082744 0.00057054
6.9836e-06 5.5886e-07 0.030618 0.0082725 0.0005704
7.2036e-06 5.8361e-07 0.030879 0.0082706 0.00057028
7.4149e-06 6.043e-07 0.031136 0.0082686 0.00057013
7.6292e-06 6.2448e-07 0.031402 0.0082667 0.00057
7.8351e-06 6.4067e-07 0.031664 0.0082648 0.00056985
8.044e-06 6.5633e-07 0.031936 0.0082629 0.00056971
8.2445e-06 6.6801e-07 0.032204 0.008261 0.00056955
8.4481e-06 6.7917e-07 0.032481 0.0082591 0.0005694
8.6431e-06 6.8631e-07 0.032754 0.0082572 0.00056924
8.8298e-06 6.8943e-07 0.03302 0.0082552 0.00056906
9.0082e-06 6.886e-07 0.033283 0.0082533 0.00056886
9.1783e-06 6.8379e-07 0.033541 0.0082513 0.00056864
9.3528e-06 6.7891e-07 0.033811 0.0082493 0.00056843
9.5188e-06 6.7e-07 0.034076 0.0082474 0.00056821
9.6897e-06 6.7404e-07 0.034154 0.0082454 0.000568
9.8514e-06 6.7388e-07 0.034231 0.0082435 0.00056778
1.0018e-05 6.7364e-07 0.034312 0.0082416 0.00056757
1.0175e-05 6.6925e-07 0.034391 0.0082396 0.00056734
1.0324e-05 6.6135e-07 0.034468 0.0082377 0.00056709
1.0465e-05 6.495e-07 0.034544 0.0082357 0.00056682
1.0597e-05 6.3372e-07 0.034619 0.0082337 0.00056653
1.0732e-05 6.1751e-07 0.034697 0.0082317 0.00056626
1.0859e-05 5.972e-07 0.034773 0.0082297 0.00056597
1.099e-05 5.765e-07 0.034852 0.0082277 0.00056569
1.1111e-05 5.5161e-07 0.03493 0.0082257 0.00056539
1.1238e-05 5.2679e-07 0.035012 0.0082237 0.00056511
1.1354e-05 5.0372e-07 0.035021 0.0082218 0.0005648
1.1459e-05 4.7611e-07 0.035028 0.0082197 0.00056447
1.1571e-05 4.4878e-07 0.035038 0.0082178 0.00056416
1.1688e-05 4.6985e-07 0.035045 0.0082158 0.00056387
1.1795e-05 4.8623e-07 0.035207 0.0082139 0.00056356
1.1891e-05 5.027e-07 0.035378 0.0082119 0.00056322
1.1994e-05 5.1901e-07 0.035557 0.0082099 0.0005629
1.2085e-05 5.3084e-07 0.035731 0.008208 0.00056255
1.2183e-05 5.4282e-07 0.035915 0.008206 0.00056223
1.227e-05 5.503e-07 0.036094 0.0082041 0.00056188
1.2346e-05 5.5329e-07 0.036267 0.0082021 0.00056151
1.2429e-05 5.5644e-07 0.036451 0.0082001 0.00056116
1.2057e-05 5.5497e-07 0.036629 0.0081982 0.00056082
1.1673e-05 5.4897e-07 0.036801 0.0081963 0.00056047
1.1299e-05 5.4311e-07 0.036982 0.0081944 0.00056013
1.0914e-05 5.3298e-07 0.037159 0.0081925 0.00055977
1.0539e-05 5.2268e-07 0.037345 0.0081906 0.00055943
1.015e-05 5.0792e-07 0.037525 0.0081887 0.00055906
9.7491e-06 4.9329e-07 0.037715 0.0081868 0.00055868
1.0012e-05 4.742e-07 0.0379 0.0081848 0.00055826
1.0264e-05 4.5062e-07 0.038079 0.0081828 0.00055782
1.0524e-05 4.2717e-07 0.038268 0.0081808 0.0005574
1.0793e-05 4.0377e-07 0.038468 0.0081789 0.00055701
1.107e-05 3.8035e-07 0.038679 0.008177 0.00055663
1.1356e-05 3.5656e-07 0.038901 0.0081752 0.00055628
1.1629e-05 3.2842e-07 0.039117 0.0081734 0.0005559
1.1911e-05 3.0016e-07 0.039344 0.0081716 0.00055554
1.2183e-05 3.6103e-07 0.039566 0.0081698 0.00055516
1.2462e-05 4.227e-07 0.0398 0.008168 0.00055479
1.275e-05 4.8532e-07 0.040045 0.0081663 0.00055445
1.3046e-05 5.4904e-07 0.040303 0.0081647 0.00055412
1.3331e-05 6.1449e-07 0.040575 0.0081631 0.00055382
1.3625e-05 6.8185e-07 0.040862 0.0081615 0.00055353
1.3931e-05 7.5131e-07 0.041166 0.0081601 0.00055327
1.4246e-05 8.2256e-07 0.041485 0.0081586 0.00055303
1.4548e-05 8.8817e-07 0.041795 0.0081572 0.00055277
1.4838e-05 9.5618e-07 0.041889 0.0081558 0.00055252
1.5138e-05 1.0185e-06 0.041981 0.0081544 0.0005523
1.5426e-05 1.0752e-06 0.042069 0.008153 0.00055205
1.5723e-05 1.1336e-06 0.042163 0.0081517 0.00055182
1.6029e-05 1.1936e-06 0.042261 0.0081504 0.0005516
1.6324e-05 1.2491e-06 0.042358 0.0081491 0.00055137
1.6628e-05 1.306e-06 0.042459 0.0081478 0.00055116
1.6922e-05 1.3583e-06 0.042558 0.0081465 0.00055092
1.7207e-05 1.4062e-06 0.042656 0.0081452 0.00055067
1.7483e-05 1.4499e-06 0.042752 0.0081439 0.0005504
1.7766e-05 1.4943e-06 0.042852 0.0081426 0.00055014
1.804e-05 1.5347e-06 0.042951 0.0081413 0.00054986
1.832e-05 1.5758e-06 0.043054 0.00814 0.0005496
1.8604e-05 1.6172e-06 0.04316 0.0081387 0.00054935
1.8881e-05 1.6546e-06 0.043265 0.0081374 0.00054908
1.915e-05 1.6883e-06 0.043369 0.0081361 0.00054879
1.9425e-05 1.7225e-06 0.043477 0.0081349 0.00054852
1.9704e-05 1.7569e-06 0.043588 0.0081336 0.00054826
1.9988e-05 1.7918e-06 0.043704 0.0081324 0.000548
2.0278e-05 1.8273e-06 0.043823 0.0081313 0.00054775
2.0574e-05 1.8634e-06 0.043947 0.0081301 0.00054751
2.0862e-05 1.8956e-06 0.04407 0.008129 0.00054726
2.1155e-05 1.9285e-06 0.044196 0.0081279 0.00054702
2.1441e-05 1.9574e-06 0.044322 0.0081267 0.00054676
2.1719e-05 1.9825e-06 0.044446 0.0081256 0.00054649
2.199e-05 2.0038e-06 0.044569 0.0081244 0.0005462
2.2253e-05 2.0212e-06 0.04469 0.0081232 0.00054591
2.2522e-05 2.0393e-06 0.044816 0.008122 0.00054562
2.2783e-05 2.0536e-06 0.04494 0.0081209 0.00054531
2.305e-05 2.0682e-06 0.045068 0.0081197 0.00054502
2.3321e-05 2.0832e-06 0.0452 0.0081186 0.00054473
2.3585e-05 2.0944e-06 0.045331 0.0081175 0.00054443
2.3857e-05 2.1059e-06 0.045466 0.0081164 0.00054413
2.4122e-05 2.1136e-06 0.0456 0.0081152 0.00054382
2.4391e-05 2.1216e-06 0.045738 0.0081141 0.00054352
2.4653e-05 2.1257e-06 0.045875 0.008113 0.00054321
2.492e-05 2.1301e-06 0.046016 0.0081119 0.0005429
2.5193e-05 2.1353e-06 0.046162 0.0081109 0.0005426
2.5473e-05 2.1411e-06 0.046313 0.0081099 0.00054231
2.5758e-05 2.1474e-06 0.046322 0.0081089 0.00054203
2.6035e-05 2.1498e-06 0.04633 0.0081079 0.00054174
2.6304e-05 2.1483e-06 0.046337 0.0081068 0.00054143
2.6579e-05 2.1471e-06 0.046227 0.0081059 0.00054112
2.6846e-05 2.142e-06 0.046115 0.0081048 0.00054081
2.7119e-05 2.1377e-06 0.046007 0.0081039 0.0005405
2.7385e-05 2.1296e-06 0.045898 0.0081029 0.00054018
2.7658e-05 2.1222e-06 0.045793 0.0081019 0.00053987
2.7937e-05 2.1155e-06 0.045692 0.0081009 0.00053957
2.8222e-05 2.1247e-06 0.045609 0.0081 0.00053927
2.85e-05 2.13e-06 0.045525 0.0080991 0.00053896
2.8784e-05 2.136e-06 0.045444 0.0080982 0.00053866
2.9061e-05 2.1382e-06 0.045362 0.0080973 0.00053835
2.9343e-05 2.1408e-06 0.045283 0.0080964 0.00053804
2.9618e-05 2.1395e-06 0.045203 0.0080955 0.00053772
2.9885e-05 2.1389e-06 0.045126 0.0080947 0.00053741
3.0144e-05 2.1343e-06 0.045048 0.0080938 0.00053708
3.0395e-05 2.1258e-06 0.04497 0.0080929 0.00053674
3.0653e-05 2.118e-06 0.044894 0.008092 0.00053641
3.0903e-05 2.1063e-06 0.044817 0.0080911 0.00053607
3.116e-05 2.0953e-06 0.044743 0.0080903 0.00053573
3.141e-05 2.0806e-06 0.044669 0.0080894 0.00053538
3.1665e-05 2.0661e-06 0.044597 0.0080885 0.00053504
3.1927e-05 2.052e-06 0.044528 0.0080877 0.0005347
3.2194e-05 2.0381e-06 0.044461 0.0080869 0.00053437
3.2468e-05 2.0245e-06 0.044396 0.0080862 0.00053405
3.2734e-05 2.0072e-06 0.044331 0.0080854 0.00053372
3.3007e-05 1.9904e-06 0.044269 0.0080846 0.00053339
3.3273e-05 1.9699e-06 0.044205 0.0080839 0.00053305
3.3546e-05 1.9499e-06 0.044145 0.0080831 0.00053272
3.3825e-05 1.9301e-06 0.044086 0.0080824 0.0005324
3.4097e-05 1.9065e-06 0.044027 0.0080817 0.00053206
3.4376e-05 1.8835e-06 0.043971 0.008081 0.00053173
3.4647e-05 1.8565e-06 0.043913 0.0080803 0.00053139
3.4909e-05 1.8257e-06 0.043855 0.0080796 0.00053103
3.5179e-05 1.7955e-06 0.043799 0.0080789 0.00053068
3.5458e-05 1.7658e-06 0.043746 0.0080782 0.00053035
3.5726e-05 1.7318e-06 0.043692 0.0080775 0.00052999
3.6006e-05 1.6992e-06 0.043641 0.0080769 0.00052965
3.6298e-05 1.6683e-06 0.043593 0.0080763 0.00052932
3.6603e-05 1.639e-06 0.043548 0.0080758 0.00052901
3.6893e-05 1.6043e-06 0.043501 0.0080752 0.00052868
3.7197e-05 1.5714e-06 0.043458 0.0080746 0.00052836
3.7487e-05 1.533e-06 0.043413 0.0080741 0.00052802
3.7792e-05 1.4969e-06 0.043371 0.0080735 0.0005277
3.8114e-05 1.4631e-06 0.043333 0.0080731 0.00052739
3.8455e-05 1.4317e-06 0.043299 0.0080727 0.00052711
3.8778e-05 1.3946e-06 0.043262 0.0080722 0.00052681
3.9118e-05 1.3593e-06 0.043229 0.0080718 0.00052652
3.9441e-05 1.3185e-06 0.043194 0.0080714 0.00052621
3.9781e-05 1.2799e-06 0.043162 0.008071 0.00052592
4.0138e-05 1.2428e-06 0.043133 0.0080707 0.00052564
4.048e-05 1.2007e-06 0.043103 0.0080703 0.00052535
4.0807e-05 1.1534e-06 0.043071 0.0080699 0.00052503
4.1119e-05 1.1009e-06 0.043038 0.0080695 0.00052469
4.1417e-05 1.0432e-06 0.043003 0.008069 0.00052432
4.1698e-05 1.1485e-06 0.042966 0.0080685 0.00052393
4.1995e-05 1.2573e-06 0.042932 0.008068 0.00052356
4.2276e-05 1.36e-06 0.042897 0.0080675 0.00052317
4.2544e-05 1.4567e-06 0.04286 0.008067 0.00052275
4.2796e-05 1.5473e-06 0.042822 0.0080664 0.00052232
4.3035e-05 1.6322e-06 0.042782 0.0080658 0.00052186
4.326e-05 1.7113e-06 0.042741 0.0080651 0.00052138
4.3471e-05 1.7848e-06 0.042698 0.0080645 0.00052087
4.3696e-05 1.8611e-06 0.042658 0.0080639 0.00052039
4.3906e-05 1.9314e-06 0.042616 0.0080632 0.00051988
4.4103e-05 1.996e-06 0.042573 0.0080625 0.00051935
4.4315e-05 2.055e-06 0.042528 0.0080619 0.00051884
4.4513e-05 2.1081e-06 0.042481 0.0080612 0.0005183
4.4727e-05 2.3672e-06 0.042431 0.0080606 0.00051779
4.4929e-05 2.6187e-06 0.042379 0.0080599 0.00051725
4.5141e-05 2.8778e-06 0.04233 0.0080593 0.00051673
4.5345e-05 3.1312e-06 0.042281 0.0080587 0.00051619
4.5559e-05 3.3915e-06 0.042234 0.0080581 0.00051566
4.5764e-05 3.646e-06 0.042186 0.0080574 0.00051512
4.5978e-05 3.9074e-06 0.04214 0.0080568 0.00051459
4.6183e-05 4.1631e-06 0.042094 0.0080562 0.00051404
4.6397e-05 4.4247e-06 0.04205 0.0080557 0.0005135
4.6601e-05 4.6807e-06 0.042005 0.0080551 0.00051294
4.6798e-05 4.9312e-06 0.041959 0.0080545 0.00051237
4.7002e-05 5.1876e-06 0.041915 0.0080539 0.00051181
4.7215e-05 5.4523e-06 0.041643 0.0080533 0.00051126
4.7419e-05 5.7113e-06 0.041368 0.0080528 0.00051069
4.7633e-05 5.9777e-06 0.041102 0.0080522 0.00051014
4.7856e-05 6.2516e-06 0.040845 0.0080517 0.00050959
4.8071e-05 6.5198e-06 0.040585 0.0080512 0.00050902
4.8294e-05 6.7957e-06 0.040333 0.0080507 0.00050847
4.851e-05 7.0658e-06 0.040079 0.0080502 0.0005079
4.8733e-05 7.3428e-06 0.039833 0.0080497 0.00050734
4.8948e-05 7.6144e-06 0.039584 0.0080492 0.00050676
4.9171e-05 7.8931e-06 0.039343 0.0080487 0.00050619
4.9386e-05 8.1658e-06 0.0391 0.0080483 0.00050561
4.961e-05 8.4469e-06 0.038865 0.0080478 0.00050504
4.9826e-05 8.722e-06 0.038628 0.0080473 0.00050445
5.0034e-05 8.9916e-06 0.038388 0.0080468 0.00050385
5.025e-05 9.2685e-06 0.038156 0.0080464 0.00050325
5.0457e-05 9.5394e-06 0.037922 0.0080459 0.00050264
5.0656e-05 9.8044e-06 0.037685 0.0080454 0.00050202
5.0847e-05 1.0064e-05 0.037447 0.0080449 0.00050139
5.1047e-05 1.0104e-05 0.036934 0.0080444 0.00050076
5.1239e-05 1.0139e-05 0.036417 0.0080439 0.00050012
5.1423e-05 1.017e-05 0.035895 0.0080434 0.00049947
5.1617e-05 1.0195e-05 0.035369 0.0080429 0.00049882
5.182e-05 1.0225e-05 0.03486 0.0080425 0.00049818
5.2014e-05 1.025e-05 0.034346 0.008042 0.00049753
5.2219e-05 1.0281e-05 0.033849 0.0080416 0.00049689
5.2415e-05 1.0306e-05 0.033347 0.0080411 0.00049623
5.2603e-05 1.0327e-05 0.032842 0.0080406 0.00049556
5.2801e-05 1.0352e-05 0.032352 0.0080402 0.0004949
5.299e-05 1.0373e-05 0.031858 0.0080398 0.00049423
5.3171e-05 1.0389e-05 0.03136 0.0080393 0.00049354
5.3343e-05 1.0399e-05 0.030858 0.0080388 0.00049284
5.3524e-05 1.0414e-05 0.03037 0.0080383 0.00049214
5.3715e-05 1.0434e-05 0.029898 0.0080379 0.00049145
5.3914e-05 1.0459e-05 0.029439 0.0080375 0.00049075
5.4105e-05 1.0478e-05 0.028977 0.008037 0.00049004
5.4287e-05 1.0492e-05 0.02851 0.0080365 0.00048931
5.446e-05 1.0511e-05 0.028058 0.008036 0.00048857
5.4643e-05 1.0535e-05 0.02762 0.0080356 0.00048783
5.4835e-05 1.0564e-05 0.027195 0.0080351 0.00048711
5.5019e-05 1.0588e-05 0.026766 0.0080347 0.00048637
5.5212e-05 1.0616e-05 0.026351 0.0080342 0.00048563
5.5416e-05 1.065e-05 0.025949 0.0080338 0.00048491
5.5612e-05 1.0679e-05 0.025544 0.0080334 0.00048417
5.5817e-05 1.0713e-05 0.025152 0.0080331 0.00048344
5.6031e-05 1.0752e-05 0.024771 0.0080327 0.00048272
5.6255e-05 1.0795e-05 0.0244 0.0080324 0.00048201
5.6487e-05 1.0842e-05 0.024041 0.0080321 0.0004813
5.6728e-05 1.0894e-05 0.023692 0.0080318 0.00048059
5.6979e-05 1.0951e-05 0.023353 0.0080316 0.0004799
5.7222e-05 1.1003e-05 0.023012 0.0080314 0.00047919
5.7456e-05 1.105e-05 0.022668 0.0080311 0.00047847
5.7681e-05 1.1091e-05 0.02232 0.0080308 0.00047773
5.7916e-05 1.1138e-05 0.021984 0.0080305 0.000477
5.8161e-05 1.119e-05 0.021657 0.0080303 0.00047628
5.8397e-05 1.1236e-05 0.021327 0.0080301 0.00047554
5.8624e-05 1.1278e-05 0.020995 0.0080298 0.00047479
5.8862e-05 1.1324e-05 0.020672 0.0080296 0.00047405
5.911e-05 1.1376e-05 0.02036 0.0080294 0.00047332
5.9349e-05 1.1423e-05 0.020045 0.0080292 0.00047257
5.9579e-05 1.1464e-05 0.019728 0.0080289 0.00047181
5.9802e-05 1.1501e-05 0.019408 0.0080287 0.00047103
6.0016e-05 1.1534e-05 0.019086 0.0080284 0.00047024
6.024e-05 1.157e-05 0.018773 0.0080282 0.00046946
6.0474e-05 1.1613e-05 0.01847 0.008028 0.00046869
6.0719e-05 1.166e-05 0.018176 0.0080278 0.00046792
6.0956e-05 1.1703e-05 0.01788 0.0080276 0.00046714
6.1184e-05 1.1741e-05 0.017581 0.0080274 0.00046635
6.1423e-05 1.1784e-05 0.017292 0.0080272 0.00046556
6.1654e-05 1.1822e-05 0.017001 0.008027 0.00046476
6.1896e-05 1.1866e-05 0.016719 0.0080269 0.00046397
6.2129e-05 1.1905e-05 0.016435 0.0080267 0.00046317
6.2354e-05 1.1939e-05 0.016148 0.0080265 0.00046235
6.2589e-05 1.1978e-05 0.01587 0.0080263 0.00046154
6.2834e-05 1.2022e-05 0.0156 0.0080262 0.00046074
6.3088e-05 1.207e-05 0.015337 0.0080261 0.00045994
6.3352e-05 1.2112e-05 0.015073 0.008026 0.00045915
6.3608e-05 1.2149e-05 0.014805 0.0080259 0.00045834
6.3874e-05 1.2191e-05 0.014547 0.0080258 0.00045755
6.4133e-05 1.2229e-05 0.014286 0.0080257 0.00045674
6.4402e-05 1.2272e-05 0.014034 0.0080257 0.00045593
6.4684e-05 1.2321e-05 0.013789 0.0080257 0.00045514
6.4975e-05 1.2375e-05 0.013552 0.0080257 0.00045435
6.5258e-05 1.2423e-05 0.013313 0.0080257 0.00045354
6.5552e-05 1.2478e-05 0.013081 0.0080257 0.00045275
6.5837e-05 1.2527e-05 0.012847 0.0080257 0.00045194
6.6133e-05 1.2581e-05 0.012619 0.0080257 0.00045114
6.6439e-05 1.264e-05 0.012399 0.0080258 0.00045034
6.6736e-05 1.2695e-05 0.012176 0.0080258 0.00044953
6.7044e-05 1.2754e-05 0.01196 0.0080259 0.00044873
6.7364e-05 1.2819e-05 0.011751 0.008026 0.00044793
6.7675e-05 1.288e-05 0.01154 0.0080261 0.00044712
6.8e-05 1.2947e-05 0.011336 0.0080262 0.00044632
6.8338e-05 1.302e-05 0.011139 0.0080263 0.00044553
6.8689e-05 1.31e-05 0.010949 0.0080265 0.00044474
6.9028e-05 1.3174e-05 0.010755 0.0080267 0.00044394
6.9354e-05 1.3239e-05 0.010559 0.0080268 0.00044312
6.9699e-05 1.3315e-05 0.010371 0.008027 0.00044232
7.0029e-05 1.3383e-05 0.01018 0.0080272 0.00044149
7.0379e-05 1.346e-05 0.0099965 0.0080274 0.00044068
7.0712e-05 1.3528e-05 0.0098093 0.0080275 0.00043985
7.1065e-05 1.3606e-05 0.0096302 0.0080277 0.00043903
7.14e-05 1.3674e-05 0.0094468 0.0080279 0.0004382
7.1755e-05 1.3752e-05 0.0092713 0.0080281 0.00043737
7.2132e-05 1.3841e-05 0.0091042 0.0080284 0.00043656
7.2531e-05 1.3942e-05 0.008945 0.0080287 0.00043577
7.2916e-05 1.4035e-05 0.0087831 0.008029 0.00043496
7.3288e-05 1.412e-05 0.0086181 0.0080293 0.00043413
7.3646e-05 1.4198e-05 0.0084506 0.0080296 0.00043328
7.3993e-05 1.4269e-05 0.0082806 0.0080298 0.00043242
7.4327e-05 1.4333e-05 0.0081084 0.00803 0.00043154
7.4677e-05 1.4405e-05 0.0079422 0.0080302 0.00043067
7.5039e-05 1.4483e-05 0.0077811 0.0080305 0.00042981
7.5392e-05 1.4556e-05 0.0076185 0.0080307 0.00042893
7.5735e-05 1.4623e-05 0.0074543 0.008031 0.00042804
7.6068e-05 1.4684e-05 0.0072885 0.0080312 0.00042714
7.6392e-05 1.4739e-05 0.0071212 0.0080314 0.00042622
7.6729e-05 1.4802e-05 0.0069592 0.0080316 0.00042531
7.7077e-05 1.487e-05 0.0068018 0.0080318 0.0004244
7.7417e-05 1.4932e-05 0.006643 0.0080321 0.00042348
7.7746e-05 1.4989e-05 0.0064827 0.0080323 0.00042255
7.8089e-05 1.5053e-05 0.0063275 0.0080326 0.00042162
7.8446e-05 1.5123e-05 0.0061772 0.0080328 0.0004207
7.8817e-05 1.5201e-05 0.0060318 0.0080331 0.00041979
7.9178e-05 1.5273e-05 0.0058851 0.0080334 0.00041887
7.9554e-05 1.5352e-05 0.0057432 0.0080338 0.00041795
7.9921e-05 1.5426e-05 0.0056 0.0080341 0.00041702
8.03e-05 1.5507e-05 0.0054612 0.0080344 0.00041609
8.0694e-05 1.5594e-05 0.0053266 0.0080348 0.00041518
8.1101e-05 1.5688e-05 0.0051961 0.0080352 0.00041426
8.1497e-05 1.579e-05 0.0050701 0.0080356 0.00041334
8.1909e-05 1.5902e-05 0.0049485 0.008036 0.00041242
8.231e-05 1.6007e-05 0.0048255 0.0080364 0.00041149
8.2728e-05 1.6105e-05 0.0047013 0.0080368 0.00041056
8.316e-05 1.621e-05 0.0045809 0.0080373 0.00040965
8.3608e-05 1.6324e-05 0.0044644 0.0080378 0.00040874
8.4045e-05 1.6432e-05 0.0043469 0.0080383 0.00040781
8.4497e-05 1.6546e-05 0.0042328 0.0080388 0.0004069
8.4963e-05 1.6668e-05 0.0041224 0.0080393 0.00040599
8.5421e-05 1.6785e-05 0.0040111 0.0080399 0.00040506
8.5869e-05 1.6897e-05 0.0040044 0.0080404 0.00040412
8.6307e-05 1.7002e-05 0.0039975 0.0080409 0.00040317
8.676e-05 1.7116e-05 0.0039912 0.0080414 0.00040223
8.7229e-05 1.7237e-05 0.0039854 0.0080419 0.00040129
8.7687e-05 1.7352e-05 0.0039794 0.0080425 0.00040034
8.8161e-05 1.7475e-05 0.0039739 0.008043 0.0003994
8.8626e-05 1.7593e-05 0.0039682 0.0080436 0.00039844
8.9082e-05 1.7706e-05 0.0039624 0.0080441 0.00039747
8.9527e-05 1.7813e-05 0.0039564 0.0080446 0.00039649
8.9986e-05 1.7927e-05 0.0039509 0.0080452 0.00039551
9.0435e-05 1.8035e-05 0.0039452 0.0080457 0.00039451
9.0873e-05 1.8137e-05 0.0039393 0.0080462 0.00039351
9.1328e-05 1.8247e-05 0.003934 0.0080468 0.00039251
9.1798e-05 1.8365e-05 0.0039291 0.0080473 0.00039152
9.2259e-05 1.8492e-05 0.0039248 0.0080479 0.00039051
9.2709e-05 1.8613e-05 0.0039202 0.0080484 0.00038949
9.3173e-05 1.8741e-05 0.0039161 0.008049 0.00038848
9.3627e-05 1.8863e-05 0.0039117 0.0080496 0.00038745
9.4069e-05 1.8978e-05 0.0039071 0.0080501 0.0003864
9.4502e-05 1.9088e-05 0.0039023 0.0080506 0.00038535
9.4949e-05 1.9205e-05 0.003898 0.0080512 0.00038429
9.5412e-05 1.933e-05 0.0038942 0.0080517 0.00038325
9.5864e-05 1.9449e-05 0.0038901 0.0080523 0.00038219
9.6333e-05 1.9577e-05 0.0038866 0.0080529 0.00038114
9.6823e-05 1.9697e-05 0.0038828 0.0080535 0.0003801
9.7336e-05 1.9828e-05 0.0038797 0.0080542 0.00037907
9.7827e-05 1.9948e-05 0.0038761 0.0080548 0.00037801
9.8296e-05 2.0055e-05 0.003872 0.0080555 0.00037698
9.8792e-05 2.0149e-05 0.0038675 0.0080563 0.00037595
9.9268e-05 2.0232e-05 0.0038626 0.008057 0.00037491
9.9769e-05 2.0329e-05 0.0038583 0.0080578 0.00037388
0.0001003 2.0439e-05 0.0038549 0.0080586 0.00037287
9.9364e-05 2.0562e-05 0.0038521 0.0080595 0.00037186
9.8414e-05 2.0676e-05 0.0038489 0.0080603 0.00037084
9.7491e-05 2.0801e-05 0.0038464 0.0080612 0.00036983
9.6593e-05 2.0937e-05 0.0038445 0.0080621 0.00036882
9.5719e-05 2.1084e-05 0.0038432 0.008063 0.00036783
9.4833e-05 2.1224e-05 0.0038416 0.008064 0.00036682
9.3935e-05 2.1358e-05 0.0038399 0.0080649 0.0003658
9.306e-05 2.1502e-05 0.0038387 0.0080658 0.00036478
9.2206e-05 2.1656e-05 0.003838 0.0080668 0.00036377
9.1374e-05 2.182e-05 0.0038378 0.0080679 0.00036277
9.0529e-05 2.1978e-05 0.0038374 0.0080688 0.00036175
8.9671e-05 2.2128e-05 0.0038368 0.0080698 0.00036072
8.8802e-05 2.2288e-05 0.0038367 0.0080708 0.00035968
8.792e-05 2.2441e-05 0.0038364 0.0080717 0.00035862
8.7059e-05 2.2605e-05 0.0038366 0.0080727 0.00035756
8.6186e-05 2.2777e-05 0.0038372 0.0080737 0.0003565
8.5334e-05 2.296e-05 0.0038383 0.0080746 0.00035543
8.4502e-05 2.3154e-05 0.0038399 0.0080757 0.00035438
8.369e-05 2.3358e-05 0.003842 0.0080767 0.00035333
8.2898e-05 2.3573e-05 0.0038446 0.0080778 0.00035229
8.2124e-05 2.38e-05 0.0038477 0.0080789 0.00035126
8.1367e-05 2.4036e-05 0.0038513 0.0080801 0.00035022
8.0627e-05 2.4284e-05 0.0038553 0.0080812 0.0003492
7.9904e-05 2.4542e-05 0.0038598 0.0080825 0.00034818
7.917e-05 2.4793e-05 0.003864 0.0080837 0.00034717
7.8455e-05 2.5056e-05 0.0038689 0.008085 0.00034616
7.7727e-05 2.5312e-05 0.0038735 0.0080862 0.00034514
7.702e-05 2.5581e-05 0.0038786 0.0080875 0.00034413
7.6332e-05 2.5865e-05 0.0038844 0.0080889 0.00034312
7.5631e-05 2.614e-05 0.0038898 0.0080902 0.0003421
7.4913e-05 2.6402e-05 0.003895 0.0080914 0.00034106
7.4176e-05 2.6652e-05 0.0038998 0.0080927 0.00034
7.3466e-05 2.692e-05 0.0039053 0.008094 0.00033895
7.2784e-05 2.7211e-05 0.0038883 0.0080953 0.00033792
7.2083e-05 2.7523e-05 0.0038722 0.0080966 0.00033686
7.141e-05 2.7857e-05 0.0038571 0.008098 0.00033582
7.0761e-05 2.8211e-05 0.0038429 0.0080994 0.0003348
7.0135e-05 2.8587e-05 0.0038295 0.0081009 0.00033378
6.9535e-05 2.8984e-05 0.0038169 0.0081024 0.00033278
6.8959e-05 2.9403e-05 0.0038052 0.008104 0.00033178
6.8364e-05 2.9806e-05 0.003793 0.0081055 0.00033077
6.7793e-05 3.0235e-05 0.0037817 0.0081071 0.00032977
6.7248e-05 3.0716e-05 0.0037299 0.0081087 0.00032879
6.6685e-05 3.118e-05 0.003677 0.0081103 0.00032778
6.6145e-05 3.167e-05 0.0036263 0.008112 0.00032679
6.5626e-05 3.2187e-05 0.0035778 0.0081136 0.0003258
6.5092e-05 3.2689e-05 0.0035286 0.0081153 0.0003248
6.4579e-05 3.3218e-05 0.0034814 0.008117 0.00032381
6.4087e-05 3.3731e-05 0.0034332 0.0081188 0.00032284
6.3615e-05 3.427e-05 0.0033872 0.0081206 0.00032187
6.3161e-05 3.4836e-05 0.0033429 0.0081225 0.00032091
6.2725e-05 3.5427e-05 0.0033003 0.0081243 0.00031996
6.2275e-05 3.6003e-05 0.003257 0.0081262 0.00031899
6.1846e-05 3.6609e-05 0.0032155 0.0081281 0.00031804
6.1435e-05 3.7246e-05 0.0031759 0.0081301 0.00031709
6.1011e-05 3.7867e-05 0.0031355 0.008132 0.00031612
6.0574e-05 3.8474e-05 0.0030945 0.0081339 0.00031514
6.0154e-05 3.9109e-05 0.0030551 0.0081359 0.00031417
5.9748e-05 3.977e-05 0.0030172 0.0081378 0.0003132
5.9356e-05 4.0457e-05 0.0029806 0.0081399 0.00031225
5.8978e-05 4.1172e-05 0.0029453 0.0081419 0.00031129
5.8615e-05 4.1918e-05 0.0029114 0.008144 0.00031035
5.8268e-05 4.2698e-05 0.0028788 0.0081462 0.00030941
5.7936e-05 4.3512e-05 0.0028476 0.0081484 0.00030849
5.762e-05 4.4363e-05 0.0028176 0.0081506 0.00030757
5.729e-05 4.5193e-05 0.0027871 0.0081528 0.00030663
5.6976e-05 4.6063e-05 0.0027579 0.008155 0.00030571
5.6682e-05 4.6981e-05 0.0027302 0.0081573 0.00030479
5.6405e-05 4.7945e-05 0.0027039 0.0081597 0.00030389
5.6112e-05 4.888e-05 0.0026768 0.008162 0.00030296
5.5841e-05 4.9871e-05 0.0026512 0.0081643 0.00030202
5.5587e-05 5.0915e-05 0.002627 0.0081666 0.00030108
5.5318e-05 5.1928e-05 0.0026021 0.0081689 0.00030013
5.5032e-05 5.2909e-05 0.0025764 0.0081711 0.00029915
5.4767e-05 5.395e-05 0.0025522 0.0081734 0.00029819
5.4522e-05 5.5052e-05 0.0025295 0.0081758 0.00029724
5.4259e-05 5.6117e-05 0.0025059 0.0081781 0.00029627
5.4017e-05 5.7245e-05 0.0024837 0.0081805 0.00029532
5.3757e-05 5.8336e-05 0.0024608 0.0081828 0.00029434
5.3517e-05 5.9491e-05 0.0024392 0.0081852 0.00029337
5.3297e-05 6.0595e-05 0.0024168 0.0081877 0.00029242
5.306e-05 6.1661e-05 0.0023937 0.0081901 0.00029145
5.2842e-05 6.2791e-05 0.0023719 0.0081926 0.00029049
5.2609e-05 6.3879e-05 0.002378 0.008195 0.00028951
5.2395e-05 6.5032e-05 0.0023849 0.0081976 0.00028855
5.2199e-05 6.6246e-05 0.0023925 0.0082001 0.00028759
5.1986e-05 6.7425e-05 0.0023996 0.0082026 0.00028662
5.1794e-05 6.8674e-05 0.0024075 0.0082052 0.00028566
5.162e-05 6.9997e-05 0.0024162 0.0082078 0.00028471
5.1465e-05 7.1399e-05 0.0024258 0.0082105 0.00028378
5.1327e-05 7.2873e-05 0.002436 0.0082133 0.00028286
5.1206e-05 7.4423e-05 0.0024471 0.0082161 0.00028194
5.11e-05 7.6051e-05 0.0024589 0.0082189 0.00028104
5.101e-05 7.7759e-05 0.0024715 0.0082218 0.00028015
5.0937e-05 7.9562e-05 0.0024851 0.0082248 0.00027928
5.0883e-05 8.1463e-05 0.0024996 0.0082278 0.00027841
5.0844e-05 8.1874e-05 0.002515 0.0082309 0.00027756
5.0788e-05 8.226e-05 0.0025299 0.0082339 0.00027668
5.0719e-05 8.2626e-05 0.0025442 0.0082369 0.00027579
5.0666e-05 8.303e-05 0.0025596 0.00824 0.0002749
5.0598e-05 8.3474e-05 0.002576 0.008243 0.000274
5.0547e-05 8.3959e-05 0.0025935 0.0082461 0.00027311
5.0512e-05 8.4481e-05 0.0026121 0.0082492 0.00027222
5.0494e-05 8.5041e-05 0.0026317 0.0082524 0.00027135
5.049e-05 8.5638e-05 0.0026523 0.0082556 0.00027049
5.0503e-05 8.6278e-05 0.0026741 0.0082589 0.00026964
5.0529e-05 8.6893e-05 0.0026953 0.0082622 0.0002688
5.0542e-05 8.7489e-05 0.002716 0.0082655 0.00026794
5.0568e-05 8.8119e-05 0.0027377 0.0082689 0.00026709
5.0583e-05 8.8731e-05 0.0027591 0.0082722 0.00026622
5.0607e-05 8.9373e-05 0.0027813 0.0082755 0.00026535
5.0643e-05 9.0048e-05 0.0028046 0.0082789 0.0002645
5.0689e-05 9.0754e-05 0.0028287 0.0082824 0.00026364
5.0745e-05 9.1492e-05 0.0028538 0.0082858 0.00026279
5.0812e-05 9.0968e-05 0.0028799 0.0082893 0.00026195
5.0887e-05 9.0468e-05 0.0029069 0.0082929 0.00026111
5.097e-05 8.9991e-05 0.0029348 0.0082965 0.00026027
5.1062e-05 8.9503e-05 0.0029624 0.0083001 0.00025943
5.1163e-05 8.9041e-05 0.002991 0.0083037 0.0002586
5.1257e-05 8.857e-05 0.0030193 0.0083073 0.00025775
5.1359e-05 8.8123e-05 0.0030486 0.008311 0.00025691
5.1454e-05 8.7666e-05 0.0030776 0.0083146 0.00025605
5.154e-05 8.72e-05 0.0031063 0.0083182 0.00025518
5.1618e-05 8.6724e-05 0.0031347 0.0083218 0.0002543
5.1705e-05 8.6273e-05 0.0031642 0.0083255 0.00025342
5.1785e-05 8.5811e-05 0.0031933 0.0083291 0.00025253
5.1873e-05 8.5374e-05 0.0032235 0.0083327 0.00025164
5.1951e-05 8.4923e-05 0.0032532 0.0083364 0.00025074
5.2041e-05 8.4501e-05 0.0032842 0.0083401 0.00024984
5.2145e-05 8.4109e-05 0.0033166 0.0083438 0.00024895
5.2234e-05 8.3696e-05 0.0033482 0.0083475 0.00024804
5.2309e-05 8.3316e-05 0.0033813 0.0083511 0.00024711
5.2401e-05 8.2973e-05 0.0034162 0.0083548 0.00024619
5.251e-05 8.2666e-05 0.0034532 0.0083586 0.00024528
5.2639e-05 8.2401e-05 0.0034923 0.0083624 0.00024439
5.2784e-05 8.0956e-05 0.0035339 0.0083663 0.0002435
5.2949e-05 7.9592e-05 0.0035779 0.0083702 0.00024263
5.3133e-05 7.8306e-05 0.0036244 0.0083742 0.00024176
5.3336e-05 7.7094e-05 0.003636 0.0083783 0.00024091
5.3535e-05 7.584e-05 0.0036471 0.0083823 0.00024004
5.3731e-05 7.5547e-05 0.003657 0.0083864 0.00023917
5.3922e-05 7.5285e-05 0.0036677 0.0083905 0.00023832
5.4108e-05 7.5021e-05 0.0036795 0.0083947 0.00023748
5.4291e-05 7.4755e-05 0.0036923 0.008399 0.00023665
5.4353e-05 7.1098e-05 0.0038838 0.0084559 0.00022559
5.4373e-05 7.0801e-05 0.0039011 0.0084604 0.00022472
5.4412e-05 7.0502e-05 0.0039197 0.008465 0.00022387
5.4472e-05 7.0201e-05 0.0039396 0.0084695 0.00022299
5.4528e-05 6.9898e-05 0.0039609 0.0084741 0.00022212
5.458e-05 6.9593e-05 0.0039837 0.0084786 0.00022124
5.4627e-05 6.9285e-05 0.004008 0.0084832 0.00022036
5.4692e-05 6.8975e-05 0.0040336 0.0084879 0.00021949
5.474e-05 6.8664e-05 0.0040585 0.0084925 0.0002186
5.4806e-05 6.8349e-05 0.0040849 0.0084972 0.00021772
5.4855e-05 6.8033e-05 0.0041103 0.0085018 0.00021682
5.4922e-05 6.7715e-05 0.0041374 0.0085065 0.00021593
5.4973e-05 6.7394e-05 0.0041636 0.0085112 0.00021502
5.5006e-05 6.7071e-05 0.0041888 0.0085158 0.00021409
5.5058e-05 6.6746e-05 0.0042131 0.0085205 0.00021316
5.513e-05 6.6419e-05 0.0042365 0.0085252 0.00021226
5.5221e-05 6.6089e-05 0.0042615 0.00853 0.00021136
5.5296e-05 6.5758e-05 0.0042881 0.0085349 0.00021047
5.5391e-05 6.5424e-05 0.0043165 0.0085398 0.00020959
5.5468e-05 6.5088e-05 0.0043439 0.0085448 0.00020872
5.553e-05 6.475e-05 0.004373 0.0085498 0.00020784
5.5576e-05 6.4409e-05 0.0044049 0.0085547 0.00020693
5.5639e-05 6.4067e-05 0.0044386 0.0085597 0.00020603
5.5687e-05 6.3722e-05 0.0044714 0.0085646 0.00020511
5.5718e-05 6.3375e-05 0.0045032 0.0085695 0.00020418
5.5767e-05 6.3026e-05 0.0045331 0.0085745 0.00020325
5.58e-05 6.2674e-05 0.0045621 0.0085794 0.0002023
5.5853e-05 6.2321e-05 0.004593 0.0085844 0.00020136
5.5925e-05 6.1965e-05 0.0046257 0.0085893 0.0002004
5.6017e-05 6.1607e-05 0.0046606 0.0085943 0.00019945
5.6125e-05 6.1247e-05 0.0046973 0.0085993 0.00019851
5.6252e-05 6.0885e-05 0.004736 0.0086045 0.00019758
5.6362e-05 6.052e-05 0.0047736 0.0086095 0.00019662
5.649e-05 6.0154e-05 0.0048133 0.0086147 0.00019568
5.6635e-05 5.9763e-05 0.0048517 0.0086199 0.00019474
5.6798e-05 5.9412e-05 0.0048588 0.0086251 0.00019381
5.6981e-05 5.9094e-05 0.0048668 0.0086304 0.00019289
5.7148e-05 5.8349e-05 0.0048768 0.0086357 0.00019196
5.7336e-05 5.765e-05 0.0048879 0.0086409 0.000191
5.7541e-05 5.6992e-05 0.0049 0.0086462 0.00019004
5.7729e-05 5.6305e-05 0.0049112 0.0086514 0.00018907
5.7899e-05 5.5593e-05 0.0049218 0.0086566 0.00018808
5.8053e-05 5.4856e-05 0.0049319 0.0086618 0.00018707
5.8227e-05 5.4092e-05 0.0049415 0.0086669 0.00018604
5.8421e-05 5.33e-05 0.0049505 0.0086721 0.00018501
5.8598e-05 5.2477e-05 0.0049588 0.0086773 0.00018397
5.8758e-05 5.1624e-05 0.0049667 0.0086824 0.00018291
5.89e-05 5.074e-05 0.0049739 0.0086875 0.00018183
5.9059e-05 4.9902e-05 0.0049821 0.0086926 0.00018075
5.9239e-05 4.9112e-05 0.0049913 0.0086978 0.00017969
5.9402e-05 4.8369e-05 0.0050015 0.0087029 0.0001786
5.9582e-05 4.7666e-05 0.0049893 0.0087081 0.00017752
5.9778e-05 4.6999e-05 0.0049781 0.0087134 0.00017645
5.999e-05 4.6364e-05 0.0049677 0.0087187 0.00017538
6.0217e-05 4.576e-05 0.0049581 0.008724 0.00017432
6.0431e-05 4.514e-05 0.0049481 0.0087293 0.00017324
6.0632e-05 4.455e-05 0.004939 0.0087346 0.00017214
6.082e-05 4.399e-05 0.0049306 0.0087399 0.00017103
6.102e-05 4.3453e-05 0.0049229 0.0087452 0.00016992
6.1232e-05 4.2937e-05 0.0049159 0.0087505 0.00016881
6.1454e-05 4.2442e-05 0.0049094 0.0087559 0.0001677
6.1688e-05 4.1967e-05 0.0049035 0.0087613 0.0001666
6.1913e-05 4.1429e-05 0.0048989 0.0087667 0.00016548
6.215e-05 4.0914e-05 0.0048948 0.0087721 0.00016437
6.2398e-05 4.0419e-05 0.0048913 0.0087776 0.00016325
6.2658e-05 3.9945e-05 0.0048883 0.0087831 0.00016214
6.1435e-05 3.949e-05 0.004886 0.0087887 0.00016103
6.0234e-05 3.9052e-05 0.0048842 0.0087943 0.00015992
5.902e-05 3.8605e-05 0.0048821 0.0087999 0.00015879
5.7795e-05 3.815e-05 0.0048799 0.0088054 0.00015766
5.6593e-05 3.7713e-05 0.0048782 0.008811 0.00015652
5.5415e-05 3.7294e-05 0.0048771 0.0088166 0.00015539
5.4259e-05 3.6892e-05 0.0048766 0.0088223 0.00015425
5.3125e-05 3.6507e-05 0.0048766 0.008828 0.00015312
5.2013e-05 3.6139e-05 0.0048771 0.0088337 0.00015199
5.092e-05 3.5785e-05 0.0048782 0.0088395 0.00015086
4.9815e-05 3.5422e-05 0.004879 0.0088453 0.00014972
4.8731e-05 3.5076e-05 0.0048804 0.0088511 0.00014857
4.7669e-05 3.4746e-05 0.0048824 0.0088569 0.00014743
4.6628e-05 3.4431e-05 0.004885 0.0088628 0.00014629
4.5574e-05 3.4108e-05 0.0048873 0.0088686 0.00014514
4.4543e-05 3.3802e-05 0.0048902 0.0088745 0.00014399
4.3536e-05 3.3513e-05 0.0048939 0.0088805 0.00014284
4.2557e-05 3.3246e-05 0.0048983 0.0088865 0.00014169
4.1556e-05 3.2963e-05 0.0049023 0.0088924 0.00014474
4.0534e-05 3.2984e-05 0.0048966 0.0088982 0.00014776
3.9545e-05 3.3027e-05 0.0048919 0.0089042 0.0001508
3.8588e-05 3.3089e-05 0.0048881 0.0089102 0.00015387
3.7611e-05 3.3139e-05 0.0048838 0.0089161 0.00015691
3.6661e-05 3.3206e-05 0.0048804 0.0089222 0.00015997
3.5743e-05 3.3294e-05 0.004878 0.0089282 0.00016305
3.4852e-05 3.3314e-05 0.0049128 0.0089344 0.00016615
3.3985e-05 3.3352e-05 0.0049494 0.0089406 0.00016926
3.3144e-05 3.3377e-05 0.0049851 0.0089468 0.0001724
3.2326e-05 3.2791e-05 0.0050228 0.0089532 0.00017555
3.1529e-05 3.2232e-05 0.0050622 0.0089595 0.00017872
3.0715e-05 3.1656e-05 0.0051007 0.0089659 0.00018187
2.9919e-05 3.1104e-05 0.0051408 0.0089722 0.00018503
2.911e-05 3.0539e-05 0.0051802 0.0089786 0.00018818
2.8319e-05 2.9998e-05 0.0052214 0.008985 0.00019134
2.7543e-05 2.9478e-05 0.0052641 0.0089914 0.00019451
2.6783e-05 2.8978e-05 0.0053085 0.0089979 0.00019769
2.6036e-05 2.8496e-05 0.0053545 0.0090044 0.00020088
2.5302e-05 2.8031e-05 0.0054021 0.009011 0.00020409
2.4559e-05 2.7558e-05 0.0054492 0.0090176 0.00020728
2.3827e-05 2.71e-05 0.0054978 0.0090241 0.00021048
2.3106e-05 2.6657e-05 0.0055479 0.0090308 0.00021369
2.2376e-05 2.6206e-05 0.0055976 0.0090374 0.00021689
2.1658e-05 2.5771e-05 0.0056489 0.009044 0.00022009
2.0953e-05 2.5353e-05 0.0057021 0.0090507 0.00022331
2.0258e-05 2.4949e-05 0.0057571 0.0090574 0.00022654
1.9555e-05 2.4537e-05 0.0058115 0.0090641 0.00022976
1.8863e-05 2.414e-05 0.0058677 0.0090708 0.00023298
1.8182e-05 2.3758e-05 0.0059259 0.0090776 0.00023622
1.7492e-05 2.3368e-05 0.0059836 0.0090844 0.00023944
1.6793e-05 2.297e-05 0.0060406 0.0090911 0.00024265
1.6105e-05 2.2587e-05 0.0060996 0.0090979 0.00024587
1.5429e-05 2.2219e-05 0.0061607 0.0091047 0.00024911
1.4765e-05 2.1866e-05 0.0062241 0.0091116 0.00025235
1.4114e-05 2.153e-05 0.0062901 0.0091185 0.00025562
1.3479e-05 2.1212e-05 0.0063592 0.0091255 0.0002589
1.2861e-05 2.0916e-05 0.0064319 0.0091325 0.00026221
1.2257e-05 2.0639e-05 0.0065083 0.0091396 0.00026554
1.1638e-05 2.039e-05 0.0065266 0.0091466 0.00026884
1.1032e-05 2.0155e-05 0.006546 0.0091537 0.00027217
1.0439e-05 1.9935e-05 0.0065666 0.0091609 0.00027551
9.8566e-06 1.9728e-05 0.0065883 0.009168 0.00027883
9.2634e-06 1.9511e-05 0.0066095 0.0091751 0.00028213
8.6799e-06 1.9307e-05 0.0066318 0.0091823 0.00028545
8.0858e-06 1.9093e-05 0.0066536 0.0091894 0.00028875
7.4825e-06 1.8872e-05 0.006675 0.0091965 0.00029203
6.8887e-06 1.8662e-05 0.0066975 0.0092036 0.00029533
6.3024e-06 1.8461e-05 0.0066837 0.0092108 0.00029864
5.7074e-06 1.8254e-05 0.0066697 0.009218 0.00030193
5.1193e-06 1.8055e-05 0.0066563 0.0092252 0.00030524
5.2359e-06 1.785e-05 0.0066427 0.0092324 0.00030853
5.3527e-06 1.7654e-05 0.0066299 0.0092396 0.00031183
5.4697e-06 1.7468e-05 0.0066178 0.0092468 0.00031515
5.587e-06 1.729e-05 0.0066065 0.0092541 0.00031848
5.698e-06 1.7106e-05 0.0065949 0.0092614 0.0003218
5.8026e-06 1.6916e-05 0.006583 0.0092687 0.0003251
5.9076e-06 1.6735e-05 0.0065719 0.009276 0.00032842
6.0062e-06 1.6548e-05 0.0065606 0.0092833 0.00033172
6.1052e-06 1.6368e-05 0.0065499 0.0092906 0.00033503
6.2046e-06 1.6197e-05 0.0065399 0.009298 0.00033836
6.3044e-06 1.6035e-05 0.0065306 0.0093054 0.0003417
6.4042e-06 1.588e-05 0.006522 0.0093129 0.00034506
6.5038e-06 1.5732e-05 0.006514 0.0093203 0.00034842
6.5973e-06 1.5578e-05 0.0065058 0.0093278 0.00035178
6.6913e-06 1.5432e-05 0.0064983 0.0093353 0.00035514
6.7851e-06 1.5293e-05 0.0064913 0.0093429 0.00035852
6.8729e-06 1.5149e-05 0.0064842 0.0093504 0.00036189
6.9606e-06 1.5011e-05 0.0064777 0.009358 0.00036526
7.0421e-06 1.4867e-05 0.0064709 0.0093655 0.00036862
7.1172e-06 1.4718e-05 0.006464 0.009373 0.00037197
7.1861e-06 1.4562e-05 0.0064568 0.0093806 0.0003753
7.2554e-06 1.4415e-05 0.0064502 0.0093881 0.00037865
7.3252e-06 1.4275e-05 0.0064443 0.0093957 0.00038201
7.3886e-06 1.4129e-05 0.0064382 0.0094033 0.00038536
7.4526e-06 1.399e-05 0.0064328 0.0094109 0.00038872
7.5167e-06 1.3858e-05 0.0064279 0.0094186 0.00039209
7.5809e-06 1.3732e-05 0.0064236 0.0094263 0.00039548
7.6453e-06 1.3612e-05 0.0063639 0.009434 0.00039888
7.7032e-06 1.3487e-05 0.0063035 0.0094418 0.0004023
7.7614e-06 1.3368e-05 0.0062449 0.0094496 0.00040573
7.8204e-06 1.3255e-05 0.0061884 0.0094574 0.00040914
7.8803e-06 1.315e-05 0.0061337 0.0094652 0.00041257
7.9405e-06 1.3051e-05 0.0060808 0.0094731 0.00041601
7.9942e-06 1.2946e-05 0.0060272 0.0094809 0.00041944
8.0487e-06 1.2848e-05 0.0059755 0.0094888 0.00042289
8.0967e-06 1.2744e-05 0.0059232 0.0094967 0.00042631
8.1456e-06 1.2647e-05 0.0058727 0.0095046 0.00042976
8.1956e-06 1.2556e-05 0.005824 0.0095126 0.00043322
8.2468e-06 1.246e-05 0.0057746 0.0095206 0.0004367
8.2989e-06 1.2369e-05 0.0057269 0.0095286 0.0004402
8.3441e-06 1.2273e-05 0.0056786 0.0095367 0.00044368
8.382e-06 1.2169e-05 0.0056295 0.0095447 0.00044714
8.4122e-06 1.2075e-05 0.0055826 0.0095527 0.00045062
8.4343e-06 1.1972e-05 0.0055347 0.0095608 0.00045408
8.4591e-06 1.1879e-05 0.0054889 0.0095688 0.00045756
8.486e-06 1.1165e-05 0.0054451 0.009577 0.00046107
8.5046e-06 1.0434e-05 0.0054003 0.0095851 0.00046455
8.5256e-06 9.7303e-06 0.0053574 0.0095932 0.00046805
8.5491e-06 9.0534e-06 0.0053164 0.0096015 0.00047158
8.5637e-06 8.4078e-06 0.0052776 0.0096096 0.00047509
8.581e-06 7.7873e-06 0.0052405 0.0096179 0.00047862
8.5895e-06 7.1934e-06 0.0052053 0.0096261 0.00048212
8.5899e-06 6.5855e-06 0.0051693 0.0096342 0.0004856
8.5927e-06 5.9998e-06 0.005135 0.0096425 0.0004891
8.5875e-06 5.399e-06 0.0050997 0.0096506 0.00049259
8.5853e-06 4.8223e-06 0.0050663 0.0096589 0.0004961
8.5752e-06 4.2324e-06 0.0050321 0.0096671 0.00049958
8.5682e-06 3.6661e-06 0.0049995 0.0096754 0.0005031
8.5644e-06 3.1224e-06 0.0049686 0.0096838 0.00050664
8.5525e-06 3.1061e-06 0.0049371 0.0096921 0.00051016
8.5438e-06 3.0931e-06 0.0049071 0.0097004 0.00051371
8.5382e-06 3.0834e-06 0.0048786 0.0097089 0.00051728
8.5246e-06 3.0683e-06 0.0048495 0.0097173 0.00052083
8.5136e-06 3.056e-06 0.0048217 0.0097257 0.00052441
8.5052e-06 3.0466e-06 0.0047954 0.0097343 0.00052802
8.4997e-06 3.0401e-06 0.0047703 0.0097428 0.00053165
8.485e-06 3.0278e-06 0.0047446 0.0097514 0.00053525
8.4611e-06 3.0187e-06 0.0047202 0.0097599 0.00053883
8.4389e-06 3.0117e-06 0.0046968 0.0097685 0.00054243
8.4096e-06 3e-06 0.0046731 0.009777 0.00054601
8.3734e-06 2.9839e-06 0.004649 0.0097855 0.00054958
8.3384e-06 2.9694e-06 0.0046258 0.0097941 0.00055316
8.3037e-06 2.956e-06 0.0046035 0.0098027 0.00055676
8.2626e-06 2.9384e-06 0.0045809 0.0098112 0.00056035
8.2223e-06 2.9223e-06 0.0045592 0.0098199 0.00056395
8.1824e-06 2.9021e-06 0.0045372 0.0098285 0.00056757
8.1434e-06 2.8834e-06 0.004516 0.0098372 0.00057121
8.1046e-06 2.8656e-06 0.0044957 0.009846 0.00057487
8.0666e-06 2.8492e-06 0.0044762 0.0098548 0.00057854
8.0292e-06 2.8341e-06 0.0044575 0.0098636 0.00058224
7.9926e-06 2.8202e-06 0.0044395 0.0098725 0.00058595
7.9565e-06 2.8075e-06 0.0044223 0.0098814 0.00058968
7.9141e-06 2.7908e-06 0.0044049 0.0098903 0.00059339
7.8656e-06 2.7702e-06 0.0043872 0.0098992 0.0005971
7.8172e-06 2.7505e-06 0.0043702 0.0099081 0.00060081
7.7688e-06 2.7315e-06 0.0043539 0.0099171 0.00060455
7.7205e-06 2.7133e-06 0.0043382 0.0099261 0.0006083
7.6658e-06 2.6911e-06 0.0043222 0.0099351 0.00061204
7.605e-06 2.6651e-06 0.0043061 0.009944 0.00061576
7.5381e-06 2.6352e-06 0.0042897 0.009953 0.00061947
7.4719e-06 2.6065e-06 0.0042741 0.009962 0.00062319
7.4064e-06 2.5727e-06 0.0042582 0.009971 0.00062694
7.3346e-06 2.5349e-06 0.0042421 0.0099801 0.00063067
7.2631e-06 2.4981e-06 0.0042266 0.0099892 0.00063443
7.1924e-06 2.4627e-06 0.0042119 0.0099983 0.0006382
7.1153e-06 2.4232e-06 0.004197 0.010007 0.00064196
7.0318e-06 2.7831e-06 0.0041819 0.010016 0.0006457
6.9485e-06 3.1517e-06 0.0041673 0.010026 0.00064946
6.8661e-06 3.5306e-06 0.0041535 0.010035 0.00065324
6.7838e-06 3.5468e-06 0.0041403 0.010044 0.00065704
6.695e-06 3.5586e-06 0.0041269 0.010053 0.00066082
6.6069e-06 3.58e-06 0.0041112 0.010062 0.00066463
6.5192e-06 3.6032e-06 0.0040963 0.010072 0.00066846
6.432e-06 3.6282e-06 0.004082 0.010081 0.0006723
6.345e-06 3.6551e-06 0.0040684 0.01009 0.00067617
6.2518e-06 3.6778e-06 0.0040545 0.0101 0.00068002
6.1523e-06 3.6963e-06 0.0040404 0.010109 0.00068386
6.0466e-06 3.7106e-06 0.0040261 0.010118 0.00068768
5.9412e-06 3.7267e-06 0.0040125 0.010128 0.00069153
5.8296e-06 3.7387e-06 0.0039986 0.010137 0.00069535
5.7181e-06 3.7525e-06 0.0039854 0.010147 0.0006992
5.6069e-06 3.7681e-06 0.0039728 0.010156 0.00070307
5.4953e-06 3.7851e-06 0.0039608 0.010165 0.00070696
5.3838e-06 3.8039e-06 0.0039494 0.010175 0.00071087
5.272e-06 3.8242e-06 0.0039385 0.010185 0.00071479
5.1597e-06 3.8459e-06 0.0039281 0.010194 0.00071874
5.0469e-06 3.8691e-06 0.0039183 0.010204 0.0007227
4.9336e-06 3.8937e-06 0.0039089 0.010214 0.00072669
4.8141e-06 3.9142e-06 0.0038994 0.010223 0.00073065
4.6887e-06 3.9306e-06 0.0038897 0.010233 0.00073461
4.5573e-06 3.943e-06 0.0038798 0.010243 0.00073855
4.4254e-06 3.9568e-06 0.0038704 0.010252 0.0007425
4.2929e-06 3.9722e-06 0.0038615 0.010262 0.00074648
4.1599e-06 3.9891e-06 0.0038531 0.010272 0.00075048
4.0261e-06 4.0074e-06 0.0038452 0.010281 0.00075449
3.8918e-06 4.0274e-06 0.0038378 0.010291 0.00075853
3.7512e-06 4.043e-06 0.0038302 0.010301 0.00076255
3.6046e-06 4.0545e-06 0.0038223 0.010311 0.00076655
3.4577e-06 4.068e-06 0.0038151 0.010321 0.00077058
3.3105e-06 4.0835e-06 0.0038083 0.010331 0.00077463
3.163e-06 4.101e-06 0.0038021 0.010341 0.0007787
3.0095e-06 4.1145e-06 0.0037957 0.010351 0.00078275
2.8501e-06 4.1239e-06 0.0037891 0.010361 0.0007868
2.6898e-06 4.135e-06 0.003783 0.01037 0.00079086
2.5291e-06 4.148e-06 0.0037774 0.010381 0.00079495
2.3675e-06 4.1627e-06 0.0037723 0.010391 0.00079905
2.1998e-06 4.1731e-06 0.0037669 0.010401 0.00080314
2.0261e-06 4.1793e-06 0.0037614 0.010411 0.00080722
1.8518e-06 4.1875e-06 0.0037564 0.010421 0.00081131
1.6769e-06 4.1979e-06 0.0037519 0.010431 0.00081544
1.4962e-06 4.2041e-06 0.0037472 0.010441 0.00081954
1.6392e-06 4.2062e-06 0.0037424 0.010451 0.00082363
1.7765e-06 4.2042e-06 0.0037374 0.010461 0.00082771
1.9126e-06 4.2044e-06 0.0037328 0.010471 0.00083181
2.043e-06 4.2004e-06 0.0037281 0.010481 0.0008359
2.1718e-06 4.1981e-06 0.0037239 0.010491 0.00084001
2.2997e-06 4.198e-06 0.0037202 0.010502 0.00084414
2.4216e-06 4.1937e-06 0.0037162 0.010512 0.00084826
2.5426e-06 4.1917e-06 0.0037128 0.010522 0.0008524
2.6576e-06 4.1853e-06 0.0037092 0.010532 0.00085652
2.7713e-06 4.1844e-06 0.0037042 0.010542 0.00086067
2.8841e-06 4.1858e-06 0.0036996 0.010553 0.00086484
2.9909e-06 4.1828e-06 0.0036949 0.010563 0.000869
3.0917e-06 4.1755e-06 0.00369 0.010573 0.00087314
3.1913e-06 4.17e-06 0.0036855 0.010584 0.0008773
3.285e-06 4.1602e-06 0.0036809 0.010594 0.00088145
3.3774e-06 4.1523e-06 0.0036767 0.010604 0.00088562
3.4638e-06 4.1399e-06 0.0036724 0.010614 0.00088977
3.5441e-06 4.123e-06 0.0036678 0.010625 0.00089391
3.6182e-06 4.1017e-06 0.003663 0.010635 0.00089802
3.6913e-06 4.0822e-06 0.0036587 0.010645 0.00090217
3.7583e-06 4.0583e-06 0.0036542 0.010656 0.00090629
3.8244e-06 4.0367e-06 0.0036078 0.010666 0.00091044
3.8843e-06 4.0105e-06 0.0035609 0.010676 0.00091458
3.9434e-06 3.9864e-06 0.0035155 0.010687 0.00091874
4.0022e-06 3.9653e-06 0.0034718 0.010697 0.00092287
4.0545e-06 3.9391e-06 0.0034274 0.010707 0.00092699
4.1001e-06 3.9077e-06 0.0033824 0.010718 0.00093109
4.1458e-06 3.8797e-06 0.0033392 0.010728 0.00093522
4.1845e-06 3.8461e-06 0.0032951 0.010738 0.00093932
4.2159e-06 3.8067e-06 0.0032502 0.010749 0.0009434
4.2486e-06 3.7719e-06 0.0032075 0.010759 0.00094752
4.2736e-06 3.7309e-06 0.0031637 0.01077 0.00095161
4.2993e-06 3.6937e-06 0.003122 0.01078 0.00095573
4.3177e-06 3.6507e-06 0.0030793 0.01079 0.00095983
4.3364e-06 3.6111e-06 0.0030385 0.010801 0.00096397
4.356e-06 3.5754e-06 0.0029995 0.010811 0.00096814
4.3758e-06 3.543e-06 0.0029622 0.010822 0.00097235
4.3882e-06 3.5045e-06 0.002924 0.010832 0.00097653
4.4015e-06 3.4699e-06 0.0028876 0.010843 0.00098074
4.4157e-06 3.4393e-06 0.002853 0.010854 0.000985
4.4227e-06 3.4032e-06 0.0028176 0.010864 0.00098924
4.4301e-06 3.3702e-06 0.0027837 0.010875 0.00099351
4.4386e-06 3.341e-06 0.0027515 0.010886 0.00099782
4.4482e-06 3.3156e-06 0.0027209 0.010897 0.0010022
4.458e-06 3.2931e-06 0.0026916 0.010908 0.0010066
4.4687e-06 3.2652e-06 0.0026616 0.010918 0.001011
4.4791e-06 3.2395e-06 0.0026328 0.01093 0.0010154
4.4893e-06 3.2159e-06 0.0026051 0.010941 0.0010199
4.4986e-06 3.1939e-06 0.0025784 0.010952 0.0010244
4.5017e-06 3.1675e-06 0.0025513 0.010963 0.0010289
4.5039e-06 3.1424e-06 0.002525 0.010974 0.0010335
4.505e-06 3.1186e-06 0.0024996 0.010985 0.001038
4.5052e-06 3.096e-06 0.0024751 0.010997 0.0010426
4.5044e-06 3.0747e-06 0.0024513 0.011008 0.0010472
4.4974e-06 3.0491e-06 0.0024272 0.011019 0.0010518
4.4841e-06 3.0192e-06 0.0024028 0.01103 0.0010564
4.4704e-06 2.991e-06 0.0023793 0.011042 0.001061
4.4558e-06 2.9641e-06 0.0023566 0.011053 0.0010656
4.4408e-06 2.9391e-06 0.0023347 0.011064 0.0010702
4.4258e-06 2.9161e-06 0.0023138 0.011076 0.0010749
4.411e-06 2.8956e-06 0.0022938 0.011088 0.0010797
5.0842e-06 2.8693e-06 0.0022732 0.011099 0.0010844
5.7436e-06 2.8374e-06 0.0022521 0.011111 0.001089
6.4178e-06 2.8085e-06 0.0022321 0.011122 0.0010937
7.1076e-06 2.7828e-06 0.0022131 0.011134 0.0010985
7.7826e-06 2.7513e-06 0.0021936 0.011145 0.0011032
8.4427e-06 2.723e-06 0.002175 0.011157 0.0011079
9.1211e-06 2.6985e-06 0.0021576 0.011168 0.0011127
9.8161e-06 2.6772e-06 0.0021412 0.01118 0.0011175
1.0494e-05 2.6495e-06 0.0021242 0.011192 0.0011222
1.06e-05 2.6257e-06 0.0021082 0.011204 0.001127
1.0713e-05 2.406e-06 0.0020932 0.011215 0.0011319
1.0815e-05 2.2664e-06 0.0020569 0.011227 0.0011367
1.0908e-05 2.1187e-06 0.0020194 0.011239 0.0011415
1.099e-05 1.9783e-06 0.001984 0.011251 0.0011463
1.1062e-05 2.0521e-06 0.0019474 0.011262 0.001151
1.1138e-05 2.1295e-06 0.0019126 0.011274 0.0011557
1.122e-05 2.2102e-06 0.0018793 0.011286 0.0011606
1.1305e-05 2.2942e-06 0.0018476 0.011298 0.0011654
1.1382e-05 2.3725e-06 0.0018151 0.011309 0.0011702
1.145e-05 2.4454e-06 0.001782 0.011321 0.001175
1.1521e-05 2.5209e-06 0.0017502 0.011333 0.0011799
1.1584e-05 2.5907e-06 0.0017177 0.011345 0.0011847
1.165e-05 2.6633e-06 0.0016866 0.011357 0.0011895
1.172e-05 2.7297e-06 0.0016546 0.011369 0.0011944
1.178e-05 2.7902e-06 0.001622 0.011381 0.0011993
1.1845e-05 2.8544e-06 0.0015908 0.011393 0.0012042
1.1916e-05 2.9224e-06 0.0015612 0.011405 0.0012091
1.1977e-05 2.9845e-06 0.0015308 0.011417 0.0012141
1.2043e-05 3.0503e-06 0.0015018 0.011429 0.001219
1.2114e-05 3.1207e-06 0.0014744 0.011441 0.0012241
1.2192e-05 3.1962e-06 0.0014483 0.011453 0.0012291
1.2277e-05 3.2649e-06 0.0014215 0.011466 0.0012343
1.2368e-05 3.3389e-06 0.0013962 0.011478 0.0012395
1.2449e-05 3.4058e-06 0.0013701 0.011491 0.0012446
1.2536e-05 3.4781e-06 0.0013454 0.011503 0.0012498
1.2613e-05 3.5553e-06 0.0013219 0.011515 0.001255
1.2697e-05 3.6384e-06 0.0012998 0.011528 0.0012601
1.2787e-05 3.7267e-06 0.0012787 0.01154 0.0012653
1.2883e-05 3.8213e-06 0.0012588 0.011553 0.0012705
1.2987e-05 3.9225e-06 0.00124 0.011565 0.0012758
1.3098e-05 4.0305e-06 0.0012222 0.011578 0.0012811
1.3197e-05 4.1305e-06 0.0012039 0.011591 0.0012864
1.3304e-05 4.2375e-06 0.0011866 0.011603 0.0012918
1.34e-05 4.3365e-06 0.0011687 0.011616 0.0012971
1.3503e-05 4.4425e-06 0.0011518 0.011629 0.0013025
1.3612e-05 4.5548e-06 0.0011358 0.011642 0.0013079
1.371e-05 4.659e-06 0.0011192 0.011655 0.0013133
1.3798e-05 4.7556e-06 0.0011021 0.011667 0.0013187
1.3876e-05 4.8448e-06 0.0010846 0.01168 0.001324
1.3959e-05 4.9403e-06 0.0010679 0.011693 0.0013294
1.4049e-05 5.0425e-06 0.0010521 0.011706 0.0013347
1.4128e-05 5.1362e-06 0.0010357 0.011718 0.00134
1.4196e-05 5.2217e-06 0.0010188 0.011731 0.0013453
1.4252e-05 5.2987e-06 0.0010216 0.011744 0.0013505
1.4315e-05 5.3821e-06 0.0010249 0.011756 0.0013558
1.4385e-05 5.4729e-06 0.0010285 0.011769 0.0013611
1.4461e-05 5.5705e-06 0.0010326 0.011782 0.0013665
1.4527e-05 5.6603e-06 0.0010364 0.011795 0.0013719
1.46e-05 5.7581e-06 0.0010407 0.011808 0.0013773
1.468e-05 5.6321e-06 0.0010454 0.011821 0.0013828
1.4749e-05 5.4979e-06 0.0010498 0.011834 0.0013882
1.4825e-05 5.3714e-06 0.0010547 0.011847 0.0013937
1.489e-05 5.2359e-06 0.0010592 0.01186 0.0013991
1.4943e-05 5.0914e-06 0.0010635 0.011873 0.0014045
1.5004e-05 4.9558e-06 0.0010682 0.011886 0.00141
1.5071e-05 4.8275e-06 0.0010734 0.011899 0.0014155
1.5127e-05 4.7065e-06 0.001079 0.011912 0.001421
1.519e-05 4.5923e-06 0.0010851 0.011925 0.0014265
1.526e-05 4.4699e-06 0.0010909 0.011938 0.0014321
1.5337e-05 4.3543e-06 0.0010972 0.011951 0.0014378
1.5404e-05 4.231e-06 0.0011032 0.011965 0.0014434
1.5477e-05 4.1143e-06 0.0011097 0.011978 0.0014491
1.554e-05 3.9899e-06 0.0011159 0.011991 0.0014547
1.5609e-05 3.872e-06 0.0011225 0.012005 0.0014604
1.5667e-05 3.7458e-06 0.0011289 0.012018 0.0014661
1.5713e-05 3.7395e-06 0.0011294 0.012031 0.0014717
1.5768e-05 3.726e-06 0.0011296 0.012045 0.0014773
1.5829e-05 3.7168e-06 0.0011302 0.012058 0.0014831
1.5897e-05 3.7126e-06 0.0011312 0.012072 0.0014889
1.5972e-05 3.7127e-06 0.0011327 0.012085 0.0014947
1.6037e-05 3.7078e-06 0.0011338 0.012099 0.0015005
1.6108e-05 3.707e-06 0.0011354 0.012113 0.0015064
1.6168e-05 3.6998e-06 0.0011367 0.012126 0.0015122
1.6236e-05 3.6968e-06 0.0011384 0.01214 0.0015181
1.6292e-05 3.6868e-06 0.0011398 0.012154 0.001524
1.633e-05 3.6697e-06 0.0011409 0.012168 0.0015301
1.6377e-05 3.6576e-06 0.0011425 0.012182 0.0015362
1.6433e-05 3.6618e-06 0.0011426 0.012196 0.0015423
1.6495e-05 3.6702e-06 0.0011432 0.01221 0.0015485
1.6546e-05 3.6721e-06 0.0011435 0.012224 0.0015547
1.6605e-05 3.6782e-06 0.0011442 0.012238 0.0015609
1.6652e-05 3.6778e-06 0.0011446 0.012252 0.0015671
1.6707e-05 3.6816e-06 0.0011455 0.012267 0.0015734
1.675e-05 3.6784e-06 0.001146 0.012281 0.0015796
1.6782e-05 3.6687e-06 0.0011463 0.012295 0.0015858
1.682e-05 3.6632e-06 0.001147 0.012309 0.001592
1.6847e-05 3.6508e-06 0.0011475 0.012323 0.0015982
1.6862e-05 3.6477e-06 0.0011473 0.012338 0.0016044
1.6886e-05 3.6494e-06 0.0011476 0.012352 0.0016106
1.6898e-05 3.6443e-06 0.0011477 0.012366 0.0016168
1.6899e-05 3.6326e-06 0.0011474 0.01238 0.0016229
1.6907e-05 3.6251e-06 0.0011476 0.012394 0.0016291
1.6936e-05 3.6107e-06 0.0011475 0.012409 0.0016354
1.6974e-05 3.6013e-06 0.0011479 0.012423 0.0016417
1.7021e-05 3.5967e-06 0.0011487 0.012438 0.0016482
1.7055e-05 3.5851e-06 0.0011492 0.012452 0.0016545
1.7097e-05 3.5777e-06 0.0011501 0.012467 0.0016608
1.7146e-05 3.5743e-06 0.0011514 0.012481 0.0016672
1.7204e-05 3.5758e-06 0.0011532 0.012496 0.0016736
1.727e-05 3.5821e-06 0.0011554 0.01251 0.00168
1.7344e-05 3.5927e-06 0.0011466 0.012525 0.0016865
1.7426e-05 3.6081e-06 0.0011384 0.01254 0.001693
1.7518e-05 3.6283e-06 0.0011308 0.012554 0.0016997
1.7618e-05 3.6536e-06 0.0011238 0.012569 0.0017064
1.7706e-05 3.684e-06 0.0011173 0.012584 0.001713
1.7803e-05 3.7197e-06 0.0011115 0.012599 0.0017198
1.7337e-05 3.7597e-06 0.0011061 0.012614 0.0017265
1.6858e-05 3.7935e-06 0.0011004 0.012629 0.0017333
1.639e-05 3.831e-06 0.0010952 0.012644 0.0017401
1.5932e-05 3.8716e-06 0.0010903 0.01266 0.001747
1.5483e-05 3.9151e-06 0.0010857 0.012675 0.0017539
1.5023e-05 3.9531e-06 0.001081 0.01269 0.0017608
1.4571e-05 3.994e-06 0.0010765 0.012705 0.0017677
1.4109e-05 4.0378e-06 0.0010724 0.012721 0.0017747
1.3655e-05 4.0844e-06 0.0010686 0.012736 0.0017816
1.3209e-05 4.1341e-06 0.0010651 0.012751 0.0017886
1.2771e-05 4.187e-06 0.0010619 0.012767 0.0017957
1.234e-05 4.243e-06 0.001059 0.012782 0.0018028
1.1901e-05 4.294e-06 0.0010559 0.012798 0.0018099
1.1469e-05 4.3483e-06 0.0010531 0.012813 0.001817
1.1028e-05 4.3974e-06 0.0010502 0.012829 0.0018242
1.0578e-05 4.4413e-06 0.0010471 0.012844 0.0018313
1.0117e-05 4.4798e-06 0.0010439 0.01286 0.0018383
9.6473e-06 4.5129e-06 0.0010405 0.012875 0.0018454
9.1867e-06 4.5494e-06 0.0010374 0.012891 0.0018525
8.7148e-06 4.5798e-06 0.0010341 0.012906 0.0018595
8.2537e-06 4.6151e-06 0.0010311 0.012922 0.0018667
7.779e-06 4.4378e-06 0.0010287 0.012938 0.0018738
7.2905e-06 4.2512e-06 0.0010259 0.012953 0.0018808
6.788e-06 4.0551e-06 0.0010229 0.012969 0.0018878
6.297e-06 3.8679e-06 0.0010202 0.012984 0.0018949
5.8188e-06 3.6903e-06 0.001018 0.013 0.001902
5.3267e-06 3.5226e-06 0.0010162 0.013015 0.0019091
4.8471e-06 3.3637e-06 0.0010148 0.013031 0.0019163
4.3538e-06 3.2131e-06 0.0010139 0.013047 0.0019234
4.4034e-06 3.1804e-06 0.0010072 0.013062 0.0019305
4.4543e-06 3.1515e-06 0.0010009 0.013078 0.0019377
4.4969e-06 3.116e-06 0.00099433 0.013094 0.0019448
4.5407e-06 3.084e-06 0.00098822 0.013109 0.001952
4.5864e-06 3.0563e-06 0.00098259 0.013125 0.0019592
4.634e-06 3.0328e-06 0.00097743 0.013141 0.0019666
4.6836e-06 3.0132e-06 0.00097273 0.013157 0.001974
4.7253e-06 2.9877e-06 0.00096778 0.013173 0.0019814
4.769e-06 2.9663e-06 0.00096328 0.013189 0.0019888
4.8141e-06 2.9482e-06 0.00095917 0.013206 0.0019964
4.8512e-06 2.924e-06 0.00095482 0.013222 0.0020038
4.8905e-06 2.904e-06 0.00095091 0.013238 0.0020114
4.9218e-06 2.8779e-06 0.00094675 0.013254 0.0020189
4.9448e-06 2.8456e-06 0.00094226 0.01327 0.0020264
4.9702e-06 2.807e-06 0.00093751 0.013286 0.002034
4.987e-06 2.7618e-06 0.00093246 0.013303 0.0020415
5.0053e-06 2.7202e-06 0.00092782 0.013319 0.0020491
5.015e-06 2.6719e-06 0.0009229 0.013335 0.0020566
5.0271e-06 2.6279e-06 0.00091843 0.013352 0.0020642
5.0408e-06 2.5873e-06 0.00091436 0.013368 0.0020719
5.0569e-06 2.5507e-06 0.00091073 0.013385 0.0020797
5.0752e-06 2.5177e-06 0.0009075 0.013401 0.0020876
5.0857e-06 2.4793e-06 0.00090406 0.013418 0.0020954
5.0892e-06 2.4359e-06 0.00090046 0.013434 0.0021032
5.0928e-06 2.3942e-06 0.00089713 0.013451 0.002111
5.0898e-06 2.348e-06 0.00089366 0.013468 0.0021189
5.0871e-06 2.3038e-06 0.00089048 0.013484 0.0021268
5.0841e-06 2.2608e-06 0.00088754 0.013501 0.0021347
5.0815e-06 2.2196e-06 0.00088488 0.013518 0.0021427
5.0721e-06 2.1738e-06 0.00088207 0.013535 0.0021507
5.0629e-06 2.1297e-06 0.00087954 0.013552 0.0021587
5.0535e-06 2.0868e-06 0.00087724 0.013569 0.0021668
5.0374e-06 2.0393e-06 0.0008748 0.013586 0.0021749
5.0215e-06 1.9934e-06 0.00087263 0.013603 0.002183
5.0055e-06 1.9486e-06 0.00087069 0.01362 0.0021912
4.9825e-06 1.8992e-06 0.0008686 0.013637 0.0021994
4.9597e-06 1.8512e-06 0.00086677 0.013654 0.0022076
4.9374e-06 1.8049e-06 0.00084857 0.013671 0.0022159
4.8638e-06 1.7608e-06 0.0008312 0.013688 0.0022242
4.7912e-06 1.7184e-06 0.00081453 0.013706 0.0022326
4.7198e-06 1.6708e-06 0.00079749 0.013723 0.0022411
4.6496e-06 1.6251e-06 0.00078118 0.013741 0.0022497
4.5717e-06 1.5742e-06 0.00076449 0.013758 0.0022583
4.4957e-06 1.5258e-06 0.00074863 0.013776 0.0022669
4.4118e-06 1.4722e-06 0.00073236 0.013793 0.0022755
4.3292e-06 1.4205e-06 0.00071684 0.013811 0.0022841
4.7714e-06 1.3636e-06 0.00070092 0.013829 0.0022929
5.2233e-06 1.3089e-06 0.00068578 0.013847 0.0023017
5.6838e-06 1.2557e-06 0.00067129 0.013865 0.0023106
6.1543e-06 1.2044e-06 0.00065751 0.013883 0.0023196
6.6352e-06 1.1547e-06 0.00064437 0.013901 0.0023286
7.1056e-06 1.1004e-06 0.00063095 0.013919 0.0023377
7.5843e-06 1.047e-06 0.00061808 0.013937 0.0023468
8.0534e-06 9.8933e-07 0.00060496 0.013955 0.0023559
8.5131e-06 9.2742e-07 0.00059161 0.013973 0.0023649
8.9793e-06 8.6588e-07 0.00057872 0.013991 0.002374
9.4362e-06 8.0013e-07 0.0005656 0.01401 0.0023831
9.8836e-06 7.301e-07 0.00055223 0.014028 0.0023922
1.0339e-05 6.6088e-07 0.0005394 0.014046 0.0024013
1.0803e-05 5.9247e-07 0.00052708 0.014064 0.0024105
1.1258e-05 5.1974e-07 0.00051452 0.014083 0.0024197
1.1701e-05 5.7071e-07 0.00050166 0.014101 0.0024288
1.2156e-05 6.2262e-07 0.00048945 0.014119 0.002438
1.2597e-05 6.6962e-07 0.00047685 0.014138 0.0024472
1.3052e-05 7.1777e-07 0.00046492 0.014156 0.0024565
1.352e-05 7.6722e-07 0.00045362 0.014174 0.0024658
1.4002e-05 8.1809e-07 0.00044293 0.014193 0.0024753
1.4498e-05 8.7054e-07 0.00043281 0.014212 0.0024848
1.5007e-05 9.2426e-07 0.00042319 0.014231 0.0024945
1.5532e-05 9.7986e-07 0.0004141 0.01425 0.0025042
1.6071e-05 1.037e-06 0.00040547 0.014269 0.0025141
1.6595e-05 1.0887e-06 0.00039652 0.014288 0.0025238
1.7105e-05 1.1353e-06 0.0003873 0.014306 0.0025336
1.763e-05 1.184e-06 0.00037859 0.014326 0.0025434
1.8171e-05 1.2358e-06 0.00037049 0.014345 0.0025533
1.8727e-05 1.29e-06 0.00036286 0.014364 0.0025634
1.9298e-05 1.3461e-06 0.00035561 0.014383 0.0025735
1.9854e-05 1.3966e-06 0.0003481 0.014403 0.0025835
2.0426e-05 1.4495e-06 0.000341 0.014422 0.0025937
2.1015e-05 1.5045e-06 0.00033427 0.014441 0.0026039
2.1591e-05 1.5547e-06 0.00032735 0.014461 0.0026141
2.2181e-05 1.6064e-06 0.00032074 0.014481 0.0026244
2.2757e-05 1.6529e-06 0.00031385 0.0145 0.0026347
2.3348e-05 1.7013e-06 0.00030729 0.01452 0.002645
2.3954e-05 1.7517e-06 0.00030103 0.014539 0.0026555
2.4576e-05 1.7969e-06 0.00029459 0.014559 0.002666
2.5185e-05 1.8373e-06 0.00028798 0.014579 0.0026765
2.5809e-05 1.8794e-06 0.00028167 0.014599 0.002687
2.6449e-05 1.9232e-06 0.00027563 0.014619 0.0026977
2.7104e-05 1.9689e-06 0.00026985 0.014639 0.0027084
2.7776e-05 2.0164e-06 0.00026433 0.014659 0.0027192
2.8434e-05 2.059e-06 0.00025866 0.014679 0.00273
2.9079e-05 2.0969e-06 0.00025285 0.014699 0.0027408
2.974e-05 2.1364e-06 0.00024727 0.014719 0.0027516
3.0416e-05 2.1777e-06 0.00024193 0.014739 0.0027625
3.1079e-05 2.2141e-06 0.00023644 0.01476 0.0027734
3.1759e-05 2.2529e-06 0.00023121 0.01478 0.0027843
3.2424e-05 2.2867e-06 0.00022584 0.0148 0.0027953
3.3074e-05 2.3233e-06 0.00022074 0.01482 0.0028061
3.3708e-05 2.3541e-06 0.00021545 0.014841 0.002817
3.4364e-05 2.3881e-06 0.00021045 0.014861 0.0028279
3.5e-05 2.4266e-06 0.00020575 0.014881 0.0028388
3.5617e-05 2.4689e-06 0.00020133 0.014901 0.0028496
3.6257e-05 2.5152e-06 0.00019717 0.014922 0.0028605
3.6922e-05 2.5549e-06 0.00019283 0.014942 0.0028716
3.7569e-05 2.5886e-06 0.00018829 0.014963 0.0028826
3.8198e-05 2.6163e-06 0.00018358 0.014983 0.0028935
3.8852e-05 2.6479e-06 0.00017915 0.015003 0.0029045
3.9528e-05 2.6735e-06 0.00017455 0.015024 0.0029157
4.0184e-05 2.6925e-06 0.00017708 0.015044 0.0029268
4.0865e-05 2.7151e-06 0.00017981 0.015065 0.002938
4.1564e-05 2.7402e-06 0.00018269 0.015086 0.0029493
4.2281e-05 2.7673e-06 0.00018571 0.015107 0.0029607
4.2983e-05 2.7894e-06 0.00018862 0.015127 0.002972
4.3704e-05 2.8136e-06 0.00019168 0.015148 0.0029835
4.4441e-05 2.8395e-06 0.00019488 0.015169 0.002995
4.5165e-05 2.8607e-06 0.00019797 0.01519 0.0030065
4.5905e-05 2.8834e-06 0.0002012 0.015211 0.003018
4.6631e-05 2.9014e-06 0.00020432 0.015232 0.0030295
4.7376e-05 2.9215e-06 0.00020761 0.015253 0.0030411
4.811e-05 2.9372e-06 0.00021081 0.015274 0.0030527
4.8859e-05 2.9543e-06 0.00021414 0.015295 0.0030644
4.9596e-05 2.967e-06 0.00021738 0.015316 0.003076
5.035e-05 2.9813e-06 0.00022076 0.015338 0.0030877
5.1094e-05 2.9913e-06 0.00022406 0.015359 0.0030994
5.1851e-05 3.0024e-06 0.00022747 0.01538 0.0031112
5.2624e-05 3.0145e-06 0.00023101 0.015401 0.003123
5.341e-05 3.0277e-06 0.00023467 0.015423 0.0031349
5.4186e-05 3.0368e-06 0.00023825 0.015444 0.0031468
5.4977e-05 3.0469e-06 0.00024196 0.015465 0.0031587
5.5758e-05 3.053e-06 0.00024558 0.015487 0.0031706
5.6555e-05 3.0606e-06 0.00024936 0.015508 0.0031826
5.7371e-05 3.0698e-06 0.00025329 0.01553 0.0031947
5.8175e-05 3.0801e-06 0.00025736 0.015552 0.0032068
5.8995e-05 3.0915e-06 0.00026158 0.015573 0.0032189
5.9805e-05 3.0988e-06 0.0002657 0.015595 0.003231
6.0604e-05 3.102e-06 0.00026974 0.015616 0.0032431
6.1392e-05 3.1012e-06 0.0002737 0.015638 0.0032552
6.2171e-05 3.0964e-06 0.00027758 0.01566 0.0032672
6.294e-05 3.0877e-06 0.00028138 0.015681 0.0032792
6.3724e-05 3.08e-06 0.00028532 0.015703 0.0032913
6.4499e-05 3.0684e-06 0.00028918 0.015724 0.0033034
6.5289e-05 3.0578e-06 0.00029318 0.015746 0.0033156
6.6094e-05 3.0482e-06 0.00029733 0.015768 0.0033278
6.6889e-05 3.0347e-06 0.00030138 0.01579 0.00334
6.7672e-05 3.0168e-06 0.00030535 0.015812 0.0033522
6.8476e-05 2.9942e-06 0.00030916 0.015833 0.0033482
6.9298e-05 2.9731e-06 0.00031313 0.015855 0.0033442
7.0141e-05 2.9539e-06 0.00031728 0.015877 0.0033403
7.1005e-05 2.9365e-06 0.00032163 0.015899 0.0033365
7.1891e-05 2.921e-06 0.00032619 0.015922 0.0033327
7.2797e-05 2.983e-06 0.00033034 0.015944 0.0033289
7.3691e-05 3.0404e-06 0.0003344 0.015966 0.0033252
7.4605e-05 3.0998e-06 0.00033863 0.015989 0.0033214
7.5538e-05 3.1607e-06 0.00034302 0.016011 0.0033177
7.6459e-05 3.2174e-06 0.00034732 0.016033 0.003314
7.7369e-05 3.2699e-06 0.00035153 0.016056 0.0033103
7.8297e-05 3.3239e-06 0.0003559 0.016078 0.0033066
7.9215e-05 3.3738e-06 0.00036018 0.016101 0.0033029
8.0122e-05 3.4196e-06 0.00036438 0.016123 0.0032992
8.1047e-05 3.4726e-06 0.00036791 0.016146 0.0032956
8.1961e-05 3.5213e-06 0.00037134 0.016168 0.0032919
8.2893e-05 3.5715e-06 0.00037493 0.016191 0.0032882
8.3845e-05 3.6174e-06 0.00037843 0.016214 0.0032846
8.4785e-05 3.6592e-06 0.00038184 0.016236 0.003281
8.5745e-05 3.7025e-06 0.0003854 0.016259 0.0032774
8.6694e-05 3.7417e-06 0.00038887 0.016282 0.0032738
8.7664e-05 3.783e-06 0.00039252 0.016304 0.0032703
8.8653e-05 3.8257e-06 0.00039631 0.016327 0.0032667
8.9661e-05 3.8701e-06 0.00040025 0.01635 0.0032633
9.0692e-05 3.9165e-06 0.00040438 0.016373 0.0032598
9.1711e-05 3.9587e-06 0.00040841 0.016396 0.0032564
9.275e-05 4.0025e-06 0.00041259 0.016419 0.003253
9.3778e-05 4.0423e-06 0.0004167 0.016442 0.0032496
9.4829e-05 4.0842e-06 0.00042099 0.016466 0.0032462
9.5903e-05 4.1283e-06 0.00042546 0.016489 0.0032428
9.7001e-05 4.1747e-06 0.00043013 0.016512 0.0032395
9.8123e-05 4.2233e-06 0.00043499 0.016535 0.0032363
9.9269e-05 4.2743e-06 0.00044005 0.016559 0.0032331
0.0001004 4.3211e-06 0.00044502 0.016582 0.0032298
0.00010156 4.3698e-06 0.00045017 0.016606 0.0032267
0.00010271 4.4142e-06 0.00045523 0.016629 0.0032234
0.00010387 4.4605e-06 0.00046047 0.016653 0.0032203
0.00010503 4.5026e-06 0.00046562 0.016677 0.0032171
0.00010621 4.5467e-06 0.00047096 0.0167 0.003214
0.00010737 4.5866e-06 0.0004762 0.016724 0.0032108
0.00010853 4.6224e-06 0.00048136 0.016748 0.0032076
0.00010971 4.6601e-06 0.00048671 0.016771 0.0032045
0.00011091 4.7003e-06 0.00049227 0.016795 0.0032014
0.00011214 4.7425e-06 0.00049804 0.016819 0.0031983
0.00011339 4.7873e-06 0.00050403 0.016843 0.0031953
0.00011467 4.8341e-06 0.00051024 0.016867 0.0031923
0.00011598 4.8836e-06 0.00051668 0.016891 0.0031894
0.00011731 4.9352e-06 0.00052335 0.016915 0.0031865
0.00011867 4.9896e-06 0.00053026 0.01694 0.0031836
0.00012006 5.0468e-06 0.00053744 0.016964 0.0031808
0.00012148 5.1063e-06 0.00054486 0.016988 0.0031781
0.00012288 5.1616e-06 0.00055218 0.017013 0.0031753
0.00012431 5.2192e-06 0.00055974 0.017037 0.0031725
0.00012573 5.2724e-06 0.00056718 0.017062 0.0031697
0.00012713 5.321e-06 0.00057451 0.017086 0.0031669
0.00012856 5.372e-06 0.00058208 0.017111 0.0031642
0.00013002 5.4255e-06 0.0005899 0.017135 0.0031615
0.00013147 5.4746e-06 0.00059762 0.01716 0.0031587
0.0001329 5.5196e-06 0.00060523 0.017185 0.003156
0.00013437 5.5674e-06 0.00061313 0.017209 0.0031533
0.00013582 5.6108e-06 0.0006209 0.017234 0.0031506
0.0001373 5.6567e-06 0.00062894 0.017259 0.0031479
0.00013876 5.698e-06 0.00063685 0.017284 0.0031452
0.00014026 5.7425e-06 0.00064507 0.017308 0.0031425
0.00014179 5.7899e-06 0.00065358 0.017333 0.0031399
0.00014335 5.8406e-06 0.00066242 0.017358 0.0031373
0.00014495 5.8945e-06 0.00067158 0.017383 0.0031348
0.00014657 5.951e-06 0.00068103 0.017409 0.0031323
0.00014819 6.0109e-06 0.00069084 0.017434 0.0031298
0.00014983 6.0742e-06 0.00070099 0.017459 0.0031273
0.00015152 6.1411e-06 0.00071152 0.017484 0.0031249
0.00015324 6.2116e-06 0.00072243 0.01751 0.0031225
0.000155 6.2773e-06 0.00073318 0.017535 0.0031201
0.00015679 6.3467e-06 0.00074433 0.017561 0.0031178
0.00015862 6.4192e-06 0.00075583 0.017587 0.0031155
0.00016044 6.4869e-06 0.00076718 0.017612 0.0031132
0.00016224 6.5502e-06 0.00077839 0.017638 0.0031109
0.00016408 6.6172e-06 0.00079 0.017664 0.0031087
0.0001659 6.6796e-06 0.00080147 0.017689 0.0031064
0.00016777 6.7461e-06 0.00081337 0.017715 0.0031041
0.00016961 6.8076e-06 0.0008251 0.017741 0.0031019
0.00017144 6.8641e-06 0.00083666 0.017767 0.0030997
0.00017331 6.9243e-06 0.00084863 0.017793 0.0030975
0.00017523 6.989e-06 0.00084635 0.017819 0.0030954
0.00017718 7.0581e-06 0.00084429 0.017845 0.0030933
0.00017919 7.1314e-06 0.00084246 0.017871 0.0030912
0.00018117 7.1998e-06 0.00084053 0.017898 0.0030892
0.0001832 7.2724e-06 0.00083881 0.017924 0.0030872
0.00018527 7.3493e-06 0.00083731 0.01795 0.0030852
0.00018739 7.4306e-06 0.00083602 0.017977 0.0030832
0.00018949 7.5072e-06 0.00083465 0.018004 0.0030813
0.00019164 7.5882e-06 0.00083348 0.01803 0.0030793
0.00019383 7.6737e-06 0.00083252 0.018057 0.0030775
0.00019608 7.7639e-06 0.00083178 0.018084 0.0030756
0.00019837 7.8587e-06 0.00083125 0.01811 0.0030738
0.00020064 7.9577e-06 0.00083091 0.018137 0.003072
0.00020296 8.0609e-06 0.00083076 0.018164 0.0030702
0.00020532 8.1685e-06 0.00083079 0.018191 0.0030685
0.00020767 8.2707e-06 0.00083072 0.018218 0.0030667
0.00020999 8.3677e-06 0.00083055 0.018245 0.003065
0.00021237 8.4698e-06 0.00083059 0.018273 0.0030632
0.00021479 8.5771e-06 0.00083084 0.0183 0.0030615
0.00021727 8.6898e-06 0.0008313 0.018327 0.0030599
0.00021973 8.7971e-06 0.00083165 0.018354 0.0030582
0.00022225 8.91e-06 0.00083223 0.018382 0.0030566
0.00022474 9.017e-06 0.00083268 0.018409 0.0030549
0.0002272 9.1183e-06 0.00083302 0.018436 0.0030532
0.00022964 9.2127e-06 0.0008332 0.018464 0.0030515
0.00023214 9.3151e-06 0.00083368 0.018491 0.0030499
0.00023472 9.4249e-06 0.00083442 0.018519 0.0030483
0.00023736 9.543e-06 0.00083545 0.018546 0.0030468
0.00023996 9.6521e-06 0.00083628 0.018574 0.0030452
0.00024265 9.7522e-06 0.00083689 0.018602 0.0030437
0.00024543 9.8623e-06 0.00083784 0.01863 0.0030422
0.00024815 9.963e-06 0.00083857 0.018657 0.0030407
0.00025097 1.0074e-05 0.00083965 0.018685 0.0030393
0.00025374 1.0195e-05 0.00084105 0.018713 0.0030378
0.0002566 1.0326e-05 0.00084276 0.018741 0.0030364
0.00025956 1.0469e-05 0.00084485 0.01877 0.0030351
0.0002626 1.0623e-05 0.00084727 0.018798 0.0030338
0.00026297 1.0789e-05 0.00085007 0.018826 0.0030326
0.00026337 1.0967e-05 0.00085323 0.018855 0.0030314
0.00026375 1.1134e-05 0.00085616 0.018884 0.0030302
0.00026418 1.1289e-05 0.00085883 0.018912 0.0030291
0.00026465 1.1458e-05 0.0008619 0.018941 0.0030281
0.00026517 1.1639e-05 0.00086533 0.01897 0.0030271
0.00026566 1.1808e-05 0.0008685 0.018999 0.003026
0.0002662 1.1991e-05 0.00087207 0.019028 0.003025
0.00026679 1.2188e-05 0.00087606 0.019058 0.0030241
0.00026742 1.2398e-05 0.00088043 0.019087 0.0030233
0.0002681 1.2622e-05 0.0008852 0.019116 0.0030225
0.00026883 1.4174e-05 0.00088968 0.019146 0.0030218
0.00026961 1.5809e-05 0.0008946 0.019176 0.0030211
0.00027035 1.7396e-05 0.00089924 0.019206 0.0030204
0.00027115 1.8925e-05 0.00090362 0.019235 0.0030197
0.00027191 1.9492e-05 0.00090864 0.019265 0.0030191
0.00027271 2.0036e-05 0.0009134 0.019295 0.0030184
0.00027358 2.0516e-05 0.00091716 0.019325 0.0030179
0.0002745 2.1024e-05 0.00092135 0.019356 0.0030174
0.00027538 2.1514e-05 0.00092527 0.019386 0.0030168
0.00027632 2.2032e-05 0.00092962 0.019416 0.0030164
0.00027731 2.258e-05 0.00093439 0.019447 0.0030159
0.00027836 2.316e-05 0.00093961 0.019477 0.0030156
0.00027946 2.3772e-05 0.00094529 0.019508 0.0030153
0.00028062 2.4415e-05 0.00095139 0.019539 0.0030151
0.00028174 2.5036e-05 0.00095719 0.01957 0.0030148
0.00028282 2.5637e-05 0.00096266 0.019601 0.0030145
0.00028388 2.6219e-05 0.00096786 0.019632 0.0030142
0.00028499 2.6835e-05 0.00097354 0.019663 0.0030139
0.00028608 2.7432e-05 0.00097896 0.019693 0.0030136
0.00028722 2.801e-05 0.00098414 0.019724 0.0030133
0.00028833 2.8571e-05 0.00098909 0.019755 0.003013
0.00028949 2.9161e-05 0.00099444 0.019787 0.0030128
0.00029069 2.9774e-05 0.0010001 0.019818 0.0030126
0.00029187 3.0375e-05 0.0010056 0.019849 0.0030124
0.00029304 3.0966e-05 0.001011 0.01988 0.0030122
0.00029419 3.1548e-05 0.0010163 0.019911 0.0030119
0.00029538 3.2152e-05 0.0010218 0.019943 0.0030117
0.0002966 3.2777e-05 0.0010277 0.019974 0.0030116
0.00029787 3.3424e-05 0.0010338 0.020006 0.0030114
0.00029917 3.4095e-05 0.0010403 0.020037 0.0030114
0.0003005 3.4787e-05 0.0010471 0.020069 0.0030113
0.00030182 3.5468e-05 0.0010537 0.020101 0.0030112
0.00030312 3.6138e-05 0.0010601 0.020132 0.0030111
0.00030447 3.6833e-05 0.0010669 0.020164 0.0030111
0.00030579 3.7515e-05 0.0010736 0.020196 0.003011
0.00030709 3.8181e-05 0.00108 0.020228 0.0030109
0.00030844 3.8607e-05 0.0010874 0.02026 0.0030109
0.00030985 3.906e-05 0.0010953 0.020292 0.0030109
0.00031123 3.9498e-05 0.0011029 0.020324 0.0030109
0.00031267 3.9961e-05 0.001111 0.020356 0.0030109
0.00031407 4.0406e-05 0.0011188 0.020388 0.0030109
0.00031553 4.0878e-05 0.0011271 0.02042 0.0030109
0.00031695 4.1329e-05 0.001135 0.020452 0.0030109
0.00031844 4.1684e-05 0.0011426 0.020485 0.003011
0.00031999 4.2064e-05 0.0011507 0.020517 0.0030112
0.00032161 4.2471e-05 0.0011594 0.02055 0.0030114
0.00032318 4.286e-05 0.0011676 0.020582 0.0030116
0.00032482 4.3276e-05 0.0011763 0.020615 0.0030118
0.00032654 4.3671e-05 0.0011847 0.020648 0.0030121
0.00032833 4.4049e-05 0.0011928 0.020681 0.0030125
0.00033019 4.4453e-05 0.0012014 0.020714 0.0030129
0.000332 4.4838e-05 0.0012097 0.020748 0.0030133
0.00033377 4.5203e-05 0.0012176 0.020781 0.0030136
0.00033561 4.5598e-05 0.0012261 0.020814 0.003014
0.00033752 4.602e-05 0.0012351 0.020847 0.0030145
0.00033939 4.6422e-05 0.0012438 0.020881 0.0030149
0.00034121 4.6805e-05 0.0012521 0.020914 0.0030153
0.00034311 4.7218e-05 0.0012611 0.020948 0.0030157
0.00034509 4.7613e-05 0.0012697 0.020981 0.0030162
0.00034715 4.804e-05 0.0012789 0.021015 0.0030168
0.00034916 4.8502e-05 0.0012889 0.021049 0.0030173
0.00035125 4.8994e-05 0.0012994 0.021083 0.0030179
0.00035329 4.9464e-05 0.0013095 0.021116 0.0030185
0.0003554 4.9966e-05 0.0013203 0.02115 0.0030191
0.00035759 4.9841e-05 0.0013318 0.021185 0.0030198
0.00035986 4.9739e-05 0.0013441 0.021219 0.0030205
0.00036208 4.9619e-05 0.0013559 0.021253 0.0030212
0.00036438 4.9522e-05 0.0013684 0.021287 0.0030219
0.00036663 4.9407e-05 0.0013804 0.021322 0.0030226
0.00036896 4.9316e-05 0.0013792 0.021356 0.0030234
0.00037124 4.9246e-05 0.0013784 0.021391 0.0030242
0.00037347 4.9163e-05 0.0013774 0.021426 0.003025
0.00037567 4.9065e-05 0.0013762 0.02146 0.0030258
0.00037793 4.8988e-05 0.0013753 0.021495 0.0030266
0.00038016 4.8895e-05 0.0013742 0.021529 0.0030274
0.00038234 4.8789e-05 0.0013729 0.021564 0.0030281
0.00038448 4.8668e-05 0.0013713 0.021599 0.0030288
0.00038658 4.8534e-05 0.0013695 0.021633 0.0030295
0.00038877 4.8423e-05 0.0013682 0.021668 0.0030302
0.00039104 4.7924e-05 0.0013741 0.021703 0.003031
0.00039339 4.7456e-05 0.0013806 0.021738 0.0030319
0.0003957 4.6923e-05 0.001383 0.021773 0.0030327
0.0003981 4.6426e-05 0.0013859 0.021808 0.0030336
0.0004006 4.5909e-05 0.0013885 0.021843 0.0030346
0.00040319 4.5427e-05 0.0013916 0.021879 0.0030356
0.00040588 4.4975e-05 0.0013951 0.021914 0.0030367
0.00040866 4.4551e-05 0.0013991 0.02195 0.0030378
0.00041153 4.4155e-05 0.0014036 0.021986 0.003039
0.00041434 4.3739e-05 0.0014076 0.022022 0.0030402
0.00041726 4.3353e-05 0.0014122 0.022058 0.0030414
0.00042012 4.2947e-05 0.0014164 0.022094 0.0030426
0.00042292 4.2521e-05 0.0014203 0.02213 0.0030437
0.00042566 4.2075e-05 0.0014239 0.022166 0.0030448
0.00042851 4.166e-05 0.0014281 0.022202 0.003046
0.00043146 4.1275e-05 0.0014327 0.022238 0.0030472
0.00043452 4.0917e-05 0.0014379 0.022274 0.0030485
0.00043767 4.0582e-05 0.0014435 0.022311 0.0030499
0.00044077 4.0231e-05 0.0014488 0.022348 0.0030512
0.00044382 3.9866e-05 0.0014538 0.022384 0.0030525
0.00044682 3.9486e-05 0.0014587 0.02242 0.0030537
0.00044992 3.9129e-05 0.0014639 0.022457 0.003055
0.00045296 3.8755e-05 0.0014689 0.022494 0.0030563
0.0004561 3.8404e-05 0.0014744 0.02253 0.0030576
0.00045918 3.8037e-05 0.0014795 0.022567 0.0030589
0.00046237 3.7695e-05 0.0014852 0.022604 0.0030603
0.00046566 3.7377e-05 0.0014913 0.022641 0.0030617
0.00046906 3.7083e-05 0.001498 0.022629 0.0030632
0.00047257 3.6811e-05 0.0015052 0.022617 0.0030648
0.00047602 3.7599e-05 0.0015121 0.022605 0.0030664
0.0004796 3.8432e-05 0.0015196 0.022594 0.0030681
0.0004831 3.9236e-05 0.0015267 0.022582 0.0030697
0.00048673 4.0109e-05 0.0015348 0.02257 0.0030713
0.00049048 4.1032e-05 0.0015435 0.022559 0.003073
0.00049438 4.201e-05 0.0015529 0.022547 0.0030748
0.00049841 4.3044e-05 0.0015631 0.022536 0.0030767
0.00050238 4.4048e-05 0.0015728 0.022525 0.0030785
0.00050649 4.5111e-05 0.0015833 0.022514 0.0030804
0.00051075 4.6235e-05 0.0015946 0.022503 0.0030824
0.00051516 4.7423e-05 0.0016066 0.022492 0.0030844
0.00051973 4.8681e-05 0.0016195 0.022481 0.0030865
0.00052447 4.9882e-05 0.0016319 0.02247 0.0030887
0.00052525 5.1048e-05 0.0016439 0.022459 0.0030909
0.0005261 5.2275e-05 0.0016566 0.022449 0.0030932
0.00052701 5.3565e-05 0.0016701 0.022439 0.0030956
0.000528 5.4924e-05 0.0016844 0.022428 0.003098
0.00052894 5.6243e-05 0.0016983 0.022418 0.0031004
0.00052995 5.7631e-05 0.0017129 0.022408 0.0031029
0.00053092 5.9018e-05 0.0017276 0.022398 0.0031053
0.00053196 6.0403e-05 0.0017422 0.022388 0.0031078
0.00053308 6.1786e-05 0.0017569 0.022378 0.0031104
0.00053415 6.3169e-05 0.0017715 0.022368 0.0031129
0.00053517 6.4549e-05 0.0017861 0.022357 0.0031153
0.00053628 6.5929e-05 0.0018007 0.022348 0.0031179
0.00053745 6.7307e-05 0.0018153 0.022338 0.0031205
0.00053869 6.8684e-05 0.0018298 0.022328 0.0031231
0.00053989 7.0059e-05 0.0018444 0.022318 0.0031258
0.00054105 7.1433e-05 0.0018589 0.022308 0.0031283
0.00054216 7.2806e-05 0.0018734 0.022298 0.0031309
0.00054335 7.4177e-05 0.0018879 0.022289 0.0031335
0.0005445 7.5547e-05 0.0019024 0.022279 0.0031361
0.0005456 7.6916e-05 0.0019168 0.022269 0.0031386
0.00054666 7.8283e-05 0.0019313 0.022259 0.0031411
0.00054768 7.9649e-05 0.0019457 0.022249 0.0031435
0.00054877 8.1013e-05 0.0019602 0.022239 0.003146
0.00054994 8.2376e-05 0.0019746 0.022229 0.0031485
0.00055106 8.3738e-05 0.001989 0.022219 0.0031509
0.00055226 8.5098e-05 0.0020034 0.022209 0.0031534
0.00055342 8.6457e-05 0.0020177 0.0222 0.0031559
0.00055465 8.7815e-05 0.0020321 0.02219 0.0031584
0.00055596 8.9171e-05 0.0020464 0.02218 0.003161
0.00055722 9.0526e-05 0.0020607 0.022171 0.0031637
0.00055844 9.1879e-05 0.002075 0.022161 0.0031663
0.00055962 9.3231e-05 0.0020893 0.022151 0.0031689
0.00056075 9.4582e-05 0.0021036 0.022142 0.0031714
0.00056196 9.5932e-05 0.0021179 0.022132 0.0031739
0.00056326 9.728e-05 0.0021321 0.022122 0.0031765
0.00056476 9.8626e-05 0.0021464 0.022113 0.003179
0.00056621 9.9972e-05 0.0021606 0.022103 0.0031815
0.00056775 0.00010132 0.0021748 0.022094 0.0031841
0.00056938 0.00010266 0.002189 0.022084 0.0031867
0.00057109 0.000104 0.0022032 0.022075 0.0031894
0.0005729 0.00010534 0.0022173 0.022066 0.0031922
