Aotus_nancymaae Callithrix_jacchus Carlito_syrichta Cebus_capucinus Cercocebus_atys
0.00023443 1.3771e-05 2.816e-05 0.00016652 0.0018208
0.00023138 1.2859e-05 2.7425e-05 0.00016365 0.0018183
0.00022845 1.1994e-05 2.6798e-05 0.0001608 0.0018158
0.00022544 1.1099e-05 2.6108e-05 0.00015793 0.0018132
0.00022254 1.0253e-05 2.3785e-05 0.00015508 0.0018107
0.00021958 9.3808e-06 2.1278e-05 0.00015222 0.0018082
0.00021675 8.5611e-06 1.9198e-05 0.00014939 0.0018057
0.00021385 7.7112e-06 1.6922e-05 0.00014654 0.0018031
0.00021087 6.8335e-06 1.4453e-05 0.00014366 0.0018006
0.00020783 5.9271e-06 1.1771e-05 0.00014077 0.001798
0.00020492 5.077e-06 9.5722e-06 0.00013791 0.0017955
0.00020193 4.1945e-06 9.2414e-06 0.00013503 0.0017929
0.00019887 3.2827e-06 8.8758e-06 0.00013212 0.0017903
0.00019558 3.1441e-06 8.5754e-06 0.0001292 0.0017878
0.0001922 2.9971e-06 8.2384e-06 0.0001286 0.0017852
0.00018872 2.8416e-06 7.8617e-06 0.00012799 0.0017826
0.0001854 2.6962e-06 7.5572e-06 0.00012739 0.0017801
0.00018199 2.5425e-06 7.6343e-06 0.00012678 0.0017775
0.00017851 2.3813e-06 7.6946e-06 0.00012616 0.0017749
0.00017515 2.2289e-06 7.7823e-06 0.00012554 0.0017723
0.00017193 2.0849e-06 7.8995e-06 0.00012493 0.0017698
0.00016882 1.9487e-06 7.8138e-06 0.00012434 0.0017672
0.00016564 1.8048e-06 7.7081e-06 0.00012372 0.0017647
0.00016239 1.6539e-06 7.5838e-06 0.0001231 0.0017621
0.00015927 1.5119e-06 7.4376e-06 0.00012249 0.0017596
0.00015607 1.3625e-06 7.3239e-06 0.00012186 0.001757
0.00015299 1.2203e-06 7.2377e-06 0.00012125 0.0017545
0.00015002 1.0845e-06 7.1757e-06 0.00012064 0.0017519
0.00014696 1.1142e-06 7.0981e-06 0.00012001 0.0017493
0.00014386 1.1402e-06 7.0071e-06 0.00011938 0.0017468
0.00014085 1.1681e-06 6.9398e-06 0.00011876 0.0017442
0.00013795 1.1979e-06 6.8939e-06 0.00011814 0.0017417
0.00013513 1.2289e-06 6.8647e-06 0.00011753 0.0017391
0.00013227 1.2568e-06 6.8272e-06 0.00011691 0.0017366
0.00012949 1.2859e-06 6.8051e-06 0.00011629 0.0017341
0.00012667 1.3117e-06 6.7742e-06 0.00011567 0.0017316
0.00012381 1.3345e-06 6.7354e-06 0.00011503 0.001729
0.00012104 1.3588e-06 6.7137e-06 0.00011441 0.0017265
0.00011834 1.3843e-06 6.7068e-06 0.00011378 0.001724
0.00011571 1.4109e-06 6.3612e-06 0.00011316 0.0017215
0.00011314 1.4389e-06 6.0514e-06 0.00011255 0.001719
0.00011065 1.4681e-06 5.7742e-06 0.00011194 0.0017166
0.00010822 1.4991e-06 5.5298e-06 0.00011133 0.0017141
0.00010587 1.5321e-06 5.2709e-06 0.00011074 0.0017117
0.00010359 1.567e-06 5.0438e-06 0.00011014 0.0017092
0.00010137 1.6041e-06 4.8459e-06 0.00010956 0.0017068
9.9233e-05 1.6437e-06 4.6751e-06 0.00010898 0.0017044
9.7157e-05 1.6856e-06 4.528e-06 0.0001084 0.001702
9.5038e-05 1.7232e-06 4.4079e-06 0.00010781 0.0016996
9.3004e-05 1.7646e-06 3.9297e-06 0.00010724 0.0016973
9.0916e-05 1.8009e-06 3.9e-06 0.00010665 0.0016949
8.8776e-05 1.8326e-06 3.831e-06 0.00010605 0.0016926
8.6728e-05 1.8682e-06 3.7467e-06 0.00010545 0.0016902
8.4757e-05 1.9074e-06 3.6829e-06 0.00010487 0.0016878
8.2738e-05 1.9418e-06 3.6058e-06 0.00010427 0.0016854
8.0669e-05 1.9728e-06 3.515e-06 0.00010367 0.001683
7.8678e-05 2.0072e-06 3.4446e-06 0.00010307 0.0016806
7.6639e-05 2.0369e-06 3.3611e-06 0.00010245 0.0016782
7.4684e-05 2.0708e-06 3.2996e-06 0.00010185 0.0016759
7.2682e-05 2.0999e-06 3.2255e-06 0.00010124 0.0016735
7.0764e-05 2.1333e-06 3.17e-06 0.00010063 0.0016711
6.8792e-05 2.1613e-06 3.1007e-06 0.00010002 0.0016687
6.6773e-05 2.1845e-06 3.0186e-06 9.9387e-05 0.0016663
6.4837e-05 2.2121e-06 2.9575e-06 9.8767e-05 0.001664
6.2836e-05 2.2338e-06 2.8824e-06 9.8156e-05 0.0016616
6.0918e-05 2.26e-06 2.8274e-06 9.7554e-05 0.0016592
5.8954e-05 2.2812e-06 2.7371e-06 9.6941e-05 0.0016568
5.7061e-05 2.3062e-06 2.6279e-06 9.6336e-05 0.0016545
5.5239e-05 2.3351e-06 2.4876e-06 9.5738e-05 0.0016521
5.3371e-05 2.359e-06 2.2892e-06 9.5128e-05 0.0016498
5.158e-05 2.3875e-06 2.125e-06 9.4527e-05 0.0016474
4.9745e-05 2.411e-06 1.9429e-06 9.3915e-05 0.0016451
4.7977e-05 2.4385e-06 1.7891e-06 9.331e-05 0.0016427
4.6166e-05 2.4609e-06 1.6185e-06 9.2694e-05 0.0016403
4.4312e-05 2.4785e-06 1.4302e-06 9.2066e-05 0.0016379
4.2416e-05 2.4911e-06 1.223e-06 9.1427e-05 0.0016355
4.0592e-05 2.5082e-06 1.0491e-06 9.0796e-05 0.0016331
3.8712e-05 2.8824e-06 8.5567e-07 9.0153e-05 0.0016307
3.6896e-05 3.2773e-06 6.897e-07 8.9517e-05 0.0016284
3.5142e-05 3.6944e-06 5.4706e-07 8.8888e-05 0.001626
3.3456e-05 4.1377e-06 4.2652e-07 8.8267e-05 0.0016236
3.1827e-05 4.6063e-06 3.2264e-07 8.7654e-05 0.0016213
3.0155e-05 5.0568e-06 2.0634e-07 8.7028e-05 0.001619
2.8437e-05 5.4893e-06 7.4874e-08 8.6389e-05 0.0016167
2.6679e-05 5.9063e-06 5.6886e-08 8.5739e-05 0.0016143
2.4878e-05 6.3081e-06 6.8537e-08 8.5077e-05 0.001612
2.3036e-05 6.6951e-06 7.3756e-08 8.4404e-05 0.0016096
5.0966e-06 1.076e-05 5.8354e-08 7.7536e-05 0.0015861
3.2334e-06 1.115e-05 4.518e-08 7.6814e-05 0.0015837
1.4448e-06 1.1201e-05 3.3393e-08 7.6101e-05 0.0015814
1.1697e-06 1.124e-05 4.2856e-08 7.5375e-05 0.001579
8.82e-07 1.127e-05 4.9271e-08 7.4658e-05 0.0015766
8.9266e-07 1.129e-05 5.2684e-08 7.393e-05 0.0015742
9.0105e-07 1.1321e-05 5.6874e-08 7.321e-05 0.0015718
9.0719e-07 1.1365e-05 6.198e-08 7.2498e-05 0.0015695
9.0442e-07 1.14e-05 6.2815e-08 7.1794e-05 0.0015671
8.9939e-07 1.1448e-05 6.4543e-08 7.1099e-05 0.0015647
8.8517e-07 1.1485e-05 6.301e-08 7.0391e-05 0.0015624
8.6866e-07 1.1535e-05 6.2367e-08 6.9691e-05 0.00156
8.4985e-07 1.1598e-05 6.2596e-08 6.8999e-05 0.0015577
8.2872e-07 1.1673e-05 6.3711e-08 6.8315e-05 0.0015554
1.0108e-06 1.1709e-05 6.1562e-08 6.7641e-05 0.0015531
1.1821e-06 1.1737e-05 5.6076e-08 6.6954e-05 0.0015507
1.3554e-06 1.1777e-05 5.1493e-08 6.6254e-05 0.0015484
1.5172e-06 1.1808e-05 4.3638e-08 6.7419e-05 0.001546
1.6803e-06 1.1849e-05 3.6337e-08 6.8569e-05 0.0015437
1.832e-06 1.1881e-05 2.5811e-08 6.9704e-05 0.0015413
1.9718e-06 1.1903e-05 3.2808e-08 7.0278e-05 0.0015389
2.101e-06 1.1917e-05 3.697e-08 7.084e-05 0.0015365
2.2312e-06 1.1941e-05 3.4102e-08 7.1408e-05 0.0015341
2.3506e-06 1.1957e-05 2.8427e-08 7.1966e-05 0.0015317
2.4712e-06 1.1984e-05 2.2834e-08 7.2529e-05 0.0015292
2.5941e-06 1.2023e-05 1.4425e-08 7.3099e-05 0.0015268
2.5212e-06 1.2127e-05 1.8729e-08 7.3676e-05 0.0015244
2.4498e-06 1.2245e-05 2.288e-08 7.426e-05 0.0015219
2.3788e-06 1.2376e-05 2.6839e-08 7.4851e-05 0.0015195
2.2973e-06 1.2497e-05 6.7261e-08 7.543e-05 0.0015171
2.2171e-06 1.2633e-05 8.3559e-08 7.6017e-05 0.0015147
2.1264e-06 1.276e-05 9.6185e-08 7.6592e-05 0.0015123
2.0368e-06 1.2901e-05 1.05e-07 7.7176e-05 0.0015098
1.9366e-06 1.3032e-05 1.104e-07 7.7747e-05 0.0015074
1.8366e-06 1.3176e-05 1.1737e-07 7.8325e-05 0.001505
1.7361e-06 1.3333e-05 1.2564e-07 7.8908e-05 0.0015026
1.635e-06 1.3504e-05 1.3585e-07 7.9497e-05 0.0015002
1.5249e-06 1.3666e-05 1.429e-07 8.0077e-05 0.0014978
1.4133e-06 1.384e-05 1.512e-07 8.0661e-05 0.0014954
1.2933e-06 1.4008e-05 1.5666e-07 8.1237e-05 0.0014931
1.171e-06 1.4186e-05 1.6292e-07 8.1815e-05 0.0014907
1.0403e-06 1.4357e-05 1.6638e-07 8.2385e-05 0.0014883
1.2167e-06 1.4521e-05 1.672e-07 8.2948e-05 0.0014859
1.392e-06 1.4695e-05 1.6893e-07 8.3514e-05 0.0014835
1.5589e-06 1.4863e-05 1.6785e-07 8.4072e-05 0.0014811
1.7244e-06 1.5041e-05 1.676e-07 8.4633e-05 0.0014788
1.8887e-06 1.523e-05 1.6815e-07 8.5197e-05 0.0014764
2.0513e-06 1.5427e-05 1.6924e-07 8.5762e-05 0.0014741
2.2056e-06 1.5618e-05 1.6773e-07 8.6321e-05 0.0014717
2.3587e-06 1.582e-05 1.67e-07 8.6882e-05 0.0014694
2.5035e-06 1.6017e-05 1.6368e-07 8.7435e-05 0.001467
2.6402e-06 1.6209e-05 1.5787e-07 8.7982e-05 0.0014646
2.7688e-06 1.6395e-05 1.9587e-07 8.8521e-05 0.0014623
2.8892e-06 1.6577e-05 2.3083e-07 8.9053e-05 0.0014599
3.0016e-06 1.6754e-05 2.6277e-07 8.9578e-05 0.0014575
3.1123e-06 1.694e-05 2.9717e-07 9.0105e-05 0.0014551
3.2146e-06 1.7121e-05 3.2831e-07 9.0625e-05 0.0014528
3.3087e-06 1.7296e-05 3.5622e-07 9.1137e-05 0.0014504
3.4016e-06 1.7481e-05 3.8718e-07 9.1652e-05 0.001448
3.4862e-06 1.7661e-05 4.1483e-07 9.216e-05 0.0014456
3.5691e-06 1.7851e-05 4.4524e-07 9.2669e-05 0.0014432
3.6437e-06 1.8035e-05 4.7228e-07 9.3171e-05 0.0014409
3.7173e-06 1.8229e-05 5.0283e-07 9.3677e-05 0.0014385
3.7902e-06 1.7944e-05 5.373e-07 9.4185e-05 0.0014361
3.8617e-06 1.7671e-05 5.7548e-07 9.4695e-05 0.0014338
3.9247e-06 1.7392e-05 6.0988e-07 9.5198e-05 0.0014314
3.9792e-06 1.7105e-05 6.4051e-07 9.5693e-05 0.0014291
4.0324e-06 1.6831e-05 6.7508e-07 9.619e-05 0.0014267
4.0772e-06 1.6551e-05 7.0585e-07 9.668e-05 0.0014244
4.1217e-06 1.6285e-05 7.3051e-07 9.7174e-05 0.001422
4.1575e-06 1.6012e-05 7.512e-07 9.7659e-05 0.0014197
4.1933e-06 1.5753e-05 7.7738e-07 9.815e-05 0.0014173
4.2292e-06 1.5509e-05 8.0912e-07 9.8644e-05 0.001415
4.2647e-06 1.5277e-05 8.4615e-07 9.9142e-05 0.0014127
4.2907e-06 1.5036e-05 8.7823e-07 9.9631e-05 0.0014103
4.3076e-06 1.4789e-05 9.1681e-07 0.00010011 0.001408
4.3151e-06 1.4533e-05 9.5026e-07 0.00010058 0.0014057
4.3228e-06 1.4292e-05 9.9051e-07 0.00010106 0.0014033
4.3301e-06 1.4062e-05 1.0373e-06 0.00010154 0.001401
4.3284e-06 1.3825e-05 1.079e-06 0.00010201 0.0013987
4.3174e-06 1.3581e-05 1.1156e-06 0.00010247 0.0013964
4.2971e-06 1.3329e-05 1.1592e-06 0.00010293 0.001394
4.2767e-06 1.309e-05 1.2106e-06 0.00010339 0.0013917
4.2465e-06 1.2842e-05 1.2556e-06 0.00010384 0.0013894
4.2067e-06 1.2586e-05 1.2947e-06 0.00010428 0.0013871
4.1574e-06 1.2322e-05 1.3281e-06 0.00010471 0.0013847
4.1084e-06 1.2072e-05 1.3696e-06 0.00010514 0.0013824
4.0494e-06 1.1812e-05 1.4046e-06 0.00010557 0.0013801
3.9921e-06 1.1569e-05 1.4554e-06 0.000106 0.0013777
3.9364e-06 1.1342e-05 1.8909e-06 0.00010644 0.0013754
3.8819e-06 1.1129e-05 1.9861e-06 0.00010688 0.0013731
3.8181e-06 1.0908e-05 2.074e-06 0.00010732 0.0013707
3.7543e-06 1.07e-05 2.1753e-06 0.00010776 0.0013684
3.6904e-06 1.0502e-05 2.2911e-06 0.00010821 0.0013661
3.626e-06 1.0315e-05 2.4225e-06 0.00010866 0.0013638
3.5606e-06 1.0136e-05 2.3853e-06 0.00010911 0.0013616
3.4866e-06 9.9523e-06 2.3426e-06 0.00010956 0.0013593
3.4111e-06 9.7759e-06 2.3077e-06 0.00011 0.001357
3.3339e-06 9.6069e-06 2.2803e-06 0.00011045 0.0013547
3.2549e-06 9.445e-06 2.26e-06 0.00011091 0.0013525
3.1679e-06 9.2787e-06 2.2353e-06 0.00011135 0.0013502
3.0725e-06 9.1076e-06 2.2059e-06 0.00011179 0.0013479
2.9754e-06 8.9434e-06 2.1835e-06 0.00011223 0.0013457
2.8765e-06 8.7859e-06 2.1679e-06 0.00011268 0.0013434
2.7694e-06 8.6242e-06 2.1481e-06 0.00011311 0.0013412
2.661e-06 8.4699e-06 2.1358e-06 0.00011355 0.0013389
2.5512e-06 8.3229e-06 2.131e-06 0.000114 0.0013367
2.4331e-06 8.1713e-06 2.1215e-06 0.00011443 0.0013344
2.8037e-06 7.9992e-06 2.1071e-06 0.00011486 0.0013322
3.178e-06 7.8347e-06 2.1002e-06 0.00011529 0.00133
3.5425e-06 7.6656e-06 2.0886e-06 0.00011572 0.0013278
3.8978e-06 7.492e-06 2.0728e-06 0.00011613 0.0013255
4.2569e-06 7.326e-06 2.0644e-06 0.00011655 0.0013233
4.6188e-06 7.1664e-06 2.0624e-06 0.00011698 0.0013211
4.984e-06 7.013e-06 2.0669e-06 0.0001174 0.0013189
5.3391e-06 6.8549e-06 2.0667e-06 0.00011782 0.0013167
5.6989e-06 6.704e-06 2.0741e-06 0.00011824 0.0013145
6.0483e-06 6.5481e-06 2.0764e-06 0.00011866 0.0013122
6.3864e-06 6.3866e-06 2.0731e-06 0.00011906 0.00131
6.7128e-06 6.2188e-06 2.0809e-06 0.00011946 0.0013078
7.0271e-06 6.0444e-06 2.079e-06 0.00011984 0.0013056
7.3474e-06 5.8787e-06 2.0858e-06 0.00012023 0.0013034
7.674e-06 5.7213e-06 2.1012e-06 0.00012063 0.0013012
8.007e-06 5.5717e-06 1.9629e-06 0.00012103 0.001299
8.3275e-06 5.4158e-06 1.8144e-06 0.00012142 0.0012968
8.6357e-06 5.2536e-06 1.6554e-06 0.00012181 0.0012945
8.9512e-06 5.0999e-06 1.5158e-06 0.0001222 0.0012923
9.2551e-06 4.9405e-06 1.3672e-06 0.00012257 0.0012901
9.5667e-06 4.7895e-06 1.2367e-06 0.00012296 0.0012879
9.8866e-06 4.6466e-06 1.1224e-06 0.00012335 0.0012857
1.0214e-05 4.5108e-06 1.0214e-06 0.00012375 0.0012835
1.0552e-05 4.3832e-06 9.3293e-07 0.00012415 0.0012814
1.0899e-05 4.2628e-06 8.5604e-07 0.00012456 0.0012792
1.1259e-05 4.1503e-06 7.9081e-07 0.00012498 0.0012771
1.1631e-05 4.0455e-06 7.3586e-07 0.00012541 0.001275
1.2015e-05 3.9472e-06 6.8911e-07 0.00012584 0.0012729
1.2382e-05 3.8423e-06 6.3522e-07 0.00012626 0.0012708
1.2732e-05 3.7306e-06 5.7358e-07 0.00012667 0.0012686
1.3065e-05 3.6116e-06 5.0316e-07 0.00012707 0.0012665
1.3412e-05 3.5011e-06 4.4412e-07 0.00012748 0.0012644
1.3741e-05 3.3831e-06 3.9494e-07 0.00012787 0.0012623
1.4088e-05 3.2742e-06 3.5421e-07 0.00012825 0.0012602
1.4418e-05 3.1586e-06 3.2073e-07 0.00012862 0.0012581
1.473e-05 3.0354e-06 2.8076e-07 0.00012898 0.001256
1.5055e-05 2.9199e-06 2.5317e-07 0.00012932 0.001254
1.5395e-05 2.8115e-06 2.3008e-07 0.00012967 0.0012519
1.5715e-05 2.6958e-06 2.0152e-07 0.00013001 0.0012499
1.6019e-05 2.5735e-06 2.2813e-07 0.00013034 0.0012478
1.6338e-05 2.4593e-06 2.1853e-07 0.00013067 0.0012457
1.6641e-05 2.3386e-06 2.1251e-07 0.000131 0.0012436
1.6926e-05 2.2111e-06 2.0986e-07 0.00013131 0.0012416
1.7193e-05 2.0762e-06 2.0274e-07 0.00013161 0.0012395
1.7475e-05 1.9496e-06 1.9875e-07 0.00013192 0.0012374
2.008e-05 1.8146e-06 1.9065e-07 0.00013222 0.0012353
2.2608e-05 1.8673e-06 1.9612e-07 0.0001325 0.0012332
2.5085e-05 1.9151e-06 1.9767e-07 0.00013277 0.0012311
2.7646e-05 1.9666e-06 2.0153e-07 0.00013305 0.001229
3.0152e-05 2.0132e-06 2.0133e-07 0.00013332 0.0012269
3.2737e-05 2.0629e-06 2.031e-07 0.0001336 0.0012249
3.5273e-05 2.1081e-06 2.0113e-07 0.00013386 0.0012228
3.7767e-05 2.149e-06 1.9561e-07 0.00013412 0.0012207
4.0221e-05 2.1859e-06 1.8661e-07 0.00013436 0.0012185
4.275e-05 2.2258e-06 1.7952e-07 0.00013459 0.0012164
4.5241e-05 2.2617e-06 1.691e-07 0.00013481 0.0012143
4.7806e-05 2.3006e-06 1.6038e-07 0.00013504 0.0012122
5.0336e-05 2.3358e-06 1.4859e-07 0.00013526 0.0012101
5.2943e-05 2.374e-06 1.3839e-07 0.00013549 0.001208
5.5509e-05 2.4081e-06 1.2495e-07 0.0001357 0.0012059
5.8156e-05 2.4455e-06 1.1308e-07 0.00013592 0.0012038
6.0764e-05 2.479e-06 9.8121e-08 0.00013614 0.0012017
6.333e-05 2.5083e-06 7.9813e-08 0.00013634 0.0011995
6.5978e-05 2.5409e-06 6.3093e-08 0.00013655 0.0011974
6.8587e-05 2.5696e-06 4.3274e-08 0.00013675 0.0011953
7.128e-05 2.6017e-06 2.4852e-08 0.00013695 0.0011932
7.4079e-05 2.6379e-06 2.8053e-08 0.00013717 0.0011911
7.6959e-05 2.6772e-06 3.0763e-08 0.00013738 0.001189
7.9793e-05 2.7123e-06 3.1025e-08 0.00013759 0.0011869
8.2707e-05 2.7503e-06 3.0786e-08 0.00013781 0.0011848
8.5576e-05 2.784e-06 2.8102e-08 0.00013801 0.0011827
8.8527e-05 2.8208e-06 2.4917e-08 0.00013822 0.0011806
9.1429e-05 2.8532e-06 1.9268e-08 0.00013842 0.0011785
9.4287e-05 2.8814e-06 3.2227e-08 0.00013861 0.0011763
9.7099e-05 2.9054e-06 4.2474e-08 0.00013879 0.0011742
0.0001 2.9327e-06 5.0025e-08 0.00013897 0.001172
0.000103 2.9641e-06 5.8034e-08 0.00013917 0.0011699
0.00010595 2.9911e-06 6.3277e-08 0.00013935 0.0011678
0.00010901 3.0225e-06 5.1642e-08 0.00013954 0.0011656
0.00011202 3.049e-06 3.6897e-08 0.00013972 0.0011635
0.00011512 3.0797e-06 2.3029e-08 0.00013991 0.0011614
0.00011818 3.1057e-06 2.9418e-08 0.00014008 0.0011592
0.00012118 3.1272e-06 3.33e-08 0.00014025 0.0011571
0.00012413 3.1445e-06 3.4709e-08 0.00014041 0.0011549
0.00012704 3.1576e-06 3.3657e-08 0.00014055 0.0011527
0.00013004 3.174e-06 3.2247e-08 0.00014071 0.0011506
0.00013299 3.1858e-06 2.8283e-08 0.00014085 0.0011484
0.00013603 3.2011e-06 2.3963e-08 0.000141 0.0011462
0.00013901 3.2115e-06 1.7052e-08 0.00014114 0.0011441
0.00014211 3.2266e-06 1.0009e-08 0.00014128 0.0011419
0.00014513 3.236e-06 1.204e-08 0.00014142 0.0011397
0.00014807 3.2395e-06 1.164e-08 0.00014154 0.0011375
0.00015115 3.2485e-06 1.0715e-08 0.00014167 0.0011354
0.00015435 3.2622e-06 4.1646e-09 0.0001418 0.0011332
0.00015746 3.27e-06 4.9159e-09 0.00014193 0.001131
0.00016051 3.2723e-06 1.1961e-08 0.00014204 0.0011289
0.00016305 3.2539e-06 1.8733e-08 0.00014217 0.0011267
0.00016552 3.2294e-06 2.2757e-08 0.00014227 0.0011245
0.00016811 3.2105e-06 2.6744e-08 0.00014239 0.0011223
0.00017063 3.1857e-06 2.7951e-08 0.0001425 0.0011202
0.00017308 3.1549e-06 5.853e-08 0.00014259 0.001118
0.00017564 3.1297e-06 9.371e-08 0.00014269 0.0011158
0.00017831 3.1092e-06 1.3694e-07 0.00014281 0.0011136
0.0001809 3.0828e-06 1.7399e-07 0.0001429 0.0011114
0.00018362 3.0618e-06 2.1767e-07 0.00014301 0.0011093
0.00018627 3.0355e-06 2.5545e-07 0.00014311 0.0011071
0.00018904 3.0137e-06 2.9956e-07 0.00014321 0.0011049
0.00019172 2.9862e-06 3.3689e-07 0.0001433 0.0011028
0.00019452 2.9633e-06 3.6599e-07 0.0001434 0.0011006
0.00019725 2.9345e-06 3.8901e-07 0.00014349 0.0010984
0.0001999 2.8999e-06 4.0617e-07 0.00014357 0.0010961
0.00020249 2.86e-06 3.7673e-07 0.00014363 0.0010939
0.00020519 2.8254e-06 3.5355e-07 0.0001437 0.0010917
0.00020803 2.796e-06 3.3585e-07 0.00014378 0.0010896
0.00021098 2.771e-06 3.2243e-07 0.00014387 0.0010874
0.00021385 2.7403e-06 3.0365e-07 0.00014395 0.0010852
0.00021686 2.7147e-06 2.8961e-07 0.00014404 0.0010831
0.00021979 2.6838e-06 3.4979e-07 0.00014411 0.0010809
0.00022285 2.6573e-06 4.2004e-07 0.0001442 0.0010788
0.00022603 2.635e-06 5.0217e-07 0.00014429 0.0010766
0.00022934 2.6168e-06 5.9836e-07 0.00014439 0.0010745
0.00023287 2.6051e-06 6.3554e-07 0.00014448 0.0010724
0.00023656 2.5981e-06 6.8229e-07 0.00014458 0.0010703
0.00024041 2.5958e-06 6.6761e-07 0.00014469 0.0010682
0.00024441 2.5974e-06 6.5925e-07 0.0001448 0.0010661
0.00024832 2.5936e-06 6.4427e-07 0.00014491 0.001064
0.00025214 2.5848e-06 6.3688e-07 0.000145 0.0010619
0.00025613 2.5805e-06 6.2075e-07 0.00014511 0.0010598
0.0002603 2.5809e-06 7.0689e-07 0.00014522 0.0010576
0.00026462 2.5849e-06 8.0733e-07 0.00014534 0.0010555
0.0002691 2.5924e-06 9.2456e-07 0.00014547 0.0010534
0.00027352 2.596e-06 1.0326e-06 0.00014559 0.0010513
0.0002781 2.4069e-06 1.1574e-06 0.00014571 0.0010491
0.00028262 2.212e-06 1.2726e-06 0.00014583 0.001047
0.00028707 2.0114e-06 1.379e-06 0.00014594 0.0010449
0.00029146 1.8055e-06 1.4778e-06 0.00014603 0.0010427
0.00029599 1.6071e-06 1.5902e-06 0.00014614 0.0010406
0.00030047 1.4038e-06 1.6954e-06 0.00014623 0.0010385
0.00030507 1.2073e-06 1.8144e-06 0.00014633 0.0010363
0.00030978 1.0164e-06 1.9465e-06 0.00014643 0.0010342
0.00031446 8.2117e-07 2.0714e-06 0.00014653 0.0010321
0.00031908 8.3519e-07 2.19e-06 0.00014662 0.0010299
0.00032382 8.4958e-07 2.3232e-06 0.00014671 0.0010278
0.00032867 8.6411e-07 2.4705e-06 0.0001468 0.0010257
0.00033365 8.7903e-07 2.6353e-06 0.0001469 0.0010236
0.00033876 8.9435e-07 2.8193e-06 0.00014701 0.0010215
0.00034399 9.1008e-07 3.0246e-06 0.00014711 0.0010194
0.00034919 9.2317e-07 3.2208e-06 0.00014721 0.0010173
0.00035452 9.3671e-07 3.4398e-06 0.00014732 0.0010152
0.0003598 9.4757e-07 3.6492e-06 0.00014741 0.0010131
0.00036522 9.5891e-07 3.849e-06 0.00014751 0.0010109
0.0003706 9.6767e-07 4.0405e-06 0.00014761 0.0010088
0.00037593 9.7376e-07 4.2228e-06 0.00014769 0.0010067
0.00038141 9.8032e-07 4.4277e-06 0.00014778 0.0010046
0.00038684 9.843e-07 4.624e-06 0.00014787 0.0010024
0.0003924 9.8853e-07 4.8418e-06 0.00014795 0.0010003
0.00039808 9.9301e-07 5.0831e-06 0.00014804 0.00099821
0.00040373 9.949e-07 5.3148e-06 0.00014812 0.00099609
0.00040951 9.9706e-07 5.5715e-06 0.00014821 0.00099398
0.00041524 9.9654e-07 5.8172e-06 0.00014828 0.00099186
0.00042111 9.9627e-07 6.0891e-06 0.00014836 0.00098975
0.00042692 9.9333e-07 6.3496e-06 0.00014844 0.00098762
0.00043287 9.9064e-07 6.6379e-06 0.00014851 0.00098551
0.00043898 9.8842e-07 6.9603e-06 0.00014859 0.00098341
0.00044525 9.8668e-07 7.3206e-06 0.00014868 0.00098131
0.00045166 9.8521e-07 7.3133e-06 0.00014876 0.00097922
0.00045802 9.8107e-07 7.2989e-06 0.00014884 0.00097712
0.00046432 9.7425e-07 7.2774e-06 0.00014892 0.00097502
0.00047078 9.6767e-07 7.2696e-06 0.00014899 0.00097292
0.00047718 9.5842e-07 7.2547e-06 0.00014906 0.00097081
0.00048375 9.4964e-07 7.2551e-06 0.00014913 0.00096872
0.00049027 9.3829e-07 7.2492e-06 0.0001492 0.00096661
0.00049696 9.2739e-07 7.2586e-06 0.00014927 0.00096451
0.00050382 9.1694e-07 7.2834e-06 0.00014934 0.00096243
0.00051084 9.067e-07 7.0591e-06 0.00014942 0.00096035
0.00051781 8.938e-07 6.8241e-06 0.00014949 0.00095826
0.00052496 8.8132e-07 6.6158e-06 0.00014956 0.00095618
0.00053206 8.6628e-07 6.3984e-06 0.00014963 0.00095409
0.00053932 8.5141e-07 6.2036e-06 0.00014969 0.00095201
0.00054653 8.3389e-07 5.9988e-06 0.00014976 0.00094992
0.00055366 1.0199e-06 5.7836e-06 0.00014981 0.00094784
0.00056074 1.2018e-06 5.5581e-06 0.00014986 0.00094575
0.00056776 1.3796e-06 5.3221e-06 0.0001499 0.00094365
0.00057496 1.563e-06 5.1119e-06 0.00014994 0.00094156
0.0005821 1.7423e-06 4.8919e-06 0.00014997 0.00093946
0.00058943 1.9273e-06 4.6958e-06 0.00015001 0.00093737
0.00059671 2.1085e-06 4.4915e-06 0.00015005 0.00093528
0.00060415 2.2949e-06 4.3072e-06 0.00015008 0.00093318
0.00061177 2.4868e-06 4.1413e-06 0.00015012 0.0009311
0.00061956 2.6843e-06 3.9924e-06 0.00015016 0.00092903
0.00062754 2.8877e-06 3.8591e-06 0.00015021 0.00092696
0.00063546 3.087e-06 3.7191e-06 0.00015025 0.00092488
0.00064358 3.2932e-06 3.5957e-06 0.00015029 0.00092281
0.00065164 3.495e-06 3.465e-06 0.00015032 0.00092073
0.00065991 3.704e-06 3.35e-06 0.00015036 0.00091866
0.00066837 3.9196e-06 3.2478e-06 0.0001504 0.0009166
0.00067676 4.1305e-06 3.1389e-06 0.00015044 0.00091453
0.00068537 4.3492e-06 3.0438e-06 0.00015047 0.00091247
0.00069391 4.5629e-06 2.9421e-06 0.00015051 0.0009104
0.00070238 4.7718e-06 2.8335e-06 0.00015053 0.00090832
0.00071108 4.9889e-06 2.7388e-06 0.00015056 0.00090625
0.00071999 5.214e-06 2.6559e-06 0.00015059 0.00090419
0.00072881 5.433e-06 2.5654e-06 0.00015061 0.00090211
0.00073792 5.6629e-06 2.49e-06 0.00015064 0.00090005
0.00074734 5.9052e-06 2.1449e-06 0.00015068 0.000898
0.00075709 6.1604e-06 1.8436e-06 0.00015072 0.00089597
0.00076666 6.4055e-06 1.5162e-06 0.00015075 0.00089392
0.00077659 6.4028e-06 1.2328e-06 0.00015079 0.00089188
0.00078632 6.3932e-06 9.2171e-07 0.00015082 0.00088983
0.00079645 6.3915e-06 6.5812e-07 0.00015086 0.00088779
0.00080701 6.398e-06 4.3552e-07 0.0001509 0.00088577
0.00081734 6.3971e-06 2.4778e-07 0.00015094 0.00088377
0.00082743 6.3888e-06 2.2419e-07 0.00015096 0.00088175
0.00083792 6.3878e-06 2.0448e-07 0.00015099 0.00087974
0.00084817 6.3795e-06 1.7969e-07 0.00015101 0.00087772
0.00085886 6.3794e-06 1.5908e-07 0.00015103 0.00087571
0.00086996 6.3866e-06 1.4156e-07 0.00015107 0.00087372
0.00088085 6.3872e-06 1.1979e-07 0.00015109 0.00087171
0.00089153 6.3812e-06 9.3647e-08 0.0001511 0.00086969
0.00090201 6.3686e-06 1.07e-07 0.0001511 0.00086766
0.00091229 6.3494e-06 1.1668e-07 0.00015109 0.00086561
0.00092234 6.3228e-06 1.225e-07 0.00015107 0.00086354
0.00093277 6.3036e-06 1.3003e-07 0.00015105 0.00086149
0.00094366 6.2925e-06 2.1625e-07 0.00015104 0.00085943
0.00095433 6.2749e-06 2.9364e-07 0.00015102 0.00085735
0.00096541 6.2644e-06 3.6274e-07 0.00015101 0.00085526
0.0009763 6.2476e-06 4.2421e-07 0.00015099 0.00085315
0.000987 6.2246e-06 4.7852e-07 0.00015096 0.00085103
0.00099751 6.1953e-06 5.2598e-07 0.00015092 0.0008489
0.0010084 6.1728e-06 5.8177e-07 0.00015088 0.00084678
0.0010191 6.1435e-06 6.2987e-07 0.00015083 0.00084465
0.0010296 6.1081e-06 6.713e-07 0.00015077 0.0008425
0.0010405 6.0802e-06 7.0567e-07 0.00015072 0.00084036
0.0010512 6.0458e-06 7.3331e-07 0.00015066 0.00083822
0.0010532 6.0198e-06 8.2085e-07 0.00015061 0.00083608
0.0010552 5.9887e-06 9.0084e-07 0.00015054 0.00083394
0.0010572 5.9626e-06 9.9146e-07 0.00015048 0.00083181
0.0010592 5.9326e-06 1.0766e-06 0.00015042 0.00082966
0.0010614 5.907e-06 1.172e-06 0.00015036 0.00082753
0.0010635 5.8776e-06 1.2617e-06 0.00015029 0.00082538
0.0010656 5.8524e-06 1.3622e-06 0.00015022 0.00082325
0.0010678 5.8235e-06 1.4568e-06 0.00015015 0.0008211
0.00107 5.798e-06 1.5615e-06 0.00015008 0.00081896
0.0010723 5.7688e-06 1.6602e-06 0.00015001 0.00081682
0.0010744 5.736e-06 1.7532e-06 0.00014992 0.00081466
0.0010767 5.7066e-06 1.8564e-06 0.00014984 0.00081252
0.0010791 5.6813e-06 1.9722e-06 0.00014976 0.00081038
0.0010814 5.6522e-06 2.0818e-06 0.00014968 0.00080823
0.0010838 5.6271e-06 2.2048e-06 0.0001496 0.00080609
0.0010862 5.5984e-06 2.3425e-06 0.00014951 0.00080395
0.0010886 5.566e-06 2.4733e-06 0.00014942 0.00080181
0.0010911 5.5375e-06 2.6198e-06 0.00014932 0.00079968
0.0010935 5.5055e-06 2.759e-06 0.00014923 0.00079753
0.001096 5.4767e-06 2.9132e-06 0.00014913 0.0007954
0.0010985 5.4446e-06 3.0606e-06 0.00014903 0.00079325
0.0011011 5.4157e-06 3.2239e-06 0.00014893 0.00079111
0.0011037 5.3832e-06 3.3793e-06 0.00014882 0.00078897
0.0011063 5.3545e-06 3.5537e-06 0.00014872 0.00078683
0.001109 5.3223e-06 3.7198e-06 0.00014861 0.00078468
0.0011116 5.2867e-06 3.8787e-06 0.00014849 0.00078252
0.0011143 5.2543e-06 4.0552e-06 0.00014837 0.00078037
0.0011169 5.2183e-06 4.2232e-06 0.00014825 0.00077822
0.0011195 5.1788e-06 4.383e-06 0.00014812 0.00077605
0.0011221 5.1359e-06 4.5354e-06 0.00014798 0.00077388
0.0011248 5.0968e-06 4.7081e-06 0.00014785 0.00077171
0.0011275 5.0544e-06 4.8731e-06 0.00014771 0.00076954
0.0011301 5.0083e-06 5.0297e-06 0.00014756 0.00076736
0.0011328 4.966e-06 5.1726e-06 0.00014742 0.00076518
0.0011357 4.9274e-06 5.335e-06 0.00014728 0.00076301
0.0011385 4.8855e-06 5.4899e-06 0.00014713 0.00076084
0.0011342 4.8473e-06 5.6658e-06 0.00014699 0.00075867
0.0011298 4.8056e-06 5.8328e-06 0.00014684 0.00075649
0.0011254 4.7605e-06 5.992e-06 0.00014668 0.00075431
0.0011212 4.719e-06 6.173e-06 0.00014653 0.00075213
0.0011169 4.6741e-06 6.3449e-06 0.00014636 0.00074995
0.0011125 4.6256e-06 6.5078e-06 0.0001462 0.00074775
0.0011081 4.5737e-06 6.663e-06 0.00014602 0.00074555
0.0011038 4.525e-06 6.8377e-06 0.00014585 0.00074335
0.0010997 4.4798e-06 7.0363e-06 0.00014568 0.00074117
0.0010957 4.4375e-06 7.2583e-06 0.00014551 0.00073897
0.0010916 4.3918e-06 7.4698e-06 0.00014534 0.00073677
0.0010875 4.3425e-06 7.6712e-06 0.00014516 0.00073455
0.0010834 4.2898e-06 7.8182e-06 0.00014497 0.00073233
0.0010794 4.2405e-06 7.9876e-06 0.00014478 0.00073012
0.0010755 4.194e-06 8.1784e-06 0.0001446 0.00072791
0.0010715 4.1443e-06 8.3606e-06 0.00014441 0.00072569
0.0010677 4.0979e-06 8.5682e-06 0.00014423 0.00072348
0.001064 4.0548e-06 8.8035e-06 0.00014405 0.00072128
0.0010603 4.0084e-06 9.0291e-06 0.00014386 0.00071907
0.0010567 3.9652e-06 9.2842e-06 0.00014368 0.00071687
0.0010532 3.9247e-06 9.5682e-06 0.0001435 0.00071467
0.0010498 3.8867e-06 9.8836e-06 0.00014332 0.00071248
0.0010466 3.8513e-06 1.0233e-05 0.00014315 0.00071029
0.0010434 3.8184e-06 1.062e-05 0.00014297 0.00070811
0.0010403 3.7884e-06 1.1052e-05 0.00014281 0.00070594
0.0010372 3.755e-06 1.1468e-05 0.00014263 0.00070375
0.0010341 3.7184e-06 1.1868e-05 0.00014245 0.00070156
0.0010309 3.6784e-06 1.2252e-05 0.00014226 0.00069936
0.0010279 3.6413e-06 1.2682e-05 0.00014207 0.00069717
0.0010249 3.6066e-06 1.3158e-05 0.00014189 0.00069499
0.0010219 3.5686e-06 1.3615e-05 0.0001417 0.00069279
0.0010189 3.5273e-06 1.4055e-05 0.0001415 0.00069059
0.0010159 3.4888e-06 1.4548e-05 0.00014131 0.00068839
0.0010131 3.4527e-06 1.4532e-05 0.00014112 0.0006862
0.0010102 3.4136e-06 1.4508e-05 0.00014092 0.000684
0.0010073 3.3712e-06 1.4476e-05 0.00014071 0.0006818
0.0010044 3.3258e-06 1.4435e-05 0.0001405 0.00067958
0.0010015 3.2772e-06 1.4387e-05 0.00014028 0.00067736
0.00099859 3.231e-06 1.4358e-05 0.00014006 0.00067514
0.00099583 3.1875e-06 1.4352e-05 0.00013985 0.00067293
0.00099318 3.1467e-06 1.4368e-05 0.00013964 0.00067073
0.0009905 3.1026e-06 1.4374e-05 0.00013942 0.00066852
0.00098778 3.0554e-06 1.4373e-05 0.0001392 0.0006663
0.00098517 3.0108e-06 1.4393e-05 0.00013898 0.00066408
0.00098252 2.9632e-06 1.4406e-05 0.00013875 0.00066186
0.00097998 2.9182e-06 1.4441e-05 0.00013853 0.00065965
0.00097741 2.8701e-06 1.4468e-05 0.0001383 0.00065743
0.0009748 2.8189e-06 1.4486e-05 0.00013806 0.0006552
0.00097229 2.7699e-06 1.4525e-05 0.00013782 0.00065297
0.00096987 2.7229e-06 1.4584e-05 0.00013759 0.00065075
0.00096754 2.6779e-06 1.4663e-05 0.00013736 0.00064854
0.0009516 2.6382e-06 1.4766e-05 0.00013714 0.00064633
0.00093554 2.5953e-06 1.4858e-05 0.0001369 0.00064411
0.00091987 2.5547e-06 1.4976e-05 0.00013667 0.0006419
0.00090411 2.5111e-06 1.5084e-05 0.00013645 0.00063968
0.00088874 2.4697e-06 1.5218e-05 0.00013623 0.00063747
0.00087374 2.4304e-06 1.5379e-05 0.00013601 0.00063526
0.00085907 2.3929e-06 1.5566e-05 0.00013579 0.00063306
0.00084429 2.3523e-06 1.5742e-05 0.00013557 0.00063085
0.00082988 2.3137e-06 1.5949e-05 0.00013535 0.00062865
0.00081537 2.272e-06 1.6143e-05 0.00013512 0.00062644
0.00080117 2.232e-06 1.6366e-05 0.0001349 0.00062423
0.00078729 2.1936e-06 1.6619e-05 0.00013468 0.00062203
0.00077333 2.1523e-06 1.6861e-05 0.00013445 0.00061982
0.00075967 2.1125e-06 1.7135e-05 0.00013422 0.00061761
0.00074635 2.0746e-06 1.7447e-05 0.000134 0.00061542
0.00073295 2.0338e-06 1.7746e-05 0.00013377 0.00061321
0.00071988 1.995e-06 1.8088e-05 0.00013355 0.00061101
0.00070716 1.9583e-06 1.8477e-05 0.00013333 0.00060882
0.00069476 1.9233e-06 1.8396e-05 0.00013311 0.00060663
0.00068222 1.8848e-06 1.8301e-05 0.00013288 0.00060443
0.00066952 1.8424e-06 1.8189e-05 0.00013265 0.00060223
0.00065726 1.8033e-06 1.8116e-05 0.00013242 0.00060003
0.00064546 1.7678e-06 1.8023e-05 0.0001322 0.00059782
0.00063407 1.7352e-06 1.7975e-05 0.00013199 0.00059562
0.00062316 1.7062e-06 1.7905e-05 0.00013177 0.00059341
0.00061262 1.6799e-06 1.7871e-05 0.00013155 0.00059121
0.00060188 1.6491e-06 1.7815e-05 0.00013132 0.00058899
0.0005915 1.6209e-06 1.7794e-05 0.0001311 0.00058679
0.00058146 1.5953e-06 1.7813e-05 0.00013089 0.00058459
0.00057127 1.5656e-06 1.787e-05 0.00013066 0.00058241
0.00056093 1.5321e-06 1.791e-05 0.00013043 0.00058022
0.00055046 1.4951e-06 1.7935e-05 0.00013018 0.00057801
0.00053986 1.4544e-06 1.7944e-05 0.00012993 0.0005758
0.00052913 1.4103e-06 1.7939e-05 0.00012967 0.00057357
0.0005183 1.3629e-06 1.7921e-05 0.0001294 0.00057134
0.00050776 1.3171e-06 1.7931e-05 0.00012913 0.00056911
0.00049746 1.2727e-06 1.7382e-05 0.00012887 0.00056689
0.00048709 1.2253e-06 1.6814e-05 0.0001286 0.00056466
0.00047664 1.175e-06 1.6222e-05 0.00012832 0.00056242
0.00046645 1.126e-06 1.5607e-05 0.00012805 0.00056017
0.00045618 1.0741e-06 1.4969e-05 0.00012777 0.00055791
0.00044616 1.0235e-06 1.4397e-05 0.00012749 0.00055566
0.00043637 9.7376e-07 1.3879e-05 0.00012721 0.00055342
0.0004265 9.2117e-07 1.3341e-05 0.00012693 0.00055116
0.00041655 8.6573e-07 1.2783e-05 0.00012664 0.0005489
0.00040685 8.1144e-07 1.2283e-05 0.00012635 0.00054664
0.00039739 7.5823e-07 1.1835e-05 0.00012607 0.00054439
0.00038816 7.0602e-07 1.1436e-05 0.00012579 0.00054215
0.00037887 6.5109e-07 1.1021e-05 0.0001255 0.00053989
0.00036981 5.9716e-07 1.0652e-05 0.00012522 0.00053764
0.00036068 5.4048e-07 1.0268e-05 0.00012493 0.00053539
0.00035176 4.8453e-07 9.9236e-06 0.00012464 0.00053314
0.00034305 4.2927e-07 9.6152e-06 0.00012436 0.00053089
0.00033455 3.7462e-07 9.3398e-06 0.00012407 0.00052865
0.00032597 3.1706e-07 9.0476e-06 0.00012379 0.0005264
0.00031761 2.6037e-07 8.7909e-06 0.0001235 0.00052416
0.00030918 2.8881e-07 8.5212e-06 0.00012321 0.0005219
0.00030097 3.1716e-07 8.2896e-06 0.00012292 0.00051966
0.00029295 3.4524e-07 8.084e-06 0.00012264 0.00051742
0.00028514 3.7324e-07 7.9047e-06 0.00012235 0.00051518
0.00027727 3.9877e-07 7.7159e-06 0.00012207 0.00051294
0.00026957 4.2403e-07 7.5489e-06 0.00012178 0.0005107
0.00026206 4.492e-07 7.404e-06 0.0001215 0.00050846
0.0002545 4.7194e-07 7.2511e-06 0.00012121 0.00050622
0.00024689 4.9224e-07 7.0902e-06 0.00012091 0.00050397
0.00023922 5.1006e-07 6.9202e-06 0.00012061 0.00050171
0.00023174 5.2778e-07 6.7718e-06 0.00012031 0.00049946
0.00022443 5.4542e-07 6.6435e-06 0.00012001 0.00049721
0.00021707 5.6056e-07 6.5069e-06 0.00011971 0.00049496
0.00020989 5.7565e-07 6.3894e-06 0.0001194 0.00049271
0.00020266 5.883e-07 6.2648e-06 0.0001191 0.00049045
0.00019538 5.9853e-07 6.1329e-06 0.00011878 0.00048818
0.00018806 6.0632e-07 5.9937e-06 0.00011846 0.0004859
0.00018089 6.1388e-07 5.8713e-06 0.00011814 0.00048363
0.00017367 6.1893e-07 5.741e-06 0.00011781 0.00048136
0.00016639 6.2146e-07 5.6025e-06 0.00011747 0.00047907
0.00015929 6.2397e-07 5.4827e-06 0.00011714 0.00047679
0.00015236 6.2648e-07 5.3802e-06 0.00011681 0.00047451
0.00015223 6.2614e-07 5.2698e-06 0.00011645 0.00047222
0.00015208 6.2322e-07 5.1512e-06 0.00011608 0.00046993
0.00015196 6.2014e-07 5.0481e-06 0.00011572 0.00046764
0.00015182 6.1448e-07 4.937e-06 0.00011535 0.00046534
0.00015167 6.0623e-07 4.8177e-06 0.00011497 0.00046303
0.00015149 5.9546e-07 4.6909e-06 0.00011458 0.00046072
0.00015135 5.8458e-07 4.58e-06 0.0001142 0.00045841
0.00015123 5.7359e-07 4.4842e-06 0.00011381 0.0004561
0.00015109 5.6e-07 4.3806e-06 0.00011342 0.00045378
0.00015099 5.4648e-07 4.293e-06 0.00011304 0.00045147
0.00015092 5.3324e-07 4.1903e-06 0.00011266 0.00044917
0.00015089 5.2039e-07 4.1065e-06 0.00011228 0.00044688
0.00015082 5.0414e-07 4.0083e-06 0.0001119 0.00044457
0.00015081 4.8896e-07 3.8658e-06 0.00011152 0.00044227
0.00015084 4.7449e-07 3.6178e-06 0.00011115 0.00043998
0.00015084 4.5733e-07 3.3453e-06 0.00011077 0.00043768
0.00015088 4.4069e-07 3.1118e-06 0.00011039 0.00043539
0.00015097 4.2472e-07 2.9178e-06 0.00011002 0.00043311
0.0001511 4.0899e-07 2.75e-06 0.00010966 0.00043084
0.0001512 3.9036e-07 2.5688e-06 0.00010929 0.00042855
0.00015134 3.7184e-07 2.4107e-06 0.00010892 0.00042627
0.00015152 3.5331e-07 2.2725e-06 0.00010856 0.000424
0.00015172 3.3464e-07 2.1509e-06 0.0001082 0.00042173
0.00015191 3.135e-07 2.0223e-06 0.00010783 0.00041946
0.00015209 2.8989e-07 1.8867e-06 0.00010746 0.00041718
0.00015229 2.6604e-07 1.7663e-06 0.00010709 0.0004149
0.00015253 2.4188e-07 1.6594e-06 0.00010672 0.00041263
0.0001528 2.1739e-07 1.5648e-06 0.00010635 0.00041036
0.00015304 1.9041e-07 1.4637e-06 0.00010598 0.00040808
0.00015327 1.6091e-07 1.3565e-06 0.0001056 0.00040579
0.00015348 1.9555e-07 1.2613e-06 0.00010522 0.0004035
0.00015367 2.2765e-07 1.1598e-06 0.00010482 0.0004012
0.00015389 2.5957e-07 1.0693e-06 0.00010443 0.0003989
0.0001541 2.8897e-07 9.8761e-07 0.00010403 0.00039659
0.00015433 3.182e-07 9.1465e-07 0.00010363 0.00039429
0.00015459 3.4729e-07 8.495e-07 0.00010324 0.00039199
0.00015489 3.7629e-07 7.914e-07 0.00010285 0.00038969
0.00015521 4.0525e-07 7.3966e-07 0.00010246 0.0003874
0.00015557 4.3421e-07 6.9373e-07 0.00010208 0.00038512
0.00015595 4.6303e-07 6.5241e-07 0.0001017 0.00038284
0.00015636 4.9178e-07 6.154e-07 0.00010132 0.00038056
0.0001568 5.205e-07 5.8236e-07 0.00010094 0.00037829
0.00015723 5.4665e-07 5.4568e-07 0.00010055 0.00037602
0.00015768 5.7305e-07 5.1344e-07 0.00010017 0.00037375
0.00015812 5.9675e-07 4.7728e-07 9.9784e-05 0.00037148
0.0001586 6.208e-07 4.4549e-07 9.9398e-05 0.00036921
0.00015911 6.4537e-07 4.1791e-07 9.9017e-05 0.00036695
0.00015959 6.6702e-07 3.862e-07 9.8626e-05 0.00036468
0.00016005 6.8544e-07 4.1157e-07 9.8226e-05 0.00036239
0.00016048 7.0044e-07 4.3202e-07 9.7815e-05 0.0003601
0.00016095 7.1661e-07 4.5755e-07 9.7411e-05 0.00035781
0.00016148 7.3411e-07 4.2764e-07 9.7013e-05 0.00035553
0.00016198 7.4822e-07 3.9193e-07 9.6605e-05 0.00035324
0.00016253 7.6371e-07 3.6222e-07 9.6204e-05 0.00035096
0.00016312 7.803e-07 3.371e-07 9.5809e-05 0.00034868
0.00016376 7.9807e-07 3.1606e-07 9.5419e-05 0.00034641
0.00016446 8.1741e-07 2.9929e-07 9.5036e-05 0.00034416
0.00016521 8.3806e-07 2.8584e-07 9.4658e-05 0.0003419
0.00016592 8.5493e-07 2.6781e-07 9.4269e-05 0.00033964
0.00016668 8.735e-07 2.535e-07 9.3887e-05 0.00033739
0.00016717 1.0693e-06 2.4259e-07 9.3494e-05 0.00033514
0.00016763 1.2577e-06 2.2759e-07 9.309e-05 0.00033288
0.00016814 1.4554e-06 2.1538e-07 9.2692e-05 0.00033063
0.0001687 1.6628e-06 2.0563e-07 9.23e-05 0.00032839
0.00016923 1.8636e-06 1.9243e-07 9.1898e-05 0.00032613
0.0001698 2.0743e-06 1.8149e-07 9.1501e-05 0.00032388
0.00017043 2.2956e-06 1.7581e-07 9.111e-05 0.00032164
0.00017111 2.5281e-06 1.7191e-07 9.0725e-05 0.00031941
0.00017182 2.7711e-06 1.6938e-07 9.0343e-05 0.00031718
0.00017259 3.0254e-06 1.6822e-07 8.9967e-05 0.00031496
0.00017332 3.2708e-06 1.6351e-07 8.9579e-05 0.00031273
0.00017411 3.5293e-06 1.6054e-07 8.9198e-05 0.0003105
0.00017494 3.8012e-06 1.5916e-07 8.8821e-05 0.00030828
0.00017575 4.0649e-06 1.5458e-07 8.8435e-05 0.00030605
0.00017653 4.3214e-06 1.4702e-07 8.804e-05 0.00030381
0.00017736 4.5904e-06 1.4078e-07 8.765e-05 0.00030158
0.00017823 4.8706e-06 1.3541e-07 8.7262e-05 0.00029935
0.00017914 5.1625e-06 1.3079e-07 8.6878e-05 0.00029712
0.00018009 5.4667e-06 1.2687e-07 8.6497e-05 0.0002949
0.0001811 5.7853e-06 1.2385e-07 8.612e-05 0.00029268
0.00018215 6.1193e-06 1.2172e-07 8.5747e-05 0.00029047
0.00018326 6.4696e-06 1.2049e-07 8.5378e-05 0.00028827
0.00018442 6.8378e-06 1.2022e-07 8.5013e-05 0.00028606
0.00018555 7.1948e-06 1.1684e-07 8.4638e-05 0.00028385
0.00018673 7.5708e-06 1.1454e-07 8.4268e-05 0.00028165
0.00018787 7.9324e-06 1.1377e-07 8.3887e-05 0.00027945
0.00018908 8.3152e-06 1.1424e-07 8.3512e-05 0.00027726
0.00019023 8.6822e-06 1.1123e-07 8.3142e-05 0.00027505
0.00019146 9.0748e-06 1.1002e-07 8.2779e-05 0.00027284
0.00019276 9.4918e-06 1.1021e-07 8.2421e-05 0.00027063
0.00019401 9.8931e-06 1.0689e-07 8.2071e-05 0.0002684
0.00019522 1.0279e-05 1.0006e-07 8.1708e-05 0.00026617
0.00019651 1.0693e-05 9.4973e-08 8.1353e-05 0.00026394
0.00019787 1.1135e-05 9.145e-08 8.1004e-05 0.00026172
0.00019919 1.1558e-05 8.4333e-08 8.0643e-05 0.00025949
0.00020058 1.2012e-05 7.8707e-08 8.029e-05 0.00025727
0.00020205 1.2493e-05 6.9524e-08 7.9941e-05 0.00025503
0.00020361 1.3009e-05 6.1738e-08 7.9599e-05 0.0002528
0.00020525 1.356e-05 2.8161e-08 7.9264e-05 0.00025058
0.00020683 1.4089e-05 2.6098e-08 7.8917e-05 0.00024835
0.00020851 1.4655e-05 2.4007e-08 7.8577e-05 0.00024612
0.00021052 1.4788e-05 4.0818e-08 7.8242e-05 0.00024392
0.00021263 1.4938e-05 5.9673e-08 7.7913e-05 0.00024173
0.00021484 1.5103e-05 8.0696e-08 7.759e-05 0.00023954
0.00021699 1.5257e-05 9.7774e-08 7.7256e-05 0.00023735
0.00021924 1.5428e-05 1.178e-07 7.6929e-05 0.00023516
0.00022161 1.5617e-05 1.4136e-07 7.6608e-05 0.00023297
0.00022349 1.5749e-05 1.3547e-07 7.6293e-05 0.0002308
0.00022311 1.5898e-05 1.314e-07 7.5966e-05 0.00022863
0.0002228 1.6062e-05 1.2902e-07 7.5643e-05 0.00022647
0.00022255 1.6242e-05 1.2822e-07 7.5326e-05 0.00022432
0.00022235 1.6437e-05 1.2898e-07 7.5014e-05 0.00022217
0.00022211 1.6621e-05 1.3169e-07 7.469e-05 0.00022003
0.00022193 1.6822e-05 1.3642e-07 7.4373e-05 0.00021789
0.00022181 1.7041e-05 1.4291e-07 7.406e-05 0.00021577
0.00022165 1.7246e-05 1.455e-07 7.3736e-05 0.00021363
0.00022144 1.7441e-05 1.4446e-07 7.3401e-05 0.00021147
0.00022131 1.7654e-05 1.4558e-07 7.3072e-05 0.00020933
0.00022107 1.7844e-05 1.4921e-07 7.275e-05 0.00020717
0.0002209 1.7706e-05 1.5516e-07 7.2433e-05 0.00020502
0.00022068 1.7556e-05 1.6314e-07 7.2104e-05 0.00020287
0.00022053 1.7422e-05 1.7329e-07 7.1782e-05 0.00020073
0.00022043 1.7302e-05 1.8566e-07 7.1463e-05 0.0001986
0.00022039 1.7197e-05 2.0095e-07 7.1149e-05 0.00019647
0.00022031 1.7082e-05 2.1203e-07 7.0825e-05 0.00019434
0.00022021 1.6958e-05 2.1953e-07 7.0492e-05 0.00019221
0.00022014 1.6847e-05 2.2903e-07 7.0162e-05 0.00019008
0.00022005 1.6728e-05 2.3507e-07 6.9823e-05 0.00018794
0.00022 1.6618e-05 2.4274e-07 6.9486e-05 0.0001858
0.00022 1.6519e-05 2.5227e-07 6.9151e-05 0.00018367
0.00022003 1.643e-05 2.6367e-07 6.8818e-05 0.00018153
0.0002201 1.635e-05 2.7702e-07 6.8488e-05 0.0001794
0.00022021 1.628e-05 2.9247e-07 6.8159e-05 0.00017727
0.00022036 1.6217e-05 3.0972e-07 6.7831e-05 0.00017515
0.00022054 1.6161e-05 3.2892e-07 6.7503e-05 0.00017302
0.00022075 1.6113e-05 3.5288e-07 6.7177e-05 0.0001709
0.000221 1.6073e-05 3.7977e-07 6.6852e-05 0.00016877
0.00022124 1.6029e-05 4.0353e-07 6.652e-05 0.00016664
0.00022151 1.5993e-05 4.3039e-07 6.6189e-05 0.00016451
0.00022176 1.5952e-05 4.5407e-07 6.5851e-05 0.00016237
0.000222 1.5907e-05 4.7458e-07 6.5507e-05 0.00016023
0.00022222 1.5857e-05 4.9191e-07 6.5155e-05 0.00015807
0.00022247 1.5816e-05 5.125e-07 6.4804e-05 0.00015592
0.00022271 1.5769e-05 5.2973e-07 6.4446e-05 0.00015376
0.00022299 1.5731e-05 5.5017e-07 6.409e-05 0.0001516
0.00022324 1.5686e-05 5.6666e-07 6.3725e-05 0.00014943
0.00022354 1.5652e-05 5.875e-07 6.3363e-05 0.00014726
0.00022388 1.5628e-05 6.1368e-07 6.3003e-05 0.0001451
0.00022419 1.5595e-05 6.3381e-07 6.2634e-05 0.00014292
0.00022455 1.5573e-05 6.6028e-07 6.2268e-05 0.00014074
0.00022498 1.5565e-05 6.9452e-07 6.1907e-05 0.00013855
0.00022547 1.5571e-05 7.3775e-07 6.1551e-05 0.00013638
0.00022603 1.559e-05 7.9174e-07 6.1185e-05 0.00013421
0.00022666 1.5624e-05 8.5906e-07 6.0824e-05 0.00013205
0.00022736 1.5672e-05 9.412e-07 6.0468e-05 0.00012989
0.00022813 1.5736e-05 1.0408e-06 6.0117e-05 0.00012774
0.00022675 1.5814e-05 1.1611e-06 5.9773e-05 0.00012559
0.00022532 1.5882e-05 1.2669e-06 5.9424e-05 0.00012343
0.00022398 1.5635e-05 1.3171e-06 5.9069e-05 0.00012128
0.00022271 1.5407e-05 1.3799e-06 5.871e-05 0.00011913
0.00022136 1.5167e-05 1.3571e-06 5.8344e-05 0.00011699
0.0002201 1.4946e-05 1.3455e-06 5.7974e-05 0.00011485
0.00020579 1.2546e-05 1.1981e-06 5.2684e-05 8.6853e-05
0.00020472 1.2365e-05 1.1668e-06 5.2235e-05 8.4685e-05
0.00020359 1.2654e-05 1.1463e-06 5.1775e-05 8.2523e-05
0.0002021 1.2881e-05 1.1361e-06 5.1321e-05 8.3127e-05
0.00020056 1.3096e-05 1.1359e-06 5.0856e-05 8.3729e-05
0.00019897 1.33e-05 1.1283e-06 5.0381e-05 8.4321e-05
0.00019746 1.3521e-05 1.1293e-06 4.991e-05 8.4911e-05
0.00019602 1.3759e-05 1.1388e-06 4.9443e-05 8.5499e-05
0.00019454 1.3984e-05 1.1411e-06 4.8965e-05 8.6077e-05
0.00019312 1.4226e-05 1.152e-06 4.8491e-05 8.6653e-05
0.00019165 1.4454e-05 1.1516e-06 4.9664e-05 8.7218e-05
0.00019026 1.4701e-05 1.0627e-06 5.0848e-05 8.7782e-05
0.00018881 1.4934e-05 9.608e-07 5.2017e-05 8.8335e-05
0.00018731 1.5153e-05 8.4496e-07 5.3173e-05 8.8887e-05
0.00018575 1.5359e-05 7.4908e-07 5.4315e-05 8.9438e-05
0.00018428 1.5584e-05 7.319e-07 5.5469e-05 8.9988e-05
0.00018289 1.583e-05 7.2243e-07 5.6605e-05 9.0537e-05
0.00018146 1.6064e-05 7.2072e-07 5.7753e-05 9.1085e-05
0.0001801 1.6318e-05 7.2635e-07 5.8913e-05 9.1631e-05
0.00017881 1.6592e-05 7.2511e-07 6.0082e-05 9.2167e-05
0.00017747 1.6851e-05 7.4661e-07 6.1238e-05 9.2693e-05
0.00017609 1.7097e-05 7.8912e-07 6.238e-05 9.3207e-05
0.00017484 1.7026e-05 8.4132e-07 6.3533e-05 9.372e-05
0.00017354 1.6945e-05 8.8556e-07 6.4674e-05 9.4223e-05
0.00017221 1.6853e-05 9.2217e-07 6.5801e-05 9.4714e-05
0.00017082 1.6751e-05 9.7133e-07 6.6916e-05 9.5205e-05
0.00016952 1.6665e-05 1.0124e-06 6.8043e-05 9.5684e-05
0.00016829 1.6595e-05 9.8149e-07 6.9181e-05 9.6163e-05
0.00016713 1.654e-05 9.6039e-07 7.0331e-05 9.6641e-05
0.00016605 1.608e-05 9.4845e-07 7.1493e-05 9.7118e-05
0.00016503 1.5648e-05 9.4635e-07 7.2665e-05 9.7593e-05
0.00016407 1.5243e-05 9.5188e-07 7.3848e-05 9.8067e-05
0.00016307 1.4821e-05 9.5067e-07 7.5018e-05 9.853e-05
0.00016213 1.4426e-05 9.5712e-07 7.6198e-05 9.8991e-05
0.00016124 1.4055e-05 1.0423e-06 7.6088e-05 9.9452e-05
0.00016042 1.3708e-05 1.1442e-06 7.5982e-05 9.905e-05
0.00015965 1.3385e-05 1.2675e-06 7.5881e-05 9.8647e-05
0.00015885 1.3048e-05 1.3683e-06 7.577e-05 9.8234e-05
0.00015811 1.2735e-05 1.491e-06 7.5665e-05 9.7819e-05
0.00015743 1.2443e-05 1.503e-06 7.5566e-05 9.7404e-05
0.0001567 1.2136e-05 1.5061e-06 7.5455e-05 9.6977e-05
0.00015593 1.1813e-05 1.501e-06 7.5333e-05 9.6539e-05
0.00015512 1.1476e-05 1.4879e-06 7.5201e-05 9.609e-05
0.00015428 1.1126e-05 1.4668e-06 7.5058e-05 9.5631e-05
0.0001535 1.0799e-05 1.433e-06 7.4921e-05 9.5171e-05
0.00015267 1.0458e-05 1.3898e-06 7.4773e-05 9.47e-05
0.00015181 1.01e-05 1.3368e-06 7.4614e-05 9.4218e-05
0.0001509 9.7272e-06 1.2737e-06 7.4443e-05 9.3725e-05
0.00015005 9.3759e-06 1.2228e-06 7.4278e-05 9.323e-05
0.00014926 9.0478e-06 1.1841e-06 7.4117e-05 9.2735e-05
0.00014843 8.7115e-06 1.1586e-06 7.3946e-05 9.2228e-05
0.00014765 8.3949e-06 1.1419e-06 7.3778e-05 9.1719e-05
0.00014691 8.0955e-06 1.1327e-06 7.3615e-05 9.1209e-05
0.00014622 7.8118e-06 1.1304e-06 7.3455e-05 9.0696e-05
0.00014558 7.5426e-06 1.0136e-06 7.3298e-05 9.018e-05
0.00014491 7.2647e-06 8.8773e-07 7.3132e-05 8.9655e-05
0.00014421 6.9771e-06 7.7993e-07 7.2957e-05 8.9119e-05
0.00014348 6.6804e-06 6.8689e-07 7.2772e-05 8.8575e-05
0.00014278 6.396e-06 6.032e-07 7.259e-05 8.8026e-05
0.00014213 6.1229e-06 5.2751e-07 7.2409e-05 8.7475e-05
0.0001415 5.8603e-06 4.5882e-07 7.223e-05 8.692e-05
0.0001409 5.6077e-06 3.9628e-07 7.2052e-05 8.6361e-05
0.00014029 5.3491e-06 3.2932e-07 7.1866e-05 8.5793e-05
0.00013971 5.1013e-06 2.6876e-07 7.1682e-05 8.5222e-05
0.00013916 4.8625e-06 2.1309e-07 7.1499e-05 8.4648e-05
0.00013865 4.6334e-06 1.6235e-07 7.1319e-05 8.407e-05
0.00013816 4.4126e-06 1.1535e-07 7.1139e-05 8.3488e-05
0.0001377 4.1997e-06 7.232e-08 7.096e-05 8.2903e-05
0.00013723 3.9817e-06 7.9572e-08 7.0774e-05 8.2317e-05
0.00013674 3.7588e-06 8.4436e-08 7.0581e-05 8.1723e-05
0.00013628 3.5441e-06 8.9461e-08 7.0389e-05 8.1125e-05
0.00013584 3.3371e-06 9.4685e-08 7.0198e-05 8.0523e-05
0.00013544 3.1373e-06 1.0015e-07 7.0009e-05 7.9918e-05
0.00013507 2.9445e-06 1.0592e-07 6.9821e-05 7.9309e-05
0.00013472 2.7583e-06 1.1206e-07 6.9633e-05 7.8696e-05
0.0001344 2.5777e-06 1.1841e-07 6.9447e-05 7.8079e-05
0.00013406 2.3927e-06 1.2224e-07 6.9253e-05 7.7453e-05
0.00013375 2.2139e-06 1.2656e-07 6.906e-05 7.6824e-05
0.00013347 2.0413e-06 1.3146e-07 6.8868e-05 7.6191e-05
0.00013322 1.8748e-06 1.3707e-07 6.8678e-05 7.5554e-05
0.00013296 1.7037e-06 1.4003e-07 6.8481e-05 7.4909e-05
0.00013272 1.5389e-06 9.9087e-08 6.8285e-05 7.426e-05
0.00013251 1.3805e-06 6.1575e-08 6.8091e-05 7.3608e-05
0.00013235 1.2296e-06 2.7939e-08 6.7901e-05 7.2954e-05
0.00013215 1.2531e-06 2.6052e-08 6.7701e-05 7.2289e-05
0.00013192 1.2723e-06 2.1118e-08 6.7491e-05 7.1614e-05
0.00013174 1.2944e-06 1.6158e-08 6.7286e-05 7.0938e-05
0.0001316 1.3194e-06 1.1015e-08 6.7086e-05 7.026e-05
0.00013144 1.3402e-06 1.7876e-08 6.6876e-05 6.9571e-05
0.00013132 1.3634e-06 2.5004e-08 6.667e-05 6.8881e-05
0.00013124 1.3897e-06 3.2434e-08 6.6468e-05 6.8189e-05
0.00013121 1.4186e-06 4.2088e-08 6.6271e-05 6.7495e-05
0.00013122 1.4502e-06 5.2416e-08 6.6078e-05 6.6798e-05
0.00013127 1.4845e-06 5.9066e-08 6.5888e-05 6.61e-05
0.00013136 1.5215e-06 6.6448e-08 6.5702e-05 6.5399e-05
0.00013148 1.5612e-06 7.4461e-08 6.5519e-05 6.4695e-05
0.00013159 1.5966e-06 7.941e-08 6.5327e-05 6.3981e-05
0.00013172 1.6341e-06 8.4742e-08 6.5136e-05 6.3264e-05
0.00013183 1.6681e-06 8.7412e-08 6.4938e-05 6.2538e-05
0.00013198 1.7044e-06 9.058e-08 6.4741e-05 6.1808e-05
0.00013215 1.7424e-06 9.397e-08 6.4546e-05 6.1075e-05
0.00013235 1.7824e-06 9.78e-08 6.4352e-05 6.0338e-05
0.00013259 1.8243e-06 1.0187e-07 6.4159e-05 5.9598e-05
0.00013285 1.8678e-06 1.0619e-07 6.3967e-05 5.8853e-05
0.00013309 1.9084e-06 1.0806e-07 6.3768e-05 5.8099e-05
0.00013336 1.9504e-06 1.1007e-07 6.3569e-05 5.7342e-05
0.00013365 1.994e-06 1.1219e-07 6.3371e-05 5.658e-05
0.00013393 2.0346e-06 1.1193e-07 6.3165e-05 5.5809e-05
0.00013424 2.0771e-06 1.1199e-07 6.296e-05 5.5034e-05
0.00013457 2.1216e-06 1.1237e-07 6.2756e-05 5.4255e-05
0.00013493 2.1681e-06 1.1306e-07 6.2553e-05 5.3472e-05
0.00013528 2.2114e-06 1.1129e-07 6.2342e-05 5.5466e-05
0.00013565 2.2569e-06 1.0984e-07 6.2133e-05 5.7459e-05
0.00013605 2.3045e-06 1.0869e-07 6.1924e-05 5.9452e-05
0.00013644 2.3489e-06 1.0508e-07 6.1707e-05 6.1437e-05
0.00013681 2.3902e-06 9.8987e-08 6.1484e-05 6.3412e-05
0.0001372 2.4337e-06 9.3242e-08 6.1261e-05 6.5388e-05
0.00013763 2.4797e-06 8.7836e-08 6.104e-05 6.7364e-05
0.00013809 2.5285e-06 8.2808e-08 6.0819e-05 6.934e-05
0.00013859 2.5807e-06 7.8289e-08 6.0601e-05 7.1317e-05
0.00013699 2.6375e-06 7.4571e-08 6.0386e-05 7.3297e-05
0.00013546 2.6993e-06 7.1783e-08 6.0175e-05 7.528e-05
0.00013399 2.7657e-06 6.9624e-08 5.9967e-05 7.7265e-05
0.00013248 2.8265e-06 1.0019e-07 5.9749e-05 7.9238e-05
0.00013103 2.8916e-06 1.3414e-07 5.9533e-05 8.1214e-05
0.00012963 2.961e-06 1.7194e-07 5.9319e-05 8.3191e-05
0.00012828 3.0348e-06 2.1418e-07 5.9108e-05 8.5158e-05
0.0001269 3.104e-06 2.5189e-07 5.8887e-05 8.7115e-05
0.00012557 3.1771e-06 2.9379e-07 5.8669e-05 8.9072e-05
0.00012421 3.2458e-06 3.312e-07 5.8442e-05 9.102e-05
0.00012283 3.3106e-06 3.6484e-07 5.8207e-05 9.2959e-05
0.00012149 3.3792e-06 4.0261e-07 5.7974e-05 9.4898e-05
0.00012019 3.4511e-06 4.4428e-07 5.7741e-05 9.6838e-05
0.00011887 3.5191e-06 4.8203e-07 5.75e-05 9.8768e-05
0.00011758 3.5903e-06 5.2367e-07 5.726e-05 0.0001007
0.00011628 3.6578e-06 5.6144e-07 5.7013e-05 0.00010262
0.00011501 3.7288e-06 6.0387e-07 5.6766e-05 0.00010454
0.00011378 3.8035e-06 6.5141e-07 5.6519e-05 0.00010646
0.00011259 3.8819e-06 7.0458e-07 5.6274e-05 0.00010838
0.00011138 3.9567e-06 7.5358e-07 5.6021e-05 0.0001103
0.00011015 4.0278e-06 1.3009e-06 5.576e-05 0.0001122
0.00010895 4.1028e-06 1.9076e-06 5.5501e-05 0.00011411
0.00010774 4.174e-06 2.4932e-06 5.5234e-05 0.000116
0.00010656 4.2492e-06 3.1363e-06 5.4968e-05 0.0001179
0.00010542 4.3284e-06 3.2488e-06 5.4702e-05 0.0001198
0.00010426 4.4038e-06 3.1763e-06 5.4429e-05 0.00012169
0.00010313 4.4827e-06 3.114e-06 5.4156e-05 0.00012359
0.00010203 4.5651e-06 3.0613e-06 5.3883e-05 0.00012549
0.00010092 4.6441e-06 3.0035e-06 5.3603e-05 0.00012737
9.9836e-05 4.7272e-06 2.9561e-06 5.3323e-05 0.00012926
9.8782e-05 4.814e-06 2.9175e-06 5.3043e-05 0.00013115
9.7712e-05 4.8973e-06 2.874e-06 5.2756e-05 0.00013303
9.667e-05 4.9843e-06 2.8391e-06 5.2469e-05 0.00013491
9.5611e-05 5.0675e-06 2.7989e-06 5.2175e-05 0.00013678
9.4536e-05 5.1471e-06 2.7535e-06 5.1874e-05 0.00013864
9.3444e-05 5.2229e-06 2.7028e-06 5.1566e-05 0.00014049
9.2383e-05 5.3031e-06 2.6616e-06 5.1258e-05 0.00014235
9.1353e-05 5.3877e-06 2.6297e-06 5.095e-05 0.0001442
9.0306e-05 5.4686e-06 2.5926e-06 5.0635e-05 0.00014605
8.929e-05 5.554e-06 2.5645e-06 5.0321e-05 0.00014789
8.83e-05 5.6435e-06 2.544e-06 5.0006e-05 0.00014974
8.7337e-05 5.7374e-06 2.5311e-06 4.9692e-05 0.00015159
8.6401e-05 5.8358e-06 2.5258e-06 4.9377e-05 0.00015343
8.5447e-05 5.9299e-06 2.5152e-06 4.9054e-05 0.00015528
8.4519e-05 6.0287e-06 2.5123e-06 4.8732e-05 0.00015712
8.3621e-05 6.133e-06 2.5179e-06 4.841e-05 0.00015896
8.2752e-05 6.243e-06 2.532e-06 4.8089e-05 0.0001608
8.1907e-05 6.3579e-06 2.5537e-06 4.7767e-05 0.00016264
8.1045e-05 6.4686e-06 2.5703e-06 4.7438e-05 0.00016447
8.0211e-05 6.5851e-06 2.5957e-06 4.7109e-05 0.0001663
7.936e-05 6.6972e-06 2.6159e-06 4.6774e-05 0.00016812
7.8537e-05 6.8155e-06 2.6451e-06 4.6438e-05 0.00016995
7.7741e-05 6.9402e-06 2.6837e-06 4.6103e-05 0.00017177
7.6973e-05 7.0718e-06 2.7416e-06 4.5769e-05 0.0001736
7.623e-05 7.2098e-06 2.8097e-06 4.5435e-05 0.00017542
7.547e-05 7.3428e-06 2.8718e-06 4.5093e-05 0.00017724
7.4689e-05 7.4701e-06 2.9267e-06 4.4743e-05 0.00017905
7.3938e-05 7.6055e-06 2.8449e-06 4.4395e-05 0.00018086
7.3164e-05 7.734e-06 2.7538e-06 4.4037e-05 0.00018265
7.2424e-05 7.872e-06 2.6782e-06 4.3682e-05 0.00018446
7.1714e-05 8.019e-06 2.6156e-06 4.3328e-05 0.00018626
7.098e-05 8.1585e-06 2.544e-06 4.2965e-05 0.00018806
7.0277e-05 8.3074e-06 2.4853e-06 4.2604e-05 0.00018985
6.9606e-05 8.4666e-06 2.439e-06 4.2245e-05 0.00019165
6.8908e-05 8.617e-06 2.4405e-06 4.1876e-05 0.00019344
6.8242e-05 8.7781e-06 2.2861e-06 4.1508e-05 0.00019523
6.7549e-05 8.9306e-06 2.1573e-06 4.1132e-05 0.00019701
6.6833e-05 9.0756e-06 2.018e-06 4.0747e-05 0.00019878
6.6147e-05 9.2308e-06 1.8964e-06 4.0363e-05 0.00020055
6.5439e-05 9.3785e-06 1.7634e-06 3.997e-05 0.00020231
6.4764e-05 9.5378e-06 1.6488e-06 3.958e-05 0.00020408
6.4067e-05 9.6897e-06 1.525e-06 3.9181e-05 0.00020583
6.3403e-05 9.8534e-06 1.4183e-06 3.8785e-05 0.00020759
6.2772e-05 1.0029e-05 1.3268e-06 3.839e-05 0.00020935
6.2119e-05 1.0198e-05 1.2271e-06 3.7987e-05 0.0002111
6.1498e-05 1.0379e-05 1.1415e-06 3.7587e-05 0.00021286
6.0909e-05 1.0573e-05 1.0685e-06 3.7188e-05 0.00021462
6.0298e-05 1.0759e-05 9.8806e-07 3.6781e-05 0.00021637
5.9719e-05 1.0959e-05 9.185e-07 3.6376e-05 0.00021812
5.9168e-05 1.1173e-05 8.5873e-07 3.5972e-05 0.00021988
5.8646e-05 1.1401e-05 8.0795e-07 3.5571e-05 0.00022164
5.8099e-05 1.1618e-05 7.4987e-07 3.516e-05 0.00022339
5.7527e-05 1.1825e-05 7.1958e-07 3.6221e-05 0.00022512
5.6977e-05 1.2043e-05 6.9452e-07 3.7287e-05 0.00022686
5.6411e-05 1.2255e-05 6.6507e-07 3.8345e-05 0.00022859
5.5829e-05 1.246e-05 6.3148e-07 3.9394e-05 0.00023031
5.5267e-05 1.2676e-05 6.0243e-07 4.0447e-05 0.00023203
5.4722e-05 1.2901e-05 5.7691e-07 4.1503e-05 0.00023376
5.4163e-05 1.312e-05 5.4772e-07 4.2552e-05 0.00023547
5.3623e-05 1.3351e-05 5.2237e-07 4.3604e-05 0.00023719
5.31e-05 1.3591e-05 5.0298e-07 4.4659e-05 0.0002389
5.2564e-05 1.3826e-05 4.8675e-07 4.5707e-05 0.00024062
5.2043e-05 1.4071e-05 4.7299e-07 4.6757e-05 0.00024234
5.154e-05 1.4327e-05 4.6215e-07 4.7812e-05 0.00024406
5.1055e-05 1.4596e-05 4.5393e-07 4.887e-05 0.00024578
5.0587e-05 1.4876e-05 4.4821e-07 4.9933e-05 0.0002475
5.0135e-05 1.517e-05 4.4492e-07 5.0999e-05 0.00024922
4.967e-05 1.5457e-05 4.3856e-07 5.2057e-05 0.00025094
4.9193e-05 1.5738e-05 4.2929e-07 5.3108e-05 0.00025265
4.873e-05 1.6031e-05 4.22e-07 5.4163e-05 0.00025435
4.8281e-05 1.6336e-05 4.1663e-07 5.522e-05 0.00025606
4.7846e-05 1.6653e-05 4.1314e-07 5.628e-05 0.00025777
4.7398e-05 1.6963e-05 4.0661e-07 5.7333e-05 0.00025947
4.6938e-05 1.7268e-05 3.9719e-07 5.8379e-05 0.00026116
4.6466e-05 1.7567e-05 3.8485e-07 5.9417e-05 0.00026285
4.6011e-05 1.7879e-05 3.7486e-07 6.046e-05 0.00026453
4.5572e-05 1.7715e-05 3.673e-07 6.1507e-05 0.00026622
4.5122e-05 1.7545e-05 3.5677e-07 6.2546e-05 0.0002679
4.4685e-05 1.7384e-05 3.4812e-07 6.3589e-05 0.00026958
4.4265e-05 1.7234e-05 3.4167e-07 6.4637e-05 0.00027126
4.3832e-05 1.7079e-05 3.3225e-07 6.5677e-05 0.00027293
4.3386e-05 1.6918e-05 3.1978e-07 6.6709e-05 0.0002746
4.2954e-05 1.6766e-05 3.0913e-07 6.7746e-05 0.00027627
4.2538e-05 1.6625e-05 3.0052e-07 6.8787e-05 0.00027793
4.2135e-05 1.6492e-05 2.9348e-07 6.9832e-05 0.0002796
4.1719e-05 1.6354e-05 2.8341e-07 7.0869e-05 0.00028126
4.1319e-05 1.6225e-05 2.7527e-07 7.191e-05 0.00028293
4.0933e-05 1.6105e-05 2.6879e-07 7.2957e-05 0.00028459
4.0561e-05 1.5995e-05 2.6386e-07 7.4008e-05 0.00028626
4.0202e-05 1.5893e-05 2.6039e-07 7.5064e-05 0.00028792
3.9832e-05 1.5786e-05 2.5414e-07 7.6112e-05 0.00028958
3.9449e-05 1.5674e-05 2.451e-07 7.7153e-05 0.00029124
3.9054e-05 1.5557e-05 2.3326e-07 7.8186e-05 0.00029288
3.8673e-05 1.5449e-05 2.2286e-07 7.9223e-05 0.00029452
3.8279e-05 1.5336e-05 2.097e-07 8.0253e-05 0.00029616
3.7899e-05 1.5231e-05 1.9788e-07 8.1288e-05 0.00029779
3.7532e-05 1.5134e-05 1.8728e-07 8.2327e-05 0.00029943
3.7176e-05 1.5045e-05 1.7751e-07 8.337e-05 0.00030107
3.6832e-05 1.4964e-05 1.6875e-07 8.4418e-05 0.00030272
3.6499e-05 1.489e-05 1.6064e-07 8.547e-05 0.00030436
3.6176e-05 1.4822e-05 1.5311e-07 8.6526e-05 0.000306
3.5864e-05 1.4761e-05 1.4609e-07 8.7586e-05 0.00030765
3.5562e-05 1.4707e-05 1.3952e-07 8.865e-05 0.00030929
3.5248e-05 1.4649e-05 1.304e-07 8.9706e-05 0.00031093
3.4923e-05 1.4586e-05 1.1881e-07 9.0755e-05 0.00031256
3.4587e-05 1.4519e-05 1.0475e-07 9.1796e-05 0.00031418
3.4261e-05 1.4458e-05 9.1132e-08 9.2842e-05 0.00031581
3.3946e-05 1.4404e-05 7.7834e-08 9.3892e-05 0.00031743
3.3639e-05 1.4357e-05 6.4744e-08 9.4946e-05 0.00031905
3.3343e-05 1.4316e-05 5.174e-08 9.6005e-05 0.00032068
3.3056e-05 1.4282e-05 3.8709e-08 9.7067e-05 0.00032231
3.2758e-05 1.4243e-05 5.6261e-08 9.8122e-05 0.00032393
3.2447e-05 1.4199e-05 7.1323e-08 9.917e-05 0.00032554
3.2149e-05 1.4163e-05 8.6899e-08 0.00010022 0.00032715
3.1861e-05 1.3493e-05 1.0316e-07 0.00010128 0.00032876
3.1585e-05 1.2849e-05 1.2029e-07 0.00010234 0.00033038
3.1298e-05 1.2196e-05 1.3489e-07 0.0001034 0.00033199
3.1e-05 1.1535e-05 1.4697e-07 0.00010445 0.00033359
3.0711e-05 1.0896e-05 1.5971e-07 0.0001055 0.00033519
3.0432e-05 1.028e-05 1.7351e-07 0.00010656 0.00033679
3.0163e-05 9.6849e-06 1.8823e-07 0.00010762 0.0003384
2.9881e-05 9.0808e-06 2.0021e-07 0.00010868 0.00033999
2.9589e-05 8.4678e-06 2.0948e-07 0.00010973 0.00034158
2.9307e-05 7.8773e-06 2.2001e-07 0.00011078 0.00034317
2.9035e-05 7.3084e-06 2.3192e-07 0.00011184 0.00034476
2.8753e-05 6.7317e-06 2.4115e-07 0.00011289 0.00034635
2.8459e-05 6.147e-06 2.4767e-07 0.00011394 0.00034792
2.8155e-05 5.5542e-06 2.5151e-07 0.00011497 0.00034949
2.7861e-05 4.9832e-06 2.5679e-07 0.00011602 0.00035106
2.7556e-05 4.4043e-06 2.5938e-07 0.00011705 0.00035262
2.726e-05 3.8443e-06 2.6312e-07 0.00011809 0.00035419
2.6974e-05 3.3048e-06 2.684e-07 0.00011914 0.00035575
2.6675e-05 3.2977e-06 2.7091e-07 0.00012018 0.00035731
2.6386e-05 3.2934e-06 2.7502e-07 0.00012122 0.00035887
2.6086e-05 3.2856e-06 2.7622e-07 0.00012226 0.00036042
2.5795e-05 3.2801e-06 2.7874e-07 0.0001233 0.00036197
2.5513e-05 3.2772e-06 2.8295e-07 0.00012435 0.00036353
2.522e-05 3.2709e-06 2.8472e-07 0.00012539 0.00036508
2.4915e-05 3.2614e-06 2.8367e-07 0.00012643 0.00036661
2.4619e-05 3.2541e-06 2.8396e-07 0.00012749 0.00036815
2.4312e-05 3.2436e-06 2.8147e-07 0.00012853 0.00036968
2.4014e-05 3.2352e-06 2.803e-07 0.00012958 0.00037122
2.3703e-05 3.2235e-06 2.762e-07 0.00013062 0.00037274
2.3381e-05 3.2084e-06 2.6912e-07 0.00013165 0.00037425
2.3069e-05 3.196e-06 2.5902e-07 0.00013269 0.00037576
2.2766e-05 3.1859e-06 2.5036e-07 0.00013374 0.00037727
2.2451e-05 3.1724e-06 2.3878e-07 0.00013478 0.00037877
2.2145e-05 3.1615e-06 2.2875e-07 0.00013582 0.00038027
2.1827e-05 3.147e-06 2.1571e-07 0.00013686 0.00038176
2.1518e-05 3.1351e-06 2.0418e-07 0.0001379 0.00038326
2.1221e-05 3.1263e-06 1.9442e-07 0.00013895 0.00038474
2.091e-05 3.1136e-06 1.8146e-07 0.00013999 0.00038622
2.0585e-05 3.0969e-06 1.6519e-07 0.00014102 0.00038768
2.0273e-05 3.0837e-06 1.5097e-07 0.00014206 0.00038915
1.9946e-05 3.0662e-06 1.3324e-07 0.00014309 0.00039061
1.9603e-05 3.044e-06 1.1171e-07 0.00014411 0.00039206
1.9277e-05 3.0265e-06 9.3028e-08 0.00014514 0.00039352
1.8931e-05 3.0038e-06 1.1326e-07 0.00014618 0.00039496
1.86e-05 2.9851e-06 1.3588e-07 0.00014721 0.00039641
1.8253e-05 2.9617e-06 1.5482e-07 0.00014822 0.00039785
1.7918e-05 2.942e-06 1.7601e-07 0.00014925 0.00039929
1.7598e-05 2.9263e-06 2.0026e-07 0.00015028 0.00040074
1.7289e-05 2.9141e-06 2.2749e-07 0.00015133 0.00040219
1.6964e-05 2.8972e-06 2.5045e-07 0.00015236 0.00040364
1.6653e-05 2.8842e-06 2.7719e-07 0.00015341 0.00040509
1.6355e-05 2.8754e-06 2.6416e-07 0.00015447 0.00040654
1.6042e-05 2.8621e-06 2.4728e-07 0.00015552 0.00040799
1.574e-05 2.8523e-06 2.3304e-07 0.00015657 0.00040944
1.5451e-05 2.8466e-06 2.2169e-07 0.00015764 0.00041089
1.5147e-05 2.836e-06 2.1311e-07 0.0001587 0.00041236
1.4852e-05 2.8287e-06 2.0646e-07 0.00015977 0.00041383
1.4569e-05 2.8252e-06 2.0309e-07 0.00016085 0.00041531
1.4294e-05 2.8243e-06 2.0101e-07 0.00016194 0.00041679
1.4027e-05 2.8262e-06 2.0032e-07 0.00016303 0.00041828
1.3765e-05 2.8301e-06 2.0058e-07 0.00016414 0.00041977
1.3492e-05 2.8306e-06 1.9802e-07 0.00016523 0.00042125
1.3225e-05 2.8331e-06 1.9631e-07 0.00016634 0.00042273
1.2962e-05 2.8376e-06 1.9544e-07 0.00016745 0.00042421
1.2704e-05 2.844e-06 1.9538e-07 0.00016857 0.0004257
1.2451e-05 2.8523e-06 1.9615e-07 0.00016969 0.00042719
1.2187e-05 2.8573e-06 1.9413e-07 0.00017081 0.00042867
1.1912e-05 2.8589e-06 1.8933e-07 0.00017191 0.00043014
1.1644e-05 2.863e-06 1.8567e-07 0.00017303 0.00043162
1.138e-05 2.8692e-06 1.8286e-07 0.00017415 0.0004331
1.1122e-05 2.878e-06 1.8122e-07 0.00017528 0.00043458
1.0871e-05 2.8896e-06 1.809e-07 0.00017642 0.00043606
1.0628e-05 2.9046e-06 1.8214e-07 0.00017758 0.00043756
1.037e-05 2.9148e-06 1.7972e-07 0.00017872 0.00043904
1.0814e-05 2.9083e-06 1.736e-07 0.00017987 0.0004405
1.1271e-05 2.9059e-06 1.6951e-07 0.00018104 0.00044198
1.1711e-05 2.898e-06 1.6747e-07 0.0001822 0.00044346
1.2133e-05 2.885e-06 1.6166e-07 0.00018334 0.00044493
1.2569e-05 2.8763e-06 1.3699e-07 0.00018449 0.00044639
1.3024e-05 2.8724e-06 1.1601e-07 0.00018566 0.00044785
1.3494e-05 2.8727e-06 9.7645e-08 0.00018685 0.00044933
1.3944e-05 2.8674e-06 7.492e-08 0.00018801 0.00045079
1.4413e-05 2.8671e-06 5.513e-08 0.0001892 0.00045225
1.4903e-05 2.8717e-06 3.7694e-08 0.0001904 0.00045373
1.5373e-05 2.8711e-06 3.318e-08 0.00019159 0.0004552
1.5825e-05 2.8654e-06 2.5178e-08 0.00019277 0.00045665
1.6255e-05 2.854e-06 2.1386e-08 0.00019392 0.00045809
1.6667e-05 2.837e-06 3.4815e-08 0.00019507 0.00045951
1.7094e-05 2.8244e-06 4.9266e-08 0.00019622 0.00046094
1.7538e-05 2.8156e-06 6.4922e-08 0.00019739 0.00046238
1.7997e-05 2.8106e-06 8.2045e-08 0.00019858 0.00046383
1.844e-05 2.8011e-06 9.5847e-08 0.00019975 0.00046526
1.8867e-05 2.7872e-06 1.0642e-07 0.00020091 0.00046668
1.9307e-05 2.7763e-06 1.1807e-07 0.00020208 0.00046811
1.973e-05 2.761e-06 1.2642e-07 0.00020324 0.00046953
2.0167e-05 2.7488e-06 1.36e-07 0.00020441 0.00047095
2.0589e-05 2.7323e-06 1.4707e-07 0.00020557 0.00047238
2.0993e-05 2.7112e-06 1.546e-07 0.00020672 0.0004738
2.1413e-05 2.6939e-06 1.6411e-07 0.00020788 0.00047522
2.1852e-05 2.6806e-06 1.7588e-07 0.00020905 0.00047665
2.2273e-05 2.6628e-06 1.8399e-07 0.00021021 0.00047807
2.2712e-05 2.6485e-06 1.9427e-07 0.00021139 0.0004795
2.3171e-05 2.6387e-06 2.0768e-07 0.00021258 0.00048093
2.3652e-05 2.6333e-06 2.2465e-07 0.00021379 0.00048237
2.4158e-05 2.6326e-06 2.3142e-07 0.00021502 0.00048383
2.4138e-05 2.6811e-06 2.4177e-07 0.00021623 0.00048529
2.4099e-05 2.7237e-06 2.4739e-07 0.00021742 0.00048674
2.4076e-05 2.7718e-06 2.5671e-07 0.00021863 0.0004882
2.4068e-05 2.8247e-06 2.6943e-07 0.00021985 0.00048967
2.4077e-05 2.8834e-06 2.439e-07 0.0002211 0.00049112
2.4101e-05 2.9474e-06 2.2259e-07 0.00022236 0.00049258
2.414e-05 3.0175e-06 2.055e-07 0.00022364 0.00049405
2.4197e-05 3.0942e-06 1.921e-07 0.00022494 0.00049553
2.4269e-05 3.1776e-06 1.8197e-07 0.00022626 0.00049702
2.4323e-05 3.2544e-06 1.6732e-07 0.00022756 0.0004985
2.4395e-05 3.192e-06 1.5578e-07 0.00022888 0.00049998
2.4447e-05 3.1232e-06 1.3988e-07 0.00023019 0.00050146
2.4516e-05 3.0607e-06 1.2686e-07 0.00023151 0.00050294
2.46e-05 3.0035e-06 1.159e-07 0.00023285 0.00050443
2.4664e-05 2.9402e-06 1.0089e-07 0.00023418 0.00050591
2.4711e-05 2.8712e-06 1.2523e-07 0.00023549 0.00050737
2.4741e-05 2.7964e-06 1.4525e-07 0.00023678 0.00050882
2.4786e-05 2.7272e-06 1.6847e-07 0.00023809 0.00051028
2.4812e-05 2.652e-06 1.7676e-07 0.00023939 0.00051172
2.4819e-05 2.5705e-06 1.8078e-07 0.00024066 0.00051316
2.4808e-05 2.4825e-06 1.8057e-07 0.00024192 0.00051457
2.4777e-05 2.3879e-06 1.7613e-07 0.00024317 0.00051598
2.476e-05 2.2992e-06 1.7393e-07 0.00024443 0.00051739
2.4761e-05 2.2168e-06 1.7437e-07 0.00024571 0.00051881
2.4776e-05 2.1396e-06 1.77e-07 0.00024701 0.00052024
2.4774e-05 2.0568e-06 1.7574e-07 0.00024829 0.00052166
2.4788e-05 1.9798e-06 1.7714e-07 0.00024959 0.00052309
2.4817e-05 1.9076e-06 1.808e-07 0.00025091 0.00052453
2.4829e-05 1.83e-06 2.6811e-07 0.00025222 0.00052595
2.4855e-05 1.7571e-06 3.6938e-07 0.00025354 0.00052738
2.4863e-05 1.6784e-06 4.5925e-07 0.00025484 0.0005288
2.4851e-05 1.5939e-06 5.3854e-07 0.00025613 0.00053021
2.4856e-05 1.5147e-06 6.332e-07 0.00025744 0.00053162
2.4876e-05 1.44e-06 7.4409e-07 0.00025877 0.00053305
2.4913e-05 1.3701e-06 8.7501e-07 0.00026011 0.00053446
2.4965e-05 1.3041e-06 1.0286e-06 0.00026148 0.00053588
2.4227e-05 1.2432e-06 1.2203e-06 0.00026287 0.0005373
2.3517e-05 1.1857e-06 1.4452e-06 0.00026427 0.00053874
2.2783e-05 1.1235e-06 1.6493e-06 0.00026566 0.00054017
2.2076e-05 1.0647e-06 1.6967e-06 0.00026707 0.0005416
2.1343e-05 1.0023e-06 1.7348e-06 0.00026846 0.00054302
2.0637e-05 9.4304e-07 1.7857e-06 0.00026987 0.00054445
1.9904e-05 8.7883e-07 1.8259e-06 0.00027127 0.00054587
1.9146e-05 8.0957e-07 1.8552e-06 0.00027264 0.00054727
1.8324e-05 8.5335e-07 1.8721e-06 0.000274 0.00054868
1.753e-05 8.995e-07 1.901e-06 0.00027537 0.0005501
1.6764e-05 9.4818e-07 1.9451e-06 0.00027677 0.00055153
1.6024e-05 9.9955e-07 2.0033e-06 0.00027818 0.00055297
1.526e-05 1.0465e-06 2.0498e-06 0.00027958 0.00055439
1.4523e-05 1.0963e-06 2.1108e-06 0.00028099 0.00055582
1.3762e-05 1.1417e-06 2.1613e-06 0.00028239 0.00055725
1.3027e-05 1.1899e-06 2.227e-06 0.00028381 0.00055868
1.2267e-05 1.2333e-06 2.2806e-06 0.00028522 0.00056012
1.1481e-05 1.2719e-06 2.3226e-06 0.00028664 0.00056157
1.0724e-05 1.3138e-06 2.3814e-06 0.00028809 0.00056303
9.9944e-06 1.3593e-06 2.4591e-06 0.00028957 0.0005645
9.2877e-06 1.4079e-06 2.5554e-06 0.00029106 0.00056599
8.5596e-06 1.452e-06 2.6391e-06 0.00029254 0.00056746
7.8538e-06 1.4992e-06 2.7424e-06 0.00029403 0.00056893
7.1269e-06 1.5418e-06 2.8325e-06 0.00029551 0.0005704
6.4219e-06 1.5877e-06 2.9435e-06 0.00029701 0.00057188
5.6939e-06 1.6285e-06 3.039e-06 0.00029849 0.00057334
4.9875e-06 1.6727e-06 3.1213e-06 0.0003 0.00057478
4.3017e-06 1.7205e-06 3.2242e-06 0.00030152 0.00057624
3.5935e-06 1.763e-06 3.3117e-06 0.00030302 0.00057768
3.5765e-06 1.7989e-06 3.4299e-06 0.00030451 0.00057911
3.5618e-06 1.839e-06 3.4086e-06 0.00030602 0.00058055
3.5356e-06 1.8738e-06 3.3745e-06 0.00030751 0.00058197
3.4978e-06 1.9035e-06 3.3288e-06 0.00030898 0.00058338
3.4614e-06 1.9367e-06 3.2999e-06 0.00031047 0.0005848
3.4134e-06 1.9646e-06 3.2901e-06 0.00031194 0.00058624
3.3262e-06 1.9769e-06 3.2979e-06 0.00031142 0.00058768
3.2417e-06 1.9929e-06 3.3238e-06 0.00031092 0.00058913
3.1461e-06 2.0044e-06 3.337e-06 0.0003104 0.00059057
3.0522e-06 2.0191e-06 3.3664e-06 0.0003099 0.00059202
2.9598e-06 2.0373e-06 3.4129e-06 0.00030942 0.00059348
2.8696e-06 2.0594e-06 3.3292e-06 0.00030895 0.00059492
2.7815e-06 2.0857e-06 3.2671e-06 0.00030851 0.00059638
2.6945e-06 2.1157e-06 3.2226e-06 0.00030808 0.00059785
2.6093e-06 2.1499e-06 3.1965e-06 0.00030766 0.00059932
2.5257e-06 2.1887e-06 3.188e-06 0.00030727 0.00060081
2.4436e-06 2.232e-06 3.1968e-06 0.00030689 0.00060231
2.6971e-06 2.2586e-06 3.1668e-06 0.00030649 0.00060379
2.9568e-06 2.2897e-06 3.1545e-06 0.00030612 0.00060529
3.2217e-06 2.3246e-06 3.1572e-06 0.00030576 0.0006068
3.4743e-06 2.3548e-06 3.1503e-06 0.00030538 0.00060829
3.7313e-06 2.3884e-06 3.1567e-06 0.00030502 0.00060979
3.9916e-06 2.4249e-06 3.1744e-06 0.00030467 0.0006113
4.2552e-06 2.4642e-06 3.2032e-06 0.00030433 0.00061281
4.5074e-06 2.4993e-06 3.2243e-06 0.00030398 0.00061432
4.763e-06 2.5372e-06 3.0563e-06 0.00030364 0.00061583
5.0231e-06 2.5785e-06 2.9087e-06 0.00030331 0.00061733
5.2865e-06 2.6225e-06 2.7781e-06 0.000303 0.00061883
5.554e-06 2.6697e-06 2.6644e-06 0.00030269 0.00062035
5.8257e-06 2.72e-06 2.5657e-06 0.00030239 0.00062187
6.1018e-06 2.7736e-06 2.4806e-06 0.00030211 0.00062339
6.3671e-06 2.8233e-06 2.3884e-06 0.00030182 0.00062491
6.637e-06 2.8763e-06 2.3091e-06 0.00030153 0.00062643
6.8959e-06 2.9253e-06 2.2227e-06 0.00030124 0.00062794
7.1437e-06 2.9704e-06 2.1286e-06 0.00030093 0.00062944
7.3804e-06 3.0113e-06 2.0264e-06 0.00030062 0.00063093
7.6056e-06 3.048e-06 1.9153e-06 0.00030029 0.00063241
7.8367e-06 3.0887e-06 1.8189e-06 0.00029998 0.0006339
8.0553e-06 3.1247e-06 1.7123e-06 0.00029965 0.00063538
8.2814e-06 3.1654e-06 1.6232e-06 0.00029934 0.00063687
8.5154e-06 3.211e-06 1.5671e-06 0.00029904 0.00063834
8.7342e-06 3.2507e-06 1.5005e-06 0.00029873 0.0006398
8.9378e-06 3.2844e-06 1.4225e-06 0.0002984 0.00064124
9.1496e-06 3.3231e-06 1.3588e-06 0.00029809 0.0006427
9.3716e-06 3.3678e-06 1.3092e-06 0.00029779 0.00064416
9.5778e-06 3.4063e-06 1.2984e-06 0.00029748 0.00064562
9.7945e-06 3.4509e-06 1.298e-06 0.00029719 0.00064709
1.0022e-05 3.5017e-06 1.3087e-06 0.00029691 0.00064854
1.0233e-05 3.5462e-06 1.3114e-06 0.00029661 0.00064998
1.0454e-05 3.5961e-06 1.3231e-06 0.00029634 0.00065143
1.0658e-05 3.6398e-06 1.3268e-06 0.00029604 0.00065287
1.0872e-05 3.6888e-06 1.3394e-06 0.00029576 0.00065431
1.1096e-05 3.7443e-06 1.2587e-06 0.0002955 0.00065577
1.1332e-05 3.8062e-06 1.193e-06 0.00029525 0.00065724
1.1579e-05 3.8749e-06 1.1403e-06 0.00029502 0.00065872
1.1811e-05 3.9377e-06 1.0793e-06 0.00029478 0.00066019
1.2055e-05 4.0074e-06 1.0305e-06 0.00029455 0.00066167
1.2309e-05 4.0835e-06 9.9137e-07 0.00029434 0.00066316
1.2547e-05 4.1534e-06 9.4469e-07 0.00029411 0.00066463
1.2799e-05 4.2308e-06 7.5741e-07 0.0002939 0.00066612
1.3035e-05 4.3018e-06 7.4914e-07 0.00029367 0.00066759
1.3255e-05 4.3665e-06 7.3463e-07 0.00029343 0.00066906
1.3488e-05 4.4388e-06 6.9625e-07 0.00029321 0.00067053
1.3704e-05 4.504e-06 6.4978e-07 0.00029297 0.00067199
1.3931e-05 4.5762e-06 6.1184e-07 0.00029275 0.00067346
1.4141e-05 4.6411e-06 5.6607e-07 0.00029251 0.00067491
1.4365e-05 4.7139e-06 5.2944e-07 0.00029228 0.00067638
1.4602e-05 4.7951e-06 4.9983e-07 0.00029208 0.00067786
1.4823e-05 4.8695e-06 4.7733e-07 0.00029186 0.00067932
1.5057e-05 4.952e-06 4.6092e-07 0.00029165 0.0006808
1.5303e-05 5.0423e-06 4.3952e-07 0.00029146 0.00068226
1.5537e-05 5.1272e-06 4.1369e-07 0.00029126 0.00068371
1.5778e-05 5.2176e-06 3.9154e-07 0.00029107 0.00068517
1.6007e-05 5.3033e-06 3.6553e-07 0.00029087 0.00068662
1.6244e-05 5.3949e-06 3.4323e-07 0.00029068 0.00068808
1.6489e-05 5.4916e-06 3.2372e-07 0.0002905 0.00068954
1.6743e-05 5.5946e-06 3.0718e-07 0.00029033 0.00069101
1.6983e-05 5.6925e-06 2.87e-07 0.00029011 0.00069247
1.7233e-05 5.7967e-06 2.6961e-07 0.00028989 0.00069394
1.7491e-05 5.9066e-06 2.5434e-07 0.00028968 0.00069542
1.7736e-05 6.0114e-06 2.356e-07 0.00028947 0.00069688
1.799e-05 6.1228e-06 2.1927e-07 0.00028926 0.00069835
1.8252e-05 6.2403e-06 2.0472e-07 0.00028906 0.00069983
1.8501e-05 6.3523e-06 1.8675e-07 0.00028886 0.0007013
1.8759e-05 6.4711e-06 1.7069e-07 0.00028866 0.00070277
1.9027e-05 6.5975e-06 1.5656e-07 0.00028847 0.00070426
1.9309e-05 6.7334e-06 1.4466e-07 0.0002883 0.00070575
1.9603e-05 6.8784e-06 1.3441e-07 0.00028814 0.00070725
1.991e-05 7.0331e-06 1.285e-07 0.00028799 0.00070876
2.0231e-05 7.198e-06 1.2392e-07 0.00028786 0.00071028
2.0536e-05 7.3551e-06 1.1602e-07 0.00028771 0.00071179
2.0856e-05 7.5244e-06 1.0984e-07 0.00028761 0.00071331
2.1159e-05 7.6847e-06 1.0028e-07 0.00028752 0.00071482
2.1475e-05 7.8562e-06 9.2034e-08 0.00028745 0.00071634
2.1775e-05 8.0193e-06 1.2689e-07 0.00028737 0.00071785
2.2091e-05 8.1949e-06 1.6676e-07 0.00028729 0.00071936
2.2421e-05 8.3818e-06 2.1173e-07 0.00028724 0.00072089
2.2768e-05 8.582e-06 2.6358e-07 0.00028719 0.00072243
2.3132e-05 8.796e-06 3.2347e-07 0.00028716 0.00072397
2.348e-05 9.0019e-06 3.7753e-07 0.00028712 0.00072551
2.3842e-05 9.2196e-06 4.3872e-07 0.00028709 0.00072705
2.4189e-05 9.43e-06 4.9452e-07 0.00028704 0.00072859
2.4523e-05 9.6337e-06 5.4522e-07 0.00028699 0.00073011
2.4867e-05 9.8471e-06 6.0186e-07 0.00028695 0.00073165
2.5198e-05 1.0054e-05 6.5328e-07 0.0002869 0.00073317
2.5515e-05 1.0253e-05 6.9958e-07 0.00028683 0.00073468
2.5845e-05 1.0464e-05 7.5298e-07 0.00028678 0.0007362
2.6188e-05 1.0688e-05 8.1468e-07 0.00028674 0.00073772
2.6518e-05 1.0904e-05 8.7037e-07 0.00028668 0.00073924
2.6831e-05 1.1111e-05 9.194e-07 0.00028662 0.00074075
2.6328e-05 1.1334e-05 9.7937e-07 0.00028657 0.00074226
2.5855e-05 1.1578e-05 1.0306e-06 0.00028654 0.00074376
2.5401e-05 1.1839e-05 1.094e-06 0.00028652 0.00074528
2.497e-05 1.2119e-05 1.1714e-06 0.00028651 0.00074678
2.4559e-05 1.2419e-05 1.2649e-06 0.00028652 0.0007483
2.417e-05 1.2742e-05 1.3773e-06 0.00028655 0.00074982
2.3798e-05 1.3086e-05 1.5093e-06 0.00028659 0.00075136
2.3446e-05 1.3454e-05 1.6671e-06 0.00028665 0.00075292
2.3112e-05 1.3846e-05 1.8521e-06 0.00028672 0.00075448
2.2757e-05 1.4221e-05 2.0181e-06 0.00028678 0.00075603
2.2383e-05 1.4581e-05 2.1684e-06 0.00028682 0.00075756
2.2029e-05 1.4968e-05 2.349e-06 0.00028688 0.00075911
2.1693e-05 1.538e-05 2.376e-06 0.00028696 0.00076067
2.1372e-05 1.5818e-05 2.4183e-06 0.00028704 0.00076224
2.1068e-05 1.5854e-05 2.4748e-06 0.00028715 0.00076383
2.0746e-05 1.588e-05 2.5207e-06 0.00028723 0.0007654
2.0441e-05 1.5919e-05 2.4429e-06 0.00028733 0.00076698
2.015e-05 1.5971e-05 2.3808e-06 0.00028745 0.00076857
1.9845e-05 1.6015e-05 2.3104e-06 0.00028756 0.00077015
1.9551e-05 1.607e-05 2.2523e-06 0.00028767 0.00077174
1.9242e-05 1.6117e-05 2.1855e-06 0.00028778 0.00077332
1.8946e-05 1.6175e-05 2.1318e-06 0.00028789 0.00077491
1.8662e-05 1.6245e-05 2.0899e-06 0.00028802 0.00077651
1.8391e-05 1.6326e-05 2.0693e-06 0.00028816 0.00077812
1.8105e-05 1.64e-05 2.042e-06 0.00028829 0.00077972
1.783e-05 1.6485e-05 2.0244e-06 0.00028843 0.00078133
1.7566e-05 1.6582e-05 2.0162e-06 0.00028859 0.00078294
1.7313e-05 1.6691e-05 2.0172e-06 0.00028875 0.00078457
1.707e-05 1.6811e-05 2.0277e-06 0.00028893 0.00078621
1.6813e-05 1.6923e-05 2.0315e-06 0.0002891 0.00078783
1.6544e-05 1.7029e-05 2.0293e-06 0.00028925 0.00078945
1.6283e-05 1.7145e-05 2.0356e-06 0.00028942 0.00079107
1.6031e-05 1.7273e-05 2.0512e-06 0.00028959 0.0007927
1.5766e-05 1.7393e-05 2.0601e-06 0.00028976 0.00079433
1.5511e-05 1.7526e-05 2.0787e-06 0.00028994 0.00079596
1.5242e-05 1.765e-05 2.0901e-06 0.0002901 0.00079758
1.4958e-05 1.7765e-05 2.114e-06 0.00029025 0.00079918
1.4658e-05 1.787e-05 2.1292e-06 0.00029039 0.00080078
1.4371e-05 1.799e-05 2.1574e-06 0.00029054 0.00080238
1.4067e-05 1.8099e-05 2.1737e-06 0.00029062 0.00080398
1.3745e-05 1.8196e-05 2.1594e-06 0.00029068 0.00080555
1.3437e-05 1.831e-05 2.1591e-06 0.00029075 0.00080714
1.3145e-05 1.8441e-05 2.14e-06 0.00029084 0.00080875
1.2835e-05 1.8561e-05 2.1147e-06 0.00029092 0.00081034
1.251e-05 1.8671e-05 2.08e-06 0.00029098 0.00081192
1.2199e-05 1.8449e-05 2.0597e-06 0.00029106 0.00081351
1.1901e-05 1.8246e-05 2.0223e-06 0.00029116 0.00081511
1.1585e-05 1.803e-05 1.9741e-06 0.00029123 0.0008167
1.1251e-05 1.7799e-05 1.941e-06 0.0002913 0.0008183
1.0927e-05 1.7584e-05 1.918e-06 0.00029137 0.00081992
1.0611e-05 1.7383e-05 1.9038e-06 0.00029146 0.00082154
1.0282e-05 1.7173e-05 1.8832e-06 0.00029153 0.00082315
9.9613e-06 1.6977e-05 1.8715e-06 0.00029162 0.00082477
9.6466e-06 1.6793e-05 1.8675e-06 0.00029171 0.0008264
9.3198e-06 1.66e-05 1.8575e-06 0.0002918 0.00082801
8.9991e-06 1.642e-05 1.8551e-06 0.00029189 0.00082964
8.6843e-06 1.625e-05 1.8467e-06 0.00029199 0.00083125
8.3575e-06 1.6073e-05 1.8468e-06 0.00029209 0.00083288
8.02e-06 1.5889e-05 1.842e-06 0.00029217 0.00083449
7.6873e-06 1.5716e-05 1.8438e-06 0.00029226 0.00083611
7.3438e-06 1.5536e-05 1.8407e-06 0.00029234 0.00083773
7.0058e-06 1.5368e-05 1.8449e-06 0.00029243 0.00083935
6.6577e-06 1.5193e-05 1.8446e-06 0.00029252 0.00084097
6.3136e-06 1.5028e-05 1.8505e-06 0.00029261 0.0008426
5.9729e-06 1.4871e-05 1.8627e-06 0.00029271 0.00084424
5.6356e-06 1.4723e-05 1.8811e-06 0.00029281 0.00084589
5.2883e-06 1.4569e-05 1.8949e-06 0.00029291 0.00084752
4.9442e-06 1.4423e-05 1.915e-06 0.00029301 0.00084917
4.5907e-06 1.4273e-05 1.9309e-06 0.00029311 0.0008508
4.2412e-06 1.4131e-05 1.9542e-06 0.00029321 0.00085244
3.8957e-06 1.3999e-05 1.9852e-06 0.00029333 0.00085409
4.1596e-06 1.3861e-05 2.0255e-06 0.00029343 0.00085573
4.4249e-06 1.3731e-05 2.0734e-06 0.00029355 0.00085738
4.6808e-06 1.3597e-05 2.1163e-06 0.00029365 0.00085902
4.9276e-06 1.3457e-05 2.1543e-06 0.00029375 0.00086065
5.1653e-06 1.3312e-05 2.1874e-06 0.00029383 0.00086227
5.3941e-06 1.3162e-05 2.2161e-06 0.00029391 0.00086389
5.6141e-06 1.3008e-05 2.2404e-06 0.00029399 0.00086549
5.8352e-06 1.2862e-05 2.2718e-06 0.00029407 0.0008671
6.0475e-06 1.2711e-05 2.2987e-06 0.00029414 0.00086871
6.261e-06 1.2567e-05 2.3331e-06 0.00029422 0.00087032
6.476e-06 1.2431e-05 2.3753e-06 0.0002943 0.00087194
6.6817e-06 1.229e-05 2.4125e-06 0.00029438 0.00087354
6.8779e-06 1.2144e-05 2.4444e-06 0.00029445 0.00087514
7.0774e-06 1.2008e-05 2.4673e-06 0.00029453 0.00087675
7.2794e-06 1.1879e-05 2.4987e-06 0.00029462 0.00087837
7.4849e-06 1.176e-05 2.5401e-06 0.00029472 0.00087999
7.6941e-06 1.1649e-05 2.5919e-06 0.00029482 0.00088163
7.9073e-06 1.1547e-05 2.655e-06 0.00029494 0.00088327
8.1086e-06 1.1438e-05 2.6123e-06 0.00029507 0.00088492
8.2998e-06 1.1324e-05 2.5636e-06 0.00029519 0.00088656
8.4943e-06 1.1218e-05 2.5248e-06 0.00029531 0.00088821
8.6909e-06 1.1118e-05 2.494e-06 0.00029545 0.00088986
8.878e-06 1.1014e-05 2.458e-06 0.00029558 0.00089151
9.0559e-06 1.0905e-05 2.4172e-06 0.00029569 0.00089315
9.2359e-06 1.0803e-05 2.3844e-06 0.00029582 0.00089479
9.4067e-06 1.0696e-05 2.3468e-06 0.00029594 0.00089643
9.5683e-06 1.0585e-05 2.3044e-06 0.00029605 0.00089806
9.7322e-06 1.048e-05 2.2714e-06 0.00029616 0.00089969
9.8864e-06 1.0371e-05 2.2331e-06 0.00029627 0.00090132
1.0043e-05 1.0268e-05 2.2025e-06 0.00029639 0.00090295
1.0202e-05 1.0171e-05 2.1633e-06 0.00029651 0.00090459
1.0352e-05 1.007e-05 2.1195e-06 0.00029663 0.00090622
1.0504e-05 9.975e-06 2.0831e-06 0.00029675 0.00090786
1.0647e-05 9.8758e-06 2.0422e-06 0.00029687 0.00090949
1.0793e-05 9.7831e-06 2.0093e-06 0.00029699 0.00091113
1.0942e-05 9.6961e-06 1.983e-06 0.00029712 0.00091277
1.1092e-05 9.6145e-06 1.9633e-06 0.00029726 0.00091442
1.1247e-05 9.539e-06 1.9507e-06 0.0002974 0.00091608
1.1391e-05 9.4594e-06 1.9336e-06 0.00029754 0.00091773
1.1539e-05 9.385e-06 1.9227e-06 0.00029769 0.00091938
1.1677e-05 9.3067e-06 1.9077e-06 0.00029783 0.00092103
1.1818e-05 9.2344e-06 1.8997e-06 0.00029797 0.00092269
1.1964e-05 9.168e-06 1.8985e-06 0.00029812 0.00092435
1.2113e-05 9.1074e-06 1.9041e-06 0.00029829 0.00092602
1.2265e-05 9.0524e-06 1.9167e-06 0.00029846 0.0009277
1.2422e-05 9.0031e-06 1.9363e-06 0.00029864 0.00092939
1.2569e-05 8.9499e-06 1.9518e-06 0.00029881 0.00093106
1.272e-05 8.9016e-06 1.9736e-06 0.00029899 0.00093275
1.286e-05 8.8493e-06 1.9908e-06 0.00029916 0.00093443
1.3004e-05 8.8017e-06 2.0145e-06 0.00029933 0.00093611
1.3138e-05 8.7504e-06 2.0339e-06 0.0002995 0.00093779
1.3276e-05 8.7037e-06 2.0599e-06 0.00029968 0.00093947
1.3404e-05 8.6534e-06 2.0816e-06 0.00029985 0.00094114
1.3523e-05 8.5993e-06 2.0992e-06 0.00030001 0.00094281
1.3645e-05 8.5499e-06 2.1233e-06 0.00030018 0.00094448
1.3771e-05 8.5059e-06 2.1552e-06 0.00030036 0.00094616
1.39e-05 8.4664e-06 2.1943e-06 0.00030054 0.00094785
1.4034e-05 8.4322e-06 2.2419e-06 0.00030074 0.00094954
1.4171e-05 8.4024e-06 2.2975e-06 0.00030094 0.00095124
1.4312e-05 8.3778e-06 2.3627e-06 0.00030114 0.00095295
1.4457e-05 8.3577e-06 2.4369e-06 0.00030136 0.00095467
1.4607e-05 8.3426e-06 2.5223e-06 0.00030158 0.00095639
1.4761e-05 8.3325e-06 2.6195e-06 0.00030182 0.00095812
1.4919e-05 8.3268e-06 2.7284e-06 0.00030206 0.00095986
1.5067e-05 8.3175e-06 2.8314e-06 0.00030229 0.00096159
1.522e-05 8.3125e-06 2.9466e-06 0.00030253 0.00096333
1.5362e-05 8.3036e-06 3.0553e-06 0.00030276 0.00096506
1.5509e-05 8.2998e-06 3.1575e-06 0.000303 0.00096678
1.566e-05 8.3002e-06 3.2722e-06 0.00030325 0.00096851
1.5816e-05 8.3051e-06 3.4004e-06 0.0003035 0.00097024
1.5961e-05 8.3062e-06 3.5223e-06 0.00030375 0.00097197
1.6098e-05 8.3038e-06 3.6379e-06 0.00030399 0.00097369
1.6239e-05 8.3066e-06 3.7693e-06 0.00030423 0.00097541
1.637e-05 8.3054e-06 3.8935e-06 0.00030447 0.00097713
1.6506e-05 8.3086e-06 4.0326e-06 0.00030472 0.00097886
1.6631e-05 8.3079e-06 4.1641e-06 0.00030496 0.00098057
1.6762e-05 8.3122e-06 4.3134e-06 0.0003052 0.0009823
1.6898e-05 8.3216e-06 4.4819e-06 0.00030546 0.00098403
1.704e-05 8.336e-06 4.6715e-06 0.00030572 0.00098577
1.7187e-05 8.3554e-06 4.8844e-06 0.000306 0.00098752
1.7338e-05 8.3794e-06 5.12e-06 0.00030628 0.00098928
1.7479e-05 8.3993e-06 5.3866e-06 0.00030655 0.00099103
1.7626e-05 8.4244e-06 5.6843e-06 0.00030683 0.00099278
1.7779e-05 8.4548e-06 6.0167e-06 0.00030712 0.00099455
1.7937e-05 8.4898e-06 6.0129e-06 0.00030742 0.00099632
1.8101e-05 8.5302e-06 5.9982e-06 0.00030772 0.0009981
1.8272e-05 8.576e-06 5.9974e-06 0.00030804 0.00099989
1.8447e-05 8.6265e-06 6.0088e-06 0.00030836 0.0010017
1.8612e-05 8.673e-06 6.0136e-06 0.00030867 0.0010035
1.8767e-05 8.7156e-06 6.0124e-06 0.00030898 0.0010053
1.8929e-05 8.7638e-06 6.0251e-06 0.0003093 0.001007
1.908e-05 8.8081e-06 6.0316e-06 0.0003096 0.0010088
1.9239e-05 8.8581e-06 6.0526e-06 0.00030992 0.0010106
1.9386e-05 8.904e-06 6.0666e-06 0.00031023 0.0010124
1.9552e-05 8.9595e-06 6.0733e-06 0.00031053 0.0010142
1.9725e-05 8.6573e-06 6.0938e-06 0.00031084 0.001016
1.9906e-05 8.3675e-06 6.1297e-06 0.00031115 0.0010177
2.0094e-05 8.0894e-06 6.181e-06 0.00031148 0.0010195
2.029e-05 7.8224e-06 6.2479e-06 0.00031182 0.0010214
2.0475e-05 7.5497e-06 6.3075e-06 0.00031215 0.0010232
2.0668e-05 7.2876e-06 6.3829e-06 0.00031248 0.001025
2.0868e-05 7.0357e-06 6.1824e-06 0.00031283 0.0010268
2.1076e-05 6.7937e-06 6.0057e-06 0.00031319 0.0010286
2.1273e-05 6.5468e-06 5.8204e-06 0.00031354 0.0010304
2.1478e-05 6.3094e-06 5.6574e-06 0.00031389 0.0010323
2.1691e-05 6.0811e-06 5.5149e-06 0.00031426 0.0010341
2.1912e-05 5.8617e-06 5.3911e-06 0.00031463 0.0010359
2.214e-05 5.6507e-06 5.2848e-06 0.00031502 0.0010378
2.2359e-05 5.435e-06 5.1946e-06 0.00031541 0.0010397
2.2584e-05 5.2267e-06 5.1181e-06 0.00031582 0.0010415
2.2816e-05 5.0255e-06 5.0547e-06 0.00031623 0.0010434
2.3059e-05 4.8324e-06 4.9842e-06 0.00031665 0.0010452
2.329e-05 4.6345e-06 4.9067e-06 0.00031706 0.0010471
2.353e-05 4.444e-06 4.8436e-06 0.00031748 0.0010489
2.3778e-05 4.2608e-06 4.7941e-06 0.00031791 0.0010508
2.4036e-05 4.0844e-06 4.7578e-06 0.00031835 0.0010527
2.4282e-05 3.9034e-06 4.7148e-06 0.00031878 0.0010545
2.4538e-05 3.7292e-06 4.6851e-06 0.00031923 0.0010564
2.4781e-05 3.5501e-06 4.6482e-06 0.00031966 0.0010583
2.5013e-05 3.3659e-06 4.6038e-06 0.00032008 0.0010601
2.4469e-05 3.2359e-06 4.5503e-06 0.00032052 0.001062
2.3943e-05 3.1127e-06 4.5143e-06 0.00032097 0.0010638
2.3433e-05 2.9956e-06 4.4936e-06 0.00032143 0.0010657
2.2826e-05 2.856e-06 4.489e-06 0.00032236 0.0010676
2.2199e-05 2.7094e-06 4.4729e-06 0.00032327 0.0010695
2.1595e-05 2.5713e-06 4.4394e-06 0.00032421 0.0010713
2.1015e-05 2.4413e-06 4.1735e-06 0.00032516 0.0010732
2.0413e-05 2.3043e-06 3.8817e-06 0.0003261 0.0010751
1.9835e-05 2.1753e-06 3.6358e-06 0.00032705 0.001077
1.9236e-05 2.0399e-06 3.336e-06 0.00032799 0.0010789
1.8658e-05 1.9116e-06 3.0796e-06 0.00032895 0.0010808
1.8104e-05 1.7908e-06 2.8651e-06 0.00032993 0.0010828
1.7569e-05 1.6764e-06 2.6833e-06 0.00033092 0.0010847
1.7056e-05 1.5688e-06 2.5333e-06 0.00033194 0.0010866
1.6562e-05 1.4668e-06 2.4077e-06 0.00033298 0.0010886
1.6048e-05 1.3591e-06 2.2672e-06 0.000334 0.0010906
1.5556e-05 1.2577e-06 2.0304e-06 0.00033504 0.0010926
1.5083e-05 1.1621e-06 1.8324e-06 0.0003361 0.0010945
1.4628e-05 1.0712e-06 1.664e-06 0.00033718 0.0010966
1.4152e-05 9.7452e-07 1.4761e-06 0.00033824 0.0010985
1.3696e-05 8.831e-07 1.3189e-06 0.00033933 0.0011006
1.3258e-05 7.9656e-07 1.1876e-06 0.00034044 0.0011026
1.2835e-05 7.1394e-07 1.076e-06 0.00034156 0.0011046
1.2427e-05 6.3502e-07 9.8571e-07 0.00034271 0.0011067
1.2033e-05 5.5954e-07 8.7418e-07 0.00034387 0.0011088
1.1656e-05 4.8779e-07 7.8155e-07 0.00034506 0.0011109
1.1257e-05 5.1334e-07 6.7642e-07 0.00034623 0.001113
1.0872e-05 5.4e-07 5.8811e-07 0.00034742 0.0011151
1.0468e-05 5.6287e-07 4.864e-07 0.00034859 0.0011171
1.0047e-05 5.8222e-07 4.2217e-07 0.00034974 0.0011192
9.6417e-06 6.0299e-07 3.7896e-07 0.00035092 0.0011213
9.2513e-06 6.2516e-07 3.4331e-07 0.00035212 0.0011235
8.8435e-06 6.4365e-07 3.012e-07 0.0003533 0.0011256
8.4496e-06 6.6352e-07 2.659e-07 0.0003545 0.0011277
8.0691e-06 6.8484e-07 2.3635e-07 0.00035573 0.0011299
7.7012e-06 7.0769e-07 2.1171e-07 0.00035698 0.0011321
7.3456e-06 7.3218e-07 1.9129e-07 0.00035825 0.0011343
6.9999e-06 7.5804e-07 1.7399e-07 0.00035954 0.0011365
6.6381e-06 7.8002e-07 1.5208e-07 0.00036081 0.0011387
6.9175e-06 7.9774e-07 1.2572e-07 0.00036206 0.0011408
7.1829e-06 8.1184e-07 1.438e-07 0.00036334 0.001143
7.4578e-06 8.2764e-07 1.6526e-07 0.00036464 0.0011452
7.7189e-06 8.3987e-07 1.8252e-07 0.00036593 0.0011474
7.9878e-06 8.5339e-07 1.947e-07 0.00036723 0.0011495
8.2434e-06 8.6347e-07 2.0308e-07 0.00036856 0.0011517
8.5068e-06 8.7481e-07 2.1393e-07 0.0003699 0.0011539
8.7751e-06 8.8674e-07 2.2647e-07 0.00037126 0.0011561
9.0326e-06 8.9581e-07 2.3589e-07 0.00037261 0.0011583
9.2803e-06 9.0223e-07 2.425e-07 0.00037395 0.0011605
9.5186e-06 9.0604e-07 2.4638e-07 0.00037528 0.0011626
9.7609e-06 9.1028e-07 2.5171e-07 0.00037663 0.0011648
1.0007e-05 9.1494e-07 2.5854e-07 0.00037799 0.001167
1.0258e-05 9.2003e-07 2.6694e-07 0.00037936 0.0011692
1.0514e-05 9.2554e-07 2.7702e-07 0.00038075 0.0011714
1.0773e-05 9.3127e-07 2.8853e-07 0.00038215 0.0011736
1.1022e-05 9.343e-07 2.9707e-07 0.00038353 0.0011759
1.1261e-05 9.3462e-07 3.026e-07 0.00038491 0.0011781
1.1505e-05 9.3548e-07 3.1012e-07 0.00038631 0.0011803
1.1738e-05 9.3347e-07 3.1436e-07 0.00038769 0.0011825
1.1959e-05 9.2835e-07 3.1499e-07 0.00038906 0.0011847
1.2188e-05 9.2435e-07 3.0296e-07 0.00039045 0.0011869
1.2427e-05 9.2182e-07 2.9453e-07 0.00039186 0.0011891
1.2652e-05 9.1587e-07 2.8197e-07 0.00039326 0.0011913
1.2888e-05 9.1151e-07 2.7255e-07 0.00039468 0.0011936
1.3109e-05 9.034e-07 2.5856e-07 0.00039608 0.0011958
1.334e-05 8.9666e-07 2.4776e-07 0.0003975 0.001198
1.3554e-05 8.8602e-07 2.3224e-07 0.0003989 0.0012002
1.378e-05 8.772e-07 2.2482e-07 0.00040033 0.0012024
1.4018e-05 8.698e-07 2.2013e-07 0.00040178 0.0012047
1.4267e-05 8.6379e-07 2.1805e-07 0.00040326 0.001207
1.45e-05 8.5412e-07 2.1189e-07 0.00040471 0.0012092
1.4744e-05 8.4586e-07 2.0834e-07 0.00040619 0.0012115
1.5002e-05 8.3936e-07 1.976e-07 0.0004077 0.0012138
1.5275e-05 8.3459e-07 1.8229e-07 0.00040923 0.0012161
1.556e-05 8.3114e-07 1.6975e-07 0.00041078 0.0012185
1.5858e-05 8.2898e-07 1.5278e-07 0.00041236 0.0012208
1.6138e-05 8.2301e-07 1.8584e-07 0.00041392 0.0012231
1.6433e-05 8.1861e-07 2.2456e-07 0.0004155 0.0012254
1.6741e-05 8.1539e-07 2.6909e-07 0.00041711 0.0012277
1.7031e-05 8.0844e-07 3.0735e-07 0.0004187 0.0012301
1.7304e-05 7.9777e-07 3.3965e-07 0.00042027 0.0012324
1.7591e-05 7.8863e-07 3.7854e-07 0.00042186 0.0012347
1.7895e-05 7.8104e-07 4.1108e-07 0.00042348 0.001237
1.8214e-05 7.7499e-07 4.5088e-07 0.00042513 0.0012394
1.8515e-05 7.6513e-07 5.2581e-07 0.00042676 0.0012418
1.8831e-05 7.565e-07 6.1339e-07 0.00042841 0.0012441
1.9127e-05 7.4405e-07 6.9039e-07 0.00043004 0.0012465
1.944e-05 6.4054e-07 7.811e-07 0.0004317 0.0012489
1.9725e-05 6.5787e-07 8.9038e-07 0.00043334 0.0012512
2.0025e-05 6.7638e-07 1.0188e-06 0.000435 0.0012536
2.2334e-05 6.8628e-07 1.1327e-06 0.00043664 0.001256
2.4725e-05 6.9728e-07 1.2667e-06 0.0004383 0.0012584
2.7059e-05 7.0456e-07 1.3858e-06 0.00043995 0.0012608
2.9475e-05 7.1291e-07 1.5261e-06 0.00044161 0.0012632
3.1985e-05 7.2268e-07 1.6912e-06 0.00044331 0.0012657
3.4446e-05 7.2905e-07 1.8414e-06 0.00044499 0.0012681
3.6861e-05 7.3208e-07 1.9779e-06 0.00044665 0.0012705
3.9355e-05 7.3601e-07 2.1375e-06 0.00044834 0.0012729
4.1797e-05 7.3642e-07 2.2811e-06 0.00045001 0.0012753
4.4193e-05 7.3352e-07 2.4114e-06 0.00045166 0.0012777
4.6544e-05 7.2728e-07 2.529e-06 0.00045329 0.0012801
4.885e-05 7.1767e-07 2.6342e-06 0.00045491 0.0012824
5.1245e-05 7.0942e-07 2.7632e-06 0.00045655 0.0012848
5.3728e-05 7.0235e-07 2.7631e-06 0.00045818 0.0012872
5.6304e-05 6.9642e-07 2.7772e-06 0.00045982 0.0012896
5.8823e-05 6.8694e-07 3.0999e-06 0.00046145 0.001292
6.1447e-05 6.7892e-07 3.1821e-06 0.0004631 0.0012945
6.4178e-05 6.7231e-07 3.2503e-06 0.00046479 0.0012969
6.7019e-05 6.6705e-07 3.34e-06 0.0004665 0.0012994
6.9963e-05 6.6278e-07 3.4511e-06 0.00046824 0.0013019
7.3012e-05 6.5948e-07 3.5863e-06 0.00047001 0.0013044
7.3714e-05 6.5743e-07 3.7489e-06 0.0004718 0.0013069
7.4385e-05 6.5175e-07 3.8922e-06 0.00047357 0.0013094
7.5098e-05 6.4731e-07 4.068e-06 0.00047537 0.0013119
7.578e-05 6.3925e-07 4.2235e-06 0.00047715 0.0013144
7.643e-05 6.2755e-07 4.3601e-06 0.00047891 0.0013169
7.7049e-05 6.1221e-07 4.4788e-06 0.00048065 0.0013194
7.771e-05 5.9816e-07 4.6278e-06 0.00048241 0.0013219
7.8417e-05 4.9637e-07 4.8115e-06 0.00048421 0.0013244
7.9089e-05 5.0928e-07 5.0308e-06 0.00048599 0.001327
7.9797e-05 5.2281e-07 5.2897e-06 0.00048779 0.0013295
8.0477e-05 5.3305e-07 5.5247e-06 0.00048958 0.0013321
8.1132e-05 5.4023e-07 5.7408e-06 0.00049135 0.0013346
8.1764e-05 5.4437e-07 5.9394e-06 0.0004931 0.0013371
8.2428e-05 5.489e-07 6.1712e-06 0.00049488 0.0013396
8.3065e-05 5.5024e-07 6.3825e-06 0.00049663 0.0013422
8.3735e-05 5.5197e-07 6.629e-06 0.00049842 0.0013447
8.4378e-05 5.505e-07 6.8538e-06 0.00050018 0.0013472
8.506e-05 5.497e-07 7.1209e-06 0.00050197 0.0013497
8.5781e-05 5.4961e-07 7.4376e-06 0.00050379 0.0013523
8.6544e-05 5.5029e-07 7.8137e-06 0.00050563 0.0013549
8.7345e-05 5.5152e-07 8.2527e-06 0.0005075 0.0013575
8.8118e-05 5.4951e-07 8.6554e-06 0.00050936 0.0013601
8.8937e-05 5.4845e-07 9.1377e-06 0.00051124 0.0013627
8.9721e-05 5.4385e-07 9.589e-06 0.0005131 0.0013653
9.0548e-05 5.4001e-07 9.9115e-06 0.00051499 0.0013679
9.1426e-05 5.3719e-07 1.0303e-05 0.00051691 0.0013705
9.2355e-05 5.3538e-07 1.0777e-05 0.00051886 0.0013731
9.3338e-05 5.3459e-07 1.1348e-05 0.00052079 0.0013758
9.4287e-05 5.3047e-07 1.1868e-05 0.00052269 0.0013785
9.5291e-05 5.2735e-07 1.2496e-05 0.00052463 0.0013811
9.635e-05 5.2523e-07 1.325e-05 0.0005266 0.0013839
9.7467e-05 5.241e-07 1.4153e-05 0.0005286 0.0013866
9.8644e-05 5.2397e-07 1.5238e-05 0.00053063 0.0013893
9.9883e-05 5.2484e-07 1.656e-05 0.0005327 0.0013921
0.00010119 5.2673e-07 1.8248e-05 0.0005348 0.0013949
0.00010255 5.2934e-07 2.0232e-05 0.00053694 0.0013976
0.00010397 5.3268e-07 2.2562e-05 0.0005391 0.0014004
0.00010536 5.3267e-07 2.3376e-05 0.00054125 0.0014032
0.0001067 5.2931e-07 2.4119e-05 0.00054337 0.001406
0.0001081 5.2668e-07 2.4998e-05 0.00054552 0.0014089
0.00011821 5.1991e-07 2.5876e-05 0.00054765 0.0014117
0.00012874 5.1415e-07 2.6754e-05 0.00054981 0.0014145
0.00013971 5.0938e-07 2.763e-05 0.00055201 0.0014174
0.00015044 5.0108e-07 2.8506e-05 0.00055419 0.0014202
0.00015448 5.0472e-07 2.9381e-05 0.0005564 0.001423
0.00015869 5.0931e-07 3.0255e-05 0.00055865 0.0014258
0.00016307 5.146e-07 3.1128e-05 0.00056092 0.0014287
0.00016761 5.2059e-07 3.2e-05 0.00056324 0.0014316
0.00017204 5.2303e-07 3.2872e-05 0.00056559 0.0014344
0.00017638 5.2215e-07 3.3742e-05 0.00056792 0.0014373
0.00018063 5.1793e-07 3.4612e-05 0.00057023 0.0014401
0.00018507 5.1471e-07 3.548e-05 0.00057257 0.001443
0.0001894 5.0795e-07 3.6348e-05 0.00057489 0.0014458
0.00019363 6.2445e-07 3.7215e-05 0.00057719 0.0014486
0.00019777 7.3524e-07 3.8081e-05 0.00057947 0.0014514
0.00020182 8.4042e-07 3.8947e-05 0.00058173 0.0014542
0.00020603 9.5085e-07 3.9811e-05 0.00058401 0.001457
0.00020693 1.0681e-06 4.0674e-05 0.00058634 0.0014599
0.00020777 1.8606e-06 4.1537e-05 0.00058864 0.0014627
0.00020857 2.6274e-06 4.2399e-05 0.00059092 0.0014655
0.00020932 3.3692e-06 4.326e-05 0.00059318 0.0014683
0.00021014 4.1546e-06 4.412e-05 0.00059547 0.0014712
0.00021103 4.9865e-06 4.4979e-05 0.00059779 0.001474
0.00021187 5.7912e-06 4.5837e-05 0.00060009 0.0014769
0.00021267 6.5697e-06 4.6695e-05 0.00060237 0.0014797
0.00021342 7.3226e-06 4.7552e-05 0.00060463 0.0014825
0.00021425 8.1204e-06 4.8407e-05 0.00060692 0.0014853
0.00021502 8.8919e-06 4.9262e-05 0.00060918 0.0014881
0.00021588 9.1082e-06 5.0116e-05 0.00061149 0.0014908
0.00021892 9.1917e-06 5.097e-05 0.00061377 0.0014936
0.00022186 9.2642e-06 5.1822e-05 0.00061609 0.0014964
0.00022492 9.3483e-06 5.2673e-05 0.00061845 0.0014992
0.00022813 9.4442e-06 5.3524e-05 0.00062084 0.001502
0.00023104 1.0299e-05 5.4374e-05 0.00062322 0.0015048
0.00023408 1.121e-05 5.5223e-05 0.00062562 0.0015077
