

Model 7: beta

TREE # 1

  0  0.0000  13489.360072  x:  2.00000   1.12876   1.55828  
  1 99.0000   7368.149598  x:  2.06745   0.05390   1.74798  
  2 5265.7686   7368.115115  x:  2.07293   0.05423   1.74800  
  3 12.6149   7362.656123  x:  3.05170   0.05292   1.41778  
  4 109.9454   7345.961655  x:  3.55937   0.05722   2.42596  
  5  0.1411   7273.096886  x: 12.07479   0.16900  18.70366  
  6  2.2964   7255.079908  x: 18.79523   0.21995  27.05246  
  7  1.3397   7220.808371  x: 79.47482   0.65404  99.00000  
  8 35.4473   6876.879091  x:  0.00010   0.08068  99.00000  
  9 278.0417   6811.441937  x:  0.00054   0.08069  99.00000  
 10 79.4765   6796.523390  x:  0.00054   0.12402  99.00000  
 11  0.0123   6796.523261  x:  0.00054   0.12400  99.00000  

Model 8: beta&w>1

TREE # 1

  0  0.0000  10322.821012  x:  0.00054   0.90000   0.89693   1.92089   2.64432  
  1 99.0000  10299.873624  x:  0.00010   0.89859   0.89537   1.92105   2.64438  
  2 11532.7007   7526.442377  x:  0.01444   0.29291   0.22440   1.99054   2.67268  
  3 232336.3726   7227.221878  x:  0.01386   0.42851   0.04816   2.00069   2.68627  
  4 2141.0871   6917.673830  x:  0.01199   0.69771   0.29995   5.95822   6.96479  
  5 143.6770   6789.913097  x:  0.01222   0.55463   0.26024   2.35825  12.76182  
  6 37.8969   6583.526587  x:  0.01242   0.78317   0.23486   3.88548  21.81881  
  7  3.0331   6379.630270  x:  0.01553   0.65374   0.14042   0.91845  34.32355  
  8  6.2407   6172.817441  x:  0.02284   0.62945   0.06962   2.08089  54.76976  
  9 10.5970   5986.733765  x:  0.03375   0.53441   0.35845   4.61393  91.91501  
 10 16.8432   5871.845064  x:  0.03505   0.73667   0.43323   5.95011  105.70430  
 11  7.0162   5738.722250  x:  0.07114   0.90522   0.83509   9.86980  249.13773  
 12 17.9360   5558.596556  x:  0.09581   0.82085   1.05062  11.21218  338.52341  
 13 181.5118   5399.862155  x:  0.18020   0.92257   1.89195  18.00394  661.25614  
 14 64.9903   5317.112134  x:  0.26985   0.90605   2.75394  24.29253  999.00000  
 15 104.9733   5317.112134  x:  0.26985   0.90605   2.75394  24.29253  999.00000  
 16 586.1087   5292.229574  x:  0.28231   0.93053   2.75451  24.29246  999.00000  
 17 1533.1396   5281.033178  x:  0.30211   0.92904   2.75510  24.29238  999.00000  
 18 694.2276   5240.150703  x:  0.39115   0.87492   7.66314  23.65354  999.00000  
 19 23.7857   5114.850670  x:  1.16006   0.90302   6.18156  24.62885  999.00000  
 20  0.5092   5098.308660  x:  1.29266   0.86923   7.68373  25.31429  999.00000  
 21  1.2239   5087.052727  x:  1.97359   0.86656   7.39206  24.61425  999.00000  
 22  0.1274   5086.429293  x:  2.06644   0.86195   7.78011  23.02969  999.00000  
 23  0.4701   5086.152948  x:  2.06414   0.86473   7.22643  21.38910  999.00000  
 24  0.2164   5077.005873  x:  1.99249   0.88433   1.20339   5.27448  999.00000  
 25  3.7839   5076.989308  x:  1.99228   0.88445   1.15871   5.14233  999.00000  
 26 131.0886   5066.401460  x:  2.01812   0.88400   0.34166   1.43373  999.00000  
 27  6.9846   5065.549459  x:  2.02344   0.88365   0.26037   1.00059  999.00000  
 28 24.8059   5062.694868  x:  2.02287   0.88216   0.24557   0.72813  999.00000  
 29  1.4466   5058.368393  x:  1.99237   0.87417   0.42189   1.32801  999.00000  
 30  0.4288   5056.132451  x:  2.08431   0.86431   0.37548   0.93786  999.00000  
 31  0.2437   5055.754137  x:  2.16778   0.86010   0.36002   0.91845  999.00000  
 32  0.0343   5055.662445  x:  2.19726   0.85877   0.33217   0.81211  999.00000  
 33  0.1220   5055.630364  x:  2.19322   0.85951   0.31878   0.79292  999.00000  
 34  0.0203   5055.628251  x:  2.17997   0.85976   0.31942   0.79496  999.00000  
 35  0.0081   5055.627879  x:  2.17802   0.85962   0.31875   0.79296  999.00000  
 36  0.0018   5055.627878  x:  2.17809   0.85961   0.31882   0.79312  999.00000  
 37  0.0002   5055.627878  x:  2.17810   0.85961   0.31881   0.79310  999.00000  