

Model 7: beta

TREE # 1

  0  0.0000  39978.867017  x:  2.00000   1.16742   1.00183  
  1 99.0000  20687.819491  x:  2.05868   0.10532   1.32824  
  2 24754.8209  20523.345759  x:  9.83366   0.28926   0.63764  
  3 101.0396  20364.411611  x: 11.46378   0.25750   0.26442  
  4 4925.4261  20303.869203  x: 11.58825   0.22341   0.16902  
  5  1.4966  20165.026413  x: 11.35236   0.15390   0.07524  
  6  2.5539  20147.501327  x: 11.35392   0.14763   0.07322  
  7  0.1432  20083.724439  x: 11.92127   0.12998   0.05315  
  8  1.5032  19922.765038  x: 15.06354   0.11515   0.04027  
  9  5.1742  18856.729380  x: 39.71511   0.08077   0.02261  
 10 72.5173  18654.140184  x: 44.86159   0.07998   0.02414  
 11 75.1727  18320.568416  x: 69.46862   0.06105   0.01564  
 12 10.9920  18260.509615  x: 78.10747   0.05989   0.01577  
 13 11.6760  18152.110504  x: 98.17470   0.04971   0.01194  
 14 29.6847  18018.979712  x: 173.90842   0.03247   0.00704  
 15 16.7781  18018.072760  x: 174.05822   0.03255   0.00707  
 16  9.2410  18011.543566  x: 191.81619   0.02917   0.00619  
 17 12.6776  18009.871497  x: 201.44395   0.02752   0.00577  
 18 18.2111  18005.434076  x: 223.71056   0.02426   0.00500  
 19 25.1579  18005.421990  x: 223.68413   0.02426   0.00500  
 20  1.6455  18005.408156  x: 224.49508   0.02426   0.00500  
 21  0.1014  18005.388812  x: 226.83666   0.02426   0.00500  
 22  1.6579  18005.381456  x: 227.24872   0.02426   0.00500  
 23  0.2875  18005.381456  x: 227.24795   0.02426   0.00500  
 24  0.0844  18005.381456  x: 227.24795   0.02426   0.00500  
 25  0.0793  18005.381456  x: 227.24795   0.02426   0.00500  
 26  0.0039  18005.381456  x: 227.24795   0.02426   0.00500  
check convergence!


Model 8: beta&w>1

TREE # 1

  0  0.0000  21742.282455  x: 227.24795   0.90000   0.84850   1.52292   2.25089  
  1 99.0000  17516.829871  x: 227.24796   0.55059   0.10751   1.61934   2.27102  
  2 16158.0401  17510.543745  x: 227.24790   0.58051   0.09404   1.62523   2.29544  
  3 280.2384  17305.017374  x: 227.24267   0.77205   0.15597   2.56434   4.49800  
  4 311.3400  16811.149068  x: 227.21966   0.43629   0.13883   0.51621   9.75167  
  5 253.3216  16386.657166  x: 226.13071   0.24854   0.17670   0.15779  15.28051  
  6 10.2664  16025.977981  x: 225.10901   0.09739   0.22181   0.14899  20.21717  
  7 167.2754  13961.296769  x: 216.70590   0.02720   0.46976   1.13123  54.63505  
  8 15.0938  12264.516466  x: 204.30211   0.44779   0.75086   2.40665  102.39694  
  9 75.2923  11579.510141  x: 177.40066   0.40172   1.06750   3.13311  154.16944  
 10  7.2937  10626.196490  x:  7.75180   0.21893   2.90266   7.43136  454.44029  
 11 47.0012  10626.196490  x:  7.75180   0.21893   2.90266   7.43136  454.44029  
 12 495.2614   9838.330911  x:  7.74829   0.66498   2.91398   7.42563  454.44013  
 13 3344.9612   9682.855467  x:  2.71745   0.63273   4.23063   5.71079  454.53297  
 14 38.2798   9672.253054  x:  2.08822   0.64302   3.87967   5.75037  454.55230  
 15 45.8842   9610.221513  x:  1.81916   0.69107   1.40849   4.08905  454.78973  
 16  9.1951   9607.374032  x:  1.79629   0.69611   1.12514   3.73656  454.82273  
 17 23.6968   9579.133886  x:  2.03549   0.73336   0.58199   2.28326  455.51440  
 18  2.1603   9549.263986  x:  2.21674   0.73206   0.34269   0.87392  456.22328  
 19  4.0189   9543.200646  x:  2.32584   0.71409   0.36358   0.70902  456.46054  
 20  0.8851   9539.287798  x:  2.33980   0.70165   0.43251   0.92539  456.59717  
 21  0.9883   9536.338780  x:  2.30875   0.69085   0.33580   0.72223  456.79580  
 22  2.0467   9535.571326  x:  2.20282   0.68838   0.35047   0.70623  457.86704  
 23  0.6386   9531.351586  x:  2.20257   0.68906   0.32359   0.64236  465.70319  
 24  0.9796   9479.183973  x:  2.39190   0.73586   0.14117   0.19789  635.28704  
 25 108.5774   9410.487856  x:  2.51243   0.85111   0.34149   0.92025  999.00000  
 26 236.3214   9404.843999  x:  2.50077   0.83419   0.34721   0.88530  999.00000  
 27  0.2305   9393.772891  x:  2.47078   0.82985   0.42641   0.74091  999.00000  
 28  0.1399   9391.417373  x:  2.54568   0.82502   0.36166   0.53565  999.00000  
 29  0.1088   9390.148916  x:  2.57217   0.82443   0.29729   0.46604  999.00000  
 30  0.0900   9390.139986  x:  2.55779   0.82462   0.29931   0.47371  999.00000  
 31  0.0195   9390.138509  x:  2.55161   0.82460   0.29844   0.47117  999.00000  
 32  0.0077   9390.138507  x:  2.55164   0.82460   0.29850   0.47121  999.00000  
 33  0.0001   9390.138507  x:  2.55166   0.82460   0.29849   0.47119  999.00000  