Rhinoceros_unicornis Tapirus_indicus Tapirus_terrestris
0.0026144 0.00025047 0.00070243
0.0026091 0.00024654 0.00070146
0.0026041 0.00024265 0.00070053
0.0025989 0.00023873 0.00069958
0.002594 0.00023486 0.00069867
0.0025889 0.00023096 0.00069774
0.0025841 0.0002271 0.00069686
0.0025791 0.00022322 0.00069595
0.002574 0.00021929 0.00069501
0.0025687 0.00021534 0.00069404
0.0025634 0.00021145 0.00069313
0.0025579 0.00020753 0.0006922
0.0025522 0.00020366 0.00069132
0.0025464 0.0002037 0.00069003
0.0025404 0.00020375 0.0006888
0.0025342 0.00020378 0.00068754
0.0025283 0.00020384 0.00068634
0.0025223 0.00020387 0.0006851
0.0025161 0.00020388 0.00068383
0.0025102 0.00020396 0.00067819
0.0025045 0.00020406 0.0006727
0.0024987 0.00020413 0.00066714
0.0024927 0.00020419 0.00066149
0.0024866 0.00020423 0.00065578
0.0024803 0.00020429 0.00065021
0.0024743 0.00020436 0.00064478
0.0024686 0.00020445 0.0006395
0.0024631 0.00020456 0.00063434
0.0024575 0.00020465 0.00062911
0.0024517 0.00020472 0.00062381
0.0024273 0.00020477 0.00061843
0.0024037 0.00020483 0.0006132
0.0023807 0.00020492 0.0006081
0.0023585 0.00020502 0.00060315
0.0023368 0.00020514 0.00059832
0.0023148 0.00020524 0.00059342
0.0022925 0.00020532 0.00058846
0.0022699 0.00020543 0.00058364
0.002248 0.00020555 0.00057893
0.0022266 0.00020564 0.00057417
0.0022049 0.00020576 0.00056952
0.0021838 0.00020589 0.00056498
0.0021633 0.00020604 0.00056056
0.0021425 0.00020617 0.00055609
0.0021223 0.00020631 0.00055172
0.0021026 0.00020648 0.00054747
0.0020827 0.00020662 0.00054316
0.0020632 0.00020678 0.00053895
0.0020435 0.00020692 0.00053469
0.0020243 0.00020708 0.00053054
0.0020049 0.00020722 0.00052634
0.001986 0.00020738 0.00052223
0.0019668 0.00020751 0.00051807
0.001948 0.00020767 0.000514
0.0019291 0.0002078 0.0005099
0.00191 0.00020792 0.00050576
0.0018913 0.00020805 0.00050171
0.0018724 0.00020817 0.00049761
0.001854 0.0002083 0.00049361
0.0018354 0.00020842 0.00048958
0.0018174 0.00020856 0.00048564
0.001799 0.00020867 0.00048166
0.0017805 0.00020877 0.00047763
0.0017818 0.00020885 0.00047356
0.0017831 0.00020891 0.00046943
0.0017842 0.00020895 0.00046524
0.0017851 0.00020897 0.00046099
0.0017859 0.00020897 0.00045669
0.001787 0.00020896 0.00045234
0.0017879 0.00020892 0.00044794
0.001789 0.00020891 0.00044366
0.00179 0.00020888 0.00043934
0.0017913 0.00020886 0.00043511
0.0017924 0.00020883 0.00043084
0.0017934 0.00020878 0.00042651
0.0017943 0.00020871 0.00042213
0.0017954 0.00020866 0.00041788
0.0017964 0.00020858 0.00041356
0.0017975 0.00020853 0.00040935
0.0017989 0.00020849 0.00040525
0.0017986 0.00020848 0.00040126
0.0017986 0.00020848 0.00039737
0.0017984 0.00020846 0.00039343
0.0017984 0.00020846 0.00038958
0.0017983 0.00020844 0.00038569
0.0017981 0.0002084 0.00038175
0.0017978 0.00020835 0.00037776
0.0017977 0.00020831 0.00037388
0.0017975 0.00020825 0.00036995
0.0017975 0.00020822 0.00036612
0.0017973 0.00020816 0.00036224
0.0017971 0.00020808 0.00035831
0.0017968 0.00020799 0.00035433
0.0017966 0.00020791 0.00035047
0.0017964 0.00020782 0.00034654
0.0017963 0.0002077 0.00034257
0.0017965 0.00020761 0.0003387
0.0017965 0.00020749 0.00033479
0.0017968 0.0002074 0.00033099
0.0017973 0.00020733 0.00032729
0.0017977 0.00020723 0.00032354
0.0017982 0.00020716 0.00031989
0.0017987 0.00020707 0.00031619
0.0017994 0.00020699 0.00031259
0.0017999 0.0002069 0.00030895
0.0018007 0.00020682 0.00030538
0.0018013 0.00020672 0.00030177
0.0018021 0.0002066 0.00029811
0.0018028 0.00020647 0.00029442
0.0017912 0.00020635 0.00029081
0.0017794 0.00020622 0.00028717
0.0017679 0.0002061 0.00028361
0.0017563 0.00020597 0.00028001
0.0017446 0.00020582 0.00027639
0.0017331 0.00020568 0.00027284
0.0017216 0.00020556 0.00026937
0.0017103 0.00020545 0.00026595
0.0016989 0.00020532 0.00026251
0.0016875 0.00020519 0.00025905
0.0016759 0.00020504 0.00025557
0.0016643 0.00020487 0.00025207
0.0016529 0.00020472 0.00024863
0.0016417 0.00020458 0.00024525
0.0016308 0.00020445 0.00024193
0.0016198 0.0002043 0.00023859
0.001609 0.00020417 0.00023531
0.0015982 0.00020402 0.00023201
0.0015875 0.00020389 0.00022876
0.0015768 0.00020374 0.00022549
0.001566 0.00020358 0.00022221
0.0015555 0.00020343 0.00021899
0.0015448 0.00020326 0.00021575
0.0015344 0.00020311 0.00021256
0.0015242 0.00020297 0.00020943
0.0015142 0.00020283 0.00020634
0.0015042 0.00020269 0.00020324
0.0014943 0.00020255 0.00020019
0.0014844 0.0002024 0.00019712
0.0014744 0.00020224 0.00019404
0.0014646 0.00020209 0.000191
0.0014547 0.00020193 0.00018796
0.0014448 0.00020176 0.00018489
0.001435 0.00020159 0.00018188
0.0014252 0.00020141 0.00017884
0.0014153 0.00020122 0.00017579
0.0014056 0.00020104 0.00017279
0.0013958 0.00020085 0.00016977
0.001386 0.00020065 0.00016674
0.0013764 0.00020043 0.00016368
0.0013667 0.00020022 0.00016068
0.0013572 0.00020003 0.00015774
0.0013479 0.00019984 0.00015484
0.0013386 0.00019964 0.00015192
0.0013291 0.00019943 0.00014899
0.0013199 0.00019923 0.0001461
0.0013105 0.00019901 0.00014319
0.0013011 0.00019881 0.00014034
0.0012917 0.0001986 0.00013747
0.0012824 0.00019839 0.00013465
0.0012733 0.00019819 0.00013188
0.0012644 0.00019801 0.00012915
0.0012554 0.00019781 0.0001264
0.0012466 0.00019762 0.00012369
0.0012377 0.00019741 0.00012097
0.001229 0.00019722 0.00011829
0.0012203 0.00019701 0.0001156
0.0012115 0.0001968 0.0001129
0.0012027 0.00019657 0.00011019
0.001194 0.00019635 0.00010751
0.0011854 0.00019614 0.00010488
0.0011768 0.00019592 0.00010223
0.0011682 0.00019568 9.9564e-05
0.0011595 0.00019544 9.6888e-05
0.0011509 0.0001952 9.4251e-05
0.0011423 0.00019495 9.1602e-05
0.0011339 0.00019472 8.8996e-05
0.0011257 0.00019449 8.6433e-05
0.0011176 0.00019427 8.3911e-05
0.0011095 0.00019404 8.1377e-05
0.0011015 0.00019382 7.8885e-05
0.0010937 0.0001936 7.6432e-05
0.0010861 0.0001934 7.4019e-05
0.0010786 0.00019321 7.164e-05
0.0010711 0.000193 6.9248e-05
0.0010637 0.0001928 6.6889e-05
0.0010564 0.00019261 6.4563e-05
0.0010493 0.00019242 6.227e-05
0.0010422 0.00019223 5.9966e-05
0.0010349 0.00019202 5.7649e-05
0.0010276 0.0001918 5.5321e-05
0.0010205 0.00019159 5.3026e-05
0.0010133 0.00019137 5.0719e-05
0.0010063 0.00019116 4.8449e-05
0.0009992 0.00019095 4.6217e-05
0.00099205 0.00019074 4.3971e-05
0.00098485 0.00019051 4.1711e-05
0.0009778 0.0001903 3.9489e-05
0.00097069 0.00019 3.9473e-05
0.00096353 0.00018969 3.9452e-05
0.00095653 0.00018938 3.9436e-05
0.00094965 0.00018909 3.9425e-05
0.00094292 0.0001888 3.9419e-05
0.00093612 0.00018851 3.9407e-05
0.00092947 0.00018822 3.9401e-05
0.00092297 0.00018794 3.94e-05
0.00091641 0.00018765 3.9393e-05
0.00090998 0.00018736 3.9391e-05
0.0009035 0.00018707 3.9384e-05
0.00089715 0.00018678 3.9382e-05
0.00089092 0.0001865 3.9384e-05
0.00088464 0.00018623 3.9391e-05
0.0008783 0.00018595 3.9392e-05
0.0008719 0.00018565 3.9387e-05
0.00086565 0.00018537 3.9388e-05
0.00085934 0.00018507 3.9383e-05
0.00085319 0.00018478 3.9385e-05
0.00084717 0.0001845 3.9392e-05
0.00084129 0.00018424 3.9405e-05
0.00083552 0.00018398 3.9423e-05
0.00082989 0.0001837 3.9434e-05
0.00082439 0.00018344 3.9452e-05
0.00081904 0.00018318 3.9476e-05
0.0008138 0.00018294 3.9505e-05
0.00080851 0.00018268 3.9528e-05
0.00080314 0.00018241 3.9544e-05
0.00079771 0.00018215 3.9568e-05
0.00079221 0.00018188 3.9585e-05
0.00078665 0.00018162 3.9609e-05
0.00078124 0.00018138 3.9641e-05
0.00077596 0.00018114 3.9679e-05
0.00077062 0.00018089 3.971e-05
0.00076521 0.00018063 3.9734e-05
0.00075992 0.00018037 3.9765e-05
0.00075457 0.0001801 3.9788e-05
0.00074916 0.00017982 3.9805e-05
0.00074389 0.00017955 3.9829e-05
0.00073874 0.00017929 3.9859e-05
0.00073353 0.00017904 3.9897e-05
0.00072825 0.00017878 3.9928e-05
0.0007231 0.00017853 3.9965e-05
0.00071806 0.00017829 4.0008e-05
0.00071297 0.00017804 4.0044e-05
0.00070783 0.00017777 4.0075e-05
0.00070279 0.00017751 4.0111e-05
0.00069771 0.00017724 4.0141e-05
0.00069272 0.00017698 4.0176e-05
0.00068768 0.0001767 4.0204e-05
0.0006826 0.00017642 4.0227e-05
0.00067746 0.00017612 4.0244e-05
0.00067243 0.00017583 4.0267e-05
0.00066736 0.00017552 4.0284e-05
0.0006624 0.00017523 4.0307e-05
0.0006574 0.00017493 4.0325e-05
0.00065252 0.00017463 4.0348e-05
0.00064758 0.00017433 4.0366e-05
0.00064276 0.00017403 4.039e-05
0.00063789 0.00017372 4.0408e-05
0.00063297 0.0001734 4.042e-05
0.00062817 0.00017309 4.0438e-05
0.00062331 0.00017276 4.045e-05
0.00061804 0.00017245 4.0469e-05
0.00061271 0.00017213 4.0482e-05
0.00060749 0.00017181 4.0499e-05
0.00060221 0.00017148 4.0511e-05
0.00059704 0.00017115 4.0527e-05
0.00059182 0.00017082 4.0538e-05
0.0005867 0.00017049 4.0553e-05
0.00058152 0.00017015 4.0563e-05
0.0005763 0.0001698 4.0567e-05
0.00057102 0.00016944 4.0565e-05
0.0005657 0.00016906 4.0557e-05
0.00056051 0.0001687 4.0556e-05
0.00055526 0.00016832 4.0549e-05
0.00055012 0.00016795 4.0548e-05
0.00054492 0.00016757 4.054e-05
0.00053984 0.0001672 4.0538e-05
0.0005347 0.00016681 4.053e-05
0.00052968 0.00016641 4.0516e-05
0.00052462 0.00016603 4.0507e-05
0.00051951 0.00016563 4.0493e-05
0.00051449 0.00016523 4.0483e-05
0.00050943 0.00016483 4.0468e-05
0.00050432 0.00016441 4.0447e-05
0.00049932 0.00016398 4.042e-05
0.00049443 0.00016356 4.0399e-05
0.00048964 0.00016315 4.0384e-05
0.00048481 0.00016273 4.0363e-05
0.00048009 0.00016231 4.0347e-05
0.00047531 0.00016189 4.0326e-05
0.00047049 0.00016145 4.03e-05
0.00046576 0.00016102 4.0278e-05
0.00046111 0.00016059 4.026e-05
0.00045642 0.00016016 4.0237e-05
0.00045183 0.00015973 4.022e-05
0.00044719 0.00015929 4.0196e-05
0.0004425 0.00015884 4.0168e-05
0.00043792 0.0001584 4.0144e-05
0.00043329 0.00015796 4.0126e-05
0.00042862 0.00015751 4.0102e-05
0.00042405 0.00015708 4.0083e-05
0.00041943 0.00015663 4.0059e-05
0.0004149 0.00015618 4.004e-05
0.00041033 0.00015573 4.0015e-05
0.00040584 0.00015528 3.9995e-05
0.0004013 0.00015482 3.9969e-05
0.00039671 0.00015435 3.9937e-05
0.00039223 0.00015388 3.9911e-05
0.00038783 0.00015343 3.9891e-05
0.00038354 0.00015298 3.9877e-05
0.00037933 0.00015254 3.9868e-05
0.00037507 0.00015209 3.9852e-05
0.0003709 0.00015165 3.9844e-05
0.00036682 0.0001512 3.9829e-05
0.00036283 0.00015075 3.9819e-05
0.00035892 0.00015031 3.9816e-05
0.0003551 0.00014988 3.9818e-05
0.00035137 0.00014953 3.8745e-05
0.00034774 0.00014918 3.7691e-05
0.00034405 0.00014882 3.6626e-05
0.00034044 0.00014846 3.5579e-05
0.00033679 0.0001481 3.4521e-05
0.00033308 0.00014772 3.3454e-05
0.00032933 0.00014735 3.2406e-05
0.00032552 0.00014689 3.266e-05
0.00032179 0.00014645 3.292e-05
0.00031814 0.00014601 3.3187e-05
0.00031446 0.00014556 3.3448e-05
0.00031085 0.00014512 3.3715e-05
0.00030721 0.00014466 3.3976e-05
0.00030352 0.0001442 3.4231e-05
0.00029979 0.00014372 3.4481e-05
0.00029614 0.00014325 3.4737e-05
0.00029245 0.00014277 3.4986e-05
0.00028883 0.0001423 3.5243e-05
0.00028529 0.00014184 3.5504e-05
0.0002817 0.00014136 3.576e-05
0.00027807 0.00014087 3.6009e-05
0.00027452 0.00014039 3.6266e-05
0.00027104 0.00013991 3.6528e-05
0.00026762 0.00013945 3.6796e-05
0.00026428 0.00013899 3.7072e-05
0.00026102 0.00013854 3.7355e-05
0.00025771 0.00013808 3.7631e-05
0.00025447 0.00013763 3.7914e-05
0.0002512 0.00013716 3.8191e-05
0.00024787 0.00013668 3.8461e-05
0.00024451 0.00013619 3.8725e-05
0.0002411 0.00013569 3.8982e-05
0.00023777 0.00013519 3.9247e-05
0.0002344 0.00013468 3.9505e-05
0.00023109 0.00013419 3.977e-05
0.00022785 0.00013369 4.0042e-05
0.00022457 0.00013319 4.0307e-05
0.00022135 0.00013269 4.0579e-05
0.00021808 0.00013218 4.0843e-05
0.00021488 0.00013168 4.1115e-05
0.00021164 0.00013116 4.1379e-05
0.00020846 0.00013065 4.1651e-05
0.00020535 0.00013015 4.1931e-05
0.00020233 0.00012967 4.2222e-05
0.00019926 0.00012919 4.2522e-05
0.00019638 0.0001287 4.2812e-05
0.00019358 0.00012819 4.3094e-05
0.00019084 0.00012769 4.3385e-05
0.00018805 0.00012718 4.3667e-05
0.00018533 0.00012667 4.3958e-05
0.00018257 0.00012616 4.4243e-05
0.00017987 0.00012565 4.4537e-05
0.00017724 0.00012515 4.4839e-05
0.00017465 0.00012466 4.515e-05
0.00017203 0.00012416 4.5452e-05
0.00016947 0.00012366 4.5764e-05
0.00016687 0.00012315 4.6069e-05
0.00016431 0.00012265 4.6382e-05
0.00016172 0.00012214 4.6687e-05
0.0001591 0.00012163 4.7001e-05
0.00015643 0.00012111 4.7307e-05
0.00015373 0.00012058 4.7605e-05
0.00015107 0.00012006 4.7913e-05
0.00014837 0.00011952 4.8214e-05
0.00014573 0.00011899 4.8523e-05
0.00014306 0.00011845 4.8826e-05
0.00014043 0.00011792 4.9137e-05
0.00013785 0.00011739 4.9454e-05
0.00013531 0.00011687 4.9779e-05
0.00013281 0.00011635 5.0112e-05
0.00013027 0.00011582 5.0438e-05
0.00012779 0.0001153 5.0773e-05
0.00012528 0.00011477 5.1101e-05
0.00012281 0.00011424 5.1439e-05
0.00012038 0.00011372 5.1784e-05
0.00011792 0.00011319 5.2121e-05
0.0001155 0.00011267 5.2469e-05
0.00011305 0.00011213 5.2809e-05
0.00011056 0.00011158 5.3141e-05
0.00010813 0.00011104 5.3484e-05
0.00010573 0.0001105 5.3835e-05
0.0001033 0.00010998 5.4198e-05
0.00010091 0.00010946 5.4572e-05
9.8575e-05 0.00010895 5.4956e-05
9.6279e-05 0.00010845 5.535e-05
9.3942e-05 0.00010793 5.5735e-05
9.165e-05 0.00010742 5.613e-05
8.9314e-05 0.00010689 5.6516e-05
8.7034e-05 0.00010638 5.6915e-05
8.481e-05 0.00010588 5.7328e-05
8.2646e-05 0.00010535 5.7729e-05
8.0539e-05 0.00010484 5.8145e-05
7.8488e-05 0.00010434 5.8574e-05
7.6387e-05 0.00010383 5.8992e-05
7.4345e-05 0.00010332 5.9425e-05
7.235e-05 0.0001028 5.9848e-05
7.0311e-05 0.00010226 6.026e-05
6.8228e-05 0.00010171 6.0661e-05
6.61e-05 0.00010114 6.105e-05
6.3927e-05 0.00010056 6.1429e-05
6.1701e-05 9.9959e-05 6.1795e-05
5.942e-05 9.9369e-05 6.2175e-05
5.7092e-05 9.8763e-05 6.2544e-05
5.4715e-05 9.8141e-05 6.2902e-05
5.2288e-05 9.7531e-05 6.3275e-05
4.9811e-05 9.6905e-05 6.3636e-05
4.7284e-05 9.6263e-05 6.3986e-05
4.4701e-05 9.5603e-05 6.4324e-05
4.2179e-05 9.4956e-05 6.4677e-05
3.9599e-05 9.429e-05 6.5016e-05
3.6967e-05 9.3607e-05 6.5344e-05
3.4285e-05 9.2908e-05 6.566e-05
3.1542e-05 9.2191e-05 6.5963e-05
2.8862e-05 9.1456e-05 6.6253e-05
2.6122e-05 9.0702e-05 6.653e-05
2.3454e-05 8.9963e-05 6.6824e-05
2.0727e-05 8.9205e-05 6.7105e-05
1.8071e-05 8.8461e-05 6.7403e-05
1.5482e-05 8.7699e-05 6.7688e-05
1.2958e-05 8.695e-05 6.799e-05
1.2809e-05 8.6184e-05 6.8279e-05
1.3968e-05 8.5429e-05 6.8582e-05
1.5153e-05 8.4655e-05 6.8872e-05
1.6301e-05 8.3864e-05 6.9149e-05
1.7469e-05 8.3083e-05 6.944e-05
1.8664e-05 8.2316e-05 6.9749e-05
1.9822e-05 8.1532e-05 7.0044e-05
2.1005e-05 8.076e-05 7.0357e-05
2.2216e-05 8.0001e-05 7.0686e-05
2.339e-05 7.9225e-05 7.1003e-05
2.4591e-05 7.8461e-05 7.1337e-05
2.5818e-05 7.7709e-05 7.1687e-05
2.7066e-05 7.6966e-05 7.205e-05
2.8283e-05 7.6207e-05 7.2404e-05
2.9467e-05 7.5435e-05 7.2747e-05
3.0617e-05 7.4646e-05 7.3078e-05
3.1791e-05 7.3868e-05 7.3425e-05
3.2932e-05 7.3074e-05 7.3761e-05
3.4042e-05 7.2266e-05 7.4087e-05
3.5171e-05 7.1467e-05 7.4426e-05
3.6267e-05 7.0652e-05 7.4754e-05
3.7329e-05 6.9821e-05 7.5071e-05
3.8362e-05 6.8977e-05 7.5379e-05
3.9418e-05 6.8636e-05 7.4917e-05
4.0444e-05 6.8283e-05 7.4446e-05
4.1439e-05 6.7915e-05 7.3964e-05
4.2402e-05 6.7535e-05 7.3472e-05
4.3387e-05 6.716e-05 7.2995e-05
4.4343e-05 6.6773e-05 7.2508e-05
4.532e-05 6.6392e-05 7.2037e-05
4.6267e-05 6.5998e-05 7.1556e-05
4.7187e-05 6.5592e-05 7.1066e-05
4.8126e-05 6.5191e-05 7.0591e-05
4.9037e-05 6.4777e-05 7.0106e-05
4.9918e-05 6.4351e-05 6.9612e-05
5.0774e-05 6.3914e-05 6.911e-05
5.1644e-05 6.348e-05 6.8619e-05
5.2532e-05 6.3051e-05 6.8142e-05
5.3372e-05 6.2625e-05 6.7677e-05
5.4185e-05 6.2187e-05 6.7203e-05
5.4972e-05 6.1738e-05 6.6721e-05
5.5733e-05 6.1277e-05 6.6231e-05
5.6509e-05 6.082e-05 6.5753e-05
5.7295e-05 6.0365e-05 6.5284e-05
5.8059e-05 5.9899e-05 6.4809e-05
5.8837e-05 5.9436e-05 6.4345e-05
5.9629e-05 5.8975e-05 6.3891e-05
6.0399e-05 5.8505e-05 6.3432e-05
6.1182e-05 5.8037e-05 6.2982e-05
6.1976e-05 5.757e-05 6.2541e-05
6.2748e-05 5.7093e-05 6.2095e-05
6.3531e-05 5.6618e-05 6.1656e-05
6.4324e-05 5.6143e-05 6.1226e-05
6.5132e-05 5.567e-05 6.0806e-05
6.5916e-05 5.5188e-05 6.0379e-05
6.6676e-05 5.4694e-05 5.9946e-05
6.7413e-05 5.4191e-05 5.9506e-05
6.8164e-05 5.3689e-05 5.9076e-05
6.8926e-05 5.3188e-05 5.8654e-05
6.9664e-05 5.2677e-05 5.8225e-05
7.0379e-05 5.2156e-05 5.779e-05
7.1108e-05 5.1637e-05 5.7365e-05
7.1849e-05 5.1118e-05 5.6947e-05
7.2568e-05 5.059e-05 5.6524e-05
7.3263e-05 5.0052e-05 5.6094e-05
7.3936e-05 4.9503e-05 5.5659e-05
7.4586e-05 4.8945e-05 5.5218e-05
7.5249e-05 4.8388e-05 5.4784e-05
7.5927e-05 4.7833e-05 5.4361e-05
7.6623e-05 4.728e-05 5.3947e-05
7.7294e-05 4.6717e-05 5.3526e-05
7.794e-05 4.8325e-05 5.3019e-05
7.86e-05 4.9944e-05 5.2522e-05
7.9236e-05 5.1552e-05 5.2018e-05
7.989e-05 5.3144e-05 5.1507e-05
8.052e-05 5.4725e-05 5.0988e-05
8.1127e-05 5.6294e-05 5.0464e-05
8.1747e-05 5.7871e-05 4.9948e-05
8.238e-05 5.9457e-05 4.944e-05
8.3027e-05 6.105e-05 4.8941e-05
8.3687e-05 6.2652e-05 4.8451e-05
8.4322e-05 6.4242e-05 4.7953e-05
8.4974e-05 6.5843e-05 4.7465e-05
8.5604e-05 6.7432e-05 4.6972e-05
8.6251e-05 6.9032e-05 4.6487e-05
8.6915e-05 7.0642e-05 4.6012e-05
8.7557e-05 7.2262e-05 4.5545e-05
8.8174e-05 7.387e-05 4.5072e-05
8.8808e-05 7.5488e-05 4.4607e-05
8.9418e-05 7.7095e-05 4.4136e-05
9.0041e-05 7.871e-05 4.3673e-05
9.0682e-05 8.0337e-05 4.3218e-05
9.13e-05 8.1952e-05 4.2757e-05
9.1932e-05 8.3576e-05 4.2304e-05
9.2582e-05 8.5211e-05 4.1859e-05
9.3209e-05 8.6836e-05 4.1409e-05
9.3853e-05 8.8471e-05 4.0966e-05
9.4517e-05 9.0118e-05 4.0532e-05
9.5194e-05 9.1774e-05 4.0105e-05
9.5847e-05 9.3418e-05 3.9671e-05
9.6476e-05 9.5051e-05 3.9231e-05
9.7123e-05 9.6695e-05 3.88e-05
9.7747e-05 9.8328e-05 3.8362e-05
9.8386e-05 9.997e-05 3.7932e-05
9.9002e-05 0.0001016 3.7496e-05
9.9632e-05 0.00010324 3.7066e-05
0.00010024 0.00010487 3.663e-05
0.00010086 0.00010651 3.6201e-05
0.00010145 0.00010814 3.5766e-05
0.00010207 0.00010978 3.5338e-05
0.00010266 0.00011143 3.4918e-05
0.00010323 0.00011307 3.4493e-05
0.00010377 0.0001147 3.4061e-05
0.00010434 0.00011634 3.3637e-05
0.00010488 0.00011797 3.3207e-05
0.00010543 0.0001196 3.2783e-05
0.000106 0.00012125 3.2365e-05
0.00010655 0.00012289 3.1942e-05
0.00010707 0.00012452 3.1513e-05
0.00010756 0.00012613 3.1078e-05
0.00010803 0.00012773 3.0637e-05
0.00010853 0.00012935 3.0203e-05
0.00010903 0.00013097 2.9775e-05
0.00010951 0.00013258 2.9341e-05
0.00010997 0.00013418 2.8902e-05
0.00011045 0.0001358 2.8469e-05
0.00011094 0.00013742 2.8044e-05
0.00011146 0.00013906 2.7625e-05
0.00011195 0.00014069 2.7201e-05
0.00011247 0.00014233 2.6783e-05
0.00011296 0.00014396 2.636e-05
0.00011343 0.00014558 2.5932e-05
0.00011391 0.00014721 2.551e-05
0.00011441 0.00014885 2.5092e-05
0.00011488 0.00015048 2.4669e-05
0.00011538 0.00015213 2.4253e-05
0.00011585 0.00015376 2.3831e-05
0.0001163 0.00015538 2.3404e-05
0.00011676 0.00015701 2.2981e-05
0.00011724 0.00015865 2.2565e-05
0.00011771 0.00016029 2.2144e-05
0.00011818 0.00016193 2.1728e-05
0.00011868 0.00016359 2.1319e-05
0.00011916 0.00016524 2.0903e-05
0.00011961 0.00016688 2.0483e-05
0.00012004 0.0001685 2.0057e-05
0.00012044 0.00017011 1.9625e-05
0.00012086 0.00017174 1.92e-05
0.00012131 0.00017338 1.8781e-05
0.00012178 0.00017504 1.8368e-05
0.00012222 0.00017668 1.795e-05
0.00012264 0.00017832 1.7526e-05
0.00012304 0.00017994 1.7096e-05
0.00012345 0.00018157 1.6672e-05
0.00012384 0.00018319 1.6241e-05
0.00012419 0.00018479 1.5804e-05
0.00012457 0.00018642 1.5374e-05
0.00012499 0.00018806 1.4952e-05
0.00013419 0.00018969 1.4523e-05
0.00014329 0.0001913 1.4085e-05
0.00015258 0.00019292 1.3655e-05
0.00016175 0.00019453 1.3216e-05
0.00017081 0.00019612 1.2769e-05
0.00017977 0.00019769 1.2314e-05
0.00018893 0.00019928 1.1867e-05
0.00019834 0.00020089 1.1428e-05
0.00020763 0.00020249 1.0981e-05
0.00021715 0.0002041 1.0542e-05
0.00022655 0.0002057 1.0094e-05
0.00023617 0.00020732 9.6549e-06
0.00024566 0.00020891 9.2064e-06
0.0002554 0.0002104 9.3367e-06
0.00026504 0.00021186 9.461e-06
0.00027455 0.00021331 9.5792e-06
0.00028429 0.00021477 9.7003e-06
0.0002943 0.00021626 9.8249e-06
0.00030454 0.00021528 9.9957e-06
0.00031465 0.00021428 1.016e-05
0.00032501 0.0002133 1.0328e-05
0.00033562 0.00021234 1.0499e-05
0.00034647 0.0002114 1.0674e-05
0.00035724 0.00021044 1.0843e-05
0.00036791 0.00020947 1.1007e-05
0.00037882 0.00020851 1.1175e-05
0.00038997 0.00020757 1.1345e-05
0.00040135 0.00020664 1.1518e-05
0.00041263 0.0002057 1.1685e-05
0.00042384 0.00020474 1.1848e-05
0.00043528 0.0002038 1.2012e-05
0.00044663 0.00020284 1.2172e-05
0.00045821 0.0002019 1.2334e-05
0.00047 0.00020097 1.2498e-05
0.00048202 0.00020005 1.2664e-05
0.00049428 0.00019914 1.2834e-05
0.00050679 0.00019825 1.3006e-05
0.00051955 0.00019737 1.3182e-05
0.00053256 0.0001965 1.336e-05
0.0005458 0.00019564 1.354e-05
0.00055926 0.0001948 1.3723e-05
0.00057296 0.00019396 1.3907e-05
0.0005869 0.00019313 1.4094e-05
0.00060112 0.00019232 1.4285e-05
0.00061524 0.00019149 1.447e-05
0.00062964 0.00019067 1.4658e-05
0.00064434 0.00018987 1.485e-05
0.00065894 0.00018905 1.5036e-05
0.00067382 0.00018824 1.5226e-05
0.00068858 0.00018743 1.541e-05
0.00070365 0.00018662 1.5597e-05
0.00071902 0.00018582 1.5788e-05
0.0007343 0.00018502 1.5974e-05
0.00074989 0.00018422 1.6163e-05
0.00076576 0.00018344 1.6355e-05
0.00078191 0.00018266 1.655e-05
0.00079839 0.0001819 1.6749e-05
0.00081517 0.00018114 1.695e-05
0.00083183 0.00018038 1.7147e-05
0.00084884 0.00017962 1.7347e-05
0.0008662 0.00017885 1.754e-05
0.00088343 0.00017806 1.7728e-05
0.00090102 0.00017729 1.7921e-05
0.00091898 0.00017653 1.8117e-05
0.00093682 0.00017576 1.8308e-05
0.00095504 0.00017499 1.8502e-05
0.00097313 0.00017422 1.8692e-05
0.00099159 0.00017345 1.8885e-05
0.0010104 0.0001727 1.9082e-05
0.0010295 0.00017195 1.9282e-05
0.0010485 0.0001712 1.9476e-05
0.0010679 0.00017045 1.9675e-05
0.0010878 0.00016972 1.9879e-05
0.0011074 0.00016897 2.0076e-05
0.001127 0.00016821 2.0268e-05
0.001147 0.00016746 2.0465e-05
0.0011673 0.00016672 2.0665e-05
0.0011881 0.00016599 2.087e-05
0.0012087 0.00016525 2.1069e-05
0.0012298 0.00016452 2.1273e-05
0.0012506 0.00016381 2.1484e-05
0.001272 0.00016311 2.1701e-05
0.0012939 0.00016243 2.1924e-05
0.0013156 0.00016173 2.214e-05
0.0013378 0.00016104 2.2361e-05
0.0013605 0.00016036 2.2589e-05
0.0013837 0.0001597 2.2823e-05
0.0014068 0.00015902 2.305e-05
0.0014303 0.00015836 2.3283e-05
0.0014545 0.00015771 2.3522e-05
0.0014791 0.00015704 2.3755e-05
0.0015035 0.00015636 2.398e-05
0.0015285 0.00015569 2.4212e-05
0.0015541 0.00015504 2.4451e-05
0.0015795 0.00015436 2.4682e-05
0.0016055 0.00015371 2.4921e-05
0.0016312 0.00015303 2.5152e-05
0.0016576 0.00015238 2.5391e-05
0.0016837 0.00015173 2.5637e-05
0.0017095 0.00015107 2.5876e-05
0.001736 0.00015043 2.6122e-05
0.0017631 0.0001498 2.6377e-05
0.001791 0.00014918 2.664e-05
0.0018196 0.00014858 2.6909e-05
0.0018478 0.00014796 2.7172e-05
0.0018768 0.00014732 2.7425e-05
0.0019056 0.00014667 2.7672e-05
0.001935 0.00014602 2.7926e-05
0.0019651 0.00014539 2.8186e-05
0.0019958 0.00014477 2.8453e-05
0.0020271 0.00014416 2.8725e-05
0.002059 0.00014356 2.9004e-05
0.0020917 0.00014297 2.929e-05
0.0021252 0.00014239 2.9583e-05
0.0021594 0.00014182 2.9883e-05
0.0021934 0.00014123 3.0176e-05
0.0022271 0.00014064 3.0462e-05
0.0022616 0.00014005 3.0756e-05
0.0022958 0.00013945 3.1043e-05
0.0023307 0.00013886 3.1337e-05
0.0023664 0.00013827 3.1637e-05
0.0024027 0.0001377 3.1943e-05
0.0024397 0.00013713 3.2256e-05
0.0024775 0.00013657 3.2576e-05
0.0025162 0.00013603 3.2904e-05
0.0025546 0.00013547 3.3225e-05
0.0025938 0.00013492 3.3555e-05
0.0026328 0.00013435 3.3878e-05
0.0026726 0.0001338 3.4207e-05
0.0027132 0.00013323 3.4529e-05
0.0027546 0.00013266 3.4858e-05
0.002797 0.00013211 3.5195e-05
0.0028402 0.00013157 3.554e-05
0.0028843 0.00013103 3.5892e-05
0.0029291 0.0001305 3.625e-05
0.0029748 0.00012997 3.6615e-05
0.0030214 0.00012946 3.6988e-05
0.0030678 0.00012893 3.7355e-05
0.0031151 0.00012841 3.773e-05
0.0031622 0.00012788 3.8099e-05
0.0032091 0.00012734 3.8462e-05
0.0032568 0.0001268 3.8832e-05
0.0033055 0.00012627 3.921e-05
0.0033539 0.00012573 3.9582e-05
0.0034033 0.0001252 3.9962e-05
0.0034523 0.00012466 4.0334e-05
0.0035025 0.00012412 4.0716e-05
0.0035538 0.0001236 4.1109e-05
0.0036047 0.00012306 4.1492e-05
0.003655 0.0001225 4.1868e-05
0.003707 0.00012196 4.2255e-05
0.0037604 0.00012143 4.2656e-05
0.0038153 0.00012091 4.307e-05
0.0038717 0.00012041 4.3498e-05
0.0039276 0.00011992 4.3942e-05
0.0039851 0.00011945 4.4401e-05
0.0040417 0.00011899 4.4874e-05
0.0040999 0.00011854 4.5361e-05
0.0041574 0.00011807 4.5837e-05
0.0042165 0.00011762 4.6327e-05
0.0042774 0.00011718 4.6835e-05
0.0043402 0.00011675 4.736e-05
0.0044049 0.00011634 4.7904e-05
0.004424 0.00011595 4.8467e-05
0.0044428 0.00011553 4.9015e-05
0.0044622 0.00011513 4.9579e-05
0.0044822 0.00011474 5.0163e-05
0.004503 0.00011437 5.0767e-05
0.0045246 0.00011401 5.1392e-05
0.0045459 0.00011363 5.2003e-05
0.0045669 0.00011327 5.2633e-05
0.0045885 0.00011292 5.3281e-05
0.0046097 0.00011255 5.3916e-05
0.0046316 0.00011219 5.4572e-05
0.0046543 0.00011185 5.525e-05
0.0046765 0.00011149 5.5913e-05
0.0046996 0.00011115 5.6597e-05
0.0047234 0.00011082 5.7304e-05
0.004748 0.0001105 5.803e-05
0.0047722 0.00011016 5.8743e-05
0.0047971 0.00010983 5.9476e-05
0.0048228 0.00010952 6.0229e-05
0.0048481 0.00010919 6.0968e-05
0.0048742 0.00010887 6.1728e-05
0.0049012 0.00010856 6.2513e-05
0.0049291 0.00010827 6.3323e-05
0.0049578 0.00010799 6.4155e-05
0.004986 0.00010772 6.5015e-05
0.0050137 0.00010747 6.5904e-05
0.0050424 0.00010723 6.6821e-05
0.0050706 0.00010697 6.7719e-05
0.0050983 0.0001067 6.8602e-05
0.005127 0.00010644 6.9512e-05
0.0051552 0.00010619 7.0453e-05
0.0051843 0.00010596 7.1423e-05
0.005213 0.00010571 7.2377e-05
0.0052426 0.00010547 7.3356e-05
0.0052718 0.00010522 7.4319e-05
0.0053005 0.00010495 7.5266e-05
0.0053303 0.00010466 7.6191e-05
0.005361 0.00010438 7.7146e-05
0.0053928 0.00010411 7.8132e-05
0.0054256 0.00010386 7.9149e-05
0.0054595 0.00010363 8.0198e-05
0.0054944 0.0001034 8.1276e-05
0.0055303 0.00010315 8.2334e-05
0.0055674 0.00010292 8.3426e-05
0.0056055 0.0001027 8.4547e-05
0.0056449 0.00010245 8.5643e-05
0.0056838 0.00010219 8.6722e-05
0.0057239 0.00010195 8.7834e-05
0.0057654 0.00010168 8.8922e-05
0.005808 0.00010142 9.0044e-05
0.00585 0.00010115 9.1148e-05
0.0058933 0.00010089 9.2281e-05
0.0059377 0.00010064 9.3445e-05
0.0059833 0.0001004 9.4638e-05
0.0060284 0.00010014 9.5814e-05
0.0060749 9.9868e-05 9.6968e-05
0.0061228 9.9605e-05 9.8157e-05
0.0061719 9.9351e-05 9.9375e-05
0.0062223 9.9106e-05 0.00010062
0.006274 9.8869e-05 0.0001019
0.006325 9.8616e-05 0.00010316
0.0063755 9.8349e-05 0.0001044
0.0064274 9.8092e-05 0.00010568
0.0064806 9.7843e-05 0.00010698
0.0065354 9.7606e-05 0.00010833
0.0065896 9.7377e-05 0.0001097
0.0066451 9.7157e-05 0.00011111
0.0067001 9.6923e-05 0.0001125
0.0067544 9.6673e-05 0.00011387
0.0068104 9.6435e-05 0.00011529
0.0068679 9.6206e-05 0.00011673
0.0069271 9.5988e-05 0.00011822
0.0069879 9.5781e-05 0.00011975
0.0070506 9.5584e-05 0.00012132
0.0071148 9.5427e-05 0.0001214
0.0071782 9.5254e-05 0.00012147
0.0072434 9.5092e-05 0.00012156
0.0073105 9.4941e-05 0.00012167
0.0073796 9.48e-05 0.0001218
0.0073992 9.4644e-05 0.00012192
0.0074195 9.4496e-05 0.00012206
0.0074403 9.4357e-05 0.00012221
0.007462 9.4229e-05 0.00012238
0.0074833 9.4086e-05 0.00012255
0.0075043 9.3928e-05 0.0001227
0.007526 9.378e-05 0.00012287
0.0075486 9.3643e-05 0.00012306
0.0075708 9.3492e-05 0.00012324
0.0075937 9.3348e-05 0.00012344
0.0076174 9.3216e-05 0.00012366
0.0076419 9.3093e-05 0.0001239
0.0076671 9.2978e-05 0.00012416
0.0076919 9.2848e-05 0.0001244
0.0077175 9.273e-05 0.00012467
0.0077428 9.262e-05 0.00012496
0.0077452 9.2493e-05 0.00012523
0.0077481 9.2375e-05 0.00012552
0.0077507 9.2242e-05 0.0001258
0.0077314 9.2163e-05 0.00012488
0.0077126 9.2091e-05 0.00012398
0.0076945 9.2028e-05 0.00012311
0.0076768 9.1972e-05 0.00012226
0.0076597 9.1921e-05 0.00012143
0.0076424 9.1858e-05 0.00012059
0.0076255 9.18e-05 0.00011977
0.0076091 9.1746e-05 0.00011897
0.0075925 9.1681e-05 0.00011816
0.0075764 9.162e-05 0.00011737
0.0075601 9.1565e-05 0.00011659
0.0075442 9.1516e-05 0.00011584
0.0075282 9.1454e-05 0.00011508
0.0075127 9.1398e-05 0.00011433
0.0074975 9.1346e-05 0.0001136
0.0074823 9.1283e-05 0.00011287
0.0074669 9.1208e-05 0.00011212
0.0074519 9.1138e-05 0.00011139
0.0074373 9.1072e-05 0.00011068
0.0074231 9.101e-05 0.00010998
0.0074092 9.0952e-05 0.0001093
0.0073958 9.0897e-05 0.00010864
0.0073827 9.0846e-05 0.00010799
0.0073699 9.0798e-05 0.00010735
0.007357 9.0739e-05 0.0001067
0.0073445 9.0682e-05 0.00010607
0.0073322 9.0627e-05 0.00010545
0.0073203 9.0575e-05 0.00010484
0.0073082 9.0513e-05 0.00010423
0.0072965 9.0453e-05 0.00010363
0.0072847 9.0382e-05 0.00010302
0.0072727 9.0301e-05 0.0001024
0.0072612 9.0224e-05 0.0001018
0.0072499 9.0149e-05 0.00010121
0.0072385 9.0064e-05 0.00010061
0.0072274 8.9981e-05 0.00010002
0.0072163 8.9887e-05 9.9429e-05
0.0072054 8.9797e-05 9.8849e-05
0.0071949 8.9711e-05 9.8283e-05
0.0071848 8.9628e-05 9.773e-05
0.0071745 8.9535e-05 9.717e-05
0.0071641 8.943e-05 9.6603e-05
0.0071541 8.933e-05 9.6049e-05
0.0071439 8.9219e-05 9.5487e-05
0.0071341 8.911e-05 9.4937e-05
0.0071241 8.9006e-05 9.4401e-05
0.0071145 8.8906e-05 9.388e-05
0.0071052 8.8809e-05 9.337e-05
0.0070962 8.8716e-05 9.2873e-05
0.0070871 8.8611e-05 9.2367e-05
0.0070783 8.8511e-05 9.1876e-05
0.0070695 8.8416e-05 9.1399e-05
0.0070605 8.831e-05 9.0915e-05
0.0070518 8.8208e-05 9.0442e-05
0.007043 8.8094e-05 8.9961e-05
0.007034 8.7967e-05 8.9471e-05
0.007025 8.7829e-05 8.8971e-05
0.0070162 8.7696e-05 8.8487e-05
0.0070079 8.7568e-05 8.8017e-05
0.0069999 8.7447e-05 8.7562e-05
0.0069923 8.7331e-05 8.7122e-05
0.006985 8.7221e-05 8.6696e-05
0.0069781 8.7115e-05 8.6283e-05
0.0069715 8.7016e-05 8.5884e-05
0.0069652 8.6925e-05 8.5502e-05
0.0069588 8.6821e-05 8.511e-05
0.0069522 8.9488e-05 8.4561e-05
0.006946 9.2184e-05 8.4031e-05
0.0069402 9.4904e-05 8.3514e-05
0.0069341 9.7605e-05 8.2987e-05
0.0069284 0.00010033 8.2475e-05
0.0069226 0.00010304 8.1954e-05
0.0069171 0.00010578 8.1447e-05
0.0069119 0.00010853 8.0953e-05
0.0069066 0.00011128 8.0451e-05
0.0069016 0.00011404 7.9959e-05
0.0068965 0.00011679 7.9461e-05
0.0068913 0.00011952 7.8956e-05
0.006886 0.00012224 7.8443e-05
0.0068805 0.00012494 7.7923e-05
0.0068754 0.00012767 7.7414e-05
0.0068706 0.00013042 7.6916e-05
0.0068656 0.00013315 7.6411e-05
0.0068609 0.0001359 7.5916e-05
0.0068561 0.00013864 7.5414e-05
0.0068512 0.00014136 7.4905e-05
0.0068466 0.00014411 7.4406e-05
0.0068422 0.00014687 7.3917e-05
0.0068377 0.00014962 7.3422e-05
0.0068335 0.00015239 7.2936e-05
0.0068292 0.00015514 7.2443e-05
0.0068252 0.00015792 7.1961e-05
0.0068211 0.00016068 7.1473e-05
0.0068172 0.00016347 7.0996e-05
0.0068137 0.00016628 7.053e-05
0.00681 0.00016908 7.0058e-05
0.0068067 0.0001719 6.9597e-05
0.0068036 0.00017475 6.9146e-05
0.0068004 0.00017758 6.8689e-05
0.0067975 0.00018044 6.8241e-05
0.0067948 0.00018331 6.7802e-05
0.0067923 0.00018621 6.7371e-05
0.0067898 0.00018909 6.6935e-05
0.0067872 0.00019199 6.6507e-05
0.0067848 0.00019492 6.6088e-05
0.0067823 0.00019783 6.5662e-05
0.0067798 0.00020072 6.5229e-05
0.0067775 0.00020364 6.4807e-05
0.0067755 0.00020659 6.4392e-05
0.0067733 0.00020952 6.3972e-05
0.0067715 0.00021247 6.3561e-05
0.0067698 0.00021545 6.3158e-05
0.0067685 0.00021845 6.2765e-05
0.0067673 0.00022147 6.238e-05
0.0067664 0.00022452 6.2004e-05
0.0067658 0.0002276 6.1638e-05
0.0067655 0.00023071 6.1281e-05
0.0067654 0.00023384 6.0934e-05
0.0067652 0.00023696 6.0579e-05
0.0067649 0.00024011 6.0233e-05
0.0067649 0.00024328 5.9895e-05
0.0067648 0.00024643 5.955e-05
0.006765 0.00024961 5.9214e-05
0.006765 0.00025278 5.887e-05
0.006765 0.00025593 5.8521e-05
0.0067649 0.00025906 5.8166e-05
0.0067651 0.00026223 5.782e-05
0.0067655 0.00026543 5.7483e-05
0.0067659 0.00026861 5.714e-05
0.0067665 0.00027182 5.6805e-05
0.006767 0.00027501 5.6463e-05
0.0067674 0.00027819 5.6115e-05
0.0067678 0.00028135 5.5761e-05
0.0067684 0.00028454 5.5415e-05
0.0067692 0.00028776 5.5077e-05
0.0067364 0.00029101 5.4747e-05
0.0067034 0.00029424 5.4411e-05
0.006671 0.0002975 5.4083e-05
0.0066393 0.00030079 5.3763e-05
0.0066082 0.00030412 5.3452e-05
0.0065777 0.00030747 5.3149e-05
0.0065471 0.00031081 5.284e-05
0.0065163 0.00031414 5.2525e-05
0.0064853 0.00031744 5.2203e-05
0.006455 0.00032078 5.189e-05
0.0064245 0.00032411 5.157e-05
0.0063945 0.00032746 5.1259e-05
0.0063652 0.0003308 5.094e-05
0.0063365 0.00033416 5.0628e-05
0.0063082 0.00033755 5.0324e-05
0.0062805 0.00034097 5.0026e-05
0.0062533 0.00034442 4.9735e-05
0.0062266 0.0003479 4.9449e-05
0.0062003 0.0003514 4.9171e-05
0.0061739 0.00035489 4.8886e-05
0.0061474 0.00035836 4.8596e-05
0.0061214 0.00036187 4.8313e-05
0.0060959 0.00036541 4.8036e-05
0.0060708 0.00036898 4.7766e-05
0.0060462 0.00037257 4.7501e-05
0.0060221 0.0003762 4.7242e-05
0.0059983 0.00037985 4.6989e-05
0.0059745 0.00038349 4.6731e-05
0.0059505 0.00038711 4.6466e-05
0.0059269 0.00039077 4.6208e-05
0.0059039 0.00039446 4.5958e-05
0.0058814 0.00039819 4.5714e-05
0.0058587 0.0004019 4.5465e-05
0.005836 0.0004056 4.5211e-05
0.0058136 0.00040934 4.4962e-05
0.0057918 0.0004131 4.4721e-05
0.0057703 0.0004169 4.4485e-05
0.0057487 0.00042068 4.4243e-05
0.005727 0.00042445 4.3995e-05
0.0057057 0.00042825 4.3754e-05
0.005685 0.00043209 4.3521e-05
0.005664 0.00043592 4.3281e-05
0.005643 0.00043973 4.3036e-05
0.0056219 0.00044352 4.2784e-05
0.0056012 0.00044735 4.254e-05
0.0055804 0.00045117 4.229e-05
0.00556 0.00045502 4.2046e-05
0.0055401 0.00045891 4.1809e-05
0.00552 0.00046278 4.1566e-05
0.0055004 0.0004667 4.1331e-05
0.0054807 0.00047059 4.1089e-05
0.0054614 0.00047452 4.0853e-05
0.0054425 0.00047849 4.0624e-05
0.005424 0.00047739 4.0441e-05
0.0054053 0.00047628 4.0252e-05
0.0053871 0.00047518 4.0069e-05
0.0053687 0.00047407 3.988e-05
0.0053507 0.00047298 3.9696e-05
0.0053326 0.00047187 3.9507e-05
0.0053144 0.00047076 3.9311e-05
0.005296 0.00046962 3.911e-05
0.005278 0.00046851 3.8913e-05
0.0052599 0.00046738 3.8712e-05
0.0052421 0.00046627 3.8515e-05
0.0052243 0.00046515 3.8313e-05
0.0052067 0.00046404 3.8116e-05
0.0051896 0.00046296 3.7925e-05
0.0051724 0.00046186 3.7728e-05
0.0051551 0.00046075 3.7525e-05
0.0051381 0.00045966 3.7329e-05
0.005121 0.00045856 3.7126e-05
0.0051038 0.00045744 3.6918e-05
0.005087 0.00045634 3.6715e-05
0.0050701 0.00045523 3.6506e-05
0.0050534 0.00045413 3.6303e-05
0.0050368 0.00045302 3.6094e-05
0.0050204 0.00045194 3.5889e-05
0.0050044 0.00045087 3.5691e-05
0.0049887 0.00044981 3.5497e-05
0.0049729 0.00044875 3.5297e-05
0.0049575 0.0004477 3.5103e-05
0.0049424 0.00044668 3.4914e-05
0.0049272 0.00044564 3.4721e-05
0.0049124 0.00044462 3.4531e-05
0.0048979 0.00044362 3.4347e-05
0.0048837 0.00044264 3.4169e-05
0.0048698 0.00044168 3.3995e-05
0.0048563 0.00044074 3.3826e-05
0.0048431 0.00043981 3.3661e-05
0.0048301 0.00043891 3.3502e-05
0.0048175 0.00043802 3.3346e-05
0.0048048 0.00043711 3.3186e-05
0.0047923 0.00043623 3.3029e-05
0.0047801 0.00043536 3.2877e-05
0.0047682 0.00043451 3.2729e-05
0.0047566 0.00043367 3.2586e-05
0.0047449 0.00043282 3.2436e-05
0.0047331 0.00043196 3.2281e-05
0.0047216 0.00043112 3.2132e-05
0.0047104 0.00043029 3.1987e-05
0.0046995 0.00042949 3.1849e-05
0.004689 0.00042872 3.1717e-05
0.0046788 0.00042797 3.1592e-05
0.0046685 0.0004272 3.146e-05
0.0046581 0.00042641 3.132e-05
0.004648 0.00042565 3.1187e-05
0.0046383 0.00042491 3.1062e-05
0.0046284 0.00042415 3.0929e-05
0.0046183 0.00042338 3.0788e-05
0.0046086 0.00042263 3.0656e-05
0.0045994 0.00042191 3.0531e-05
0.0045899 0.00042117 3.0398e-05
0.0045801 0.0004204 3.0255e-05
0.0045709 0.00041966 3.0121e-05
0.0045614 0.0004189 2.9979e-05
0.0045524 0.00041818 2.9846e-05
0.0045431 0.00041749 2.9723e-05
0.0045336 0.00041683 2.961e-05
0.0045245 0.00041622 2.9506e-05
0.0045159 0.00041563 2.9412e-05
0.0045077 0.00041508 2.9326e-05
0.0044993 0.0004145 2.9232e-05
0.0044907 0.00041396 2.9146e-05
0.0044818 0.00041345 2.9069e-05
0.0044734 0.00041291 2.8982e-05
0.0044654 0.0004124 2.8903e-05
0.0044577 0.00041191 2.883e-05
0.0044498 0.0004114 2.8752e-05
0.0044423 0.00041092 2.8682e-05
0.0044352 0.00041047 2.862e-05
0.004428 0.00041 2.8551e-05
0.004421 0.00040956 2.8488e-05
0.0044145 0.00040915 2.8434e-05
0.0044083 0.00040876 2.8387e-05
0.0044019 0.00040836 2.8332e-05
0.0043954 0.00040793 2.8269e-05
0.0043886 0.00040748 2.8197e-05
0.0043823 0.00040705 2.8133e-05
0.0043762 0.00040665 2.8075e-05
0.0043699 0.00040628 2.8025e-05
0.004364 0.00040593 2.7979e-05
0.0043583 0.00040561 2.794e-05
0.0043526 0.00040526 2.7895e-05
0.0043471 0.00040494 2.7855e-05
0.0043415 0.00040461 2.7809e-05
0.0043362 0.00040429 2.7769e-05
0.0043307 0.00040396 2.7722e-05
0.0043256 0.00040365 2.768e-05
0.0043206 0.00040336 2.7642e-05
0.0043156 0.00040305 2.7598e-05
0.0043104 0.00040273 2.7549e-05
0.0043052 0.00040239 2.7494e-05
0.0043002 0.00040207 2.7443e-05
0.0042952 0.00040174 2.7386e-05
0.00429 0.00040139 2.7324e-05
0.0042847 0.00040103 2.7255e-05
0.0042794 0.00040065 2.7181e-05
0.0042742 0.00040029 2.7111e-05
0.0042693 0.00039994 2.7044e-05
0.0042646 0.00039961 2.6981e-05
0.0042601 0.0003993 2.6923e-05
0.0042559 0.00039901 2.6869e-05
0.0042519 0.00039874 2.6819e-05
0.0042478 0.00039845 2.6764e-05
0.0042439 0.00039818 2.6712e-05
0.0042399 0.00039789 2.6654e-05
0.0042358 0.00039759 2.6591e-05
0.004232 0.00039731 2.6532e-05
0.0042281 0.00039701 2.6468e-05
0.0042244 0.00039673 2.6408e-05
0.0042209 0.00039647 2.6352e-05
0.0041887 0.00039624 2.6302e-05
0.0041572 0.00039602 2.6257e-05
0.0041254 0.00039579 2.6206e-05
0.0040943 0.00039558 2.616e-05
0.004063 0.00039535 2.6106e-05
0.0040323 0.00039514 2.6059e-05
0.0040013 0.00039491 2.6003e-05
0.0039712 0.00039471 2.5955e-05
0.0039419 0.00039454 2.5914e-05
0.0039135 0.0003944 2.5882e-05
0.0038847 0.00039423 2.5841e-05
0.0038555 0.0003941 2.5808e-05
0.0038272 0.000394 2.5783e-05
0.0037984 0.00039387 2.5748e-05
0.0037691 0.00039371 2.5704e-05
0.0037408 0.00039359 2.5669e-05
0.0037134 0.0003904 2.5727e-05
0.0036867 0.00038725 2.5791e-05
0.0036608 0.00038416 2.5863e-05
0.0036345 0.00038103 2.5925e-05
0.003609 0.00037795 2.5996e-05
0.0035844 0.00037493 2.6076e-05
0.0035593 0.00037187 2.6146e-05
0.0035349 0.00036886 2.6223e-05
0.0035101 0.00036582 2.6292e-05
0.0034862 0.00036283 2.637e-05
0.003463 0.00035981 2.644e-05
0.0034395 0.00035675 2.65e-05
0.0034155 0.00035366 2.6551e-05
0.0033911 0.00035054 2.6593e-05
0.0033675 0.00034746 2.6643e-05
0.0033447 0.00034444 2.6702e-05
0.0033226 0.00034147 2.6769e-05
0.0033002 0.00033856 2.6846e-05
0.0032785 0.00033561 2.6913e-05
0.0032574 0.0003327 2.6987e-05
0.0032369 0.00032983 2.7068e-05
0.0032161 0.00032693 2.714e-05
0.0031959 0.00032408 2.722e-05
0.0031763 0.00032127 2.7308e-05
0.0031574 0.00031842 2.7386e-05
0.0031391 0.00031553 2.7455e-05
0.0031215 0.0003127 2.7533e-05
0.0031044 0.00030992 2.7619e-05
0.0030871 0.00030718 2.7715e-05
0.0030702 0.00030441 2.7802e-05
0.003053 0.00030169 2.7898e-05
0.0030365 0.00029902 2.8003e-05
0.0030204 0.00029639 2.8116e-05
0.0030048 0.00029379 2.8237e-05
0.0029889 0.00029117 2.8348e-05
0.0029728 0.00028858 2.8467e-05
0.0029572 0.00028604 2.8593e-05
0.002942 0.00028353 2.8728e-05
0.0029273 0.00028106 2.8871e-05
0.0029132 0.00027863 2.9024e-05
0.0028996 0.00027625 2.9187e-05
0.0028857 0.00027384 2.934e-05
0.0028723 0.00027147 2.9503e-05
0.0028586 0.00026907 2.9656e-05
0.0028447 0.00026663 2.98e-05
0.0028306 0.00026417 2.9932e-05
0.0028169 0.00026166 3.0055e-05
0.0028037 0.0002592 3.0185e-05
0.002791 0.0002567 3.0305e-05
0.0027787 0.00025424 3.0435e-05
0.0027662 0.00025175 3.0556e-05
0.0027534 0.00024924 3.0666e-05
0.0027411 0.00024668 3.0766e-05
0.0027286 0.00024409 3.0856e-05
0.0027158 0.00024489 3.0851e-05
0.0027034 0.00024572 3.0855e-05
0.0026916 0.00024657 3.0868e-05
0.0026801 0.00024745 3.0891e-05
0.0026691 0.00024836 3.0923e-05
0.0026583 0.00024929 3.0962e-05
0.0026474 0.00025019 3.0992e-05
0.0026368 0.00025112 3.103e-05
0.0026267 0.00025207 3.1077e-05
0.0026169 0.00025305 3.1133e-05
0.0026075 0.00025406 3.1199e-05
0.0025979 0.00025504 3.1256e-05
0.0025887 0.00025606 3.1322e-05
0.0025799 0.00025709 3.1396e-05
0.0025708 0.00025811 3.1461e-05
0.0025621 0.00025915 3.1536e-05
0.0025533 0.00026017 3.1603e-05
0.0025443 0.00026117 3.166e-05
0.0025351 0.0002622 3.1728e-05
0.0025257 0.0002632 3.1786e-05
0.0025167 0.00026423 3.1852e-05
0.0025074 0.00026523 3.1908e-05
0.0024985 0.00026626 3.1974e-05
0.0024899 0.00026731 3.2045e-05
0.0024815 0.00026838 3.2124e-05
0.0024731 0.00026944 3.2195e-05
0.0024645 0.00027047 3.2261e-05
0.0024558 0.0002715 3.232e-05
0.0024474 0.00027254 3.2384e-05
0.0024389 0.00027357 3.2443e-05
0.0024306 0.00027461 3.2507e-05
0.0024225 0.00027567 3.2575e-05
0.0024146 0.00027674 3.2648e-05
0.0024067 0.0002778 3.2715e-05
0.002399 0.00027887 3.2788e-05
0.0023914 0.00027996 3.2864e-05
0.0023838 0.00028104 3.2935e-05
0.0023764 0.00028213 3.301e-05
0.0023691 0.00028323 3.309e-05
0.0023618 0.00028432 3.3164e-05
0.0023546 0.00028542 3.3242e-05
0.0023477 0.00028654 3.3323e-05
0.0023409 0.00028767 3.341e-05
0.0023342 0.00028882 3.35e-05
0.0023278 0.00028998 3.3594e-05
0.0023215 0.00029115 3.3692e-05
0.0023151 0.00029231 3.3785e-05
0.002309 0.00029348 3.3883e-05
0.0023027 0.00029465 3.3976e-05
0.0022967 0.00029583 3.4073e-05
0.0022906 0.00029699 3.4164e-05
0.0022846 0.00029817 3.4261e-05
0.0022788 0.00029937 3.4362e-05
0.0022732 0.00030058 3.4467e-05
0.0022678 0.00030181 3.4578e-05
0.0022623 0.00030302 3.4683e-05
0.002257 0.00030426 3.4793e-05
0.0022516 0.00030548 3.4897e-05
0.0022461 0.00030668 3.4996e-05
0.0022408 0.0003079 3.5101e-05
0.0022355 0.00030911 3.52e-05
0.0022301 0.00031031 3.5293e-05
0.0022249 0.00031153 3.5391e-05
0.0022198 0.00031276 3.5495e-05
0.0022147 0.00031398 3.5593e-05
0.0022096 0.00031518 3.5687e-05
0.0022046 0.00031641 3.5785e-05
0.0021995 0.00031762 3.5879e-05
0.0021946 0.00031885 3.5977e-05
0.0021899 0.00032009 3.608e-05
0.0021854 0.00032136 3.6189e-05
0.002181 0.00032264 3.6303e-05
0.0021767 0.00032393 3.6421e-05
0.0021726 0.00032525 3.6544e-05
0.0021687 0.00032655 3.6662e-05
0.0021647 0.00032783 3.6774e-05
0.0021606 0.0003291 3.6881e-05
0.0021567 0.00033039 3.6993e-05
0.0021529 0.0003317 3.711e-05
0.0021493 0.00033302 3.7231e-05
0.0021458 0.00033436 3.7356e-05
0.0021422 0.00033568 3.7476e-05
0.0021388 0.00033702 3.7602e-05
0.0021356 0.00033838 3.7733e-05
0.0021323 0.00033973 3.7858e-05
0.0021291 0.00034109 3.7988e-05
0.0021259 0.00034244 3.8113e-05
0.0021228 0.00034381 3.8243e-05
0.0021199 0.00034519 3.8378e-05
0.0021171 0.0003466 3.8519e-05
0.0021143 0.00034799 3.8655e-05
0.0021116 0.0003494 3.8796e-05
0.0021089 0.0003508 3.8932e-05
0.0021063 0.00035222 3.9073e-05
0.0021038 0.00035365 3.922e-05
0.0021013 0.00035508 3.9361e-05
0.0020988 0.00035649 3.9497e-05
0.0020963 0.00035791 3.9638e-05
0.002094 0.00035936 3.9783e-05
0.0020917 0.00036079 3.9923e-05
0.0020895 0.00036223 4.0068e-05
0.0020872 0.00036367 4.0208e-05
0.0020851 0.00036512 4.0354e-05
0.0020831 0.0003666 4.0505e-05
0.0020813 0.00036809 4.0663e-05
0.0020794 0.00036958 4.0815e-05
0.0020774 0.00037104 4.0961e-05
0.0020756 0.00037253 4.1113e-05
0.0020738 0.000374 4.126e-05
0.0020719 0.00037546 4.14e-05
0.0020699 0.00037691 4.1534e-05
0.0020681 0.00037838 4.1675e-05
0.0020664 0.00037987 4.1825e-05
0.0020647 0.00038135 4.1967e-05
0.0020631 0.00038285 4.2118e-05
0.0020615 0.00038434 4.2261e-05
0.0020601 0.00038586 4.2414e-05
0.0020589 0.00038741 4.258e-05
0.0020579 0.000389 4.2755e-05
0.0020571 0.00039062 4.2939e-05
0.0020562 0.00039221 4.3113e-05
0.0020555 0.00039383 4.3299e-05
0.002055 0.00039549 4.3495e-05
0.0020544 0.00039713 4.368e-05
0.002054 0.00039879 4.3875e-05
0.0020535 0.00040043 4.406e-05
0.0020532 0.0004021 4.4257e-05
0.0020527 0.00040375 4.4445e-05
0.0020525 0.00040544 4.4642e-05
0.0020521 0.00040709 4.4829e-05
0.002052 0.00040879 4.5028e-05
0.0020521 0.00041186 4.4671e-05
0.0020523 0.00041498 4.4324e-05
0.0020527 0.00041814 4.3988e-05
0.0020533 0.00042134 4.3662e-05
0.0020537 0.00042451 4.3326e-05
0.0020544 0.00042772 4.3e-05
0.0020552 0.00043098 4.2685e-05
0.0020562 0.00043429 4.2381e-05
0.0020575 0.00043765 4.2087e-05
0.0020447 0.00044105 4.1803e-05
0.0020323 0.00044449 4.1527e-05
0.0020197 0.00044791 4.1242e-05
0.002007 0.00045129 4.0949e-05
0.0019941 0.00045465 4.0647e-05
0.0019811 0.00045799 4.0338e-05
0.001968 0.0004613 4.0021e-05
0.0019552 0.00046466 3.9712e-05
0.0019422 0.00046799 3.9396e-05
0.0019296 0.00047136 3.9088e-05
0.0019172 0.00047477 3.8789e-05
0.0019048 0.00047816 3.8482e-05
0.0018921 0.00048152 3.8167e-05
0.0018798 0.00048493 3.786e-05
0.0018678 0.00048838 3.7563e-05
0.0018562 0.00049189 3.7276e-05
0.0018449 0.00049545 3.7e-05
0.001834 0.00049906 3.6733e-05
0.0018229 0.00050273 3.6476e-05
0.0018116 0.00050636 3.621e-05
0.0018007 0.00051005 3.5953e-05
0.0017901 0.00051378 3.5706e-05
0.0017793 0.00051749 3.5449e-05
0.0017683 0.00052116 3.5184e-05
0.0017573 0.00052489 3.4927e-05
0.0017461 0.00052859 3.4662e-05
0.0017347 0.00053226 3.4389e-05
0.0017237 0.00053589 3.4107e-05
0.0017125 0.00053949 3.3815e-05
0.0017016 0.00054313 3.3531e-05
0.0016906 0.00054675 3.3239e-05
0.0016794 0.00055034 3.294e-05
0.0016685 0.00055398 3.2648e-05
0.0016575 0.00055759 3.2349e-05
0.0016468 0.00056125 3.2058e-05
0.0016363 0.00056495 3.1773e-05
0.0016261 0.00056869 3.1495e-05
0.001616 0.00057248 3.1223e-05
0.0016059 0.00057625 3.0945e-05
0.001596 0.00058005 3.0673e-05
0.0015861 0.00058384 3.0395e-05
0.0015763 0.00058767 3.0123e-05
0.0015668 0.00059154 2.9857e-05
0.0015575 0.00059545 2.9596e-05
0.0015481 0.00059935 2.933e-05
0.0015389 0.00060329 2.9069e-05
0.0015296 0.00060721 2.8803e-05
0.0015206 0.00061116 2.8541e-05
0.0015114 0.0006151 2.8274e-05
0.0015025 0.00061908 2.8011e-05
0.0014934 0.00062304 2.7743e-05
0.0014846 0.00062704 2.7479e-05
0.0014757 0.00063102 2.7211e-05
0.0014667 0.00063499 2.6937e-05
0.0014579 0.00063899 2.6667e-05
0.0014493 0.00064303 2.6402e-05
0.0014408 0.00064712 2.6142e-05
0.0014326 0.00065124 2.5886e-05
0.0014245 0.0006554 2.5634e-05
0.0014166 0.00065961 2.5387e-05
0.0014088 0.00066386 2.5144e-05
0.0014012 0.00066815 2.4906e-05
0.0013938 0.00067248 2.4672e-05
0.0013865 0.00067686 2.4442e-05
0.0013792 0.00068121 2.4207e-05
0.001372 0.00068561 2.3976e-05
0.0013648 0.00068999 2.3739e-05
0.0013575 0.00069435 2.3497e-05
0.0013503 0.00069876 2.3259e-05
0.0013433 0.0007032 2.3024e-05
0.0013363 0.00070763 2.2784e-05
0.0013292 0.00071204 2.2539e-05
0.0013222 0.0007165 2.2299e-05
0.0013152 0.00072093 2.2053e-05
0.0013084 0.00072542 2.1811e-05
0.0013014 0.00072988 2.1563e-05
0.0012947 0.00073439 2.132e-05
0.0012881 0.00073895 2.1082e-05
0.0012817 0.00074357 2.0849e-05
0.0012755 0.00074824 2.0621e-05
0.0012694 0.00075297 2.0397e-05
0.0012635 0.00075766 2.0166e-05
0.0012578 0.00076242 1.9942e-05
0.001252 0.00076715 1.971e-05
0.0012463 0.00077194 1.9484e-05
0.0012406 0.0007767 1.9252e-05
0.0012351 0.00078152 1.9025e-05
0.0012297 0.0007864 1.8802e-05
0.0012243 0.00079125 1.8573e-05
0.0012188 0.00079607 1.8338e-05
0.0012134 0.00080086 1.8096e-05
0.001208 0.00080562 1.7848e-05
0.0012028 0.00081044 1.7605e-05
0.0011975 0.00081524 1.7357e-05
0.0011921 0.00082002 1.7103e-05
0.0011869 0.00082486 1.6853e-05
0.0011818 0.00082975 1.6608e-05
0.0011769 0.0008347 1.6367e-05
0.0011721 0.00083971 1.613e-05
0.0011673 0.00084469 1.5888e-05
0.0011626 0.00084973 1.565e-05
0.001158 0.00085483 1.5415e-05
0.0011536 0.00085989 1.5174e-05
0.0011491 0.00086494 1.4929e-05
0.0011447 0.00087004 1.4687e-05
0.0011405 0.0008752 1.4449e-05
0.0011364 0.00088042 1.4214e-05
0.0011325 0.00088569 1.3982e-05
0.0011286 0.00089101 1.3753e-05
0.0011248 0.00089639 1.3527e-05
0.0011212 0.00090181 1.3302e-05
0.0011175 0.00090722 1.3073e-05
0.0011137 0.0009126 1.2839e-05
0.0011101 0.00091804 1.2608e-05
0.0011066 0.00092354 1.2379e-05
0.0011032 0.0009291 1.2154e-05
0.0010997 0.00093464 1.1924e-05
0.0010962 0.00094024 1.1697e-05
0.0010927 0.00094582 1.1464e-05
0.001089 0.00095138 1.1227e-05
0.0010854 0.00095692 1.0985e-05
0.0010819 0.00096252 1.0746e-05
0.0010784 0.00096817 1.0509e-05
0.0010751 0.00097388 1.0275e-05
0.0010717 0.00097957 1.0035e-05
0.0010684 0.00098531 9.7974e-06
0.0010652 0.00099112 9.5628e-06
0.001062 0.00099691 9.3232e-06
0.0010589 0.0010028 9.0861e-06
0.0010559 0.0010087 8.8508e-06
0.001053 0.0010146 8.6173e-06
0.0010502 0.0010206 8.3861e-06
0.0010475 0.0010268 7.0073e-06
0.0010449 0.001033 5.6488e-06
0.0010424 0.0010393 4.3075e-06
0.0010398 0.0010453 4.1959e-06
0.0010374 0.0010514 4.0843e-06
0.001035 0.0010576 3.9727e-06
0.0010328 0.0010638 3.8607e-06
0.0010305 0.00107 3.7444e-06
0.0010283 0.0010762 3.628e-06
0.0010262 0.0010825 3.5114e-06
0.0010241 0.0010889 3.3943e-06
0.0010222 0.0010953 3.2767e-06
0.0010202 0.0011017 3.1549e-06
0.0010184 0.0011082 3.033e-06
0.0010165 0.0011147 2.9068e-06
0.0010146 0.0011212 2.7799e-06
0.0010127 0.0011277 2.6489e-06
0.0010109 0.0011343 2.5172e-06
0.0010092 0.0011409 2.3852e-06
0.0010076 0.0011476 2.2528e-06
0.001006 0.0011543 2.1163e-06
0.0010045 0.001161 1.9794e-06
0.001003 0.0011678 1.8421e-06
0.0010016 0.0011747 1.7044e-06
0.0010004 0.0011817 1.5662e-06
0.0009992 0.0011887 1.4273e-06
0.00099797 0.0011957 1.2841e-06
0.0009967 0.0012024 1.3799e-06
0.0009954 0.0012091 1.4718e-06
0.00099419 0.0012159 1.5626e-06
0.00099294 0.0012181 1.8779e-06
0.00099164 0.0012204 2.1886e-06
0.00099031 0.0012226 2.4946e-06
0.00098906 0.0012248 2.8023e-06
0.0009879 0.0012271 3.1117e-06
0.00098669 0.0012294 3.4162e-06
0.00098544 0.0012316 3.7161e-06
0.00098415 0.0012339 4.0114e-06
0.00098296 0.0012362 4.3091e-06
0.00098185 0.0012385 4.6091e-06
0.00098084 0.0012409 4.9117e-06
0.00097992 0.0012433 5.2167e-06
0.00097908 0.0012457 5.5237e-06
0.0009782 0.0012481 5.8257e-06
0.00097727 0.0012506 6.1229e-06
0.00097644 0.001253 6.4228e-06
0.00097556 0.0012554 6.7178e-06
0.00097464 0.0012579 7.0078e-06
0.0009738 0.0012603 7.2999e-06
0.00097305 0.0012628 7.5947e-06
0.00097226 0.0012653 7.8849e-06
0.00097157 0.0012678 8.178e-06
0.00097083 0.0012703 8.4661e-06
0.00097017 0.0012729 8.7564e-06
0.00096946 0.0012754 9.0417e-06
0.00096885 0.001278 9.3301e-06
0.00096831 0.0012806 9.6209e-06
0.00096786 0.0012832 9.9141e-06
0.00096736 0.0012859 1.0203e-05
0.00096696 0.0012886 1.0494e-05
0.00096652 0.0012912 1.0781e-05
0.00095244 0.0012939 1.1071e-05
0.0009386 0.0012967 1.1365e-05
0.00092467 0.0012994 1.1652e-05
0.00091064 0.0013021 1.1935e-05
0.00089689 0.0013049 1.2221e-05
0.00089983 0.0013076 1.2502e-05
0.00090272 0.0013103 1.2777e-05
0.00090556 0.001313 1.3047e-05
0.0009085 0.0013158 1.3321e-05
0.0009114 0.0013185 1.359e-05
0.00091441 0.0013213 1.3863e-05
0.00091753 0.0013241 1.414e-05
0.00092074 0.0013269 1.442e-05
0.0009239 0.0013298 1.4694e-05
0.00092716 0.0013327 1.4972e-05
0.00093051 0.0013356 1.5253e-05
0.00093397 0.0013386 1.5538e-05
0.00093737 0.0013415 1.5817e-05
0.00094087 0.0013445 1.61e-05
0.00094431 0.0013475 1.6377e-05
0.0009477 0.0013505 1.6658e-05
0.0009512 0.0013536 1.6943e-05
0.00095465 0.0013567 1.7223e-05
0.00095804 0.0013597 1.7496e-05
0.00096154 0.0013628 1.7774e-05
0.00096497 0.0013658 1.8046e-05
0.00096835 0.0013688 1.8312e-05
0.00097167 0.0013718 1.8571e-05
0.00097493 0.0013748 1.8825e-05
0.00097833 0.0013779 1.9085e-05
0.00098166 0.0013809 1.9338e-05
0.00098511 0.0013839 1.9596e-05
0.00098851 0.001387 1.9848e-05
0.00099204 0.00139 2.0093e-05
0.00099551 0.001393 2.0332e-05
0.00099911 0.001396 2.0577e-05
0.0010028 0.0013991 2.0827e-05
0.0010067 0.0014023 2.1082e-05
0.0010107 0.0014055 2.1341e-05
0.0010146 0.0014087 2.1594e-05
0.0010186 0.0014119 2.1854e-05
0.0010226 0.0014152 2.2119e-05
0.0010265 0.0014185 2.2376e-05
0.0010303 0.0014217 2.2627e-05
0.0010343 0.001425 2.2884e-05
0.0010384 0.0014284 2.3148e-05
0.0010427 0.0014318 2.3419e-05
0.0010471 0.0014353 2.3695e-05
0.0010514 0.0014387 2.3963e-05
0.0010557 0.0014422 2.4225e-05
0.0010598 0.0014455 2.4479e-05
0.0010641 0.001449 2.474e-05
0.0010683 0.0014524 2.4992e-05
0.0010727 0.0014559 2.5252e-05
0.001077 0.0014593 2.5502e-05
0.0010814 0.0014628 2.5762e-05
0.0010861 0.0014664 2.6031e-05
0.0010909 0.0014701 2.631e-05
0.0010957 0.0014738 2.6598e-05
0.0011003 0.0014776 2.6878e-05
0.0011048 0.0014814 2.7169e-05
0.0011092 0.0014851 2.7449e-05
0.0011138 0.001489 2.774e-05
0.0011186 0.0014929 2.8043e-05
0.0011237 0.001497 2.8357e-05
0.0011289 0.0015011 2.8684e-05
0.0011345 0.0015053 2.9022e-05
0.0011402 0.0015076 3.05e-05
0.0011462 0.00151 3.2014e-05
0.001152 0.0015125 3.3569e-05
0.0011581 0.001515 3.5166e-05
0.0011644 0.0015176 3.6807e-05
0.001171 0.0015203 3.8493e-05
0.0011778 0.0015229 4.0154e-05
0.0011844 0.0015256 4.1792e-05
0.0011913 0.0015282 4.3469e-05
0.0011981 0.0015309 4.5124e-05
