Equus_asinus Equus_caballus Equus_przewalskii
0.00069514 0.01 0.01
0.00069379 0.01 0.01
0.00069249 0.01 0.01
0.00069116 0.01 0.01
0.00068988 0.01 0.01
0.00068857 0.01 0.01
0.00068732 0.01 0.01
0.00068603 0.01 0.01
0.00068471 0.01 0.01
0.00068067 0.01 0.01
0.00067658 0.01 0.01
0.00067242 0.01 0.01
0.00066822 0.01 0.01
0.00066397 0.01 0.01
0.00065965 0.01 0.01
0.00065528 0.01 0.01
0.00065102 0.01 0.01
0.00064915 0.01 0.01
0.00064684 0.01 0.01
0.00064459 0.01 0.01
0.0006424 0.01 0.01
0.00064018 0.01 0.01
0.00063792 0.01 0.01
0.00063563 0.01 0.01
0.0006333 0.01 0.01
0.00063103 0.01 0.01
0.00062883 0.01 0.01
0.00062669 0.01 0.01
0.00062452 0.01 0.01
0.0006223 0.01 0.01
0.00062006 0.01 0.01
0.00061788 0.01 0.01
0.00061577 0.01 0.01
0.00061373 0.01 0.01
0.00061174 0.01 0.01
0.00060972 0.01 0.01
0.00060767 0.01 0.01
0.00060568 0.01 0.01
0.00060376 0.01 0.01
0.00060188 0.01 0.01
0.00059998 0.01 0.01
0.00059814 0.01 0.01
0.00059635 0.01 0.01
0.00059453 0.01 0.01
0.00059276 0.01 0.01
0.00059105 0.01 0.01
0.00058932 0.01 0.01
0.00058762 0.01 0.01
0.00058591 0.01 0.01
0.00058424 0.01 0.01
0.00058255 0.01 0.01
0.0005809 0.01 0.01
0.00057923 0.01 0.01
0.0005776 0.01 0.01
0.00057595 0.01 0.01
0.00057428 0.01 0.01
0.00057266 0.01 0.01
0.00057101 0.01 0.01
0.0005694 0.01 0.01
0.00056778 0.01 0.01
0.00056621 0.01 0.01
0.00056461 0.01 0.01
0.00056299 0.01 0.01
0.00056134 0.01 0.01
0.00055965 0.01 0.01
0.00055794 0.01 0.01
0.00055619 0.01 0.01
0.00055441 0.01 0.01
0.00055261 0.01 0.01
0.00055077 0.01 0.01
0.000549 0.01 0.01
0.0005472 0.01 0.01
0.00054545 0.01 0.01
0.00054367 0.01 0.01
0.00054186 0.01 0.01
0.00054003 0.01 0.01
0.00053826 0.01 0.01
0.00053655 0.01 0.01
0.00053489 0.01 0.01
0.00053329 0.01 0.01
0.00053175 0.01 0.01
0.00053026 0.01 0.01
0.00052873 0.01 0.01
0.00052717 0.01 0.01
0.00052559 0.01 0.01
0.00052398 0.01 0.01
0.00052234 0.01 0.01
0.00052075 0.01 0.01
0.00051914 0.01 0.01
0.00051758 0.01 0.01
0.00051599 0.01 0.01
0.00051437 0.01 0.01
0.00051272 0.01 0.01
0.00051114 0.01 0.01
0.00050951 0.01 0.01
0.00050795 0.01 0.01
0.00050182 0.01 0.01
0.00049563 0.01 0.01
0.00048959 0.01 0.01
0.00048369 0.01 0.01
0.00047773 0.01 0.01
0.00047192 0.01 0.01
0.00046603 0.01 0.01
0.00046028 0.01 0.01
0.00045447 0.01 0.01
0.00044877 0.01 0.01
0.00044301 0.01 0.01
0.00043718 0.01 0.01
0.00043131 0.01 0.01
0.00042556 0.01 0.01
0.00041976 0.01 0.01
0.00041407 0.01 0.01
0.00040834 0.01 0.01
0.00040257 0.01 0.01
0.00039691 0.01 0.01
0.00039134 0.01 0.01
0.00038586 0.01 0.01
0.00038034 0.01 0.01
0.0003748 0.01 0.01
0.00036923 0.01 0.01
0.00036364 0.01 0.01
0.00035814 0.01 0.01
0.00035271 0.01 0.01
0.00034736 0.01 0.01
0.00034199 0.01 0.01
0.0003367 0.01 0.01
0.00033139 0.01 0.01
0.00032614 0.01 0.01
0.00032088 0.01 0.01
0.0003156 0.01 0.01
0.00031039 0.01 0.01
0.00030516 0.01 0.01
0.00030001 0.01 0.01
0.00029494 0.01 0.01
0.00028993 0.01 0.01
0.0002849 0.01 0.01
0.00027994 0.01 0.01
0.00027496 0.01 0.01
0.00026996 0.01 0.01
0.00026503 0.01 0.01
0.00026008 0.01 0.01
0.00025511 0.01 0.01
0.00025021 0.01 0.01
0.00024528 0.01 0.01
0.00024033 0.01 0.01
0.00023545 0.01 0.01
0.00023055 0.01 0.01
0.00022563 0.01 0.01
0.00022342 0.01 0.01
0.00022119 0.01 0.01
0.00021901 0.01 0.01
0.00021685 0.01 0.01
0.00021468 0.01 0.01
0.0002125 0.01 0.01
0.00021034 0.01 0.01
0.00020818 0.01 0.01
0.000206 0.01 0.01
0.0002038 0.01 0.01
0.00020164 0.01 0.01
0.00019952 0.01 0.01
0.00019742 0.01 0.01
0.00019531 0.01 0.01
0.00019323 0.01 0.01
0.00019113 0.01 0.01
0.00018907 0.01 0.01
0.000187 0.01 0.01
0.00018492 0.01 0.01
0.00018283 0.01 0.01
0.00018076 0.01 0.01
0.00017872 0.01 0.01
0.00017667 0.01 0.01
0.00017461 0.01 0.01
0.00017254 0.01 0.01
0.0001705 0.01 0.01
0.00016844 0.01 0.01
0.00016642 0.01 0.01
0.00016438 0.01 0.01
0.00016237 0.01 0.01
0.00016035 0.01 0.01
0.00015837 0.01 0.01
0.00015641 0.01 0.01
0.00015448 0.01 0.01
0.00015257 0.01 0.01
0.00015066 0.01 0.01
0.00014877 0.01 0.01
0.0001469 0.01 0.01
0.00014506 0.01 0.01
0.0001432 0.01 0.01
0.00014134 0.01 0.01
0.00013947 0.01 0.01
0.00013762 0.01 0.01
0.00013576 0.01 0.01
0.00013393 0.01 0.01
0.00013212 0.01 0.01
0.00013031 0.01 0.01
0.00012848 0.01 0.01
0.00012668 0.01 0.01
0.00012487 0.01 0.01
0.00012305 0.01 0.01
0.00012125 0.01 0.01
0.00011948 0.01 0.01
0.00011774 0.01 0.01
0.00011598 0.01 0.01
0.00011424 0.01 0.01
0.00011254 0.01 0.01
0.00011082 0.01 0.01
0.00010912 0.01 0.01
0.00010741 0.01 0.01
0.00010573 0.01 0.01
0.00010407 0.01 0.01
0.00010243 0.01 0.01
0.00010078 0.01 0.01
9.9113e-05 0.01 0.01
9.7475e-05 0.01 0.01
9.5827e-05 0.01 0.01
9.4204e-05 0.01 0.01
9.2607e-05 0.01 0.01
9.103e-05 0.01 0.01
8.9476e-05 0.01 0.01
8.7943e-05 0.01 0.01
8.6434e-05 0.01 0.01
8.495e-05 0.01 0.01
8.3486e-05 0.01 0.01
8.201e-05 0.01 0.01
8.0521e-05 0.01 0.01
7.9019e-05 0.01 0.01
7.7506e-05 0.01 0.01
7.6017e-05 0.01 0.01
7.4554e-05 0.01 0.01
7.3114e-05 0.01 0.01
7.1662e-05 0.01 0.01
7.0196e-05 0.01 0.01
6.8752e-05 0.01 0.01
6.7294e-05 0.01 0.01
6.5825e-05 0.01 0.01
6.434e-05 0.01 0.01
6.2875e-05 0.01 0.01
6.1312e-05 0.01 0.01
5.9734e-05 0.01 0.01
5.8182e-05 0.01 0.01
5.6649e-05 0.01 0.01
5.5105e-05 0.01 0.01
5.3551e-05 0.01 0.01
5.2017e-05 0.01 0.01
5.0471e-05 0.01 0.01
4.8945e-05 0.01 0.01
4.7407e-05 0.01 0.01
4.586e-05 0.01 0.01
4.4301e-05 0.01 0.01
4.2765e-05 0.01 0.01
4.1217e-05 0.01 0.01
3.9691e-05 0.01 0.01
3.8156e-05 0.01 0.01
3.6642e-05 0.01 0.01
3.5117e-05 0.01 0.01
3.3613e-05 0.01 0.01
3.21e-05 0.01 0.01
3.0576e-05 0.01 0.01
2.9073e-05 0.01 0.01
2.7561e-05 0.01 0.01
2.607e-05 0.01 0.01
2.4568e-05 0.01 0.01
2.3083e-05 0.01 0.01
2.1588e-05 0.01 0.01
2.0111e-05 0.01 0.01
1.8622e-05 0.01 0.01
1.7152e-05 0.01 0.01
1.7136e-05 0.01 0.01
1.7115e-05 0.01 0.01
1.7089e-05 0.01 0.01
1.7057e-05 0.01 0.01
1.7027e-05 0.01 0.01
1.6991e-05 0.01 0.01
1.6957e-05 0.01 0.01
1.6917e-05 0.01 0.01
1.6878e-05 0.01 0.01
1.6834e-05 0.01 0.01
1.6784e-05 0.01 0.01
1.6728e-05 0.01 0.01
1.6666e-05 0.01 0.01
1.6606e-05 0.01 0.01
1.654e-05 0.01 0.01
1.6468e-05 0.01 0.01
1.6391e-05 0.01 0.01
1.6315e-05 0.01 0.01
1.6241e-05 0.01 0.01
1.6162e-05 0.01 0.01
1.6084e-05 0.01 0.01
1.6e-05 0.01 0.01
1.5911e-05 0.01 0.01
1.5822e-05 0.01 0.01
1.5735e-05 0.01 0.01
1.5642e-05 0.01 0.01
1.555e-05 0.01 0.01
1.5453e-05 0.01 0.01
1.535e-05 0.01 0.01
1.5249e-05 0.01 0.01
1.5148e-05 0.01 0.01
1.5042e-05 0.01 0.01
1.4938e-05 0.01 0.01
1.4828e-05 0.01 0.01
1.4719e-05 0.01 0.01
1.4605e-05 0.01 0.01
1.4491e-05 0.01 0.01
1.4371e-05 0.01 0.01
1.4246e-05 0.01 0.01
1.4123e-05 0.01 0.01
1.4001e-05 0.01 0.01
1.3881e-05 0.01 0.01
1.3761e-05 0.01 0.01
1.3636e-05 0.01 0.01
1.3512e-05 0.01 0.01
1.3383e-05 0.01 0.01
1.3255e-05 0.01 0.01
1.3129e-05 0.01 0.01
1.3003e-05 0.01 0.01
1.2872e-05 0.01 0.01
1.2742e-05 0.01 0.01
1.2607e-05 0.01 0.01
1.2472e-05 0.01 0.01
1.2332e-05 0.01 0.01
1.2186e-05 0.01 0.01
1.2033e-05 0.01 0.01
1.1875e-05 0.01 0.01
1.1717e-05 0.01 0.01
1.1561e-05 0.01 0.01
1.14e-05 0.01 0.01
1.124e-05 0.01 0.01
1.1074e-05 0.01 0.01
1.0903e-05 0.01 0.01
1.0726e-05 0.01 0.01
1.0551e-05 0.01 0.01
1.037e-05 0.01 0.01
1.019e-05 0.01 0.01
1.0011e-05 0.01 0.01
9.8262e-06 0.01 0.01
9.636e-06 0.01 0.01
9.447e-06 0.01 0.01
9.2586e-06 0.01 0.01
9.0712e-06 0.01 0.01
8.885e-06 0.01 0.01
8.6998e-06 0.01 0.01
8.509e-06 0.01 0.01
8.3193e-06 0.01 0.01
8.1311e-06 0.01 0.01
7.937e-06 0.01 0.01
7.7375e-06 0.01 0.01
8.1478e-06 0.01 0.01
8.5621e-06 0.01 0.01
8.9702e-06 0.01 0.01
9.3814e-06 0.01 0.01
9.796e-06 0.01 0.01
1.0204e-05 0.01 0.01
1.0616e-05 0.01 0.01
1.1021e-05 0.01 0.01
1.1429e-05 0.01 0.01
1.183e-05 0.01 0.01
1.2235e-05 0.01 0.01
1.2646e-05 0.01 0.01
1.3062e-05 0.01 0.01
1.4075e-05 0.01 0.01
1.5076e-05 0.01 0.01
1.6065e-05 0.01 0.01
1.7067e-05 0.01 0.01
1.8058e-05 0.01 0.01
1.9065e-05 0.01 0.01
2.0062e-05 0.01 0.01
2.1074e-05 0.01 0.01
2.2101e-05 0.01 0.01
2.3141e-05 0.01 0.01
2.417e-05 0.01 0.01
2.5215e-05 0.01 0.01
2.625e-05 0.01 0.01
2.7299e-05 0.01 0.01
2.8338e-05 0.01 0.01
2.9367e-05 0.01 0.01
3.0387e-05 0.01 0.01
3.1397e-05 0.01 0.01
3.2421e-05 0.01 0.01
3.3437e-05 0.01 0.01
3.4466e-05 0.01 0.01
3.5488e-05 0.01 0.01
3.6522e-05 0.01 0.01
3.7568e-05 0.01 0.01
3.8627e-05 0.01 0.01
3.9699e-05 0.01 0.01
4.0763e-05 0.01 0.01
4.1842e-05 0.01 0.01
4.2911e-05 0.01 0.01
4.3996e-05 0.01 0.01
4.5095e-05 0.01 0.01
4.6184e-05 0.01 0.01
4.729e-05 0.01 0.01
4.8385e-05 0.01 0.01
4.947e-05 0.01 0.01
5.0572e-05 0.01 0.01
5.169e-05 0.01 0.01
5.2796e-05 0.01 0.01
5.3921e-05 0.01 0.01
5.5063e-05 0.01 0.01
5.6222e-05 0.01 0.01
5.7369e-05 0.01 0.01
5.8533e-05 0.01 0.01
5.9684e-05 0.01 0.01
6.0858e-05 0.01 0.01
6.2056e-05 0.01 0.01
6.3281e-05 0.01 0.01
6.4533e-05 0.01 0.01
6.5809e-05 0.01 0.01
6.7067e-05 0.01 0.01
6.8353e-05 0.01 0.01
6.9624e-05 0.01 0.01
7.0877e-05 0.01 0.01
7.2114e-05 0.01 0.01
7.3335e-05 0.01 0.01
7.4539e-05 0.01 0.01
7.5723e-05 0.01 0.01
7.6934e-05 0.01 0.01
7.8127e-05 0.01 0.01
7.9303e-05 0.01 0.01
8.0461e-05 0.01 0.01
8.1602e-05 0.01 0.01
8.2726e-05 0.01 0.01
8.388e-05 0.01 0.01
8.5061e-05 0.01 0.01
8.6221e-05 0.01 0.01
8.7364e-05 0.01 0.01
8.8489e-05 0.01 0.01
8.9594e-05 0.01 0.01
9.0678e-05 0.01 0.01
9.1742e-05 0.01 0.01
9.2836e-05 0.01 0.01
9.3909e-05 0.01 0.01
9.5013e-05 0.01 0.01
9.6095e-05 0.01 0.01
9.7208e-05 0.01 0.01
9.8301e-05 0.01 0.01
9.942e-05 0.01 0.01
0.00010052 0.01 0.01
0.0001016 0.01 0.01
0.0001027 0.01 0.01
0.00010378 0.01 0.01
0.00010484 0.01 0.01
0.00010593 0.01 0.01
0.00010577 0.01 0.01
0.00010558 0.01 0.01
0.00010542 0.01 0.01
0.00010527 0.01 0.01
0.00010514 0.01 0.01
0.000105 0.01 0.01
0.00010475 0.01 0.01
0.00010449 0.01 0.01
0.00010424 0.01 0.01
0.00010398 0.01 0.01
0.00010371 0.01 0.01
0.00010346 0.01 0.01
0.00010319 0.01 0.01
0.00010291 0.01 0.01
0.00010262 0.01 0.01
0.00010231 0.01 0.01
0.00010199 0.01 0.01
0.00010167 0.01 0.01
0.00010133 0.01 0.01
0.000101 0.01 0.01
0.00010067 0.01 0.01
0.00010035 0.01 0.01
0.00010002 0.01 0.01
9.9676e-05 0.01 0.01
9.9348e-05 0.01 0.01
9.901e-05 0.01 0.01
9.8662e-05 0.01 0.01
9.8305e-05 0.01 0.01
9.7959e-05 0.01 0.01
9.7627e-05 0.01 0.01
9.7285e-05 0.01 0.01
9.6935e-05 0.01 0.01
9.6575e-05 0.01 0.01
9.6207e-05 0.01 0.01
9.585e-05 0.01 0.01
9.5502e-05 0.01 0.01
9.5148e-05 0.01 0.01
9.4803e-05 0.01 0.01
9.4469e-05 0.01 0.01
9.4129e-05 0.01 0.01
9.3798e-05 0.01 0.01
9.3476e-05 0.01 0.01
9.3147e-05 0.01 0.01
9.2826e-05 0.01 0.01
9.2514e-05 0.01 0.01
9.2211e-05 0.01 0.01
9.1901e-05 0.01 0.01
9.1583e-05 0.01 0.01
9.1259e-05 0.01 0.01
9.0944e-05 0.01 0.01
9.0636e-05 0.01 0.01
9.0322e-05 0.01 0.01
9.0001e-05 0.01 0.01
8.9689e-05 0.01 0.01
8.9385e-05 0.01 0.01
8.9074e-05 0.01 0.01
8.8757e-05 0.01 0.01
8.8432e-05 0.01 0.01
8.8102e-05 0.01 0.01
8.7779e-05 0.01 0.01
8.7466e-05 0.01 0.01
8.7163e-05 0.01 0.01
8.6852e-05 0.01 0.01
8.6534e-05 0.01 0.01
8.6227e-05 0.01 0.01
8.5912e-05 0.01 0.01
8.5607e-05 0.01 0.01
8.5295e-05 0.01 0.01
8.4976e-05 0.01 0.01
8.4665e-05 0.01 0.01
8.4362e-05 0.01 0.01
8.4067e-05 0.01 0.01
8.378e-05 0.01 0.01
8.3485e-05 0.01 0.01
8.32e-05 0.01 0.01
8.2908e-05 0.01 0.01
8.2624e-05 0.01 0.01
8.235e-05 0.01 0.01
8.207e-05 0.01 0.01
8.1782e-05 0.01 0.01
8.1503e-05 0.01 0.01
8.1217e-05 0.01 0.01
8.0938e-05 0.01 0.01
8.0668e-05 0.01 0.01
8.0391e-05 0.01 0.01
8.0122e-05 0.01 0.01
7.9861e-05 0.01 0.01
7.9593e-05 0.01 0.01
7.9335e-05 0.01 0.01
7.9084e-05 0.01 0.01
7.884e-05 0.01 0.01
7.859e-05 0.01 0.01
7.8333e-05 0.01 0.01
7.8084e-05 0.01 0.01
7.7828e-05 0.01 0.01
7.758e-05 0.01 0.01
7.7325e-05 0.01 0.01
7.7077e-05 0.01 0.01
7.6822e-05 0.01 0.01
7.6573e-05 0.01 0.01
7.6318e-05 0.01 0.01
7.6071e-05 0.01 0.01
7.5818e-05 0.01 0.01
7.5559e-05 0.01 0.01
7.5292e-05 0.01 0.01
7.5034e-05 0.01 0.01
7.4769e-05 0.01 0.01
7.451e-05 0.01 0.01
7.4258e-05 0.01 0.01
7.4e-05 0.01 0.01
7.3735e-05 0.01 0.01
7.3463e-05 0.01 0.01
7.3184e-05 0.01 0.01
7.2914e-05 0.01 0.01
7.265e-05 0.01 0.01
7.2379e-05 0.01 0.01
7.2101e-05 0.01 0.01
7.1831e-05 0.01 0.01
7.1569e-05 0.01 0.01
7.1315e-05 0.01 0.01
7.1055e-05 0.01 0.01
7.0802e-05 0.01 0.01
7.0544e-05 0.01 0.01
7.0278e-05 0.01 0.01
7.002e-05 0.01 0.01
6.9768e-05 0.01 0.01
6.9508e-05 0.01 0.01
6.9257e-05 0.01 0.01
6.8999e-05 0.01 0.01
6.8735e-05 0.01 0.01
6.8478e-05 0.01 0.01
6.8228e-05 0.01 0.01
6.7972e-05 0.01 0.01
6.7722e-05 0.01 0.01
6.748e-05 0.01 0.01
6.7231e-05 0.01 0.01
6.6976e-05 0.01 0.01
6.6714e-05 0.01 0.01
6.6446e-05 0.01 0.01
6.6186e-05 0.01 0.01
6.5933e-05 0.01 0.01
6.5689e-05 0.01 0.01
6.5437e-05 0.01 0.01
6.5179e-05 0.01 0.01
6.4914e-05 0.01 0.01
6.4657e-05 0.01 0.01
6.4391e-05 0.01 0.01
6.4116e-05 0.01 0.01
6.3852e-05 0.01 0.01
6.3598e-05 0.01 0.01
6.3334e-05 0.01 0.01
6.3062e-05 0.01 0.01
6.2799e-05 0.01 0.01
6.2526e-05 0.01 0.01
6.2243e-05 0.01 0.01
6.195e-05 0.01 0.01
6.1667e-05 0.01 0.01
6.1395e-05 0.01 0.01
6.1112e-05 0.01 0.01
6.084e-05 0.01 0.01
6.058e-05 0.01 0.01
6.0329e-05 0.01 0.01
6.0068e-05 0.01 0.01
5.9794e-05 0.01 0.01
5.9511e-05 0.01 0.01
5.9218e-05 0.01 0.01
5.8935e-05 0.01 0.01
5.8664e-05 0.01 0.01
5.8492e-05 0.01 0.01
5.8309e-05 0.01 0.01
5.8136e-05 0.01 0.01
5.7973e-05 0.01 0.01
5.7819e-05 0.01 0.01
5.7657e-05 0.01 0.01
5.7487e-05 0.01 0.01
5.7326e-05 0.01 0.01
5.7173e-05 0.01 0.01
5.7028e-05 0.01 0.01
5.6875e-05 0.01 0.01
5.6715e-05 0.01 0.01
5.6561e-05 0.01 0.01
5.64e-05 0.01 0.01
5.6246e-05 0.01 0.01
5.6098e-05 0.01 0.01
5.5957e-05 0.01 0.01
5.5823e-05 0.01 0.01
5.5696e-05 0.01 0.01
5.5576e-05 0.01 0.01
5.5462e-05 0.01 0.01
5.5354e-05 0.01 0.01
5.5252e-05 0.01 0.01
5.5155e-05 0.01 0.01
5.5063e-05 0.01 0.01
5.4979e-05 0.01 0.01
5.4887e-05 0.01 0.01
5.4802e-05 0.01 0.01
5.4723e-05 0.01 0.01
5.4651e-05 0.01 0.01
5.4585e-05 0.01 0.01
5.4511e-05 0.01 0.01
5.4444e-05 0.01 0.01
5.4383e-05 0.01 0.01
5.4317e-05 0.01 0.01
5.4256e-05 0.01 0.01
5.4202e-05 0.01 0.01
5.4152e-05 0.01 0.01
5.411e-05 0.01 0.01
5.4073e-05 0.01 0.01
5.4028e-05 0.01 0.01
5.3991e-05 0.01 0.01
5.396e-05 0.01 0.01
5.3923e-05 0.01 0.01
5.3892e-05 0.01 0.01
5.3869e-05 0.01 0.01
5.3838e-05 0.01 0.01
5.3815e-05 0.01 0.01
5.3784e-05 0.01 0.01
5.376e-05 0.01 0.01
5.3741e-05 0.01 0.01
5.3727e-05 0.01 0.01
5.3707e-05 0.01 0.01
5.3694e-05 0.01 0.01
5.3688e-05 0.01 0.01
5.3674e-05 0.01 0.01
5.3653e-05 0.01 0.01
5.364e-05 0.01 0.01
5.3632e-05 0.01 0.01
5.3631e-05 0.01 0.01
5.3622e-05 0.01 0.01
5.3621e-05 0.01 0.01
5.3612e-05 0.01 0.01
5.3592e-05 0.01 0.01
5.3581e-05 0.01 0.01
5.3561e-05 0.01 0.01
5.3548e-05 0.01 0.01
5.3525e-05 0.01 0.01
5.3509e-05 0.01 0.01
5.3484e-05 0.01 0.01
5.3469e-05 0.01 0.01
5.3461e-05 0.01 0.01
5.3445e-05 0.01 0.01
5.3419e-05 0.01 0.01
5.3403e-05 0.01 0.01
5.3395e-05 0.01 0.01
5.3379e-05 0.01 0.01
5.3371e-05 0.01 0.01
5.3354e-05 0.01 0.01
5.3346e-05 0.01 0.01
5.3329e-05 0.01 0.01
5.3302e-05 0.01 0.01
5.3284e-05 0.01 0.01
5.3256e-05 0.01 0.01
5.3216e-05 0.01 0.01
5.3184e-05 0.01 0.01
5.3144e-05 0.01 0.01
5.3112e-05 0.01 0.01
5.3073e-05 0.01 0.01
5.3042e-05 0.01 0.01
5.3018e-05 0.01 0.01
5.3001e-05 0.01 0.01
5.299e-05 0.01 0.01
5.2986e-05 0.01 0.01
5.299e-05 0.01 0.01
5.3001e-05 0.01 0.01
5.3019e-05 0.01 0.01
5.3029e-05 0.01 0.01
5.3031e-05 0.01 0.01
5.3041e-05 0.01 0.01
5.3043e-05 0.01 0.01
5.3053e-05 0.01 0.01
5.3068e-05 0.01 0.01
5.3089e-05 0.01 0.01
5.3116e-05 0.01 0.01
5.3136e-05 0.01 0.01
5.3163e-05 0.01 0.01
5.3183e-05 0.01 0.01
5.321e-05 0.01 0.01
5.323e-05 0.01 0.01
5.3256e-05 0.01 0.01
5.3289e-05 0.01 0.01
5.3329e-05 0.01 0.01
5.3376e-05 0.01 0.01
5.343e-05 0.01 0.01
5.3489e-05 0.01 0.01
5.3554e-05 0.01 0.01
5.3624e-05 0.01 0.01
5.3701e-05 0.01 0.01
5.3772e-05 0.01 0.01
5.3849e-05 0.01 0.01
5.3919e-05 0.01 0.01
5.3983e-05 0.01 0.01
5.4053e-05 0.01 0.01
5.413e-05 0.01 0.01
5.4199e-05 0.01 0.01
5.4275e-05 0.01 0.01
5.4343e-05 0.01 0.01
5.4419e-05 0.01 0.01
5.4503e-05 0.01 0.01
5.4579e-05 0.01 0.01
5.4646e-05 0.01 0.01
5.4723e-05 0.01 0.01
5.481e-05 0.01 0.01
5.4908e-05 0.01 0.01
5.5017e-05 0.01 0.01
5.5138e-05 0.01 0.01
5.5271e-05 0.01 0.01
5.5393e-05 0.01 0.01
5.5524e-05 0.01 0.01
5.5644e-05 0.01 0.01
5.5775e-05 0.01 0.01
5.5918e-05 0.01 0.01
5.6074e-05 0.01 0.01
5.6243e-05 0.01 0.01
5.64e-05 0.01 0.01
5.6572e-05 0.01 0.01
5.673e-05 0.01 0.01
5.6875e-05 0.01 0.01
5.7033e-05 0.01 0.01
5.7203e-05 0.01 0.01
5.7363e-05 0.01 0.01
5.7512e-05 0.01 0.01
5.7672e-05 0.01 0.01
5.7819e-05 0.01 0.01
5.798e-05 0.01 0.01
5.8153e-05 0.01 0.01
5.8315e-05 0.01 0.01
5.8489e-05 0.01 0.01
5.8677e-05 0.01 0.01
5.8876e-05 0.01 0.01
5.9064e-05 0.01 0.01
5.924e-05 0.01 0.01
5.9427e-05 0.01 0.01
5.9602e-05 0.01 0.01
5.9788e-05 0.01 0.01
5.9988e-05 0.01 0.01
6.0202e-05 0.01 0.01
6.0428e-05 0.01 0.01
6.064e-05 0.01 0.01
6.084e-05 0.01 0.01
6.1054e-05 0.01 0.01
6.1283e-05 0.01 0.01
6.15e-05 0.01 0.01
6.1732e-05 0.01 0.01
6.1951e-05 0.01 0.01
6.2184e-05 0.01 0.01
6.2405e-05 0.01 0.01
6.1719e-05 0.01 0.01
6.102e-05 0.01 0.01
6.0306e-05 0.01 0.01
5.961e-05 0.01 0.01
5.89e-05 0.01 0.01
5.821e-05 0.01 0.01
5.7502e-05 0.01 0.01
5.6814e-05 0.01 0.01
5.6145e-05 0.01 0.01
5.5495e-05 0.01 0.01
5.4864e-05 0.01 0.01
5.4248e-05 0.01 0.01
5.3651e-05 0.01 0.01
5.3038e-05 0.01 0.01
5.2443e-05 0.01 0.01
5.1866e-05 0.01 0.01
5.1303e-05 0.01 0.01
5.0757e-05 0.01 0.01
5.0225e-05 0.01 0.01
4.9705e-05 0.01 0.01
4.9199e-05 0.01 0.01
4.8682e-05 0.01 0.01
4.8151e-05 0.01 0.01
4.7635e-05 0.01 0.01
4.7131e-05 0.01 0.01
4.6639e-05 0.01 0.01
4.6159e-05 0.01 0.01
4.5667e-05 0.01 0.01
4.5164e-05 0.01 0.01
4.4675e-05 0.01 0.01
4.4196e-05 0.01 0.01
4.3731e-05 0.01 0.01
4.3256e-05 0.01 0.01
4.2791e-05 0.01 0.01
4.2316e-05 0.01 0.01
4.1831e-05 0.01 0.01
4.1358e-05 0.01 0.01
4.0898e-05 0.01 0.01
4.0451e-05 0.01 0.01
4.0016e-05 0.01 0.01
3.9593e-05 0.01 0.01
3.918e-05 0.01 0.01
3.8755e-05 0.01 0.01
3.8343e-05 0.01 0.01
3.7943e-05 0.01 0.01
3.7554e-05 0.01 0.01
3.7155e-05 0.01 0.01
3.6766e-05 0.01 0.01
3.6386e-05 0.01 0.01
3.6018e-05 0.01 0.01
3.564e-05 0.01 0.01
3.5252e-05 0.01 0.01
3.4875e-05 0.01 0.01
3.4509e-05 0.01 0.01
3.4133e-05 0.01 0.01
3.3767e-05 0.01 0.01
3.3388e-05 0.01 0.01
3.3018e-05 0.01 0.01
3.2657e-05 0.01 0.01
3.2286e-05 0.01 0.01
3.1925e-05 0.01 0.01
3.1573e-05 0.01 0.01
3.1209e-05 0.01 0.01
3.0854e-05 0.01 0.01
3.049e-05 0.01 0.01
3.0136e-05 0.01 0.01
2.9789e-05 0.01 0.01
2.9452e-05 0.01 0.01
2.9121e-05 0.01 0.01
2.8796e-05 0.01 0.01
2.8464e-05 0.01 0.01
2.8137e-05 0.01 0.01
2.7816e-05 0.01 0.01
2.7487e-05 0.01 0.01
2.7163e-05 0.01 0.01
2.6846e-05 0.01 0.01
2.6533e-05 0.01 0.01
2.6214e-05 0.01 0.01
2.59e-05 0.01 0.01
2.5591e-05 0.01 0.01
2.5275e-05 0.01 0.01
2.4952e-05 0.01 0.01
2.4634e-05 0.01 0.01
2.4321e-05 0.01 0.01
2.4011e-05 0.01 0.01
2.3706e-05 0.01 0.01
2.3404e-05 0.01 0.01
2.3106e-05 0.01 0.01
2.2811e-05 0.01 0.01
2.251e-05 0.01 0.01
2.2212e-05 0.01 0.01
2.1916e-05 0.01 0.01
2.1623e-05 0.01 0.01
2.1324e-05 0.01 0.01
2.1028e-05 0.01 0.01
2.0726e-05 0.01 0.01
2.0419e-05 0.01 0.01
2.0115e-05 0.01 0.01
1.9813e-05 0.01 0.01
1.9506e-05 0.01 0.01
1.9201e-05 0.01 0.01
1.889e-05 0.01 0.01
1.8583e-05 0.01 0.01
1.8278e-05 0.01 0.01
1.7977e-05 0.01 0.01
1.767e-05 0.01 0.01
1.7358e-05 0.01 0.01
1.7048e-05 0.01 0.01
1.6732e-05 0.01 0.01
1.6419e-05 0.01 0.01
1.6109e-05 0.01 0.01
1.5803e-05 0.01 0.01
1.5499e-05 0.01 0.01
1.5198e-05 0.01 0.01
1.4891e-05 0.01 0.01
1.4587e-05 0.01 0.01
1.4286e-05 0.01 0.01
1.398e-05 0.01 0.01
1.3676e-05 0.01 0.01
1.3366e-05 0.01 0.01
1.3049e-05 0.01 0.01
1.2726e-05 0.01 0.01
1.2406e-05 0.01 0.01
1.209e-05 0.01 0.01
1.1778e-05 0.01 0.01
1.1469e-05 0.01 0.01
1.1163e-05 0.01 0.01
1.0861e-05 0.01 0.01
1.0561e-05 0.01 0.01
1.0254e-05 0.01 0.01
9.9502e-06 0.01 0.01
9.6388e-06 0.01 0.01
9.3314e-06 0.01 0.01
9.0266e-06 0.01 0.01
8.7152e-06 0.01 0.01
8.4066e-06 0.01 0.01
8.0918e-06 0.01 0.01
7.7795e-06 0.01 0.01
7.4695e-06 0.01 0.01
7.1536e-06 0.01 0.01
6.8391e-06 0.01 0.01
6.519e-06 0.01 0.01
6.1933e-06 0.01 0.01
5.8619e-06 0.01 0.01
5.5248e-06 0.01 0.01
5.1895e-06 0.01 0.01
4.8554e-06 0.01 0.01
4.5156e-06 0.01 0.01
4.1769e-06 0.01 0.01
4.3272e-06 0.01 0.01
4.4725e-06 0.01 0.01
4.6168e-06 0.01 0.01
4.7601e-06 0.01 0.01
4.8986e-06 0.01 0.01
5.0361e-06 0.01 0.01
5.1685e-06 0.01 0.01
5.3004e-06 0.01 0.01
5.4275e-06 0.01 0.01
5.554e-06 0.01 0.01
5.68e-06 0.01 0.01
5.8012e-06 0.01 0.01
5.9218e-06 0.01 0.01
6.042e-06 0.01 0.01
6.1574e-06 0.01 0.01
6.2718e-06 0.01 0.01
6.3854e-06 0.01 0.01
6.4982e-06 0.01 0.01
6.6061e-06 0.01 0.01
6.7132e-06 0.01 0.01
6.8195e-06 0.01 0.01
6.9208e-06 0.01 0.01
7.0169e-06 0.01 0.01
7.1128e-06 0.01 0.01
7.2078e-06 0.01 0.01
7.2978e-06 0.01 0.01
7.3875e-06 0.01 0.01
7.4764e-06 0.01 0.01
7.5651e-06 0.01 0.01
7.6531e-06 0.01 0.01
7.7409e-06 0.01 0.01
7.8284e-06 0.01 0.01
7.9158e-06 0.01 0.01
8.0031e-06 0.01 0.01
8.0852e-06 0.01 0.01
8.1624e-06 0.01 0.01
8.239e-06 0.01 0.01
8.3106e-06 0.01 0.01
8.3817e-06 0.01 0.01
8.4475e-06 0.01 0.01
8.5084e-06 0.01 0.01
8.5643e-06 0.01 0.01
8.6202e-06 0.01 0.01
8.6761e-06 0.01 0.01
8.7269e-06 0.01 0.01
8.7773e-06 0.01 0.01
8.8225e-06 0.01 0.01
8.8626e-06 0.01 0.01
8.8977e-06 0.01 0.01
8.9323e-06 0.01 0.01
8.9669e-06 0.01 0.01
9.0011e-06 0.01 0.01
9.03e-06 0.01 0.01
9.059e-06 0.01 0.01
9.0879e-06 0.01 0.01
9.1167e-06 0.01 0.01
9.1456e-06 0.01 0.01
9.1692e-06 0.01 0.01
9.1878e-06 0.01 0.01
9.2011e-06 0.01 0.01
9.2145e-06 0.01 0.01
9.2227e-06 0.01 0.01
9.2308e-06 0.01 0.01
9.2389e-06 0.01 0.01
9.2464e-06 0.01 0.01
9.2539e-06 0.01 0.01
9.2608e-06 0.01 0.01
9.2672e-06 0.01 0.01
9.273e-06 0.01 0.01
9.2782e-06 0.01 0.01
9.2784e-06 0.01 0.01
9.2736e-06 0.01 0.01
9.2687e-06 0.01 0.01
9.2633e-06 0.01 0.01
9.2573e-06 0.01 0.01
9.2507e-06 0.01 0.01
9.2435e-06 0.01 0.01
9.2358e-06 0.01 0.01
9.223e-06 0.01 0.01
9.205e-06 0.01 0.01
9.187e-06 0.01 0.01
9.1689e-06 0.01 0.01
9.1507e-06 0.01 0.01
9.1275e-06 0.01 0.01
9.0995e-06 0.01 0.01
9.0708e-06 0.01 0.01
9.0422e-06 0.01 0.01
9.013e-06 0.01 0.01
8.9786e-06 0.01 0.01
8.939e-06 0.01 0.01
8.8943e-06 0.01 0.01
8.8496e-06 0.01 0.01
8.7999e-06 0.01 0.01
8.7451e-06 0.01 0.01
8.6853e-06 0.01 0.01
8.6255e-06 0.01 0.01
8.5607e-06 0.01 0.01
8.4955e-06 0.01 0.01
8.4303e-06 0.01 0.01
8.36e-06 0.01 0.01
8.2898e-06 0.01 0.01
8.2143e-06 0.01 0.01
8.1384e-06 0.01 0.01
8.0626e-06 0.01 0.01
7.9813e-06 0.01 0.01
7.895e-06 0.01 0.01
7.8081e-06 0.01 0.01
7.7162e-06 0.01 0.01
7.6239e-06 0.01 0.01
7.5262e-06 0.01 0.01
7.4233e-06 0.01 0.01
8.1246e-06 0.01 0.01
8.8318e-06 0.01 0.01
9.5326e-06 0.01 0.01
1.0239e-05 0.01 0.01
1.094e-05 0.01 0.01
1.1646e-05 0.01 0.01
1.236e-05 0.01 0.01
1.3067e-05 0.01 0.01
1.3767e-05 0.01 0.01
1.4475e-05 0.01 0.01
1.5176e-05 0.01 0.01
1.587e-05 0.01 0.01
1.6556e-05 0.01 0.01
1.7237e-05 0.01 0.01
1.7923e-05 0.01 0.01
1.8603e-05 0.01 0.01
1.929e-05 0.01 0.01
1.9984e-05 0.01 0.01
2.0684e-05 0.01 0.01
2.1378e-05 0.01 0.01
2.2079e-05 0.01 0.01
2.2788e-05 0.01 0.01
2.3491e-05 0.01 0.01
2.4201e-05 0.01 0.01
2.4919e-05 0.01 0.01
2.5646e-05 0.01 0.01
2.638e-05 0.01 0.01
2.7122e-05 0.01 0.01
2.7872e-05 0.01 0.01
2.8631e-05 0.01 0.01
2.9398e-05 0.01 0.01
3.0158e-05 0.01 0.01
3.0926e-05 0.01 0.01
3.1702e-05 0.01 0.01
3.2487e-05 0.01 0.01
3.328e-05 0.01 0.01
3.4065e-05 0.01 0.01
3.4842e-05 0.01 0.01
3.5631e-05 0.01 0.01
3.6429e-05 0.01 0.01
3.724e-05 0.01 0.01
3.8064e-05 0.01 0.01
3.8902e-05 0.01 0.01
3.9729e-05 0.01 0.01
4.0546e-05 0.01 0.01
4.0699e-05 0.01 0.01
4.0859e-05 0.01 0.01
4.1011e-05 0.01 0.01
4.1154e-05 0.01 0.01
4.1306e-05 0.01 0.01
4.1466e-05 0.01 0.01
4.1615e-05 0.01 0.01
4.1755e-05 0.01 0.01
4.1904e-05 0.01 0.01
4.2043e-05 0.01 0.01
4.2173e-05 0.01 0.01
4.2313e-05 0.01 0.01
4.2442e-05 0.01 0.01
4.2581e-05 0.01 0.01
4.2731e-05 0.01 0.01
4.2891e-05 0.01 0.01
4.304e-05 0.01 0.01
4.3178e-05 0.01 0.01
4.3325e-05 0.01 0.01
4.3461e-05 0.01 0.01
4.3606e-05 0.01 0.01
4.3759e-05 0.01 0.01
4.3902e-05 0.01 0.01
4.4054e-05 0.01 0.01
4.4217e-05 0.01 0.01
4.4371e-05 0.01 0.01
4.4533e-05 0.01 0.01
4.4682e-05 0.01 0.01
4.4842e-05 0.01 0.01
4.4992e-05 0.01 0.01
4.5131e-05 0.01 0.01
4.5261e-05 0.01 0.01
4.54e-05 0.01 0.01
4.553e-05 0.01 0.01
4.5668e-05 0.01 0.01
4.5813e-05 0.01 0.01
4.5966e-05 0.01 0.01
4.6112e-05 0.01 0.01
4.6265e-05 0.01 0.01
4.641e-05 0.01 0.01
4.6562e-05 0.01 0.01
4.6706e-05 0.01 0.01
4.6858e-05 0.01 0.01
4.7014e-05 0.01 0.01
4.7163e-05 0.01 0.01
4.7306e-05 0.01 0.01
4.7442e-05 0.01 0.01
4.7583e-05 0.01 0.01
4.773e-05 0.01 0.01
4.7869e-05 0.01 0.01
4.8001e-05 0.01 0.01
4.8126e-05 0.01 0.01
4.8257e-05 0.01 0.01
4.8392e-05 0.01 0.01
4.8533e-05 0.01 0.01
4.868e-05 0.01 0.01
4.8833e-05 0.01 0.01
4.8992e-05 0.01 0.01
4.9144e-05 0.01 0.01
4.9302e-05 0.01 0.01
4.9452e-05 0.01 0.01
4.9595e-05 0.01 0.01
4.9744e-05 0.01 0.01
4.9887e-05 0.01 0.01
5.0036e-05 0.01 0.01
5.0191e-05 0.01 0.01
5.0355e-05 0.01 0.01
5.0525e-05 0.01 0.01
5.0688e-05 0.01 0.01
5.0858e-05 0.01 0.01
5.102e-05 0.01 0.01
5.1189e-05 0.01 0.01
5.1349e-05 0.01 0.01
5.1519e-05 0.01 0.01
5.17e-05 0.01 0.01
5.1868e-05 0.01 0.01
5.2024e-05 0.01 0.01
5.2192e-05 0.01 0.01
5.2371e-05 0.01 0.01
5.2563e-05 0.01 0.01
5.2769e-05 0.01 0.01
5.2988e-05 0.01 0.01
5.3218e-05 0.01 0.01
5.3461e-05 0.01 0.01
5.3715e-05 0.01 0.01
5.3956e-05 0.01 0.01
5.4211e-05 0.01 0.01
5.4479e-05 0.01 0.01
5.4735e-05 0.01 0.01
5.5002e-05 0.01 0.01
5.5258e-05 0.01 0.01
5.5527e-05 0.01 0.01
5.5785e-05 0.01 0.01
5.6058e-05 0.01 0.01
5.6319e-05 0.01 0.01
5.6568e-05 0.01 0.01
5.6831e-05 0.01 0.01
5.7108e-05 0.01 0.01
5.7398e-05 0.01 0.01
5.7676e-05 0.01 0.01
5.7968e-05 0.01 0.01
5.8272e-05 0.01 0.01
5.8588e-05 0.01 0.01
5.8891e-05 0.01 0.01
5.9209e-05 0.01 0.01
5.9539e-05 0.01 0.01
5.9884e-05 0.01 0.01
6.0244e-05 0.01 0.01
6.0619e-05 0.01 0.01
6.101e-05 0.01 0.01
6.1416e-05 0.01 0.01
6.1837e-05 0.01 0.01
6.2243e-05 0.01 0.01
6.2665e-05 0.01 0.01
6.3101e-05 0.01 0.01
6.3551e-05 0.01 0.01
6.3987e-05 0.01 0.01
6.4438e-05 0.01 0.01
6.4902e-05 0.01 0.01
6.5381e-05 0.01 0.01
6.5876e-05 0.01 0.01
6.639e-05 0.01 0.01
6.692e-05 0.01 0.01
6.7437e-05 0.01 0.01
6.7971e-05 0.01 0.01
6.849e-05 0.01 0.01
6.8996e-05 0.01 0.01
6.9519e-05 0.01 0.01
7.0062e-05 0.01 0.01
7.062e-05 0.01 0.01
7.1163e-05 0.01 0.01
7.1725e-05 0.01 0.01
7.2272e-05 0.01 0.01
7.284e-05 0.01 0.01
7.3426e-05 0.01 0.01
7.3998e-05 0.01 0.01
7.4554e-05 0.01 0.01
7.513e-05 0.01 0.01
7.5725e-05 0.01 0.01
7.634e-05 0.01 0.01
7.6972e-05 0.01 0.01
7.7621e-05 0.01 0.01
7.8255e-05 0.01 0.01
7.8907e-05 0.01 0.01
7.9578e-05 0.01 0.01
8.0271e-05 0.01 0.01
8.0985e-05 0.01 0.01
8.1685e-05 0.01 0.01
8.2406e-05 0.01 0.01
8.3147e-05 0.01 0.01
8.3873e-05 0.01 0.01
8.4622e-05 0.01 0.01
8.5391e-05 0.01 0.01
8.6144e-05 0.01 0.01
8.6878e-05 0.01 0.01
8.7636e-05 0.01 0.01
8.8413e-05 0.01 0.01
8.9175e-05 0.01 0.01
8.992e-05 0.01 0.01
9.0681e-05 0.01 0.01
9.146e-05 0.01 0.01
9.2228e-05 0.01 0.01
9.2986e-05 0.01 0.01
9.3735e-05 0.01 0.01
9.4497e-05 0.01 0.01
9.525e-05 0.01 0.01
9.6018e-05 0.01 0.01
9.6799e-05 0.01 0.01
9.7593e-05 0.01 0.01
9.8379e-05 0.01 0.01
9.918e-05 0.01 0.01
9.9992e-05 0.01 0.01
0.0001008 0.01 0.01
0.00010161 0.01 0.01
0.00010244 0.01 0.01
0.00010327 0.01 0.01
0.0001041 0.01 0.01
0.00010495 0.01 0.01
0.00010581 0.01 0.01
0.00010668 0.01 0.01
0.00010757 0.01 0.01
0.00010847 0.01 0.01
0.00010936 0.01 0.01
0.00011026 0.01 0.01
0.00011116 0.01 0.01
0.00011207 0.01 0.01
0.00011298 0.01 0.01
0.0001139 0.01 0.01
0.00011483 0.01 0.01
0.00011578 0.01 0.01
0.00011675 0.01 0.01
0.0001177 0.01 0.01
0.00011868 0.01 0.01
0.00011964 0.01 0.01
0.0001206 0.01 0.01
0.00012157 0.01 0.01
0.00012253 0.01 0.01
0.00012348 0.01 0.01
0.00012446 0.01 0.01
0.00012544 0.01 0.01
0.00012642 0.01 0.01
0.0001274 0.01 0.01
0.00012838 0.01 0.01
0.00012936 0.01 0.01
0.00013036 0.01 0.01
0.00013138 0.01 0.01
0.00013241 0.01 0.01
0.00013346 0.01 0.01
0.00013452 0.01 0.01
0.00013561 0.01 0.01
0.00013671 0.01 0.01
0.0001378 0.01 0.01
0.00013888 0.01 0.01
0.00014002 0.01 0.01
0.00014118 0.01 0.01
0.00014236 0.01 0.01
0.00014355 0.01 0.01
0.00014474 0.01 0.01
0.00014594 0.01 0.01
0.00014717 0.01 0.01
0.00014838 0.01 0.01
0.00014962 0.01 0.01
0.00015084 0.01 0.01
0.00015209 0.01 0.01
0.00015335 0.01 0.01
0.00015464 0.01 0.01
0.00015591 0.01 0.01
0.00015721 0.01 0.01
0.0001585 0.01 0.01
0.00015981 0.01 0.01
0.00016114 0.01 0.01
0.00016246 0.01 0.01
0.00016377 0.01 0.01
0.0001651 0.01 0.01
0.00016646 0.01 0.01
0.0001678 0.01 0.01
0.00016916 0.01 0.01
0.00017051 0.01 0.01
0.00017189 0.01 0.01
0.00017329 0.01 0.01
0.00017471 0.01 0.01
0.00017612 0.01 0.01
0.00017752 0.01 0.01
0.00017895 0.01 0.01
0.00018036 0.01 0.01
0.00018176 0.01 0.01
0.00018316 0.01 0.01
0.00018457 0.01 0.01
0.00018602 0.01 0.01
0.00018746 0.01 0.01
0.00018892 0.01 0.01
0.00019037 0.01 0.01
0.00019179 0.01 0.01
0.00019318 0.01 0.01
0.00019461 0.01 0.01
0.00019607 0.01 0.01
0.00019757 0.01 0.01
0.00019912 0.01 0.01
0.0002007 0.01 0.01
0.00020226 0.01 0.01
0.00020385 0.01 0.01
0.00020542 0.01 0.01
0.00020517 0.01 0.01
0.00020491 0.01 0.01
0.00020468 0.01 0.01
0.00020442 0.01 0.01
0.00020419 0.01 0.01
0.00020395 0.01 0.01
0.00020372 0.01 0.01
0.00020352 0.01 0.01
0.00020334 0.01 0.01
0.00020314 0.01 0.01
0.00020296 0.01 0.01
0.0002028 0.01 0.01
0.00020267 0.01 0.01
0.00020256 0.01 0.01
0.00020246 0.01 0.01
0.00020239 0.01 0.01
0.0002023 0.01 0.01
0.0002022 0.01 0.01
0.00020208 0.01 0.01
0.00020195 0.01 0.01
0.00020181 0.01 0.01
0.00020169 0.01 0.01
0.00020156 0.01 0.01
0.00020144 0.01 0.01
0.00020135 0.01 0.01
0.00020124 0.01 0.01
0.00020112 0.01 0.01
0.00020101 0.01 0.01
0.00020093 0.01 0.01
0.00020087 0.01 0.01
0.00020083 0.01 0.01
0.00020082 0.01 0.01
0.00020082 0.01 0.01
0.00020081 0.01 0.01
0.00020082 0.01 0.01
0.00020082 0.01 0.01
0.0002008 0.01 0.01
0.00020077 0.01 0.01
0.00020075 0.01 0.01
0.00020073 0.01 0.01
0.00020069 0.01 0.01
0.00019937 0.01 0.01
0.00019803 0.01 0.01
0.00019672 0.01 0.01
0.00019539 0.01 0.01
0.00019405 0.01 0.01
0.00019273 0.01 0.01
0.0001914 0.01 0.01
0.0001901 0.01 0.01
0.00018882 0.01 0.01
0.00018756 0.01 0.01
0.00018633 0.01 0.01
0.00018509 0.01 0.01
0.00018387 0.01 0.01
0.00018264 0.01 0.01
0.00018143 0.01 0.01
0.00018024 0.01 0.01
0.00017907 0.01 0.01
0.0001779 0.01 0.01
0.00017674 0.01 0.01
0.00017558 0.01 0.01
0.00017444 0.01 0.01
0.00017328 0.01 0.01
0.00017214 0.01 0.01
0.000171 0.01 0.01
0.00016987 0.01 0.01
0.00016873 0.01 0.01
0.00016759 0.01 0.01
0.00016646 0.01 0.01
0.00016535 0.01 0.01
0.00016426 0.01 0.01
0.00016319 0.01 0.01
0.00016213 0.01 0.01
0.0001611 0.01 0.01
0.00016008 0.01 0.01
0.00015908 0.01 0.01
0.00015809 0.01 0.01
0.00015713 0.01 0.01
0.00015615 0.01 0.01
0.00015519 0.01 0.01
0.00015422 0.01 0.01
0.00015327 0.01 0.01
0.00015234 0.01 0.01
0.00015142 0.01 0.01
0.0001505 0.01 0.01
0.00014956 0.01 0.01
0.00014864 0.01 0.01
0.00014772 0.01 0.01
0.0001468 0.01 0.01
0.00014588 0.01 0.01
0.00014498 0.01 0.01
0.0001441 0.01 0.01
0.00014323 0.01 0.01
0.00014239 0.01 0.01
0.00014156 0.01 0.01
0.00014072 0.01 0.01
0.00013989 0.01 0.01
0.00013909 0.01 0.01
0.00013831 0.01 0.01
0.00013752 0.01 0.01
0.00013675 0.01 0.01
0.00013604 0.01 0.01
0.00013532 0.01 0.01
0.00013459 0.01 0.01
0.00013387 0.01 0.01
0.00013315 0.01 0.01
0.00013244 0.01 0.01
0.00013173 0.01 0.01
0.000131 0.01 0.01
0.0001303 0.01 0.01
0.0001296 0.01 0.01
0.00012893 0.01 0.01
0.00012827 0.01 0.01
0.0001276 0.01 0.01
0.00012694 0.01 0.01
0.0001263 0.01 0.01
0.00012568 0.01 0.01
0.00012505 0.01 0.01
0.00012443 0.01 0.01
0.00012382 0.01 0.01
0.00012323 0.01 0.01
0.00012266 0.01 0.01
0.00012209 0.01 0.01
0.00012154 0.01 0.01
0.000121 0.01 0.01
0.00012044 0.01 0.01
0.00011989 0.01 0.01
0.00011934 0.01 0.01
0.00011881 0.01 0.01
0.00011829 0.01 0.01
0.00011776 0.01 0.01
0.00011725 0.01 0.01
0.00011672 0.01 0.01
0.00011619 0.01 0.01
0.00011566 0.01 0.01
0.00011513 0.01 0.01
0.00011462 0.01 0.01
0.00011411 0.01 0.01
0.0001136 0.01 0.01
0.0001131 0.01 0.01
0.00011261 0.01 0.01
0.00011212 0.01 0.01
0.00011164 0.01 0.01
0.00011116 0.01 0.01
0.0001107 0.01 0.01
0.00011025 0.01 0.01
0.00010981 0.01 0.01
0.00010938 0.01 0.01
0.00010896 0.01 0.01
0.00010854 0.01 0.01
0.00010812 0.01 0.01
0.00010772 0.01 0.01
0.00010733 0.01 0.01
0.00010693 0.01 0.01
0.00010654 0.01 0.01
0.00010616 0.01 0.01
0.00010579 0.01 0.01
0.00010543 0.01 0.01
0.00010506 0.01 0.01
0.0001047 0.01 0.01
0.00010434 0.01 0.01
0.00010398 0.01 0.01
0.00010362 0.01 0.01
0.00010326 0.01 0.01
0.00010292 0.01 0.01
0.00010259 0.01 0.01
0.00010225 0.01 0.01
0.00010192 0.01 0.01
0.0001016 0.01 0.01
0.00010129 0.01 0.01
0.00010099 0.01 0.01
0.0001007 0.01 0.01
0.00010041 0.01 0.01
0.0001001 0.01 0.01
9.979e-05 0.01 0.01
9.9489e-05 0.01 0.01
9.9198e-05 0.01 0.01
9.89e-05 0.01 0.01
9.8594e-05 0.01 0.01
9.8298e-05 0.01 0.01
9.8009e-05 0.01 0.01
9.7714e-05 0.01 0.01
9.7411e-05 0.01 0.01
9.7102e-05 0.01 0.01
9.6803e-05 0.01 0.01
9.6514e-05 0.01 0.01
9.6234e-05 0.01 0.01
9.5965e-05 0.01 0.01
9.5703e-05 0.01 0.01
9.5434e-05 0.01 0.01
9.5158e-05 0.01 0.01
9.4891e-05 0.01 0.01
9.4618e-05 0.01 0.01
9.4337e-05 0.01 0.01
9.4064e-05 0.01 0.01
9.3801e-05 0.01 0.01
9.3531e-05 0.01 0.01
9.327e-05 0.01 0.01
9.3002e-05 0.01 0.01
9.2743e-05 0.01 0.01
9.2476e-05 0.01 0.01
9.2218e-05 0.01 0.01
9.1969e-05 0.01 0.01
9.1728e-05 0.01 0.01
9.1479e-05 0.01 0.01
9.1241e-05 0.01 0.01
9.0995e-05 0.01 0.01
9.0759e-05 0.01 0.01
9.0532e-05 0.01 0.01
9.0296e-05 0.01 0.01
9.0053e-05 0.01 0.01
8.982e-05 0.01 0.01
8.9579e-05 0.01 0.01
8.933e-05 0.01 0.01
8.9074e-05 0.01 0.01
8.8827e-05 0.01 0.01
8.8574e-05 0.01 0.01
8.833e-05 0.01 0.01
8.8096e-05 0.01 0.01
8.7871e-05 0.01 0.01
8.7637e-05 0.01 0.01
8.7412e-05 0.01 0.01
8.7196e-05 0.01 0.01
8.6988e-05 0.01 0.01
8.6771e-05 0.01 0.01
8.6564e-05 0.01 0.01
8.6347e-05 0.01 0.01
8.6123e-05 0.01 0.01
8.5908e-05 0.01 0.01
8.5685e-05 0.01 0.01
8.5472e-05 0.01 0.01
8.5268e-05 0.01 0.01
8.5054e-05 0.01 0.01
8.4833e-05 0.01 0.01
8.4604e-05 0.01 0.01
8.4366e-05 0.01 0.01
8.4139e-05 0.01 0.01
8.3925e-05 0.01 0.01
8.372e-05 0.01 0.01
8.3506e-05 0.01 0.01
8.3283e-05 0.01 0.01
8.3051e-05 0.01 0.01
8.2831e-05 0.01 0.01
8.2621e-05 0.01 0.01
8.242e-05 0.01 0.01
8.2229e-05 0.01 0.01
8.2029e-05 0.01 0.01
8.184e-05 0.01 0.01
8.1641e-05 0.01 0.01
8.1432e-05 0.01 0.01
8.1213e-05 0.01 0.01
8.1007e-05 0.01 0.01
8.0812e-05 0.01 0.01
8.0628e-05 0.01 0.01
8.0453e-05 0.01 0.01
8.0269e-05 0.01 0.01
8.0074e-05 0.01 0.01
7.987e-05 0.01 0.01
7.9677e-05 0.01 0.01
7.9473e-05 0.01 0.01
7.928e-05 0.01 0.01
7.9075e-05 0.01 0.01
7.8885e-05 0.01 0.01
7.8709e-05 0.01 0.01
7.8548e-05 0.01 0.01
7.8375e-05 0.01 0.01
8.0016e-05 0.01 0.01
8.1632e-05 0.01 0.01
8.3224e-05 0.01 0.01
8.4854e-05 0.01 0.01
8.6526e-05 0.01 0.01
8.8239e-05 0.01 0.01
8.9922e-05 0.01 0.01
9.1647e-05 0.01 0.01
9.3415e-05 0.01 0.01
9.5228e-05 0.01 0.01
9.7086e-05 0.01 0.01
9.8991e-05 0.01 0.01
0.00010086 0.01 0.01
0.00010278 0.01 0.01
0.00010474 0.01 0.01
0.00010668 0.01 0.01
0.00010865 0.01 0.01
0.00011061 0.01 0.01
