Ceratotherium_simum Dicerorhinus_sumatrensis Diceros_bicornis
0.0002285 0.00059026 0.039556
0.00022654 0.00058213 0.039582
0.00022459 0.00057414 0.039608
0.00022263 0.00056606 0.039634
0.00022068 0.00055811 0.039661
0.00021873 0.00055008 0.039687
0.00021678 0.00054219 0.039713
0.00021483 0.0005342 0.03974
0.00021286 0.00052613 0.039766
0.00021089 0.00051798 0.039792
0.0002089 0.00050971 0.039818
0.0002069 0.00050134 0.039844
0.00020488 0.00049289 0.039869
0.00020286 0.00048434 0.039894
0.00020082 0.00047569 0.039919
0.00019878 0.00046693 0.039944
0.00019674 0.00045835 0.03997
0.0001947 0.00044966 0.039995
0.00019264 0.00044086 0.04002
0.0001906 0.00043222 0.040045
0.00018858 0.00042373 0.040071
0.00018654 0.00041515 0.040096
0.00018449 0.00040646 0.040121
0.00018243 0.00039769 0.040147
0.00018036 0.00038882 0.040172
0.00017831 0.00038011 0.040197
0.00017627 0.00037154 0.040223
0.00017424 0.00036312 0.040249
0.00017221 0.0003546 0.040275
0.00017016 0.00034599 0.040301
0.00016813 0.00033792 0.040327
0.00016612 0.00033001 0.040354
0.00016412 0.00032223 0.040381
0.00016214 0.00031459 0.040409
0.00016017 0.00030709 0.040437
0.00015819 0.00029949 0.040465
0.0001562 0.00029181 0.040493
0.0001542 0.00028406 0.040521
0.00015222 0.00027644 0.040549
0.00015025 0.00026893 0.040577
0.00014826 0.00026135 0.040606
0.0001463 0.00025389 0.040635
0.00014434 0.00024655 0.040664
0.00014238 0.00023914 0.040693
0.00014043 0.00023185 0.040722
0.00013849 0.00022467 0.040752
0.00013655 0.00021743 0.040782
0.00013461 0.00021028 0.040812
0.00013267 0.00020306 0.040842
0.00013074 0.00019596 0.040872
0.0001288 0.00018879 0.040903
0.00012687 0.00018171 0.040933
0.00012493 0.00017457 0.040964
0.000123 0.00016752 0.040994
0.00012107 0.00016042 0.041025
0.00011912 0.00015326 0.041056
0.00011719 0.00014619 0.041087
0.00011525 0.00013906 0.041118
0.00011332 0.00013204 0.041149
0.00011139 0.00012496 0.04118
0.00010946 0.00011799 0.041212
0.00010753 0.00011095 0.041243
0.00010559 0.00010385 0.041274
0.0001059 9.6346e-05 0.041302
0.00010621 8.8759e-05 0.04133
0.00010652 8.8242e-05 0.041358
0.00010681 8.7692e-05 0.041385
0.0001071 8.7111e-05 0.041413
0.00010739 8.6544e-05 0.04144
0.00010768 8.5947e-05 0.041468
0.00010797 8.5367e-05 0.041496
0.00010825 8.4757e-05 0.041524
0.00010854 8.416e-05 0.041552
0.00010882 8.3532e-05 0.04158
0.00010909 8.2874e-05 0.041608
0.00010935 8.2185e-05 0.041636
0.00010962 8.1515e-05 0.041664
0.00010989 8.081e-05 0.041693
0.00011015 8.0119e-05 0.041721
0.00011042 7.9443e-05 0.04175
0.00011069 8.1492e-05 0.041779
0.00011096 8.3571e-05 0.041808
0.00011121 8.5607e-05 0.041837
0.00011148 8.768e-05 0.041867
0.00011174 8.9715e-05 0.041896
0.00011199 9.1712e-05 0.041925
0.00011223 9.3672e-05 0.041954
0.00011248 9.5668e-05 0.041984
0.00011272 9.7621e-05 0.042013
0.00011296 9.9611e-05 0.042043
0.0001132 0.00010156 0.042072
0.00011343 0.00010347 0.042101
0.00011366 0.00010534 0.042131
0.00011388 0.00010725 0.04216
0.00011411 0.00010912 0.04219
0.00011436 0.00011102 0.042161
0.00011461 0.00011295 0.042132
0.00011486 0.00011485 0.042103
0.00011511 0.00011679 0.042075
0.00011537 0.00011876 0.042047
0.00011563 0.0001207 0.042019
0.00011588 0.00012267 0.041991
0.00011613 0.0001246 0.041964
0.00011639 0.00012657 0.041936
0.00011664 0.0001285 0.041909
0.00011689 0.00013046 0.041882
0.00011714 0.00013237 0.041855
0.00011739 0.00013433 0.041828
0.00011763 0.00013625 0.041801
0.00011788 0.0001382 0.041775
0.00011812 0.00014013 0.041748
0.00011836 0.00014207 0.041722
0.0001186 0.00014399 0.041695
0.00011883 0.00014588 0.041669
0.00011907 0.00014779 0.041643
0.0001193 0.00014968 0.041617
0.00011953 0.00015158 0.041591
0.00011976 0.00015346 0.041565
0.00011998 0.00015531 0.041539
0.00012019 0.00015713 0.041513
0.0001204 0.00015892 0.041487
0.00012062 0.00016074 0.041461
0.00012083 0.00016258 0.041436
0.00012105 0.00016443 0.04141
0.00012126 0.00016626 0.041385
0.00012147 0.00016811 0.04136
0.00012168 0.00016994 0.041335
0.00012189 0.00017178 0.04131
0.00012209 0.0001736 0.041286
0.00012229 0.00017539 0.041261
0.0001225 0.00017721 0.041236
0.00012269 0.000179 0.041212
0.00012289 0.0001808 0.041187
0.00012309 0.00018263 0.041163
0.0001233 0.00018448 0.04114
0.00012349 0.0001863 0.041116
0.00012369 0.00018814 0.041092
0.00012389 0.00018996 0.041069
0.00012407 0.00019175 0.041045
0.00012427 0.00019356 0.041022
0.00012445 0.00019535 0.040999
0.00012463 0.00019711 0.040975
0.00012481 0.00019889 0.040952
0.00012499 0.00020064 0.040929
0.00012516 0.00020237 0.040905
0.00012534 0.00020411 0.040883
0.00012551 0.00020584 0.040859
0.00012567 0.00020753 0.040836
0.00012584 0.00020925 0.040814
0.000126 0.00021094 0.040791
0.00012616 0.00021266 0.040768
0.00012633 0.0002144 0.040746
0.00012649 0.00021611 0.040724
0.00012664 0.00021779 0.040701
0.0001268 0.00021949 0.040679
0.00012695 0.00022116 0.040657
0.00012709 0.00022281 0.040635
0.00012724 0.00022443 0.040612
0.00012738 0.00022608 0.04059
0.00012752 0.00022775 0.040569
0.00012767 0.00022943 0.040547
0.00012781 0.0002311 0.040526
0.00012795 0.00023278 0.040504
0.00012809 0.00023443 0.040483
0.00012823 0.00023611 0.040462
0.00012837 0.00023776 0.040441
0.0001285 0.00023939 0.04042
0.00012862 0.00024099 0.040399
0.00012875 0.00024262 0.040378
0.00012888 0.00024426 0.040357
0.000129 0.00024588 0.040337
0.00012912 0.00024747 0.040316
0.00012923 0.00024904 0.040295
0.00012935 0.00025062 0.040275
0.00012946 0.00025218 0.040254
0.00012957 0.00025377 0.040234
0.00012968 0.00025538 0.040214
0.0001298 0.00025702 0.040194
0.00012991 0.00025863 0.040174
0.00013002 0.00026027 0.040155
0.00013014 0.00026193 0.040136
0.00013026 0.00026362 0.040117
0.00013038 0.00026532 0.040098
0.00013049 0.000267 0.040079
0.0001306 0.00026871 0.040061
0.00013072 0.00027043 0.040043
0.00013084 0.00027217 0.040025
0.00013095 0.00027389 0.040007
0.00013106 0.00027558 0.039989
0.00013116 0.00027725 0.039971
0.00013127 0.00027894 0.039953
0.00013137 0.0002806 0.039935
0.00013147 0.00028229 0.039918
0.00013157 0.00028396 0.0399
0.00013166 0.0002856 0.039882
0.00013175 0.00028721 0.039864
0.00013184 0.00028885 0.039847
0.00013192 0.00029046 0.039829
0.000132 0.00029204 0.039812
0.00013208 0.00029366 0.039795
0.00013216 0.00029529 0.039778
0.00013225 0.00029695 0.039761
0.00013233 0.00029858 0.039744
0.00013241 0.00030024 0.039727
0.00013249 0.00030193 0.039711
0.00013257 0.00030359 0.039695
0.00013265 0.00030527 0.039679
0.00013273 0.00030693 0.039663
0.0001328 0.00030861 0.039647
0.00013288 0.00031032 0.039631
0.00013295 0.000312 0.039615
0.00013302 0.00031365 0.0396
0.00013309 0.00031527 0.039584
0.00013315 0.00031693 0.039568
0.00013321 0.00031855 0.039553
0.00013327 0.00032021 0.039537
0.00013334 0.0003219 0.039522
0.00013341 0.00032362 0.039508
0.00013347 0.00032536 0.039493
0.00013355 0.00032713 0.039479
0.00013362 0.00032894 0.039465
0.00013369 0.00033079 0.039452
0.00013377 0.00033267 0.039438
0.00013385 0.00033451 0.039425
0.00013391 0.00033632 0.039411
0.00013397 0.00033809 0.039398
0.00013403 0.00033984 0.039384
0.00013408 0.00034155 0.03937
0.00013413 0.00034329 0.039357
0.00013419 0.00034508 0.039344
0.00013424 0.00034683 0.039331
0.00013428 0.00034855 0.039317
0.00013433 0.0003503 0.039304
0.00013437 0.00035201 0.039291
0.00013441 0.0003537 0.039278
0.00013444 0.00035542 0.039265
0.00013448 0.00035718 0.039253
0.00013452 0.0003589 0.03924
0.00013455 0.00036059 0.039227
0.00013458 0.00036231 0.039215
0.00013461 0.00036407 0.039202
0.00013464 0.00036579 0.03919
0.00013467 0.00036749 0.039178
0.00013469 0.00036921 0.039166
0.00013471 0.00037091 0.039153
0.00013473 0.00037263 0.039142
0.00013475 0.00037433 0.03913
0.00013476 0.00037599 0.039118
0.00013477 0.00037762 0.039105
0.00013477 0.00037929 0.039094
0.00013478 0.00038093 0.039082
0.00013478 0.00038261 0.03907
0.00013478 0.00038425 0.039058
0.00013479 0.00038593 0.039047
0.00013478 0.00038758 0.039036
0.00013478 0.00038927 0.039024
0.00013478 0.00039093 0.039013
0.00013477 0.00039255 0.039002
0.00013476 0.00039422 0.038991
0.00013475 0.00039585 0.03898
0.00013473 0.00039724 0.038969
0.00013472 0.00039859 0.038958
0.0001347 0.00039998 0.038948
0.00013468 0.00040133 0.038937
0.00013467 0.00040272 0.038926
0.00013464 0.00040407 0.038916
0.00013462 0.00040545 0.038906
0.0001346 0.0004068 0.038895
0.00013456 0.00040813 0.038885
0.00013453 0.00040942 0.038875
0.00013448 0.00041069 0.038864
0.00013445 0.00041199 0.038854
0.0001344 0.00041327 0.038844
0.00013436 0.00041457 0.038834
0.00013431 0.00041584 0.038824
0.00013426 0.00041715 0.038814
0.00013421 0.00041843 0.038804
0.00013417 0.00041975 0.038794
0.00013411 0.00042103 0.038785
0.00013405 0.00042229 0.038775
0.000134 0.00042358 0.038766
0.00013393 0.00042484 0.038756
0.00013387 0.00042607 0.038746
0.0001338 0.00042733 0.038737
0.00013374 0.00042863 0.038728
0.00013368 0.00042997 0.038719
0.00013362 0.00043127 0.038711
0.00013355 0.00043262 0.038702
0.00013349 0.00043393 0.038693
0.00013341 0.00043521 0.038685
0.00013334 0.00043652 0.038676
0.00013327 0.00043786 0.038668
0.00013319 0.00043918 0.03866
0.00013312 0.00044052 0.038652
0.00013304 0.00044184 0.038644
0.00013296 0.00044313 0.038636
0.00013288 0.00044445 0.038628
0.00013279 0.00044575 0.03862
0.0001327 0.00044701 0.038612
0.00013261 0.00044831 0.038605
0.00013252 0.00044959 0.038597
0.00013243 0.0004509 0.038589
0.00013233 0.00045217 0.038582
0.00013223 0.00045348 0.038575
0.00013213 0.00045475 0.038567
0.00013203 0.000456 0.03856
0.00013192 0.00045728 0.038553
0.00013182 0.0004586 0.038546
0.00013172 0.00045996 0.038539
0.00013163 0.00046135 0.038533
0.00013152 0.00046271 0.038527
0.00013142 0.00046411 0.03852
0.00013133 0.00046554 0.038515
0.00013123 0.00046702 0.038509
0.00013114 0.00046853 0.038504
0.00013104 0.00047008 0.038499
0.00013096 0.00047167 0.038494
0.00013087 0.00047332 0.038489
0.00013078 0.00047492 0.038485
0.00013069 0.00047657 0.038481
0.0001306 0.00047817 0.038476
0.0001305 0.00047975 0.038472
0.00013039 0.00048129 0.038467
0.00013028 0.00048279 0.038463
0.00013017 0.00048433 0.038458
0.00013006 0.00048591 0.038454
0.00012995 0.00048746 0.03845
0.00012984 0.00048906 0.038446
0.00012973 0.00049062 0.038442
0.00012961 0.00049215 0.038438
0.00012948 0.00049365 0.038434
0.00012936 0.00049519 0.03843
0.00012923 0.0004967 0.038427
0.0001291 0.00049825 0.038423
0.00012898 0.00049984 0.03842
0.00012885 0.00050139 0.038416
0.00012872 0.00050291 0.038413
0.00012858 0.00050448 0.03841
0.00012845 0.00050608 0.038407
0.00012832 0.00050772 0.038404
0.0001282 0.00050941 0.038402
0.00012808 0.00051113 0.0384
0.00012795 0.00051283 0.038398
0.00012782 0.00051457 0.038396
0.00012769 0.00051627 0.038394
0.00012755 0.00051794 0.038392
0.00012741 0.00051958 0.038389
0.00012726 0.00052118 0.038387
0.00012711 0.00052283 0.038385
0.00012696 0.00052444 0.038383
0.00012681 0.0005261 0.038382
0.00012667 0.0005278 0.03838
0.00012651 0.00052946 0.038379
0.00012636 0.00053116 0.038377
0.00012621 0.00053283 0.038376
0.00012605 0.00053454 0.038375
0.00012589 0.00053621 0.038374
0.00012574 0.00053792 0.038373
0.00012558 0.00053969 0.038372
0.00012543 0.00054152 0.038372
0.00012527 0.0005433 0.038372
0.00012511 0.00054528 0.038371
0.00012495 0.00054733 0.038371
0.00012479 0.00054942 0.038371
0.00012463 0.00055147 0.038371
0.00012447 0.00055357 0.038371
0.0001243 0.00055564 0.038372
0.00012414 0.00055776 0.038372
0.00012398 0.00055994 0.038373
0.00012382 0.00056216 0.038374
0.00012366 0.00056434 0.038375
0.0001235 0.00056658 0.038376
0.00012333 0.00056878 0.038378
0.00012317 0.00057103 0.038379
0.000123 0.00057324 0.038381
0.00012282 0.00057541 0.038382
0.00012264 0.00057755 0.038383
0.00012245 0.00057965 0.038384
0.00012227 0.0005818 0.038386
0.00012208 0.0005839 0.038387
0.00012189 0.00058606 0.038389
0.00012169 0.00058819 0.03839
0.0001215 0.00059036 0.038392
0.00012131 0.00059257 0.038394
0.00012112 0.00059483 0.038397
0.00012094 0.00059713 0.038399
0.00012075 0.0005994 0.038402
0.00012056 0.00060171 0.038405
0.00012036 0.000604 0.038407
0.00012017 0.00060633 0.03841
0.00011998 0.00060871 0.038414
0.00011978 0.00061105 0.038417
0.00011959 0.00061345 0.03842
0.00011939 0.00061581 0.038424
0.00011918 0.00061813 0.038427
0.00011898 0.0006205 0.03843
0.00011878 0.00062293 0.038434
0.00011857 0.00062532 0.038438
0.00011837 0.00062776 0.038442
0.00011817 0.00063026 0.038446
0.00011797 0.00063281 0.038451
0.00011777 0.00063532 0.038456
0.00011756 0.00063788 0.03846
0.00011735 0.0006404 0.038465
0.00011715 0.00064298 0.03847
0.00011695 0.00064564 0.038476
0.00011675 0.00064838 0.038481
0.00011656 0.0006512 0.038488
0.00011637 0.00064747 0.038494
0.00011617 0.00064368 0.0385
0.00011598 0.00063998 0.038507
0.00011579 0.00063637 0.038514
0.0001156 0.00063269 0.038521
0.00011539 0.00062896 0.038528
0.00011518 0.00062518 0.038535
0.00011497 0.00062133 0.038541
0.00011474 0.00061742 0.038547
0.00011451 0.00061344 0.038554
0.00011427 0.00060939 0.03856
0.00011403 0.00060528 0.038565
0.00011378 0.00060111 0.038571
0.00011352 0.00059687 0.038577
0.00011325 0.00059257 0.038582
0.00011351 0.0005882 0.03855
0.00011378 0.00058392 0.038518
0.00011403 0.00057956 0.038486
0.00011428 0.00057514 0.038454
0.00011453 0.00057066 0.038421
0.00011476 0.00056609 0.038389
0.000115 0.00056163 0.038357
0.00011523 0.00055708 0.038324
0.00011547 0.00055265 0.038293
0.0001157 0.00054814 0.038261
0.00011593 0.00054374 0.038229
0.00011617 0.00053944 0.038198
0.00011641 0.00053526 0.038167
0.00011665 0.00053097 0.038137
0.00011688 0.00052587 0.038106
0.00011711 0.00052089 0.038075
0.00011734 0.00051583 0.038045
0.00011757 0.00051087 0.038014
0.00011781 0.00050602 0.037985
0.00011803 0.00050109 0.037955
0.00011827 0.00049628 0.037925
0.0001185 0.00049156 0.037896
0.00011873 0.00048678 0.037867
0.00011897 0.0004821 0.037838
0.00011921 0.00047752 0.03781
0.00011945 0.00047302 0.037782
0.00011969 0.00046846 0.037754
0.00011992 0.00046385 0.037726
0.00012014 0.00045918 0.037698
0.00012037 0.00045459 0.03767
0.00012059 0.00044995 0.037642
0.0001208 0.00044525 0.037613
0.00012102 0.00044063 0.037586
0.00012123 0.00043595 0.037558
0.00012143 0.00043121 0.037529
0.00012163 0.00042642 0.037501
0.00012183 0.00042172 0.037473
0.00012203 0.00041697 0.037445
0.00012221 0.00041216 0.037417
0.00012239 0.0004073 0.037389
0.00012258 0.00040252 0.037361
0.00012276 0.0003977 0.037333
0.00012294 0.00039295 0.037305
0.00012312 0.00038815 0.037277
0.00012329 0.00038331 0.03725
0.00012346 0.00037855 0.037222
0.00012363 0.00037374 0.037195
0.00012379 0.00036888 0.037167
0.00012395 0.00036398 0.037139
0.00012411 0.00035914 0.037112
0.00012427 0.00035438 0.037085
0.00012442 0.00035829 0.037057
0.00012457 0.00036217 0.03703
0.00012472 0.000366 0.037003
0.00012486 0.0003698 0.036975
0.000125 0.00037365 0.036948
0.00012514 0.00037755 0.036921
0.00012528 0.00038142 0.036894
0.00012542 0.00038533 0.036868
0.00012556 0.0003893 0.036841
0.0001257 0.00039324 0.036815
0.00012584 0.00039723 0.036789
0.00012598 0.00040127 0.036763
0.00012612 0.00040527 0.036737
0.00012625 0.00040932 0.036712
0.00012639 0.00041341 0.036686
0.00012653 0.00041756 0.036661
0.00012667 0.00042167 0.036636
0.0001268 0.00042575 0.036611
0.00012692 0.0004298 0.036586
0.00012705 0.0004339 0.036561
0.00012718 0.00043804 0.036536
0.0001273 0.00044216 0.036511
0.00012742 0.00044624 0.036487
0.00012754 0.00045037 0.036462
0.00012767 0.00045455 0.036438
0.00012778 0.0004587 0.036414
0.0001279 0.00046282 0.036389
0.000128 0.00046692 0.036365
0.00012811 0.00047098 0.036341
0.00012821 0.00047509 0.036316
0.00012832 0.00047925 0.036292
0.00012843 0.00048348 0.036269
0.00012853 0.00048766 0.036245
0.00012863 0.00049182 0.036222
0.00012873 0.00049603 0.036198
0.00012882 0.0005002 0.036175
0.00012892 0.00050444 0.036151
0.00012901 0.00050864 0.036128
0.0001291 0.00051281 0.036105
0.00012919 0.00051703 0.036082
0.00012928 0.0005213 0.036059
0.00012937 0.00052562 0.036037
0.00012947 0.00053 0.036014
0.00012956 0.00053434 0.035992
0.00012965 0.00053874 0.03597
0.00012973 0.0005431 0.035948
0.00012982 0.00054753 0.035926
0.00012991 0.00055202 0.035904
0.00012999 0.00055648 0.035883
0.00013007 0.0005609 0.035861
0.00013016 0.00056539 0.03584
0.00013023 0.00056984 0.035818
0.00013031 0.00057435 0.035797
0.00013039 0.00057891 0.035776
0.00013047 0.00058345 0.035755
0.00013054 0.00058803 0.035735
0.00013062 0.00059268 0.035714
0.0001307 0.0005973 0.035694
0.00013077 0.00060199 0.035674
0.00013085 0.00060673 0.035654
0.00013093 0.00061153 0.035634
0.000131 0.0006163 0.035614
0.00013107 0.00062103 0.035595
0.00013114 0.00062583 0.035575
0.00013121 0.0006306 0.035556
0.00013128 0.00063542 0.035536
0.00013134 0.00064021 0.035517
0.00013141 0.00064506 0.035498
0.00013147 0.00064988 0.035479
0.00013153 0.00065475 0.03546
0.00013158 0.00065958 0.035441
0.00013164 0.00066449 0.035422
0.0001317 0.00066936 0.035403
0.00013174 0.0006742 0.035384
0.00013179 0.00067901 0.035365
0.00013183 0.00068388 0.035347
0.00013187 0.00068872 0.035328
0.00013192 0.00069362 0.03531
0.00013196 0.00069857 0.035292
0.000132 0.0007035 0.035273
0.00013203 0.00070839 0.035255
0.00013206 0.00071324 0.035237
0.00013208 0.00071807 0.035218
0.00013211 0.00072296 0.0352
0.00013214 0.0007279 0.035182
0.00013216 0.00073282 0.035164
0.00013217 0.0007377 0.035146
0.00013219 0.00074264 0.035129
0.00013221 0.00074766 0.035111
0.00013224 0.00075275 0.035094
0.00013226 0.00075781 0.035077
0.00013228 0.00076294 0.03506
0.00013229 0.00076804 0.035043
0.0001323 0.0007731 0.035026
0.00013231 0.00077823 0.035009
0.00013233 0.00078342 0.034992
0.00013234 0.00078858 0.034976
0.00013235 0.00079381 0.034959
0.00013235 0.00079901 0.034943
0.00013235 0.00080417 0.034926
0.00013236 0.00080939 0.03491
0.00013236 0.00081469 0.034894
0.00013236 0.00081996 0.034878
0.00013236 0.00082529 0.034862
0.00013236 0.0008307 0.034847
0.00013236 0.00083608 0.034831
0.00013235 0.00084143 0.034815
0.00013234 0.00084673 0.0348
0.00013233 0.00085201 0.034784
0.00013231 0.00085736 0.034768
0.0001323 0.00086279 0.034753
0.00013229 0.00086831 0.034738
0.00013228 0.00087379 0.034723
0.00013226 0.00087923 0.034708
0.00013223 0.00088463 0.034693
0.00013221 0.00089011 0.034678
0.00013218 0.00089554 0.034663
0.00013214 0.00090092 0.034648
0.00013211 0.0009064 0.034634
0.00013209 0.00091199 0.034619
0.00013205 0.0009175 0.034605
0.00013201 0.00092295 0.03459
0.00013197 0.00092849 0.034576
0.00013193 0.00093397 0.034561
0.00013188 0.00093938 0.034547
0.00013182 0.00094473 0.034532
0.00013177 0.00095018 0.034518
0.00013172 0.00095576 0.034504
0.00013166 0.00096128 0.034489
0.00013161 0.0009669 0.034476
0.00013155 0.00097245 0.034462
0.0001315 0.00097812 0.034448
0.00013143 0.00098371 0.034434
0.00013137 0.00098943 0.034421
0.00013131 0.00099509 0.034407
0.00013124 0.0010007 0.034394
0.00013117 0.0010064 0.03438
0.00013111 0.0010122 0.034367
0.00013105 0.0010181 0.034355
0.00013098 0.001024 0.034342
0.00013092 0.00103 0.03433
0.00013086 0.0010361 0.034317
0.00013081 0.0010424 0.034306
0.00013075 0.0010485 0.034294
0.00013068 0.0010547 0.034282
0.00013062 0.0010609 0.03427
0.00013056 0.0010672 0.034259
0.0001305 0.0010737 0.034248
0.00013043 0.0010801 0.034236
0.00013037 0.0010864 0.034225
0.0001303 0.0010929 0.034214
0.00013023 0.0010993 0.034203
0.00013016 0.0011058 0.034193
0.00013009 0.0011124 0.034182
0.00013003 0.0011191 0.034172
0.00012997 0.001126 0.034162
0.00012991 0.0011329 0.034152
0.00012985 0.0011399 0.034143
0.00012979 0.001147 0.034134
0.00012974 0.0011543 0.034125
0.00012969 0.0011616 0.034116
0.00012964 0.001169 0.034107
0.00012959 0.0011766 0.034099
0.00012955 0.0011842 0.034091
0.00012949 0.0011918 0.034083
0.00012945 0.0011995 0.034075
0.0001294 0.0012073 0.034068
0.00012935 0.0012151 0.03406
0.00012929 0.001223 0.034053
0.00012923 0.0012308 0.034045
0.00012916 0.0012388 0.034037
0.0001291 0.0012469 0.03403
0.00012904 0.0012549 0.034023
0.00012898 0.0012631 0.034016
0.00012892 0.0012713 0.034009
0.00012886 0.0012797 0.034002
0.0001288 0.0012882 0.033996
0.00012875 0.0012968 0.03399
0.00012869 0.0013054 0.033984
0.00012863 0.0013141 0.033978
0.00012858 0.0013229 0.033972
0.00012852 0.0013316 0.033967
0.00012846 0.0013405 0.033961
0.00012841 0.0013496 0.033956
0.00012835 0.0013586 0.033951
0.00012829 0.0013677 0.033946
0.00012822 0.0013768 0.033941
0.00012816 0.001386 0.033936
0.0001281 0.0013953 0.033932
0.00012805 0.0014047 0.033927
0.00012799 0.0014141 0.033923
0.00012793 0.0014237 0.033919
0.00012787 0.0014334 0.033915
0.00012781 0.001443 0.033911
0.00012774 0.0014526 0.033907
0.00012767 0.0014623 0.033904
0.00012761 0.0014721 0.0339
0.00012755 0.0014821 0.033897
0.00012748 0.0014921 0.033894
0.00012742 0.0015022 0.033891
0.00012735 0.0015122 0.033888
0.00012728 0.0015224 0.033885
0.00012722 0.0015328 0.033883
0.00012715 0.0015431 0.03388
0.00012708 0.0015535 0.033878
0.00012702 0.0015642 0.033876
0.00012696 0.001575 0.033874
0.00012689 0.0015857 0.033872
0.00012683 0.0015967 0.033871
0.00012677 0.0016078 0.03387
0.00012672 0.0016191 0.033869
0.00012665 0.0016303 0.033868
0.00012659 0.0016417 0.033867
0.00012654 0.0016532 0.033867
0.00012648 0.0016647 0.033866
0.00012642 0.0016765 0.033866
0.00012635 0.0016881 0.033866
0.00012629 0.0016999 0.033866
0.00012622 0.0017116 0.033866
0.00012615 0.0017232 0.033866
0.00012608 0.001735 0.033866
0.00012601 0.0017471 0.033866
0.00012595 0.0017594 0.033867
0.00012589 0.0017719 0.033868
0.00012582 0.0017842 0.033869
0.00012576 0.0017969 0.03387
0.00012569 0.0018094 0.033871
0.00012563 0.0018221 0.033873
0.00012557 0.0018351 0.033874
0.00012551 0.0018482 0.033876
0.00012545 0.0018615 0.033879
0.00012539 0.001875 0.033881
0.00012534 0.0018887 0.033884
0.00012529 0.0019027 0.033887
0.00012525 0.0019169 0.033891
0.0001252 0.0019309 0.033894
0.00012514 0.001945 0.033897
0.00012508 0.0019592 0.033901
0.00012502 0.0019733 0.033904
0.00012497 0.0019877 0.033908
0.00012491 0.0020022 0.033912
0.00012486 0.002017 0.033916
0.00012481 0.0020319 0.033921
0.00012476 0.0020471 0.033925
0.00012471 0.0020625 0.03393
0.00012466 0.0020778 0.033935
0.00012461 0.0020933 0.033941
0.00012456 0.0021088 0.033946
0.00012451 0.0021245 0.033951
0.00012446 0.0021404 0.033957
0.00012441 0.0021565 0.033963
0.00012436 0.0021729 0.033969
0.00012432 0.0021895 0.033975
0.00012428 0.0022063 0.033982
0.00012424 0.0022234 0.033989
0.00012421 0.0022406 0.033996
0.00012417 0.0022581 0.034004
0.00012413 0.0022755 0.034011
0.00012409 0.0022932 0.034019
0.00012405 0.0023108 0.034027
0.000124 0.0023283 0.034034
0.00012396 0.0023461 0.034042
0.00012391 0.0023641 0.03405
0.00012387 0.002382 0.034058
0.00012382 0.0024001 0.034066
0.00012377 0.0024182 0.034075
0.00012372 0.0024365 0.034083
0.00012367 0.0024552 0.034092
0.00012362 0.0024737 0.034101
0.00012356 0.0024921 0.034109
0.0001235 0.0024929 0.034118
0.00012345 0.002494 0.034127
0.00012341 0.0024951 0.034137
0.00012337 0.0024965 0.034147
0.00012332 0.0024977 0.034157
0.00012328 0.0024991 0.034167
0.00012322 0.0025004 0.034177
0.00012318 0.0025019 0.034188
0.00012312 0.0025032 0.034198
0.00012307 0.0025048 0.034209
0.00012303 0.0025065 0.03422
0.00012299 0.0025083 0.034231
0.00012295 0.0025104 0.034243
0.00012292 0.0025126 0.034255
0.00012289 0.0025147 0.034267
0.00012285 0.002517 0.03428
0.00012283 0.0025195 0.034293
0.0001228 0.0025221 0.034306
0.00012279 0.0025129 0.03432
0.00012276 0.0025035 0.034333
0.00012273 0.002494 0.034347
0.00012271 0.0024847 0.03436
0.00012269 0.0024753 0.034375
0.00012267 0.002466 0.034389
0.00012266 0.0024571 0.034404
0.00012264 0.002448 0.034419
0.00012263 0.0024391 0.034435
0.00012263 0.0024305 0.03445
0.00012262 0.002422 0.034466
0.00012261 0.0024135 0.034482
0.00012261 0.0024052 0.034499
0.00012261 0.0023971 0.034515
0.0001226 0.0023888 0.034532
0.00012259 0.0023808 0.034549
0.00012259 0.002373 0.034566
0.0001226 0.0023654 0.034584
0.00012261 0.002358 0.034602
0.00012261 0.0023505 0.03462
0.00012261 0.0023428 0.034638
0.00012261 0.0023354 0.034656
0.0001226 0.0023278 0.034674
0.00012258 0.0023202 0.034692
0.00012257 0.0023127 0.03471
0.00012255 0.0023051 0.034728
0.00012254 0.0022977 0.034746
0.00012252 0.0022903 0.034764
0.0001225 0.002283 0.034783
0.00012248 0.0022756 0.034802
0.00012245 0.0022681 0.03482
0.00012242 0.0022608 0.034839
0.0001224 0.0022538 0.034858
0.00012238 0.0022469 0.034878
0.00012237 0.0022403 0.034898
0.00012237 0.0022338 0.034918
0.00012237 0.0022276 0.034939
0.00012237 0.0022215 0.03496
0.00012238 0.0022156 0.034982
0.00012239 0.0022099 0.035004
0.00012241 0.0022043 0.035027
0.00012242 0.0021987 0.035049
0.00012244 0.0021933 0.035072
0.00012246 0.0021881 0.035096
0.00012249 0.002183 0.035119
0.00012251 0.0021778 0.035143
0.00012253 0.0021728 0.035167
0.00012256 0.002168 0.035191
0.00012259 0.0021633 0.035216
0.00012261 0.0021585 0.035241
0.00012264 0.0021539 0.035266
0.00012267 0.0021495 0.035291
0.00012271 0.0021452 0.035317
0.00012275 0.002141 0.035343
0.0001228 0.002137 0.03537
0.00012283 0.0021329 0.035396
0.00012286 0.0021288 0.035423
0.0001229 0.0021247 0.035449
0.00012294 0.0021209 0.035477
0.00012298 0.0021171 0.035504
0.00012302 0.0021133 0.035532
0.00012306 0.0021097 0.035559
0.00012309 0.002106 0.035587
0.00012312 0.0021021 0.035615
0.00012315 0.0020985 0.035643
0.00012319 0.002095 0.035671
0.00012323 0.0020916 0.0357
0.00012327 0.0020884 0.035729
0.00012332 0.0020854 0.035759
0.00012338 0.0020825 0.035789
0.00012342 0.0020795 0.035819
0.00012347 0.0020767 0.03585
0.00012353 0.002074 0.03588
0.00012359 0.0020715 0.035912
0.00012366 0.0020698 0.035944
0.00012373 0.0020682 0.035976
0.0001238 0.0020668 0.036009
0.00012388 0.0020656 0.036042
0.00012395 0.0020642 0.036075
0.00012401 0.0020628 0.036108
0.00012408 0.0020616 0.036141
0.00012415 0.0020605 0.036175
0.00012422 0.0020593 0.036208
0.00012429 0.0020582 0.036242
0.00012437 0.0020573 0.036277
0.00012445 0.0020565 0.036312
0.00012453 0.0020559 0.036348
0.00012461 0.0020551 0.036383
0.00012469 0.0020546 0.036419
0.00012477 0.0020539 0.036454
0.00012485 0.0020541 0.03649
0.00012493 0.0020544 0.036527
0.00012501 0.0020547 0.036563
0.00012509 0.0020551 0.0366
0.00012518 0.0020557 0.036637
0.00012527 0.0020564 0.036675
0.00012536 0.0020572 0.036713
0.00012545 0.0020581 0.036752
0.00012554 0.002059 0.036791
0.00012564 0.0020599 0.036829
0.00012573 0.002061 0.036869
0.00012582 0.002062 0.036908
0.00012591 0.0020631 0.036947
0.000126 0.0020641 0.036987
0.00012609 0.0020653 0.037026
0.00012617 0.0020664 0.037066
0.00012626 0.0020676 0.037106
0.00012635 0.0020689 0.037147
0.00012643 0.0020701 0.037187
0.00012651 0.0020713 0.037227
0.00012659 0.0020726 0.037268
0.00012667 0.002074 0.037309
0.00012675 0.0020755 0.03735
0.00012684 0.0020771 0.037392
0.00012692 0.0020788 0.037434
0.00012701 0.0020806 0.037477
0.00012711 0.0020824 0.037519
0.00012719 0.0020842 0.037562
0.00012728 0.0020861 0.037605
0.00012737 0.0020881 0.037648
0.00012746 0.0020901 0.037692
0.00012754 0.0020921 0.037736
0.00012763 0.0020942 0.037779
0.00012771 0.0020962 0.037823
0.00012779 0.0020983 0.037867
0.00012786 0.0021004 0.037911
0.00012794 0.0021025 0.037956
0.00012802 0.0021047 0.038
0.0001281 0.0021069 0.038045
0.00012817 0.0021091 0.03809
0.00012824 0.0021114 0.038135
0.00012831 0.0021137 0.03818
0.00012839 0.0021162 0.038226
0.00012846 0.0021186 0.038272
0.00012853 0.002121 0.038317
0.0001286 0.0021235 0.038363
0.00012866 0.0021259 0.038409
0.00012873 0.0021285 0.038455
0.00012879 0.0021309 0.038502
0.00012885 0.0021335 0.038548
0.00012892 0.0021362 0.038595
0.00012898 0.002139 0.038643
0.00012904 0.0021417 0.03869
0.00012911 0.0021445 0.038738
0.00012916 0.0021473 0.038785
0.00012922 0.00215 0.038833
0.00012927 0.0021528 0.038881
0.00012932 0.0021556 0.038928
0.00012936 0.0021583 0.038976
0.0001294 0.002161 0.039024
0.00012944 0.0021638 0.039072
0.00012949 0.0021667 0.03912
0.00012953 0.0021697 0.039169
0.00012958 0.0021728 0.039218
0.00012963 0.0021761 0.039268
0.00012969 0.0021794 0.039318
0.00012975 0.0021829 0.039369
0.00012981 0.0021865 0.03942
0.00012986 0.0021901 0.039471
0.00012991 0.0021935 0.039522
0.00012996 0.0021971 0.039574
0.00013002 0.0022008 0.039625
0.00013007 0.0022045 0.039677
0.00013012 0.0022082 0.039729
0.00013017 0.0022119 0.039781
0.00013022 0.0022157 0.039834
0.00013027 0.0022197 0.039887
0.00013031 0.0022236 0.03994
0.00013036 0.0022276 0.039993
0.0001304 0.0022315 0.040046
0.00013044 0.0022354 0.040099
0.00013047 0.0022392 0.040152
0.0001305 0.002243 0.040205
0.00013053 0.0022469 0.040258
0.00013056 0.002251 0.040312
0.00013059 0.0022549 0.040366
0.00013061 0.002259 0.04042
0.00013063 0.002263 0.040474
0.00013065 0.0022669 0.040527
0.00013067 0.002271 0.040582
0.00013069 0.0022751 0.040636
0.00013071 0.0022793 0.040691
0.00013072 0.0022835 0.040746
0.00013073 0.0022876 0.040801
0.00013075 0.0022919 0.040856
0.00013076 0.0022961 0.040911
0.00013077 0.0023004 0.040967
0.00013078 0.0023049 0.041023
0.00013079 0.0023093 0.041079
0.0001308 0.0023138 0.041135
0.00013081 0.0023184 0.041192
0.00013082 0.002323 0.041249
0.00013082 0.0023277 0.041306
0.00013083 0.0023325 0.041364
0.00013084 0.0023373 0.041422
0.00013085 0.0023421 0.04148
0.00013085 0.0023469 0.041537
0.00013086 0.0023518 0.041596
0.00013085 0.0023567 0.041654
0.00013085 0.0023615 0.041712
0.00013084 0.0023664 0.04177
0.00013084 0.0023714 0.041829
0.00013083 0.0023763 0.041888
0.00013082 0.0023814 0.041948
0.00013082 0.0023866 0.042007
0.00013081 0.0023919 0.042067
0.00013081 0.0023973 0.042128
0.00013081 0.0024028 0.042189
0.00013081 0.0024084 0.04225
0.00013082 0.0024141 0.042312
0.00013082 0.00242 0.042374
0.00013082 0.0024258 0.042437
0.00013082 0.0024315 0.042499
0.00013082 0.0024374 0.042561
0.00013081 0.0024432 0.042624
0.00013081 0.0024492 0.042687
0.00013079 0.002455 0.04275
0.00013078 0.0024609 0.042813
0.00013076 0.0024667 0.042875
0.00013074 0.0024726 0.042939
0.00013072 0.0024787 0.043002
0.0001307 0.0024847 0.043066
0.00013068 0.0024908 0.04304
0.00013066 0.0024968 0.043013
0.00013063 0.0025029 0.042986
0.0001306 0.0025088 0.04296
0.00013057 0.0025149 0.042933
0.00013054 0.0025211 0.042907
0.00013051 0.0025275 0.042881
0.00013048 0.0025337 0.042856
0.00013045 0.0025401 0.04283
0.00013042 0.0025467 0.042805
0.0001304 0.0025533 0.04278
0.00013037 0.0025601 0.042755
0.00013034 0.0025669 0.042731
0.00013031 0.0025735 0.042706
0.00013027 0.0025802 0.042681
0.00013023 0.002587 0.042657
0.00013019 0.0025937 0.042632
0.00013015 0.0026005 0.042608
0.00013011 0.0026075 0.042584
0.00013007 0.0026146 0.042561
0.00013004 0.0026218 0.042537
0.00013 0.0026292 0.042514
0.00012997 0.0026366 0.042491
0.00012994 0.0026442 0.042469
0.00012991 0.0026519 0.042447
0.00012988 0.0026595 0.042424
0.00012984 0.0026671 0.042402
0.0001298 0.0026749 0.04238
0.00012976 0.0026827 0.042358
0.00012973 0.0026907 0.042337
0.00012969 0.0026988 0.042315
0.00012966 0.002707 0.042294
0.00012963 0.0027154 0.042274
0.00012959 0.0027236 0.042253
0.00012955 0.0027319 0.042232
0.00012951 0.0027403 0.042211
0.00012948 0.0027488 0.042191
0.00012944 0.0027575 0.042171
0.0001294 0.0027661 0.042151
0.00012936 0.0027747 0.042131
0.00012931 0.0027834 0.042111
0.00012927 0.0027922 0.042092
0.00012923 0.0028012 0.042072
0.00012919 0.0028102 0.042053
0.00012914 0.002819 0.042034
0.00012909 0.0028281 0.042015
0.00012904 0.0028373 0.041996
0.00012899 0.0028464 0.041977
0.00012893 0.0028555 0.041958
0.00012887 0.0028645 0.041939
0.00012882 0.0028737 0.041921
0.00012875 0.0028829 0.041902
0.00012869 0.0028922 0.041884
0.00012863 0.0029016 0.041866
0.00012857 0.002911 0.041847
0.0001285 0.0029206 0.04183
0.00012844 0.0029301 0.041812
0.00012837 0.0029397 0.041794
0.00012831 0.0029496 0.041777
0.00012824 0.0029595 0.04176
0.00012818 0.0029694 0.041742
0.00012811 0.0029795 0.041726
0.00012804 0.0029895 0.041709
0.00012797 0.0029997 0.041692
0.0001279 0.0030098 0.041675
0.00012782 0.0030198 0.041659
0.00012773 0.0030298 0.041642
0.00012765 0.0030399 0.041625
0.00012756 0.00305 0.041608
0.00012748 0.0030602 0.041592
0.00012738 0.0030703 0.041576
0.00012729 0.0030807 0.041559
0.00012721 0.0030911 0.041544
0.00012711 0.0031016 0.041528
0.00012702 0.0031119 0.041512
0.00012692 0.0031225 0.041496
0.00012682 0.003133 0.04148
0.00012671 0.0031434 0.041464
0.00012661 0.0031539 0.041449
0.0001265 0.0031645 0.041433
0.00012639 0.0031751 0.041418
0.00012628 0.0031858 0.041402
0.00012616 0.0031965 0.041387
0.00012605 0.0032075 0.041372
0.00012594 0.0032186 0.041358
0.00012583 0.0032296 0.041343
0.00012572 0.0032408 0.041329
0.00012561 0.0032522 0.041314
0.00012549 0.0032635 0.0413
0.00012538 0.003275 0.041286
0.00012527 0.0032867 0.041273
0.00012516 0.0032986 0.041259
0.00012505 0.0033106 0.041246
0.00012495 0.0033228 0.041233
0.00012484 0.0033351 0.041221
0.00012474 0.0033477 0.041208
0.00012463 0.0033604 0.041196
0.00012453 0.003373 0.041184
0.00012442 0.0033859 0.041172
0.00012432 0.0033989 0.041161
0.00012421 0.003412 0.041149
0.00012411 0.0034254 0.041138
0.00012401 0.0034387 0.041127
0.00012389 0.0034519 0.041116
0.00012378 0.0034653 0.041105
0.00012368 0.0034789 0.041094
0.00012357 0.0034928 0.041084
0.00012347 0.0035069 0.041074
0.00012337 0.0035213 0.041064
0.00012327 0.0035356 0.041054
0.00012315 0.0035497 0.041044
0.00012305 0.0035641 0.040944
0.00012294 0.0035788 0.040845
0.00012283 0.0035934 0.040746
0.00012272 0.0036078 0.040646
0.0001226 0.0036226 0.040548
0.0001225 0.0036376 0.04045
0.00012238 0.0036525 0.040351
0.00012226 0.0036672 0.040253
0.00012214 0.0036822 0.040155
0.00012201 0.0036971 0.040057
0.00012189 0.0037124 0.03996
0.00012176 0.0037275 0.039863
0.00012163 0.0037423 0.039765
0.0001215 0.0037576 0.039669
0.00012137 0.0037732 0.039573
0.00012125 0.0037892 0.039478
0.00012112 0.0038049 0.039383
0.00012098 0.0038205 0.039287
0.00012084 0.0038359 0.039191
0.0001207 0.0038517 0.039096
0.00012057 0.0038679 0.039002
0.00012044 0.0038843 0.038909
0.0001203 0.0039006 0.038815
0.00012016 0.0039172 0.038723
0.00012004 0.0039342 0.038631
0.0001199 0.0039511 0.038539
0.00011977 0.0039682 0.038447
0.00011964 0.0039858 0.038357
0.00011952 0.0040037 0.038268
0.00011939 0.0040214 0.038178
0.00011925 0.004039 0.038088
0.00011911 0.0040564 0.037997
0.00011897 0.0040742 0.037907
0.00011883 0.0040923 0.037819
0.00011869 0.0041102 0.037729
0.00011854 0.0041284 0.037641
0.00011841 0.0041469 0.037553
0.00011826 0.0041654 0.037465
0.00011812 0.0041841 0.037378
0.00011798 0.0042028 0.037291
0.00011783 0.0042217 0.037204
0.00011768 0.0042406 0.037117
0.00011754 0.0042597 0.037031
0.00011739 0.0042791 0.036945
0.00011724 0.0042984 0.036859
0.00011708 0.0043176 0.036773
0.00011692 0.0043367 0.036687
0.00011676 0.0043561 0.036602
0.0001166 0.0043754 0.036516
0.00011643 0.0043946 0.036431
0.00011625 0.0044137 0.036345
0.00011607 0.0044327 0.036259
0.00011589 0.004452 0.036173
0.00011571 0.0044715 0.036088
0.00011554 0.0044913 0.036004
0.00011536 0.0045113 0.03592
0.00011519 0.0045317 0.035837
0.00011502 0.0045524 0.035755
0.00011484 0.004573 0.035672
0.00011467 0.0045938 0.03559
0.00011449 0.0046145 0.035507
0.0001143 0.0046352 0.035425
0.00011412 0.0046561 0.035343
0.00011393 0.004677 0.035261
0.00011375 0.0046981 0.03518
0.00011356 0.0047196 0.035099
0.00011338 0.0047415 0.035019
0.0001132 0.0047637 0.034939
0.00011302 0.0047858 0.03486
0.00011284 0.0048083 0.034781
0.00011265 0.0048305 0.034701
0.00011246 0.0048532 0.034623
0.00011227 0.0048757 0.034544
0.00011208 0.0048986 0.034466
0.0001119 0.004922 0.034388
0.00011172 0.0049459 0.034312
0.00011153 0.0049696 0.034235
0.00011134 0.004993 0.034157
0.00011115 0.0049955 0.034081
0.00011095 0.0049979 0.034004
0.00011075 0.0050001 0.033927
0.00011054 0.0050026 0.033851
0.00011035 0.0050053 0.033775
0.00011016 0.0050082 0.0337
0.00010997 0.0050114 0.033626
0.00010977 0.0050145 0.033552
0.00010958 0.0050178 0.033478
0.0001094 0.0050213 0.033405
0.00010922 0.0050247 0.033333
0.00010904 0.0050283 0.033262
0.00010886 0.0050318 0.033191
0.00010868 0.0050356 0.03312
0.00010851 0.0050396 0.03305
0.00010833 0.0050434 0.03298
0.00010814 0.0050472 0.032909
0.00010795 0.0050508 0.032838
0.00010775 0.0050546 0.032768
0.00010757 0.0050587 0.032699
0.00010739 0.0050631 0.03263
0.0001072 0.0050673 0.032561
0.00010701 0.0050718 0.032493
0.00010683 0.0050765 0.032425
0.00010666 0.0050815 0.032358
0.00010647 0.0050863 0.032291
0.00010629 0.0050914 0.032224
0.00010611 0.0050967 0.032159
0.00010594 0.0051023 0.032093
0.00010578 0.0051082 0.032029
0.00010561 0.0051143 0.031965
0.00010546 0.0051207 0.031902
0.00010529 0.005127 0.031839
0.00010513 0.0051336 0.031776
0.00010496 0.0051399 0.031713
0.0001048 0.0051466 0.031651
0.00010464 0.0051535 0.031589
0.00010448 0.0051606 0.031528
0.00010431 0.0051676 0.031467
0.00010414 0.0051745 0.031405
0.00010397 0.0051816 0.031344
0.00010381 0.005189 0.031284
0.00010365 0.0051967 0.031224
0.00010349 0.0052046 0.031165
0.00010334 0.0052129 0.031107
0.00010318 0.005221 0.031048
0.00010303 0.0052294 0.03099
0.00010287 0.0052376 0.030931
0.0001027 0.0052457 0.030873
0.00010252 0.0052536 0.030814
0.00010235 0.0052618 0.030756
0.00010218 0.0052703 0.030698
0.00010201 0.0052792 0.030641
0.00010185 0.0052883 0.030585
0.00010169 0.0052972 0.030528
0.00010151 0.005306 0.030471
0.00010134 0.0053151 0.030415
0.00010116 0.0053241 0.030359
0.00010098 0.0053328 0.030302
0.0001008 0.0053419 0.030246
0.00010062 0.0053513 0.03019
0.00010045 0.005361 0.030135
0.00010028 0.005371 0.030081
0.00010011 0.0053812 0.030027
9.9939e-05 0.0053913 0.029973
9.9769e-05 0.0054017 0.02992
9.9603e-05 0.0054124 0.029867
9.9441e-05 0.0054234 0.029814
9.9284e-05 0.0054348 0.029763
9.912e-05 0.005446 0.029711
9.896e-05 0.0054575 0.029659
9.8803e-05 0.0054694 0.029609
9.864e-05 0.005481 0.029557
9.848e-05 0.0054931 0.029507
9.8314e-05 0.005505 0.029456
9.8141e-05 0.0055167 0.029405
9.7961e-05 0.0055283 0.029354
9.7773e-05 0.0055397 0.029303
9.7588e-05 0.0055514 0.029252
9.7397e-05 0.0055629 0.029201
9.7209e-05 0.0055747 0.029151
9.7023e-05 0.0055868 0.029101
9.684e-05 0.0055992 0.029051
9.6651e-05 0.0056115 0.029001
9.6456e-05 0.0056237 0.028951
9.6256e-05 0.0056358 0.028901
9.6058e-05 0.0056481 0.028852
9.5854e-05 0.0056603 0.028802
9.5652e-05 0.0056728 0.028753
9.5451e-05 0.0056855 0.028704
9.5251e-05 0.0056984 0.028655
9.5047e-05 0.0057113 0.028607
9.4843e-05 0.0057243 0.028559
9.464e-05 0.0057376 0.028511
9.4433e-05 0.0057508 0.028463
9.4226e-05 0.0057642 0.028415
9.402e-05 0.0057778 0.028368
9.3809e-05 0.0057914 0.02832
9.3599e-05 0.0058052 0.028273
9.3389e-05 0.0058191 0.028226
9.318e-05 0.0058333 0.02818
9.2972e-05 0.0058477 0.028134
9.2764e-05 0.0058623 0.028088
9.2557e-05 0.0058771 0.028043
9.2346e-05 0.0058918 0.027997
9.2135e-05 0.0059068 0.027952
9.1919e-05 0.0059218 0.027907
9.1705e-05 0.0059369 0.027862
9.1485e-05 0.005952 0.027817
9.1267e-05 0.0059673 0.027772
9.1049e-05 0.0059828 0.027727
9.0832e-05 0.0059986 0.027683
9.0616e-05 0.0060146 0.02764
9.0395e-05 0.0060306 0.027596
9.0175e-05 0.0060468 0.027552
8.995e-05 0.0060629 0.027509
8.9721e-05 0.006079 0.027465
8.9492e-05 0.0060953 0.027422
8.9259e-05 0.0061116 0.027379
8.9021e-05 0.0061278 0.027335
8.8783e-05 0.0061442 0.027292
8.8547e-05 0.0061609 0.02725
8.8306e-05 0.0061775 0.027207
8.8061e-05 0.0061941 0.027164
8.7816e-05 0.0062109 0.027122
8.7567e-05 0.0062276 0.027079
8.7318e-05 0.0062446 0.027037
8.7071e-05 0.0062619 0.026995
8.6824e-05 0.0062794 0.026953
8.6579e-05 0.0062972 0.026912
8.6334e-05 0.0063153 0.026871
8.609e-05 0.0063336 0.026831
8.5846e-05 0.0063522 0.02679
8.5598e-05 0.0063707 0.02675
8.5344e-05 0.0063891 0.026709
8.5092e-05 0.0064078 0.026669
8.4841e-05 0.0064268 0.026629
8.4589e-05 0.006446 0.02659
8.4338e-05 0.0064654 0.02655
8.4082e-05 0.0064848 0.026511
8.3828e-05 0.0065045 0.026472
8.3574e-05 0.0065244 0.026433
8.3315e-05 0.0065443 0.026394
8.3057e-05 0.0065644 0.026356
8.2793e-05 0.0065845 0.026317
8.2531e-05 0.0066049 0.026279
8.227e-05 0.0066255 0.026241
8.2009e-05 0.0066465 0.026203
8.1744e-05 0.0066674 0.026165
8.1479e-05 0.0066886 0.026128
8.1209e-05 0.0067097 0.02609
8.0941e-05 0.0067311 0.026053
8.0673e-05 0.0067528 0.026016
8.04e-05 0.0067744 0.025979
8.0123e-05 0.006796 0.025942
7.9846e-05 0.0068178 0.025905
7.9569e-05 0.0068399 0.025869
7.9288e-05 0.006862 0.025832
7.9007e-05 0.0068843 0.025796
7.8721e-05 0.0069066 0.02576
7.8436e-05 0.0069291 0.025724
7.8152e-05 0.0069521 0.025688
7.7869e-05 0.0069753 0.025653
7.7581e-05 0.0069985 0.025617
7.7288e-05 0.0070215 0.025581
7.6996e-05 0.0070449 0.025546
7.6699e-05 0.0070682 0.025511
7.6396e-05 0.0070914 0.025475
7.6089e-05 0.0071145 0.02544
7.5783e-05 0.007138 0.025405
7.5479e-05 0.0071618 0.02537
7.5169e-05 0.0071856 0.025335
7.4861e-05 0.0072097 0.025301
7.4548e-05 0.0072337 0.025266
7.4237e-05 0.0072583 0.025232
7.393e-05 0.0072834 0.025198
7.3625e-05 0.007309 0.025164
7.3322e-05 0.007335 0.025131
7.3013e-05 0.0073608 0.025098
7.2706e-05 0.0073872 0.025065
7.2403e-05 0.007388 0.025033
7.2092e-05 0.0073886 0.025
7.1783e-05 0.0073895 0.024968
7.1467e-05 0.0073902 0.024936
7.1155e-05 0.0073912 0.024904
7.0836e-05 0.0073921 0.024872
7.0519e-05 0.0073932 0.02484
7.0195e-05 0.0073942 0.024808
6.9875e-05 0.0073955 0.024776
6.9556e-05 0.007397 0.024745
6.924e-05 0.0073987 0.024714
6.8925e-05 0.0074007 0.024684
6.8612e-05 0.007403 0.024654
6.8293e-05 0.0074051 0.024623
6.7975e-05 0.0074074 0.024593
6.766e-05 0.00741 0.024564
6.7346e-05 0.0074129 0.024535
6.7035e-05 0.007416 0.024506
6.6726e-05 0.0074193 0.024477
6.6418e-05 0.0074229 0.024449
6.6103e-05 0.0074264 0.02442
6.5783e-05 0.0074297 0.024392
6.5456e-05 0.007433 0.024363
6.5124e-05 0.0074361 0.024335
6.4786e-05 0.0074392 0.024306
6.4449e-05 0.0074424 0.024277
6.4107e-05 0.0074456 0.024248
6.3766e-05 0.007449 0.02422
6.3426e-05 0.0074526 0.024192
6.3081e-05 0.0074561 0.024164
6.2729e-05 0.0074595 0.024136
6.2379e-05 0.0074632 0.024108
6.2031e-05 0.0074671 0.02408
6.1673e-05 0.0074712 0.024052
6.1318e-05 0.0074757 0.024025
6.0965e-05 0.0074804 0.023997
6.0606e-05 0.007485 0.02397
6.024e-05 0.0074895 0.023942
5.9877e-05 0.0074942 0.023915
5.9516e-05 0.0074992 0.023889
5.9147e-05 0.0075041 0.023862
5.8773e-05 0.0075088 0.023834
5.8393e-05 0.0075135 0.023807
5.8007e-05 0.007518 0.02378
5.7614e-05 0.0075224 0.023752
5.7224e-05 0.007527 0.023725
5.6828e-05 0.0075316 0.023698
5.6433e-05 0.0075364 0.023671
5.6032e-05 0.007541 0.023644
5.5625e-05 0.0075456 0.023617
5.522e-05 0.0075504 0.02359
5.4816e-05 0.0075551 0.023564
5.4413e-05 0.00756 0.023537
5.401e-05 0.0075651 0.023511
5.3609e-05 0.0075705 0.023486
5.3208e-05 0.007576 0.02346
5.2802e-05 0.0075815 0.023435
5.2396e-05 0.0075872 0.023409
5.1985e-05 0.0075928 0.023384
5.1575e-05 0.0075986 0.023359
5.1165e-05 0.0076046 0.023334
5.0755e-05 0.0076109 0.023309
5.0341e-05 0.007617 0.023285
4.9927e-05 0.0076234 0.02326
4.9508e-05 0.0076297 0.023236
4.9089e-05 0.0076362 0.023211
4.8665e-05 0.0076426 0.023187
4.8241e-05 0.0076492 0.023163
4.7813e-05 0.0076558 0.023139
4.7384e-05 0.0076625 0.023115
4.695e-05 0.0076692 0.023091
4.6512e-05 0.0076758 0.023067
4.6073e-05 0.0076826 0.023043
4.5635e-05 0.0076896 0.02302
4.5196e-05 0.0076968 0.022996
4.4757e-05 0.0077042 0.022973
4.4319e-05 0.0077117 0.02295
4.388e-05 0.0077195 0.022928
4.3441e-05 0.0077275 0.022905
4.3002e-05 0.0077356 0.022883
4.2563e-05 0.007744 0.022861
4.2124e-05 0.0077526 0.022839
4.168e-05 0.0077611 0.022817
4.1236e-05 0.0077698 0.022796
4.0787e-05 0.0077784 0.022774
4.0333e-05 0.007787 0.022752
3.9878e-05 0.0077958 0.022731
3.9424e-05 0.0078047 0.022709
3.8964e-05 0.0078136 0.022688
3.85e-05 0.0078225 0.022666
3.8036e-05 0.0078315 0.022645
3.7567e-05 0.0078405 0.022624
3.7098e-05 0.0078497 0.022603
3.6624e-05 0.0078588 0.022582
3.615e-05 0.0078682 0.022561
3.5676e-05 0.0078777 0.02254
3.5203e-05 0.0078876 0.02252
3.473e-05 0.0078976 0.0225
3.4257e-05 0.0079079 0.02248
3.3785e-05 0.0079185 0.02246
3.3313e-05 0.0079293 0.022441
3.2836e-05 0.00794 0.022421
3.236e-05 0.007951 0.022402
3.1878e-05 0.0079619 0.022383
3.1397e-05 0.0079731 0.022364
3.0916e-05 0.0079573 0.022345
3.0429e-05 0.0079415 0.022326
2.9938e-05 0.0079256 0.022307
2.9446e-05 0.0079099 0.022289
2.895e-05 0.0078942 0.02227
2.8454e-05 0.0078788 0.022251
2.7953e-05 0.0078633 0.022233
2.7448e-05 0.0078477 0.022214
2.6942e-05 0.0078324 0.022196
2.6436e-05 0.0078174 0.022178
2.5931e-05 0.0078027 0.02216
2.5425e-05 0.0077882 0.022142
2.4915e-05 0.0077736 0.022124
2.4404e-05 0.0077593 0.022107
2.3894e-05 0.0077453 0.022089
2.3383e-05 0.0077316 0.022072
2.2867e-05 0.0077177 0.022055
2.2352e-05 0.0077042 0.022038
2.1836e-05 0.0076908 0.022022
2.132e-05 0.0076778 0.022005
2.0803e-05 0.007665 0.021989
2.0286e-05 0.0076524 0.021973
1.9768e-05 0.00764 0.021957
1.9249e-05 0.0076278 0.021942
1.8726e-05 0.0076156 0.021926
1.8197e-05 0.0076033 0.02191
1.7669e-05 0.0075912 0.021895
1.714e-05 0.0075793 0.021879
1.661e-05 0.0075678 0.021864
1.6076e-05 0.0075561 0.021849
1.641e-05 0.0075443 0.021829
1.6739e-05 0.0075324 0.021809
1.7063e-05 0.0075205 0.021789
1.7383e-05 0.0075085 0.021769
1.7702e-05 0.0074968 0.021749
1.8018e-05 0.0074852 0.021729
1.8334e-05 0.0074739 0.021709
1.8644e-05 0.0074625 0.02169
1.8953e-05 0.0074513 0.02167
1.9261e-05 0.0074404 0.021651
1.9564e-05 0.0074294 0.021632
1.9866e-05 0.0074186 0.021613
2.0166e-05 0.007408 0.021594
2.0465e-05 0.0073976 0.021576
2.0762e-05 0.0073874 0.021557
2.1058e-05 0.0073775 0.021539
2.1352e-05 0.0073677 0.021521
2.1645e-05 0.0073582 0.021503
2.1933e-05 0.0073486 0.021485
2.222e-05 0.0073392 0.021468
2.2506e-05 0.00733 0.02145
2.279e-05 0.007321 0.021433
2.307e-05 0.007312 0.021416
2.3348e-05 0.0073031 0.021399
2.3625e-05 0.0072945 0.021382
2.3901e-05 0.007286 0.021365
2.4174e-05 0.0072778 0.021349
2.4444e-05 0.0072694 0.021332
2.4712e-05 0.0072613 0.021316
2.4975e-05 0.0072532 0.0213
2.5237e-05 0.0072452 0.021284
2.5494e-05 0.0072371 0.021267
2.575e-05 0.0072292 0.021251
2.6004e-05 0.0072215 0.021236
2.6258e-05 0.0072141 0.02122
2.6506e-05 0.0072065 0.021204
2.6753e-05 0.0071992 0.021189
2.7e-05 0.007192 0.021174
2.7245e-05 0.0071851 0.021159
2.7489e-05 0.0071784 0.021144
2.7731e-05 0.0071718 0.021129
2.7969e-05 0.0071652 0.021114
2.8202e-05 0.0071585 0.0211
2.8431e-05 0.0071518 0.021085
2.8658e-05 0.0071452 0.02107
2.8881e-05 0.0071387 0.021056
2.9099e-05 0.007132 0.021041
2.9312e-05 0.0071253 0.021026
2.9524e-05 0.0071188 0.021012
2.9735e-05 0.0071124 0.020997
2.9941e-05 0.007106 0.020983
3.0142e-05 0.0070995 0.020968
3.0338e-05 0.007093 0.020954
3.0534e-05 0.0070867 0.020939
3.0728e-05 0.0070805 0.020925
3.0922e-05 0.0070746 0.020911
3.1114e-05 0.0070689 0.020898
3.1304e-05 0.0070633 0.020884
3.149e-05 0.0070576 0.020871
3.1672e-05 0.0070519 0.020857
3.1852e-05 0.0070464 0.020844
3.2028e-05 0.0070408 0.02083
3.2198e-05 0.0070352 0.020816
3.2368e-05 0.0070297 0.020803
3.2536e-05 0.0070245 0.02079
3.27e-05 0.0070191 0.020777
3.2862e-05 0.007014 0.020764
3.302e-05 0.0070088 0.020751
3.3177e-05 0.0070038 0.020738
3.3328e-05 0.0069987 0.020725
3.3479e-05 0.0069938 0.020712
3.3628e-05 0.006989 0.0207
3.3776e-05 0.0069845 0.020687
3.392e-05 0.0069798 0.020675
3.4062e-05 0.0069754 0.020663
3.42e-05 0.0069709 0.02065
3.4336e-05 0.0069666 0.020638
3.4472e-05 0.0069625 0.020626
3.4603e-05 0.0069583 0.020614
3.4728e-05 0.0069541 0.020602
3.4853e-05 0.00695 0.020591
3.4973e-05 0.0069458 0.020579
3.5088e-05 0.0069416 0.020567
3.5199e-05 0.0069373 0.020555
3.5308e-05 0.0069332 0.020543
3.5413e-05 0.0069291 0.020532
3.5517e-05 0.0069251 0.02052
3.562e-05 0.0069214 0.020509
3.5722e-05 0.0069178 0.020497
3.5819e-05 0.0069141 0.020486
3.5914e-05 0.0069106 0.020475
3.6009e-05 0.0069073 0.020464
3.6103e-05 0.0069042 0.020453
3.6191e-05 0.006901 0.020443
3.6279e-05 0.0068979 0.020432
3.6361e-05 0.0068948 0.020421
3.6439e-05 0.0068916 0.020411
3.6515e-05 0.0068886 0.0204
3.6587e-05 0.0068856 0.02039
3.6653e-05 0.0068824 0.020379
3.6719e-05 0.0068794 0.020369
3.678e-05 0.0068764 0.020358
3.6835e-05 0.0068733 0.020347
3.6885e-05 0.0068701 0.020337
3.6931e-05 0.0068668 0.020326
3.6976e-05 0.0068637 0.020315
3.7016e-05 0.0068606 0.020305
3.7055e-05 0.0068577 0.020295
3.7089e-05 0.0068546 0.020284
3.7123e-05 0.0068518 0.020274
3.7152e-05 0.006849 0.020264
3.718e-05 0.0068463 0.020254
3.7208e-05 0.0068438 0.020244
3.7235e-05 0.0068416 0.020234
3.7262e-05 0.0068395 0.020225
3.7283e-05 0.0068374 0.020215
3.7304e-05 0.0068354 0.020206
3.7319e-05 0.0068334 0.020197
3.7329e-05 0.0068312 0.020187
3.7334e-05 0.006829 0.020177
3.7338e-05 0.006827 0.020168
3.7342e-05 0.0068252 0.020159
3.7346e-05 0.0068236 0.02015
3.735e-05 0.0068222 0.020142
3.7347e-05 0.0068208 0.020133
3.734e-05 0.0068192 0.020124
3.9293e-05 0.0068175 0.020115
4.1257e-05 0.006816 0.020106
4.3212e-05 0.0068145 0.020097
4.5177e-05 0.0068131 0.020088
4.7133e-05 0.0068116 0.020079
4.9101e-05 0.0068104 0.02007
5.1084e-05 0.0068094 0.020061
5.308e-05 0.0068088 0.020053
5.5067e-05 0.006808 0.020045
5.7042e-05 0.006807 0.020036
5.9005e-05 0.0068059 0.020028
6.0957e-05 0.0068047 0.020019
6.2924e-05 0.0068037 0.020011
6.4906e-05 0.0068031 0.020002
6.6903e-05 0.0068027 0.019995
6.8917e-05 0.0068026 0.019987
7.0945e-05 0.0068028 0.01998
7.299e-05 0.0068034 0.019973
7.5051e-05 0.0068042 0.019966
7.7101e-05 0.0068048 0.019959
7.9164e-05 0.0068057 0.019953
8.1243e-05 0.0068069 0.019947
8.3339e-05 0.0068084 0.019941
8.5449e-05 0.0068102 0.019935
8.7549e-05 0.0068118 0.019929
8.9663e-05 0.0068137 0.019924
9.1767e-05 0.0068155 0.019918
