

Model 7: beta

TREE # 1

  0  0.0000   5707.713700  x:  2.00000   1.07454   1.82221  
  1 99.0000   3587.071526  x:  2.04942   0.00500   1.97290  
  2 1925.2191   3436.718030  x:  2.32682   0.01200   2.81724  
  3 280.0057   3429.691179  x: 12.78411   0.01217   1.48664  
  4  2.7686   3321.363657  x: 70.80050   0.02024  20.56237  
  5  7.6340   3186.280532  x: 359.07611   0.05707  99.00000  
  6 141.2415   3186.280532  x: 359.07611   0.05707  99.00000  
  7 16.0609   3182.312495  x: 359.07612   0.08915  98.99999  
  8 309.6064   3182.311902  x: 359.08320   0.08915  99.00000  
  9  0.0838   3170.720422  x: 999.00000   0.09475  99.00000  
 10 483.7167   3170.539423  x: 940.50865   0.08721  99.00000  
 11 20.1372   3170.483409  x: 881.24536   0.08899  99.00000  
 12 14.9258   3170.483123  x: 882.32059   0.08931  99.00000  
 13  1.1640   3170.483123  x: 882.12217   0.08932  99.00000  
 14  0.2087   3170.483123  x: 882.12228   0.08932  99.00000  

Model 8: beta&w>1

TREE # 1

  0  0.0000   3520.834823  x: 882.12228   0.90000   0.23464   1.29191   2.72302  
  1 99.0000   3158.435842  x: 882.12228   0.92386   0.00500   1.30419   2.72458  
  2 1508.7053   3148.277157  x: 882.12229   0.97924   0.00906   1.31834   2.72540  
  3 65.5486   3148.217696  x: 882.12229   0.98074   0.00921   1.31958   2.72555  
  4 301.2793   3147.054288  x: 882.12875   0.97323   0.00978   1.43271   2.12981  
  5  1.3274   3145.446669  x: 882.17497   0.96942   0.01001   1.18328   4.39453  
  6  0.5840   3145.415230  x: 882.18747   0.96912   0.00992   1.19957   4.47770  
  7  0.0632   3145.402074  x: 882.23103   0.96962   0.00989   1.16033   4.85306  
  8  0.1066   3145.401832  x: 882.25432   0.96948   0.00988   1.16127   4.86685  
  9  0.0117   3145.401192  x: 882.37944   0.96933   0.00990   1.15823   4.89886  
 10  0.0189   3145.394461  x: 883.11674   0.96926   0.00993   1.17123   4.88118  
 11  0.0922   3145.188964  x: 921.04187   0.96777   0.01142   1.78514   4.47562  
 12 54.9647   3144.812275  x: 999.00000   0.96782   0.01359   2.81262   6.15035  
 13 16.8569   3144.559015  x: 999.00000   0.96981   0.01123   1.80667   5.48258  
 14  1.1790   3144.547418  x: 999.00000   0.97016   0.01111   1.74330   5.15721  
 15  0.3970   3144.547312  x: 999.00000   0.97025   0.01115   1.75991   5.16653  
 16  0.0155   3144.547312  x: 999.00000   0.97025   0.01116   1.76289   5.16920  
 17  0.0065   3144.547311  x: 999.00000   0.97026   0.01116   1.76558   5.17048  
 18  0.0090   3144.547311  x: 999.00000   0.97026   0.01117   1.77031   5.17193  
 19  0.0221   3144.547311  x: 999.00000   0.97027   0.01119   1.77782   5.17355  
 20  0.0440   3144.547310  x: 999.00000   0.97027   0.01121   1.78861   5.17529  
 21  0.0744   3144.547310  x: 999.00000   0.97028   0.01123   1.80281   5.17706  
 22  0.1100   3144.547309  x: 999.00000   0.97028   0.01126   1.82017   5.17877  
 23  0.1446   3144.547307  x: 999.00000   0.97029   0.01130   1.84037   5.18038  
 24  0.1713   3144.547306  x: 999.00000   0.97030   0.01134   1.86334   5.18186  
 25  0.1859   3144.547304  x: 999.00000   0.97030   0.01139   1.88925   5.18321  
 26  0.1900   3144.547301  x: 999.00000   0.97031   0.01144   1.91878   5.18442  
 27  0.1864   3144.547297  x: 999.00000   0.97031   0.01150   1.95313   5.18546  
 28  0.1787   3144.547290  x: 999.00000   0.97031   0.01157   1.99439   5.18625  
 29  0.1697   3144.547279  x: 999.00000   0.97032   0.01165   2.04625   5.18660  
 30  0.1611   3144.547257  x: 999.00000   0.97032   0.01177   2.11575   5.18602  
 31  0.1541   3144.547209  x: 999.00000   0.97031   0.01193   2.21812   5.18315  
 32  0.1492   3144.547079  x: 999.00000   0.97028   0.01222   2.41166   5.17238  
 33  0.1420   3144.546987  x: 999.00000   0.97023   0.01241   2.55847   5.15803  
 34  0.0952   3144.546892  x: 999.00000   0.97020   0.01262   2.70580   5.15086  
 35  0.7054   3144.546881  x: 999.00000   0.97019   0.01270   2.75724   5.14907  
 36  0.2884   3144.546860  x: 999.00000   0.97019   0.01280   2.83250   5.14987  
 37  0.1198   3144.546820  x: 999.00000   0.97021   0.01294   2.93283   5.15566  
 38  0.1378   3144.546721  x: 999.00000   0.97026   0.01314   3.08275   5.17548  
 39  0.1175   3144.546625  x: 999.00000   0.97032   0.01320   3.13435   5.19198  
 40  0.0373   3144.546540  x: 999.00000   0.97034   0.01347   3.35101   5.19179  
 41  0.1359   3144.546413  x: 999.00000   0.97031   0.01373   3.56743   5.18172  
 42  0.2138   3144.546085  x: 999.00000   0.97016   0.01403   3.84562   5.13558  
 43  0.1663   3144.545913  x: 999.00000   0.97018   0.01435   4.12730   5.14871  
 44  0.2728   3144.545457  x: 999.00000   0.97033   0.01478   4.52108   5.20854  
 45  0.3127   3144.544576  x: 999.00000   0.97028   0.01556   5.30401   5.16717  
 46  0.2156   3144.543651  x: 999.00000   0.97019   0.01597   5.82847   5.11446  
 47  0.6303   3144.542387  x: 999.00000   0.97015   0.01694   6.86707   5.10007  
 48  2.6475   3144.541027  x: 999.00000   0.97023   0.01788   7.90230   5.18478  
 49  0.7636   3144.539951  x: 999.00000   0.97034   0.01792   7.98638   5.26560  
 50  0.1262   3144.536853  x: 999.00000   0.97044   0.01994  10.44855   5.28605  
 51  1.0387   3144.527172  x: 999.00000   0.97020   0.02326  15.11650   5.11033  
 52  1.2783   3144.490768  x: 999.00000   0.96933   0.02828  25.75736   4.93824  
 53  1.3303   3144.306128  x: 999.00000   0.96756   0.06202  82.44905   4.85741  
 54 75.8157   3144.187896  x: 999.00000   0.96856   0.07195  99.00000   5.37334  
 55 30.5518   3144.138901  x: 999.00000   0.96806   0.06699  99.00000   5.11503  
 56 528668.5390   3144.119327  x: 999.00000   0.96951   0.06610  99.00000   4.87690  
 57  0.2415   3144.119327  x: 999.00000   0.96951   0.06610  99.00000   4.87690  
 58  0.0075   3144.119261  x: 999.00000   0.96947   0.06596  99.00000   4.87615  
 59  0.0038   3144.117153  x: 999.00000   0.96959   0.06587  99.00000   4.87546  
 60  0.0001   3144.109014  x: 999.00000   0.97058   0.06507  99.00000   4.87001  
 61  0.0058   3144.109009  x: 999.00000   0.97059   0.06504  99.00000   4.86986  
 62  0.0000   3144.108957  x: 999.00000   0.97059   0.06504  99.00000   4.87042  
 63  0.0001   3144.084299  x: 999.00000   0.97119   0.06719  99.00000   5.42014  
 64  0.4131   3144.081791  x: 999.00000   0.97074   0.06680  99.00000   5.47060  
 65  0.0330   3144.081767  x: 999.00000   0.97078   0.06681  99.00000   5.48420  
 66  0.0118   3144.081767  x: 999.00000   0.97078   0.06682  99.00000   5.48502  