

TREE # 1

  0  0.0000   4508.054756  x:  0.06823   0.07737   0.05320   0.04139   0.04610   0.02375   0.05352   0.04703   0.03685   0.99765   0.84884  
  1 99.0000   4207.371519  x:  0.04247   0.05952   0.04303   0.04175   0.02102   0.00000   0.36033   0.06263   0.06599   1.00597   0.84139  
  2 3883.7277   4174.540279  x:  0.03142   0.05187   0.03869   0.04190   0.01047   0.01063   0.49082   0.06925   0.07835   1.00955   0.83817  
  3 158810.8793   4170.729032  x:  0.02163   0.04905   0.03980   0.03817   0.02606   0.01067   0.49414   0.06587   0.07353   1.01398   0.83374  
  4 472.3314   4168.022984  x:  0.01023   0.04575   0.04141   0.03471   0.02237   0.01068   0.49460   0.06041   0.06529   1.02252   0.82515  
  5 307.2306   4163.827689  x:  0.01613   0.04005   0.04502   0.03720   0.02190   0.01071   0.49790   0.04832   0.04524   1.05217   0.79515  
  6 308.6673   4104.806787  x:  0.01059   0.06760   0.04049   0.04745   0.02324   0.01068   0.49927   0.07492   0.02498   1.52524   0.30748  
  7 497.9115   4098.526198  x:  0.01354   0.05223   0.04518   0.04171   0.02267   0.01066   0.49764   0.06657   0.03984   1.59032   0.24300  
  8 1276.4149   4097.239427  x:  0.01339   0.04590   0.03395   0.04304   0.02271   0.01064   0.49669   0.06579   0.04142   1.62379   0.25090  
  9 85.9411   4088.566866  x:  0.01333   0.03526   0.04988   0.04425   0.02236   0.01058   0.49413   0.06224   0.05989   1.93563   0.35225  
 10 397.8984   4087.630395  x:  0.01523   0.04264   0.04746   0.03722   0.02223   0.01060   0.49464   0.05403   0.06335   1.96567   0.36203  
 11 313.8202   4087.628668  x:  0.01507   0.04277   0.04746   0.03769   0.02225   0.01060   0.49464   0.05373   0.06352   1.96582   0.36202  
 12  1.1639   4083.769179  x:  0.01335   0.05091   0.04073   0.04171   0.01710   0.01070   0.50237   0.07078   0.06289   2.40512   0.35749  
 13  1.3398   4082.664839  x:  0.01402   0.04426   0.04083   0.03869   0.01611   0.01084   0.51115   0.05862   0.06283   2.58298   0.34702  
 14  0.1408   4082.419230  x:  0.01463   0.04543   0.04308   0.04001   0.01879   0.01099   0.51996   0.06003   0.06161   2.66969   0.34634  
 15  0.0589   4082.317295  x:  0.01371   0.04636   0.04283   0.03988   0.01734   0.01119   0.53009   0.06076   0.06052   2.72768   0.34925  
 16  0.0254   4082.264613  x:  0.01398   0.04536   0.04204   0.03985   0.01780   0.01138   0.53727   0.05997   0.06058   2.68339   0.35040  
 17  0.0160   4082.251791  x:  0.01387   0.04566   0.04264   0.04013   0.01757   0.01146   0.53876   0.06083   0.06087   2.65754   0.34758  
 18  0.0130   4082.243489  x:  0.01396   0.04569   0.04259   0.03979   0.01759   0.01158   0.53964   0.06005   0.06161   2.66286   0.34427  
 19  0.0021   4082.213701  x:  0.01410   0.04572   0.04200   0.03963   0.01771   0.01201   0.53931   0.06073   0.06258   2.67001   0.34637  
 20  0.0009   4082.164694  x:  0.01390   0.04506   0.04232   0.03988   0.01755   0.01338   0.53675   0.06113   0.06331   2.68320   0.34960  
 21  0.0053   4082.137487  x:  0.01377   0.04544   0.04276   0.04002   0.01743   0.01369   0.53615   0.06025   0.06127   2.66675   0.34695  
 22  0.0079   4082.136892  x:  0.01385   0.04555   0.04259   0.03994   0.01746   0.01379   0.53590   0.06041   0.06118   2.66635   0.34714  
 23  0.0005   4082.136890  x:  0.01385   0.04555   0.04259   0.03994   0.01746   0.01379   0.53595   0.06041   0.06118   2.66629   0.34710  
 24  0.0001   4082.136890  x:  0.01385   0.04555   0.04259   0.03994   0.01746   0.01379   0.53595   0.06041   0.06118   2.66629   0.34710  
 25  0.0000   4082.136890  x:  0.01385   0.04555   0.04259   0.03994   0.01746   0.01379   0.53595   0.06041   0.06118   2.66630   0.34710  
 26  0.0000   4082.136890  x:  0.01385   0.04555   0.04259   0.03994   0.01746   0.01379   0.53595   0.06041   0.06118   2.66629   0.34710  