Megaderma_lyra Miniopterus_natalensis Molossus_molossus Myotis_lucifugus Myotis_myotis
0.81137 0.023258 0.26683 0.0047254 0.011243
0.81225 0.022911 0.26678 0.0047062 0.011248
0.81336 0.022617 0.26692 0.004688 0.011253
0.81435 0.022296 0.26696 0.0046693 0.011258
0.81561 0.022033 0.26721 0.0046499 0.011263
0.81675 0.021754 0.26737 0.0046299 0.011267
0.81818 0.021445 0.26742 0.0046091 0.011272
0.81945 0.021105 0.26736 0.0045877 0.011275
0.8253 0.020733 0.2672 0.0045656 0.011279
0.8306 0.020327 0.26695 0.0045427 0.011282
0.83438 0.020388 0.26656 0.0045191 0.011285
0.83776 0.020439 0.26605 0.0044948 0.011287
0.84082 0.020475 0.26542 0.0044698 0.011289
0.84482 0.020496 0.26644 0.0044441 0.011291
0.8484 0.0205 0.26729 0.0044176 0.011293
0.8516 0.020487 0.26799 0.0043903 0.011294
0.85577 0.020457 0.26854 0.0043622 0.011295
0.8595 0.020411 0.26897 0.0043333 0.011295
0.86284 0.020349 0.26928 0.0043037 0.011296
0.86391 0.020317 0.26873 0.0042755 0.011297
0.86525 0.020315 0.26842 0.0042488 0.011298
0.86646 0.020298 0.26801 0.0042214 0.011299
0.86754 0.020264 0.26746 0.004196 0.011301
0.86849 0.020215 0.2668 0.0041698 0.011303
0.86935 0.020667 0.266 0.004143 0.011305
0.87044 0.020764 0.26547 0.0041176 0.011307
0.87061 0.020896 0.26518 0.0040941 0.011286
0.87017 0.021848 0.26471 0.0040723 0.011266
0.86964 0.022721 0.2641 0.0040499 0.011246
0.86903 0.02353 0.26337 0.004069 0.011225
0.86703 0.024131 0.26331 0.0040874 0.011203
0.86502 0.025058 0.26249 0.0041071 0.011182
0.86302 0.026159 0.25977 0.004128 0.011162
0.86102 0.027033 0.25624 0.0041503 0.011144
0.85902 0.028061 0.25359 0.0041738 0.011126
0.85702 0.030058 0.24792 0.0041967 0.011108
0.85502 0.031888 0.24131 0.0042191 0.011089
0.85346 0.034073 0.23645 0.004243 0.011071
0.85222 0.036634 0.22203 0.0042682 0.011054
0.85126 0.037469 0.21142 0.0042949 0.011038
0.85052 0.038453 0.20337 0.0043231 0.011023
0.84968 0.039356 0.19409 0.0043508 0.011007
0.84873 0.040189 0.18354 0.0043803 0.010993
0.84802 0.040833 0.16435 0.0044091 0.010978
0.8475 0.040985 0.15046 0.0044393 0.010964
0.84688 0.041112 0.13443 0.0044687 0.010949
0.84643 0.041287 0.12227 0.0044966 0.010934
0.84614 0.041514 0.11304 0.004526 0.010919
0.84599 0.041805 0.10625 0.0045545 0.010904
0.84578 0.042064 0.098416 0.0045821 0.010888
0.84571 0.042392 0.092652 0.0046113 0.010874
0.84579 0.042371 0.088414 0.0046423 0.01086
0.84601 0.041972 0.085304 0.004675 0.010847
0.84638 0.041644 0.082951 0.0047095 0.010835
0.84605 0.041283 0.08027 0.0047431 0.010822
0.84458 0.040994 0.078308 0.0047786 0.010811
0.84298 0.040672 0.076036 0.0048131 0.010798
0.83801 0.039568 0.074325 0.0048494 0.010787
0.83574 0.038365 0.07234 0.0048848 0.010775
0.83392 0.03734 0.070841 0.0049219 0.010764
0.8319 0.036235 0.069133 0.0049582 0.010753
0.82967 0.035044 0.067191 0.0049936 0.010741
0.82788 0.034029 0.065722 0.0050308 0.01073
0.82587 0.032925 0.064024 0.005067 0.010719
0.82452 0.032003 0.062792 0.0051052 0.010709
0.82303 0.031008 0.061382 0.0051426 0.010698
0.82187 0.030177 0.060361 0.0051824 0.010651
0.82057 0.029271 0.059172 0.0052212 0.010603
0.81912 0.028293 0.057812 0.0052591 0.010554
0.81797 0.027825 0.054992 0.0052961 0.010504
0.81668 0.027312 0.05174 0.0053322 0.010453
0.81522 0.026751 0.047995 0.0053672 0.010402
0.81359 0.026139 0.043691 0.0054014 0.010349
0.81178 0.025479 0.038819 0.0054347 0.010296
0.80979 0.024767 0.033311 0.0054673 0.010242
0.8076 0.024 0.027084 0.005499 0.010187
0.80064 0.023357 0.022459 0.0055326 0.010134
0.79303 0.022665 0.021815 0.0055654 0.01008
0.7868 0.022074 0.019765 0.0055999 0.010028
0.77999 0.021438 0.017458 0.0056336 0.0099754
0.77255 0.020755 0.014861 0.0056665 0.0099219
0.76442 0.020021 0.011936 0.0056987 0.0098677
0.75791 0.019404 0.0097566 0.0057327 0.0098155
0.7507 0.018734 0.0072606 0.0057658 0.0097623
0.74483 0.016633 0.0053602 0.0058006 0.0097111
0.72692 0.014836 0.0039139 0.0058372 0.0096618
0.71268 0.013344 0.0028527 0.005873 0.0096117
0.7011 0.012069 0.0020461 0.0059105 0.0095633
0.68819 0.010626 0.0011495 0.0059501 0.0095169
0.67395 0.0087617 0.00096605 0.0059919 0.0094723
0.65826 0.0084874 0.00075494 0.0060327 0.009427
0.64095 0.008455 0.00070987 0.0060726 0.0093809
0.6214 0.0084123 0.00065478 0.0061115 0.0093341
0.60589 0.008391 0.00061758 0.0061527 0.0092892
0.58856 0.0087048 0.00057002 0.0061927 0.0092434
0.53718 0.0090821 0.0005383 0.0062351 0.0091995
0.47993 0.009427 0.0004976 0.0062763 0.0091547
0.41613 0.0097447 0.00044801 0.0063166 0.0091092
0.36776 0.010037 0.00038872 0.0063559 0.0090629
0.32933 0.01039 0.00034647 0.0063974 0.0090185
0.28642 0.010712 0.00029477 0.0064378 0.0089732
0.25234 0.011106 0.00025794 0.0064772 0.0089271
0.22533 0.011579 0.0002323 0.0065188 0.0088828
0.19557 0.012016 0.00020254 0.0065594 0.0088378
0.17235 0.012541 0.00018199 0.0066023 0.0087947
0.14187 0.013169 0.0001687 0.0066476 0.0087533
0.11767 0.01392 0.00016143 0.0066954 0.0087136
0.11121 0.014609 0.00014939 0.0067419 0.0086731
0.1103 0.015241 0.00013233 0.0067874 0.0086319
0.10962 0.015996 0.00012119 0.0068355 0.0085925
0.10877 0.016694 0.00015181 0.0068824 0.0085523
0.10811 0.017253 0.00016318 0.0069282 0.0085115
0.10736 0.017764 0.00016981 0.0069729 0.0084698
0.10589 0.018231 0.00017183 0.0070164 0.0084274
0.10425 0.018662 0.00016961 0.0070588 0.0083842
0.10297 0.019181 0.00017271 0.0071037 0.0083428
0.10155 0.01966 0.00017157 0.0071475 0.0083007
0.097153 0.020226 0.00017512 0.0071935 0.0082601
0.092306 0.020748 0.0001744 0.0072385 0.0082189
0.086552 0.02123 0.0001694 0.0072824 0.0081769
0.081988 0.02181 0.00013027 0.0073288 0.0081367
0.078285 0.021967 0.00010214 0.0073775 0.0080979
0.073982 0.022079 9.8053e-05 0.0074251 0.0080585
0.070786 0.022176 9.0465e-05 0.0074716 0.0080185
0.0674 0.022263 8.0039e-05 0.0075175 0.0079781
0.063837 0.022341 6.6893e-05 0.0075628 0.0079373
0.060094 0.02241 5.1012e-05 0.0079627 0.0078954
0.056888 0.022504 3.7613e-05 0.0083755 0.0078547
0.054095 0.022619 2.5765e-05 0.0088004 0.007815
0.051694 0.022761 1.5308e-05 0.0092389 0.0077764
0.049173 0.022893 2.1548e-05 0.0096733 0.0077374
0.047001 0.023051 2.8388e-05 0.010122 0.0076996
0.044735 0.023202 3.3211e-05 0.010566 0.0076614
0.042755 0.023377 3.8578e-05 0.011024 0.0076242
0.040675 0.023542 4.1787e-05 0.011477 0.0075867
0.038489 0.023699 4.2863e-05 0.011926 0.0075489
0.036666 0.023548 4.518e-05 0.012395 0.0073891
0.034699 0.023384 4.497e-05 0.012858 0.0072276
0.033074 0.022562 4.6183e-05 0.013338 0.0070711
0.031734 0.021846 4.8957e-05 0.014189 0.0066671
0.030607 0.021212 5.3155e-05 0.015069 0.006274
0.029386 0.020544 5.4596e-05 0.015993 0.0058957
0.028379 0.019962 5.7896e-05 0.016954 0.0055288
0.027287 0.019346 5.8364e-05 0.0179 0.0051578
0.026106 0.018695 5.6084e-05 0.018804 0.005105
0.024824 0.018005 5.0965e-05 0.019202 0.0050771
0.023433 0.017272 4.2973e-05 0.019593 0.0050488
0.021925 0.016496 6.062e-05 0.019978 0.0050202
0.020657 0.015814 8.2268e-05 0.020377 0.0049924
0.019287 0.015092 9.9965e-05 0.02077 0.0049643
0.017805 0.014328 0.00011395 0.021158 0.0049358
0.016579 0.013664 0.00013255 0.021561 0.0049082
0.015252 0.012961 0.00014714 0.021958 0.0048803
0.014937 0.012218 0.00015808 0.022337 0.0048842
0.01459 0.011431 0.00016534 0.022711 0.0048879
0.01431 0.010745 0.00017678 0.023099 0.004892
0.013947 0.010146 0.00019298 0.023502 0.0048965
0.013646 0.0096138 0.00021405 0.023918 0.0049013
0.013317 0.009054 0.00023095 0.024329 0.004906
0.012959 0.0084644 0.00024382 0.024735 0.0049105
0.012663 0.007943 0.00026183 0.025155 0.0049154
0.012338 0.0073919 0.00027546 0.025568 0.0049201
0.011971 0.0067918 0.00042286 0.025974 0.0049246
0.01153 0.006144 0.00055077 0.026371 0.0049288
0.011202 0.005444 0.00066625 0.02676 0.0049329
0.010162 0.0048588 0.00069494 0.027169 0.0049374
0.0092989 0.0043512 0.00073576 0.027594 0.0049424
0.0083578 0.0038087 0.00076907 0.028012 0.0049471
0.0075695 0.0033346 0.0007368 0.028446 0.0049522
0.0067181 0.0028316 0.00070041 0.028873 0.0049572
0.0060026 0.0023907 0.00067471 0.029316 0.0049625
0.0052442 0.0023557 0.00064396 0.029755 0.0049677
0.0044424 0.0023167 0.00060818 0.030189 0.0049728
0.0035948 0.0022736 0.00056722 0.030619 0.0049778
0.0028644 0.0022384 0.00053529 0.031062 0.0049831
0.0022299 0.00221 0.0005108 0.031519 0.0049887
0.0015602 0.002178 0.00048187 0.031971 0.0049942
0.00085719 0.0021425 0.00044868 0.03242 0.0049996
0.00078452 0.0021036 0.00041105 0.032864 0.0050049
0.00072249 0.0020716 0.00038089 0.033322 0.0050105
0.0006543 0.0020552 0.00033796 0.033796 0.0050164
0.00059718 0.0020452 0.00030388 0.034285 0.0050227
0.00054951 0.0020415 0.00027712 0.03479 0.0050293
0.00050997 0.002044 0.0002565 0.03532 0.0050158
0.00046605 0.0020435 0.00023228 0.035844 0.0050022
0.00042953 0.0020492 0.00021356 0.036386 0.004989
0.00039948 0.0020613 0.00019956 0.036954 0.0049195
0.00037502 0.0020799 0.00018964 0.037543 0.0048519
0.00035488 0.0020062 0.00018395 0.038151 0.004786
0.00033141 0.0019285 0.00017539 0.038755 0.0047196
0.00031149 0.0018591 0.00016945 0.039375 0.0046548
0.00029473 0.0017974 0.00016595 0.040013 0.0045914
0.00028085 0.0017427 0.00016481 0.040669 0.0045294
0.00026419 0.0016849 0.0001611 0.04132 0.004467
0.00024447 0.0016233 0.0001546 0.041965 0.0044042
0.000271 0.0015565 0.00014518 0.04263 0.004343
0.00030189 0.0014978 0.00013852 0.043316 0.0042833
0.00032918 0.0014351 0.000129 0.043995 0.0042231
0.0003621 0.0013812 0.00012256 0.044698 0.0041646
0.0004016 0.001335 0.00011887 0.045426 0.0041077
0.00043658 0.0012849 0.0001123 0.046146 0.0040502
0.00046705 0.0012307 0.00010271 0.046856 0.0039923
0.00050526 0.001185 9.6242e-05 0.047595 0.0039361
0.00053929 0.0011333 8.5935e-05 0.048318 0.003879
0.00054919 0.0010756 7.1527e-05 0.049029 0.0038209
0.00056734 0.0010288 6.1394e-05 0.049707 0.0037604
0.00059359 0.00099056 5.415e-05 0.050415 0.0037019
0.00063143 0.00095998 4.9261e-05 0.051154 0.0036455
0.00066193 0.00092419 4.1059e-05 0.051877 0.0035881
0.0007041 0.00089688 3.5359e-05 0.052632 0.0035327
0.00073846 0.00086463 2.6511e-05 0.053371 0.0034763
0.00076542 0.00090468 3.3192e-05 0.054094 0.0034189
0.00078554 0.00093868 3.7041e-05 0.054849 0.0033635
0.00080072 0.00096841 3.8276e-05 0.055591 0.0033073
0.00082207 0.0010032 4.0154e-05 0.056357 0.0032525
0.00084915 0.0010427 4.2507e-05 0.057145 0.0031991
0.0008821 0.0010872 4.5324e-05 0.057954 0.0031468
0.00091129 0.0011289 4.6138e-05 0.058757 0.0030941
0.00093682 0.0011681 4.4961e-05 0.059554 0.0030412
0.00096903 0.0012128 4.4413e-05 0.060375 0.0029896
0.00099771 0.0012551 4.1938e-05 0.061191 0.0029376
0.0010336 0.0013033 4.0075e-05 0.062031 0.002887
0.0010775 0.0013582 3.8804e-05 0.062897 0.0028375
0.0011294 0.0014197 3.7921e-05 0.063787 0.0027892
0.0011908 0.0014891 3.7492e-05 0.064703 0.0027421
0.001263 0.0015671 3.7523e-05 0.065647 0.0026961
0.0013492 0.001656 3.8247e-05 0.066623 0.0026514
0.0014517 0.0017574 3.9727e-05 0.067632 0.0026079
0.0015749 0.0018717 4.1883e-05 0.068672 0.0025655
0.0016887 0.0019795 4.1786e-05 0.069701 0.0025227
0.0017934 0.0020808 3.9412e-05 0.070718 0.0024795
0.0018886 0.0021753 3.464e-05 0.071722 0.0024358
0.0020083 0.0022621 2.6859e-05 0.072711 0.0023916
0.0020152 0.0022883 2.1866e-05 0.073261 0.0023727
0.0020382 0.002326 1.8147e-05 0.073838 0.0023546
0.0020786 0.0023762 1.5376e-05 0.074442 0.0023372
0.0021404 0.0024167 9.2389e-06 0.075033 0.0023195
0.0021902 0.0024498 1.2999e-05 0.075612 0.0023014
0.0022592 0.0024942 1.7339e-05 0.076216 0.002284
0.0023157 0.0025312 1.9181e-05 0.076807 0.0022662
0.0023614 0.0025619 1.8669e-05 0.077387 0.0022481
0.0023965 0.0026038 1.8755e-05 0.077993 0.0022307
0.0024499 0.0026581 1.9436e-05 0.078626 0.002214
0.0024913 0.0027044 1.7639e-05 0.079245 0.0021969
0.0025212 0.002743 3.3211e-05 0.07985 0.0021795
0.0025716 0.0027664 4.4204e-05 0.080443 0.0021617
0.0026108 0.0027834 5.1915e-05 0.081025 0.0021437
0.0026722 0.0028126 6.2896e-05 0.081636 0.0021263
0.0027207 0.0028346 7.0114e-05 0.082233 0.0021086
0.0026935 0.0027722 8.0985e-05 0.082419 0.002092
0.0026566 0.0027031 8.8609e-05 0.082601 0.0020751
0.0026326 0.0026443 9.8523e-05 0.08279 0.0020587
0.0026021 0.0025808 0.00010564 0.082977 0.0020421
0.0025658 0.002513 0.00011023 0.083162 0.0020254
0.0025239 0.0024412 0.00011237 0.083345 0.0020085
0.0024939 0.0023788 0.00011652 0.083535 0.0019921
0.0024585 0.0023126 0.00011822 0.083722 0.0019756
0.0024345 0.0022552 0.00012201 0.083916 0.0019595
0.0024056 0.0021943 0.0001234 0.084109 0.0019433
0.0023881 0.0021423 0.00012708 0.0843 0.0019269
0.002365 0.0020863 0.00012813 0.084488 0.0019104
0.0023538 0.0020391 0.00013174 0.084684 0.0018944
0.0023361 0.0019874 0.00013241 0.084877 0.0018782
0.0023465 0.0019513 0.00011003 0.085081 0.0018627
0.0023763 0.001926 9.4305e-05 0.085295 0.0018478
0.0023964 0.0018951 7.4133e-05 0.085505 0.0018327
0.0024352 0.0018745 5.9377e-05 0.085726 0.0018181
0.0024634 0.0018473 7.203e-05 0.085942 0.0018034
0.0025062 0.0018274 8.7956e-05 0.086167 0.0017891
0.0025406 0.0018033 0.00010039 0.086389 0.0017746
0.0025892 0.0017858 0.0001162 0.086619 0.0017606
0.0026294 0.0017642 0.00012842 0.086846 0.0017463
0.0026844 0.001749 0.00014441 0.087081 0.0017325
0.0027302 0.0017298 0.0001566 0.087312 0.0017185
0.0027684 0.0017069 0.00016539 0.087541 0.0017044
0.0027991 0.0016801 0.00017085 0.087766 0.00169
0.0028224 0.0016494 0.00017296 0.087989 0.0016755
0.0028624 0.0016266 0.00017938 0.088221 0.0016615
0.0028938 0.0015995 0.00018212 0.08845 0.0016473
0.0029431 0.0015803 0.00018946 0.088688 0.0016336
0.002981 0.0015558 0.00019233 0.088922 0.0016197
0.0028997 0.0015398 0.00020075 0.089167 0.0016063
0.0028046 0.0015187 0.00020452 0.089407 0.0015926
0.0027589 0.0015061 0.00021427 0.089659 0.0015795
0.0027312 0.0015014 0.00023083 0.089923 0.001567
0.0026973 0.0014923 0.00024253 0.090183 0.0015542
0.0026797 0.0014901 0.00026062 0.090454 0.0015419
0.0026519 0.001483 0.0002733 0.090719 0.0015294
0.00264 0.0014829 0.00029289 0.090775 0.0015174
0.0026181 0.0014779 0.00030677 0.090829 0.0015053
0.0024468 0.0014807 0.00032931 0.090888 0.0014936
0.0014708 0.0015371 0.00053279 0.091336 0.0014154
0.0013089 0.0015375 0.00055023 0.091398 0.001404
0.0011806 0.0015461 0.00058003 0.091466 0.001393
0.0010843 0.0015381 0.0005938 0.091538 0.0013825
0.0011184 0.0015247 0.00060014 0.091607 0.0013718
0.0011447 0.0015065 0.00059977 0.091674 0.0013609
0.0011834 0.0014959 0.00054355 0.091738 0.0013496
0.0012132 0.0014801 0.00047548 0.091799 0.001338
0.0012578 0.0014726 0.00042694 0.091866 0.001327
0.001293 0.0013918 0.00039423 0.091939 0.0013164
0.0013194 0.001302 0.0003531 0.092009 0.0013055
0.0013605 0.0012278 0.00032476 0.092084 0.0012951
0.0013261 0.0011657 0.00030553 0.092165 0.0012852
0.0014434 0.0010965 0.00027991 0.092243 0.001275
0.0014478 0.0010382 0.00026229 0.092327 0.0012652
0.001447 0.00097571 0.00024065 0.092409 0.0012553
0.0014543 0.00092054 0.00022397 0.092494 0.0012457
0.0014565 0.00086145 0.00020354 0.092579 0.0012359
0.0014666 0.00080903 0.00018747 0.092667 0.0012264
0.0014717 0.00075293 0.00016788 0.092753 0.0012169
0.0014719 0.00069301 0.0001446 0.092839 0.0012072
0.0014811 0.00064047 0.00012618 0.092929 0.0011978
0.0014995 0.00059452 0.00011174 0.093023 0.0011887
0.001528 0.00055462 0.00010072 0.093122 0.0011799
0.0015665 0.00051964 9.2271e-05 0.093225 0.0011714
0.0015988 0.00048144 8.0824e-05 0.093326 0.0011628
0.0016429 0.00044842 7.2071e-05 0.093433 0.0011545
0.0016808 0.00041247 6.0538e-05 0.093538 0.001146
0.0017303 0.00038094 5.1119e-05 0.093648 0.0011378
0.0017934 0.00035354 4.3511e-05 0.093762 0.0011299
0.0018739 0.00033033 3.7685e-05 0.093883 0.0011223
0.001861 0.00031181 3.3878e-05 0.094 0.0011145
0.0018632 0.00029737 3.1733e-05 0.094124 0.0011071
0.0017629 0.00028656 3.1055e-05 0.094255 0.0011
0.0016814 0.00027822 3.1183e-05 0.094393 0.0010931
0.0015902 0.00026757 2.8939e-05 0.094528 0.0010861
0.0015151 0.00025907 2.7328e-05 0.094668 0.0010794
0.0014313 0.00024835 2.3401e-05 0.094807 0.0010725
0.001338 0.00028266 3.6552e-05 0.094942 0.0010656
0.0012605 0.0003215 5.2107e-05 0.095084 0.0010588
0.0011969 0.00036587 7.0865e-05 0.095231 0.0010523
0.0011283 0.00040785 8.7022e-05 0.095378 0.0010458
0.0010701 0.00045441 0.00010607 0.095529 0.0010394
0.0010073 0.00049857 0.00012248 0.095679 0.001033
0.00093996 0.00054041 0.00013631 0.095828 0.0010265
0.00086835 0.0005801 0.00014773 0.095976 0.00102
0.00080651 0.00056083 0.00016203 0.096128 0.0010136
0.00074028 0.00053964 0.0001737 0.09628 0.0010072
0.00066959 0.00051652 0.00018279 0.09643 0.0010007
0.00060712 0.00049597 0.00019448 0.096585 0.00099443
0.0005404 0.00047353 0.00020352 0.096739 0.00098807
0.00046965 0.00044929 0.00021007 0.096892 0.00098165
0.00040763 0.00042789 0.00021977 0.097049 0.00097542
0.00035238 0.00040878 0.00023244 0.097212 0.00096934
0.00030385 0.00039209 0.00024895 0.09738 0.00096344
0.00026115 0.00037766 0.00026981 0.097553 0.00095771
0.00022354 0.00036533 0.00029568 0.097732 0.00095215
0.00018275 0.00035132 0.00031832 0.09791 0.00094653
0.00014653 0.00033932 0.00034654 0.098093 0.00094108
0.00010727 0.00032567 0.00037138 0.098275 0.00093558
6.4919e-05 0.00031035 0.00039288 0.098455 0.00093002
7.009e-05 0.00029344 0.00041129 0.098635 0.00092441
7.3243e-05 0.00027484 0.00042644 0.098813 0.00091875
7.6959e-05 0.00025839 0.00044717 0.098989 0.00091303
7.8708e-05 0.00024038 0.00046476 0.099165 0.00090727
8.0848e-05 0.00022397 0.00048761 0.099345 0.00090165
8.3412e-05 0.00020903 0.0005163 0.099531 0.00089618
8.3995e-05 0.00019259 0.00054158 0.099716 0.00089066
8.502e-05 0.00017752 0.00057323 0.099906 0.00088529
8.3998e-05 0.00016089 0.00060105 0.10009 0.00087986
8.3417e-05 0.00014554 0.00063578 0.10029 0.00087458
8.079e-05 0.00012867 0.00066651 0.10048 0.00086924
7.8597e-05 0.00011033 0.00069354 0.10067 0.00086386
7.7011e-05 9.3426e-05 0.00072888 0.10087 0.00085863
7.602e-05 7.7799e-05 0.00077376 0.10108 0.00085356
7.5452e-05 6.3125e-05 0.00082866 0.10129 0.00084864
7.2701e-05 4.6895e-05 0.00087772 0.1015 0.00084365
6.7433e-05 5.3381e-05 0.00091918 0.1017 0.00083857
0.00010212 5.8406e-05 0.00095393 0.1019 0.0008334
0.00013277 6.1926e-05 0.00098172 0.1021 0.00082813
0.00016893 6.6126e-05 0.0010232 0.10231 0.00082307
0.00020073 6.7469e-05 0.0010512 0.10234 0.00081953
0.00023873 6.948e-05 0.0010932 0.10238 0.00081616
0.00028328 7.2029e-05 0.0011496 0.10241 0.00081295
0.00033437 7.4958e-05 0.0012205 0.10245 0.00080987
0.00038113 7.656e-05 0.0012844 0.10249 0.00080673
0.00043546 7.8608e-05 0.0013651 0.10253 0.00080372
0.00048567 7.9392e-05 0.0014392 0.10257 0.00080067
0.00054327 8.0501e-05 0.0015298 0.10262 0.00079773
0.00059605 8.0281e-05 0.0016126 0.10266 0.00079474
0.00064194 8.047e-05 0.0017147 0.1027 0.00079162
0.00068312 7.9287e-05 0.0018078 0.10274 0.00078843
0.00071968 7.6722e-05 0.0018921 0.10278 0.00078518
0.00076469 7.4739e-05 0.001856 0.10265 0.00078213
0.00080459 7.1343e-05 0.0018126 0.10252 0.00077902
0.00085397 6.8541e-05 0.0017849 0.10239 0.00077605
0.00089775 6.4309e-05 0.0017499 0.10227 0.00077301
0.0009533 6.0811e-05 0.0017319 0.10214 0.00077014
0.0010232 5.8199e-05 0.0017322 0.10203 0.00076746
0.0011107 5.6283e-05 0.0017496 0.10192 0.00076495
0.0012195 5.5028e-05 0.0017854 0.10182 0.00076261
0.0013158 5.2165e-05 0.0018105 0.10171 0.00076018
0.0014394 5.0161e-05 0.0017505 0.10133 0.00075796
0.0015481 4.6495e-05 0.0016764 0.10094 0.00075565
0.0016859 4.3561e-05 0.0016274 0.10056 0.00075352
0.0018555 4.1122e-05 0.0015973 0.1002 0.00075155
0.0020063 3.7094e-05 0.0015561 0.099834 0.00074948
0.0021961 3.3669e-05 0.0015345 0.099484 0.00074758
0.0023648 2.8665e-05 0.0015022 0.099126 0.00074559
0.0025139 2.2041e-05 0.0014584 0.098761 0.0007435
0.0027037 1.6051e-05 0.0014348 0.098413 0.0007416
0.0029387 1.051e-05 0.001308 0.09808 0.00073985
0.0031472 1.2982e-05 0.0011515 0.097739 0.000738
0.0034106 1.5493e-05 0.0010369 0.097414 0.00073633
0.0034691 1.8014e-05 0.00095112 0.097104 0.00073481
0.0035507 2.0595e-05 0.00088763 0.096806 0.00073345
0.003618 2.1786e-05 0.00081151 0.096503 0.00073199
0.0037099 2.3058e-05 0.0007553 0.096212 0.00073069
0.0037865 2.2924e-05 0.00069264 0.095915 0.00072929
0.0038931 2.2999e-05 0.00064901 0.095632 0.00072805
0.0040354 2.3292e-05 0.00062065 0.095362 0.00072699
0.0041562 3.6923e-05 0.00057992 0.095109 0.00072616
0.0041589 5.277e-05 0.00055426 0.094869 0.00072549
0.0041834 7.0815e-05 0.00053947 0.09464 0.00072498
0.0041942 8.6296e-05 0.0005171 0.094405 0.00072437
0.0042298 0.00010456 0.00050612 0.094182 0.00072393
0.0041326 0.00012661 0.00050554 0.093951 0.00072333
0.0040192 0.00014588 0.0004987 0.093715 0.00072265
0.0038886 0.00016247 0.00048547 0.093473 0.00072188
0.003747 0.00029288 0.00046563 0.093227 0.00072102
0.0035861 0.000413 0.00043887 0.092975 0.00072007
0.0034019 0.00052247 0.00040403 0.092718 0.00071903
0.0032566 0.00065045 0.00038013 0.091901 0.00071821
0.0032906 0.00080285 0.00036641 0.091123 0.00071755
0.0033132 0.0010046 0.00030684 0.090382 0.00071706
0.0033246 0.0010652 0.00026414 0.089675 0.00071674
0.0033251 0.0011196 0.00021321 0.088955 0.00071633
0.0033147 0.0011681 0.00015325 0.088221 0.00071584
0.0033232 0.0012093 0.00014921 0.087473 0.00071526
0.003351 0.0012598 0.0001494 0.086756 0.00071483
0.0033664 0.0013039 0.00014527 0.086023 0.00071431
0.0033708 0.0013425 0.00013705 0.085277 0.0007137
0.0033641 0.0013758 0.0001246 0.084516 0.00071301
0.003345 0.0014034 0.00010734 0.083738 0.00071222
0.0033143 0.0014395 9.4979e-05 0.082994 0.00071158
0.0033103 0.0014696 7.8021e-05 0.082233 0.00071085
0.0033277 0.0015098 6.5988e-05 0.081507 0.00071028
0.003334 0.0015443 5.0043e-05 0.080767 0.00070963
0.0033619 0.0015168 3.8246e-05 0.080062 0.00070914
0.0033688 0.0014832 4.8235e-05 0.0793 0.00072007
0.0033943 0.0014578 6.1144e-05 0.07857 0.00073139
0.0034123 0.0014289 7.1244e-05 0.077831 0.00074259
0.0034433 0.0014052 8.327e-05 0.077113 0.00075408
0.0034684 0.0013789 9.2837e-05 0.07639 0.00076547
0.0034881 0.00135 0.00010006 0.075661 0.00077678
0.0035192 0.0013255 0.00010889 0.074952 0.00078835
0.0035465 0.0012985 0.00011537 0.074238 0.00079984
0.0035686 0.0012691 0.00011951 0.073518 0.00081124
0.0036035 0.0012445 0.00012565 0.072819 0.00082293
0.0036519 0.0012243 0.00013397 0.07214 0.00083491
0.0036946 0.0012018 0.00013987 0.071456 0.0008468
0.0037515 0.0011836 0.00014814 0.070792 0.00085899
0.0038025 0.0011632 0.0001539 0.070122 0.00087109
0.0038673 0.0011466 0.00016196 0.069471 0.00088347
0.0039253 0.0011275 0.00016726 0.068814 0.00089576
0.0040105 0.0011036 0.00024442 0.068149 0.00090789
0.0040846 0.001076 0.00031292 0.067474 0.00091986
0.0041825 0.0010545 0.00039992 0.066825 0.00093223
0.0042684 0.0010294 0.00047702 0.066166 0.00094443
0.0043819 0.0010103 0.00057688 0.065533 0.00095706
0.0045238 0.00099636 0.00070292 0.064922 0.00097008
0.0051516 0.00097872 0.00081361 0.064301 0.00098291
0.0057271 0.0009573 0.00091046 0.06367 0.00099555
0.0062583 0.0009319 0.00099441 0.063028 0.001008
0.0069094 0.00090231 0.0010663 0.062375 0.0010202
0.0075125 0.00086899 0.0011288 0.061714 0.0010323
0.0080672 0.00083153 0.001182 0.061041 0.0010442
0.0085773 0.00080446 0.001304 0.060395 0.0010565
0.0091907 0.00078275 0.0014598 0.059774 0.0010693
0.0097651 0.00075809 0.0016018 0.059144 0.0010819
0.010453 0.00073834 0.0017822 0.058538 0.0010949
0.011094 0.00071555 0.0019455 0.057924 0.0011077
0.011695 0.00068987 0.0020945 0.057302 0.0011204
0.012414 0.00066903 0.0022843 0.056701 0.0011335
0.013088 0.00064537 0.0024577 0.056093 0.0011464
0.013721 0.00061885 0.0026165 0.055477 0.0011592
0.01432 0.00058964 0.0027629 0.054855 0.0011718
0.015017 0.00056447 0.0029428 0.054252 0.0011848
0.015843 0.00054372 0.0031682 0.053671 0.0011982
0.016806 0.0005329 0.0031997 0.053083 0.0012115
0.017723 0.00052004 0.0032239 0.05249 0.0012247
0.018602 0.00050524 0.0032414 0.051893 0.0012377
0.019445 0.00048852 0.0032524 0.051291 0.0012507
0.019548 0.00047445 0.0032799 0.050707 0.001264
0.019681 0.00046247 0.0033227 0.050137 0.0012776
0.019805 0.00044883 0.0033595 0.049564 0.0012911
0.019964 0.00043748 0.0034142 0.049008 0.001305
0.020162 0.00042831 0.0034883 0.048467 0.0013192
0.020409 0.00041752 0.0035558 0.047923 0.0013333
0.020704 0.00040883 0.0036446 0.047394 0.0013478
0.021046 0.00040186 0.0037549 0.046878 0.0013626
0.021373 0.00039332 0.0038574 0.04636 0.0013773
0.021751 0.00038645 0.0039834 0.045855 0.0013924
0.022186 0.0003812 0.004136 0.045363 0.0014078
0.022691 0.00037779 0.0043232 0.044885 0.0014236
0.023174 0.00037275 0.0044986 0.044403 0.0014392
0.023635 0.00036604 0.0046625 0.043918 0.0014548
0.024074 0.00035759 0.0048147 0.043429 0.0014702
0.024588 0.00035114 0.0047604 0.042955 0.0014861
0.025181 0.00034635 0.0047258 0.042494 0.0015023
0.025743 0.00033978 0.0046827 0.042028 0.0015184
0.026272 0.00033128 0.0046298 0.041558 0.0015344
0.026889 0.00032468 0.0045982 0.041102 0.0015508
0.02761 0.0003199 0.0042781 0.04066 0.0015676
0.028292 0.00031332 0.0039368 0.040213 0.0015843
0.028937 0.00030492 0.0035724 0.039762 0.0016008
0.029546 0.00029463 0.0031818 0.039307 0.0016171
0.030115 0.00028226 0.003181 0.038846 0.0016333
0.030796 0.00027224 0.0032001 0.038401 0.00165
0.031653 0.00026525 0.0032466 0.037977 0.0016674
0.032725 0.0002611 0.0033243 0.037571 0.0016854
0.033702 0.00026647 0.0034916 0.037158 0.0017032
0.034593 0.00026943 0.003636 0.036737 0.0017207
0.035706 0.00027524 0.0038367 0.036335 0.0017389
0.036723 0.00027863 0.0040109 0.035926 0.0017568
0.03714 0.00027917 0.004157 0.035508 0.0017744
0.037523 0.00027767 0.004287 0.035085 0.0017917
0.037878 0.00027424 0.0044037 0.034656 0.0018089
0.038306 0.00026301 0.0045654 0.034222 0.0018258
0.038814 0.00025367 0.0047665 0.033802 0.0018433
0.039412 0.00024605 0.0050141 0.033395 0.0018612
0.040112 0.00023449 0.0052212 0.032984 0.001879
0.040776 0.00022108 0.005413 0.032568 0.0018966
0.041552 0.0002095 0.00565 0.032166 0.0019146
0.042296 0.00019629 0.0058728 0.03176 0.0019326
0.043161 0.00018475 0.0061462 0.031367 0.001951
0.044168 0.00017477 0.0064802 0.030986 0.00197
0.044264 0.00016604 0.0064996 0.030617 0.0019894
0.044342 0.00015567 0.0065097 0.030243 0.0020087
0.044472 0.00014664 0.0065444 0.029882 0.0020285
0.044583 0.000136 0.0065696 0.029517 0.0020482
0.044743 0.00012642 0.0066175 0.029163 0.0020683
0.04496 0.00011782 0.0066898 0.028819 0.002089
0.045158 0.00010773 0.0067526 0.028472 0.0021095
0.04541 9.8528e-05 0.0068412 0.028136 0.0021305
0.045728 9.0301e-05 0.006962 0.02781 0.0021522
0.046025 8.0619e-05 0.0070712 0.027481 0.0021736
0.045857 7.1966e-05 0.0072183 0.027163 0.0021957
0.045749 6.4214e-05 0.0074105 0.026857 0.0022186
0.045695 5.7138e-05 0.007368 0.026561 0.0022421
0.045618 4.8526e-05 0.0073123 0.026261 0.0022653
0.045517 3.8341e-05 0.007243 0.025956 0.0022882
0.045477 2.9025e-05 0.0072066 0.025664 0.0023119
0.045414 1.8193e-05 0.007157 0.025638 0.0023348
0.045408 8.0155e-06 0.0071426 0.025614 0.0023584
0.045378 7.723e-06 0.0071031 0.025589 0.0023817
0.045402 7.0138e-06 0.0070916 0.025566 0.0024057
0.045402 5.2034e-06 0.0070669 0.025542 0.0024294
0.044715 2.9576e-06 0.0067382 0.02552 0.0024538
0.043981 5.3963e-06 0.006381 0.025497 0.0024779
0.043368 7.4586e-06 0.0060952 0.025476 0.0025028
0.042717 8.4443e-06 0.0057875 0.025455 0.0025275
0.042029 8.3585e-06 0.0054566 0.025433 0.0025518
0.041295 7.1786e-06 0.0050974 0.02541 0.002576
0.040516 1.5379e-05 0.0047093 0.025386 0.0025999
0.039683 2.2218e-05 0.004735 0.025362 0.0026235
0.038974 2.9282e-05 0.0045607 0.025339 0.0026477
0.038369 3.6665e-05 0.0044218 0.025318 0.0026727
0.037729 4.2704e-05 0.0042699 0.025297 0.0026974
0.037052 4.7421e-05 0.0041043 0.025275 0.0027219
0.036337 0.00010973 0.0039245 0.025252 0.0027462
0.035589 0.00016923 0.003732 0.025229 0.0027704
0.034943 0.00023458 0.0035746 0.025208 0.0027951
0.034379 0.00030567 0.0034441 0.025187 0.0028204
0.03379 0.00037386 0.0033042 0.025167 0.0028455
0.033175 0.00043919 0.0031544 0.025146 0.0028705
0.032509 0.00043855 0.0030327 0.025126 0.0028961
0.031934 0.0004399 0.0029351 0.025108 0.0029224
0.031439 0.00044323 0.0028584 0.025091 0.0029493
0.030925 0.000445 0.0027753 0.025074 0.002976
0.030485 0.00044877 0.0027111 0.025059 0.0030034
0.030026 0.00045096 0.0026409 0.025043 0.0030307
0.029548 0.00045158 0.0025645 0.025027 0.0030578
0.029133 0.00045394 0.0025041 0.025012 0.0030856
0.028775 0.00045805 0.0024583 0.024998 0.0031139
0.028399 0.0004605 0.0024065 0.024984 0.0031421
0.028081 0.00046501 0.0023699 0.024971 0.003171
0.027749 0.00046793 0.002328 0.024958 0.0031997
0.0274 0.00046926 0.0022808 0.024945 0.0032283
0.027103 0.00047238 0.0022467 0.024933 0.0032575
0.026856 0.00047762 0.0022261 0.024922 0.0032874
0.026595 0.00048125 0.0022005 0.024911 0.0033172
0.025059 0.00048676 0.0021868 0.024901 0.0033477
0.023718 0.00049451 0.0021858 0.024893 0.0033789
0.022329 0.00050058 0.0021798 0.024884 0.0034099
0.020885 0.00050491 0.0021685 0.024875 0.0034407
0.019371 0.00050732 0.002151 0.024866 0.0034713
0.018082 0.00049129 0.002112 0.024858 0.0035027
0.016983 0.00047834 0.0020893 0.024851 0.0035351
0.016101 0.00046833 0.0020821 0.024846 0.0035684
0.015344 0.00046096 0.0020891 0.024843 0.0036026
0.014555 0.00045182 0.0020907 0.024839 0.0036366
0.013735 0.00044093 0.002087 0.024835 0.0036704
0.012882 0.00042831 0.0020796 0.024831 0.003704
0.012131 0.00041769 0.0020837 0.024828 0.0037383
0.011347 0.00040528 0.0020823 0.024824 0.0037725
0.010528 0.00039104 0.0020753 0.02482 0.0038064
0.0098193 0.00037913 0.0020813 0.024818 0.0038412
0.0092098 0.00036953 0.0021013 0.024817 0.0038769
0.0084578 0.00035714 0.0021134 0.024817 0.0039136
0.0076558 0.00034254 0.0021182 0.024817 0.00395
0.0069642 0.0003302 0.0021364 0.024818 0.0039873
0.0062301 0.00031578 0.0021477 0.024819 0.0040243
0.0054503 0.00029924 0.0021519 0.024819 0.0040609
0.0046253 0.00028066 0.0021496 0.024819 0.0040972
0.0039193 0.00026453 0.0019927 0.02482 0.0041346
0.0033275 0.00025103 0.0018698 0.024823 0.0041731
0.0026949 0.0002354 0.0017389 0.024825 0.0042112
0.0021575 0.00022201 0.001635 0.024829 0.0042504
0.0015815 0.00020649 0.0015192 0.024833 0.0042892
0.0010975 0.00019329 0.0014295 0.024838 0.0043293
0.00045093 0.00017735 0.0013228 0.024842 0.0043686
0.00035576 0.00015798 0.0013497 0.024845 0.0044072
0.0002487 0.00014212 0.0013094 0.02485 0.0044473
0.00024259 0.00012363 0.0012581 0.024853 0.0044867
0.00024062 0.00010783 0.0012253 0.02486 0.0045275
0.0002438 9.4655e-05 0.0012106 0.024868 0.0045701
0.00025116 8.34e-05 0.0011042 0.024878 0.0046143
0.00025411 6.983e-05 0.00097847 0.024888 0.0046576
0.00026194 5.8288e-05 0.00088748 0.0249 0.0047027
0.00023517 4.8424e-05 0.00082288 0.024914 0.0047497
0.00021493 3.9935e-05 0.00077871 0.02493 0.0047986
0.00019002 2.9634e-05 0.00072466 0.024946 0.0048467
0.00015904 3.466e-05 0.0006597 0.02496 0.004894
0.00013464 4.0464e-05 0.00061455 0.024977 0.0049433
0.00012229 4.2438e-05 0.00060271 0.024993 0.0049917
0.00011347 4.5106e-05 0.00052515 0.025011 0.0050421
0.00010089 4.6122e-05 0.000433 0.025028 0.0050915
9.1133e-05 4.7698e-05 0.00036357 0.025047 0.0051428
8.4523e-05 4.9869e-05 0.00031148 0.025068 0.005196
7.4545e-05 5.0373e-05 0.00024898 0.025089 0.0052482
6.6983e-05 5.1621e-05 0.00020306 0.025113 0.0052626
6.1714e-05 5.3465e-05 0.00016818 0.025139 0.0052775
5.7974e-05 5.6027e-05 0.00014235 0.025168 0.0052932
5.5529e-05 5.9337e-05 0.00012329 0.0252 0.0052909
5.4204e-05 6.3435e-05 0.00010938 0.025235 0.0052891
5.3867e-05 6.8371e-05 9.9458e-05 0.025273 0.0052877
5.4491e-05 7.4242e-05 9.2792e-05 0.025313 0.0052867
5.5826e-05 8.0967e-05 8.8513e-05 0.025355 0.005286
5.7887e-05 8.8649e-05 8.6378e-05 0.0254 0.0052857
6.061e-05 9.731e-05 8.6121e-05 0.025447 0.0052857
6.1062e-05 0.00010436 8.3243e-05 0.025496 0.0052861
6.216e-05 0.00011243 8.2178e-05 0.025548 0.0052868
6.4593e-05 0.00011899 7.868e-05 0.0256 0.0052874
6.76e-05 0.00012647 7.6683e-05 0.025653 0.0052883
7.1216e-05 0.00013492 7.6063e-05 0.025709 0.0052895
7.28e-05 0.00014199 7.3292e-05 0.025764 0.0052906
7.4818e-05 0.0001499 7.1919e-05 0.02573 0.005292
7.474e-05 0.00015634 6.8338e-05 0.025696 0.0052933
7.5294e-05 0.00016387 6.5988e-05 0.025663 0.0052949
7.6506e-05 0.00017256 2.7127e-05 0.025633 0.0052705
7.5703e-05 0.00017984 2.6955e-05 0.025603 0.0052459
7.5481e-05 0.00018828 2.6953e-05 0.025574 0.0052219
7.5623e-05 0.00019774 2.7145e-05 0.025546 0.0051985
7.6114e-05 0.00020831 2.7335e-05 0.02552 0.0051757
7.7152e-05 0.00022027 2.7679e-05 0.025496 0.0051534
7.8555e-05 0.00023353 2.803e-05 0.025473 0.0051317
7.7934e-05 0.00024523 2.6532e-05 0.025449 0.0051098
7.7882e-05 0.00025855 2.5184e-05 0.025427 0.0050885
7.8406e-05 0.00027364 2.3949e-05 0.025406 0.0050678
7.6882e-05 0.00028709 2.0867e-05 0.025385 0.0050469
7.6014e-05 0.00030253 1.7909e-05 0.025366 0.0050266
7.5967e-05 0.00032043 1.5091e-05 0.025348 0.0050069
7.3423e-05 0.00033592 1.0167e-05 0.02533 0.0049869
7.2323e-05 0.00035503 5.6857e-06 0.025313 0.0049677
7.3019e-05 0.0003707 8.6496e-06 0.025296 0.0049481
7.0552e-05 0.00039038 1.1785e-05 0.025281 0.0049293
6.9643e-05 0.0004146 1.5342e-05 0.025268 0.0049113
7.0244e-05 0.00044535 1.9594e-05 0.025257 0.004894
6.7808e-05 0.0004704 2.1171e-05 0.025248 0.0048775
6.7187e-05 0.00050165 2.3795e-05 0.025242 0.0048618
6.8344e-05 0.00054007 2.771e-05 0.025238 0.0048468
6.6492e-05 0.00057366 2.8895e-05 0.025233 0.0048315
6.1772e-05 0.00060303 5.9886e-05 0.025227 0.0048159
5.8823e-05 0.00059261 6.6087e-05 0.025225 0.0047628
5.7185e-05 0.00058667 5.5124e-05 0.025225 0.0047115
5.6783e-05 0.000585 4.7068e-05 0.025227 0.0046621
5.3644e-05 0.00058005 3.5666e-05 0.025228 0.0046119
5.1989e-05 0.00057988 2.7163e-05 0.025227 0.0045605
5.1725e-05 0.00058449 2.0756e-05 0.025229 0.0045111
5.2839e-05 0.00059402 1.5842e-05 0.025233 0.0044636
5.5563e-05 0.00060815 1.1737e-05 0.025239 0.0044179
5.5563e-05 0.00076614 1.9069e-05 0.025245 0.0043714
5.6759e-05 0.0009523 1.6359e-05 0.025252 0.0043267
5.5054e-05 0.0011223 2.914e-05 0.025259 0.0042812
5.454e-05 0.0013215 4.5184e-05 0.025267 0.0042373
5.1309e-05 0.0015052 5.7494e-05 0.025275 0.0041928
4.9509e-05 0.0017246 7.4302e-05 0.02522 0.0041514
4.8766e-05 0.0019819 9.636e-05 0.025167 0.0041116
4.4336e-05 0.0022112 0.00011339 0.025118 0.0040732
3.7189e-05 0.003756 0.00012602 0.025067 0.0040342
3.1412e-05 0.0043086 0.00014592 0.025013 0.0039935
2.6694e-05 0.0049679 0.00014036 0.024962 0.0039544
1.934e-05 0.0055735 0.00013033 0.02491 0.0039146
1.2887e-05 0.0062959 0.00012522 0.024861 0.0038764
1.843e-05 0.0069853 0.00011581 0.024811 0.0038374
2.4676e-05 0.0078078 0.00011095 0.024764 0.0037999
2.8492e-05 0.0085703 0.00010225 0.024715 0.0037617
3.3177e-05 0.0094798 9.7734e-05 0.024669 0.0037251
3.8955e-05 0.010563 9.6938e-05 0.024627 0.0036899
4.2134e-05 0.011569 9.2609e-05 0.024583 0.0036541
4.6534e-05 0.012767 9.1853e-05 0.024542 0.0036198
5.2087e-05 0.01417 9.4108e-05 0.024504 0.0035867
5.4915e-05 0.015472 9.2883e-05 0.024465 0.003553
5.9316e-05 0.017025 9.521e-05 0.024428 0.0035207
6.5832e-05 0.018877 0.00010133 0.024395 0.0034897
5.691e-05 0.021085 0.00011183 0.024364 0.0034599
6.115e-05 0.026728 0.0001548 0.024332 0.0034297
6.6901e-05 0.028656 0.00021404 0.024302 0.0034005
7.441e-05 0.030917 0.00029184 0.024275 0.0033724
8.4008e-05 0.031931 0.00042964 0.024323 0.0033369
9.6579e-05 0.033168 0.00047276 0.024375 0.0033027
0.00011279 0.034647 0.00046881 0.024431 0.0032699
0.00013286 0.036381 0.0004735 0.024489 0.0032383
0.00014858 0.037976 0.00047156 0.024546 0.0032061
0.00016039 0.039455 0.0004635 0.024601 0.0031734
0.00017672 0.039927 0.00046627 0.02466 0.003142
0.00018866 0.040355 0.00046484 0.024717 0.0031099
0.00020558 0.040877 0.0004732 0.024778 0.0030792
0.00022755 0.040962 0.0004909 0.024843 0.0029826
0.00024419 0.04101 0.00050073 0.024913 0.0028898
0.00026623 0.0411 0.00052031 0.024986 0.0028003
0.00029557 0.040876 0.00055295 0.025064 0.0027142
0.00033475 0.040704 0.0005381 0.025145 0.0026312
0.00036977 0.040508 0.0005188 0.025225 0.0025469
0.00036275 0.04036 0.00050938 0.025309 0.0024655
0.00035097 0.040189 0.00049344 0.025391 0.0023828
0.00034466 0.040064 0.00048686 0.025477 0.0023031
0.00028926 0.039469 0.00042521 0.025568 0.0022264
0.00024548 0.038978 0.00038118 0.025664 0.0021527
0.00021099 0.038575 0.00035066 0.025765 0.0020818
0.00018399 0.038248 0.00033084 0.025872 0.0020137
0.00016242 0.037982 0.00031898 0.025983 0.0019479
0.00014537 0.037781 0.00031424 0.026101 0.0018847
0.00017299 0.037555 0.00030423 0.026216 0.0018205
0.00020794 0.037384 0.00030191 0.026337 0.0017587
0.00023752 0.037189 0.00029444 0.026455 0.001696
0.00027551 0.037048 0.00029451 0.026518 0.0016699
0.00030765 0.036884 0.00028947 0.02658 0.0016434
0.00033425 0.036697 0.00027922 0.02664 0.0016164
0.00036843 0.036325 0.00025499 0.026704 0.0015905
0.00041271 0.036024 0.0002394 0.026772 0.0015656
0.00045052 0.035693 0.00021849 0.026838 0.0015403
0.00049825 0.034541 0.00020436 0.026907 0.0015158
0.00053872 0.033297 0.00018495 0.026975 0.001491
0.00059094 0.032244 0.00017222 0.027047 0.0014671
0.0010258 0.026009 9.2385e-05 0.027578 0.0013062
0.0011015 0.02526 8.1522e-05 0.027659 0.0012841
0.0011991 0.024633 7.4902e-05 0.027744 0.0012629
0.0013249 0.024112 7.155e-05 0.027833 0.0012425
0.0014336 0.023547 6.4822e-05 0.027921 0.0012218
0.0015699 0.023069 6.0724e-05 0.027929 0.0012019
0.0015935 0.022668 3.3866e-05 0.027939 0.0011828
0.0016105 0.022224 3.4072e-05 0.027948 0.0011632
0.0016131 0.022257 3.1561e-05 0.027956 0.0011433
0.0015875 0.022273 5.2249e-05 0.027962 0.001123
0.0015536 0.022219 6.6585e-05 0.027972 0.0011035
0.001539 0.022202 6.3334e-05 0.027983 0.0010848
0.0015047 0.022167 9.5262e-05 0.027994 0.0010657
0.00151 0.022116 0.00012305 0.028001 0.0010647
0.0015074 0.022156 0.00017735 0.027941 0.001064
0.00099394 0.0243 0.0018809 0.025867 0.0010395
0.00096946 0.024382 0.0019251 0.025815 0.0010388
0.00093482 0.024504 0.0019973 0.025766 0.0010384
0.00091263 0.024669 0.0021037 0.025586 0.0010383
0.00095878 0.024946 0.0021597 0.025416 0.0010384
0.001021 0.024944 0.0022469 0.025253 0.0010387
0.0011042 0.024975 0.0022351 0.025098 0.0010391
0.0012118 0.025045 0.0022464 0.024939 0.0010395
0.0013057 0.025155 0.0022824 0.024787 0.00104
0.0014267 0.02505 0.0023474 0.024642 0.0010408
0.0015318 0.024913 0.0025887 0.024495 0.0010414
0.0016691 0.024818 0.0029118 0.024344 0.0010419
0.0018771 0.024758 0.0033395 0.024199 0.0010426
0.0020838 0.02468 0.0037133 0.024051 0.0010432
0.002289 0.024639 0.003823 0.023911 0.001044
0.0024929 0.024688 0.0038237 0.023767 0.0010447
0.0026953 0.024715 0.003823 0.023619 0.0010453
0.0028963 0.024722 0.0038209 0.023468 0.0010458
0.0074666 0.025687 0.0033208 0.019908 0.00106
0.0076313 0.025699 0.0032829 0.019764 0.0010604
0.0077945 0.025693 0.0032436 0.019616 0.0010606
0.0079564 0.025668 0.0032029 0.019465 0.0010608
0.0081169 0.025627 0.0031608 0.019311 0.0010608
0.008276 0.02557 0.0031174 0.019154 0.0010607
0.0084338 0.025553 0.0030725 0.019005 0.0010609
0.0085901 0.025536 0.0030263 0.018855 0.001061
0.008745 0.025518 0.0029787 0.018706 0.0010611
0.0088986 0.025499 0.0029298 0.018556 0.0010613
0.0090507 0.025516 0.0028794 0.018413 0.0010616
0.0092015 0.025517 0.0028277 0.018268 0.0010618
0.0093509 0.025564 0.0027746 0.018119 0.0010618
0.0094989 0.025594 0.0027201 0.017966 0.0010618
0.0096456 0.025429 0.0026642 0.017822 0.001062
0.0097908 0.025361 0.0026069 0.017684 0.0010624
0.0099346 0.025291 0.0025483 0.017553 0.001063
0.010077 0.025221 0.0024883 0.017418 0.0010635
0.010218 0.02515 0.0024268 0.017013 0.0010645
0.010358 0.025079 0.0023641 0.016598 0.0010655
0.010496 0.025007 0.0022999 0.016174 0.0010663
0.010633 0.024933 0.0022343 0.01577 0.0010673
0.010769 0.02486 0.0021674 0.015358 0.0010682
0.010903 0.024785 0.0020991 0.014928 0.0010689
0.011036 0.02471 0.0020294 0.014515 0.0010698
0.011167 0.024634 0.0019583 0.014094 0.0010705
0.011297 0.024557 0.0018858 0.013692 0.0010715
0.011426 0.02448 0.001812 0.013283 0.0010723
0.011553 0.024402 0.0017654 0.012893 0.0010734
0.011679 0.024323 0.0016717 0.012521 0.0010747
0.011803 0.024243 0.0016056 0.012164 0.0010762
0.011927 0.024163 0.0015254 0.011801 0.0010775
0.012048 0.024082 0.0014268 0.01143 0.0010788
0.012169 0.024 0.001356 0.011076 0.0010802
0.012288 0.023918 0.0013074 0.010736 0.0010819
0.012405 0.023835 0.001247 0.01039 0.0010834
0.012522 0.023751 0.0010335 0.010058 0.0010851
0.012637 0.023666 0.00061045 0.0097415 0.0010871
0.01275 0.02358 0.00031994 0.0094191 0.0010889
0.012862 0.023494 0.00010534 0.0091117 0.001091
0.012973 0.023389 7.5227e-05 0.0087975 0.001093
0.013082 0.023262 8.0859e-05 0.0084763 0.0010948
0.01319 0.023179 9.026e-05 0.00817 0.0010968
0.013297 0.023076 0.00018025 0.007857 0.0010988
0.013402 0.022602 0.00030169 0.0075587 0.0011009
0.013506 0.022211 0.00046603 0.0072742 0.0011033
0.013608 0.02178 0.00060646 0.0069834 0.0011055
0.01371 0.021428 0.00080033 0.0067062 0.001108
0.013809 0.02151 0.00096265 0.0064235 0.0011104
0.013883 0.021504 0.0015326 0.0061528 0.001113
0.014018 0.021483 0.002032 0.0058768 0.0011154
0.013947 0.021446 0.0024689 0.0055953 0.0011178
0.013846 0.021394 0.0028506 0.0053083 0.00112
0.013715 0.02132 0.0031812 0.0050335 0.0011225
0.013635 0.021281 0.0032764 0.0047714 0.0011251
0.013529 0.021225 0.0033519 0.0045036 0.0011277
0.013206 0.021119 0.0034029 0.0043079 0.0011248
0.01285 0.021383 0.0034286 0.0041078 0.0011217
0.012602 0.021622 0.0034401 0.0039038 0.0011186
0.012427 0.022514 0.0034075 0.0036957 0.0011153
0.012306 0.022777 0.0034013 0.0034965 0.0011123
0.012233 0.023103 0.0034241 0.0032882 0.0011089
0.012204 0.023212 0.0033683 0.0030907 0.0011059
0.012212 0.023358 0.0033405 0.0029016 0.001103
0.011979 0.023477 0.0032876 0.0027082 0.0011001
0.011713 0.023578 0.0034642 0.002678 0.0010968
0.011508 0.023715 0.0037025 0.0026491 0.0010937
0.011355 0.023892 0.0039394 0.0026216 0.0010909
0.011177 0.024048 0.004175 0.0025934 0.001088
0.010971 0.024185 0.0044092 0.0025645 0.0010849
0.010832 0.024303 0.0046108 0.0025349 0.0010817
0.010741 0.024382 0.0047684 0.0025068 0.0010787
0.0025735 0.031582 0.00085192 0.00034058 0.00083866
0.0022448 0.031634 0.00072955 0.00031163 0.00083517
0.001979 0.031731 0.00064037 0.00029867 0.00082718
0.0017691 0.031555 0.00036756 0.00028632 0.00081955
0.0016043 0.030866 0.0001663 0.00027455 0.00081224
0.0013914 0.03011 0.00013876 0.00026244 0.00080477
0.0012192 0.02947 4.5969e-05 0.00025085 0.0007976
0.0010238 0.028767 3.3053e-05 0.00025189 0.00078997
0.00080486 0.027991 3.8129e-05 0.00025279 0.00078218
0.0006268 0.027332 4.5102e-05 0.00025385 0.00077471
0.00061543 0.026613 4.8869e-05 0.00025476 0.00076705
0.00061257 0.024751 5.5659e-05 0.00025545 0.00075923
0.0006035 0.023325 4.8063e-05 0.00025632 0.00075171
0.00058808 0.021769 6.57e-05 0.00025703 0.00074402
0.00056623 0.020076 7.8982e-05 0.00025758 0.00073615
0.00055224 0.018641 9.692e-05 0.00025787 0.00072793
0.00054574 0.017416 0.00012078 0.00025834 0.00072004
0.0005333 0.016096 0.00013961 0.00025865 0.00071198
0.00052874 0.01501 0.00013388 0.00025869 0.00070353
0.00046496 0.014082 0.00013213 0.00025889 0.0006954
0.00041345 0.013289 0.0001341 0.00025926 0.00068757
0.00037203 0.012617 0.00013991 0.00025949 0.0006796
0.00032633 0.011895 0.00014195 0.00025957 0.00067147
0.0002734 0.011114 0.00013998 0.0002595 0.00066318
0.00023094 0.010453 0.0001422 0.00025961 0.00065522
0.00019599 0.0098847 0.00014813 0.00025988 0.00064754
0.00016724 0.0094111 0.00015812 0.0002603 0.00064015
0.00014358 0.0090041 0.00017281 0.00026089 0.00063303
0.00012475 0.0086609 0.00019405 0.00026166 0.0006262
0.00010195 0.0082878 0.00021004 0.00026227 0.00061922
8.3678e-05 0.0078616 0.00031333 0.00026273 0.00061209
6.846e-05 0.007497 0.00044554 0.00026335 0.00060523
5.6081e-05 0.0071909 0.00061989 0.00026416 0.00059865
4.5605e-05 0.0069298 0.00084402 0.00026514 0.00059232
3.6651e-05 0.0067081 0.0011332 0.00026629 0.00058624
4.9595e-05 0.0064678 0.0013894 0.00026729 0.00058003
5.9539e-05 0.0062076 0.001616 0.00026814 0.0005737
7.1873e-05 0.0059909 0.0016742 0.00026919 0.00056764
8.7229e-05 0.0058114 0.0016492 0.00027044 0.00056184
0.00010639 0.0056638 0.0016431 0.00027189 0.0005563
0.00013042 0.0055439 0.0016557 0.00027355 0.00055101
0.00016061 0.0054483 0.0016882 0.00027542 0.00054596
0.00019752 0.0050937 0.0017414 0.00027748 0.00054111
0.00022854 0.0047077 0.0017815 0.00027937 0.00053615
0.00026806 0.004384 0.0018468 0.00028147 0.00053141
0.00031825 0.0041135 0.0019437 0.00028381 0.0005269
0.00038179 0.003888 0.0020812 0.00028637 0.00052261
0.00039532 0.0036433 0.0021984 0.00028877 0.00051821
0.00041519 0.0034353 0.0022043 0.00029137 0.00051401
0.00044215 0.0032588 0.0022306 0.00029418 0.00050999
0.00047846 0.0031121 0.0022818 0.00029723 0.00050616
0.0005086 0.0029523 0.0023203 0.00030012 0.00050224
0.00053471 0.0027785 0.0023466 0.00030284 0.00049823
0.00051336 0.002634 0.0023987 0.0003058 0.00049441
0.00050026 0.0025147 0.0023555 0.00030901 0.00049078
0.00048173 0.0023841 0.0022989 0.00031205 0.00048706
0.00047009 0.0022746 0.0020705 0.00031485 0.00048318
0.00045274 0.0021535 0.0018052 0.00031746 0.0004792
0.00044196 0.0020514 0.0016039 0.00032028 0.00047538
0.00043731 0.001966 0.0014522 0.00032334 0.00047175
0.00042765 0.0018707 0.0012742 0.00032664 0.00046829
0.00042406 0.0017342 0.0010215 0.00033019 0.00046501
0.00042632 0.0016185 0.00082984 0.00033398 0.00046188
0.00042329 0.001491 0.00082069 0.00033757 0.00045865
0.00042613 0.0013829 0.00082348 0.00034141 0.00045558
0.00042408 0.0012648 0.000991 0.00034507 0.00045242
0.00042869 0.0011664 0.0012187 0.00034901 0.00044944
0.00042842 0.0010585 0.0014168 0.00035328 0.00044664
0.00043473 0.00096839 0.0016902 0.00035784 0.00044401
0.00044666 0.00065248 0.0020403 0.00036267 0.00044152
0.00046403 0.00037538 0.0024767 0.00036774 0.00043914
0.00047714 0.0003427 0.0028777 0.00037264 0.0004367
0.00049545 0.00031421 0.0033665 0.00037778 0.00043437
0.00051936 0.00028935 0.0039605 0.00038314 0.00043214
0.00053901 0.00026187 0.0045141 0.00038835 0.00042986
0.0005646 0.00023777 0.0046285 0.0003938 0.00042769
0.00059784 0.00021702 0.004781 0.00039952 0.00042563
0.00063994 0.00019923 0.0047505 0.00040553 0.00042369
0.00067671 0.00017922 0.0047095 0.00041137 0.00042169
0.00072178 0.00016152 0.0046913 0.00041746 0.00041979
0.00077524 0.00014558 0.0046935 0.00042378 0.00041797
0.00082437 0.00012804 0.0046883 0.00042998 0.00041612
0.00086938 0.00010889 0.0046759 0.00043607 0.00041423
0.00092261 9.1287e-05 0.0046829 0.00044237 0.00041242
0.00098499 7.5002e-05 0.0047093 0.00044888 0.00041069
0.0010576 5.9845e-05 0.004756 0.00045562 0.00040904
0.0011418 4.5649e-05 0.0048244 0.00046258 0.00040746
0.001239 3.2262e-05 0.0049166 0.00046977 0.00040596
0.0013511 1.9538e-05 0.0050357 0.0004772 0.00040453
0.0014782 7.2116e-06 0.0049468 0.00048484 0.00040317
0.0015986 7.7337e-06 0.0048492 0.00049237 0.00040177
0.0017353 7.7089e-06 0.0047736 0.00050011 0.00040044
0.0018903 7.1367e-06 0.004718 0.00050807 0.00039917
0.0020659 6.0123e-06 0.004681 0.00051626 0.00039796
0.0022338 1.514e-05 0.0046374 0.00052434 0.00039673
0.0024244 2.4359e-05 0.0046116 0.00053265 0.00039555
0.0043195 3.2376e-05 0.0045787 0.00054084 0.00039434
0.0061505 3.9228e-05 0.004539 0.0005489 0.0003931
0.0083483 4.6341e-05 0.0045194 0.00055725 0.00039194
0.010837 5.3669e-05 0.0042102 0.00056584 0.00039083
0.013234 5.9768e-05 0.0038832 0.0005743 0.0003897
0.01594 6.6097e-05 0.0036062 0.00058301 0.00038862
0.018548 7.1194e-05 0.0033132 0.00059159 0.00038751
0.021531 7.6679e-05 0.0030695 0.00060045 0.00038647
0.024943 8.2611e-05 0.0028674 0.0006096 0.0003855
0.028849 8.9057e-05 0.0027004 0.00061905 0.0003846
0.032609 9.4213e-05 0.0025224 0.00062836 0.00038366
0.036222 9.8055e-05 0.0023321 0.00063754 0.00038269
0.040412 0.00010262 0.0021786 0.00064705 0.00038179
0.045785 0.00010549 0.0020058 0.00065634 0.00038084
0.052246 0.00010975 0.0018786 0.00066612 0.00038
0.054441 0.00011559 0.0017875 0.00067643 0.00037928
0.056525 0.00011938 0.0016791 0.00068644 0.00037848
0.059067 0.00012459 0.0015998 0.00069693 0.00037779
0.062181 0.00013153 0.00132 0.00069756 0.00037803
0.06499 0.00013627 0.00099803 0.00069796 0.00037819
0.068496 0.00014305 0.00075776 0.00069815 0.0003783
0.069577 0.00015186 0.00057287 0.00069814 0.00037834
0.070593 0.000159 0.00037237 0.000698 0.00037834
0.07177 0.00016718 0.00020397 0.00069804 0.00037841
0.07289 0.00017384 0.00019326 0.00069797 0.00037844
0.073964 0.00017907 0.00017977 0.00069778 0.00037843
0.074994 0.00018288 0.00016353 0.00069749 0.0003784
0.076184 0.00018771 0.00015052 0.00069739 0.00037843
0.077555 0.00019361 0.0001403 0.00069748 0.00037852
0.078874 0.00019809 0.00012757 0.00069746 0.00037858
0.080391 0.00020368 0.00011737 0.00069763 0.0003787
0.082111 0.00021022 0.00010903 0.00069796 0.00037888
0.084058 0.00021779 0.00010234 0.00069846 0.00037912
0.086263 0.00022643 9.7134e-05 0.00069912 0.00037941
0.088386 0.0002336 8.9656e-05 0.00069968 0.00037967
0.090788 0.00024189 8.3543e-05 0.00070041 0.00037999
0.093101 0.00024869 7.5193e-05 0.00070102 0.00038027
0.095755 0.0002569 6.8369e-05 0.00070183 0.00038062
0.098762 0.0002664 6.2623e-05 0.00070281 0.00038103
0.10164 0.00027428 5.4635e-05 0.00070368 0.0003814
0.10501 0.00028408 4.8194e-05 0.00070477 0.00038185
0.10819 0.00029189 7.4785e-05 0.00070571 0.00038226
0.11197 0.0003021 0.00010758 0.00070692 0.00038275
0.11655 0.0003151 0.00014901 0.00070842 0.00038333
0.12071 0.00033224 0.00020778 0.00071024 0.00038403
0.12578 0.00035684 0.00029267 0.00072844 0.00038365
0.13041 0.00037822 0.00036607 0.00074623 0.00038322
0.13459 0.0003962 0.00042801 0.00076358 0.00038271
0.13836 0.00041081 0.00088359 0.00078049 0.00038214
0.14173 0.00042139 0.0034525 0.00079693 0.00038149
0.14624 0.00043639 0.0069344 0.00081424 0.00038096
0.1518 0.00045609 0.011528 0.00083112 0.00038036
0.17182 0.00049614 0.014623 0.00083453 0.00038044
0.19643 0.00054362 0.018686 0.0008383 0.00038063
0.21874 0.00058621 0.02227 0.00084184 0.00038075
0.24669 0.00063794 0.023443 0.00083392 0.00038105
0.27979 0.0006973 0.024904 0.00082638 0.00038143
0.31078 0.00075225 0.026251 0.00081863 0.00038175
0.34012 0.00080346 0.027511 0.00081067 0.00038203
0.37423 0.00086165 0.029036 0.00080308 0.00038239
0.40632 0.00091558 0.030454 0.00079526 0.0003827
0.44435 0.00097809 0.030746 0.00078785 0.0003831
0.48025 0.0010363 0.031007 0.00078024 0.00038345
0.52322 0.0011044 0.03137 0.00077304 0.0003839
0.57381 0.0011825 0.031299 0.00076622 0.00038443
0.62178 0.0012559 0.031204 0.0007592 0.00038492
0.63333 0.0012478 0.031172 0.00075255 0.0003855
0.64679 0.0012447 0.031197 0.00074624 0.00038616
0.65971 0.0012389 0.031204 0.00073976 0.00038679
0.67444 0.0012372 0.031261 0.00073357 0.00038748
0.69119 0.0012395 0.031368 0.00072766 0.00038825
0.71024 0.0012458 0.031528 0.000722 0.00038909
0.72858 0.0012496 0.031669 0.0007162 0.00038989
0.73253 0.0011602 0.031868 0.00071067 0.00039077
0.73705 0.0010799 0.032131 0.00070539 0.00039172
0.77928 0.00099516 0.032369 0.00069996 0.00039263
0.81979 0.00090589 0.032583 0.00069436 0.00039349
0.86648 0.00082676 0.03287 0.00068906 0.00039443
0.87666 0.0007561 0.033235 0.00068403 0.00039546
0.88639 0.00068103 0.03357 0.00067883 0.00039644
0.89764 0.00061474 0.033998 0.00067392 0.0003975
0.91047 0.00055541 0.034525 0.00066927 0.00039865
0.91359 0.00050244 0.03517 0.00066489 0.00039988
0.91717 0.00045512 0.035956 0.00066075 0.0004012
0.91796 0.00041353 0.036933 0.0006569 0.00040262
0.91891 0.00037703 0.038149 0.00065333 0.00040413
0.91896 0.00034521 0.03967 0.00065005 0.00040575
0.91909 0.00031766 0.040002 0.00064706 0.00040748
0.91919 0.000294 0.040455 0.00064432 0.00040931
0.91926 0.00027373 0.041057 0.00064186 0.00041126
0.91941 0.00025601 0.041821 0.00063965 0.0004133
0.91953 0.00023624 0.042523 0.00063729 0.0004153
0.91972 0.00021872 0.043397 0.00063515 0.00041739
0.91989 0.0001991 0.044194 0.00063285 0.00041942
0.92004 0.00017748 0.044931 0.00063042 0.0004214
0.92016 0.00015381 0.045611 0.00062784 0.00042334
0.92036 0.00013284 0.046479 0.00062552 0.00042538
0.92067 0.00011423 0.047586 0.000623 0.00042734
0.92095 9.3709e-05 0.048607 0.00062033 0.00042926
0.92051 7.5018e-05 0.049871 0.0006179 0.00043127
0.92016 5.8109e-05 0.051469 0.0006157 0.00043339
0.91979 3.949e-05 0.052946 0.00061337 0.00043546
0.9207 4.3992e-05 0.054314 0.0006109 0.00043748
0.92176 4.8669e-05 0.055965 0.00060862 0.00043958
0.923 5.3657e-05 0.057984 0.00060654 0.00044178
0.92309 5.8885e-05 0.060401 0.00060465 0.00044407
0.92317 6.2866e-05 0.062686 0.00060264 0.00044631
0.92231 6.716e-05 0.065437 0.00060082 0.00044865
0.92157 7.1789e-05 0.068734 0.00059918 0.00045107
0.92095 7.6792e-05 0.072679 0.00059771 0.00045358
0.92042 8.2218e-05 0.077395 0.00059642 0.00045618
0.91987 8.6394e-05 0.081888 0.00059502 0.00045875
0.9193 8.9325e-05 0.08617 0.00059352 0.00046127
0.9187 9.1012e-05 0.09025 0.00059192 0.00046376
0.91808 9.1457e-05 0.094137 0.00059022 0.00046622
0.91742 9.066e-05 0.09784 0.00058842 0.00046863
0.91687 9.0276e-05 0.10227 0.00058679 0.00047114
0.91642 9.0302e-05 0.10756 0.00058533 0.00047374
0.91604 9.0611e-05 0.11378 0.00058402 0.00047641
0.91574 9.1334e-05 0.1212 0.00058288 0.00047919
0.91551 9.2354e-05 0.12993 0.00058189 0.00048205
0.91534 9.3686e-05 0.14018 0.00058105 0.00048499
0.91524 9.5362e-05 0.15226 0.00058037 0.00048803
0.9139 9.7416e-05 0.16653 0.00057983 0.00049116
0.91251 9.8191e-05 0.1801 0.0005792 0.00049425
0.91107 9.7736e-05 0.19309 0.00057846 0.0004973
0.90982 9.7767e-05 0.1958 0.0005779 0.00050046
0.90873 9.814e-05 0.199 0.00057748 0.0005037
0.90778 9.8854e-05 0.20276 0.00057722 0.00050704
0.90695 9.9916e-05 0.20341 0.0005771 0.00051048
0.90624 0.00010133 0.20289 0.00057712 0.00051401
0.90563 0.00010312 0.20249 0.00057729 0.00051764
0.90499 0.00010363 0.20206 0.00057736 0.00052123
0.90432 0.00010288 0.20158 0.00057733 0.00052478
0.90376 0.00010263 0.20125 0.00057747 0.00052844
0.9033 0.00010289 0.20105 0.00057777 0.00053221
0.90292 0.00010365 0.20096 0.00057825 0.0005361
0.90251 0.00010317 0.20085 0.00057862 0.00053995
0.90208 0.00010145 0.2007 0.0005789 0.00054375
0.90173 0.0001001 0.20067 0.00057933 0.00054766
0.90146 9.9256e-05 0.20075 0.00057992 0.00055169
0.89945 9.8769e-05 0.19942 0.00058067 0.00055583
0.89736 9.702e-05 0.198 0.00058131 0.00055993
0.89519 9.4012e-05 0.19652 0.00058185 0.00056398
0.89331 9.147e-05 0.19529 0.00058256 0.00056815
0.89168 8.9368e-05 0.1943 0.00058344 0.00057245
0.88999 8.6059e-05 0.19326 0.00058423 0.00057671
0.88824 8.3043e-05 0.1924 0.00058516 0.00058107
0.88643 7.8825e-05 0.19149 0.000586 0.0005854
0.88486 7.4999e-05 0.19077 0.000587 0.00058986
0.88324 0.00011191 0.19 0.00058791 0.00059427
0.88182 0.00015172 0.18939 0.00058898 0.0005988
0.88059 0.00019522 0.18892 0.00059021 0.00060346
0.87932 0.0002367 0.18842 0.00059134 0.00060807
0.87822 0.00028222 0.18806 0.00059265 0.00061283
0.87708 0.0003255 0.18767 0.00059386 0.00061753
0.87609 0.00037264 0.18739 0.00059522 0.00062236
0.87524 0.00042472 0.18723 0.00059675 0.00062733
0.87436 0.00047422 0.18704 0.00059818 0.00063224
0.87344 0.00052054 0.18682 0.00059978 0.00063729
0.87265 0.00050896 0.18671 0.00060154 0.00064248
0.87182 0.0004956 0.18656 0.0006032 0.00064762
0.87112 0.00048446 0.18472 0.00060502 0.0006529
0.87038 0.00047146 0.18276 0.00060673 0.00065812
0.86961 0.0004566 0.1807 0.00060834 0.00066329
0.86872 0.00043984 0.17852 0.00060983 0.0006684
0.86797 0.00042529 0.17668 0.00061148 0.00067365
0.86718 0.00040898 0.17476 0.00061303 0.00067884
0.86311 0.00039484 0.17315 0.00061476 0.00068419
0.85888 0.00037892 0.17145 0.00061637 0.00068947
0.85517 0.00036512 0.17004 0.00061816 0.00069491
0.83832 0.00035381 0.16348 0.00061969 0.00070016
0.82079 0.00034072 0.15657 0.0006211 0.00070535
0.80257 0.00032587 0.14928 0.0006224 0.00071049
0.78669 0.00031309 0.14321 0.00062389 0.00071578
0.77019 0.00029859 0.13683 0.00062527 0.00072102
0.75303 0.00028235 0.13009 0.00062654 0.00072621
0.73812 0.00026817 0.12451 0.00062801 0.00073155
0.69967 0.00025575 0.11987 0.00062965 0.00073704
0.66589 0.0002449 0.11597 0.00063147 0.0007427
0.63079 0.00023574 0.11275 0.0006335 0.00074852
0.59979 0.00022782 0.11003 0.00063569 0.0007545
0.57273 0.00022124 0.10776 0.00063808 0.00076065
0.54877 0.0002157 0.10584 0.00064063 0.00076695
0.52392 0.0002087 0.10382 0.00064308 0.0007732
0.5022 0.00020291 0.10214 0.00064572 0.00077962
0.48322 0.00019825 0.10074 0.00064855 0.00078622
0.46361 0.00019222 0.099283 0.00065127 0.00079276
0.44628 0.00018712 0.098056 0.00065418 0.00079947
0.43125 0.00018321 0.092189 0.00065683 0.00080598
0.36971 0.00018038 0.087311 0.00065968 0.00081268
0.31537 0.00017842 0.083176 0.00066272 0.00081955
0.26801 0.00017746 0.079731 0.00066597 0.00082662
0.22612 0.00017729 0.076806 0.0006694 0.00083386
0.18953 0.00017808 0.074365 0.00067303 0.0008413
0.15714 0.00017964 0.072292 0.00067685 0.00084892
0.12353 0.00017981 0.070113 0.00068056 0.00085647
0.093785 0.00018077 0.068265 0.00068446 0.00086421
0.067478 0.00018252 0.0667 0.00068854 0.00087214
0.044239 0.00014605 0.059599 0.00069283 0.00088026
0.023709 0.00011234 0.053567 0.00069731 0.00088858
0.021546 7.6629e-05 0.047218 0.00070167 0.00089683
0.019289 8.0761e-05 0.040523 0.00070591 0.00090501
0.01733 8.5374e-05 0.034959 0.00071039 0.00091341
0.015611 9.0402e-05 0.03026 0.00071507 0.00092203
0.014131 9.6116e-05 0.026396 0.00072002 0.0009309
0.01288 0.0001028 0.023294 0.00072527 0.00094006
0.011839 0.00011077 0.011322 0.00073086 0.00094955
0.010706 0.00011683 0.0098137 0.00073622 0.00095888
0.0094724 0.00012102 0.0096388 0.00074138 0.00096805
0.0084625 0.00012668 0.009521 0.0007469 0.00097758
0.0076488 0.00011489 0.0090933 0.00075283 0.00098749
0.0067499 0.00013361 0.0086021 0.0007585 0.00099722
0.0057591 0.00014976 0.0080414 0.00076393 0.0010068
0.0049697 0.00016918 0.0076309 0.0007698 0.0010167
0.0043263 0.00019194 0.0073231 0.00077607 0.0010271
0.0036087 0.00021154 0.0069638 0.00078207 0.0010372
0.0030386 0.00023582 0.0067065 0.00078777 0.0010471
0.0025862 0.00026511 0.0065263 0.00079393 0.0010575
0.0020775 0.00028953 0.0063084 0.00080057 0.0010683
0.0015081 0.00029937 0.0062975 0.0008077 0.0010796
0.0010556 0.00031288 0.0061042 0.00081534 0.0010913
0.00095231 0.00033049 0.0059734 0.0008235 0.0011036
0.00087195 0.00034124 0.0059019 0.00083137 0.0011157
0.00081019 0.00035598 0.0058716 0.00083978 0.0011283
0.00076373 0.00036761 0.0058179 0.00084791 0.0011406
0.00070828 0.00037608 0.0057425 0.00085572 0.0011527
0.00064317 0.00038144 0.0056437 0.00086322 0.0011646
0.00059166 0.0003902 0.0052683 0.00087119 0.0011769
0.00052979 0.00039545 0.0048227 0.00087884 0.001189
0.00048049 0.00040412 0.0044866 0.00088697 0.0012015
0.00044163 0.00037888 0.0042345 0.00089558 0.0012145
0.00039537 0.00034972 0.0039401 0.00090388 0.0012273
0.00035976 0.00032595 0.0037268 0.00091274 0.0012406
0.00033298 0.00030689 0.0035751 0.00092216 0.0012544
0.00030058 0.00028464 0.0034081 0.00093129 0.0012681
0.00027526 0.00026625 0.0032872 0.00094094 0.0012822
0.0002567 0.00025174 0.0032069 0.0009512 0.001297
0.00024393 0.00024067 0.0031601 0.0009621 0.0013124
0.00023626 0.00023268 0.0029435 0.00096029 0.0013287
0.00022388 0.00022198 0.0026905 0.00095821 0.0013447
0.00020701 0.00020856 0.0023978 0.00095587 0.0013604
0.00019497 0.00019806 0.0021813 0.00095395 0.0013767
0.00018662 0.00018986 0.0020169 0.00095239 0.0013936
0.00021885 0.00017917 0.0018261 0.00095058 0.0014103
0.00025804 0.00017062 0.0016807 0.00094912 0.0014275
0.00030684 0.0001594 0.0015053 0.00094744 0.0014444
0.00036728 0.00015046 0.0013747 0.00094614 0.0014621
0.00044062 0.00014333 0.0012756 0.0009452 0.0014803
0.00050745 0.00013441 0.0011649 0.00094407 0.0014983
0.00058634 0.00012682 0.0010777 0.00094324 0.0015169
0.00067944 0.00012041 0.0010093 0.0009427 0.001536
0.00078824 0.00011496 0.00095563 0.00094242 0.0015557
0.00091307 0.0001102 0.00091307 0.00094237 0.0015759
0.0010299 0.00010401 0.00086499 0.00094219 0.0015959
0.0011396 9.6418e-05 0.00081163 0.00094187 0.0016157
0.0012426 8.7431e-05 0.00075279 0.00094143 0.0016354
0.0013616 7.9143e-05 0.00070515 0.00094122 0.0016556
0.0014728 0.0001011 0.00065186 0.00094087 0.0016756
0.0015758 0.00012117 0.00059232 0.00094037 0.0016955
0.0016711 0.00013938 0.00052611 0.00093973 0.0017151
0.0017586 0.00015572 0.00045248 0.00093893 0.0017346
0.001863 0.00017398 0.00039302 0.0009384 0.0017546
0.0019909 0.00019576 0.00034717 0.00093819 0.0017753
0.0021478 0.00022099 0.00031257 0.00093831 0.0017967
0.0021755 0.00021939 0.00028929 0.00092492 0.0018191
0.0022222 0.00022039 0.00027506 0.00091225 0.0018425
0.0022878 0.00022365 0.00026768 0.00090021 0.0018668
0.002331 0.00021952 0.00024756 0.00088774 0.0018906
0.0023929 0.00021766 0.00023458 0.00087589 0.0019152
0.0024426 0.00021326 0.00021593 0.00086366 0.0019394
0.0024804 0.00020631 0.00019124 0.00085105 0.0019631
0.0025392 0.00020196 0.00017458 0.00083911 0.0019878
0.0025868 0.00019526 0.00015275 0.00082684 0.0020122
0.0026546 0.00019076 0.00013854 0.00081544 0.0020184
0.0027457 0.00018835 0.00012927 0.00080461 0.0020251
0.0027263 0.00018828 0.00012483 0.00079451 0.0020224
0.002728 0.00019023 0.00012422 0.00078493 0.00202
0.0030259 0.00018992 0.00011976 0.00077506 0.0020175
0.003394 0.00019164 0.00011904 0.00076593 0.0020021
0.0037215 0.00019094 0.00011425 0.00075648 0.0019865
0.0041279 0.00019229 0.0001131 0.00074753 0.0019714
0.0044895 0.0001912 0.00010794 0.00073825 0.001956
0.0045862 0.00019278 0.00010687 0.00072865 0.0019403
0.0047191 0.00019677 0.00010974 0.0007196 0.0019253
0.0047027 0.00020294 0.00011623 0.00071103 0.0019108
0.0047092 0.00021154 0.00010067 0.00070292 0.0018969
0.004739 0.00022269 8.9607e-05 0.00069525 0.0018836
0.0047932 0.00023668 8.2184e-05 0.00068802 0.0018707
0.0048324 0.00024781 7.083e-05 0.0006805 0.0018576
0.0048634 0.00025615 9.0225e-05 0.00067269 0.0018442
0.0060799 9.6494e-05 0.00012581 0.00037474 0.00137
0.0060709 0.0001017 0.00013757 0.00036569 0.0013569
0.0058998 0.00010836 0.00015466 0.00035704 0.0013443
0.0057688 9.7789e-05 0.00017841 0.00034879 0.0013322
0.0056151 8.4863e-05 0.00019637 0.00033979 0.0013342
0.0055025 7.4047e-05 0.00022281 0.00033124 0.0013364
0.0054251 6.5008e-05 0.00026023 0.00032312 0.0013389
0.0053813 6.0674e-05 0.00026672 0.00031542 0.0013417
0.0053631 5.7209e-05 0.00027985 0.00030808 0.0013447
0.005331 7.8642e-05 0.00028772 0.0003005 0.0013475
0.0051113 0.00010378 0.00030375 0.00029332 0.0013506
0.0049429 0.0001334 0.00032941 0.00028651 0.001354
0.0048168 0.00016841 0.00036709 0.00028005 0.0013577
0.0046697 0.00019944 0.00039672 0.00027336 0.0013612
0.0044997 0.00022669 0.0004189 0.00026644 0.0013645
0.0043716 0.0002594 0.0004533 0.00025987 0.0013682
0.0042874 0.00030331 0.00044766 0.00025454 0.001365
0.0042323 0.00035587 0.00038972 0.00024976 0.00135
0.0042006 0.00036562 0.00035164 0.00024522 0.0013357
0.0040244 0.00037239 0.00030668 0.0002405 0.001321
0.0038864 0.00038258 0.00027373 0.00023601 0.001307
0.0037805 0.00039643 0.00025028 0.00023177 0.0012934
0.0038652 0.00041857 0.00018832 0.00022777 0.0012804
0.003982 0.0004463 0.00014269 0.00022402 0.001268
0.0041329 0.00047969 0.00010794 0.00022048 0.001256
0.0043299 0.00052046 8.2346e-05 0.00021716 0.0012445
0.0045833 0.00056987 6.3525e-05 0.00021406 0.0012335
0.0049064 0.00062945 4.9715e-05 0.00021118 0.001223
0.0050382 0.00070883 4.0806e-05 0.00020812 0.0012123
0.0052137 0.00080385 3.4514e-05 0.00020528 0.001202
0.0052185 0.00082459 2.9922e-05 0.00020262 0.0011921
0.0052083 0.00084088 4.618e-05 0.00019979 0.001182
0.0052253 0.00086391 6.7742e-05 0.00019716 0.0011724
0.0050851 0.00089353 6.852e-05 0.0001947 0.0011631
0.0049794 0.00093049 7.1763e-05 0.00019241 0.0011542
0.0048542 0.00096215 7.1552e-05 0.00018995 0.0011451
0.0047612 0.0009441 7.388e-05 0.00018767 0.0011364
0.0046498 0.0010249 7.2705e-05 0.00018522 0.0011274
0.0045684 0.0011204 7.4081e-05 0.00018294 0.0011188
0.0042438 0.001235 5.562e-05 0.00018084 0.0011106
0.0039891 0.0013723 4.1956e-05 0.00017891 0.0011028
0.0037906 0.0015366 3.1803e-05 0.00017716 0.0010954
0.0035335 0.0016862 1.8056e-05 0.00017525 0.0010877
0.0033326 0.0018654 7.2248e-06 0.00017307 0.0010797
0.0033756 0.0020286 7.6391e-06 0.00017075 0.0010714
0.0034057 0.0031267 5.9635e-06 0.00016826 0.001063
0.0034232 0.0041367 2.1658e-06 0.00016562 0.0010543
0.0034282 0.0050651 2.8955e-06 0.00016283 0.0010455
0.003453 0.0061528 3.0072e-06 0.00016019 0.001037
0.0034649 0.0071521 1.0141e-05 0.0001574 0.0010283
0.0034994 0.0074758 1.8782e-05 0.00015479 0.00102
0.0035557 0.0078573 2.9318e-05 0.00015235 0.0010121
0.0035982 0.0082062 3.6622e-05 0.00014976 0.001004
0.0036275 0.008525 4.0842e-05 0.00014702 0.00099571
0.0035319 0.0085988 4.6949e-05 0.00014443 0.00098775
0.0034648 0.0086984 5.5853e-05 0.00014201 0.00098015
0.0034228 0.0088266 6.8396e-05 0.00013975 0.0009729
0.0034036 0.0089875 8.5763e-05 0.00013765 0.00096598
0.0034101 0.0091903 0.00010972 0.0001354 0.00095889
0.0034054 0.0093749 0.00012871 0.00013302 0.00095165
0.0032549 0.0095955 0.00015404 0.00013077 0.0009447
0.0030848 0.009797 0.00017413 0.00012838 0.0009376
0.0029477 0.010035 0.00020083 0.00012612 0.00093077
0.0028414 0.010319 0.00023702 0.00012399 0.00092424
0.0027605 0.010656 0.0002853 0.00012199 0.00091799
0.0027015 0.011054 0.00034939 0.00012012 0.00091202
0.0026322 0.011426 0.00040481 0.00011813 0.00090593
0.002583 0.011865 0.00047872 0.00011626 0.00090011
0.0025499 0.012373 0.0005739 0.00011449 0.00089451
0.002508 0.012849 0.00065724 0.00011261 0.00088881
0.0024834 0.013409 0.00076845 0.00011084 0.00088336
0.0024499 0.013932 0.00086544 0.00010896 0.0008778
0.0024062 0.014417 0.00094838 0.00010696 0.00087211
0.0023819 0.014553 0.00095858 0.00010509 0.00086669
0.0023464 0.01467 0.00095989 0.00010339 0.00086165
0.002352 0.014771 0.00095416 0.00010156 0.00085646
0.0023471 0.014855 0.00093948 9.9606e-05 0.00085113
0.0023599 0.014971 0.00093938 9.7773e-05 0.00084606
0.0022994 0.014955 0.00089525 9.6046e-05 0.00084124
0.0020628 0.014918 0.00083152 9.4191e-05 0.00083627
0.0018764 0.014867 0.00075417 9.2207e-05 0.00083117
0.0016688 0.014803 0.00066347 9.0104e-05 0.00082595
0.0014241 0.014767 0.0005979 8.812e-05 0.00082099
0.0012242 0.014754 0.00054949 8.6234e-05 0.00081625
0.0010029 0.01473 0.00049179 8.4234e-05 0.00081139
0.00082576 0.014732 0.00045077 8.2344e-05 0.00080678
0.00068085 0.014758 0.00042159 8.0547e-05 0.00080238
0.00056561 0.014813 0.0004036 7.8857e-05 0.00079822
0.00043511 0.014852 0.00037858 7.7046e-05 0.00079393
0.00033116 0.01492 0.00036382 7.5341e-05 0.00078988
0.00024633 0.014797 0.00035703 7.3789e-05 0.00077437
0.00023367 0.014656 0.00034396 7.2118e-05 0.00075855
0.00022603 0.014549 0.00033944 7.0547e-05 0.00074336
0.00022245 0.014109 0.0003421 6.9058e-05 0.00072871
0.00021454 0.013628 0.00033892 6.7452e-05 0.00071378
0.00021055 0.01322 0.00034288 6.5927e-05 0.00069938
0.00021029 0.012127 0.00031296 6.4258e-05 0.00068456
0.00021434 0.011213 0.00020687 6.2683e-05 0.00067032
0.00022226 0.010432 0.0001257 6.1184e-05 0.00065659
0.00023437 0.0097662 6.3258e-05 5.9758e-05 0.00064336
0.00025119 0.0091983 1.4864e-05 5.8402e-05 0.00063059
0.00026357 0.0085851 8.3733e-06 5.6942e-05 0.0006176
0.0002818 0.0080718 2.8206e-06 5.5565e-05 0.00060513
0.00029512 0.0074466 2.3384e-06 5.428e-05 0.00059322
0.00031388 0.0069133 1.1787e-06 5.3058e-05 0.00058175
0.00032789 0.0063377 2.6879e-06 5.1736e-05 0.00057006
0.00034852 0.0058549 3.6974e-06 5.0487e-05 0.00055885
0.0003759 0.0054429 4.1962e-06 4.9297e-05 0.00054803
0.00041235 0.005098 4.3327e-06 4.8176e-05 0.00053764
0.00045979 0.0048098 4.1195e-06 4.7121e-05 0.00052767
0.00049952 0.0044923 1.1895e-05 4.616e-05 0.00051823
0.00055135 0.0042267 2.139e-05 4.6391e-05 0.00049736
0.00059612 0.00394 2.8099e-05 4.6532e-05 0.00047616
0.00063452 0.0036316 3.219e-05 4.6584e-05 0.00045464
0.00068339 0.0033679 3.7714e-05 4.6676e-05 0.00043386
0.00072561 0.0030846 4.0556e-05 4.6681e-05 0.00041276
0.00076142 0.00278 4.0736e-05 4.6598e-05 0.00039135
0.00073453 0.0025209 4.2486e-05 4.6558e-05 0.00037069
0.00071669 0.0023006 4.5959e-05 4.6562e-05 0.00035076
0.00069322 0.002064 4.6702e-05 4.6479e-05 0.00033053
0.00066151 0.0018082 4.4592e-05 4.6305e-05 0.00030998
0.00063992 0.0015933 4.4467e-05 4.6183e-05 0.0002902
0.00053474 0.0014128 4.6325e-05 4.6111e-05 0.00027118
0.00045108 0.0012615 5.0352e-05 4.6091e-05 0.00025289
0.000385 0.0010971 5.1403e-05 4.5979e-05 0.00023428
0.00033308 0.00095947 5.4806e-05 4.5934e-05 0.00021659
0.00029251 0.00084425 6.0875e-05 4.594e-05 0.00019957
0.00026014 0.00074604 6.9678e-05 4.5989e-05 0.00018315
0.00023542 0.00066393 8.2462e-05 4.6091e-05 0.00016735
0.00021631 0.00059409 9.9706e-05 4.6235e-05 0.0001521
0.00019216 0.00051676 0.00011236 4.6282e-05 0.00013657
0.00016311 0.00043221 0.00012096 4.6237e-05 0.00012077
0.00014038 0.00036122 0.00013475 4.6245e-05 0.00010558
0.00012219 0.00035405 0.00014067 4.5973e-05 0.00010294
0.00010875 0.00034345 0.00014079 4.5609e-05 0.00010023
9.8318e-05 0.00033613 0.00014504 4.5288e-05 9.7624e-05
8.4162e-05 0.00032599 0.00014527 4.4874e-05 9.4952e-05
7.3063e-05 0.00031934 0.00015019 4.4511e-05 9.2387e-05
6.4457e-05 0.00031595 0.0001602 4.4197e-05 8.9921e-05
5.8236e-05 0.00031029 0.00016655 4.3801e-05 8.7406e-05
5.2683e-05 0.00030648 0.00017603 4.3422e-05 8.4955e-05
4.4932e-05 0.00030085 0.00018252 4.2971e-05 8.2466e-05
3.7777e-05 0.00029705 0.00019236 4.2537e-05 8.0039e-05
3.1035e-05 0.00029502 0.0002059 4.2121e-05 7.7674e-05
2.4551e-05 0.00029472 0.00022368 4.172e-05 7.5367e-05
1.6061e-05 0.00029271 0.00023819 4.125e-05 7.3025e-05
7.7277e-06 0.00029243 0.00025743 4.0795e-05 7.0742e-05
1.1138e-05 0.00029037 0.0002731 4.027e-05 6.8423e-05
1.4113e-05 0.00029017 0.00029429 3.9763e-05 6.6164e-05
1.6799e-05 0.00029201 0.00032249 3.928e-05 6.3968e-05
3.3609e-05 0.0002915 0.00034501 3.8711e-05 6.1723e-05
4.8139e-05 0.00028872 0.00036232 3.806e-05 5.943e-05
4.4734e-05 0.00028835 0.0003878 3.744e-05 5.721e-05
4.2148e-05 0.00029049 0.00037087 3.6853e-05 5.506e-05
3.7029e-05 0.00029015 0.00043414 3.6178e-05 5.286e-05
3.2729e-05 0.00029241 0.00051759 3.5538e-05 5.0732e-05
2.592e-05 0.00029216 0.0005891 3.481e-05 4.8552e-05
2.0087e-05 0.00029499 0.00068748 3.4126e-05 4.6454e-05
1.4973e-05 0.00029498 0.00076984 3.3348e-05 4.4299e-05
1.0289e-05 0.00029813 0.0007812 3.2614e-05 4.2224e-05
3.6974e-06 0.00029846 0.00078437 3.1787e-05 4.0093e-05
4.1534e-06 0.00029599 0.00077939 3.0866e-05 3.7904e-05
3.9519e-06 0.00029667 0.00078746 2.9988e-05 3.5797e-05
1.1501e-05 0.00029455 0.00078736 2.9018e-05 3.3632e-05
1.6739e-05 0.00028968 0.00093841 2.8101e-05 3.1561e-05
5.901e-05 0.00028218 0.0010689 2.7096e-05 2.944e-05
6.9516e-05 0.00027786 0.001248 2.6133e-05 2.7394e-05
8.2859e-05 0.00024138 0.0012998 2.5209e-05 2.5421e-05
9.9782e-05 0.00021093 0.0012798 2.4322e-05 2.3518e-05
0.00012116 0.00018557 0.0012772 2.3299e-05 2.1511e-05
0.00015186 0.00015677 0.0014594 2.219e-05 1.9455e-05
0.00017728 0.00016501 0.0016237 2.0888e-05 1.9441e-05
0.00019765 0.0001708 0.0027814 1.9492e-05 1.94e-05
0.00022348 0.00017867 0.0043052 1.8131e-05 1.937e-05
0.00021662 0.00018883 0.0063113 1.6801e-05 1.9354e-05
0.00020541 0.00019642 0.0080589 1.538e-05 1.931e-05
0.00019871 0.00020673 0.010411 1.3997e-05 1.9281e-05
0.00019559 0.00021971 0.011177 1.2641e-05 1.9264e-05
0.00018858 0.00023003 0.01185 1.1199e-05 1.922e-05
0.00018478 0.00024295 0.012717 9.7789e-06 1.9188e-05
0.00017721 0.00025319 0.013484 8.2739e-06 1.9129e-05
0.00017322 0.00026657 0.014498 6.7963e-06 1.9084e-05
0.00016572 0.00037922 0.015397 6.6861e-06 1.8772e-05
0.00016109 0.0004725 0.015738 6.5094e-06 1.8434e-05
0.00015329 0.00055973 0.016042 6.2692e-06 1.8072e-05
0.00014797 0.00065905 0.016436 6.0102e-06 1.772e-05
0.00013987 0.00075309 0.016798 5.6905e-06 1.7347e-05
0.00013367 0.00085866 0.017249 5.3482e-06 1.6981e-05
0.0001292 0.00097736 0.017809 4.9831e-06 1.6624e-05
7.9988e-05 0.0011113 0.018505 4.5952e-06 1.6274e-05
8.2467e-05 0.0012373 0.019139 4.1452e-06 1.5901e-05
8.5984e-05 0.0013797 0.019926 3.6723e-06 1.5536e-05
9.0966e-05 0.0015451 0.020934 3.1369e-06 1.5147e-05
9.759e-05 0.0017355 0.022221 2.5815e-06 1.4769e-05
0.00010613 0.001955 0.023874 2.0053e-06 1.4401e-05
0.00011805 0.0021619 0.025377 2.4064e-06 1.3994e-05
0.00013244 0.0023978 0.027269 2.7796e-06 1.3595e-05
0.00014349 0.0026187 0.02897 3.0922e-06 1.3172e-05
0.00015123 0.0028252 0.030498 3.3442e-06 1.2725e-05
0.00015437 0.003017 0.031859 3.5345e-06 1.2253e-05
0.00015433 0.0032009 0.033086 3.6645e-06 1.1757e-05
0.00015106 0.0036568 0.036082 3.605e-06 1.2203e-05
0.00014982 0.0041712 0.03978 3.5163e-06 1.2656e-05
0.00014586 0.0046641 0.043224 3.3698e-06 1.3087e-05
0.00014421 0.0052155 0.047409 3.1928e-06 1.3525e-05
0.00014419 0.0058308 0.052478 2.9845e-06 1.3969e-05
0.0001416 0.0064229 0.057228 2.7193e-06 1.4392e-05
0.00013643 0.0069928 0.061686 3.8346e-06 1.478e-05
0.00013285 0.0076283 0.06707 4.9398e-06 1.5174e-05
0.00013081 0.0083379 0.073602 6.0364e-06 1.5574e-05
0.0001307 0.0084916 0.081773 7.132e-06 1.5984e-05
0.00013282 0.0086729 0.092087 8.2293e-06 1.6405e-05
0.0001322 0.0088413 0.10149 1.7275e-05 1.6778e-05
0.00013333 0.0090367 0.11313 1.9332e-05 1.7168e-05
0.00013183 0.0092208 0.12396 2.131e-05 1.7537e-05
0.00013198 0.0094329 0.13721 2.3321e-05 1.7914e-05
0.00013347 0.0096726 0.15309 2.5357e-05 1.8297e-05
0.00013246 0.0099006 0.16801 2.7318e-05 1.8659e-05
0.00012906 0.010119 0.18215 2.9206e-05 1.9001e-05
0.00012696 0.010365 0.18531 3.1119e-05 1.9349e-05
0.00012248 0.0106 0.18829 3.2959e-05 1.9677e-05
0.0001156 0.010825 0.1911 3.4726e-05 1.9985e-05
0.00011033 0.011083 0.19161 3.6529e-05 2.0301e-05
0.00010116 0.011328 0.19205 3.8253e-05 2.0596e-05
9.3334e-05 0.011605 0.19265 4.0008e-05 2.0898e-05
8.8132e-05 0.011867 0.19319 4.1681e-05 2.1178e-05
8.0485e-05 0.012115 0.19366 4.3274e-05 2.1436e-05
7.4146e-05 0.012401 0.19432 4.4908e-05 2.1704e-05
6.4833e-05 0.012665 0.19487 4.6446e-05 2.1945e-05
5.77e-05 0.012985 0.19572 4.8059e-05 2.2205e-05
5.2067e-05 0.013272 0.19635 4.957e-05 2.2438e-05
4.7989e-05 0.013622 0.19729 5.0981e-05 2.2644e-05
4.525e-05 0.014042 0.19862 5.2468e-05 2.2868e-05
4.3712e-05 0.014546 0.20047 5.4035e-05 2.3111e-05
4.3056e-05 0.015251 0.20332 5.5479e-05 2.3321e-05
3.9845e-05 0.015898 0.20594 5.6815e-05 2.3502e-05
3.7868e-05 0.016666 0.20948 5.8226e-05 2.3701e-05
3.67e-05 0.01757 0.2142 5.9713e-05 2.3916e-05
3.6261e-05 0.018631 0.22047 6.1275e-05 2.4149e-05
3.3085e-05 0.019238 0.24113 6.2916e-05 2.4399e-05
2.7768e-05 0.019815 0.26015 6.447e-05 2.4626e-05
2.0458e-05 0.02037 0.27805 6.5948e-05 2.4833e-05
1.314e-05 0.020989 0.29949 6.7461e-05 2.5046e-05
2.0931e-05 0.021583 0.31961 6.9036e-05 2.5273e-05
2.8692e-05 0.022242 0.34353 7.0646e-05 2.5505e-05
3.4585e-05 0.022882 0.36637 7.2185e-05 2.572e-05
4.0435e-05 0.023587 0.39324 7.3755e-05 2.5939e-05
4.4423e-05 0.024274 0.41897 7.5257e-05 2.6139e-05
4.6558e-05 0.024943 0.44362 7.669e-05 2.6322e-05
4.8664e-05 0.025678 0.47257 7.8153e-05 2.6509e-05
5.0933e-05 0.026495 0.50715 7.9655e-05 2.6703e-05
5.324e-05 0.027394 0.54775 8.119e-05 2.6902e-05
5.5791e-05 0.028391 0.59625 8.2766e-05 2.7107e-05
5.8475e-05 0.029358 0.64 8.4273e-05 2.7295e-05
6.1495e-05 0.030431 0.69227 8.5824e-05 2.7489e-05
6.4725e-05 0.03161 0.70317 8.7409e-05 2.7689e-05
6.8401e-05 0.032919 0.71619 8.904e-05 2.7896e-05
7.2596e-05 0.034371 0.73177 9.0719e-05 2.8111e-05
7.7183e-05 0.035972 0.75008 9.2326e-05 2.8307e-05
7.9794e-05 0.037534 0.76762 9.3863e-05 2.8485e-05
8.2829e-05 0.039248 0.78822 9.5439e-05 2.8668e-05
8.3816e-05 0.040914 0.80786 9.6941e-05 2.8832e-05
8.5465e-05 0.042764 0.81197 9.8492e-05 2.9004e-05
8.7601e-05 0.044795 0.81681 0.00010008 2.9181e-05
9.0272e-05 0.04703 0.81774 0.00010172 2.9365e-05
9.0904e-05 0.049205 0.81861 0.00010328 2.9529e-05
8.9467e-05 0.05132 0.81944 0.00010477 2.9675e-05
8.8983e-05 0.053692 0.82049 0.00010632 2.9831e-05
8.5969e-05 0.055946 0.82144 0.00010778 2.9964e-05
8.4011e-05 0.058488 0.82265 0.0001093 3.0108e-05
7.947e-05 0.060898 0.82374 0.00011073 3.0228e-05
7.6482e-05 0.06369 0.82519 0.00011226 3.0364e-05
7.8026e-05 0.067058 0.82744 0.00011391 3.0524e-05
8.1649e-05 0.071075 0.82809 0.00011569 3.0707e-05
8.7554e-05 0.075867 0.82798 0.00011761 3.0914e-05
9.5629e-05 0.081482 0.82804 0.00011965 3.1141e-05
9.4208e-05 0.086601 0.828 0.00012155 3.1337e-05
9.5165e-05 0.092704 0.82815 0.00012359 3.1556e-05
9.855e-05 0.09999 0.82851 0.00012578 3.1802e-05
0.00010654 0.10868 0.82912 0.00012812 3.2072e-05
0.00011097 0.11667 0.82962 0.00013033 3.231e-05
0.00011831 0.12621 0.83038 0.00013268 3.2573e-05
0.00012846 0.13737 0.83145 0.00013517 3.2858e-05
0.00013484 0.14765 0.83236 0.00013752 3.311e-05
0.00013778 0.15721 0.83313 0.00013974 3.3333e-05
0.00014401 0.16859 0.83425 0.00014211 3.3582e-05
0.00014104 0.17912 0.8352 0.00014434 3.38e-05
0.00014131 0.19167 0.83655 0.00014674 3.4044e-05
0.00020503 0.20333 0.83771 0.00014901 3.4258e-05
0.00026313 0.21416 0.83872 0.00015113 3.4442e-05
0.00033614 0.22711 0.84015 0.0001534 3.4647e-05
0.00042575 0.24229 0.84207 0.00015582 3.4876e-05
0.00053301 0.25977 0.84453 0.00015838 3.5125e-05
0.00066056 0.27977 0.84765 0.00016108 3.5393e-05
0.00077866 0.29888 0.85053 0.00016365 3.5636e-05
0.00091625 0.32039 0.85407 0.00016635 3.5894e-05
0.0010761 0.34455 0.85839 0.00016917 3.6168e-05
0.0010923 0.37168 0.86367 0.00017211 3.6458e-05
0.0011044 0.39784 0.86863 0.00017494 3.6724e-05
0.001124 0.42714 0.87466 0.00017789 3.7005e-05
0.0011515 0.43369 0.88199 0.00018097 3.7303e-05
0.0011876 0.44107 0.88362 0.00018417 3.7615e-05
0.0012333 0.44939 0.88563 0.00018751 3.7944e-05
0.0012886 0.45866 0.88808 0.00019096 3.8287e-05
0.0013551 0.46909 0.89104 0.0001943 3.8603e-05
0.0014336 0.4807 0.89463 0.00019775 3.8933e-05
0.0015056 0.49207 0.89798 0.00020109 3.924e-05
0.0015718 0.50306 0.90115 0.00020434 3.9526e-05
0.0016507 0.51532 0.90497 0.00020771 3.9824e-05
0.001744 0.52899 0.90573 0.0002112 4.0137e-05
0.0018532 0.54418 0.90667 0.00021481 4.0462e-05
0.002987 0.55894 0.90757 0.00021832 4.0766e-05
0.0042847 0.57532 0.90866 0.00022196 4.1084e-05
0.0055338 0.59124 0.90969 0.00022551 4.138e-05
0.006741 0.60679 0.91068 0.00022897 4.1658e-05
0.0079074 0.62195 0.91162 0.00023234 4.1916e-05
0.0092436 0.62505 0.91277 0.00023584 4.2187e-05
0.010753 0.62846 0.91414 0.00023944 4.2468e-05
0.012459 0.63221 0.91576 0.00024315 4.2759e-05
0.014101 0.63585 0.9173 0.00024677 4.303e-05
0.015982 0.6399 0.91916 0.00025052 4.3314e-05
0.018156 0.64065 0.9214 0.00025438 4.3609e-05
0.020247 0.64136 0.92354 0.00025815 4.3884e-05
0.022643 0.64219 0.9261 0.00026206 4.4172e-05
0.02535 0.64311 0.92912 0.00026608 4.4471e-05
0.02841 0.64415 0.93268 0.00027022 4.4782e-05
0.031913 0.64531 0.93694 0.00027451 4.5106e-05
0.035875 0.64661 0.94195 0.00027893 4.5442e-05
0.040609 0.64787 0.94672 0.00028325 4.5757e-05
0.045967 0.64927 0.95234 0.0002877 4.6084e-05
0.051141 0.65062 0.95771 0.00029206 4.6391e-05
0.057099 0.65216 0.95885 0.00029658 4.6714e-05
0.063984 0.65389 0.96023 0.00030128 4.7054e-05
0.065696 0.65583 0.96048 0.00030615 4.7412e-05
0.067318 0.6577 0.9607 0.0003109 4.7745e-05
0.069216 0.65982 0.961 0.00031584 4.8097e-05
0.071438 0.66221 0.96141 0.00032098 4.8469e-05
0.074003 0.66489 0.96192 0.0003263 4.8857e-05
0.077053 0.66793 0.96257 0.00033185 4.9267e-05
0.079944 0.67085 0.96317 0.00033727 4.9653e-05
0.083369 0.67418 0.96395 0.00034292 5.0061e-05
0.086563 0.67734 0.96465 0.00034841 5.0442e-05
0.090412 0.68103 0.96557 0.00035372 5.0792e-05
0.092871 0.68415 0.96632 0.00035937 5.1177e-05
0.097912 0.68799 0.96739 0.00036534 5.1594e-05
0.099578 0.68928 0.96773 0.00037167 5.2049e-05
0.10169 0.69084 0.9677 0.00037022 5.2551e-05
0.10361 0.69409 0.96744 0.00036707 5.5947e-05
0.10605 0.69799 0.96729 0.00036418 5.9476e-05
0.10911 0.70261 0.96723 0.00036156 6.3137e-05
0.11291 0.70809 0.96726 0.00035918 6.6935e-05
0.11405 0.71457 0.96738 0.00035704 7.0874e-05
0.11547 0.72211 0.9676 0.00035512 7.4944e-05
0.11674 0.72909 0.96777 0.00035302 7.893e-05
0.11788 0.73561 0.9679 0.00035075 8.284e-05
0.11891 0.74168 0.96799 0.00034832 8.6673e-05
0.12025 0.74365 0.96819 0.00034614 9.0659e-05
0.12147 0.74548 0.96834 0.00034379 9.4563e-05
0.12257 0.74717 0.96846 0.00034126 9.8387e-05
0.12356 0.74873 0.96853 0.00033856 0.00010213
0.12368 0.75061 0.96826 0.00033612 0.00010603
0.12392 0.75281 0.96809 0.00033388 0.00011006
0.1241 0.75485 0.96787 0.00033147 0.00011401
0.12422 0.75676 0.96761 0.0003289 0.00011788
0.1243 0.75854 0.9673 0.00032616 0.00012167
0.1245 0.75895 0.9671 0.00032366 0.00012561
0.12483 0.75876 0.96702 0.00032098 0.00012947
0.12532 0.75866 0.96702 0.00031854 0.00013347
0.12598 0.75866 0.96711 0.00031633 0.00013764
0.12589 0.75876 0.96686 0.00031432 0.00014195
0.12575 0.75881 0.96655 0.00031214 0.00014618
0.12555 0.75882 0.96618 0.00030979 0.00015031
0.12529 0.75879 0.96576 0.00030727 0.00015436
0.12496 0.75872 0.96526 0.00030458 0.00015832
0.12457 0.75861 0.96469 0.00030171 0.00016219
0.12307 0.75838 0.96367 0.00029867 0.00016597
0.1219 0.75826 0.96294 0.00029588 0.00016992
0.1206 0.75809 0.9621 0.00029291 0.00017379
0.11956 0.75701 0.96149 0.00029017 0.0001778
0.1184 0.75583 0.96077 0.00028723 0.00018171
0.11747 0.75484 0.96024 0.00028451 0.00018578
0.11643 0.75375 0.95962 0.00028161 0.00018975
0.1148 0.75393 0.95973 0.00029079 0.00019358
0.1135 0.75421 0.95997 0.00030037 0.00019757
0.11247 0.7546 0.95983 0.0003104 0.0002017
0.11133 0.75494 0.95965 0.00032016 0.00020575
0.11041 0.75539 0.95956 0.00033035 0.00020996
0.10939 0.75579 0.95943 0.00034027 0.00021407
0.1083 0.75614 0.95926 0.00034993 0.0002181
0.10743 0.75659 0.95919 0.00036002 0.00022227
0.10645 0.757 0.95907 0.00036982 0.00022636
0.10536 0.75735 0.9589 0.00037936 0.00023036
0.10451 0.75782 0.95884 0.00038937 0.00023452
0.10384 0.75842 0.95827 0.00039984 0.00023884
0.10308 0.75896 0.95761 0.00041 0.00024307
0.10221 0.75944 0.95685 0.00041988 0.0002472
0.10156 0.75923 0.95631 0.00043027 0.00025151
0.10078 0.75913 0.95594 0.0004412 0.00025601
0.10019 0.75913 0.95467 0.00045271 0.0002607
0.099772 0.75922 0.95375 0.00046481 0.0002656
0.099479 0.75942 0.95307 0.00047747 0.00027069
0.099119 0.75956 0.95227 0.00048978 0.00027567
0.098882 0.75981 0.94993 0.00050265 0.00028083
0.098756 0.76 0.94738 0.00051516 0.00028588
0.098737 0.7603 0.94544 0.00052825 0.00029112
0.098661 0.76054 0.94321 0.00054096 0.00029625
0.098689 0.76089 0.94152 0.00055427 0.00030157
0.098662 0.76118 0.93957 0.00056721 0.00030678
0.09874 0.76081 0.9381 0.00058075 0.00031218
0.098926 0.76053 0.937 0.00059492 0.0003178
0.09906 0.76021 0.93575 0.00060874 0.0003233
0.099141 0.76001 0.93222 0.0006232 0.00032902
0.09933 0.7599 0.92954 0.00063833 0.00033496
0.099461 0.75974 0.92646 0.00065305 0.00034077
0.099539 0.75954 0.92296 0.00066741 0.00034646
0.099568 0.7593 0.91901 0.00068141 0.00035204
0.099546 0.75901 0.91452 0.00069506 0.00035751
0.099654 0.75884 0.90164 0.00070944 0.00036322
0.099377 0.75798 0.89443 0.00072458 0.00036918
0.099216 0.75728 0.88897 0.00074043 0.00037537
0.099001 0.75651 0.88276 0.00075589 0.00038144
0.098907 0.75589 0.87819 0.00077216 0.00038778
0.098762 0.75522 0.873 0.00078803 0.00039398
0.098746 0.75469 0.86927 0.00080474 0.00040046
0.098042 0.75394 0.8666 0.00082099 0.0004068
0.097233 0.75312 0.86355 0.00083683 0.00041301
0.096608 0.75261 0.85561 0.00085227 0.00041909
0.095888 0.75203 0.84645 0.00086728 0.00042504
0.095353 0.75159 0.8397 0.00088309 0.00043125
0.094733 0.75109 0.83194 0.00089846 0.00043732
0.094022 0.75052 0.823 0.00091341 0.00044325
0.093214 0.74989 0.81272 0.00092792 0.00044906
0.092602 0.74778 0.78377 0.0009434 0.00044947
0.092155 0.74121 0.7624 0.00095972 0.00045001
0.090413 0.73555 0.74597 0.00097678 0.00045067
0.084335 0.73066 0.73319 0.0009946 0.00045142
0.077865 0.72551 0.71923 0.0010121 0.00045213
0.071062 0.72016 0.70425 0.0010293 0.00045279
0.063919 0.71459 0.68822 0.0010464 0.00045341
0.057722 0.70961 0.67501 0.0010639 0.00045411
0.051181 0.70441 0.66077 0.0010812 0.00045477
0.04552 0.69977 0.64907 0.0010991 0.0004555
0.039502 0.6949 0.63635 0.0011167 0.00045618
0.034444 0.69065 0.6263 0.001135 0.00045696
0.030265 0.68699 0.61851 0.0011541 0.00045785
0.026864 0.68387 0.61259 0.0011742 0.00045887
0.024072 0.6812 0.60828 0.0011952 0.00046
0.023675 0.67832 0.60363 0.0012174 0.00046129
0.023418 0.67591 0.60024 0.0012407 0.00046272
0.022626 0.67327 0.59628 0.0012656 0.00046434
0.020197 0.67104 0.5933 0.0012917 0.00046609
0.018271 0.66917 0.59115 0.0013191 0.00046799
0.016743 0.66763 0.58961 0.001348 0.00047004
0.015535 0.66636 0.58854 0.0013783 0.00047225
0.015416 0.66501 0.58728 0.0014102 0.00047463
0.015576 0.66414 0.58523 0.0014439 0.00047717
0.015801 0.66345 0.58377 0.0014792 0.00047988
0.016025 0.66103 0.58276 0.0015162 0.00048276
0.016247 0.65899 0.58209 0.001555 0.00048579
0.016468 0.65729 0.57961 0.0015647 0.00048903
0.016766 0.65589 0.57218 0.0015751 0.00049246
0.017166 0.65427 0.57049 0.0015852 0.00049579
0.017668 0.65291 0.56935 0.001596 0.0004993
0.018118 0.65316 0.56801 0.0016063 0.0005027
0.018682 0.65364 0.56721 0.0016164 0.00050601
0.019385 0.65424 0.56439 0.001627 0.0005095
0.020086 0.65478 0.56117 0.0016373 0.00051288
0.020786 0.65527 0.5575 0.0016473 0.00051618
0.021485 0.655 0.55483 0.0016579 0.00051966
0.022182 0.65468 0.55173 0.0016682 0.00052303
0.022879 0.65449 0.54954 0.0016792 0.0005266
0.023574 0.6544 0.5429 0.001691 0.00053036
0.024268 0.65442 0.53788 0.0017035 0.00053431
0.024961 0.65454 0.52297 0.0017168 0.00053844
0.025652 0.65461 0.52086 0.0017296 0.00054246
0.026343 0.65481 0.51464 0.0017432 0.0005467
0.027032 0.65495 0.50756 0.0017577 0.00055115
0.02772 0.65521 0.50236 0.0017732 0.00055582
0.028407 0.6556 0.49855 0.0017895 0.00056073
0.029092 0.65611 0.49569 0.001807 0.00056585
0.029777 0.65656 0.49232 0.0018239 0.00057085
0.03046 0.65694 0.48842 0.0018404 0.00057572
0.031142 0.65689 0.48699 0.0018578 0.00058083
0.031823 0.65595 0.48601 0.0018762 0.00058619
0.032502 0.65488 0.48484 0.0018957 0.00059179
0.033181 0.654 0.48404 0.0019162 0.00059765
0.033858 0.65304 0.48308 0.0019362 0.00060338
0.034534 0.65226 0.48246 0.0019572 0.00060936
0.035209 0.65163 0.4821 0.0019794 0.0006156
