Phyllostomus_discolor Pipistrellus_pipistrellus Pteropus_giganteus Rhinolophus_ferrumequinum Rousettus_aegyptiacus
0.41119 0.00018297 5.1577e-05 2.1086e-05 0.00018105
0.41064 0.0001819 4.9868e-05 2.0209e-05 0.00017926
0.41032 0.00018096 4.8225e-05 1.9429e-05 0.0001776
0.40988 0.00017996 4.6546e-05 1.8599e-05 0.00017587
0.40924 0.00017887 4.4939e-05 1.7872e-05 0.00017429
0.40846 0.00017771 4.3294e-05 1.7095e-05 0.00017263
0.40753 0.00017645 4.1721e-05 1.6415e-05 0.00017111
0.40643 0.00017511 4.0107e-05 1.5684e-05 0.00016951
0.40519 0.00017366 3.8455e-05 1.47e-05 0.00016784
0.40378 0.00017212 3.6765e-05 1.3652e-05 0.0001661
0.40219 0.00017046 3.5034e-05 1.2792e-05 0.00016429
0.40038 0.00016875 3.341e-05 1.1868e-05 0.00016266
0.39838 0.00016694 3.1749e-05 1.0884e-05 0.00016097
0.39617 0.00016502 3.016e-05 1.0037e-05 0.00015941
0.3938 0.00016298 2.8531e-05 9.1294e-06 0.00015778
0.39117 0.00016081 2.686e-05 8.1554e-06 0.00015607
0.38825 0.0001585 2.5576e-05 7.3144e-06 0.00015115
0.38501 0.00015605 2.4258e-05 6.4123e-06 0.00014604
0.38144 0.00015346 2.4213e-05 5.445e-06 0.0001405
0.37752 0.00015114 2.4183e-05 4.6139e-06 0.00013534
0.37427 0.00014908 2.4168e-05 3.8821e-06 0.00013054
0.37071 0.0001469 2.4141e-05 3.1031e-06 0.00012557
0.36678 0.00014459 2.4101e-05 2.9979e-06 0.00012041
0.36227 0.00014214 2.4049e-05 2.8813e-06 0.00011507
0.3571 0.00013957 2.3985e-05 2.7529e-06 0.00010955
0.35278 0.00013726 2.3936e-05 2.643e-06 0.00010441
0.34917 0.00013521 2.3901e-05 2.5496e-06 9.9626e-05
0.3452 0.00013302 2.3882e-05 2.4721e-06 9.5177e-05
0.34081 0.0001307 2.385e-05 2.3839e-06 9.0554e-05
0.33603 0.00012826 2.3806e-05 2.2856e-06 8.5772e-05
0.33082 0.00012566 2.3779e-05 2.2053e-06 8.136e-05
0.32849 0.00011783 2.3749e-05 2.123e-06 7.6948e-05
0.3266 0.0001108 2.3716e-05 2.0389e-06 7.2537e-05
0.32443 0.00010461 2.3679e-05 1.9528e-06 6.8126e-05
0.32267 9.9046e-05 2.364e-05 1.8648e-06 6.3715e-05
0.32127 9.3162e-05 2.3597e-05 1.7749e-06 5.9304e-05
0.3212 8.6938e-05 2.355e-05 1.683e-06 5.4893e-05
0.32361 8.141e-05 2.352e-05 1.606e-06 5.0818e-05
0.32394 7.6444e-05 2.3505e-05 1.5407e-06 4.7024e-05
0.32453 7.2033e-05 2.3507e-05 1.4874e-06 4.3518e-05
0.32539 6.807e-05 2.3523e-05 1.4439e-06 4.0254e-05
0.3261 6.3878e-05 2.3526e-05 1.3923e-06 3.6861e-05
0.32669 6.3272e-05 2.3518e-05 1.3332e-06 3.335e-05
0.3276 6.2616e-05 2.3526e-05 1.2849e-06 3.0105e-05
0.32838 6.2049e-05 2.3548e-05 1.2455e-06 2.7083e-05
0.32905 6.1432e-05 2.3558e-05 1.1985e-06 2.3942e-05
0.32999 6.0901e-05 2.3582e-05 1.16e-06 2.1016e-05
0.33123 6.0449e-05 2.3621e-05 1.1293e-06 1.829e-05
0.33284 5.867e-05 2.3677e-05 1.1069e-06 1.5769e-05
0.33435 5.6783e-05 2.3701e-05 1.075e-06 1.5409e-05
0.33628 5.5113e-05 2.3741e-05 1.0518e-06 1.5084e-05
0.3387 5.3638e-05 2.3799e-05 1.0362e-06 1.4792e-05
0.34169 5.2336e-05 2.3873e-05 1.028e-06 1.4532e-05
0.34529 5.1174e-05 2.3962e-05 1.0261e-06 1.4298e-05
0.34858 4.9945e-05 2.4069e-05 1.0316e-06 1.4092e-05
0.35262 4.8864e-05 2.4193e-05 1.0443e-06 1.3914e-05
0.35629 4.7712e-05 2.4303e-05 1.2704e-06 1.3717e-05
0.35716 4.6685e-05 2.39e-05 1.5268e-06 1.3561e-05
0.36516 4.5591e-05 2.3525e-05 1.6409e-06 1.3432e-05
0.37465 4.4615e-05 2.317e-05 1.7718e-06 1.3325e-05
0.38341 4.3583e-05 2.2801e-05 1.8918e-06 1.3202e-05
0.39147 4.2492e-05 2.2417e-05 2.0012e-06 1.3063e-05
0.40105 4.1518e-05 2.2054e-05 2.1272e-06 1.2946e-05
0.40978 4.0481e-05 2.1676e-05 2.2414e-06 1.2811e-05
0.42017 3.9568e-05 2.1268e-05 2.2409e-06 1.2651e-05
0.42973 3.8602e-05 2.0846e-05 2.2328e-06 1.2474e-05
0.4335 3.7753e-05 2.0447e-05 2.0872e-06 1.2322e-05
0.43691 3.6847e-05 2.0033e-05 1.9278e-06 1.2152e-05
0.44003 3.5887e-05 1.9603e-05 1.7552e-06 1.1967e-05
0.44262 3.4862e-05 1.9195e-05 1.604e-06 1.1803e-05
0.44479 3.3772e-05 1.8771e-05 1.439e-06 1.1621e-05
0.4466 3.2614e-05 1.8331e-05 1.2598e-06 1.1423e-05
0.44821 3.1384e-05 1.7874e-05 1.0655e-06 1.1206e-05
0.44966 3.0089e-05 1.7403e-05 1.0695e-06 1.0974e-05
0.45095 2.8726e-05 1.6918e-05 1.0678e-06 1.0725e-05
0.45209 2.7292e-05 1.6417e-05 1.0602e-06 1.046e-05
0.45358 2.6017e-05 1.5941e-05 1.0598e-06 1.022e-05
0.45491 2.4675e-05 1.545e-05 1.0536e-06 9.9641e-06
0.45441 2.3467e-05 1.4981e-05 1.0535e-06 9.7302e-06
0.45379 2.2198e-05 1.4497e-05 1.0478e-06 9.4809e-06
0.45305 2.0866e-05 1.3999e-05 1.0364e-06 9.2159e-06
0.45219 1.9468e-05 1.3487e-05 1.0194e-06 8.9351e-06
0.44824 1.822e-05 1.2999e-05 1.0093e-06 8.6791e-06
0.44393 1.6902e-05 1.2495e-05 9.9302e-07 8.4058e-06
0.44032 1.5728e-05 1.2013e-05 9.8297e-07 8.1546e-06
0.43732 1.4674e-05 1.1551e-05 9.7899e-07 7.9244e-06
0.43376 1.3562e-05 1.1111e-05 9.8194e-07 7.7167e-06
0.43082 1.2564e-05 1.069e-05 9.9098e-07 7.5279e-06
0.4277 1.1333e-05 1.0255e-05 9.9372e-07 7.323e-06
0.42411 1.024e-05 1.0368e-05 9.8987e-07 7.0736e-06
0.42018 9.0874e-06 1.0472e-05 9.8019e-07 6.8083e-06
0.41715 7.873e-06 1.1477e-05 9.6464e-07 6.4921e-06
0.4133 7.7444e-06 1.2459e-05 1.0104e-06 6.1586e-06
0.40143 7.5976e-06 1.3488e-05 1.0657e-06 5.8519e-06
0.39279 7.4337e-06 1.449e-05 1.1105e-06 5.5267e-06
0.38567 7.297e-06 1.4756e-05 1.1653e-06 5.2485e-06
0.37785 7.1437e-06 1.5009e-05 1.2123e-06 4.953e-06
0.36935 6.975e-06 1.5249e-05 1.2518e-06 4.6398e-06
0.36011 6.7905e-06 1.5477e-05 1.3015e-06 4.31e-06
0.35249 6.6338e-06 1.5722e-05 1.3621e-06 4.0051e-06
0.34697 6.4602e-06 1.5954e-05 1.4114e-06 3.6827e-06
0.34244 6.2692e-06 1.6202e-05 1.4719e-06 3.3842e-06
0.33873 6.1059e-06 1.6468e-05 1.547e-06 3.1079e-06
0.3359 5.9274e-06 1.6721e-05 1.6137e-06 2.8167e-06
0.33361 5.7752e-06 1.6992e-05 1.6024e-06 2.5465e-06
0.33176 5.6473e-06 1.7283e-05 1.5816e-06 2.2963e-06
0.32957 5.5417e-06 1.7592e-05 1.5703e-06 2.0638e-06
0.33046 5.4218e-06 1.7926e-05 1.548e-06 1.8506e-06
0.33121 5.2884e-06 1.8247e-05 1.5181e-06 1.6239e-06
0.33228 5.1772e-06 1.8587e-05 1.3524e-06 1.4125e-06
0.3332 5.0529e-06 1.8851e-05 1.3588e-06 1.4281e-06
0.33252 5.3002e-06 1.9132e-05 1.3727e-06 1.4474e-06
0.3317 5.5284e-06 1.94e-05 1.3795e-06 1.4584e-06
0.33068 5.7383e-06 1.9652e-05 1.4012e-06 1.4608e-06
0.32952 5.9321e-06 1.9893e-05 1.4162e-06 1.4554e-06
0.32521 6.1558e-06 2.0151e-05 1.4403e-06 1.4546e-06
0.3205 6.3628e-06 2.0397e-05 1.4567e-06 1.4458e-06
0.31657 6.598e-06 2.0181e-05 1.4812e-06 1.4431e-06
0.31228 6.8157e-06 1.9953e-05 1.499e-06 1.4325e-06
0.3076 7.0166e-06 1.9712e-05 1.5339e-06 1.414e-06
0.30377 7.2494e-06 1.949e-05 1.5794e-06 1.4e-06
0.29959 7.5135e-06 1.9282e-05 1.6351e-06 1.3896e-06
0.28798 7.7511e-06 1.9093e-05 1.6823e-06 1.3835e-06
0.27545 7.9719e-06 1.8892e-05 1.7412e-06 1.3698e-06
0.26227 8.1813e-06 1.8683e-05 1.7945e-06 1.3497e-06
0.24849 8.3805e-06 1.8465e-05 1.8428e-06 1.3236e-06
0.23411 8.5702e-06 1.8241e-05 1.8863e-06 1.2915e-06
0.22146 8.7803e-06 1.8026e-05 1.9372e-06 1.2609e-06
0.21017 9.0096e-06 1.782e-05 1.9948e-06 1.2312e-06
0.20021 9.2618e-06 1.7624e-05 2.0607e-06 1.2029e-06
0.18982 9.503e-06 1.742e-05 2.1212e-06 1.1686e-06
0.18064 9.7677e-06 1.7226e-05 2.1902e-06 1.1355e-06
0.17111 1.0022e-05 1.7025e-05 2.2542e-06 1.0967e-06
0.16259 1.0299e-05 1.6832e-05 2.326e-06 1.0586e-06
0.15369 1.0564e-05 1.6631e-05 2.3923e-06 1.0145e-06
0.14441 1.0818e-05 1.6423e-05 2.453e-06 9.645e-07
0.13641 1.1102e-05 1.6227e-05 2.5251e-06 9.1665e-07
0.13012 1.137e-05 1.6021e-05 2.5896e-06 8.62e-07
0.12472 1.1671e-05 1.5828e-05 2.6667e-06 8.0969e-07
0.11899 1.201e-05 1.5646e-05 2.7578e-06 7.5961e-07
0.11401 1.2386e-05 1.5475e-05 2.8625e-06 7.1089e-07
0.10869 1.274e-05 1.5295e-05 2.9579e-06 6.5543e-07
0.10414 1.3137e-05 1.5126e-05 3.0694e-06 6.0182e-07
0.099273 1.3512e-05 1.4947e-05 3.171e-06 5.4148e-07
0.094076 1.3867e-05 1.4759e-05 3.2634e-06 4.7451e-07
0.093579 1.4201e-05 1.4561e-05 3.3466e-06 4.0073e-07
0.093009 1.4516e-05 1.4348e-05 3.4208e-06 4.5505e-07
0.092365 1.4812e-05 1.4127e-05 3.4832e-06 5.0304e-07
0.091865 1.5143e-05 1.3915e-05 3.5582e-06 5.516e-07
0.091294 1.5455e-05 1.3694e-05 3.6247e-06 5.9382e-07
0.090652 1.5749e-05 1.3464e-05 3.6827e-06 6.2976e-07
0.090164 1.5595e-05 1.3245e-05 3.7549e-06 6.667e-07
0.089607 1.5425e-05 1.3017e-05 3.8184e-06 6.9728e-07
0.088935 1.5241e-05 1.2802e-05 3.8696e-06 7.2909e-07
0.088187 1.5042e-05 1.2577e-05 3.9153e-06 7.5457e-07
0.087597 1.4871e-05 1.2363e-05 3.9742e-06 7.81e-07
0.087147 1.4727e-05 1.2159e-05 4.0232e-06 8.085e-07
0.086812 1.4605e-05 1.1964e-05 4.0839e-06 8.3653e-07
0.086423 1.447e-05 1.1761e-05 4.1367e-06 8.5836e-07
0.085976 1.4322e-05 1.1549e-05 4.1818e-06 8.7398e-07
0.085648 1.4198e-05 1.1345e-05 4.239e-06 8.9026e-07
0.085262 1.4059e-05 1.1133e-05 4.288e-06 9.0021e-07
0.084784 1.3901e-05 1.0895e-05 4.3259e-06 1.1757e-06
0.084224 1.4391e-05 1.0673e-05 4.3517e-06 1.4739e-06
0.083575 1.4847e-05 1.0466e-05 4.2156e-06 1.7939e-06
0.082822 1.5367e-05 1.0271e-05 4.1033e-06 2.1377e-06
0.082226 1.5944e-05 1.0086e-05 4.0081e-06 2.5015e-06
0.081554 1.6491e-05 9.8919e-06 3.9025e-06 2.8501e-06
0.078444 1.7093e-05 9.7062e-06 3.8122e-06 3.2183e-06
0.075138 1.7669e-05 9.512e-06 3.7128e-06 3.5724e-06
0.072267 1.8301e-05 9.3262e-06 3.6278e-06 3.9463e-06
0.069256 1.8912e-05 9.1332e-06 3.5358e-06 4.3085e-06
0.066106 1.9504e-05 8.9332e-06 3.4368e-06 4.6595e-06
0.062809 2.0076e-05 8.7262e-06 3.3308e-06 4.9997e-06
0.059248 2.0697e-05 8.5259e-06 3.2369e-06 5.3561e-06
0.056081 2.1365e-05 8.3315e-06 3.1536e-06 5.7288e-06
0.052765 2.2014e-05 8.1304e-06 3.0639e-06 6.0903e-06
0.049311 2.2645e-05 7.9228e-06 2.9682e-06 6.4414e-06
0.045709 2.3259e-05 7.7087e-06 2.8663e-06 6.7822e-06
0.042504 2.3921e-05 7.5005e-06 2.7751e-06 7.1391e-06
0.039138 2.464e-05 7.2853e-06 2.6771e-06 7.4844e-06
0.036188 2.542e-05 7.077e-06 2.5907e-06 7.8489e-06
0.033602 2.5408e-05 6.8755e-06 2.5152e-06 8.2339e-06
0.031336 2.5423e-05 6.6806e-06 2.4497e-06 8.6408e-06
0.028966 2.5426e-05 6.4792e-06 2.3786e-06 9.0357e-06
0.02689 2.5456e-05 6.2842e-06 2.3172e-06 9.4536e-06
0.024703 2.5515e-05 6.0956e-06 2.265e-06 9.8962e-06
0.022764 2.5603e-05 5.9131e-06 2.2215e-06 1.0365e-05
0.020733 2.572e-05 5.7355e-06 2.1852e-06 1.0858e-05
0.018608 2.5825e-05 5.5518e-06 2.1439e-06 1.1338e-05
0.016704 2.5954e-05 5.3721e-06 2.1088e-06 1.1841e-05
0.014995 2.6108e-05 5.1963e-06 2.0796e-06 1.2367e-05
0.01346 2.6287e-05 5.0243e-06 2.0562e-06 1.2918e-05
0.011866 2.6455e-05 4.8466e-06 2.0284e-06 1.3456e-05
0.010199 2.6611e-05 4.6628e-06 1.9959e-06 1.398e-05
0.0084541 2.6795e-05 4.4728e-06 1.9232e-06 1.4489e-05
0.0069044 2.7009e-05 4.2872e-06 1.8585e-06 1.5026e-05
0.0067961 2.7209e-05 4.0954e-06 1.7883e-06 1.5548e-05
0.0066708 2.7444e-05 3.9089e-06 1.727e-06 1.6102e-05
0.0065777 2.7715e-05 3.7275e-06 1.6738e-06 1.6691e-05
0.0064666 2.797e-05 3.5396e-06 1.6151e-06 1.7263e-05
0.0063365 2.8207e-05 3.3449e-06 1.5505e-06 1.7816e-05
0.0062417 2.8486e-05 3.1561e-06 1.4951e-06 1.8408e-05
0.0061235 2.8737e-05 2.9587e-06 1.4316e-06 1.8972e-05
0.0060705 2.8964e-05 2.7701e-06 1.3832e-06 1.9588e-05
0.0060564 2.9243e-05 2.5891e-06 1.345e-06 2.026e-05
0.0060763 2.9573e-05 2.4142e-06 1.315e-06 2.0985e-05
0.006131 2.9963e-05 2.2452e-06 1.293e-06 2.1767e-05
0.0061607 3.0321e-05 2.0677e-06 1.2638e-06 2.2513e-05
0.0062303 3.0735e-05 1.896e-06 1.2433e-06 2.3318e-05
0.0062744 3.1116e-05 1.716e-06 1.2159e-06 2.4087e-05
0.0062935 3.1463e-05 1.5277e-06 1.1814e-06 2.4819e-05
0.0062901 3.1867e-05 1.5594e-06 1.302e-06 2.5448e-05
0.0062657 3.2243e-05 1.5855e-06 1.4076e-06 2.6051e-05
0.0062652 3.2661e-05 1.6114e-06 1.5234e-06 2.6689e-05
0.0062853 3.3118e-05 1.6368e-06 1.649e-06 2.736e-05
0.0063252 3.3614e-05 1.6617e-06 1.7845e-06 2.8063e-05
0.0063532 3.4095e-05 1.682e-06 1.9144e-06 2.8752e-05
0.0063695 3.4561e-05 1.6978e-06 2.0388e-06 2.9427e-05
0.0064077 3.507e-05 1.7133e-06 2.1746e-06 3.0137e-05
0.0064349 3.5566e-05 1.7245e-06 2.305e-06 3.0835e-05
0.0064845 3.6107e-05 1.7353e-06 2.4478e-06 3.157e-05
0.0065579 3.6699e-05 1.7458e-06 2.6041e-06 3.2345e-05
0.0066537 3.7339e-05 1.7559e-06 2.7739e-06 3.316e-05
0.0067744 3.8034e-05 1.7663e-06 2.9621e-06 3.4018e-05
0.0069223 3.8788e-05 1.7764e-06 3.1676e-06 3.4922e-05
0.0071033 3.962e-05 1.7867e-06 3.3948e-06 3.588e-05
0.0073211 4.053e-05 1.7972e-06 3.646e-06 3.6896e-05
0.0075765 4.1519e-05 1.8077e-06 3.9216e-06 3.7968e-05
0.0078103 4.2472e-05 1.8131e-06 4.1847e-06 3.9012e-05
0.0080227 4.3391e-05 1.8136e-06 4.4353e-06 4.0029e-05
0.0082126 4.4273e-05 1.8088e-06 4.6729e-06 4.1017e-05
0.0084547 4.5112e-05 1.8054e-06 4.9442e-06 4.2083e-05
0.0087635 4.5517e-05 1.8037e-06 5.2589e-06 4.3242e-05
0.0091499 4.5997e-05 1.8039e-06 5.6227e-06 4.4501e-05
0.0096278 4.6559e-05 1.8059e-06 6.0428e-06 4.5869e-05
0.010216 4.7077e-05 1.8098e-06 6.1437e-06 4.7356e-05
0.010369 4.7554e-05 1.8075e-06 6.2299e-06 4.878e-05
0.010578 4.8104e-05 1.8065e-06 6.3379e-06 5.0315e-05
0.01075 4.8612e-05 1.7994e-06 6.4313e-06 5.1786e-05
0.010891 4.9081e-05 1.7864e-06 6.512e-06 5.3201e-05
0.010673 4.9626e-05 1.7674e-06 6.58e-06 5.4562e-05
0.010511 5.0252e-05 1.7497e-06 6.6692e-06 5.6031e-05
0.010314 5.083e-05 1.7261e-06 6.7441e-06 5.7442e-05
0.010079 5.1363e-05 1.6961e-06 6.8051e-06 5.8791e-05
0.0098077 5.1987e-05 1.6682e-06 6.8899e-06 6.0262e-05
0.0094991 5.2568e-05 1.6343e-06 7.7157e-06 6.1675e-05
0.0092612 5.3245e-05 1.6024e-06 7.9641e-06 6.323e-05
0.0085122 5.3872e-05 1.5644e-06 8.1984e-06 6.4724e-05
0.0078855 5.4589e-05 1.5593e-06 8.6343e-06 6.5141e-05
0.0072081 5.5267e-05 1.5487e-06 9.0436e-06 6.5529e-05
0.0066129 5.6016e-05 1.5379e-06 9.4958e-06 6.5958e-05
0.0067262 5.6735e-05 1.5223e-06 9.9298e-06 6.6367e-05
0.0068248 5.7431e-05 1.502e-06 1.0349e-05 6.6759e-05
0.0069096 5.8106e-05 1.4773e-06 1.0754e-05 6.7136e-05
0.0070209 5.8844e-05 1.4521e-06 1.1199e-05 6.755e-05
0.0071183 5.956e-05 1.4224e-06 1.1629e-05 6.7949e-05
0.0072433 6.0344e-05 1.3922e-06 1.2102e-05 6.8386e-05
0.0073546 6.1105e-05 1.362e-06 1.2561e-05 6.8865e-05
0.0074959 6.1844e-05 1.3313e-06 1.3066e-05 6.9388e-05
0.0076212 6.2558e-05 1.2961e-06 1.3554e-05 6.9891e-05
0.0077798 6.3346e-05 1.2606e-06 1.4094e-05 7.0441e-05
0.0079192 6.4103e-05 1.2202e-06 1.4611e-05 7.0968e-05
0.0080283 6.4974e-05 1.1971e-06 1.4729e-05 7.0652e-05
0.0081077 6.5973e-05 1.1657e-06 1.4884e-05 7.0281e-05
0.0081702 6.7113e-05 1.1288e-06 1.502e-05 6.9879e-05
0.0082752 6.809e-05 1.0929e-06 1.5196e-05 6.9539e-05
0.0083521 6.9012e-05 1.0513e-06 1.5351e-05 6.9165e-05
0.0084654 7.0034e-05 1.0097e-06 1.5536e-05 6.8838e-05
0.0085566 7.101e-05 9.6294e-07 1.5706e-05 6.8487e-05
0.0086827 7.2085e-05 9.1589e-07 1.5905e-05 6.8178e-05
0.0087868 7.3113e-05 8.6381e-07 1.6089e-05 6.7846e-05
0.008927 7.4243e-05 8.1176e-07 1.6303e-05 6.756e-05
0.0090444 7.5325e-05 9.234e-07 1.6491e-05 6.7178e-05
0.0091416 7.6365e-05 1.0297e-06 1.6665e-05 6.6773e-05
0.009219 7.7364e-05 1.1306e-06 1.6825e-05 6.6347e-05
0.0092763 7.8323e-05 1.2261e-06 1.6973e-05 6.5897e-05
0.0093785 7.9397e-05 1.3234e-06 1.7154e-05 6.55e-05
0.0094579 8.0422e-05 1.415e-06 1.7319e-05 6.5077e-05
0.0094668 8.1571e-05 1.5093e-06 1.7142e-05 6.4713e-05
0.0094479 8.2653e-05 1.5972e-06 1.6934e-05 6.4317e-05
0.0094758 8.3881e-05 1.6879e-06 1.6766e-05 6.3979e-05
0.0094756 8.5037e-05 1.772e-06 1.6578e-05 6.3609e-05
0.0095234 8.635e-05 1.8592e-06 1.6045e-05 6.3297e-05
0.0096205 8.7837e-05 1.9489e-06 1.5586e-05 6.3036e-05
0.0096909 8.925e-05 2.0323e-06 1.5097e-05 6.2746e-05
0.0098056 9.0823e-05 2.1182e-06 1.4667e-05 6.2504e-05
0.0098909 9.2312e-05 2.1975e-06 1.4206e-05 6.2233e-05
0.010022 9.3969e-05 2.2793e-06 1.3802e-05 6.2009e-05
0.010122 9.5537e-05 2.3544e-06 1.3367e-05 6.1756e-05
0.010277 9.7304e-05 2.4329e-06 1.2993e-05 6.1556e-05
0.011762 9.9563e-05 2.934e-06 1.0715e-05 6.0447e-05
0.011925 9.9835e-05 2.988e-06 1.0358e-05 6.0248e-05
0.012152 0.0001002 3.0459e-06 1.0052e-05 6.0102e-05
0.012345 9.9661e-05 3.1073e-06 9.8124e-06 6.0004e-05
0.012499 9.907e-05 3.1615e-06 9.5488e-06 5.9875e-05
0.012621 0.00010014 3.2208e-06 9.2631e-06 5.9803e-05
0.012801 0.00010016 3.271e-06 9.0175e-06 5.9692e-05
0.012944 0.00010014 3.3139e-06 8.7486e-06 5.9551e-05
0.013153 0.0001002 3.3611e-06 8.5218e-06 5.9462e-05
0.013302 0.00010035 3.4009e-06 8.273e-06 5.9343e-05
0.013415 0.00010045 3.4336e-06 8.0011e-06 5.9193e-05
0.013593 0.00010063 3.4703e-06 7.7707e-06 5.9095e-05
0.013732 9.9935e-05 3.5106e-06 7.5738e-06 5.9044e-05
0.013836 9.9182e-05 3.5438e-06 7.3577e-06 5.8964e-05
0.013997 9.8532e-05 3.5803e-06 7.1723e-06 5.8928e-05
0.014134 9.7849e-05 3.6112e-06 6.9759e-06 5.8875e-05
0.014314 9.724e-05 3.6438e-06 6.8004e-06 5.8853e-05
0.014471 9.6599e-05 3.6708e-06 6.6146e-06 5.8815e-05
0.01467 9.578e-05 3.6994e-06 6.4483e-06 5.8807e-05
0.014846 9.4926e-05 3.7224e-06 6.2721e-06 5.8783e-05
0.015001 9.4036e-05 3.74e-06 6.0858e-06 5.8742e-05
0.015203 9.3239e-05 3.7597e-06 5.1596e-06 5.8735e-05
0.015459 9.2528e-05 3.7816e-06 4.3185e-06 5.8764e-05
0.015774 9.1901e-05 3.8067e-06 3.5572e-06 5.7405e-05
0.017258 9.1347e-05 3.8346e-06 2.8628e-06 5.6128e-05
0.018655 9.0759e-05 3.8565e-06 2.1401e-06 5.4818e-05
0.020269 9.025e-05 3.8811e-06 1.4872e-06 5.3587e-05
0.021797 8.9711e-05 3.9e-06 1.4195e-06 5.2325e-05
0.023543 8.9242e-05 3.9211e-06 1.3598e-06 5.1135e-05
0.025554 8.8842e-05 3.9448e-06 1.3079e-06 5.0016e-05
0.027906 8.8517e-05 3.9717e-06 1.2641e-06 4.8973e-05
0.030747 8.8371e-05 4.0032e-06 1.2323e-06 4.8019e-05
0.034175 8.8305e-05 4.0394e-06 1.2091e-06 4.7147e-05
0.035702 8.8318e-05 4.0805e-06 1.1941e-06 4.6351e-05
0.037481 8.8392e-05 4.1246e-06 1.1849e-06 4.5613e-05
0.039138 8.8438e-05 4.1623e-06 1.1704e-06 4.4845e-05
0.041049 8.8539e-05 4.2027e-06 1.161e-06 4.4129e-05
0.042834 8.8613e-05 4.2368e-06 1.1464e-06 4.3385e-05
0.044501 8.8659e-05 4.2645e-06 1.1267e-06 4.2613e-05
0.046452 8.7437e-05 4.2949e-06 1.112e-06 4.1891e-05
0.048698 8.6324e-05 4.3281e-06 1.1024e-06 4.1218e-05
0.050862 8.5184e-05 4.3562e-06 1.0891e-06 4.0529e-05
0.053293 8.4133e-05 4.3861e-06 1.0796e-06 3.9879e-05
0.055641 8.3056e-05 4.411e-06 1.0665e-06 3.9214e-05
0.057908 8.1954e-05 4.431e-06 1.05e-06 3.8535e-05
0.060106 8.0828e-05 4.4463e-06 1.0301e-06 3.7842e-05
0.062568 7.9788e-05 4.4632e-06 1.0137e-06 3.7186e-05
0.064948 7.8723e-05 4.4752e-06 9.939e-07 3.6516e-05
0.067247 7.7615e-05 4.4823e-06 9.706e-07 3.5831e-05
0.069794 7.6582e-05 4.4904e-06 9.5026e-07 3.5179e-05
0.072256 7.5526e-05 4.4937e-06 9.2647e-07 3.4513e-05
0.074643 7.4446e-05 4.4923e-06 8.9937e-07 3.3834e-05
0.077317 7.3449e-05 4.4924e-06 8.757e-07 3.319e-05
0.08028 7.2522e-05 4.4936e-06 8.5478e-07 3.2576e-05
0.083596 7.1667e-05 4.4964e-06 8.37e-07 3.1996e-05
0.087307 7.0882e-05 4.5007e-06 8.2221e-07 3.1447e-05
0.091458 7.0162e-05 4.5066e-06 8.1034e-07 3.0928e-05
0.095469 6.9422e-05 4.5076e-06 7.9515e-07 3.0397e-05
0.099956 6.8745e-05 4.5101e-06 7.8281e-07 2.9895e-05
0.14281 6.8049e-05 4.5078e-06 7.6716e-07 2.9381e-05
0.18432 6.7333e-05 4.5006e-06 7.4821e-07 2.8854e-05
0.22466 6.66e-05 4.4887e-06 7.2608e-07 2.8316e-05
0.26374 6.5846e-05 4.4718e-06 7.0063e-07 2.7764e-05
0.30741 6.5072e-05 4.4565e-06 6.7803e-07 2.7243e-05
0.34985 6.428e-05 4.4366e-06 6.5228e-07 2.6709e-05
0.39676 6.3546e-05 4.4176e-06 6.2879e-07 2.6202e-05
0.40631 6.2867e-05 4.3998e-06 6.0744e-07 2.5719e-05
0.41559 6.2171e-05 4.3772e-06 5.83e-07 2.5225e-05
0.426 6.1528e-05 4.3557e-06 5.606e-07 2.4755e-05
0.43608 6.0867e-05 4.3293e-06 5.3499e-07 2.4273e-05
0.44723 6.0258e-05 4.3039e-06 5.1133e-07 2.3814e-05
0.45803 5.963e-05 4.2736e-06 4.8449e-07 2.3344e-05
0.46853 5.8986e-05 4.2444e-06 4.5951e-07 2.2896e-05
0.48027 5.8398e-05 4.2168e-06 4.3664e-07 2.2474e-05
0.49341 5.7864e-05 4.1906e-06 4.1576e-07 2.2075e-05
0.50798 5.7378e-05 4.1657e-06 3.9642e-07 2.1698e-05
0.52201 5.687e-05 4.1354e-06 3.7376e-07 2.1308e-05
0.53936 5.6335e-05 4.0992e-06 3.4716e-07 2.09e-05
0.55586 5.5767e-05 4.0551e-06 3.1662e-07 2.1508e-05
0.57146 5.5168e-05 4.0048e-06 2.8188e-07 2.2093e-05
0.58948 5.464e-05 3.9578e-06 2.505e-07 2.2721e-05
0.61008 5.4175e-05 3.9047e-06 2.9128e-07 2.3328e-05
0.6339 5.4041e-05 3.8547e-06 3.3621e-07 2.3979e-05
0.66103 5.3953e-05 3.8073e-06 3.8518e-07 2.4671e-05
0.66709 5.3902e-05 3.7616e-06 4.3783e-07 2.54e-05
0.67291 5.3835e-05 3.7105e-06 4.865e-07 2.6112e-05
0.67949 5.3808e-05 3.6613e-06 5.3936e-07 2.6864e-05
0.68585 5.3767e-05 3.607e-06 5.8844e-07 2.7601e-05
0.69295 5.376e-05 3.554e-06 6.4137e-07 2.8374e-05
0.69977 5.3738e-05 3.4957e-06 6.9015e-07 2.9129e-05
0.70744 5.3753e-05 3.5951e-06 7.347e-07 2.9364e-05
0.71477 5.3751e-05 3.6889e-06 7.75e-07 2.9584e-05
0.72178 5.3732e-05 3.7771e-06 8.1108e-07 2.9791e-05
0.72979 5.3756e-05 3.8681e-06 8.5204e-07 3.0024e-05
0.73742 5.3761e-05 3.9533e-06 8.885e-07 3.0243e-05
0.74618 5.381e-05 4.0416e-06 9.3031e-07 3.0489e-05
0.75451 5.384e-05 4.124e-06 9.6738e-07 3.072e-05
0.76421 5.3923e-05 4.2104e-06 1.011e-06 3.0983e-05
0.7758 5.4064e-05 4.3012e-06 1.0622e-06 3.1281e-05
0.78946 5.3477e-05 4.3969e-06 1.1219e-06 3.1616e-05
0.80558 5.2966e-05 4.4987e-06 1.1911e-06 3.1996e-05
0.82049 5.2417e-05 4.593e-06 1.2529e-06 3.2352e-05
0.82554 5.0384e-05 4.6936e-06 1.328e-06 3.2754e-05
0.83017 4.8239e-05 4.7862e-06 1.3947e-06 3.3129e-05
0.83573 4.6325e-05 4.8849e-06 1.4734e-06 3.355e-05
0.8423 4.4596e-05 4.9715e-06 1.5641e-06 3.3933e-05
0.84834 4.2774e-05 5.0501e-06 1.6457e-06 3.4289e-05
0.85558 4.1148e-05 5.1349e-06 1.7414e-06 3.4691e-05
0.86223 3.943e-05 5.889e-06 1.8275e-06 3.5002e-05
0.86833 3.7615e-05 6.6233e-06 1.904e-06 3.5287e-05
0.87568 3.6001e-05 7.3911e-06 1.9954e-06 3.5616e-05
0.88246 3.4552e-05 8.1906e-06 2.1015e-06 3.5986e-05
0.88499 3.3016e-05 8.9687e-06 2.1967e-06 3.6329e-05
0.88809 3.1651e-05 9.7829e-06 2.3094e-06 3.6719e-05
0.89093 3.0425e-05 1.0631e-05 2.4393e-06 3.7154e-05
0.89431 2.9323e-05 1.1514e-05 2.5883e-06 3.7634e-05
0.89741 2.8156e-05 1.2374e-05 2.7244e-06 3.8085e-05
0.90109 2.7106e-05 1.3271e-05 2.8806e-06 3.8583e-05
0.90445 2.5994e-05 1.4143e-05 3.0232e-06 3.905e-05
0.90853 2.5008e-05 1.5057e-05 3.0141e-06 3.9571e-05
0.91347 2.4135e-05 1.6016e-05 3.0184e-06 4.0151e-05
0.91759 2.3204e-05 1.7036e-05 3.0131e-06 4.0806e-05
0.91887 2.2209e-05 1.8007e-05 3.0254e-06 4.1407e-05
0.919 2.1318e-05 1.9021e-05 2.8911e-06 4.2066e-05
0.91905 2.0369e-05 2.0007e-05 2.743e-06 4.2689e-05
0.91927 1.9531e-05 2.1043e-05 2.6173e-06 4.3378e-05
0.92106 1.8803e-05 2.2125e-05 2.5098e-06 4.4129e-05
0.92271 1.8031e-05 2.318e-05 2.3913e-06 4.4846e-05
0.92422 1.7215e-05 2.421e-05 2.2614e-06 4.5528e-05
0.92559 1.6352e-05 2.5215e-05 2.1195e-06 4.6176e-05
0.92684 1.544e-05 2.6195e-05 1.9653e-06 4.6791e-05
0.92789 1.447e-05 2.7148e-05 1.7967e-06 4.737e-05
0.92918 1.3625e-05 2.8054e-05 1.6492e-06 4.7898e-05
0.93079 1.2877e-05 2.8936e-05 1.4877e-06 4.8395e-05
0.93276 1.2025e-05 2.9794e-05 1.3133e-06 4.8861e-05
0.93518 1.127e-05 3.063e-05 1.1252e-06 4.9298e-05
0.93741 1.0472e-05 3.1444e-05 9.2303e-07 4.9705e-05
0.93946 9.6309e-06 3.2236e-05 7.0612e-07 5.0084e-05
0.94134 8.7434e-06 3.3066e-05 5.14e-07 5.0513e-05
0.9436 7.9448e-06 3.3935e-05 3.4346e-07 5.0994e-05
0.94565 7.0975e-06 3.4778e-05 1.5907e-07 5.1442e-05
0.94754 6.2038e-06 3.5599e-05 1.3341e-07 5.186e-05
0.94928 5.262e-06 3.6399e-05 1.0358e-07 5.2249e-05
0.95085 4.2633e-06 3.7173e-05 1.16e-07 5.2606e-05
0.95121 3.3641e-06 3.7926e-05 1.2494e-07 5.2934e-05
0.95151 2.6625e-06 3.8118e-05 1.3552e-07 5.3717e-05
0.95195 2.0376e-06 3.8333e-05 1.1633e-07 5.458e-05
0.95233 1.9687e-06 3.8533e-05 1.422e-07 5.5404e-05
0.95287 1.9114e-06 3.8758e-05 1.7118e-07 5.631e-05
0.95333 1.8405e-06 3.8966e-05 2.0954e-07 5.7171e-05
0.95394 1.7794e-06 3.9195e-05 2.5202e-07 5.8107e-05
0.9545 1.7118e-06 3.9414e-05 2.9057e-07 5.9015e-05
0.95517 1.6508e-06 3.9647e-05 3.3165e-07 5.9975e-05
0.95581 1.5847e-06 3.9871e-05 3.6934e-07 6.0916e-05
0.95642 1.5135e-06 4.0087e-05 4.0379e-07 6.1838e-05
0.95713 1.4468e-06 4.0315e-05 4.4028e-07 6.2806e-05
0.95782 1.3753e-06 4.0536e-05 4.7353e-07 6.3757e-05
0.95847 1.2989e-06 4.0749e-05 5.0357e-07 6.4689e-05
0.95924 1.2275e-06 4.0975e-05 5.3615e-07 6.5673e-05
0.96012 1.1607e-06 4.1215e-05 5.7151e-07 6.6712e-05
0.96097 1.0893e-06 4.1447e-05 6.0355e-07 6.7731e-05
0.96194 1.0223e-06 4.1693e-05 6.3857e-07 6.8808e-05
0.96288 9.5065e-07 4.1931e-05 6.7018e-07 6.9864e-05
0.96394 8.8277e-07 4.2182e-05 7.046e-07 7.0974e-05
0.96496 8.099e-07 4.2425e-05 7.3534e-07 7.2061e-05
0.96591 8.3282e-07 4.2654e-05 7.7096e-07 7.3113e-05
0.96679 8.503e-07 4.2872e-05 8.017e-07 7.4129e-05
0.96785 8.7172e-07 4.3109e-05 8.3782e-07 7.5223e-05
0.96883 8.8761e-07 4.3333e-05 8.6891e-07 7.628e-05
0.96975 9.078e-07 4.3542e-05 9.0598e-07 7.7296e-05
0.97084 9.3183e-07 4.3769e-05 9.4875e-07 7.8385e-05
0.97185 9.4989e-07 4.4023e-05 9.8308e-07 7.9575e-05
0.97279 9.6202e-07 4.4263e-05 1.0118e-06 8.0723e-05
0.97369 9.6813e-07 4.4491e-05 1.0354e-06 8.1831e-05
0.97445 9.6857e-07 4.4741e-05 1.0655e-06 8.3033e-05
0.97516 9.6351e-07 4.4978e-05 1.0905e-06 8.4195e-05
0.97583 9.5265e-07 4.5203e-05 1.1101e-06 8.5317e-05
0.97644 9.4625e-07 4.5414e-05 1.1258e-06 8.6398e-05
0.97718 9.4388e-07 4.5645e-05 1.1473e-06 8.7562e-05
0.97788 9.364e-07 4.5866e-05 1.1641e-06 8.8693e-05
0.97842 9.3278e-07 4.6105e-05 1.1867e-06 8.9909e-05
0.97893 9.2384e-07 4.6333e-05 1.2043e-06 9.1088e-05
0.97941 9.0984e-07 4.6551e-05 1.2172e-06 9.2234e-05
0.97925 8.9901e-07 4.6787e-05 1.236e-06 9.3465e-05
0.97906 8.8308e-07 4.7013e-05 1.25e-06 9.4662e-05
0.97886 8.621e-07 4.7228e-05 1.2593e-06 9.5825e-05
0.97864 8.3629e-07 4.7434e-05 1.2643e-06 9.696e-05
0.97848 8.1337e-07 4.7656e-05 1.2752e-06 9.8166e-05
0.97838 7.9381e-07 4.7896e-05 1.2916e-06 9.9457e-05
0.97833 7.695e-07 4.7142e-05 1.313e-06 0.00010089
0.97828 7.4074e-07 4.6377e-05 1.3302e-06 0.00010228
0.97821 7.0769e-07 4.5601e-05 1.3436e-06 0.00010366
0.97813 6.7038e-07 4.4815e-05 1.3531e-06 0.000105
0.97696 6.3537e-07 4.4053e-05 1.3671e-06 0.00010643
0.97591 6.0192e-07 4.3313e-05 1.3848e-06 0.00010792
0.97483 5.6456e-07 4.2563e-05 1.3991e-06 0.00010939
0.97388 5.2905e-07 4.1836e-05 1.4177e-06 0.00011094
0.97304 4.9523e-07 4.1132e-05 1.4409e-06 0.00011258
0.97219 4.5756e-07 4.0419e-05 1.4682e-06 0.00011419
0.9713 4.2145e-07 3.9735e-05 1.5005e-06 0.00011385
0.97051 3.8632e-07 3.9069e-05 1.5372e-06 0.00011356
0.9697 3.4742e-07 3.8395e-05 1.5702e-06 0.00011325
0.96899 3.0939e-07 3.774e-05 1.6077e-06 0.00011298
0.96836 2.7207e-07 3.7103e-05 1.65e-06 0.00011275
0.96492 2.3568e-07 3.6486e-05 1.6982e-06 0.00011256
0.96137 1.955e-07 3.586e-05 1.7421e-06 0.00011235
0.95769 1.5149e-07 3.5224e-05 1.7819e-06 0.00011213
0.95389 1.8331e-07 3.4578e-05 1.8173e-06 0.00011189
0.95052 2.1567e-07 3.3954e-05 1.8591e-06 0.0001117
0.9475 2.4842e-07 3.3347e-05 1.9067e-06 0.00011154
0.94436 2.7725e-07 3.2731e-05 1.9495e-06 0.00011137
0.94107 3.0257e-07 3.2102e-05 1.9849e-06 0.00011118
0.93816 3.2867e-07 3.1494e-05 2.0269e-06 0.00011103
0.93559 3.5569e-07 3.0906e-05 2.0759e-06 0.00011092
0.93291 3.7864e-07 3.0308e-05 2.1199e-06 0.0001108
0.93011 3.9752e-07 2.9698e-05 2.1588e-06 0.00011066
0.92718 4.1228e-07 2.9077e-05 2.1926e-06 0.00011049
0.9241 4.227e-07 2.8443e-05 2.2208e-06 0.0001103
0.92143 4.3465e-07 2.7833e-05 2.2573e-06 0.00011017
0.9193 4.4953e-07 2.726e-05 2.1687e-06 0.00010845
0.91756 4.6753e-07 2.6716e-05 2.0944e-06 0.00010687
0.91533 4.8025e-07 2.6156e-05 2.0115e-06 0.00010522
0.91291 4.8776e-07 2.558e-05 1.92e-06 0.00010352
0.91093 4.9841e-07 2.5029e-05 1.8427e-06 0.00010194
0.90878 5.0384e-07 2.4463e-05 1.7571e-06 0.00010031
0.90643 5.166e-07 2.3929e-05 1.7221e-06 9.8811e-05
0.90393 5.2468e-07 2.3382e-05 1.6814e-06 9.7273e-05
0.90129 5.2829e-07 2.2824e-05 1.6353e-06 9.5696e-05
0.899 5.2752e-07 2.2285e-05 1.596e-06 9.4209e-05
0.897 5.2814e-07 2.1764e-05 1.5628e-06 9.2805e-05
0.89525 5.301e-07 2.1259e-05 1.5352e-06 9.148e-05
0.89337 5.3345e-07 2.0771e-05 1.5132e-06 9.023e-05
0.8914 5.326e-07 2.0273e-05 1.4866e-06 8.8951e-05
0.88969 5.3317e-07 1.9792e-05 1.4655e-06 8.7746e-05
0.88791 5.2978e-07 1.9302e-05 1.4404e-06 8.6516e-05
0.88636 5.2777e-07 1.8828e-05 1.4205e-06 8.5358e-05
0.88503 5.2718e-07 1.8369e-05 1.4059e-06 8.4269e-05
0.87846 5.2771e-07 1.7925e-05 1.3958e-06 8.3241e-05
0.87163 5.2406e-07 1.7471e-05 1.3814e-06 8.2188e-05
0.86558 5.2185e-07 1.7032e-05 1.3721e-06 8.1199e-05
0.85929 5.1547e-07 1.6584e-05 1.3567e-06 8.0185e-05
0.85367 5.1012e-07 1.6149e-05 1.3457e-06 7.9227e-05
0.84864 5.0582e-07 1.5729e-05 1.3397e-06 7.8332e-05
0.84343 4.9748e-07 1.53e-05 1.3283e-06 7.7414e-05
0.83878 4.9016e-07 1.4883e-05 1.3211e-06 7.655e-05
0.83469 4.8424e-07 1.4481e-05 1.319e-06 7.5743e-05
0.83043 4.7424e-07 1.4069e-05 1.3127e-06 7.4914e-05
0.82673 4.6595e-07 1.3646e-05 1.3125e-06 7.4055e-05
0.82352 4.5937e-07 1.3239e-05 1.318e-06 7.3259e-05
0.82072 4.5418e-07 1.285e-05 1.3287e-06 6.9324e-05
0.81775 4.4443e-07 1.2451e-05 1.3343e-06 6.5306e-05
0.81462 4.3006e-07 1.2042e-05 1.3348e-06 6.1201e-05
0.8113 4.1767e-07 1.1648e-05 1.3415e-06 5.7333e-05
0.80778 4.0073e-07 1.1244e-05 1.3433e-06 5.3381e-05
0.80475 3.8567e-07 1.0854e-05 1.3508e-06 4.9645e-05
0.80153 3.6585e-07 1.0454e-05 1.3532e-06 4.5825e-05
0.79874 3.4737e-07 1.0067e-05 1.3611e-06 4.2206e-05
0.79577 3.2434e-07 9.6702e-06 1.3638e-06 3.8503e-05
0.7932 3.0252e-07 9.2855e-06 1.3719e-06 3.4991e-05
0.79047 2.7623e-07 8.891e-06 1.3749e-06 3.1402e-05
0.78813 2.5132e-07 8.5098e-06 1.3839e-06 2.801e-05
0.78567 3.2482e-07 8.1198e-06 1.3882e-06 2.4554e-05
0.78308 3.9309e-07 7.7212e-06 1.3879e-06 2.1033e-05
0.78033 4.5592e-07 7.313e-06 1.3827e-06 1.7437e-05
0.77731 5.1358e-07 6.883e-06 1.3727e-06 1.7038e-05
0.7741 5.6591e-07 6.443e-06 1.3576e-06 1.6622e-05
0.77131 6.2162e-07 6.0153e-06 1.3477e-06 1.6231e-05
0.76888 6.8101e-07 5.5993e-06 1.3428e-06 1.5865e-05
0.76823 7.353e-07 5.1747e-06 1.3335e-06 1.5485e-05
0.76753 7.8463e-07 4.7418e-06 1.3197e-06 1.5091e-05
0.76676 8.2912e-07 4.8195e-06 1.3017e-06 1.4643e-05
0.76595 8.6917e-07 4.8919e-06 1.2798e-06 1.4184e-05
0.7653 9.1215e-07 4.9665e-06 1.2622e-06 1.3747e-05
0.76478 9.5762e-07 5.043e-06 1.2481e-06 1.3329e-05
0.76423 9.9874e-07 5.1143e-06 1.2304e-06 1.2901e-05
0.76363 1.0355e-06 5.1806e-06 1.209e-06 1.2462e-05
0.76319 1.0755e-06 5.2492e-06 1.1842e-06 1.2044e-05
0.76289 1.1187e-06 5.3202e-06 1.1634e-06 1.1645e-05
0.76273 1.1654e-06 5.3935e-06 1.1465e-06 1.1266e-05
0.76254 1.2079e-06 5.462e-06 1.1262e-06 1.0878e-05
0.76249 1.254e-06 5.5329e-06 1.1098e-06 1.0508e-05
0.76241 1.2958e-06 5.5988e-06 1.0899e-06 1.0129e-05
0.76229 1.3334e-06 5.6599e-06 1.0667e-06 9.7409e-06
0.75909 1.374e-06 5.7229e-06 1.0467e-06 9.3686e-06
0.75623 1.418e-06 5.7878e-06 1.0297e-06 9.0115e-06
0.75327 1.4574e-06 5.8475e-06 1.0093e-06 8.6449e-06
0.73826 1.5009e-06 5.9099e-06 9.9237e-07 8.2949e-06
0.72282 1.54e-06 5.9673e-06 9.7215e-07 7.9363e-06
0.70694 1.5747e-06 6.0198e-06 9.4862e-07 7.5689e-06
0.69258 1.613e-06 6.0743e-06 9.2801e-07 7.2158e-06
0.67973 1.6556e-06 6.1314e-06 9.1072e-07 6.8783e-06
0.66651 1.6937e-06 6.1835e-06 8.9017e-07 6.5323e-06
0.65456 1.7357e-06 6.2378e-06 8.7238e-07 6.1995e-06
0.64389 1.7824e-06 6.2948e-06 8.5775e-07 5.8813e-06
0.63289 1.8245e-06 6.3468e-06 8.3983e-07 5.5546e-06
0.62152 1.8618e-06 6.3936e-06 1.0307e-06 5.2189e-06
0.6097 1.894e-06 6.4348e-06 1.2146e-06 4.873e-06
0.59734 1.9312e-06 6.4798e-06 1.4155e-06 4.5446e-06
0.58654 1.9745e-06 6.5289e-06 1.6353e-06 4.2327e-06
0.53975 1.8331e-06 6.5675e-06 1.6579e-06 3.9027e-06
0.49097 1.7019e-06 6.6099e-06 1.6866e-06 3.5882e-06
0.44056 1.5649e-06 6.6469e-06 1.7112e-06 3.2649e-06
0.38852 1.4221e-06 6.6787e-06 1.7319e-06 2.9329e-06
0.33481 1.2734e-06 6.7053e-06 1.7487e-06 2.5922e-06
0.28638 1.1328e-06 6.7343e-06 1.7702e-06 2.2634e-06
0.23624 9.8614e-07 6.7579e-06 1.7876e-06 1.9257e-06
0.18431 8.3339e-07 6.7762e-06 1.8009e-06 1.5788e-06
0.13812 6.8975e-07 6.7976e-06 1.8198e-06 1.2456e-06
0.09724 5.5492e-07 6.8226e-06 1.8448e-06 9.2572e-07
0.092284 4.2819e-07 6.8122e-06 1.8814e-06 9.0727e-07
0.091949 4.486e-07 6.7955e-06 1.9126e-06 8.8261e-07
0.091723 4.7033e-07 6.7822e-06 1.9503e-06 8.584e-07
0.091448 4.8767e-07 6.7628e-06 1.9828e-06 8.2816e-07
0.091122 5.0064e-07 6.7372e-06 2.0101e-06 7.9188e-07
0.090748 5.0938e-07 6.7057e-06 2.0325e-06 7.4969e-07
0.090489 5.1961e-07 6.6779e-06 2.0617e-06 7.0816e-07
0.088354 5.3203e-07 6.6547e-06 2.0994e-06 6.678e-07
0.088667 5.3985e-07 6.6251e-06 2.1314e-06 6.213e-07
0.0891 5.4956e-07 6.5996e-06 2.1713e-06 5.7549e-07
0.089477 5.5457e-07 6.5675e-06 2.2052e-06 5.235e-07
0.089988 5.6186e-07 6.5401e-06 2.2481e-06 4.7242e-07
0.090412 5.6337e-07 6.4664e-06 2.3165e-06 5.2346e-07
0.090019 5.5895e-07 6.384e-06 2.3752e-06 5.6724e-07
0.089774 5.5769e-07 6.2933e-06 2.4252e-06 6.0415e-07
0.089455 5.5086e-07 6.1943e-06 2.4667e-06 6.3423e-07
0.08928 5.4716e-07 6.1019e-06 2.5203e-06 6.6573e-07
0.089259 5.4718e-07 6.0159e-06 2.5869e-06 6.988e-07
0.088099 5.5028e-07 5.9361e-06 2.6676e-06 7.3361e-07
0.086803 5.4753e-07 5.8478e-06 2.7379e-06 7.6109e-07
0.085771 5.4846e-07 5.7665e-06 2.8246e-06 7.9101e-07
0.084965 5.5309e-07 5.6922e-06 2.7825e-06 8.2355e-07
0.084358 5.6148e-07 5.6247e-06 2.7541e-06 8.589e-07
0.083663 5.643e-07 5.5493e-06 2.7172e-06 8.8707e-07
0.082876 5.6155e-07 5.466e-06 2.6997e-06 9.0807e-07
0.082285 5.6261e-07 5.3895e-06 2.6951e-06 9.3196e-07
0.082044 5.5773e-07 5.3204e-06 2.6646e-06 9.5924e-07
0.081954 5.5666e-07 5.2577e-06 2.6473e-06 9.8977e-07
0.081786 5.4966e-07 5.1868e-06 2.6209e-06 1.0125e-06
0.081547 5.4579e-07 5.1212e-06 2.6076e-06 1.0379e-06
0.08002 5.45e-07 5.061e-06 2.5674e-06 1.0659e-06
0.078317 5.3838e-07 4.9927e-06 2.5179e-06 1.0862e-06
0.076933 5.3534e-07 4.9303e-06 2.4816e-06 1.1098e-06
0.075838 5.3516e-07 4.8728e-06 2.4177e-06 1.1362e-06
0.074957 5.3815e-07 4.8206e-06 2.3669e-06 1.1658e-06
0.074259 5.4421e-07 4.7733e-06 2.3279e-06 1.1986e-06
0.073718 5.5391e-07 4.7307e-06 2.2999e-06 1.2346e-06
0.073315 5.6659e-07 4.6925e-06 2.2819e-06 1.2739e-06
0.073036 5.8231e-07 4.6586e-06 2.2749e-06 1.3165e-06
0.071074 6.0061e-07 4.6282e-06 2.2763e-06 1.3619e-06
0.069442 6.2157e-07 4.6009e-06 2.2858e-06 1.41e-06
0.068016 6.4504e-07 4.5765e-06 2.303e-06 1.4608e-06
0.066501 6.6372e-07 4.5462e-06 2.3147e-06 1.5048e-06
0.065183 6.8491e-07 4.5186e-06 2.3339e-06 1.5513e-06
0.063799 7.016e-07 4.4852e-06 2.361e-06 1.5914e-06
0.062586 7.2043e-07 4.454e-06 2.3953e-06 1.6335e-06
0.061524 7.4142e-07 4.4249e-06 2.4369e-06 1.6777e-06
0.060418 7.583e-07 4.3907e-06 2.4741e-06 1.716e-06
0.059439 7.7692e-07 4.358e-06 2.5178e-06 1.7559e-06
0.058414 7.9128e-07 4.3201e-06 2.5568e-06 1.7897e-06
0.05752 8.0786e-07 4.2841e-06 2.6034e-06 1.8256e-06
0.056747 8.2677e-07 4.25e-06 2.4606e-06 1.8637e-06
0.055938 8.4161e-07 4.211e-06 2.3122e-06 1.896e-06
0.055238 8.5864e-07 4.1737e-06 2.1763e-06 1.9304e-06
0.054629 8.7744e-07 4.1374e-06 2.0505e-06 1.9662e-06
0.054103 8.9802e-07 4.1021e-06 1.9342e-06 2.0034e-06
0.053663 9.2096e-07 4.0683e-06 1.8277e-06 2.0427e-06
0.053297 9.4585e-07 4.0354e-06 1.7293e-06 2.0836e-06
0.052902 9.6655e-07 3.9977e-06 1.626e-06 2.1187e-06
0.052586 9.8979e-07 3.9613e-06 1.5313e-06 2.156e-06
0.052344 1.0157e-06 3.9264e-06 1.4447e-06 2.1957e-06
0.052076 1.0373e-06 3.8865e-06 1.3534e-06 2.2293e-06
0.051884 1.0619e-06 3.8483e-06 1.2701e-06 2.2657e-06
0.051771 1.0902e-06 3.812e-06 1.1948e-06 2.3055e-06
0.051616 1.1128e-06 3.7697e-06 1.1123e-06 2.3377e-06
0.051563 1.141e-06 3.7309e-06 1.0401e-06 2.3756e-06
0.051451 1.162e-06 3.6964e-06 9.7872e-07 2.4205e-06
0.051444 1.1892e-06 3.6545e-06 9.0552e-07 2.4557e-06
0.051567 1.2228e-06 3.6163e-06 8.4328e-07 2.4973e-06
0.0518 1.2633e-06 3.5829e-06 7.8958e-07 2.3537e-06
0.05199 1.3123e-06 3.5421e-06 7.2845e-07 2.1982e-06
0.052309 1.2574e-06 3.5057e-06 6.7644e-07 2.0545e-06
0.052767 1.2113e-06 3.4737e-06 6.3249e-07 1.9216e-06
0.05315 1.157e-06 3.4343e-06 5.8188e-07 1.7776e-06
0.056796 1.0951e-06 3.388e-06 5.2493e-07 1.623e-06
0.061216 1.0418e-06 3.346e-06 4.7594e-07 1.4792e-06
0.065272 9.9547e-07 3.3075e-06 4.3306e-07 1.3439e-06
0.070094 9.5552e-07 3.2723e-06 3.9558e-07 1.2164e-06
0.075937 9.0856e-07 3.2303e-06 3.527e-07 1.0793e-06
0.083013 7.1081e-07 3.1924e-06 3.156e-07 9.5079e-07
0.091578 5.3353e-07 3.1584e-06 2.8353e-07 8.3019e-07
0.10194 3.7427e-07 3.1284e-06 2.5583e-07 7.167e-07
0.11426 2.2912e-07 3.1021e-06 2.32e-07 6.0965e-07
0.12559 2.1888e-07 2.9778e-06 2.0374e-07 5.8294e-07
0.13905 1.4734e-07 2.8583e-06 1.7848e-07 5.5735e-07
0.15132 1.521e-07 2.7308e-06 2.0688e-07 5.2474e-07
0.16589 1.5721e-07 2.608e-06 2.386e-07 4.9318e-07
0.17931 1.5802e-07 2.4779e-06 2.6572e-07 4.5496e-07
0.18371 1.1562e-07 2.3531e-06 2.9707e-07 4.1823e-07
0.18897 7.5575e-08 2.2325e-06 3.3256e-07 3.8224e-07
0.19379 3.743e-08 2.0792e-06 3.5775e-07 4.4257e-07
0.19822 3.8274e-08 2.1758e-06 3.7826e-07 4.9317e-07
0.20365 3.8042e-08 2.2766e-06 4.0318e-07 5.4607e-07
0.2053 3.672e-08 2.3817e-06 4.3302e-07 6.0159e-07
0.20676 3.1759e-08 2.4794e-06 4.5748e-07 6.4962e-07
0.2086 2.5685e-08 2.5816e-06 4.8817e-07 7.0046e-07
0.21025 3.8273e-08 2.6692e-06 5.133e-07 1.105e-06
0.21231 3.0558e-08 2.7612e-06 5.4401e-07 1.5392e-06
0.21418 4.979e-08 2.8462e-06 5.6944e-07 1.9549e-06
0.21434 6.9213e-08 2.9358e-06 5.3672e-07 2.4019e-06
0.21472 8.908e-08 3.0301e-06 5.0978e-07 2.8827e-06
0.21501 1.0473e-07 3.1173e-06 4.7609e-07 3.3433e-06
0.21552 1.2097e-07 3.2093e-06 4.4794e-07 3.8394e-06
0.21632 1.3765e-07 3.3055e-06 4.2411e-07 4.3697e-06
0.21699 1.4998e-07 3.3945e-06 3.9535e-07 4.878e-06
0.21629 1.6322e-07 3.4887e-06 3.7136e-07 5.4267e-06
0.21546 1.7758e-07 3.5884e-06 3.5167e-07 6.0193e-06
0.21489 1.5414e-07 3.6936e-06 3.4276e-07 6.6596e-06
0.2142 1.2594e-07 4.2114e-06 3.0945e-07 7.1136e-06
0.21338 9.9002e-08 4.7499e-06 2.8017e-07 7.6013e-06
0.2128 7.3026e-08 5.3103e-06 2.5444e-07 8.1251e-06
0.21209 8.81e-08 5.8936e-06 2.3183e-07 8.6879e-06
0.21125 1.0354e-07 6.504e-06 2.1247e-07 9.2975e-06
0.2079 1.1957e-07 7.1429e-06 1.9598e-07 9.9577e-06
0.20511 1.3603e-07 7.8084e-06 1.8156e-07 1.0667e-05
0.20202 1.4796e-07 8.4549e-06 1.6299e-07 1.1344e-05
0.20222 1.5556e-07 9.0843e-06 1.4042e-07 1.1993e-05
0.2015 1.6397e-07 9.7438e-06 1.2037e-07 1.2697e-05
0.20045 1.6784e-07 1.0384e-05 9.6184e-08 1.3368e-05
0.19969 1.7256e-07 1.0987e-05 7.4286e-08 1.3989e-05
0.19652 1.7783e-07 1.1616e-05 5.3856e-08 1.4658e-05
0.19302 1.8384e-07 1.2225e-05 6.2254e-08 1.5295e-05
0.1901 1.9053e-07 1.2872e-05 7.0929e-08 1.537e-05
0.18688 1.9837e-07 1.3552e-05 8.0299e-08 1.547e-05
0.18419 2.0706e-07 1.4262e-05 9.0259e-08 1.5594e-05
0.18125 2.1122e-07 1.4953e-05 9.6933e-08 1.57e-05
0.17881 2.1626e-07 1.5674e-05 1.0428e-07 1.583e-05
0.17613 2.175e-07 1.6377e-05 1.0831e-07 1.5943e-05
0.17391 2.1965e-07 1.7111e-05 1.1305e-07 1.6079e-05
0.16689 2.2315e-07 1.7881e-05 1.1889e-07 1.6243e-05
0.16109 2.28e-07 1.869e-05 1.2591e-07 1.6434e-05
0.1563 2.3426e-07 1.9538e-05 1.3425e-07 1.6655e-05
0.15234 2.4201e-07 2.0428e-05 1.4407e-07 1.6906e-05
0.14903 2.5095e-07 2.1358e-05 1.5519e-07 1.7186e-05
0.14626 2.6117e-07 2.2329e-05 1.6782e-07 1.7495e-05
0.14323 2.6667e-07 2.3276e-05 1.7673e-07 1.7785e-05
0.14075 2.7395e-07 2.4271e-05 1.8764e-07 1.8109e-05
0.13805 2.7648e-07 2.5241e-05 1.9479e-07 1.8413e-05
0.13585 3.4071e-07 2.626e-05 2.0408e-07 1.8753e-05
0.13345 3.9843e-07 2.7252e-05 2.0956e-07 1.9078e-05
0.13082 4.6247e-07 2.822e-05 2.1125e-07 1.9382e-05
0.12792 5.3369e-07 2.9232e-05 2.1467e-07 1.9719e-05
0.12554 6.1288e-07 3.0294e-05 2.2024e-07 2.0094e-05
0.12294 6.8472e-07 3.1332e-05 2.2203e-07 2.0447e-05
0.12077 7.6391e-07 3.2415e-05 2.2601e-07 2.0835e-05
0.11839 8.3521e-07 3.3471e-05 2.2608e-07 2.12e-05
0.11643 9.1508e-07 3.4578e-05 2.2819e-07 2.1603e-05
0.1051 1.4843e-06 4.2652e-05 2.1521e-07 2.4636e-05
0.10378 1.5685e-06 4.3796e-05 2.0947e-07 2.5055e-05
0.10274 1.6651e-06 4.4937e-05 2.0583e-07 2.547e-05
0.10193 1.7755e-06 4.6076e-05 1.5735e-07 2.5881e-05
0.10134 1.8759e-06 4.7212e-05 1.6534e-07 2.6289e-05
0.10263 1.9894e-06 4.8347e-05 1.3947e-07 2.6693e-05
0.10269 2.1171e-06 4.9478e-05 1.1602e-07 2.7094e-05
0.10292 2.233e-06 5.0608e-05 8.8194e-08 2.7491e-05
0.10646 2.3374e-06 5.1735e-05 9.3214e-08 2.7884e-05
0.10966 2.4305e-06 5.2859e-05 1.0137e-07 2.8274e-05
0.11257 2.5394e-06 5.3981e-05 1.0621e-07 2.866e-05
0.11605 2.6652e-06 5.5101e-05 1.1387e-07 2.9042e-05
0.1192 2.7787e-06 5.6218e-05 1.2341e-07 2.9421e-05
0.12209 2.8813e-06 5.729e-05 1.3537e-07 2.9766e-05
0.12474 3.0011e-06 5.8333e-05 2.5195e-07 3.0087e-05
0.23769 6.2932e-06 9.7474e-05 3.9008e-06 4.1185e-05
0.23985 6.0964e-06 9.7417e-05 3.9444e-06 4.1515e-05
0.24261 5.9276e-06 9.74e-05 3.9777e-06 4.1897e-05
0.24593 5.7843e-06 9.742e-05 4.0267e-06 4.2332e-05
0.24893 5.6647e-06 9.7415e-05 4.0191e-06 4.2734e-05
0.25254 5.567e-06 9.7448e-05 4.0277e-06 4.3196e-05
0.25686 5.4876e-06 9.7703e-05 4.0531e-06 4.3033e-05
0.26212 5.3958e-06 9.7405e-05 4.0954e-06 4.3334e-05
0.26853 5.3217e-06 9.7086e-05 4.1233e-06 4.3609e-05
0.27632 5.2647e-06 9.6807e-05 4.1683e-06 4.3933e-05
0.28037 5.1957e-06 9.6504e-05 4.2059e-06 4.4227e-05
0.28522 5.1148e-06 9.6241e-05 4.2614e-06 4.4572e-05
0.29101 5.0507e-06 9.6019e-05 4.2931e-06 4.4972e-05
0.29633 4.9554e-06 9.5794e-05 4.3229e-06 4.5368e-05
0.30279 4.8824e-06 9.5567e-05 4.3507e-06 4.5761e-05
0.31064 4.7803e-06 9.5336e-05 4.3767e-06 4.615e-05
0.31847 4.6698e-06 9.5103e-05 4.4008e-06 4.6535e-05
0.3263 4.5508e-06 9.4867e-05 4.4229e-06 4.6917e-05
0.51889 1.2873e-06 8.8053e-05 4.3563e-06 5.5324e-05
0.52648 1.1122e-06 8.7744e-05 4.3288e-06 5.5615e-05
0.53406 1.1383e-06 8.7432e-05 4.2995e-06 5.5902e-05
0.54163 1.1571e-06 8.7117e-05 4.2682e-06 5.6185e-05
0.5492 1.1692e-06 8.6799e-05 4.235e-06 5.6465e-05
0.55675 1.1744e-06 8.6479e-05 4.1998e-06 5.6742e-05
0.5643 1.1865e-06 8.6155e-05 4.1628e-06 5.7015e-05
0.57184 1.1958e-06 8.5829e-05 4.1239e-06 5.7284e-05
0.57938 1.2024e-06 8.55e-05 4.0831e-06 5.755e-05
0.5869 1.2063e-06 8.5169e-05 4.0403e-06 5.7813e-05
0.59442 1.0958e-06 8.4834e-05 3.9956e-06 5.8072e-05
0.60193 1.1571e-06 8.4497e-05 3.9491e-06 5.8327e-05
0.60943 1.2073e-06 8.4157e-05 3.9006e-06 5.8579e-05
0.61692 1.25e-06 8.3814e-05 3.8502e-06 5.8828e-05
0.62441 1.1909e-06 8.3468e-05 3.7979e-06 5.9073e-05
0.63189 1.1406e-06 8.3119e-05 3.7437e-06 5.9314e-05
0.63936 1.0985e-06 8.2768e-05 3.6876e-06 5.9552e-05
0.64683 1.0485e-06 8.2413e-05 3.6296e-06 5.9786e-05
0.65429 1.0053e-06 8.2056e-05 3.5697e-06 6.0017e-05
0.66174 9.543e-07 8.1696e-05 3.5078e-06 6.0245e-05
0.66919 8.9546e-07 8.1333e-05 3.4441e-06 6.0468e-05
0.67662 8.4441e-07 8.0968e-05 3.3784e-06 6.0689e-05
0.68405 7.8785e-07 8.0599e-05 3.3108e-06 6.0906e-05
0.69148 7.3908e-07 8.0228e-05 3.2413e-06 6.1119e-05
0.6989 6.9595e-07 7.9854e-05 3.17e-06 6.1329e-05
0.70631 6.4567e-07 7.9477e-05 3.0967e-06 6.1535e-05
0.71371 6.0265e-07 7.9097e-05 3.0214e-06 6.1738e-05
0.72111 5.5315e-07 7.8715e-05 2.9443e-06 6.1937e-05
0.72343 3.7603e-07 7.8329e-05 2.8653e-06 6.2133e-05
0.72501 2.1669e-07 7.7941e-05 2.7844e-06 6.2326e-05
0.72697 7.1182e-08 7.755e-05 2.7015e-06 6.2514e-05
0.72893 5.124e-08 7.7156e-05 2.6167e-06 6.27e-05
0.73088 6.5625e-08 7.676e-05 2.5301e-06 6.2881e-05
0.73284 7.9739e-08 7.636e-05 2.4415e-06 6.306e-05
0.73523 9.3744e-08 7.5958e-05 2.351e-06 6.3235e-05
0.7374 1.0365e-07 7.5553e-05 2.2586e-06 6.3406e-05
0.74005 1.1352e-07 7.5145e-05 2.1643e-06 6.3574e-05
0.74243 1.2379e-07 7.4734e-05 2.068e-06 6.3738e-05
0.74538 1.2986e-07 7.432e-05 1.9699e-06 6.3899e-05
0.74602 1.3639e-07 7.3903e-05 1.8699e-06 6.4056e-05
0.74654 2.4138e-07 7.3484e-05 1.7679e-06 6.421e-05
0.74685 3.3763e-07 7.3062e-05 1.664e-06 6.436e-05
0.74742 4.4409e-07 7.2637e-05 1.5582e-06 6.4507e-05
0.74787 5.4145e-07 7.2209e-05 1.4505e-06 6.465e-05
0.74858 6.4977e-07 7.1778e-05 1.3409e-06 6.479e-05
0.74959 7.7056e-07 7.1345e-05 1.2294e-06 6.4926e-05
0.75035 8.8117e-07 7.0909e-05 1.116e-06 6.5059e-05
0.75468 1.0051e-06 7.0469e-05 1.0006e-06 6.5188e-05
0.75863 1.1193e-06 7.0027e-05 8.8339e-07 6.5314e-05
0.76222 1.2308e-06 6.9563e-05 7.5236e-07 6.5407e-05
0.76551 1.3397e-06 6.9323e-05 6.4584e-07 6.4721e-05
0.76853 1.4458e-06 6.9113e-05 5.5386e-07 6.4103e-05
0.76922 1.5493e-06 6.8859e-05 5.2906e-07 6.4999e-05
0.77175 1.65e-06 6.8586e-05 5.1231e-07 6.5853e-05
0.7736 1.7481e-06 6.8346e-05 5.0102e-07 6.6795e-05
0.77526 1.8435e-06 6.8086e-05 4.8453e-07 6.7689e-05
0.77676 1.9362e-06 6.7862e-05 4.9462e-07 6.8681e-05
0.77866 2.0262e-06 6.7558e-05 4.9948e-07 7.4711e-05
0.78039 2.1135e-06 6.7336e-05 5.1257e-07 7.6692e-05
0.78191 2.1982e-06 6.7146e-05 4.6954e-07 7.8845e-05
0.78379 2.2802e-06 6.6984e-05 4.3292e-07 8.1163e-05
0.78614 2.3594e-06 6.687e-05 4.0192e-07 8.1727e-05
0.78905 2.436e-06 6.6786e-05 3.7593e-07 8.2368e-05
0.79285 2.5099e-06 6.6742e-05 3.5379e-07 8.201e-05
0.79878 2.5811e-06 6.6728e-05 3.3577e-07 8.1719e-05
0.80108 2.6497e-06 6.6697e-05 3.132e-07 8.1394e-05
0.80148 2.7155e-06 6.6705e-05 2.9391e-07 7.9619e-05
0.80213 2.7938e-06 6.674e-05 2.7757e-07 7.7975e-05
0.80268 2.9027e-06 6.6758e-05 2.5782e-07 7.6266e-05
0.80312 3.0276e-06 6.6749e-05 3.0667e-07 7.6546e-05
0.80347 3.1411e-06 6.6668e-05 3.6266e-07 7.674e-05
0.80373 3.2731e-06 6.6618e-05 4.2674e-07 7.6996e-05
0.84619 7.2513e-06 5.7087e-05 2.4974e-07 9.8693e-06
0.84667 7.1851e-06 5.6799e-05 1.828e-07 8.8152e-06
0.84705 7.2721e-06 5.6538e-05 1.2365e-07 7.8322e-06
0.84765 7.3829e-06 5.6307e-05 7.1015e-08 6.9224e-06
0.8485 7.5192e-06 5.6105e-05 2.4762e-08 6.0803e-06
0.84923 7.6392e-06 5.5941e-05 1.5766e-08 5.3111e-06
0.85019 7.7826e-06 5.5802e-05 6.2937e-09 4.5929e-06
0.85151 7.9161e-06 5.5631e-05 7.1553e-09 4.5533e-06
0.85315 8.0346e-06 5.5443e-05 2.1638e-08 4.5029e-06
0.85515 8.177e-06 5.5281e-05 3.6297e-08 4.4626e-06
0.85671 8.3025e-06 5.5098e-05 4.7708e-08 4.4138e-06
0.85683 8.4115e-06 5.4944e-05 5.9661e-08 4.3764e-06
0.85716 8.2587e-06 5.4772e-05 6.8319e-08 4.3275e-06
0.85784 8.0955e-06 5.4581e-05 7.3104e-08 4.2669e-06
0.85842 8.4027e-06 5.4372e-05 7.4675e-08 4.1947e-06
0.8589 8.749e-06 5.3134e-05 7.6456e-08 4.1429e-06
0.85959 8.7695e-06 5.1952e-05 8.4844e-08 4.1006e-06
0.86018 8.7763e-06 5.0739e-05 1.1695e-07 4.0478e-06
0.86101 8.4955e-06 4.9588e-05 1.5274e-07 4.0058e-06
0.86184 8.2481e-06 4.8489e-05 1.9219e-07 3.9729e-06
0.86268 8.0307e-06 4.7438e-05 2.3579e-07 3.9487e-06
0.86351 7.7961e-06 4.6435e-05 2.8417e-07 3.933e-06
0.86435 7.5438e-06 4.5406e-05 3.2739e-07 3.9074e-06
0.86519 7.2717e-06 4.4349e-05 3.653e-07 3.8713e-06
0.86603 7.0331e-06 4.3343e-05 4.0853e-07 3.8447e-06
0.86687 6.8218e-06 4.238e-05 4.5698e-07 3.8261e-06
0.86771 6.6356e-06 4.1459e-05 5.1135e-07 3.8153e-06
0.86856 6.4727e-06 4.0578e-05 5.7242e-07 3.8124e-06
0.8694 6.334e-06 3.974e-05 6.4224e-07 3.8186e-06
0.87025 6.1802e-06 3.888e-05 7.0547e-07 3.8152e-06
0.8711 6.0107e-06 3.8068e-05 7.785e-07 3.8235e-06
0.87195 5.8632e-06 3.7293e-05 8.6115e-07 3.8401e-06
0.87281 5.7386e-06 3.6557e-05 9.5611e-07 3.8662e-06
0.87366 5.6329e-06 3.5856e-05 1.0635e-06 3.9006e-06
0.87452 5.5453e-06 3.5186e-05 1.1857e-06 3.9436e-06
0.87538 5.4456e-06 3.4498e-05 1.2982e-06 3.9766e-06
0.87624 5.3334e-06 3.3789e-05 1.4013e-06 3.9995e-06
0.8771 5.2416e-06 3.3118e-05 1.5207e-06 4.0326e-06
0.87797 5.1689e-06 3.2481e-05 1.6588e-06 4.076e-06
0.87883 5.1144e-06 3.1879e-05 1.8181e-06 4.1301e-06
0.8797 5.0775e-06 3.1309e-05 1.8382e-06 4.1952e-06
0.88057 5.0578e-06 3.077e-05 1.8707e-06 4.2718e-06
0.88144 5.0531e-06 3.0259e-05 1.9131e-06 4.3588e-06
0.88231 5.0364e-06 2.9729e-05 1.9473e-06 4.434e-06
0.88319 5.0367e-06 2.9229e-05 1.9932e-06 4.5215e-06
0.88406 5.0611e-06 2.8757e-05 2.0519e-06 4.6219e-06
0.88494 5.103e-06 2.8314e-05 2.0019e-06 4.7358e-06
0.88582 5.1335e-06 2.7895e-05 1.9646e-06 4.8627e-06
0.8867 5.1798e-06 2.75e-05 1.9374e-06 5.0026e-06
0.88759 5.242e-06 2.7127e-05 1.9197e-06 5.156e-06
0.88847 5.323e-06 2.6777e-05 1.9125e-06 5.3258e-06
0.88936 5.3922e-06 2.6413e-05 1.8981e-06 5.4828e-06
0.89025 5.4496e-06 2.6034e-05 1.8764e-06 5.6271e-06
0.89114 5.5262e-06 2.5679e-05 1.8652e-06 5.7881e-06
0.89203 5.623e-06 2.5347e-05 1.8644e-06 5.9668e-06
0.89293 5.7073e-06 2.5001e-05 1.8564e-06 6.1321e-06
0.89383 5.575e-06 2.4675e-05 1.8574e-06 6.3135e-06
0.89473 5.4276e-06 2.4333e-05 1.8507e-06 6.4802e-06
0.89563 5.3009e-06 2.4011e-05 1.8531e-06 6.6633e-06
0.89653 5.1934e-06 2.3709e-05 1.8644e-06 6.8639e-06
0.89743 5.0717e-06 2.3392e-05 1.8686e-06 7.0501e-06
0.89834 4.9689e-06 2.3095e-05 1.882e-06 7.2545e-06
0.89925 4.8836e-06 2.2816e-05 1.9048e-06 7.4779e-06
0.90016 4.7851e-06 2.2522e-05 1.9195e-06 7.685e-06
0.90107 4.7078e-06 2.2246e-05 1.9465e-06 7.9117e-06
0.90199 4.6188e-06 2.1957e-05 1.9659e-06 8.1232e-06
0.9029 4.549e-06 2.1688e-05 1.9965e-06 8.3575e-06
0.90382 4.4677e-06 2.1407e-05 2.0196e-06 8.5764e-06
0.90474 4.4039e-06 2.1154e-05 2.0538e-06 8.4616e-06
0.90567 4.3538e-06 2.0917e-05 2.0979e-06 8.3616e-06
0.90659 4.316e-06 2.0693e-05 2.1514e-06 8.2748e-06
0.90752 4.2695e-06 2.046e-05 2.1984e-06 8.177e-06
0.90845 4.234e-06 2.0238e-05 2.2543e-06 8.0912e-06
0.90938 4.209e-06 2.0029e-05 2.3197e-06 8.0167e-06
0.91031 4.1762e-06 1.9811e-05 2.3786e-06 7.9321e-06
0.91125 4.1538e-06 1.9604e-05 2.4474e-06 7.8587e-06
0.91218 4.143e-06 1.941e-05 2.5282e-06 7.798e-06
0.91312 4.1438e-06 1.923e-05 2.6224e-06 7.7496e-06
0.91406 4.1368e-06 1.904e-05 2.7088e-06 7.6913e-06
0.91501 4.1397e-06 1.8861e-05 2.8072e-06 7.6433e-06
0.91595 4.1513e-06 1.8691e-05 2.9172e-06 7.6042e-06
0.9169 4.157e-06 1.8514e-05 3.0213e-06 7.5575e-06
0.91781 4.1569e-06 1.8331e-05 3.1199e-06 7.5032e-06
0.91852 4.165e-06 1.8156e-05 3.2296e-06 7.4571e-06
0.91935 4.181e-06 1.7973e-05 3.351e-06 7.4026e-06
0.92032 4.2051e-06 1.7797e-05 3.485e-06 7.3559e-06
0.92144 4.2373e-06 1.763e-05 3.6324e-06 7.3168e-06
0.92274 4.2779e-06 1.7471e-05 3.7942e-06 7.2854e-06
0.92422 4.3269e-06 1.7319e-05 3.9717e-06 7.2615e-06
0.92588 4.3834e-06 1.7174e-05 4.1641e-06 7.2439e-06
0.92748 4.4342e-06 1.7023e-05 4.3447e-06 7.2192e-06
0.92928 4.4927e-06 1.6878e-05 4.5406e-06 7.2007e-06
0.93128 4.5591e-06 1.6739e-05 4.753e-06 7.1885e-06
0.93351 4.6338e-06 1.6607e-05 4.9832e-06 7.1825e-06
0.93568 4.7028e-06 1.6468e-05 5.2061e-06 7.1697e-06
0.93809 4.7802e-06 1.6336e-05 5.4478e-06 7.1631e-06
0.94042 4.8516e-06 1.6197e-05 5.6811e-06 7.1493e-06
0.94269 4.9171e-06 1.6053e-05 5.907e-06 7.1287e-06
0.94528 4.9928e-06 1.5895e-05 6.1705e-06 7.0965e-06
0.94563 5.0777e-06 1.5745e-05 6.4565e-06 7.0708e-06
0.94596 5.1563e-06 1.5588e-05 6.7333e-06 7.038e-06
0.94637 5.2441e-06 1.5437e-05 7.0331e-06 7.0113e-06
0.94676 5.3256e-06 1.5279e-05 7.3236e-06 6.9775e-06
0.94724 5.4178e-06 1.5129e-05 7.6412e-06 6.951e-06
0.94782 5.5211e-06 1.4986e-05 7.9882e-06 6.9316e-06
0.9485 5.6361e-06 1.4849e-05 8.367e-06 6.9194e-06
0.94915 5.7443e-06 1.4707e-05 8.7345e-06 6.9e-06
0.94978 5.8456e-06 1.4558e-05 9.0902e-06 6.8731e-06
0.95052 5.9606e-06 1.4417e-05 9.4828e-06 6.8548e-06
0.95122 6.0648e-06 1.4266e-05 9.9286e-06 6.8258e-06
0.95208 6.1897e-06 1.4126e-05 1.0438e-05 6.8085e-06
0.95316 6.3375e-06 1.3998e-05 1.0559e-05 6.8051e-06
0.95413 6.4705e-06 1.386e-05 1.0664e-05 6.7892e-06
0.95532 6.6251e-06 1.3733e-05 1.0796e-05 6.7856e-06
0.95674 6.5889e-06 1.3617e-05 1.0957e-05 6.7945e-06
0.95797 6.5394e-06 1.3489e-05 1.11e-05 6.7907e-06
0.95946 6.4779e-06 1.3374e-05 1.1277e-05 6.8011e-06
0.95978 6.4041e-06 1.327e-05 1.1187e-05 6.8239e-06
0.96008 6.3219e-06 1.3158e-05 1.1088e-05 6.8381e-06
0.96046 6.2512e-06 1.3053e-05 1.1005e-05 6.8594e-06
0.96081 6.1733e-06 1.294e-05 1.0915e-05 6.873e-06
0.96114 6.0887e-06 1.2822e-05 1.0818e-05 6.8794e-06
0.96146 5.9976e-06 1.2698e-05 1.0713e-05 6.8787e-06
0.96186 5.9178e-06 1.258e-05 1.0626e-05 6.8851e-06
0.96233 5.8488e-06 1.2467e-05 1.0555e-05 6.8984e-06
0.96279 5.7736e-06 1.2349e-05 1.0477e-05 6.9048e-06
0.96229 5.709e-06 1.2236e-05 1.0415e-05 6.9182e-06
0.96187 5.6534e-06 1.2128e-05 1.0368e-05 6.9376e-06
0.96152 5.6066e-06 1.2025e-05 1.0334e-05 6.963e-06
0.96123 5.5685e-06 1.1926e-05 1.0313e-05 6.9945e-06
0.96093 5.5244e-06 1.1821e-05 1.0287e-05 7.019e-06
0.9607 5.4887e-06 1.1721e-05 1.0273e-05 7.0495e-06
0.96044 5.4471e-06 1.1615e-05 1.0253e-05 7.073e-06
0.96027 5.4151e-06 1.1514e-05 1.0249e-05 7.1038e-06
0.96015 5.3916e-06 1.1418e-05 1.0258e-05 7.1409e-06
0.96002 5.3617e-06 1.1316e-05 1.0259e-05 7.1705e-06
0.95848 5.3431e-06 1.122e-05 1.0279e-05 7.2093e-06
0.95687 5.3163e-06 1.1117e-05 1.0289e-05 7.2388e-06
0.9501 5.3026e-06 1.1022e-05 1.0319e-05 7.2794e-06
0.94425 5.3027e-06 1.0935e-05 1.0372e-05 7.3321e-06
0.94343 5.3189e-06 1.0838e-05 1.0411e-05 7.3723e-06
0.94253 5.3244e-06 1.075e-05 1.0473e-05 7.4257e-06
0.94155 5.3192e-06 1.0654e-05 1.0521e-05 7.4671e-06
0.94046 5.3024e-06 1.0547e-05 1.0555e-05 7.4956e-06
0.93925 5.2735e-06 1.0431e-05 1.0573e-05 7.511e-06
0.9383 5.2322e-06 1.0304e-05 1.0575e-05 7.513e-06
0.93755 5.2086e-06 1.0188e-05 1.0519e-05 7.5307e-06
0.93698 5.6583e-06 1.0082e-05 1.0488e-05 7.5622e-06
0.93632 5.7738e-06 9.964e-06 1.0368e-05 7.5795e-06
0.93582 5.9098e-06 9.8556e-06 1.0275e-05 7.6106e-06
0.93555 6.0321e-06 9.7592e-06 1.0167e-05 7.6586e-06
0.93506 6.178e-06 9.6727e-06 1.0087e-05 7.7226e-06
0.93469 6.3427e-06 9.5931e-06 1.0029e-05 7.7986e-06
0.93427 6.4959e-06 9.5056e-06 9.96e-06 7.8637e-06
0.93382 6.6391e-06 9.411e-06 9.8805e-06 7.919e-06
0.93347 6.7993e-06 9.3224e-06 9.82e-06 7.985e-06
0.93308 6.9485e-06 9.2261e-06 9.7486e-06 8.0403e-06
0.93282 7.1178e-06 9.137e-06 9.6986e-06 8.1086e-06
0.93251 7.2764e-06 9.0405e-06 9.6384e-06 8.1664e-06
0.93201 7.4572e-06 8.9518e-06 9.167e-06 8.2384e-06
0.93163 7.3421e-06 8.85e-06 8.7443e-06 8.2942e-06
0.93121 7.2169e-06 8.7409e-06 8.3018e-06 8.3398e-06
0.93091 7.1098e-06 8.6387e-06 7.907e-06 8.3982e-06
0.93073 7.0185e-06 8.5428e-06 7.5521e-06 8.4683e-06
0.93051 6.9191e-06 8.4403e-06 7.1832e-06 8.5295e-06
0.93016 6.8329e-06 8.3427e-06 6.8469e-06 8.6005e-06
0.92991 6.7591e-06 8.2497e-06 6.5401e-06 8.6813e-06
0.92974 6.6973e-06 8.1612e-06 6.2603e-06 8.772e-06
0.92955 6.628e-06 8.0664e-06 5.9693e-06 8.8539e-06
0.92947 6.5708e-06 7.9763e-06 5.7047e-06 8.9462e-06
0.92948 6.5254e-06 7.8907e-06 5.4641e-06 9.0491e-06
0.92945 6.4719e-06 7.7984e-06 5.2119e-06 9.1422e-06
0.9294 6.4101e-06 7.6995e-06 4.9478e-06 9.2255e-06
0.92945 6.3617e-06 7.606e-06 4.7105e-06 9.3212e-06
0.92811 6.3254e-06 7.5173e-06 4.4958e-06 9.4287e-06
0.92669 6.2806e-06 7.4217e-06 4.2697e-06 9.5256e-06
0.92548 6.249e-06 7.3316e-06 4.0673e-06 9.6359e-06
0.92444 6.2291e-06 7.246e-06 3.8844e-06 9.7584e-06
0.92354 6.2209e-06 7.165e-06 3.7227e-06 9.8938e-06
0.92278 6.2244e-06 7.0885e-06 3.5775e-06 1.0042e-05
0.92216 6.2413e-06 7.0174e-06 3.4494e-06 1.0207e-05
0.92167 6.2718e-06 6.9516e-06 3.3371e-06 1.0388e-05
0.9213 6.3167e-06 6.8913e-06 3.2399e-06 1.0588e-05
0.92105 6.3767e-06 6.8365e-06 3.157e-06 1.0806e-05
0.92092 6.4529e-06 6.7743e-06 3.0655e-06 1.1011e-05
0.91918 6.5457e-06 6.7053e-06 2.9662e-06 1.1203e-05
0.91736 6.6533e-06 6.6407e-06 2.8791e-06 1.1412e-05
0.91546 6.7521e-06 6.5698e-06 2.7852e-06 1.1609e-05
0.91379 6.865e-06 6.5029e-06 2.7023e-06 1.1822e-05
0.91203 6.9685e-06 6.4293e-06 2.6122e-06 1.2023e-05
0.9102 7.0635e-06 6.3496e-06 2.5154e-06 1.2212e-05
0.90829 7.15e-06 6.2635e-06 2.4118e-06 1.239e-05
0.89977 6.9114e-06 6.1824e-06 2.321e-06 1.2587e-05
0.89229 6.6954e-06 6.1062e-06 2.1975e-06 1.2803e-05
0.88451 6.469e-06 6.0237e-06 2.0663e-06 1.3007e-05
0.8764 6.2618e-06 5.945e-06 1.9481e-06 1.3228e-05
0.86927 6.0745e-06 5.8709e-06 1.8429e-06 1.3469e-05
0.86197 5.8776e-06 5.7906e-06 1.7309e-06 1.3699e-05
0.85436 5.6711e-06 5.7042e-06 1.6121e-06 1.3916e-05
0.84756 5.4805e-06 5.6208e-06 1.5034e-06 1.4149e-05
0.84152 5.3062e-06 5.5407e-06 1.4047e-06 1.44e-05
0.8361 5.1454e-06 5.4633e-06 1.3139e-06 1.4667e-05
0.83049 4.977e-06 5.3805e-06 1.2183e-06 1.4924e-05
0.82549 4.8224e-06 5.3004e-06 1.1305e-06 1.5198e-05
0.82103 4.6805e-06 5.2229e-06 1.0498e-06 1.549e-05
0.81706 4.5504e-06 5.1477e-06 9.7547e-07 1.5799e-05
0.81353 4.4317e-06 5.0749e-06 9.0706e-07 1.6127e-05
0.80988 4.3065e-06 4.9971e-06 8.3461e-07 1.6444e-05
0.80611 4.175e-06 4.9141e-06 7.5809e-07 1.6752e-05
0.80221 4.0371e-06 4.8262e-06 6.7747e-07 1.705e-05
0.79819 3.8927e-06 4.7331e-06 7.3763e-07 1.7338e-05
0.79404 3.7418e-06 4.6351e-06 7.9403e-07 1.7617e-05
0.79034 3.6023e-06 4.5393e-06 8.5519e-07 1.7914e-05
0.78706 3.4735e-06 4.4458e-06 9.2154e-07 1.8229e-05
0.7841 3.3537e-06 4.3539e-06 9.9278e-07 1.8562e-05
0.78149 3.2434e-06 4.2641e-06 1.0701e-06 1.8916e-05
0.77915 3.1412e-06 4.1759e-06 1.1533e-06 1.9287e-05
0.77707 3.0466e-06 4.0891e-06 1.2427e-06 1.9678e-05
0.77522 2.9595e-06 4.0046e-06 1.3392e-06 2.009e-05
0.76909 2.8795e-06 3.9266e-06 1.4434e-06 1.978e-05
0.76275 2.7939e-06 3.8436e-06 1.5427e-06 1.946e-05
0.75622 2.7029e-06 3.7557e-06 1.6375e-06 1.913e-05
0.7504 2.6066e-06 3.6697e-06 1.7411e-06 1.8821e-05
0.74515 2.5171e-06 3.5849e-06 1.8531e-06 1.8528e-05
0.74042 2.434e-06 3.5012e-06 1.9739e-06 1.8252e-05
0.73615 2.3571e-06 3.4185e-06 2.1044e-06 1.7991e-05
0.73232 2.2859e-06 3.3369e-06 2.2453e-06 1.7746e-05
0.72887 2.2203e-06 3.2562e-06 2.3974e-06 1.7517e-05
0.7253 2.1495e-06 3.1707e-06 2.5435e-06 1.7277e-05
0.72161 2.0736e-06 3.0803e-06 2.6838e-06 1.7028e-05
0.71834 2.0039e-06 2.9913e-06 2.8371e-06 1.6796e-05
0.71544 1.9401e-06 2.9036e-06 3.0045e-06 1.658e-05
0.71288 1.882e-06 2.8172e-06 3.1873e-06 1.638e-05
0.70972 1.819e-06 2.7324e-06 3.356e-06 1.6197e-05
0.70646 1.7512e-06 2.6429e-06 3.5186e-06 1.6005e-05
0.70355 1.6882e-06 2.5541e-06 3.695e-06 1.5827e-05
0.70097 1.6304e-06 2.4664e-06 3.888e-06 1.5663e-05
0.6987 1.5768e-06 2.3792e-06 4.097e-06 1.5512e-05
0.69635 1.5184e-06 2.2873e-06 4.2987e-06 1.5352e-05
0.69391 1.4552e-06 2.1906e-06 4.4933e-06 1.5183e-05
0.69177 1.3968e-06 2.0949e-06 4.7062e-06 1.5029e-05
0.6899 1.3428e-06 1.9999e-06 4.9388e-06 1.4888e-05
0.68796 1.2844e-06 1.9005e-06 5.1643e-06 1.4739e-05
0.68625 1.2296e-06 1.7964e-06 5.3827e-06 1.4582e-05
0.68448 1.1704e-06 1.6877e-06 5.5942e-06 1.4416e-05
0.68294 1.1153e-06 1.5799e-06 5.8259e-06 1.4265e-05
0.68135 1.0558e-06 1.4674e-06 6.0457e-06 1.4105e-05
0.67997 9.995e-07 1.3553e-06 6.2843e-06 1.3957e-05
0.67878 9.4683e-07 1.2438e-06 6.5456e-06 1.3822e-05
0.67755 8.8991e-07 1.1278e-06 6.7991e-06 1.3679e-05
0.67652 8.364e-07 1.0124e-06 7.0766e-06 1.3549e-05
0.67543 7.7849e-07 8.9231e-07 7.3451e-06 1.3411e-05
0.67452 7.2326e-07 7.7235e-07 7.6365e-06 1.3283e-05
0.67378 6.6377e-07 6.5288e-07 7.9555e-06 1.3169e-05
0.67299 5.9977e-07 5.287e-07 8.2643e-06 1.3045e-05
0.67216 5.3866e-07 5.6801e-07 8.5635e-06 1.2893e-05
0.67148 4.8015e-07 6.0575e-07 8.5025e-06 1.2752e-05
0.67077 4.1738e-07 6.3929e-07 8.4354e-06 1.2603e-05
0.6702 3.5693e-07 6.7124e-07 8.3815e-06 1.2466e-05
0.66959 2.9212e-07 6.9893e-07 8.3209e-06 1.232e-05
0.66893 2.2291e-07 7.2235e-07 8.2537e-06 1.2165e-05
0.66822 2.5178e-07 7.4149e-07 8.2112e-06 1.2e-05
0.66766 2.8096e-07 7.5906e-07 8.1813e-06 1.1848e-05
0.66706 3.0643e-07 7.7241e-07 8.1452e-06 1.1686e-05
0.66226 3.3238e-07 7.8423e-07 8.122e-06 1.1537e-05
0.65729 3.5454e-07 7.9181e-07 8.0925e-06 1.1379e-05
0.65285 3.773e-07 7.9789e-07 8.0759e-06 1.1232e-05
0.64895 4.0131e-07 8.0279e-07 8.0769e-06 1.1099e-05
0.6449 4.2139e-07 8.034e-07 8.0714e-06 1.0957e-05
0.6407 4.3762e-07 7.9974e-07 8.0594e-06 1.0807e-05
0.63698 4.5478e-07 7.9471e-07 8.0611e-06 1.0668e-05
0.63312 4.6809e-07 7.8542e-07 8.0564e-06 1.0521e-05
0.62912 4.7754e-07 7.7187e-07 8.0453e-06 1.0366e-05
0.62559 4.8804e-07 7.5699e-07 8.0481e-06 1.0222e-05
0.62192 4.9943e-07 7.4074e-07 8.0331e-06 1.009e-05
0.61866 5.1174e-07 7.2299e-07 8.0311e-06 9.9687e-06
0.60297 5.2502e-07 7.0097e-07 8.0226e-06 9.8387e-06
0.58881 5.3912e-07 6.7731e-07 8.0261e-06 9.7183e-06
0.57616 5.5441e-07 6.5216e-07 8.043e-06 9.6083e-06
0.56472 5.7055e-07 6.2529e-07 8.0716e-06 9.5069e-06
0.5529 5.8282e-07 5.9423e-07 8.0943e-06 9.3978e-06
0.54234 5.9636e-07 5.6163e-07 8.1302e-06 9.2985e-06
0.5329 6.1124e-07 5.2744e-07 8.1798e-06 9.2089e-06
0.52318 6.2233e-07 4.8915e-07 8.2237e-06 9.112e-06
0.51442 6.3446e-07 4.4909e-07 8.2801e-06 9.0234e-06
0.47286 6.4824e-07 4.0751e-07 8.3514e-06 8.9449e-06
0.43581 6.6376e-07 3.6436e-07 8.4727e-06 8.8762e-06
0.40237 6.8058e-07 3.1939e-07 8.6096e-06 8.8156e-06
0.37252 6.9924e-07 2.7274e-07 8.4178e-06 8.7644e-06
0.34553 7.1927e-07 2.2417e-07 8.2438e-06 8.7208e-06
0.3214 7.4121e-07 1.7379e-07 8.0884e-06 8.686e-06
0.29957 7.6467e-07 1.2139e-07 7.9488e-06 8.6587e-06
0.27703 7.8403e-07 1.4351e-07 7.8021e-06 8.6056e-06
0.25665 8.0499e-07 1.6297e-07 7.6705e-06 8.56e-06
0.23823 8.2765e-07 1.7979e-07 7.5534e-06 8.5218e-06
0.2216 8.5215e-07 1.9401e-07 7.4502e-06 8.4912e-06
0.20658 8.786e-07 2.0562e-07 7.3603e-06 8.4681e-06
0.19105 9.0075e-07 2.1325e-07 7.2638e-06 8.4373e-06
0.17495 9.1861e-07 2.1689e-07 7.1604e-06 8.3987e-06
0.16062 9.3905e-07 2.1807e-07 7.0721e-06 8.369e-06
0.14773 9.6176e-07 2.1669e-07 6.9968e-06 8.3471e-06
0.13633 9.8764e-07 2.1293e-07 6.9363e-06 8.3349e-06
0.12429 1.0176e-06 2.0692e-07 6.8921e-06 8.334e-06
0.11395 1.0526e-06 1.9879e-07 6.8654e-06 8.3457e-06
0.10285 1.0813e-06 1.8631e-07 6.8279e-06 8.3458e-06
0.090923 1.1036e-06 1.695e-07 6.7797e-06 8.3341e-06
0.080811 1.1316e-06 1.5067e-07 6.7505e-06 8.3365e-06
0.072496 1.1681e-06 1.3035e-07 6.4699e-06 8.3546e-06
0.063464 1.1974e-06 1.7078e-07 6.1676e-06 8.3508e-06
0.053668 1.2198e-06 2.0654e-07 5.843e-06 8.3343e-06
0.045546 1.2494e-06 2.4113e-07 5.5635e-06 8.3342e-06
0.038682 1.2857e-06 2.7438e-07 5.3199e-06 8.3485e-06
0.031168 1.3142e-06 3.0277e-07 5.0553e-06 8.3491e-06
0.024952 1.334e-06 3.3013e-07 4.8288e-06 8.3664e-06
0.019832 1.3615e-06 3.5654e-07 4.636e-06 8.4005e-06
0.014213 1.3973e-06 3.8289e-07 4.4247e-06 8.4557e-06
0.012797 1.4417e-06 4.0427e-07 4.1942e-06 8.4966e-06
0.011631 1.4955e-06 4.2481e-07 3.9972e-06 8.5549e-06
0.010671 1.5594e-06 4.4012e-07 3.7736e-06 8.5978e-06
0.0098827 1.6149e-06 4.5462e-07 3.5822e-06 8.6581e-06
0.0092371 1.555e-06 4.6832e-07 3.4192e-06 8.7363e-06
0.0087107 1.4866e-06 4.8127e-07 3.2812e-06 8.8329e-06
0.0081233 1.409e-06 4.8921e-07 3.129e-06 8.9147e-06
0.007466 1.3219e-06 6.4925e-07 2.9617e-06 8.9528e-06
0.0069164 1.2447e-06 8.1335e-07 2.8167e-06 9.0067e-06
0.0064686 1.1909e-06 9.8516e-07 2.6569e-06 9.0824e-06
0.0060969 1.1444e-06 1.1618e-06 2.5182e-06 9.1745e-06
0.0057902 1.1047e-06 1.3434e-06 2.3983e-06 9.2834e-06
0.0054438 1.0573e-06 1.517e-06 2.2659e-06 9.3772e-06
0.0051644 1.0175e-06 1.6968e-06 2.1533e-06 9.4903e-06
0.0049424 9.8467e-07 1.8833e-06 2.0584e-06 9.6234e-06
0.0049325 9.4501e-07 2.0619e-06 1.9534e-06 9.7421e-06
0.004953 9.1118e-07 2.2463e-06 1.8633e-06 9.879e-06
0.0050095 8.8369e-07 2.4381e-06 1.788e-06 1.0037e-05
0.0050422 8.6216e-07 2.6376e-06 1.7262e-06 1.0217e-05
0.0051109 8.463e-07 2.8454e-06 1.6766e-06 1.0421e-05
0.005156 8.237e-07 3.1437e-06 1.6177e-06 1.0765e-05
0.0051787 7.9447e-07 3.4316e-06 1.5502e-06 1.1089e-05
0.0052358 7.7058e-07 3.7311e-06 1.4943e-06 1.1443e-05
0.0053249 7.5095e-07 3.7596e-06 1.4479e-06 1.1846e-05
0.0053908 7.2498e-07 3.7809e-06 1.521e-06 1.2228e-05
0.0054891 7.0304e-07 3.8055e-06 1.6054e-06 1.2639e-05
0.0056265 6.7491e-07 3.834e-06 1.7038e-06 1.3085e-05
0.0058066 6.5123e-07 3.8678e-06 1.8186e-06 1.3037e-05
0.0060304 6.3115e-07 3.905e-06 1.9489e-06 1.3007e-05
0.0062328 6.0616e-07 3.9362e-06 2.0716e-06 1.2966e-05
0.0064746 5.8375e-07 3.9699e-06 2.2078e-06 1.2939e-05
0.0066956 5.6366e-07 4.0061e-06 2.1772e-06 1.2927e-05
0.0069552 5.4548e-07 4.0443e-06 2.1536e-06 1.2928e-05
0.007252 5.2858e-07 4.084e-06 2.1359e-06 1.2941e-05
0.007529 5.0748e-07 4.1184e-06 2.1136e-06 1.2944e-05
0.0078454 4.8231e-07 4.1477e-06 2.0868e-06 1.2938e-05
0.0081427 4.5307e-07 4.1719e-06 2.0557e-06 1.2924e-05
0.0084826 4.2513e-07 4.1976e-06 2.0305e-06 1.2921e-05
0.0088009 4.9198e-07 4.2181e-06 2.0007e-06 1.2909e-05
0.0090965 5.5384e-07 4.2331e-06 1.9658e-06 1.2886e-05
0.0093701 6.1071e-07 4.2426e-06 1.926e-06 1.2854e-05
0.0096216 6.6255e-07 4.2466e-06 1.8808e-06 1.2812e-05
0.0099188 7.1803e-07 4.2527e-06 1.8428e-06 1.2783e-05
0.010285 7.7876e-07 4.262e-06 1.8133e-06 1.2771e-05
0.010724 8.4562e-07 4.2748e-06 1.7921e-06 1.2776e-05
0.011278 9.214e-07 4.2925e-06 1.6377e-06 1.2802e-05
0.011958 1.0071e-06 4.3152e-06 1.5046e-06 1.2851e-05
0.012774 9.9363e-07 4.3422e-06 1.3884e-06 1.2919e-05
0.012998 9.854e-07 4.3614e-06 1.3614e-06 1.2971e-05
0.013289 9.8229e-07 4.3848e-06 1.3424e-06 1.3042e-05
0.013537 9.7227e-07 4.4006e-06 1.3162e-06 1.3097e-05
0.013744 9.5532e-07 4.4087e-06 1.28e-06 1.3135e-05
0.014025 9.4433e-07 4.4219e-06 1.253e-06 1.3196e-05
0.014384 9.2687e-07 4.4279e-06 1.2193e-06 1.3241e-05
0.014834 9.1447e-07 4.4382e-06 1.1934e-06 1.3307e-05
0.015386 9.0698e-07 4.4527e-06 1.1748e-06 1.3393e-05
0.015426 9.0515e-07 4.4724e-06 1.1643e-06 1.3502e-05
0.015525 9.0812e-07 4.4965e-06 1.1607e-06 1.3633e-05
0.015589 9.0475e-07 4.5133e-06 1.1509e-06 1.3748e-05
0.015714 9.0618e-07 4.5345e-06 1.1479e-06 1.3884e-05
0.015798 9.0084e-07 4.5479e-06 1.1383e-06 1.4003e-05
0.015945 9.3072e-07 4.5694e-06 1.1366e-06 1.3702e-05
0.01605 9.5167e-07 4.5753e-06 1.1284e-06 1.4086e-05
0.016226 9.6564e-07 4.5866e-06 1.1278e-06 1.4507e-05
0.016478 9.8573e-07 4.603e-06 1.1348e-06 1.4969e-05
0.016807 1.0113e-06 4.6239e-06 1.1486e-06 1.547e-05
0.017087 1.0427e-06 4.6493e-06 1.1694e-06 1.6011e-05
0.017449 1.0802e-06 4.6793e-06 1.1976e-06 1.6596e-05
0.017346 1.1242e-06 4.717e-06 1.2336e-06 1.6632e-05
0.017202 1.1605e-06 4.7469e-06 1.2624e-06 1.6649e-05
0.017017 1.1893e-06 4.7691e-06 1.2842e-06 1.6649e-05
0.0098281 7.0744e-07 3.4634e-06 1.1035e-06 1.4978e-05
0.0095104 6.373e-07 3.3574e-06 1.0529e-06 1.4845e-05
0.0092574 5.7391e-07 3.256e-06 8.7445e-07 1.4734e-05
0.0090617 5.1654e-07 3.1591e-06 7.2145e-07 1.4646e-05
0.0088297 4.5185e-07 3.0544e-06 7.2261e-07 1.454e-05
0.008658 3.9373e-07 2.9549e-06 7.2948e-07 1.4458e-05
0.0085405 3.4135e-07 2.8641e-06 7.4219e-07 1.3825e-05
0.0083942 2.94e-07 2.7652e-06 7.611e-07 1.3161e-05
0.0082939 2.5034e-07 2.6703e-06 7.8564e-07 1.2544e-05
0.0081659 2.0091e-07 2.5684e-06 8.0454e-07 1.1899e-05
0.0080056 1.5552e-07 2.4711e-06 7.5452e-07 1.1305e-05
0.0078116 1.1354e-07 2.3781e-06 7.1269e-07 1.0759e-05
0.0076716 7.4379e-08 2.2892e-06 6.7821e-07 1.0256e-05
0.0075001 8.2198e-08 2.1931e-06 6.3738e-07 9.7265e-06
0.0073095 8.656e-08 2.0898e-06 5.9206e-07 9.1707e-06
0.0071714 9.076e-08 1.9906e-06 5.5387e-07 8.6582e-06
0.0070052 9.7254e-08 1.8804e-06 5.2519e-07 8.106e-06
0.0068884 1.0439e-07 1.7744e-06 5.0202e-07 7.5965e-06
0.0067421 1.114e-07 1.6714e-06 4.8322e-07 7.1222e-06
0.0069324 1.1433e-07 1.5723e-06 4.6963e-07 6.6852e-06
0.007174 1.1717e-07 1.4759e-06 4.5983e-07 6.2786e-06
0.0074741 1.1993e-07 1.382e-06 4.5367e-07 5.9003e-06
0.0075722 1.2297e-07 1.281e-06 4.4178e-07 5.5003e-06
0.0077195 1.2632e-07 1.1831e-06 4.3403e-07 5.1308e-06
0.0079149 1.297e-07 1.0874e-06 4.2967e-07 4.7865e-06
0.0081712 1.3347e-07 9.9426e-07 4.3002e-07 4.4685e-06
0.0084977 1.3768e-07 9.0358e-07 4.3461e-07 4.1748e-06
0.0089063 1.4241e-07 8.1509e-07 4.432e-07 3.9037e-06
0.0094123 1.4273e-07 7.6394e-07 4.7947e-07 3.1983e-06
0.0097709 1.4359e-07 7.1352e-07 5.2214e-07 2.5439e-06
0.010209 1.4466e-07 6.6329e-07 5.711e-07 1.9317e-06
0.010597 1.4133e-07 6.0594e-07 6.1359e-07 1.8708e-06
0.011081 1.3853e-07 5.4918e-07 6.6371e-07 1.8166e-06
0.011667 1.359e-07 4.9249e-07 7.2141e-07 1.7677e-06
0.012371 1.3341e-07 4.3574e-07 7.8759e-07 1.724e-06
0.013002 1.2655e-07 3.735e-07 8.4614e-07 1.6712e-06
0.013762 1.1982e-07 3.1116e-07 8.3076e-07 1.6233e-06
0.014444 1.0874e-07 3.4282e-07 8.0928e-07 1.561e-06
0.015264 9.773e-08 3.7339e-07 7.935e-07 1.5037e-06
0.016265 8.6955e-08 4.0322e-07 7.84e-07 1.4521e-06
0.017486 7.6264e-08 4.3238e-07 7.8056e-07 1.4058e-06
0.018969 6.5507e-08 4.6094e-07 7.8319e-07 1.3646e-06
0.020313 5.065e-08 4.8984e-07 7.7113e-07 1.3296e-06
0.021947 3.5635e-08 5.183e-07 7.6512e-07 1.2993e-06
0.023419 4.8414e-08 5.416e-07 7.5325e-07 1.2605e-06
0.024751 5.7278e-08 5.5975e-07 7.3552e-07 1.2135e-06
0.025956 6.2253e-08 5.7276e-07 7.1184e-07 1.158e-06
0.027043 6.3356e-08 5.8064e-07 6.8212e-07 1.0939e-06
0.02727 6.3656e-08 5.8774e-07 6.5795e-07 1.0339e-06
0.027446 9.0362e-08 5.897e-07 6.258e-07 9.6534e-07
0.027718 8.8444e-08 5.9119e-07 5.9989e-07 9.0145e-07
0.027434 8.6096e-08 5.9189e-07 5.7992e-07 8.4098e-07
0.027093 7.9684e-08 5.8746e-07 5.5433e-07 7.7235e-07
0.026694 6.9189e-08 5.779e-07 5.2302e-07 6.9548e-07
0.025194 5.8266e-08 5.6755e-07 4.9667e-07 6.2203e-07
0.023981 4.703e-08 5.5672e-07 4.7551e-07 5.5239e-07
0.023028 3.5324e-08 5.4536e-07 4.5912e-07 4.8612e-07
0.022256 2.3193e-08 5.3345e-07 4.4717e-07 4.2282e-07
0.021635 3.2374e-08 5.2097e-07 4.4323e-07 3.6209e-07
0.020945 4.0639e-08 5.0136e-07 4.3422e-07 4.1044e-07
0.020377 4.7848e-08 4.808e-07 4.2851e-07 4.5987e-07
0.019745 5.1366e-08 4.553e-07 4.1819e-07 5.0248e-07
0.019221 5.378e-08 4.2872e-07 4.1087e-07 5.4603e-07
0.017274 5.53e-08 4.0129e-07 4.0695e-07 5.9129e-07
0.01563 5.5913e-08 3.729e-07 4.0626e-07 6.3841e-07
0.01424 5.5623e-08 3.4349e-07 4.0878e-07 6.8762e-07
0.012749 9.3189e-08 3.0941e-07 4.072e-07 7.3009e-07
0.011486 1.3273e-07 2.7425e-07 4.088e-07 7.7476e-07
0.010397 1.7415e-07 2.3768e-07 4.1306e-07 8.2116e-07
0.0092301 2.1068e-07 1.9652e-07 4.1326e-07 8.6076e-07
0.0082412 2.4987e-07 1.5416e-07 4.1668e-07 9.0289e-07
0.0071763 2.8398e-07 1.0717e-07 4.1593e-07 9.3804e-07
0.0060158 3.1284e-07 1.1922e-07 4.1077e-07 9.6285e-07
0.0050559 3.4499e-07 1.2912e-07 4.0939e-07 9.9083e-07
0.0039971 3.7138e-07 2.2544e-07 4.0323e-07 1.0014e-06
0.0038741 3.921e-07 5.695e-07 4.0997e-07 9.7875e-07
0.0037261 4.0722e-07 9.0227e-07 4.1193e-07 9.483e-07
0.0036156 4.2551e-07 1.2483e-06 4.177e-07 9.2106e-07
0.0034814 4.4662e-07 1.6073e-06 3.8512e-07 8.963e-07
0.0033824 4.6196e-07 1.9812e-06 3.5759e-07 8.7443e-07
0.0032609 4.7161e-07 2.3708e-06 3.3449e-07 8.5528e-07
0.0031183 4.7595e-07 2.7357e-06 3.0675e-07 1.0463e-06
0.0030096 4.8348e-07 3.1158e-06 2.742e-07 1.25e-06
0.0029273 4.9362e-07 3.5098e-06 2.4521e-07 1.4655e-06
0.0028269 4.9849e-07 3.8926e-06 2.1172e-07 1.6695e-06
0.0027546 5.066e-07 4.2915e-06 1.8208e-07 1.8876e-06
0.0027053 5.175e-07 4.7057e-06 1.5526e-07 2.1194e-06
0.0026387 5.3205e-07 5.1384e-06 1.3187e-07 2.3684e-06
0.0025519 5.4072e-07 5.5572e-06 1.0418e-07 2.603e-06
0.0024926 5.532e-07 5.9953e-06 7.9179e-08 2.8558e-06
0.0024552 5.6899e-07 6.4514e-06 5.5981e-08 3.1261e-06
0.0025524 5.7873e-07 6.8923e-06 5.6617e-08 3.3804e-06
0.0026806 5.9254e-07 7.354e-06 5.7375e-08 3.6554e-06
0.0028402 6.0994e-07 7.8352e-06 5.8287e-08 3.9501e-06
0.0029761 6.2118e-07 8.301e-06 5.6128e-08 4.228e-06
0.0031455 6.3605e-07 8.7866e-06 5.3887e-08 4.5263e-06
0.0031538 6.5476e-07 9.2931e-06 5.1528e-08 4.8466e-06
0.00319 6.7825e-07 9.3769e-06 4.9217e-08 5.2179e-06
0.0032512 7.0601e-07 9.4691e-06 4.6695e-08 5.616e-06
0.0033389 7.3834e-07 9.5698e-06 4.3917e-08 6.043e-06
0.0034559 7.756e-07 9.6793e-06 4.0839e-08 6.5009e-06
0.0035523 8.0642e-07 9.7796e-06 3.4913e-08 6.9383e-06
0.0034444 8.4331e-07 9.8902e-06 2.8838e-08 7.4121e-06
0.0034807 8.7358e-07 9.9915e-06 4.3969e-08 7.8645e-06
0.0035431 9.0924e-07 1.0102e-05 5.9648e-08 8.3506e-06
0.0035868 9.3828e-07 1.0203e-05 7.2062e-08 8.8149e-06
0.0036608 9.7379e-07 1.0314e-05 8.544e-08 9.3185e-06
0.0037641 1.0153e-06 1.0435e-05 9.9712e-08 9.8597e-06
0.0038467 1.0643e-06 1.0567e-05 8.8185e-08 1.0446e-05
0.0039642 1.1215e-06 1.071e-05 7.7702e-08 1.1082e-05
0.0050277 1.1707e-06 1.0842e-05 1.037e-07 1.1689e-05
0.0063163 1.2284e-06 1.0986e-05 1.3246e-07 1.2346e-05
0.0075021 1.2786e-06 1.1121e-05 1.5723e-07 1.2977e-05
0.0085975 1.3217e-06 1.1246e-05 1.7821e-07 1.3583e-05
0.0098907 1.3721e-06 1.1381e-05 2.0136e-07 1.4234e-05
0.011087 1.4154e-06 1.1506e-05 2.2066e-07 1.486e-05
0.012191 1.4515e-06 1.1623e-05 2.3617e-07 1.546e-05
0.013505 1.4953e-06 1.175e-05 2.0866e-07 1.6109e-05
0.01507 1.5475e-06 1.1887e-05 1.8402e-07 1.6808e-05
0.016518 1.5923e-06 1.2016e-05 1.5542e-07 1.748e-05
0.020169 1.6294e-06 1.2158e-05 1.7654e-07 1.8215e-05
0.024568 1.6758e-06 1.2312e-05 2.0049e-07 1.9013e-05
0.029875 1.7321e-06 1.2479e-05 2.2779e-07 1.9878e-05
0.036281 1.7992e-06 1.2658e-05 2.5898e-07 2.0816e-05
0.042178 1.8854e-06 1.2852e-05 2.9473e-07 2.1834e-05
0.049313 1.8534e-06 1.306e-05 2.8586e-07 2.2938e-05
0.05164 1.831e-06 1.3282e-05 2.7992e-07 2.4135e-05
0.052288 1.8168e-06 1.3518e-05 2.763e-07 2.5422e-05
0.053118 1.8118e-06 1.3769e-05 2.7541e-07 2.6816e-05
0.054138 1.8582e-06 1.4035e-05 2.7675e-07 2.8315e-05
0.055048 1.8956e-06 1.4288e-05 2.7384e-07 2.9753e-05
0.055865 1.925e-06 1.4529e-05 2.6689e-07 3.1138e-05
0.056911 1.9645e-06 1.4787e-05 2.6266e-07 3.264e-05
0.063944 1.995e-06 1.5059e-05 2.606e-07 3.4255e-05
0.0723 2.0173e-06 1.5347e-05 2.607e-07 3.5992e-05
0.075021 2.0485e-06 1.5659e-05 2.6295e-07 3.644e-05
0.077515 2.0738e-06 1.5957e-05 2.6192e-07 3.6857e-05
0.080536 2.1092e-06 1.6273e-05 2.6336e-07 3.7325e-05
0.083287 2.155e-06 1.6608e-05 2.6792e-07 3.7846e-05
0.085858 2.1936e-06 1.6932e-05 2.7437e-07 3.8342e-05
0.088773 2.2386e-06 1.7267e-05 2.8194e-07 3.8875e-05
0.091559 2.2776e-06 1.7594e-05 2.8641e-07 3.939e-05
0.094718 2.3233e-06 1.7933e-05 2.9206e-07 3.9942e-05
0.098298 2.3758e-06 1.8284e-05 2.9892e-07 4.0532e-05
0.10242 2.4354e-06 1.8649e-05 3.0706e-07 4.1162e-05
0.10637 2.4891e-06 1.9004e-05 3.1212e-07 4.1774e-05
0.11085 2.5503e-06 1.9373e-05 3.1852e-07 4.2428e-05
0.11513 2.6052e-06 1.9733e-05 3.2173e-07 4.3062e-05
0.12001 2.6683e-06 2.0108e-05 3.2648e-07 4.3741e-05
0.12563 2.7408e-06 2.0498e-05 3.3304e-07 4.447e-05
0.13086 2.8045e-06 2.0913e-05 3.3427e-07 4.527e-05
0.13575 2.8597e-06 2.1315e-05 3.3166e-07 4.604e-05
0.14146 2.926e-06 2.1737e-05 3.3136e-07 4.6871e-05
0.14818 3.0043e-06 2.2179e-05 3.3346e-07 4.7771e-05
0.1546 3.0728e-06 2.2607e-05 3.3147e-07 4.8633e-05
0.15651 3.1542e-06 2.3057e-05 3.32e-07 4.9567e-05
0.15825 3.2255e-06 2.3492e-05 3.2841e-07 5.0463e-05
0.16044 3.3122e-06 2.3952e-05 3.2792e-07 5.1443e-05
0.16241 3.9021e-06 2.444e-05 3.3059e-07 5.2515e-05
0.16485 4.5651e-06 2.4956e-05 3.3649e-07 5.3687e-05
0.16704 5.1887e-06 2.5453e-05 3.3786e-07 5.4806e-05
0.16902 5.7748e-06 2.5933e-05 3.3468e-07 5.5873e-05
0.17147 5.9273e-06 2.6441e-05 3.3544e-07 5.7039e-05
0.17367 7.1792e-06 2.693e-05 3.3168e-07 5.8152e-05
0.17568 8.3674e-06 2.7403e-05 3.2366e-07 5.9219e-05
0.1775 9.495e-06 2.786e-05 3.1136e-07 6.0241e-05
0.17976 1.0764e-05 2.8344e-05 3.0233e-07 6.136e-05
0.18254 1.2191e-05 2.8876e-05 2.9637e-07 6.1437e-05
0.18318 1.3798e-05 2.9445e-05 2.9405e-07 6.0567e-05
0.18407 1.5616e-05 3.0046e-05 2.9461e-07 5.978e-05
0.18475 1.7343e-05 3.0193e-05 3.0072e-07 5.9501e-05
0.19113 1.8973e-05 3.0324e-05 3.0243e-07 5.9188e-05
0.19694 2.0511e-05 3.0442e-05 2.9856e-07 5.8843e-05
0.20385 2.2222e-05 3.0577e-05 2.9713e-07 5.8549e-05
0.20968 2.2725e-05 3.073e-05 2.9813e-07 5.8305e-05
0.215 2.3193e-05 3.0869e-05 2.948e-07 5.803e-05
0.22143 2.3729e-05 3.1028e-05 2.9431e-07 5.7808e-05
0.22335 2.3765e-05 3.1206e-05 2.9616e-07 5.7634e-05
0.22509 2.378e-05 3.1369e-05 2.9386e-07 5.7431e-05
0.22718 2.3828e-05 3.155e-05 2.9366e-07 5.7272e-05
0.22908 2.3856e-05 3.1717e-05 2.8939e-07 5.7085e-05
0.23141 2.3921e-05 3.1904e-05 2.8762e-07 5.6947e-05
0.23355 2.4052e-05 3.2078e-05 2.8271e-07 5.6784e-05
0.23609 2.4162e-05 3.227e-05 2.7976e-07 5.6663e-05
0.23847 2.4254e-05 3.245e-05 2.7319e-07 5.652e-05
0.24123 2.4379e-05 3.2646e-05 2.6833e-07 5.6416e-05
0.24387 2.4489e-05 3.2832e-05 2.6019e-07 5.6294e-05
0.24686 2.4628e-05 3.3032e-05 2.5328e-07 5.6206e-05
0.25024 2.4798e-05 3.3247e-05 2.4757e-07 5.6152e-05
0.25063 2.5e-05 3.3477e-05 2.4304e-07 5.6132e-05
0.25095 2.5184e-05 3.3696e-05 2.3508e-07 5.6092e-05
0.25143 2.5401e-05 3.393e-05 2.2828e-07 5.6087e-05
0.24997 2.5599e-05 3.4182e-05 2.2297e-07 5.6122e-05
0.24875 2.5836e-05 3.4453e-05 2.1908e-07 5.6195e-05
0.24776 2.6115e-05 3.4743e-05 2.166e-07 5.631e-05
0.24662 2.6373e-05 3.502e-05 2.1548e-07 5.6403e-05
0.24568 2.6671e-05 3.5315e-05 2.155e-07 5.6533e-05
0.24466 2.6947e-05 3.5597e-05 2.1203e-07 5.664e-05
0.24353 2.7201e-05 3.5866e-05 2.0501e-07 5.6725e-05
0.24229 2.7432e-05 3.6156e-05 2.6795e-07 5.6851e-05
0.24093 2.7642e-05 3.6433e-05 3.2545e-07 5.6955e-05
0.23994 2.7828e-05 3.6697e-05 3.7763e-07 5.7036e-05
0.23914 2.8049e-05 3.6978e-05 4.3465e-07 5.7152e-05
0.23827 2.8254e-05 3.7248e-05 4.8714e-07 5.725e-05
0.23758 2.8492e-05 3.7535e-05 5.2618e-07 5.7382e-05
0.23705 2.8764e-05 3.7837e-05 5.6893e-07 5.7547e-05
0.23646 2.9021e-05 3.8129e-05 6.0761e-07 5.7695e-05
0.23581 2.9262e-05 3.8411e-05 6.4227e-07 5.7826e-05
0.23532 2.9538e-05 3.8709e-05 6.807e-07 5.7991e-05
0.23497 2.9849e-05 3.9023e-05 7.2334e-07 5.8189e-05
0.2348 3.0205e-05 3.9358e-05 7.7154e-07 5.8428e-05
0.2348 3.0609e-05 3.9713e-05 8.2614e-07 5.8709e-05
0.23472 3.0989e-05 4.0056e-05 8.7561e-07 5.897e-05
0.23228 3.1415e-05 4.0418e-05 9.3113e-07 5.9269e-05
0.2297 3.1822e-05 4.0769e-05 9.8174e-07 5.955e-05
0.22746 3.2274e-05 4.1139e-05 1.0384e-06 5.9869e-05
0.22549 3.2012e-05 4.1526e-05 1.1007e-06 6.0222e-05
0.22342 3.1735e-05 4.1902e-05 1.1582e-06 6.0558e-05
0.22126 3.1444e-05 4.2268e-05 1.2113e-06 6.0878e-05
0.21071 3.1186e-05 4.2651e-05 1.2701e-06 6.1232e-05
0.19978 3.0915e-05 4.3025e-05 1.3244e-06 6.157e-05
0.18846 3.063e-05 4.3389e-05 1.3743e-06 6.1892e-05
0.17845 3.0381e-05 4.3772e-05 1.4309e-06 6.2253e-05
0.16801 3.0117e-05 4.4144e-05 1.5019e-06 6.2595e-05
0.15869 2.9885e-05 4.4533e-05 1.5806e-06 6.2974e-05
0.14892 2.9637e-05 4.491e-05 1.6699e-06 6.3332e-05
0.13869 2.9372e-05 4.5276e-05 1.7532e-06 6.367e-05
0.12973 2.9145e-05 4.5662e-05 1.8469e-06 6.405e-05
0.12859 2.8893e-05 4.6081e-05 1.9319e-06 6.4491e-05
0.1246 2.8693e-05 4.6547e-05 1.9049e-06 6.4039e-05
0.12125 2.8469e-05 4.7043e-05 1.8873e-06 6.3643e-05
0.11849 2.8219e-05 4.7568e-05 1.8801e-06 6.33e-05
0.11623 2.8019e-05 4.8129e-05 1.8831e-06 6.3016e-05
0.11439 2.7867e-05 4.8726e-05 1.8963e-06 6.2787e-05
0.10845 2.7692e-05 4.9357e-05 1.919e-06 6.2607e-05
0.10195 2.749e-05 4.9967e-05 1.9343e-06 6.24e-05
0.09653 2.7335e-05 5.0614e-05 1.9359e-06 6.2245e-05
0.091991 2.7221e-05 5.1299e-05 1.9473e-06 6.214e-05
0.088177 2.6362e-05 5.2022e-05 1.9685e-06 6.2083e-05
0.084053 2.5593e-05 5.2793e-05 1.9821e-06 6.2082e-05
0.079699 2.4795e-05 5.3549e-05 1.9903e-06 6.2061e-05
0.075161 2.3974e-05 5.4293e-05 1.9939e-06 6.2026e-05
0.071109 2.3212e-05 5.5062e-05 2.0032e-06 6.202e-05
0.06688 2.2427e-05 5.5818e-05 2.0077e-06 6.1999e-05
0.063084 2.1695e-05 5.6599e-05 2.0187e-06 6.2007e-05
0.059167 2.0946e-05 5.7369e-05 2.0258e-06 6.2002e-05
0.055627 2.0246e-05 5.8163e-05 2.0377e-06 6.2024e-05
0.05198 1.953e-05 5.8947e-05 2.0459e-06 6.2034e-05
0.048223 1.8799e-05 5.9721e-05 2.0503e-06 6.2033e-05
0.044824 1.8114e-05 6.0519e-05 2.0595e-06 6.2058e-05
0.041783 1.7477e-05 6.1343e-05 2.0744e-06 6.2113e-05
0.039033 1.6881e-05 6.2192e-05 2.0943e-06 6.2194e-05
0.036574 1.6327e-05 6.3068e-05 2.1202e-06 6.2306e-05
0.034351 1.576e-05 6.2708e-05 2.1513e-06 6.2476e-05
0.032365 1.5234e-05 6.2367e-05 2.1887e-06 6.2677e-05
0.03057 1.4742e-05 6.2041e-05 2.2318e-06 6.2906e-05
0.028968 1.4285e-05 6.1733e-05 2.2817e-06 6.3166e-05
0.027539 1.3863e-05 6.1443e-05 2.1521e-06 6.3459e-05
0.02625 1.3429e-05 6.1169e-05 2.033e-06 6.3782e-05
0.024918 1.2984e-05 6.0887e-05 1.9089e-06 6.4093e-05
0.023716 1.2569e-05 6.062e-05 1.794e-06 6.4433e-05
0.022469 1.2142e-05 6.0344e-05 1.6739e-06 6.4759e-05
0.021357 1.1746e-05 6.0086e-05 1.5636e-06 6.512e-05
0.020356 1.1376e-05 5.9842e-05 1.4614e-06 6.5512e-05
0.019456 1.1032e-05 5.9614e-05 1.3667e-06 6.5936e-05
0.018522 1.0677e-05 5.9378e-05 1.2674e-06 6.6347e-05
0.01755 1.0312e-05 5.9133e-05 1.1635e-06 6.6743e-05
0.016697 9.977e-06 5.8907e-05 1.0686e-06 6.718e-05
0.015652 9.6269e-06 5.8668e-05 9.6707e-07 6.7594e-05
0.014739 9.3069e-06 5.8449e-05 8.7468e-07 6.8051e-05
0.013762 8.9702e-06 5.8217e-05 7.755e-07 6.8484e-05
0.012934 8.6692e-06 5.8009e-05 6.8723e-07 6.8971e-05
0.012866 8.4075e-06 5.6853e-05 5.8324e-07 6.9679e-05
0.012857 8.1815e-06 5.5756e-05 4.9264e-07 7.0468e-05
0.012906 7.9882e-06 5.4618e-05 4.1362e-07 7.1207e-05
0.013009 7.8217e-06 5.3534e-05 3.4346e-07 7.2021e-05
0.01277 7.6371e-06 5.2517e-05 3.3034e-07 7.2935e-05
0.0126 7.4814e-06 5.1553e-05 3.2065e-07 7.3942e-05
0.012493 7.3069e-06 5.0641e-05 3.1419e-07 7.505e-05
0.012445 7.16e-06 4.9672e-05 2.5726e-07 7.6073e-05
0.012363 6.9964e-06 4.877e-05 1.9373e-07 7.7217e-05
0.01218 6.8593e-06 4.7916e-05 1.3751e-07 7.8472e-05
0.011372 6.7443e-06 4.7103e-05 8.6728e-08 7.9832e-05
0.010476 6.6138e-06 4.6264e-05 8.7841e-08 8.1131e-05
0.009496 6.4689e-06 4.5401e-05 8.5794e-08 8.2376e-05
0.0086894 6.3486e-06 4.4584e-05 8.4369e-08 8.3739e-05
0.0077485 6.2142e-06 4.3815e-05 1.0818e-07 8.5232e-05
0.0069736 6.1034e-06 4.3088e-05 1.346e-07 8.686e-05
0.0069672 5.9791e-06 4.2339e-05 1.5695e-07 8.8425e-05
0.0069366 5.8456e-06 4.1568e-05 1.7529e-07 8.9929e-05
0.0069479 5.7326e-06 4.0759e-05 1.9593e-07 9.1345e-05
0.006997 5.6395e-06 3.9996e-05 2.1919e-07 9.1363e-05
0.0070799 5.563e-06 3.9267e-05 2.4494e-07 9.1433e-05
0.0067826 5.5015e-06 3.857e-05 2.7332e-07 9.1554e-05
0.0064609 5.431e-06 3.7909e-05 2.9796e-07 9.1732e-05
0.0061846 5.3734e-06 3.7275e-05 3.2492e-07 9.1956e-05
0.005948 5.328e-06 3.6664e-05 3.5439e-07 9.2227e-05
0.0057469 5.2942e-06 3.6078e-05 3.8664e-07 9.2546e-05
0.0055284 5.253e-06 3.548e-05 4.154e-07 9.2845e-05
0.0053427 5.223e-06 3.4905e-05 4.4706e-07 9.3191e-05
0.0051867 5.204e-06 3.4353e-05 4.8192e-07 9.3586e-05
0.0050579 5.1959e-06 3.3821e-05 5.2032e-07 9.403e-05
0.0049543 5.1985e-06 3.331e-05 5.6263e-07 9.4524e-05
0.0048717 5.2106e-06 3.2817e-05 6.0868e-07 9.5066e-05
0.0048097 5.0478e-06 3.2342e-05 6.5917e-07 9.5657e-05
0.004767 4.8983e-06 3.1884e-05 7.1409e-07 9.6298e-05
0.0047031 4.7407e-06 3.1415e-05 7.6463e-07 9.6916e-05
0.0046273 4.5754e-06 3.0937e-05 8.1115e-07 9.7513e-05
0.0045714 4.4237e-06 3.0476e-05 8.623e-07 9.8162e-05
0.0045346 4.2848e-06 3.0031e-05 9.1846e-07 9.8862e-05
0.004516 4.1575e-06 2.9602e-05 9.7986e-07 9.9614e-05
0.0044868 4.0237e-06 2.9164e-05 1.0372e-06 0.00010035
0.0044751 3.9009e-06 2.8741e-05 1.1e-06 0.00010113
0.0044531 3.7718e-06 2.8311e-05 1.1588e-06 0.0001019
0.0044213 3.6368e-06 2.7872e-05 1.2138e-06 0.00010265
0.0043798 3.4957e-06 2.7427e-05 1.265e-06 0.00010338
0.0043581 3.3655e-06 2.6996e-05 1.1872e-06 0.00010417
0.0043516 3.2444e-06 2.6577e-05 1.1151e-06 0.000105
0.0043601 3.1317e-06 2.6171e-05 1.0483e-06 0.00010589
0.0043583 3.0131e-06 2.5757e-05 9.7735e-07 0.00010676
0.0043738 2.9038e-06 2.5357e-05 9.1221e-07 0.00010768
0.0044072 2.8024e-06 2.4971e-05 8.7134e-07 0.00010866
0.00443 2.6952e-06 2.4577e-05 8.2674e-07 0.00010963
0.0044706 2.5965e-06 2.4196e-05 7.862e-07 0.00011065
0.0045272 2.5048e-06 2.3827e-05 7.4888e-07 0.00011173
0.0046003 2.4197e-06 2.3468e-05 7.1455e-07 0.00011288
0.0046933 2.3419e-06 2.3122e-05 6.8352e-07 0.00011408
0.0048048 2.2705e-06 2.2787e-05 6.5512e-07 0.00011536
0.0049045 2.1937e-06 2.2444e-05 6.2983e-07 0.00011661
0.0050237 2.1228e-06 2.2111e-05 6.0686e-07 0.00011792
0.0051313 2.0466e-06 2.1771e-05 5.8064e-07 0.00011921
0.0052634 1.9775e-06 2.1444e-05 5.5731e-07 0.00012058
0.0054226 1.9151e-06 2.113e-05 5.3682e-07 0.00012203
0.0056106 1.859e-06 2.1069e-05 5.1921e-07 0.00012217
0.0057816 1.7969e-06 2.1001e-05 4.9794e-07 0.00012229
0.0059853 1.7414e-06 2.0943e-05 4.7939e-07 0.00012245
0.0062252 1.6921e-06 2.0894e-05 4.6338e-07 0.00012267
0.0065013 1.648e-06 2.0854e-05 4.4937e-07 0.00012293
0.0068244 1.6098e-06 2.0822e-05 4.3737e-07 0.00012325
0.0071257 1.5661e-06 2.0783e-05 4.2196e-07 0.00012354
0.0074793 1.5283e-06 2.0754e-05 4.0901e-07 0.00012389
0.0078041 1.4843e-06 2.0716e-05 3.9224e-07 0.00012421
0.0081916 1.4333e-06 2.069e-05 3.7831e-07 0.0001246
0.008534 1.3914e-06 2.1149e-05 3.7217e-07 0.00012454
0.0088374 1.3237e-06 2.1585e-05 3.8972e-07 0.00012443
0.0087978 1.2658e-06 2.2047e-05 4.1156e-07 0.0001244
0.0088058 1.2175e-06 2.2533e-05 4.3813e-07 0.00012444
0.008862 1.1608e-06 2.3003e-05 4.5977e-07 0.00012444
0.0089682 1.1534e-06 2.2956e-05 4.2929e-07 0.00012458
0.0091261 1.1524e-06 2.2925e-05 4.037e-07 0.0001248
0.0093404 1.1577e-06 2.2909e-05 3.8243e-07 0.0001251
0.0096181 1.1693e-06 2.2908e-05 3.6507e-07 0.00012548
0.0099603 1.1865e-06 2.2921e-05 3.5074e-07 0.00012592
0.010262 1.1967e-06 2.2922e-05 3.3185e-07 0.00012633
0.010527 1.2002e-06 2.2911e-05 3.086e-07 0.00012669
0.010758 1.4747e-06 2.289e-05 2.808e-07 0.00012702
0.011061 1.542e-06 2.2884e-05 1.7204e-07 0.00012743
0.012323 1.6033e-06 2.2867e-05 1.6137e-07 0.0001278
0.013472 1.6511e-06 2.3043e-05 1.4696e-07 0.0001273
0.014524 1.6909e-06 2.3207e-05 1.2878e-07 0.00012675
0.015801 1.7405e-06 2.3388e-05 1.1261e-07 0.00012629
0.017313 1.799e-06 2.3585e-05 9.7686e-08 0.00012591
0.018692 1.8487e-06 2.3769e-05 7.9097e-08 0.00012548
0.01996 1.8905e-06 2.3942e-05 9.6813e-08 0.00012501
0.021127 1.9244e-06 2.4102e-05 1.1109e-07 0.00012451
0.022537 1.9681e-06 2.428e-05 1.2686e-07 0.00012409
0.024236 2.0032e-06 2.4476e-05 1.4444e-07 0.00012374
0.026284 2.0483e-06 2.469e-05 1.6413e-07 0.00012347
0.028751 2.1041e-06 2.4922e-05 1.8633e-07 0.00012328
0.031021 2.1699e-06 2.5172e-05 2.1104e-07 0.00012315
0.033096 2.2265e-06 2.5409e-05 2.3146e-07 0.00012299
0.034994 2.2741e-06 2.5632e-05 2.4766e-07 0.00012279
0.036729 2.3128e-06 2.5842e-05 2.5972e-07 0.00012255
0.038312 2.3427e-06 2.6038e-05 2.6765e-07 0.00012226
0.039749 2.3635e-06 2.622e-05 2.7138e-07 0.00012196
0.041813 2.3757e-06 2.6429e-05 2.7768e-07 0.00012176
0.044322 2.3989e-06 2.6658e-05 2.8688e-07 0.00012164
0.046624 2.4136e-06 2.6874e-05 2.9198e-07 0.00012148
0.047276 2.438e-06 2.7359e-05 2.9953e-07 0.00012035
0.047846 2.4531e-06 2.7827e-05 3.027e-07 0.00011915
0.048564 2.478e-06 2.832e-05 3.0835e-07 0.00011806
0.049194 2.4936e-06 2.8794e-05 3.096e-07 0.00011691
0.049777 2.5004e-06 2.9248e-05 3.1646e-07 0.00011569
0.050513 2.5172e-06 2.9728e-05 3.26e-07 0.00011458
0.051428 2.5439e-06 3.0176e-05 3.3837e-07 0.00011338
0.052256 2.5623e-06 3.0609e-05 3.4656e-07 0.00011213
0.053304 2.5903e-06 3.1066e-05 3.5745e-07 0.00011098
0.054249 2.6093e-06 3.1506e-05 3.6394e-07 0.00010977
0.055109 2.6201e-06 3.1931e-05 3.6634e-07 0.00010852
0.056149 2.6403e-06 3.2379e-05 3.7133e-07 0.00010736
0.057088 2.6516e-06 3.2863e-05 3.7196e-07 0.00010633
0.057933 2.6541e-06 3.3329e-05 3.6823e-07 0.00010524
0.058981 2.6675e-06 3.3823e-05 3.6765e-07 0.00010426
0.060288 2.6718e-06 3.4344e-05 3.6983e-07 0.00010336
0.061469 2.6669e-06 3.4846e-05 3.6752e-07 0.00010242
0.062532 2.6527e-06 3.533e-05 3.607e-07 0.00010142
0.06259 2.6501e-06 3.5845e-05 3.5729e-07 0.00010052
0.06278 2.659e-06 3.6393e-05 3.4936e-07 9.9714e-05
0.063108 2.6796e-06 3.6975e-05 3.4481e-07 9.8999e-05
0.063586 2.7122e-06 3.7532e-05 3.4355e-07 9.8232e-05
0.064214 2.7557e-06 3.8118e-05 3.4503e-07 9.7543e-05
0.064754 2.7893e-06 3.8684e-05 3.4198e-07 9.6808e-05
0.065218 2.8341e-06 3.9281e-05 3.4169e-07 9.6151e-05
0.065601 3.2536e-06 3.991e-05 3.4415e-07 9.5568e-05
0.066125 3.7194e-06 4.0573e-05 3.4938e-07 9.5055e-05
0.066567 4.1564e-06 4.1213e-05 3.5007e-07 9.4501e-05
0.067157 4.642e-06 4.1886e-05 3.5354e-07 9.4015e-05
0.06766 5.0977e-06 4.2537e-05 3.5246e-07 9.3488e-05
0.067307 5.6047e-06 4.3223e-05 3.5419e-07 9.303e-05
0.067098 6.1689e-06 4.3945e-05 3.588e-07 9.2637e-05
0.066823 6.702e-06 4.4645e-05 3.591e-07 9.2208e-05
0.065303 7.3031e-06 4.5324e-05 3.5509e-07 9.1743e-05
0.064042 7.9716e-06 4.6038e-05 3.5388e-07 9.1343e-05
0.062643 8.6005e-06 4.673e-05 3.4815e-07 9.0904e-05
0.061111 9.1954e-06 4.7467e-05 3.3813e-07 9.0539e-05
0.059434 9.7577e-06 4.8183e-05 3.238e-07 9.014e-05
0.057602 1.0288e-05 4.8878e-05 3.0511e-07 8.9705e-05
0.053629 1.0889e-05 4.9615e-05 2.8994e-07 8.9342e-05
0.052882 1.1568e-05 5.0314e-05 2.8033e-07 8.8927e-05
0.052291 1.2325e-05 5.1051e-05 2.7314e-07 8.8576e-05
0.051622 1.3041e-05 5.1766e-05 2.6187e-07 8.819e-05
0.051115 1.3849e-05 5.2524e-05 2.5388e-07 8.7873e-05
0.050535 1.4614e-05 5.3246e-05 2.4186e-07 8.9674e-05
0.050106 1.5477e-05 5.4035e-05 2.3252e-07 8.9992e-05
0.049799 1.6289e-05 5.4864e-05 2.261e-07 9.0373e-05
0.049646 1.7057e-05 5.575e-05 2.1496e-07 9.083e-05
0.049598 1.7782e-05 5.668e-05 2.0632e-07 9.1354e-05
0.049489 1.8462e-05 5.7582e-05 1.9251e-07 9.1838e-05
0.049495 1.9232e-05 5.8535e-05 1.8124e-07 9.2397e-05
0.049441 1.9955e-05 5.9459e-05 2.3058e-07 9.2915e-05
0.049325 2.0633e-05 6.0356e-05 2.7423e-07 9.3392e-05
0.049147 2.1269e-05 6.1224e-05 3.1239e-07 9.3829e-05
0.049086 2.199e-05 6.2143e-05 3.5617e-07 9.434e-05
0.049162 2.2108e-05 6.3114e-05 4.064e-07 9.493e-05
0.049339 2.2262e-05 6.4133e-05 4.6284e-07 9.5591e-05
0.049618 2.2451e-05 6.5204e-05 5.2604e-07 9.6331e-05
0.049854 2.2624e-05 6.6255e-05 5.8406e-07 9.704e-05
0.050057 2.2784e-05 6.7289e-05 6.3771e-07 9.7726e-05
0.050229 2.2931e-05 6.8308e-05 6.8718e-07 9.839e-05
0.050475 2.3105e-05 6.9362e-05 7.4116e-07 9.9106e-05
0.050687 2.3265e-05 7.0399e-05 7.9061e-07 9.9797e-05
0.050975 2.3452e-05 7.1472e-05 8.4495e-07 0.00010054
0.051225 2.3624e-05 7.2526e-05 8.9433e-07 0.00010126
0.051569 2.383e-05 7.3624e-05 9.5029e-07 0.00010205
0.050998 2.4076e-05 7.4774e-05 1.0145e-06 0.00010291
0.050559 2.4297e-05 7.5982e-05 1.0888e-06 0.00010386
0.050237 2.456e-05 7.7247e-05 1.1738e-06 0.0001049
0.049851 2.4798e-05 7.848e-05 1.7368e-06 0.0001059
0.049596 2.5088e-05 7.9643e-05 1.931e-06 0.00010681
0.049273 2.5349e-05 8.0875e-05 2.162e-06 0.00010782
0.047781 2.5657e-05 8.217e-05 2.4248e-06 0.00010893
0.046573 2.6023e-05 8.3535e-05 2.7282e-06 0.00011016
0.0456 2.6451e-05 8.4975e-05 3.0782e-06 0.00011151
0.044825 2.6948e-05 8.6331e-05 3.4821e-06 0.00011276
0.043962 2.7411e-05 8.7653e-05 3.8597e-06 0.00011395
0.042995 2.7364e-05 8.8932e-05 4.0983e-06 0.00011507
0.042224 2.736e-05 9.0282e-05 4.3757e-06 0.00011631
0.041621 2.74e-05 9.1631e-05 4.6978e-06 0.00011755
0.041164 2.748e-05 9.2977e-05 5.1824e-06 0.00011878
0.040836 2.7605e-05 9.4321e-05 5.7419e-06 0.00012002
0.039554 2.7777e-05 9.574e-05 6.3885e-06 0.00012138
0.03929 2.7925e-05 9.723e-05 7.168e-06 0.00012286
0.039127 2.8116e-05 9.8793e-05 8.0553e-06 0.00012447
0.038881 2.8284e-05 0.00010032 8.8884e-06 0.00012601
0.038579 2.8427e-05 0.00010192 9.8362e-06 0.00012769
0.038379 2.8614e-05 0.0001036 1.0914e-05 0.0001295
0.038125 2.8776e-05 0.00010536 1.2142e-05 0.00013147
0.037815 2.8914e-05 0.00010707 1.3296e-05 0.00013336
0.037618 2.9101e-05 0.00010888 1.4627e-05 0.00013543
0.038806 2.9261e-05 0.00011064 1.629e-05 0.0001374
0.040263 2.9471e-05 0.0001123 1.8215e-05 0.00013923
0.042043 2.9734e-05 0.00011406 2.0434e-05 0.00014126
0.04425 3.0047e-05 0.00011574 2.1174e-05 0.00014317
0.046882 3.0415e-05 0.00011751 2.202e-05 0.00014524
0.049271 3.075e-05 0.00011923 2.2807e-05 0.00014722
0.04996 3.1147e-05 0.00012095 2.3802e-05 0.0001492
0.05057 3.1613e-05 0.00012266 2.4734e-05 0.00015118
0.051356 3.2153e-05 0.00012438 2.5814e-05 0.00015315
0.052057 3.2776e-05 0.00012609 2.7064e-05 0.00015513
0.052929 3.348e-05 0.0001278 2.7747e-05 0.0001571
0.053998 3.4137e-05 0.00012951 2.8369e-05 0.00015907
0.054952 3.4749e-05 0.00013122 2.9126e-05 0.00016103
0.055799 3.5451e-05 0.00013293 2.9511e-05 0.000163
0.056861 3.6252e-05 0.00013463 2.9969e-05 0.00016496
0.057813 3.7162e-05 0.00013633 3.039e-05 0.00016693
0.058989 3.8189e-05 0.00013803 3.0887e-05 0.00016888
0.060052 3.9158e-05 0.00013973 3.149e-05 0.00017084
0.061352 4.0249e-05 0.00014143 3.2238e-05 0.0001728
0.062927 4.1472e-05 0.00014313 3.3099e-05 0.00017475
