Aeorestes_cinereus Artibeus_jamaicensis Desmodus_rotundus Eptesicus_fuscus Hipposideros_armiger
0.89922 0.00030516 8.9999e-06 0.00021322 2.8423e-05
0.90022 0.00029747 7.772e-06 0.00021105 2.7172e-05
0.90134 0.00029031 6.6289e-06 0.00020898 2.6057e-05
0.9024 0.00028287 5.4404e-06 0.00020685 2.4872e-05
0.90339 0.00027467 4.9891e-06 0.00020467 2.3829e-05
0.91004 0.00026612 4.994e-06 0.00020242 2.2718e-05
0.91628 0.00025719 4.9893e-06 0.00020011 2.1741e-05
0.92213 0.00024787 4.9752e-06 0.00019774 2.0692e-05
0.92763 0.0002382 4.9523e-06 0.0001953 2.0534e-05
0.93279 0.00022816 4.9205e-06 0.00019279 2.0351e-05
0.93764 0.00021768 4.8791e-06 0.00019022 2.0236e-05
0.94219 0.00020677 4.828e-06 0.00018757 2.0095e-05
0.94649 0.00019544 4.7678e-06 0.00018486 1.9929e-05
0.95055 0.00018369 4.6985e-06 0.00018209 1.9813e-05
0.95436 0.00017148 4.6199e-06 0.00017924 1.9672e-05
0.95794 0.00015876 4.5311e-06 0.00017631 1.9503e-05
0.96131 0.00014552 4.4319e-06 0.00017331 1.9383e-05
0.96446 0.00013173 4.3223e-06 0.00017023 1.9237e-05
0.96744 0.00011737 4.2021e-06 0.00016708 1.9065e-05
0.97081 0.00010246 4.0689e-06 0.00016407 1.827e-05
0.97462 8.8627e-05 3.9488e-06 0.0001612 1.7573e-05
0.97822 7.4287e-05 3.819e-06 0.00015826 1.6828e-05
0.98159 5.936e-05 3.6782e-06 0.00015525 1.5998e-05
0.98478 5.6919e-05 3.5262e-06 0.00015216 1.5113e-05
0.9878 5.7509e-05 3.3627e-06 0.000149 1.4169e-05
0.98878 5.8198e-05 3.2133e-06 0.00014599 1.3339e-05
0.98989 5.899e-05 3.0769e-06 0.00014311 1.2609e-05
0.99094 5.9702e-05 2.9298e-06 0.00014016 1.1973e-05
0.99191 6.0335e-05 2.7717e-06 0.00013713 1.1287e-05
0.99284 6.0898e-05 2.6034e-06 0.00013403 1.0555e-05
0.99371 6.139e-05 2.4237e-06 0.00013085 9.9276e-06
0.994 6.0802e-05 2.3129e-06 0.00012799 9.2978e-06
0.99434 6.0325e-05 1.9224e-06 0.00012525 8.6658e-06
0.99445 5.9734e-05 1.8609e-06 0.00012268 8.0315e-06
0.99457 5.9241e-05 1.8061e-06 0.00012022 7.395e-06
0.99469 5.8844e-05 1.7578e-06 0.0001177 6.7563e-06
0.9948 5.7359e-05 1.7822e-06 0.00011511 6.1153e-06
0.99492 5.5196e-05 1.7753e-06 0.00011265 5.5583e-06
0.99507 5.3216e-05 1.7737e-06 0.0001103 5.0674e-06
0.99523 5.1412e-05 1.7782e-06 0.00010807 4.6413e-06
0.99543 4.9754e-05 1.788e-06 0.00010594 4.2663e-06
0.99561 4.7997e-05 1.791e-06 0.00010375 3.8611e-06
0.99577 4.6146e-05 1.7876e-06 0.00010138 3.4273e-06
0.99593 4.4463e-05 1.7907e-06 9.8939e-05 3.05e-06
0.9961 4.2688e-05 1.7861e-06 9.661e-05 2.7172e-06
0.99627 4.0817e-05 1.7754e-06 9.4219e-05 2.3575e-06
0.99631 3.9091e-05 1.7701e-06 9.1938e-05 2.0397e-06
0.99637 3.75e-05 1.7699e-06 8.9758e-05 1.7586e-06
0.99643 3.6049e-05 1.7758e-06 8.7695e-05 1.5137e-06
0.99649 3.4507e-05 1.775e-06 8.5576e-05 1.5214e-06
0.99656 3.31e-05 1.7802e-06 8.3562e-05 1.4039e-06
0.99665 3.1818e-05 1.7916e-06 8.1648e-05 1.3031e-06
0.99674 3.0653e-05 1.8091e-06 7.983e-05 1.2169e-06
0.99685 2.9585e-05 1.8322e-06 7.8094e-05 1.1424e-06
0.99696 2.8448e-05 1.8488e-06 7.6315e-05 1.08e-06
0.99698 2.7416e-05 1.8719e-06 7.4625e-05 1.0281e-06
0.997 2.6311e-05 1.888e-06 7.2888e-05 9.6323e-07
0.99703 2.5303e-05 1.9098e-06 7.123e-05 9.0745e-07
0.99706 2.4201e-05 1.9241e-06 6.9525e-05 9.0258e-07
0.99709 2.3185e-05 1.944e-06 6.7897e-05 9.0375e-07
0.99711 2.2106e-05 1.9574e-06 6.6228e-05 8.9794e-07
0.99714 2.0962e-05 1.9645e-06 6.4518e-05 8.8674e-07
0.99717 1.9904e-05 1.9771e-06 6.2884e-05 8.8154e-07
0.9972 1.8777e-05 1.9828e-06 6.1205e-05 8.6886e-07
0.99724 1.7733e-05 1.9943e-06 5.9609e-05 8.743e-07
0.99727 1.6627e-05 1.9992e-06 5.7974e-05 8.7275e-07
0.99731 1.3589e-05 2.0132e-06 5.6419e-05 8.7866e-07
0.99735 1.041e-05 2.0202e-06 5.4821e-05 8.7706e-07
0.99739 7.1014e-06 2.0207e-06 5.3183e-05 8.6845e-07
0.99742 3.3459e-06 2.1209e-06 5.3397e-05 8.6584e-07
0.99745 2.7029e-06 2.2115e-06 5.359e-05 8.5576e-07
0.99747 2.7617e-06 2.2927e-06 5.3762e-05 8.3821e-07
0.9975 2.7914e-06 2.3658e-06 5.392e-05 8.1318e-07
0.99752 2.7936e-06 2.4314e-06 5.406e-05 7.8036e-07
0.99754 2.7684e-06 2.4898e-06 5.418e-05 7.4044e-07
0.99756 2.7143e-06 2.5403e-06 5.4282e-05 6.9331e-07
0.99759 2.6681e-06 2.5993e-06 5.4414e-05 6.5361e-07
0.99761 2.5945e-06 2.6511e-06 5.4527e-05 6.0692e-07
0.99764 2.5265e-06 2.7105e-06 5.4667e-05 5.6619e-07
0.99766 2.4316e-06 2.7626e-06 5.4789e-05 5.1874e-07
0.99769 2.3097e-06 2.8077e-06 5.4892e-05 4.6444e-07
0.99771 2.1608e-06 2.8457e-06 5.4977e-05 4.0313e-07
0.99773 2.0199e-06 2.8923e-06 5.5092e-05 3.4889e-07
0.99776 1.8507e-06 2.931e-06 5.5187e-05 2.8729e-07
0.99779 1.6866e-06 2.9776e-06 5.428e-05 2.3158e-07
0.99783 1.5269e-06 3.0325e-06 5.3418e-05 1.8097e-07
0.99786 1.3157e-06 3.1043e-06 5.2529e-05 1.3544e-07
0.9979 1.1096e-06 3.1856e-06 5.1685e-05 9.3469e-08
0.99797 8.7445e-07 3.2578e-06 5.062e-05 4.5312e-08
0.99804 9.7565e-07 3.3209e-06 4.9611e-05 4.4212e-08
0.99811 1.0526e-06 3.3759e-06 4.8572e-05 3.9271e-08
0.99818 1.1395e-06 3.3811e-06 4.7504e-05 3.0472e-08
0.99824 1.1731e-06 3.6557e-06 4.6405e-05 3.239e-08
0.99829 1.2079e-06 3.9566e-06 4.5263e-05 3.3317e-08
0.99834 1.2694e-06 4.1895e-06 4.4086e-05 7.1109e-08
0.9984 1.3317e-06 4.4454e-06 4.2969e-05 1.1214e-07
0.99846 1.3684e-06 4.6865e-06 4.1819e-05 1.4732e-07
0.99851 1.3803e-06 4.9144e-06 4.0637e-05 1.7678e-07
0.99856 1.3674e-06 5.1295e-06 3.9423e-05 2.0965e-07
0.99862 1.3554e-06 5.367e-06 3.827e-05 2.4642e-07
0.99868 1.3715e-06 5.5458e-06 3.7083e-05 5.0709e-07
0.99873 1.3885e-06 5.7448e-06 3.5861e-05 8.0408e-07
0.99879 1.4066e-06 5.9657e-06 3.4698e-05 8.9056e-07
0.99885 1.4384e-06 6.1562e-06 3.3505e-05 9.6785e-07
0.99891 1.4717e-06 6.3684e-06 3.237e-05 9.6776e-07
0.99893 1.5055e-06 6.605e-06 3.1291e-05 9.5802e-07
0.99895 1.5007e-06 6.7392e-06 3.0265e-05 9.5574e-07
0.99897 1.4687e-06 6.8609e-06 2.9208e-05 9.4245e-07
0.99898 1.4105e-06 6.9706e-06 2.8122e-05 9.2132e-07
0.999 1.354e-06 7.098e-06 2.7089e-05 9.0906e-07
0.99902 1.2724e-06 7.2142e-06 2.6028e-05 8.8134e-07
0.99904 1.1913e-06 7.3471e-06 2.4933e-05 8.6016e-07
0.99906 1.0843e-06 7.4675e-06 2.3807e-05 8.3123e-07
0.99907 1.3805e-06 7.5752e-06 2.2648e-05 8.152e-07
0.99909 1.6472e-06 7.6719e-06 2.1459e-05 7.9215e-07
0.99911 1.9278e-06 7.7865e-06 2.0326e-05 7.7597e-07
0.99912 2.1784e-06 7.8898e-06 1.9164e-05 7.5197e-07
0.99911 2.4399e-06 8.0094e-06 1.8051e-05 7.3374e-07
0.9991 2.6711e-06 8.1175e-06 1.6909e-05 7.0865e-07
0.99909 2.8723e-06 8.2144e-06 1.5738e-05 6.9598e-07
0.99908 3.0876e-06 8.3297e-06 1.4622e-05 6.8931e-07
0.99904 3.2719e-06 8.43e-06 1.3551e-05 6.8766e-07
0.99899 3.5283e-06 8.5842e-06 1.3551e-05 6.7906e-07
0.99894 3.7541e-06 8.7267e-06 1.354e-05 6.7609e-07
0.99888 3.9543e-06 8.861e-06 1.352e-05 6.6811e-07
0.99883 4.1301e-06 8.9879e-06 1.3491e-05 6.5537e-07
0.99877 4.282e-06 9.1077e-06 1.3454e-05 6.3797e-07
0.99872 4.4397e-06 9.24e-06 1.3424e-05 6.2348e-07
0.99868 4.6012e-06 9.3838e-06 1.34e-05 6.1118e-07
0.99845 4.7693e-06 9.5412e-06 1.3382e-05 6.0151e-07
0.99844 4.9127e-06 9.6907e-06 1.3357e-05 5.8722e-07
0.99842 5.0626e-06 9.8539e-06 1.3338e-05 5.754e-07
0.99841 5.189e-06 1.001e-05 1.3311e-05 5.5924e-07
0.9984 5.3199e-06 1.0178e-05 1.3289e-05 5.4496e-07
0.99839 5.426e-06 1.0339e-05 1.326e-05 5.2611e-07
0.99838 5.5075e-06 1.0492e-05 1.3221e-05 5.0268e-07
0.99837 5.6007e-06 1.0662e-05 1.3192e-05 4.8266e-07
0.99836 5.7484e-06 1.078e-05 1.3153e-05 4.5719e-07
0.99835 5.9115e-06 1.0916e-05 1.3123e-05 4.3529e-07
0.99835 6.0451e-06 1.1041e-05 1.3103e-05 4.1676e-07
0.99835 6.1917e-06 1.1181e-05 1.3091e-05 4.0076e-07
0.99835 6.3073e-06 1.1311e-05 1.3069e-05 3.7942e-07
0.99836 6.4395e-06 1.1459e-05 1.3056e-05 3.6106e-07
0.99836 6.5404e-06 1.1595e-05 1.3032e-05 3.3739e-07
0.99836 6.6108e-06 1.172e-05 1.2998e-05 3.0847e-07
0.99836 6.6456e-06 1.1834e-05 1.2953e-05 2.7412e-07
0.99836 6.6496e-06 1.1937e-05 1.2897e-05 2.343e-07
0.99836 6.6232e-06 1.203e-05 1.2831e-05 2.7346e-07
0.99836 6.6097e-06 1.2138e-05 1.2772e-05 3.1568e-07
0.99836 6.5659e-06 1.2235e-05 1.2704e-05 3.5232e-07
0.99836 6.4916e-06 1.2322e-05 1.2625e-05 3.8349e-07
0.99837 6.4331e-06 1.2426e-05 1.2556e-05 4.183e-07
0.99837 6.344e-06 1.252e-05 1.2476e-05 4.475e-07
0.99837 7.5488e-06 1.2601e-05 1.2387e-05 4.6958e-07
0.99837 8.7028e-06 1.2672e-05 1.2287e-05 4.8618e-07
0.99838 9.9243e-06 1.2759e-05 1.2196e-05 5.0599e-07
0.99838 1.1218e-05 1.2864e-05 1.2113e-05 5.1972e-07
0.9984 1.2578e-05 1.2983e-05 1.2038e-05 5.3599e-07
0.99841 1.3887e-05 1.3092e-05 1.1952e-05 5.4709e-07
0.99841 1.5144e-05 1.3191e-05 1.1858e-05 5.53e-07
0.99843 1.6471e-05 1.3306e-05 1.177e-05 5.6162e-07
0.99844 1.7743e-05 1.3411e-05 1.1672e-05 5.6492e-07
0.99845 1.8934e-05 1.4532e-05 1.1562e-05 5.6169e-07
0.99846 2.0058e-05 1.5609e-05 1.1439e-05 5.5141e-07
0.99846 2.1134e-05 1.6641e-05 1.2141e-05 5.4873e-07
0.99843 2.2137e-05 1.7607e-05 1.2878e-05 5.5102e-07
0.99841 2.3215e-05 1.8646e-05 1.3642e-05 5.5677e-07
0.99838 2.4234e-05 1.9649e-05 1.4387e-05 5.5676e-07
0.99836 2.5331e-05 2.0724e-05 1.5159e-05 5.599e-07
0.99834 2.6373e-05 2.1766e-05 1.5913e-05 5.5761e-07
0.99832 2.749e-05 2.2881e-05 1.6694e-05 5.5838e-07
0.9983 2.856e-05 2.397e-05 1.7461e-05 5.5438e-07
0.99828 2.9586e-05 2.5034e-05 1.8214e-05 5.457e-07
0.99825 3.057e-05 2.6076e-05 1.8954e-05 5.3238e-07
0.99813 3.1465e-05 2.6655e-05 1.9716e-05 5.2123e-07
0.99801 3.2414e-05 2.7271e-05 2.05e-05 5.1196e-07
0.99789 3.3322e-05 2.787e-05 2.127e-05 4.9812e-07
0.99776 3.419e-05 2.8455e-05 2.2027e-05 4.7989e-07
0.99764 3.5019e-05 2.9026e-05 2.2772e-05 4.5723e-07
0.99752 3.5903e-05 2.9632e-05 2.3539e-05 4.3641e-07
0.99699 3.6743e-05 3.0222e-05 2.4332e-05 4.1092e-07
0.9965 3.7647e-05 3.0854e-05 2.5152e-05 3.8774e-07
0.99605 3.862e-05 3.1531e-05 2.6001e-05 3.6666e-07
0.99564 3.9665e-05 3.2257e-05 2.6879e-05 3.475e-07
0.99522 4.0665e-05 3.2965e-05 2.7745e-05 3.2401e-07
0.99484 4.1741e-05 3.3724e-05 2.8643e-05 3.0232e-07
0.99449 4.2766e-05 3.4449e-05 2.9571e-05 2.823e-07
0.99417 4.386e-05 3.5223e-05 3.0533e-05 2.6375e-07
0.99387 4.4906e-05 3.5968e-05 3.1529e-05 2.4606e-07
0.99358 4.5908e-05 3.6694e-05 3.251e-05 2.2428e-07
0.9933 4.6972e-05 3.7464e-05 3.3518e-05 2.0296e-07
0.99304 4.8099e-05 3.8278e-05 3.4554e-05 1.8194e-07
0.99281 4.9294e-05 3.9139e-05 3.562e-05 1.6107e-07
0.99257 5.0447e-05 3.9983e-05 3.6671e-05 1.3642e-07
0.99232 5.1553e-05 4.0807e-05 3.7707e-05 1.0778e-07
0.99209 5.2612e-05 4.1611e-05 3.8775e-05 1.1992e-07
0.99188 5.3746e-05 4.2466e-05 3.9877e-05 1.317e-07
0.99167 5.4827e-05 4.33e-05 4.0961e-05 1.3969e-07
0.99071 5.5858e-05 4.4109e-05 4.2085e-05 1.4773e-07
0.98983 5.6978e-05 4.4977e-05 4.3251e-05 1.5588e-07
0.98893 5.8042e-05 4.5821e-05 4.4396e-05 1.6005e-07
0.988 5.9052e-05 4.6639e-05 4.552e-05 1.6018e-07
0.98716 6.0161e-05 4.7524e-05 4.669e-05 1.6077e-07
0.98627 6.1198e-05 4.8372e-05 4.7828e-05 1.5664e-07
0.98532 6.058e-05 4.9387e-05 4.8937e-05 1.5497e-07
0.9845 6.0073e-05 5.0503e-05 5.0104e-05 1.5452e-07
0.98377 5.9661e-05 5.172e-05 5.1327e-05 1.5486e-07
0.98313 5.9341e-05 5.3044e-05 5.144e-05 1.5602e-07
0.98245 5.8949e-05 5.4308e-05 5.1532e-05 1.5236e-07
0.98184 5.8659e-05 5.5697e-05 5.1651e-05 1.4991e-07
0.98119 5.8298e-05 5.7024e-05 5.175e-05 1.4266e-07
0.98051 5.7863e-05 5.829e-05 5.1827e-05 1.3058e-07
0.9799 5.7362e-05 5.9504e-05 5.1931e-05 1.1284e-07
0.97926 5.6798e-05 6.0672e-05 5.2018e-05 1.4711e-07
0.97868 5.6298e-05 6.1915e-05 5.2123e-05 1.8254e-07
0.97814 5.5851e-05 6.3228e-05 5.2243e-05 2.1893e-07
0.97764 5.5454e-05 6.4611e-05 5.2378e-05 2.5632e-07
0.97712 5.5021e-05 6.597e-05 5.2503e-05 2.8966e-07
0.9766 5.4552e-05 6.7307e-05 5.2618e-05 3.1896e-07
0.97612 5.4138e-05 6.8721e-05 5.275e-05 3.4968e-07
0.97563 5.369e-05 7.0114e-05 5.2872e-05 3.7647e-07
0.97518 5.3297e-05 7.1588e-05 5.3011e-05 4.0486e-07
0.973 5.2959e-05 7.3148e-05 5.3167e-05 4.3518e-07
0.97097 5.267e-05 7.479e-05 5.3339e-05 4.6724e-07
0.96911 5.2433e-05 7.6522e-05 5.3528e-05 5.0153e-07
0.96739 5.2249e-05 7.6646e-05 5.3734e-05 5.3835e-07
0.96581 5.2124e-05 7.6806e-05 5.2574e-05 5.7865e-07
0.96438 5.2059e-05 7.7002e-05 5.1454e-05 6.2289e-07
0.96306 5.205e-05 7.6037e-05 5.0368e-05 6.7093e-07
0.96169 5.1996e-05 7.5047e-05 4.9264e-05 7.1345e-07
0.96029 5.1898e-05 7.4033e-05 4.8141e-05 7.5041e-07
0.95883 5.1752e-05 7.2989e-05 4.6996e-05 7.8159e-07
0.9573 5.1686e-05 7.2034e-05 4.5826e-05 8.1904e-07
0.95469 5.1712e-05 7.1173e-05 4.5525e-05 8.6454e-07
0.9524 5.1829e-05 7.0398e-05 4.5254e-05 9.1885e-07
0.95039 5.204e-05 6.9705e-05 4.5012e-05 9.8305e-07
0.94826 5.2346e-05 6.9091e-05 4.475e-05 1.062e-06
0.94598 5.3091e-05 6.8727e-05 4.4467e-05 1.1341e-06
0.94397 5.3936e-05 6.8416e-05 4.421e-05 1.2173e-06
0.94183 5.4704e-05 6.8074e-05 4.3932e-05 1.2903e-06
0.93956 5.5401e-05 6.7704e-05 4.3636e-05 1.354e-06
0.93761 5.6202e-05 6.7387e-05 4.3366e-05 1.4087e-06
0.93588 5.7109e-05 6.7122e-05 4.3122e-05 1.4741e-06
0.93403 5.7934e-05 6.6827e-05 4.2858e-05 1.5294e-06
0.93207 5.868e-05 6.65e-05 4.258e-05 1.5748e-06
0.93037 5.9354e-05 6.6145e-05 4.2332e-05 1.6324e-06
0.92857 5.9957e-05 6.5762e-05 4.2065e-05 1.6779e-06
0.927 6.0674e-05 6.5438e-05 4.1827e-05 1.738e-06
0.92533 6.1921e-05 6.5315e-05 4.1569e-05 1.7875e-06
0.92385 6.3298e-05 6.5238e-05 4.1336e-05 1.7495e-06
0.9223 6.4604e-05 6.5141e-05 4.1088e-05 1.7029e-06
0.92088 6.6005e-05 6.5077e-05 4.0857e-05 1.6635e-06
0.91943 6.7332e-05 6.4999e-05 4.0613e-05 1.6177e-06
0.91793 6.8611e-05 6.4907e-05 4.0359e-05 1.5661e-06
0.91639 6.9843e-05 6.4803e-05 4.0095e-05 1.5089e-06
0.91498 7.1162e-05 6.473e-05 3.9846e-05 1.458e-06
0.91354 7.2435e-05 6.4644e-05 3.9586e-05 1.4017e-06
0.91221 7.3797e-05 6.459e-05 3.9343e-05 1.3515e-06
0.91085 7.5115e-05 6.4524e-05 3.909e-05 1.2959e-06
0.90946 7.6528e-05 6.449e-05 3.8826e-05 1.2466e-06
0.90803 7.789e-05 6.4442e-05 3.8551e-05 1.1915e-06
0.90673 7.9357e-05 6.4428e-05 3.8293e-05 1.1428e-06
0.90538 8.0762e-05 6.4399e-05 3.8023e-05 1.0879e-06
0.9042 8.2065e-05 6.4334e-05 3.778e-05 1.0554e-06
0.90317 8.3266e-05 6.4231e-05 3.7564e-05 1.0317e-06
0.90229 8.4378e-05 6.4105e-05 3.7373e-05 1.0004e-06
0.90077 8.5627e-05 6.4024e-05 3.711e-05 9.7726e-07
0.89917 8.6784e-05 6.3917e-05 3.6829e-05 9.464e-07
0.89773 8.8057e-05 6.3847e-05 3.6568e-05 9.2099e-07
0.89622 8.9258e-05 6.3759e-05 3.6292e-05 8.8924e-07
0.89485 9.0569e-05 6.3705e-05 3.6034e-05 8.6226e-07
0.89343 9.1809e-05 6.3633e-05 3.5762e-05 8.2913e-07
0.89214 9.3162e-05 6.3596e-05 3.5508e-05 8.0063e-07
0.89079 9.4443e-05 6.354e-05 3.524e-05 9.5321e-07
0.8894 9.5657e-05 6.3468e-05 3.4958e-05 1.0968e-06
0.88795 9.6808e-05 6.3379e-05 3.4664e-05 1.2315e-06
0.88644 9.7893e-05 6.3273e-05 3.4356e-05 1.3575e-06
0.8851 9.911e-05 6.3208e-05 3.4069e-05 1.4988e-06
0.88369 0.00010025 6.3124e-05 3.3768e-05 1.6301e-06
0.88245 0.00010096 6.3126e-05 3.3489e-05 1.7794e-06
0.88112 0.00010157 6.3102e-05 3.3192e-05 2.8452e-06
0.87996 0.00010233 6.3126e-05 3.292e-05 4.0531e-06
0.87873 0.000103 6.3124e-05 3.263e-05 5.1918e-06
0.87765 0.00010381 6.3171e-05 3.2364e-05 5.6927e-06
0.8767 0.00010477 6.3265e-05 3.2123e-05 5.8027e-06
0.87571 0.00010565 6.3337e-05 3.1866e-05 5.8988e-06
0.87483 0.00010666 6.3451e-05 3.1629e-05 6.0169e-06
0.87389 0.00010758 6.354e-05 3.1375e-05 6.1196e-06
0.87306 0.00010864 6.3672e-05 3.1141e-05 6.2451e-06
0.87217 0.0001096 6.3778e-05 3.089e-05 6.3547e-06
0.8714 0.00011072 6.3934e-05 3.0663e-05 6.4915e-06
0.86671 0.00010143 6.5348e-05 2.9146e-05 7.6019e-06
0.866 9.9958e-05 6.5517e-05 2.8898e-05 7.7342e-06
0.86538 9.8654e-05 6.5738e-05 2.8674e-05 7.8985e-06
0.86484 9.7254e-05 6.5931e-05 2.847e-05 7.8179e-06
0.86426 9.5746e-05 6.6096e-05 2.8249e-05 7.7194e-06
0.86365 9.4139e-05 6.6235e-05 2.8011e-05 7.6043e-06
0.86312 9.2698e-05 6.5638e-05 2.78e-05 7.5155e-06
0.86255 9.1151e-05 6.5004e-05 2.7571e-05 7.4088e-06
0.86206 8.9777e-05 6.4441e-05 2.7365e-05 7.3306e-06
0.86163 8.815e-05 6.424e-05 2.7178e-05 7.2351e-06
0.86117 8.6414e-05 6.401e-05 2.6974e-05 7.1219e-06
0.86078 8.4857e-05 6.3833e-05 2.6792e-05 7.0369e-06
0.85955 8.3192e-05 6.3623e-05 2.6677e-05 6.9756e-06
0.85946 8.1422e-05 6.3386e-05 2.6545e-05 6.8984e-06
0.8594 7.9807e-05 6.3194e-05 2.6431e-05 6.8437e-06
0.85933 7.8128e-05 6.2987e-05 2.6306e-05 6.7789e-06
0.85928 7.6556e-05 6.2812e-05 2.6193e-05 6.7296e-06
0.85923 7.4922e-05 6.2622e-05 2.6069e-05 6.6707e-06
0.85921 7.339e-05 6.2464e-05 2.5853e-05 6.6266e-06
0.85918 7.1798e-05 6.229e-05 2.5627e-05 6.5732e-06
0.85914 7.0145e-05 6.2102e-05 2.5389e-05 6.5102e-06
0.85913 6.8607e-05 6.1948e-05 2.5166e-05 6.4647e-06
0.85914 6.7179e-05 6.183e-05 2.4957e-05 6.4357e-06
0.85918 6.586e-05 6.1748e-05 2.4763e-05 6.4236e-06
0.85924 6.339e-05 6.1367e-05 2.4582e-05 6.4267e-06
0.8593 6.0838e-05 6.0968e-05 2.4388e-05 6.4196e-06
0.85938 5.8447e-05 6.0611e-05 2.421e-05 6.4296e-06
0.85945 5.5981e-05 6.0237e-05 2.402e-05 6.4259e-06
0.85954 5.3658e-05 5.9901e-05 2.3843e-05 6.438e-06
0.85967 5.1478e-05 5.9606e-05 2.368e-05 6.467e-06
0.85944 4.9449e-05 5.9354e-05 2.3533e-05 6.5152e-06
0.85929 4.7596e-05 5.8051e-05 2.2652e-05 6.3224e-06
0.85862 4.5905e-05 5.6866e-05 2.1812e-05 6.1619e-06
0.8564 4.5165e-05 5.4139e-05 2.1012e-05 6.0308e-06
0.85439 4.4501e-05 5.1594e-05 2.0241e-05 5.9206e-06
0.8523 4.3781e-05 4.8971e-05 1.9452e-05 5.7976e-06
0.8504 4.3128e-05 4.6513e-05 1.8689e-05 5.6933e-06
0.84842 4.2423e-05 4.3983e-05 1.7909e-05 5.5769e-06
0.84636 4.1663e-05 4.1377e-05 1.711e-05 5.4481e-06
0.83799 4.098e-05 3.8952e-05 1.6341e-05 5.3377e-06
0.83036 4.0361e-05 3.6679e-05 1.5597e-05 5.2447e-06
0.82257 3.9707e-05 3.437e-05 1.4842e-05 5.1443e-06
0.81538 3.9103e-05 3.2182e-05 1.4107e-05 5.0573e-06
0.80804 3.8465e-05 2.9961e-05 1.3362e-05 4.9633e-06
0.80055 3.7793e-05 2.7707e-05 1.2606e-05 4.8623e-06
0.79292 3.709e-05 2.5424e-05 1.184e-05 4.7547e-06
0.78587 3.6434e-05 2.3257e-05 1.1092e-05 4.66e-06
0.77867 3.5746e-05 2.1059e-05 1.0335e-05 4.5583e-06
0.77133 3.5024e-05 1.8828e-05 1.054e-05 4.4498e-06
0.76449 3.4342e-05 1.67e-05 1.0751e-05 4.3523e-06
0.75751 3.3628e-05 1.4541e-05 1.0954e-05 4.2481e-06
0.7504 3.2882e-05 1.2353e-05 1.115e-05 4.1374e-06
0.74383 3.2183e-05 1.0277e-05 1.1352e-05 4.0389e-06
0.73771 3.1521e-05 8.2951e-06 1.1559e-05 3.9507e-06
0.73206 3.0903e-05 6.4134e-06 1.1773e-05 3.8736e-06
0.72684 3.0325e-05 4.6263e-06 1.1994e-05 3.807e-06
0.72202 2.9787e-05 2.9289e-06 1.2221e-05 3.7505e-06
0.7171 2.9217e-05 2.7578e-06 1.2441e-05 3.6879e-06
0.71255 2.8685e-05 2.5949e-06 1.2667e-05 3.6351e-06
0.7079 2.8114e-05 2.4266e-06 1.2886e-05 3.5761e-06
0.70317 2.7511e-05 2.2529e-06 1.3098e-05 3.511e-06
0.69834 2.6879e-05 2.3775e-06 1.3301e-05 3.44e-06
0.69341 2.6216e-05 2.4972e-06 1.3497e-05 3.3627e-06
0.68841 2.5591e-05 2.6231e-06 1.3686e-05 3.2954e-06
0.68332 2.4937e-05 2.7444e-06 1.3866e-05 3.2222e-06
0.67858 2.4316e-05 2.8713e-06 1.4053e-05 3.1574e-06
0.67417 2.3728e-05 3.0042e-06 1.4246e-05 3.1006e-06
0.66967 2.3111e-05 3.1322e-06 1.4431e-05 3.0382e-06
0.66549 2.2525e-05 3.2664e-06 1.4622e-05 2.9835e-06
0.66122 2.1908e-05 3.3954e-06 1.4806e-05 2.9229e-06
0.65725 2.1322e-05 3.5309e-06 1.4995e-05 2.8699e-06
0.65319 2.0705e-05 3.661e-06 1.5177e-05 2.811e-06
0.64906 2.0059e-05 3.7863e-06 1.5351e-05 2.7594e-06
0.64525 1.9447e-05 3.9191e-06 1.5533e-05 2.716e-06
0.64173 1.8869e-05 4.06e-06 1.5723e-05 2.6806e-06
0.63846 1.8319e-05 4.2085e-06 1.5919e-05 2.652e-06
0.63511 1.7736e-05 4.3506e-06 1.6107e-05 2.6171e-06
0.63162 1.727e-05 4.4565e-06 1.6284e-05 2.5741e-06
0.62798 1.6768e-05 4.5554e-06 1.645e-05 2.5233e-06
0.62419 1.6225e-05 4.6466e-06 1.6606e-05 2.4638e-06
0.62078 1.5725e-05 4.7483e-06 1.6773e-05 2.4159e-06
0.61771 1.5261e-05 4.8609e-06 1.6951e-05 2.3565e-06
0.60913 1.4836e-05 4.985e-06 1.6677e-05 2.3083e-06
0.6013 1.4442e-05 5.1198e-06 1.6415e-05 2.2695e-06
0.59409 1.4075e-05 5.2641e-06 1.6162e-05 2.2382e-06
0.58669 1.3677e-05 5.4018e-06 1.59e-05 2.2006e-06
0.57989 1.3304e-05 5.5498e-06 1.5647e-05 2.1706e-06
0.57294 1.2904e-05 5.6916e-06 1.5387e-05 2.1349e-06
0.5665 1.2523e-05 5.8428e-06 1.5134e-05 2.1057e-06
0.5599 1.2113e-05 5.9872e-06 1.4873e-05 2.0703e-06
0.55381 1.1724e-05 6.1418e-06 1.462e-05 2.0286e-06
0.54754 1.1305e-05 6.2891e-06 1.4358e-05 1.9803e-06
0.54109 1.0854e-05 6.4291e-06 1.4086e-05 1.9254e-06
0.53521 1.043e-05 6.5814e-06 1.3825e-05 1.879e-06
0.52914 9.9742e-06 6.7258e-06 1.3553e-05 1.8258e-06
0.52363 9.5453e-06 6.8834e-06 1.3293e-05 1.7812e-06
0.51793 9.0839e-06 7.0327e-06 1.3023e-05 1.7296e-06
0.498 8.6539e-06 7.1974e-06 1.2772e-05 1.6875e-06
0.48036 8.2597e-06 7.3814e-06 1.2535e-05 1.6549e-06
0.46506 7.8956e-06 7.5843e-06 1.2313e-05 1.6317e-06
0.45143 7.5599e-06 7.8074e-06 1.2104e-05 1.6174e-06
0.43706 7.1866e-06 8.0174e-06 1.1882e-05 1.5949e-06
0.42448 6.8799e-06 7.9755e-06 1.1676e-05 1.5829e-06
0.41114 6.5346e-06 7.9226e-06 1.1456e-05 1.5622e-06
0.3994 6.2181e-06 7.8851e-06 1.1249e-05 1.5513e-06
0.38894 5.9239e-06 7.8609e-06 1.1054e-05 1.5488e-06
0.37786 5.593e-06 7.8261e-06 1.0846e-05 1.5378e-06
0.36811 5.2878e-06 7.8063e-06 1.0651e-05 1.5363e-06
0.35776 4.946e-06 7.7757e-06 1.0442e-05 1.5262e-06
0.3471 4.5667e-06 7.7343e-06 1.0221e-05 1.5073e-06
0.33787 4.2141e-06 7.7083e-06 1.0013e-05 1.4983e-06
0.32967 3.8257e-06 7.6693e-06 9.8168e-06 1.4979e-06
0.32096 3.5697e-06 7.6922e-06 9.6072e-06 1.4887e-06
0.31332 3.3315e-06 7.7306e-06 9.4102e-06 1.4892e-06
0.30654 3.0613e-06 7.7558e-06 9.2237e-06 1.4982e-06
0.30051 2.8042e-06 7.7946e-06 9.0473e-06 1.5156e-06
0.29411 2.5149e-06 7.8225e-06 8.8586e-06 1.5244e-06
0.28842 2.2379e-06 7.864e-06 8.6798e-06 1.5417e-06
0.28237 1.9288e-06 7.8946e-06 8.4887e-06 1.5503e-06
0.27707 1.6347e-06 7.9408e-06 8.309e-06 1.5695e-06
0.27243 1.3539e-06 8.0033e-06 8.1404e-06 1.5993e-06
0.26747 1.4688e-06 8.0457e-06 7.9593e-06 1.6196e-06
0.26195 1.5903e-06 8.1056e-06 7.7635e-06 1.6545e-06
0.25707 1.7158e-06 8.1808e-06 7.5776e-06 1.7003e-06
0.25186 1.8136e-06 8.244e-06 7.3793e-06 1.7362e-06
0.24732 1.9167e-06 8.3245e-06 7.1921e-06 1.7842e-06
0.23551 1.9133e-06 8.3284e-06 7.0225e-06 1.8439e-06
0.22302 1.8839e-06 8.3217e-06 6.8417e-06 1.894e-06
0.20981 1.8283e-06 8.3045e-06 6.6497e-06 1.9346e-06
0.2078 1.7465e-06 8.2768e-06 6.4463e-06 1.9658e-06
0.20568 1.6385e-06 8.2385e-06 6.2314e-06 1.9878e-06
0.20341 2.0061e-06 8.1869e-06 6.0042e-06 1.9998e-06
0.19644 2.3909e-06 8.15e-06 5.7878e-06 2.0226e-06
0.19036 2.7993e-06 8.1294e-06 5.5819e-06 2.0352e-06
0.18569 3.234e-06 8.1251e-06 5.3403e-06 2.0387e-06
0.18161 3.6979e-06 8.1369e-06 5.1097e-06 2.0329e-06
0.17729 4.1252e-06 8.1383e-06 4.8678e-06 2.0181e-06
0.17273 4.5165e-06 8.1294e-06 4.6145e-06 1.9942e-06
0.16791 4.8721e-06 8.11e-06 4.3498e-06 1.9808e-06
0.16364 5.2513e-06 8.1045e-06 4.0946e-06 1.9778e-06
0.15909 5.5921e-06 8.0879e-06 3.8273e-06 1.9651e-06
0.15842 5.8971e-06 8.0609e-06 3.5484e-06 1.9405e-06
0.15772 6.1668e-06 8.0235e-06 3.258e-06 1.9067e-06
0.15696 6.3991e-06 7.9747e-06 2.9549e-06 1.8591e-06
0.1563 6.655e-06 7.9403e-06 2.662e-06 1.8019e-06
0.15546 6.873e-06 7.8945e-06 2.4203e-06 1.7585e-06
0.15474 7.1186e-06 7.8647e-06 2.1874e-06 1.7277e-06
0.15397 7.3282e-06 7.8246e-06 1.9431e-06 1.6869e-06
0.1533 7.5662e-06 7.8003e-06 1.7071e-06 1.6576e-06
0.15258 7.7656e-06 7.7648e-06 1.7607e-06 1.6518e-06
0.15194 7.9901e-06 7.3461e-06 1.8154e-06 1.6548e-06
0.15128 8.1854e-06 6.9147e-06 1.8634e-06 1.6515e-06
0.15067 8.3924e-06 6.5056e-06 1.9113e-06 1.6535e-06
0.15005 8.5742e-06 6.0871e-06 1.953e-06 1.6503e-06
0.14942 8.7313e-06 5.6595e-06 1.9887e-06 1.642e-06
0.14883 8.8967e-06 5.251e-06 2.0233e-06 1.6381e-06
0.14823 9.0378e-06 4.8339e-06 2.0519e-06 1.6291e-06
0.14761 9.1546e-06 4.4081e-06 2.0745e-06 1.6153e-06
0.14705 9.2824e-06 4.0031e-06 2.0963e-06 1.6064e-06
0.14653 9.4215e-06 3.6177e-06 2.1174e-06 1.6025e-06
0.146 9.5361e-06 3.2241e-06 2.1325e-06 1.5936e-06
0.14552 9.6624e-06 2.8494e-06 2.1469e-06 1.5897e-06
0.14502 9.7639e-06 2.4666e-06 2.1552e-06 1.5809e-06
0.14456 9.8756e-06 2.1006e-06 2.1626e-06 1.5764e-06
0.14409 9.961e-06 1.7257e-06 2.1637e-06 1.5666e-06
0.14359 1.0006e-05 1.682e-06 2.3983e-06 1.564e-06
0.14306 1.0019e-05 1.6325e-06 2.6239e-06 1.5545e-06
0.14259 1.0054e-05 1.588e-06 2.8554e-06 1.5524e-06
0.1421 1.0056e-05 1.5378e-06 3.0777e-06 1.5434e-06
0.14166 1.0026e-05 1.4815e-06 3.3065e-06 1.5422e-06
0.14128 1.0015e-05 1.4298e-06 3.5411e-06 1.5478e-06
0.14087 9.9705e-06 1.372e-06 3.7659e-06 1.5425e-06
0.14044 9.8906e-06 1.3082e-06 3.9808e-06 1.5297e-06
0.13998 9.7766e-06 1.2384e-06 4.1859e-06 1.5097e-06
0.1395 1.1079e-05 1.1583e-06 4.3817e-06 1.4982e-06
0.139 1.2328e-05 1.0721e-06 4.5686e-06 1.4798e-06
0.13847 1.3521e-05 9.7967e-07 4.746e-06 1.454e-06
0.138 1.4658e-05 8.8057e-07 4.9299e-06 1.4206e-06
0.13759 1.5869e-05 7.8739e-07 5.12e-06 1.3947e-06
0.13715 1.7032e-05 6.887e-07 5.3016e-06 1.3625e-06
0.13677 1.7916e-05 6.0268e-07 5.4893e-06 1.3374e-06
0.13637 1.8756e-05 5.112e-07 5.668e-06 1.3057e-06
0.13595 1.9552e-05 5.4618e-07 5.8382e-06 1.2677e-06
0.13558 2.0409e-05 5.8303e-07 6.0136e-06 1.2367e-06
0.13519 2.1224e-05 6.1562e-07 6.1803e-06 1.1994e-06
0.13478 2.1997e-05 6.4404e-07 6.3385e-06 1.1559e-06
0.13436 2.2732e-05 6.6846e-07 6.4887e-06 1.1065e-06
0.13398 2.3513e-05 6.9407e-07 6.6435e-06 1.0628e-06
0.13364 2.4343e-05 7.2101e-07 6.8041e-06 1.0251e-06
0.13329 2.5226e-05 7.4933e-07 6.9566e-06 9.9219e-07
0.13293 2.6071e-05 7.7379e-07 7.1014e-06 9.5417e-07
0.13256 2.6881e-05 7.9453e-07 7.2389e-06 9.1122e-07
0.13218 2.7657e-05 8.1159e-07 7.3691e-06 8.6339e-07
0.13183 2.8483e-05 8.2971e-07 7.5034e-06 8.1971e-07
0.13151 2.935e-05 8.485e-07 7.6407e-06 7.7913e-07
0.13118 3.0185e-05 8.6379e-07 7.7713e-06 7.3416e-07
0.13089 3.1069e-05 8.801e-07 7.9058e-06 6.9266e-07
0.13063 3.2003e-05 8.9749e-07 8.0443e-06 6.5435e-07
0.13036 3.2904e-05 9.1136e-07 8.176e-06 6.1853e-07
0.13011 3.3771e-05 9.2083e-07 8.3118e-06 5.8545e-07
0.1299 3.4683e-05 9.3102e-07 8.4511e-06 5.5435e-07
0.12967 3.5562e-05 9.377e-07 8.5834e-06 5.1913e-07
0.12947 3.6487e-05 9.4511e-07 8.7192e-06 4.8576e-07
0.12929 3.746e-05 9.5327e-07 8.8586e-06 4.5407e-07
0.12914 3.8495e-05 9.626e-07 9.0025e-06 4.2436e-07
0.12897 3.9492e-05 9.6827e-07 9.1392e-06 3.9049e-07
0.12881 4.0453e-05 9.7025e-07 9.2685e-06 3.5239e-07
0.12863 4.1375e-05 9.6842e-07 9.3875e-06 3.0989e-07
0.12848 4.2359e-05 9.6798e-07 9.5116e-06 2.6963e-07
0.12835 4.3401e-05 9.6855e-07 9.6401e-06 2.3087e-07
0.12822 4.4401e-05 9.6521e-07 9.7607e-06 1.8774e-07
0.12808 4.5356e-05 9.5778e-07 9.8728e-06 2.2491e-07
0.12796 4.6375e-05 9.5172e-07 9.9903e-06 2.6451e-07
0.12786 4.7463e-05 9.47e-07 1.0113e-05 3.061e-07
0.12776 4.8506e-05 9.3831e-07 1.0228e-05 3.4314e-07
0.12765 4.9505e-05 9.2564e-07 1.0334e-05 3.7564e-07
0.12754 5.0458e-05 9.0889e-07 1.0432e-05 4.0355e-07
0.12741 5.136e-05 8.8781e-07 1.0522e-05 4.2663e-07
0.12731 5.2344e-05 8.6881e-07 1.0618e-05 4.5242e-07
0.12673 5.1631e-05 8.534e-07 1.0725e-05 4.8332e-07
0.12622 5.1017e-05 8.4118e-07 1.0843e-05 5.1947e-07
0.12568 5.009e-05 8.5281e-07 1.095e-05 5.4934e-07
0.12511 4.9096e-05 8.5945e-07 1.1046e-05 5.7306e-07
0.12462 4.8209e-05 8.6923e-07 1.1152e-05 6.0211e-07
0.12409 4.7257e-05 8.7402e-07 1.1248e-05 6.2494e-07
0.12368 4.6231e-05 8.7348e-07 1.1378e-05 5.8941e-07
0.12325 4.515e-05 8.6851e-07 1.1498e-05 5.4826e-07
0.1228 4.4017e-05 8.5929e-07 1.161e-05 5.0172e-07
0.12233 4.296e-05 8.5158e-07 1.1712e-05 4.5878e-07
0.12191 4.1972e-05 8.4524e-07 1.1821e-05 4.1889e-07
0.12153 4.1049e-05 8.4021e-07 1.1936e-05 3.8162e-07
0.12119 4.0045e-05 9.6246e-07 1.2058e-05 3.4669e-07
0.12084 3.8997e-05 1.0795e-06 1.2172e-05 3.0715e-07
0.12052 3.8017e-05 1.2021e-06 1.2292e-05 2.6986e-07
0.1202 3.6996e-05 1.3198e-06 1.2405e-05 2.2831e-07
0.1199 3.6041e-05 1.4434e-06 1.2524e-05 1.8875e-07
0.11964 3.5148e-05 1.5733e-06 1.2651e-05 1.5089e-07
0.11826 3.4312e-05 1.7094e-06 1.2784e-05 1.1413e-07
0.11683 3.3436e-05 1.8398e-06 1.2908e-05 7.3135e-08
0.11553 3.2618e-05 1.9773e-06 1.304e-05 3.3364e-08
0.11419 3.1759e-05 2.1092e-06 1.3163e-05 3.6405e-08
0.11295 3.095e-05 2.2475e-06 1.3292e-05 3.7793e-08
0.1118 3.0191e-05 2.3943e-06 1.3428e-05 3.7694e-08
0.11063 2.9394e-05 2.5355e-06 1.3556e-05 9.0725e-08
0.10955 2.8643e-05 2.6839e-06 1.369e-05 1.4577e-07
0.10856 2.7945e-05 2.8413e-06 1.3833e-05 2.0388e-07
0.10755 2.721e-05 2.9926e-06 1.3967e-05 2.5722e-07
0.10663 2.6531e-05 3.154e-06 1.411e-05 3.151e-07
0.10579 2.5905e-05 3.3263e-06 1.4263e-05 3.7768e-07
0.10504 2.5329e-05 3.2789e-06 1.4425e-05 4.4515e-07
0.10425 2.4709e-05 3.2253e-06 1.4576e-05 5.0635e-07
0.10343 2.4045e-05 3.1657e-06 1.4717e-05 5.6139e-07
0.10269 2.3338e-05 3.0993e-06 1.4868e-05 6.2252e-07
0.10193 2.2586e-05 3.0268e-06 1.5009e-05 6.7738e-07
0.10125 2.1888e-05 2.9611e-06 1.5163e-05 7.3821e-07
0.10054 2.1146e-05 2.8891e-06 1.5306e-05 7.9255e-07
0.099899 2.0453e-05 2.8234e-06 1.5458e-05 8.5281e-07
0.099229 1.9715e-05 2.7515e-06 1.56e-05 9.0637e-07
0.098621 1.9025e-05 2.6855e-06 1.5751e-05 9.6606e-07
0.097989 1.8291e-05 2.6134e-06 1.5891e-05 1.0191e-06
0.09742 1.7607e-05 2.5478e-06 1.6042e-05 1.0792e-06
0.096831 1.6885e-05 2.4767e-06 1.6183e-05 1.133e-06
0.096223 1.6124e-05 2.4001e-06 1.6314e-05 1.1807e-06
0.09559 1.5323e-05 2.3175e-06 1.6435e-05 1.2219e-06
0.094935 1.621e-05 2.2289e-06 1.6546e-05 1.257e-06
0.094253 1.7056e-05 2.1342e-06 1.6647e-05 1.2858e-06
0.093633 1.7947e-05 2.0452e-06 1.6756e-05 1.3201e-06
0.09089 1.8887e-05 1.9616e-06 1.6875e-05 1.3603e-06
0.088072 1.9033e-05 1.972e-06 1.6984e-05 1.3946e-06
0.085176 1.9147e-05 1.9776e-06 1.7084e-05 1.423e-06
0.082202 1.923e-05 1.9787e-06 1.7174e-05 1.4458e-06
0.07916 1.9284e-05 1.9756e-06 1.7257e-05 1.4634e-06
0.076352 1.9362e-05 1.9753e-06 1.7347e-05 1.486e-06
0.073739 1.946e-05 1.9773e-06 1.7443e-05 1.5127e-06
0.071072 1.953e-05 1.9753e-06 1.7532e-05 1.5345e-06
0.068348 1.9572e-05 1.9692e-06 1.7612e-05 1.5514e-06
0.065832 1.9638e-05 1.9659e-06 1.77e-05 1.5635e-06
0.063507 1.9728e-05 1.9653e-06 1.7796e-05 1.5806e-06
0.06136 1.984e-05 1.9675e-06 1.7899e-05 1.6027e-06
0.059172 1.9927e-05 1.9658e-06 1.7994e-05 1.62e-06
0.057151 2.0037e-05 1.9668e-06 1.8097e-05 1.6425e-06
0.055093 2.0121e-05 1.964e-06 1.8192e-05 1.6603e-06
0.052997 2.0178e-05 1.9573e-06 1.828e-05 1.6733e-06
0.051045 2.0257e-05 1.9529e-06 1.8375e-05 1.6907e-06
0.049228 2.0356e-05 1.9506e-06 1.8475e-05 1.7126e-06
0.047374 2.0428e-05 1.9443e-06 1.8568e-05 1.7295e-06
0.04566 2.0525e-05 1.9408e-06 1.8669e-05 1.7518e-06
0.043915 2.0596e-05 1.9334e-06 1.8762e-05 1.7693e-06
0.042137 2.0641e-05 1.9221e-06 1.8848e-05 1.782e-06
0.040482 2.0706e-05 1.913e-06 1.894e-05 1.7993e-06
0.038953 2.0795e-05 1.9066e-06 1.904e-05 1.8222e-06
0.037396 2.0858e-05 1.8964e-06 1.9132e-05 1.8402e-06
0.035947 2.0942e-05 1.8883e-06 1.9231e-05 1.8631e-06
0.034609 2.1051e-05 1.883e-06 1.9339e-05 1.8919e-06
0.033245 2.1133e-05 1.8737e-06 1.9438e-05 1.9156e-06
0.031851 2.1186e-05 1.8604e-06 1.953e-05 1.9335e-06
0.03042 2.1209e-05 1.8427e-06 1.9612e-05 1.9457e-06
0.029105 2.1201e-05 1.8203e-06 1.9704e-05 1.9652e-06
0.027909 2.1225e-05 1.8016e-06 1.9806e-05 1.9922e-06
0.02682 2.1285e-05 1.7867e-06 1.9919e-05 2.0346e-06
0.025825 2.1312e-05 1.7659e-06 2.0043e-05 2.0852e-06
0.024807 2.131e-05 1.741e-06 2.0158e-05 2.13e-06
0.023768 2.128e-05 1.712e-06 2.0265e-05 2.1695e-06
0.022706 2.1223e-05 1.6789e-06 2.0363e-05 2.2035e-06
0.02172 2.1187e-05 1.6482e-06 2.047e-05 2.2437e-06
0.020711 2.1123e-05 1.6133e-06 2.0568e-05 2.2782e-06
0.019678 2.1029e-05 1.5742e-06 2.0657e-05 2.307e-06
0.018728 2.0962e-05 1.538e-06 2.0756e-05 2.3432e-06
0.017858 2.0925e-05 1.5049e-06 2.0864e-05 2.3875e-06
0.017062 2.0846e-05 1.4668e-06 2.0983e-05 2.4478e-06
0.016237 2.0729e-05 1.4238e-06 2.109e-05 2.5005e-06
0.01548 2.064e-05 1.3837e-06 2.1208e-05 2.5621e-06
0.014698 2.0517e-05 1.3389e-06 2.1315e-05 2.6163e-06
0.01389 2.0361e-05 1.2893e-06 2.1412e-05 2.6634e-06
0.013058 2.0171e-05 1.2352e-06 2.15e-05 2.7036e-06
0.012297 2.0013e-05 1.1842e-06 2.1597e-05 2.7532e-06
0.011611 1.9894e-05 1.1371e-06 2.1708e-05 2.8143e-06
0.010899 1.9732e-05 1.085e-06 2.1808e-05 2.8673e-06
0.010252 1.9603e-05 1.036e-06 2.1919e-05 2.9313e-06
0.0095793 1.9438e-05 9.8219e-07 2.202e-05 2.9869e-06
0.0089726 1.9308e-05 9.318e-07 2.2133e-05 3.0549e-06
0.008328 1.913e-05 8.7521e-07 2.2231e-05 3.1589e-06
0.007641 1.9186e-05 8.4174e-07 2.2314e-05 3.2492e-06
0.0070326 1.9286e-05 8.1167e-07 2.2413e-05 3.3274e-06
0.0063887 1.934e-05 7.7621e-07 2.2497e-05 3.3936e-06
0.0058184 1.9439e-05 7.4395e-07 2.2598e-05 3.4766e-06
0.0053198 1.9589e-05 7.1529e-07 2.2717e-05 3.5779e-06
0.0048782 1.9789e-05 6.8945e-07 2.2853e-05 3.6988e-06
0.0044078 1.994e-05 6.5816e-07 2.2973e-05 3.8051e-06
0.0039962 2.0143e-05 6.301e-07 2.3111e-05 3.9344e-06
0.0036362 2.04e-05 6.0504e-07 2.327e-05 4.0961e-06
0.0033212 2.0713e-05 5.8279e-07 2.3447e-05 4.2869e-06
0.0029878 2.0979e-05 5.5562e-07 2.361e-05 4.4611e-06
0.0026349 2.1197e-05 5.2349e-07 2.3758e-05 4.6815e-06
0.0023263 2.1472e-05 4.9415e-07 2.3926e-05 4.9389e-06
0.0019971 2.0847e-05 4.7717e-07 2.4077e-05 5.1311e-06
0.0017094 2.0292e-05 4.6226e-07 2.4249e-05 5.3578e-06
0.0016707 1.9679e-05 4.4248e-07 2.4404e-05 5.5637e-06
0.0016374 1.9012e-05 4.1721e-07 2.4576e-05 5.5383e-06
0.0016091 1.841e-05 3.936e-07 2.4767e-05 5.467e-06
0.0015778 1.7746e-05 4.6605e-07 2.4942e-05 5.3804e-06
0.0015518 1.7146e-05 5.4371e-07 2.5136e-05 5.3169e-06
0.0015299 1.66e-05 6.2622e-07 2.5349e-05 5.2061e-06
0.0015122 1.6107e-05 7.1442e-07 2.5581e-05 5.118e-06
0.0014983 1.5664e-05 8.0869e-07 2.5832e-05 5.0505e-06
0.0014878 1.5266e-05 9.0938e-07 2.5379e-05 5.0018e-06
0.0014806 1.4909e-05 1.0168e-06 2.4949e-05 4.9705e-06
0.0014765 1.4592e-05 1.1314e-06 2.4541e-05 4.614e-06
0.001475 1.431e-05 1.2527e-06 2.415e-05 4.2922e-06
0.0014761 1.4085e-05 1.2588e-06 2.3777e-05 4.0013e-06
0.0014798 1.3886e-05 1.2674e-06 2.3419e-05 3.7368e-06
0.0014821 1.3651e-05 1.2713e-06 2.305e-05 3.4596e-06
0.0014869 1.344e-05 1.2778e-06 2.2696e-05 3.2074e-06
0.0014905 1.32e-05 1.2799e-06 2.2331e-05 2.9785e-06
0.0014964 1.298e-05 1.2842e-06 2.198e-05 2.7689e-06
0.0015046 1.278e-05 1.2905e-06 2.1642e-05 2.5766e-06
0.0015118 1.2554e-05 1.2929e-06 2.1294e-05 2.3766e-06
0.001521 1.2343e-05 1.2969e-06 2.0958e-05 2.191e-06
0.0015293 1.2105e-05 1.2969e-06 2.0612e-05 1.9973e-06
0.0015398 1.1886e-05 1.299e-06 2.0278e-05 1.819e-06
0.0015527 1.1684e-05 1.303e-06 1.9957e-05 1.6559e-06
0.0015646 1.1457e-05 1.3032e-06 1.9627e-05 1.486e-06
0.0015789 1.1246e-05 1.3053e-06 1.9308e-05 1.3288e-06
0.0015954 1.1047e-05 1.3087e-06 1.8998e-05 1.1816e-06
0.0016141 1.086e-05 1.3135e-06 1.8697e-05 1.0437e-06
0.0016353 1.0687e-05 1.3201e-06 1.8406e-05 9.1544e-07
0.001659 1.0524e-05 1.3281e-06 1.8124e-05 7.9482e-07
0.0016816 1.0337e-05 1.3323e-06 1.7834e-05 6.6835e-07
0.001707 1.0163e-05 1.3382e-06 1.7553e-05 5.5014e-07
0.0017354 1.0002e-05 1.346e-06 1.7282e-05 4.3943e-07
0.0017626 9.8166e-06 1.35e-06 1.7002e-05 3.2309e-07
0.001793 9.6448e-06 1.356e-06 1.6732e-05 2.1413e-07
0.0018273 9.4892e-06 1.3645e-06 1.6474e-05 1.1253e-07
0.0018602 9.3021e-06 1.368e-06 1.6204e-05 1.0883e-07
0.0018984 9.1401e-06 1.3755e-06 1.5948e-05 1.0529e-07
0.0019334 8.9392e-06 1.3769e-06 1.5678e-05 1.0219e-07
0.0019742 8.7648e-06 1.3826e-06 1.5424e-05 1.5904e-07
0.0020213 8.6164e-06 1.3926e-06 1.5185e-05 1.6536e-07
0.0020756 8.4929e-06 1.4069e-06 1.4961e-05 1.7274e-07
0.00214 8.332e-06 1.4152e-06 1.4754e-05 1.7514e-07
0.0021492 8.2001e-06 1.4287e-06 1.4565e-05 1.7908e-07
0.0021631 8.0962e-06 1.4475e-06 1.4393e-05 1.8462e-07
0.0021743 7.9541e-06 1.4599e-06 1.4206e-05 1.8514e-07
0.0021832 7.7702e-06 1.4663e-06 1.4006e-05 1.8086e-07
0.0021969 7.6144e-06 1.4779e-06 1.3821e-05 1.782e-07
0.0022149 7.4219e-06 1.4822e-06 1.3649e-05 1.7666e-07
0.0022376 7.2525e-06 1.4911e-06 1.3491e-05 1.7621e-07
0.0022577 7.1095e-06 1.5057e-06 1.3319e-05 1.7102e-07
0.0022841 6.9918e-06 1.5259e-06 1.3171e-05 1.6733e-07
0.0023166 6.8986e-06 1.5518e-06 1.3036e-05 1.6506e-07
0.0023555 6.8292e-06 1.5835e-06 1.2916e-05 1.6418e-07
0.002401 6.7793e-06 1.6206e-06 1.2806e-05 1.6469e-07
0.002443 6.6954e-06 1.6512e-06 1.2683e-05 1.6052e-07
0.0024926 6.6308e-06 1.6873e-06 1.2574e-05 1.5729e-07
0.0025381 6.5301e-06 1.7166e-06 1.245e-05 1.4816e-07
0.0025909 6.4485e-06 1.7513e-06 1.2337e-05 1.3994e-07
0.002974 6.3331e-06 1.7796e-06 1.2212e-05 1.2707e-07
0.0030988 6.2435e-06 1.8145e-06 1.2107e-05 1.1542e-07
0.0032403 6.1721e-06 1.8553e-06 1.2013e-05 1.0441e-07
0.0032777 6.0673e-06 1.8894e-06 1.193e-05 1.3772e-07
0.0033117 5.9289e-06 1.917e-06 1.1834e-05 1.6573e-07
0.0033534 5.8163e-06 1.8218e-06 1.1751e-05 1.9676e-07
0.0034032 5.7278e-06 1.7361e-06 1.168e-05 2.3141e-07
0.0034488 5.6043e-06 1.6422e-06 1.1596e-05 2.6002e-07
0.0035029 5.5014e-06 1.5572e-06 1.1524e-05 2.4058e-07
0.0038049 5.3632e-06 1.6608e-06 1.139e-05 2.1541e-07
0.004151 5.2451e-06 1.7746e-06 1.127e-05 1.9323e-07
0.0044778 5.0944e-06 1.8803e-06 1.1137e-05 1.6575e-07
0.0048518 4.9662e-06 1.9969e-06 1.1017e-05 1.4167e-07
0.0052797 4.8564e-06 2.1251e-06 1.0908e-05 1.1974e-07
0.0056839 4.7147e-06 2.2446e-06 1.0788e-05 1.5011e-07
0.0061461 4.5908e-06 2.3763e-06 1.068e-05 1.8353e-07
0.0066678 4.4808e-06 2.5196e-06 1.0581e-05 2.1997e-07
0.0071608 4.3395e-06 2.6537e-06 1.0471e-05 2.5072e-07
0.0077249 4.2159e-06 2.8015e-06 1.0373e-05 2.8549e-07
0.0083707 4.061e-06 2.9387e-06 1.0285e-05 3.2499e-07
0.0085932 3.9223e-06 3.0903e-06 1.0239e-05 3.1544e-07
0.0088027 3.7507e-06 3.2305e-06 1.0182e-05 3.4803e-07
0.0090404 3.5473e-06 3.3583e-06 1.0135e-05 3.848e-07
0.0093098 3.3567e-06 3.4987e-06 1.0096e-05 4.2634e-07
0.0095595 3.1334e-06 3.6275e-06 1.0041e-05 4.7329e-07
0.0098464 2.876e-06 3.7425e-06 9.9968e-06 5.2741e-07
0.010176 2.6375e-06 3.8719e-06 9.9631e-06 5.8974e-07
0.010548 2.4103e-06 4.0146e-06 9.9383e-06 6.6019e-07
0.010897 2.1513e-06 4.1462e-06 9.9015e-06 7.2189e-07
0.011226 1.8578e-06 4.2678e-06 9.8536e-06 7.757e-07
0.011604 1.7359e-06 4.2641e-06 9.8161e-06 8.3893e-07
0.011958 2.0205e-06 4.2367e-06 9.7665e-06 8.9334e-07
0.012364 2.3205e-06 4.2203e-06 9.7274e-06 9.5781e-07
0.012823 2.6356e-06 4.2135e-06 9.697e-06 1.0321e-06
0.013362 2.9169e-06 4.1975e-06 9.6765e-06 1.0923e-06
0.013972 3.2131e-06 4.191e-06 9.6646e-06 1.1624e-06
0.01467 3.4742e-06 4.1726e-06 9.6629e-06 1.2452e-06
0.015459 3.751e-06 4.1638e-06 9.6698e-06 1.3404e-06
0.016204 3.9952e-06 4.1467e-06 9.6657e-06 1.4255e-06
0.017047 4.2559e-06 4.1391e-06 9.6702e-06 1.5238e-06
0.017842 4.4838e-06 4.1233e-06 9.6637e-06 1.6115e-06
0.018741 4.7288e-06 4.1168e-06 9.6657e-06 1.7133e-06
0.019769 4.9998e-06 4.1212e-06 9.6779e-06 1.8327e-06
0.020944 5.295e-06 4.1362e-06 9.7e-06 1.9718e-06
0.022285 5.6161e-06 4.1618e-06 9.7321e-06 2.1332e-06
0.023815 5.9655e-06 4.1982e-06 9.7744e-06 2.3198e-06
0.024302 6.3407e-06 4.2444e-06 9.8254e-06 2.5319e-06
0.024853 6.7441e-06 4.3008e-06 9.8852e-06 2.773e-06
0.025372 7.1093e-06 4.3486e-06 9.934e-06 2.996e-06
0.025968 7.5089e-06 4.4082e-06 9.9931e-06 3.2537e-06
0.02653 7.8696e-06 4.4591e-06 1.0041e-05 3.4923e-06
0.026921 8.2693e-06 4.3222e-06 9.9769e-06 3.7686e-06
0.02729 8.6294e-06 4.1749e-06 9.9014e-06 4.0246e-06
0.027718 8.9499e-06 4.0201e-06 9.8367e-06 4.2609e-06
0.02821 9.2287e-06 3.8529e-06 9.7826e-06 4.5315e-06
0.028772 9.5423e-06 3.702e-06 9.7385e-06 4.844e-06
0.029304 9.8173e-06 3.5409e-06 9.6836e-06 5.1349e-06
0.02945 1.0123e-05 3.3936e-06 9.6371e-06 5.1592e-06
0.029585 1.0388e-05 3.2356e-06 9.5793e-06 5.1702e-06
0.029744 1.0687e-05 3.092e-06 9.531e-06 5.201e-06
0.031046 1.2695e-05 2.1276e-06 9.1598e-06 5.5019e-06
0.031263 1.2972e-05 1.9949e-06 9.1024e-06 5.5586e-06
0.031515 1.3292e-05 1.874e-06 9.0546e-06 5.6385e-06
0.031808 1.3657e-05 1.7641e-06 9.0165e-06 5.7481e-06
0.032082 1.4083e-05 1.69e-06 8.9674e-06 5.8333e-06
0.032396 1.4435e-05 1.6027e-06 8.9267e-06 5.9429e-06
0.032753 1.4833e-05 1.5231e-06 8.8942e-06 6.0778e-06
0.033086 1.5285e-05 1.4525e-06 8.8501e-06 6.1946e-06
0.033398 1.5668e-05 1.3729e-06 8.7944e-06 6.2608e-06
0.033688 1.6001e-05 1.4674e-06 8.727e-06 6.3765e-06
0.033744 1.6285e-05 1.5537e-06 8.6696e-06 6.4761e-06
0.03382 1.6612e-05 1.6478e-06 8.6218e-06 6.3594e-06
0.033887 1.6891e-05 1.7338e-06 8.5624e-06 6.2756e-06
0.033945 1.7124e-05 1.8124e-06 8.4922e-06 6.2244e-06
0.034023 1.7313e-05 1.8835e-06 8.4315e-06 6.1566e-06
0.037555 1.4931e-05 3.0942e-06 3.3518e-06 2.755e-06
0.037672 1.4342e-05 3.1038e-06 3.1394e-06 2.5844e-06
0.037815 1.3845e-05 3.002e-06 2.9352e-06 2.3979e-06
0.037987 1.3394e-05 2.9106e-06 2.7389e-06 2.2355e-06
0.038189 1.2894e-05 2.8096e-06 2.5499e-06 2.2335e-06
0.038427 1.2438e-05 2.7185e-06 2.3679e-06 2.2444e-06
0.038701 1.2023e-05 2.6369e-06 2.1912e-06 2.2688e-06
0.038957 1.1655e-05 2.5653e-06 2.0049e-06 2.3067e-06
0.039251 1.1336e-05 2.5033e-06 1.8239e-06 2.7752e-06
0.039586 1.1058e-05 2.4503e-06 1.6477e-06 3.3124e-06
0.039902 1.1246e-05 2.4764e-06 1.4622e-06 3.8096e-06
0.040198 1.1466e-05 2.5096e-06 1.2672e-06 4.3811e-06
0.040536 1.172e-05 2.5499e-06 1.0771e-06 4.8645e-06
0.040828 1.1933e-05 2.583e-06 1.1e-06 5.3455e-06
0.040877 1.2185e-05 2.6245e-06 1.1235e-06 5.8241e-06
0.040905 1.2479e-05 2.6749e-06 1.4481e-06 6.3003e-06
0.040924 1.2757e-05 2.7228e-06 1.7601e-06 6.7741e-06
0.040933 1.3018e-05 2.7681e-06 2.0597e-06 7.2455e-06
0.041622 1.4161e-05 3.0723e-06 8.4396e-06 1.8256e-05
0.041638 1.3992e-05 3.0514e-06 8.6266e-06 1.8666e-05
0.041645 1.3806e-05 3.0278e-06 8.7998e-06 1.9073e-05
0.041642 1.3604e-05 3.0018e-06 8.9606e-06 1.9477e-05
0.041631 1.3385e-05 2.9731e-06 9.1101e-06 1.988e-05
0.041611 1.3149e-05 2.942e-06 9.2481e-06 2.028e-05
0.041371 1.2897e-05 2.9082e-06 9.3974e-06 2.0677e-05
0.041131 1.2628e-05 2.872e-06 9.5421e-06 2.1073e-05
0.040891 1.2343e-05 2.8331e-06 9.6821e-06 2.1466e-05
0.040651 1.2041e-05 2.7918e-06 9.8175e-06 2.1856e-05
0.040444 1.1723e-05 2.7478e-06 9.9636e-06 2.2244e-05
0.040221 1.1388e-05 2.7014e-06 1.0098e-05 2.263e-05
0.039979 1.1036e-05 2.6523e-06 1.1497e-05 2.3013e-05
0.03972 1.0668e-05 2.6008e-06 1.2863e-05 2.3394e-05
0.039499 1.0284e-05 2.5466e-06 1.4297e-05 2.3773e-05
0.039312 9.8825e-06 2.49e-06 1.58e-05 2.4149e-05
0.039155 9.4648e-06 2.4307e-06 1.7376e-05 2.4523e-05
0.038991 9.0306e-06 2.3689e-06 1.891e-05 2.4894e-05
0.038852 8.5798e-06 2.3046e-06 2.0512e-05 2.5264e-05
0.0387 8.1124e-06 2.2377e-06 2.2072e-05 2.563e-05
0.038534 7.6285e-06 2.1683e-06 2.3591e-05 2.5995e-05
0.038396 7.128e-06 2.0963e-06 2.5185e-05 2.6357e-05
0.03825 6.611e-06 2.0218e-06 2.6741e-05 2.6716e-05
0.037747 6.0774e-06 1.9447e-06 2.8385e-05 2.7074e-05
0.037304 5.5273e-06 1.8651e-06 3.0102e-05 2.7429e-05
0.036829 4.9606e-06 1.7829e-06 3.1775e-05 2.7781e-05
0.036419 4.3773e-06 1.6982e-06 3.2187e-05 2.8131e-05
0.035982 3.7775e-06 1.6109e-06 3.258e-05 2.8479e-05
0.034717 3.219e-06 1.5321e-06 3.3072e-05 2.8825e-05
0.033611 3.2186e-06 1.4174e-06 3.3597e-05 2.9168e-05
0.032634 3.2259e-06 1.3115e-06 3.4151e-05 2.9509e-05
0.031616 3.2164e-06 1.1977e-06 3.4678e-05 2.9847e-05
0.030539 3.1899e-06 1.2049e-06 3.5184e-05 3.0183e-05
0.029586 3.1464e-06 1.2161e-06 3.5719e-05 3.0517e-05
0.028743 3.1107e-06 1.2312e-06 3.6285e-05 3.0848e-05
0.027851 3.0463e-06 1.2406e-06 3.683e-05 3.1177e-05
0.025109 2.9895e-06 1.254e-06 3.7406e-05 3.1503e-05
0.022713 2.9023e-06 1.2606e-06 3.8019e-05 3.1827e-05
0.022351 2.825e-06 1.272e-06 3.8609e-05 3.2149e-05
0.022037 2.7594e-06 1.2883e-06 3.9237e-05 3.2469e-05
0.0217 2.6642e-06 1.2984e-06 3.9836e-05 3.2786e-05
0.02134 3.2152e-06 1.3016e-06 4.0412e-05 3.31e-05
0.021028 3.8039e-06 1.3096e-06 4.1025e-05 3.3413e-05
0.020693 4.3493e-06 1.3114e-06 4.1613e-05 3.3723e-05
0.020403 4.9344e-06 1.3181e-06 4.224e-05 3.403e-05
0.020152 5.5632e-06 1.3297e-06 4.2906e-05 3.4336e-05
0.019883 9.2779e-06 1.3335e-06 4.3546e-05 3.4639e-05
0.01965 1.2003e-05 1.3088e-06 4.4227e-05 3.4939e-05
0.019402 1.459e-05 1.4611e-06 4.4885e-05 3.5237e-05
0.019184 1.7051e-05 1.5975e-06 4.5538e-05 3.7834e-05
0.018953 1.9408e-05 1.7251e-06 4.6188e-05 4.0925e-05
0.018706 2.1663e-05 1.8442e-06 4.6833e-05 4.4502e-05
0.018444 2.4138e-05 1.9776e-06 4.7474e-05 4.6564e-05
0.018214 2.9928e-05 2.092e-06 4.8111e-05 4.9077e-05
0.018016 3.4422e-05 2.237e-06 4.8745e-05 5.1972e-05
0.017803 3.8724e-05 2.3711e-06 4.9374e-05 5.468e-05
0.01762 4.2859e-05 2.496e-06 4.9999e-05 5.5907e-05
0.017424 4.7356e-05 2.6358e-06 5.062e-05 5.7042e-05
0.017215 5.1678e-05 2.7661e-06 5.1237e-05 5.7265e-05
0.016993 5.5725e-05 3.1825e-06 5.185e-05 5.7597e-05
0.016798 6.0087e-05 3.633e-06 5.2459e-05 5.8023e-05
0.016603 6.485e-05 3.7519e-06 5.3064e-05 5.8549e-05
0.016408 7.0028e-05 3.8854e-06 5.3664e-05 5.9186e-05
0.016213 7.6198e-05 3.852e-06 5.4261e-05 5.9934e-05
0.016003 7.8374e-05 3.8601e-06 5.4854e-05 6.0819e-05
0.015779 8.1647e-05 3.9189e-06 5.5443e-05 6.1641e-05
0.015583 8.5208e-05 3.9879e-06 5.6027e-05 6.2594e-05
0.015411 8.5845e-05 4.0681e-06 5.6649e-05 6.3692e-05
0.0152 8.6401e-05 4.1394e-06 5.7421e-05 6.4715e-05
0.015018 8.6879e-05 4.202e-06 5.8239e-05 6.5638e-05
0.014825 8.7278e-05 4.2559e-06 5.9031e-05 6.6725e-05
0.014658 8.7598e-05 4.3012e-06 5.9872e-05 6.7994e-05
0.0029797 7.5606e-05 1.0503e-06 0.0001187 7.8518e-05
0.0028158 7.4749e-05 1.0748e-06 0.00011927 7.8678e-05
0.0025141 7.3801e-05 1.0928e-06 0.00011909 7.8008e-05
0.0022506 7.2988e-05 1.1152e-06 0.00011897 7.746e-05
0.0020203 7.2304e-05 1.1423e-06 0.00011889 7.5387e-05
0.0017746 7.1536e-05 1.1632e-06 0.00011879 7.2769e-05
0.001557 7.088e-05 1.1881e-06 0.00011872 7.0466e-05
0.0013248 7.0428e-05 1.2228e-06 0.00011863 6.7956e-05
0.0010787 7.0081e-05 1.2628e-06 0.00011851 6.5202e-05
0.00086064 6.9836e-05 1.3075e-06 0.00011844 6.2777e-05
0.00083069 7.2691e-05 1.3365e-06 0.00011833 6.0179e-05
0.00079804 7.5841e-05 1.3711e-06 0.0001182 5.7923e-05
0.00076963 7.9279e-05 1.4116e-06 0.00011811 5.5508e-05
0.00073865 8.3578e-05 1.4295e-06 0.00011799 5.53e-05
0.00070497 8.7684e-05 1.4409e-06 0.00011783 5.5048e-05
0.00067557 9.1615e-05 1.445e-06 0.00011773 5.487e-05
0.00064998 9.5864e-05 1.4537e-06 0.00011766 5.4028e-05
0.00062226 9.994e-05 1.4564e-06 0.00011757 5.2496e-05
0.00060026 0.00010438 1.4643e-06 0.0001176 5.1172e-05
0.00058129 0.00010882 1.4767e-06 0.00011766 5.0013e-05
0.00056502 0.00011324 1.4935e-06 0.00011777 4.8998e-05
0.00054715 0.00011764 1.5148e-06 0.00011785 4.8111e-05
0.00052765 0.00012204 1.5302e-06 0.00011791 4.7165e-05
0.0005063 0.00012642 1.5532e-06 0.00011793 4.6149e-05
0.00048798 0.00013079 1.5814e-06 0.00011801 4.5271e-05
0.0004721 0.00013515 1.6142e-06 0.00011812 4.4504e-05
0.00045845 0.00013949 1.652e-06 0.00011828 4.3835e-05
0.00044685 0.00014383 1.6947e-06 0.00011847 4.3257e-05
0.00043738 0.00014815 1.7438e-06 0.00011871 4.2771e-05
0.00042653 0.00015245 1.7864e-06 0.00011893 4.2244e-05
0.00041424 0.00015675 1.7795e-06 0.00011911 4.1806e-05
0.00040389 0.00016103 1.7775e-06 0.00011934 4.144e-05
0.00039554 0.0001653 1.7812e-06 0.00011962 4.1149e-05
0.00038886 0.00016956 1.7899e-06 0.00011993 4.0919e-05
0.00038375 0.00017381 1.8035e-06 0.00012029 3.9724e-05
0.00037753 0.00017804 1.811e-06 0.00012063 3.8456e-05
0.00037017 0.00018226 1.8123e-06 0.00012094 3.7141e-05
0.00036459 0.00018647 1.8196e-06 0.00012129 3.5996e-05
0.00036072 0.00019066 1.8328e-06 0.0001217 3.5003e-05
0.00035848 0.00019485 1.8522e-06 0.00012216 3.4143e-05
0.00035785 0.00019902 1.878e-06 0.00012267 3.3417e-05
0.00035882 0.00020318 1.9103e-06 0.00012324 3.0979e-05
0.00036123 0.00020732 1.9486e-06 0.00012386 2.8877e-05
0.00036247 0.00021146 1.9797e-06 0.00012444 2.6636e-05
0.00036535 0.00021558 2.0179e-06 0.00012508 2.468e-05
0.00035047 0.00021969 2.0634e-06 0.00012442 2.3002e-05
0.00033793 0.00022379 2.1169e-06 0.00012381 2.1554e-05
0.00032405 0.00022787 2.1633e-06 0.00012317 2.0304e-05
0.00031214 0.00023194 2.2166e-06 0.00012258 1.9202e-05
0.000302 0.000236 2.2771e-06 0.00012204 1.823e-05
0.0002937 0.00024005 2.3462e-06 0.00012156 1.7386e-05
0.00028427 0.00024409 2.4079e-06 0.00012105 1.6487e-05
0.00027366 0.00024811 2.4623e-06 0.0001205 1.553e-05
0.00026487 0.00025212 2.5255e-06 0.00012002 1.47e-05
0.00025776 0.00025612 2.5971e-06 0.00011958 1.398e-05
0.00024956 0.00026011 2.6609e-06 0.00011912 1.3211e-05
0.00024295 0.00026408 2.7332e-06 0.00011871 1.2536e-05
0.00023521 0.00026804 2.7971e-06 0.00011828 1.181e-05
0.00022881 0.00027199 2.8696e-06 0.00011789 1.1171e-05
0.00022367 0.00027593 2.9511e-06 0.00011755 1.061e-05
0.00021745 0.00027985 3.0238e-06 0.00011718 1.001e-05
0.00021245 0.00028376 3.0875e-06 0.00011685 9.483e-06
0.00020861 0.00028766 3.1603e-06 0.00011657 9.0213e-06
0.00020375 0.00029155 3.2243e-06 0.00011626 8.5223e-06
0.0002003 0.00029543 3.2976e-06 0.00011599 8.0855e-06
0.00019593 0.00029929 3.3627e-06 0.0001157 7.617e-06
0.00019279 0.00030314 3.4387e-06 0.00011362 7.2123e-06
0.00018874 0.00030698 3.5282e-06 0.0001115 6.7781e-06
0.00018584 0.00031081 3.6297e-06 0.00010947 6.4021e-06
0.00018386 0.00031462 3.7416e-06 0.00010754 6.0701e-06
0.00018267 0.00031842 3.8633e-06 0.00010568 5.7746e-06
0.00018078 0.00032221 3.9776e-06 0.00010379 5.4611e-06
0.00017961 0.00032599 4.1011e-06 0.00010197 5.1798e-06
0.00017913 0.00032975 4.2339e-06 0.00010022 4.9271e-06
0.000178 0.00033351 4.3597e-06 9.8433e-05 4.6597e-06
0.00017755 0.00033725 4.4952e-06 9.6715e-05 4.4195e-06
0.0001779 0.00034098 4.4018e-06 9.5068e-05 4.2067e-06
0.00017904 0.00034469 4.3169e-06 9.3489e-05 4.0206e-06
0.00017952 0.0003484 4.2252e-06 9.1881e-05 3.8264e-06
0.00018067 0.00035209 4.1428e-06 9.0333e-05 3.6522e-06
0.00018242 0.00035577 4.0673e-06 8.8835e-05 3.4944e-06
0.00018365 0.00035943 3.9867e-06 8.7319e-05 3.3287e-06
0.00018437 0.00036302 3.9011e-06 8.5785e-05 3.1551e-06
0.00018563 0.00036577 3.8282e-06 8.4298e-05 2.9965e-06
0.00018745 0.00036874 3.7613e-06 8.2857e-05 2.8515e-06
0.00018983 0.00037192 3.7e-06 8.146e-05 2.7191e-06
0.00019277 0.00037533 3.6441e-06 8.0106e-05 2.5983e-06
0.0001963 0.00037237 3.5936e-06 7.8794e-05 2.4884e-06
0.00020044 0.00036961 3.5482e-06 7.7522e-05 2.3887e-06
0.00020512 0.00036704 3.5071e-06 7.6286e-05 2.2972e-06
0.00020928 0.0003644 3.4613e-06 7.5034e-05 2.5333e-06
0.000214 0.00036193 3.4198e-06 7.3817e-05 2.7867e-06
0.00021931 0.00035964 3.3823e-06 7.2633e-05 3.0586e-06
0.00022522 0.00035751 3.3489e-06 7.1483e-05 3.3505e-06
0.00023062 0.00035532 3.3111e-06 7.0319e-05 3.6335e-06
0.00023666 0.0003533 3.2773e-06 6.9187e-05 3.9377e-06
0.00024214 0.00035121 3.2389e-06 6.8041e-05 4.2319e-06
0.00024709 0.00034905 3.1962e-06 6.6881e-05 4.5169e-06
0.00025282 0.00033414 3.1584e-06 6.5758e-05 4.4821e-06
0.00025925 0.0003199 3.1247e-06 6.4667e-05 4.4568e-06
0.00026511 0.00030547 3.0864e-06 6.3561e-05 4.4251e-06
0.00027168 0.00029167 3.0518e-06 6.2486e-05 4.4024e-06
0.00027768 0.00027767 3.0128e-06 6.1397e-05 4.3734e-06
0.00028451 0.00026434 2.9781e-06 6.0341e-05 4.3546e-06
0.00029221 0.00025166 2.9477e-06 5.9318e-05 4.3459e-06
0.00030085 0.00023958 2.9214e-06 5.8327e-05 4.3472e-06
0.00030887 0.00022732 2.8907e-06 5.7322e-05 4.3422e-06
0.00031625 0.00021488 2.8554e-06 5.6302e-05 4.3305e-06
0.00032474 0.0002031 2.8251e-06 5.5318e-05 4.3304e-06
0.00033228 0.00019099 2.7884e-06 5.4311e-05 4.3461e-06
0.00034151 0.00017977 2.7596e-06 5.3353e-05 4.1244e-06
0.00035264 0.0001694 2.7386e-06 5.2446e-05 3.9696e-06
0.00036247 0.00015864 2.7101e-06 5.1509e-05 3.7992e-06
0.0003741 0.00014862 2.6886e-06 5.0616e-05 3.6514e-06
0.00037139 0.00013932 2.674e-06 5.0085e-05 3.5248e-06
0.00036751 0.00013837 2.651e-06 4.953e-05 3.3834e-06
0.00036255 0.00013759 2.6359e-06 4.8953e-05 3.2645e-06
0.0003565 0.00013698 2.6276e-06 4.8354e-05 3.1677e-06
0.00034966 0.0001363 2.614e-06 4.774e-05 3.0625e-06
0.00034378 0.00013572 2.6042e-06 4.7149e-05 2.9681e-06
0.00033724 0.00013509 2.5898e-06 4.6544e-05 2.8666e-06
0.00033009 0.00013441 2.571e-06 4.5928e-05 2.7585e-06
0.00032232 0.00013369 2.5479e-06 4.5301e-05 2.6439e-06
0.00031549 0.00013305 2.5284e-06 4.4695e-05 2.5398e-06
0.00030954 0.00013252 2.5125e-06 4.4111e-05 2.4456e-06
0.00030301 0.00013193 2.4924e-06 4.3515e-05 2.3452e-06
0.00029734 0.00013145 2.4757e-06 4.2939e-05 2.2542e-06
0.00029239 0.00013104 2.462e-06 4.2382e-05 2.1708e-06
0.00028813 0.00013071 2.4511e-06 4.1841e-05 2.0946e-06
0.00028454 0.00013045 2.443e-06 4.1318e-05 2.0252e-06
0.00028039 0.00013016 2.4307e-06 4.0783e-05 1.9501e-06
0.00027691 0.00012994 2.4212e-06 4.0266e-05 1.8816e-06
0.00027287 0.00012968 2.4075e-06 3.9738e-05 1.8075e-06
0.00026958 0.0001295 2.3972e-06 3.9229e-05 1.7406e-06
0.00026692 0.00012941 2.3898e-06 3.8736e-05 1.6797e-06
0.00026369 0.00012927 2.3779e-06 3.8232e-05 1.6131e-06
0.00026132 0.00012923 2.3703e-06 3.7749e-05 1.5544e-06
0.00025824 0.00012913 2.3575e-06 3.7252e-05 1.4887e-06
0.00025615 0.00012916 2.3498e-06 3.6779e-05 1.432e-06
0.00025511 0.00012931 2.3477e-06 3.6332e-05 1.3843e-06
0.00025529 0.00012924 2.3325e-06 3.5912e-05 1.3277e-06
0.0002545 0.00012908 2.3092e-06 3.5475e-05 1.2803e-06
0.0002528 0.00012884 2.2794e-06 3.5019e-05 1.2247e-06
0.00025012 0.0001285 2.2424e-06 3.4543e-05 1.16e-06
0.00024641 0.00012807 2.1981e-06 3.4045e-05 1.0858e-06
0.00024163 0.0001278 2.1624e-06 3.3526e-05 1.0015e-06
0.00023824 0.00012769 2.1342e-06 3.3039e-05 8.8032e-07
0.00023372 0.00012771 2.1122e-06 3.2519e-05 7.7306e-07
0.00023181 0.00012764 2.0827e-06 3.2111e-05 7.6702e-07
0.00023101 0.00012771 2.0593e-06 3.1728e-05 7.6637e-07
0.00022929 0.00012813 2.0121e-06 3.1326e-05 7.5899e-07
0.00022881 0.00012803 1.9838e-06 3.0952e-05 7.5776e-07
0.00022921 0.00012804 1.9601e-06 3.0599e-05 7.6068e-07
0.00022885 0.00012798 1.9308e-06 3.023e-05 7.5779e-07
0.0002278 0.00012786 1.8963e-06 2.9848e-05 7.4949e-07
0.00022754 0.00012784 1.8658e-06 2.9484e-05 7.4479e-07
0.00022654 0.00012775 1.8298e-06 2.9105e-05 7.344e-07
0.00022647 0.00012779 1.7987e-06 2.8748e-05 7.284e-07
0.00022568 0.00012776 1.7622e-06 2.8376e-05 7.1689e-07
0.0002259 0.00012724 1.7388e-06 2.8027e-05 7.1103e-07
0.00022699 0.00012685 1.7196e-06 2.7696e-05 7.091e-07
0.00022738 0.00012639 1.6952e-06 2.7352e-05 7.0176e-07
0.00022868 0.00012605 1.6751e-06 2.7028e-05 6.9852e-07
0.00023081 0.00012583 1.6586e-06 2.672e-05 6.9881e-07
0.00023233 0.00012555 1.6376e-06 2.6401e-05 6.9428e-07
0.00023454 0.0001249 1.6237e-06 2.6096e-05 6.9242e-07
0.00023744 0.00012435 1.6124e-06 2.5805e-05 6.9314e-07
0.00024104 0.0001239 1.6037e-06 2.5527e-05 6.9643e-07
0.00024404 0.00012339 1.5906e-06 2.5238e-05 6.95e-07
0.00024778 0.00012299 1.5802e-06 2.4962e-05 6.9629e-07
0.00025227 0.00012267 1.5724e-06 2.4699e-05 7.0027e-07
0.0002561 0.0001223 1.5599e-06 2.4425e-05 6.992e-07
0.00025926 0.00012186 1.5428e-06 2.4139e-05 6.9308e-07
0.00026331 0.00012154 1.5289e-06 2.3869e-05 6.9034e-07
0.00024662 0.00012132 1.5179e-06 2.3612e-05 6.9052e-07
0.00025957 0.00012104 1.502e-06 2.3342e-05 6.8548e-07
0.00027394 0.00012086 1.4895e-06 2.3088e-05 6.8393e-07
0.0002897 0.00012079 1.4796e-06 2.2847e-05 6.8524e-07
0.00030699 0.00012081 1.4726e-06 2.2618e-05 6.905e-07
0.00032595 0.00012093 1.4683e-06 2.2402e-05 6.9881e-07
0.00034699 0.00012117 1.4673e-06 2.2201e-05 7.11e-07
0.00037034 0.00012152 1.4699e-06 2.2013e-05 7.2729e-07
0.00039632 0.00012199 1.476e-06 2.1841e-05 7.4812e-07
0.00042528 0.00012259 1.4859e-06 2.1682e-05 7.7395e-07
0.00042592 0.00012332 1.4999e-06 2.1539e-05 7.9354e-07
0.00042796 0.00012419 1.518e-06 2.141e-05 8.0736e-07
0.00043123 0.000125 1.53e-06 2.1293e-05 8.2528e-07
0.00043368 0.00012574 1.5374e-06 2.1165e-05 8.378e-07
0.0004373 0.00012659 1.5476e-06 2.1049e-05 8.5413e-07
0.00051687 0.00012737 1.553e-06 2.0921e-05 8.648e-07
0.00059363 0.00012809 1.5537e-06 2.0783e-05 8.7015e-07
0.00066766 0.00012875 1.5497e-06 2.0634e-05 8.7016e-07
0.00074949 0.00012955 1.5494e-06 2.0499e-05 8.7485e-07
0.00084003 0.00013047 1.5527e-06 2.0376e-05 8.6131e-07
0.00092729 0.00013133 1.5513e-06 2.0243e-05 8.423e-07
0.0010228 0.00013212 1.5441e-06 2.012e-05 8.2728e-07
0.0011283 0.00013304 1.5404e-06 2.001e-05 8.1667e-07
0.0012301 0.00013389 1.532e-06 1.9889e-05 8.008e-07
0.0013284 0.00013468 1.5198e-06 1.9759e-05 7.7965e-07
0.001435 0.00013558 1.5099e-06 1.9637e-05 7.6155e-07
0.0015511 0.00013658 1.5026e-06 1.9525e-05 7.4677e-07
0.0015677 0.00013769 1.4974e-06 1.9421e-05 7.3454e-07
0.0015833 0.00013874 1.4882e-06 1.9308e-05 7.1781e-07
0.0016015 0.00013991 1.4812e-06 1.9204e-05 7.0373e-07
0.0016221 0.00014117 1.4763e-06 1.9109e-05 6.9209e-07
0.0016455 0.00014255 1.4734e-06 1.9021e-05 6.8278e-07
0.0016717 0.00014404 1.4726e-06 1.8941e-05 6.7572e-07
0.0016968 0.00014548 1.4679e-06 1.8853e-05 6.6445e-07
0.0017208 0.00014688 1.4594e-06 1.8757e-05 6.4895e-07
0.0017437 0.00014822 1.447e-06 1.8653e-05 6.2922e-07
0.0017656 0.00014951 1.4307e-06 1.8541e-05 6.0396e-07
0.0017864 0.00015076 1.4106e-06 1.8421e-05 5.7444e-07
0.00181 0.00015211 1.3925e-06 1.8309e-05 5.4723e-07
0.0018365 0.00015358 1.3764e-06 1.8205e-05 5.2216e-07
0.0018657 0.00015516 1.3618e-06 1.8107e-05 4.9859e-07
0.0018982 0.00015686 1.3491e-06 1.8017e-05 4.7685e-07
0.0019338 0.00015866 1.3378e-06 1.7934e-05 4.5638e-07
0.0019727 0.00016059 1.328e-06 1.7856e-05 4.3709e-07
0.0020152 0.00016264 1.3196e-06 1.7785e-05 4.1893e-07
0.0020615 0.00016689 1.185e-06 1.7721e-05 4.0191e-07
0.0021063 0.00017107 1.0455e-06 1.7648e-05 3.8084e-07
0.0021498 0.00017517 9.0136e-07 1.7568e-05 3.5585e-07
0.0021915 0.0001795 7.6298e-07 1.7481e-05 3.3221e-07
0.002237 0.00018404 6.2916e-07 1.7399e-05 3.0934e-07
0.0022864 0.00018879 4.9957e-07 1.7324e-05 2.8711e-07
0.0023401 0.00019378 3.7392e-07 1.7255e-05 2.6538e-07
0.0023982 0.000199 2.519e-07 1.7192e-05 2.4405e-07
0.0024612 0.00020447 1.3322e-07 1.7135e-05 2.2299e-07
0.0025223 0.00020985 1.3222e-07 1.707e-05 1.9814e-07
0.0025818 0.00021513 1.2819e-07 1.6997e-05 1.6948e-07
0.0026467 0.0002207 1.229e-07 1.6932e-05 1.4136e-07
0.0027175 0.00022657 1.1632e-07 1.6873e-05 1.1359e-07
0.0027947 0.00023274 1.0845e-07 1.6822e-05 8.6014e-08
0.00287 0.0002762 1.6228e-07 1.6763e-05 1.1385e-07
0.0029434 0.00031917 2.1271e-07 1.6696e-05 1.3809e-07
0.0030227 0.00036408 2.6339e-07 1.6635e-05 1.6218e-07
0.0031092 0.00041126 3.1479e-07 1.6582e-05 1.8657e-07
0.0032026 0.0004205 3.6672e-07 1.6534e-05 2.1111e-07
0.0032935 0.00042961 4.1508e-07 1.6478e-05 2.3188e-07
0.0033822 0.00043858 4.5989e-07 1.6415e-05 2.4887e-07
0.0034786 0.00044803 5.0557e-07 1.6359e-05 2.6635e-07
0.0035835 0.00045796 5.5225e-07 1.6309e-05 2.8443e-07
0.003686 0.00046777 5.9543e-07 1.6252e-05 2.988e-07
0.0037965 0.00047804 6.3934e-07 1.6201e-05 3.0947e-07
0.0039045 0.00048817 6.7973e-07 1.6142e-05 3.1644e-07
0.004022 0.00049884 7.213e-07 1.609e-05 3.2403e-07
0.0041369 0.00050937 7.5933e-07 1.6031e-05 5.4946e-07
0.0042606 0.00052039 7.9824e-07 1.5977e-05 7.8953e-07
0.004395 0.00053198 8.3852e-07 1.593e-05 1.0476e-06
0.0045266 0.00054343 8.7522e-07 1.5875e-05 1.2979e-06
0.0046694 0.00055547 9.1336e-07 1.5827e-05 1.5674e-06
0.0048088 0.00056734 9.4778e-07 1.5772e-05 1.8282e-06
0.004959 0.00057977 9.8334e-07 1.5722e-05 2.1074e-06
0.0051048 0.00059286 1.0206e-06 1.5664e-05 2.4092e-06
0.0052469 0.00060574 1.054e-06 1.5599e-05 2.701e-06
0.0054024 0.00061844 1.0836e-06 1.5539e-05 2.9832e-06
0.0055705 0.00063177 1.1147e-06 1.5486e-05 3.2879e-06
0.0057348 0.00064491 1.1419e-06 1.5425e-05 3.5829e-06
0.0059121 0.00065869 1.1707e-06 1.537e-05 3.9007e-06
0.006085 0.00067226 1.1955e-06 1.5307e-05 4.2077e-06
0.0062537 0.00068561 1.2165e-06 1.5236e-05 4.5041e-06
0.006418 0.00069874 1.2334e-06 1.5156e-05 4.8461e-06
0.0065954 0.00071253 1.2519e-06 1.5081e-05 5.215e-06
0.0067688 0.00072612 1.2665e-06 1.4999e-05 5.5727e-06
0.0069562 0.00074042 1.2828e-06 1.4923e-05 5.9594e-06
0.0071393 0.00075451 1.2952e-06 1.4839e-05 6.3341e-06
0.0073372 0.00076931 1.3093e-06 1.4762e-05 6.7397e-06
0.0073583 0.00078499 1.3258e-06 1.4692e-05 6.7291e-06
0.0073776 0.00080041 1.3383e-06 1.4614e-05 6.7109e-06
0.0073951 0.0008156 1.3468e-06 1.4529e-05 6.6853e-06
0.0074178 0.0008316 1.3573e-06 1.445e-05 6.6732e-06
0.0074387 0.00084736 1.3639e-06 1.4363e-05 6.6538e-06
0.0074579 0.00086288 1.3665e-06 1.4268e-05 6.6269e-06
0.0074824 0.00087925 1.3713e-06 1.418e-05 6.614e-06
0.0073885 0.00089535 1.3714e-06 1.4098e-05 6.5811e-06
0.0073027 0.00091228 1.3733e-06 1.4022e-05 6.5612e-06
0.0072245 0.00093023 1.3775e-06 1.3952e-05 6.5338e-06
0.0071532 0.00094905 1.3833e-06 1.3887e-05 6.5183e-06
0.007089 0.00096885 1.3911e-06 1.3829e-05 6.5159e-06
0.0070308 0.00098958 1.4004e-06 1.3775e-05 6.525e-06
0.0069706 0.00101 1.4059e-06 1.3714e-05 6.527e-06
0.0069168 0.0010315 1.4132e-06 1.3659e-05 6.542e-06
0.0068691 0.0010541 1.4226e-06 1.3609e-05 6.5701e-06
0.0068196 0.0010765 1.4282e-06 1.3552e-05 6.5915e-06
0.0067755 0.0010998 1.4354e-06 1.3501e-05 6.6248e-06
0.0067373 0.0011245 1.4449e-06 1.3455e-05 6.6721e-06
0.0067047 0.0011505 1.4566e-06 1.3416e-05 6.3785e-06
0.0066768 0.0011778 1.4702e-06 1.3382e-05 6.1077e-06
0.0064517 0.0012065 1.4859e-06 1.3354e-05 5.8614e-06
0.0062426 0.0012365 1.5035e-06 1.333e-05 5.6345e-06
0.0060499 0.0012681 1.5232e-06 1.3313e-05 5.4278e-06
0.005871 0.0013011 1.5448e-06 1.33e-05 5.2378e-06
0.0056877 0.0013337 1.5625e-06 1.3279e-05 5.0393e-06
0.0055176 0.0013679 1.5819e-06 1.3263e-05 4.8569e-06
0.0053596 0.0014036 1.6033e-06 1.3252e-05 4.6895e-06
0.0052133 0.001441 1.6267e-06 1.3246e-05 4.5366e-06
0.0050777 0.0014801 1.6522e-06 1.3244e-05 4.3971e-06
0.0049385 0.0015187 1.6736e-06 1.3235e-05 4.2498e-06
0.0047956 0.0015568 1.6908e-06 1.3218e-05 4.0945e-06
0.0046645 0.0015969 1.7108e-06 1.3207e-05 3.9544e-06
0.0045435 0.0016389 1.7331e-06 1.3201e-05 3.8272e-06
0.0044332 0.0016833 1.7586e-06 1.3202e-05 3.7142e-06
0.0043341 0.0017267 1.7776e-06 1.3211e-05 3.6167e-06
0.004246 0.0017731 1.8012e-06 1.3229e-05 3.535e-06
0.0041527 0.0018182 1.819e-06 1.3236e-05 3.4422e-06
0.004054 0.0018618 1.8308e-06 1.3233e-05 3.338e-06
0.0037172 0.0019088 1.8478e-06 1.3239e-05 3.2512e-06
0.003427 0.0019601 1.8715e-06 1.3258e-05 3.1831e-06
0.0031196 0.0020097 1.8887e-06 1.3264e-05 3.1032e-06
0.0027945 0.0020576 1.8996e-06 1.3259e-05 3.0115e-06
0.0025097 0.0021096 1.9168e-06 1.3266e-05 2.938e-06
0.0022569 0.0021656 1.9394e-06 1.3283e-05 2.8795e-06
0.0019877 0.0022195 1.9553e-06 1.3288e-05 2.8091e-06
0.0019434 0.002278 1.9777e-06 1.3276e-05 2.7553e-06
0.001906 0.002342 1.8696e-06 1.3276e-05 2.7171e-06
0.0018746 0.0024035 1.7525e-06 1.3289e-05 2.6674e-06
0.0018489 0.0024486 1.5831e-06 1.3314e-05 2.6059e-06
0.0018282 0.0024976 1.4277e-06 1.3352e-05 2.5601e-06
0.0018122 0.002551 1.2852e-06 1.3404e-05 2.4982e-06
0.0017938 0.002609 1.1544e-06 1.3443e-05 2.4518e-06
0.00178 0.0026721 1.0342e-06 1.3496e-05 2.4197e-06
0.001764 0.0027407 9.2363e-07 1.3536e-05 2.4016e-06
0.0017454 0.0028067 8.048e-07 1.3564e-05 2.3727e-06
0.0017242 0.0028698 8.3004e-07 1.3578e-05 2.3331e-06
0.0017072 0.0029377 8.5844e-07 1.3604e-05 2.3056e-06
0.0016814 0.0030117 8.9154e-07 1.3691e-05 2.2672e-06
0.0016601 0.0030915 9.2818e-07 1.379e-05 2.2406e-06
0.0016429 0.0031775 9.686e-07 1.3901e-05 2.2255e-06
0.0016231 0.0032602 1.003e-06 1.3998e-05 2.2001e-06
0.0016078 0.00335 1.042e-06 1.4109e-05 2.1875e-06
0.0015344 0.0034476 1.0859e-06 1.4235e-05 2.1874e-06
0.0014563 0.0035017 1.2232e-06 1.4347e-05 2.1781e-06
0.0013874 0.0035602 1.371e-06 1.4472e-05 2.1797e-06
0.0013276 0.0036239 1.386e-06 1.4611e-05 2.1939e-06
0.0012758 0.0036851 1.3932e-06 1.4765e-05 2.221e-06
0.0012311 0.0037516 1.4054e-06 1.4934e-05 2.2614e-06
0.0011828 0.0038155 1.4113e-06 1.5089e-05 2.294e-06
0.0011308 0.0038771 1.4111e-06 1.5231e-05 2.3166e-06
0.0010857 0.0039439 1.4158e-06 1.5387e-05 2.3519e-06
0.0010459 0.0040157 1.4245e-06 1.5556e-05 2.3986e-06
0.0010031 0.0040849 1.4271e-06 1.5711e-05 2.4069e-06
0.00096533 0.0041593 1.4338e-06 1.5879e-05 2.4259e-06
0.00092468 0.0042397 1.4452e-06 1.6033e-05 2.4572e-06
0.00088923 0.0043266 1.4613e-06 1.6202e-05 2.3203e-06
0.00085804 0.0044199 1.4816e-06 1.6383e-05 2.2013e-06
0.00082512 0.004511 1.4969e-06 1.6554e-05 2.0733e-06
0.0007956 0.0046079 1.5155e-06 1.6736e-05 1.9584e-06
0.00076916 0.0047026 1.5282e-06 1.6929e-05 1.8566e-06
0.00074536 0.0048029 1.5437e-06 1.7131e-05 1.7648e-06
0.00072371 0.0049082 1.5615e-06 1.7342e-05 1.6808e-06
0.00070098 0.0050119 1.575e-06 1.7543e-05 1.5905e-06
0.00067723 0.0051208 1.5911e-06 1.7736e-05 1.4941e-06
0.00065245 0.0052282 1.603e-06 1.7921e-05 1.3915e-06
0.00062983 0.005341 1.6173e-06 1.8114e-05 1.2968e-06
0.00064371 0.005452 1.6273e-06 1.8185e-05 1.1958e-06
0.00065661 0.005561 1.6327e-06 1.8247e-05 1.088e-06
0.00066852 0.005668 1.6337e-06 1.83e-05 9.7301e-07
0.00067944 0.005773 1.63e-06 1.8344e-05 8.506e-07
0.00069215 0.005884 1.6293e-06 1.8396e-05 7.3802e-07
0.00070715 0.0060035 1.6333e-06 1.8461e-05 6.3628e-07
0.00072473 0.0061315 1.6416e-06 1.8537e-05 5.4458e-07
0.00071771 0.0061723 1.6558e-06 1.8631e-05 4.6728e-07
0.00071323 0.0062168 1.6759e-06 1.874e-05 3.994e-07
0.00071094 0.0062649 1.7012e-06 1.8866e-05 3.3865e-07
0.00071092 0.0063256 1.7474e-06 1.9006e-05 3.2582e-07
0.00071305 0.0063912 1.7996e-06 1.9161e-05 3.1569e-07
0.00071364 0.0064542 1.8446e-06 1.9302e-05 2.9979e-07
0.00071269 0.0065147 1.8825e-06 1.9427e-05 3.7785e-07
0.00071415 0.0065806 1.9274e-06 1.957e-05 4.6612e-07
0.00071421 0.0066518 1.9797e-06 1.9699e-05 5.4582e-07
0.00071642 0.0066727 2.0388e-06 1.9843e-05 6.3529e-07
0.00072084 0.0066956 2.1051e-06 2.0002e-05 7.3592e-07
0.00072779 0.0067211 2.1802e-06 2.018e-05 8.5117e-07
0.00073712 0.0067488 2.2636e-06 2.0375e-05 9.8114e-07
0.00074492 0.0067754 2.3393e-06 2.0555e-05 1.0998e-06
0.00075517 0.0068045 2.4234e-06 2.0751e-05 1.2343e-06
0.0007637 0.0068327 2.499e-06 2.0932e-05 1.3559e-06
0.00075462 0.0068635 2.4364e-06 2.0723e-05 1.3551e-06
0.00074375 0.0068928 2.6125e-06 2.154e-05 1.3456e-06
0.0007311 0.0069249 2.8056e-06 2.2331e-05 1.3456e-06
0.00072129 0.0069601 3.0172e-06 2.3163e-05 1.3549e-06
0.00071387 0.0069982 3.2467e-06 2.4033e-05 1.3725e-06
0.00070872 0.0070348 3.461e-06 2.4942e-05 1.3987e-06
0.00070576 0.0070745 3.4751e-06 2.5893e-05 1.4338e-06
0.00070495 0.0071177 3.4977e-06 2.6887e-05 1.4785e-06
0.00070261 0.0071592 3.5119e-06 2.7851e-05 1.5137e-06
0.00069875 0.0071991 3.5179e-06 2.8788e-05 1.5398e-06
0.00046744 0.0088265 2.3947e-06 6.2613e-05 1.0358e-06
0.00045488 0.0088692 2.3101e-06 6.3427e-05 1.1292e-06
0.00044444 0.0089154 2.2339e-06 6.4288e-05 1.2576e-06
0.00043596 0.0089655 2.1657e-06 6.5196e-05 1.4035e-06
0.00042605 0.0090136 2.0894e-06 6.6072e-05 1.5305e-06
0.00041826 0.009066 2.0219e-06 6.7002e-05 1.6776e-06
0.00041246 0.0091233 1.9626e-06 6.7989e-05 1.8476e-06
0.00040853 0.0091785 1.8958e-06 6.9034e-05 2.0441e-06
0.00040621 0.0092381 1.836e-06 7.0134e-05 2.2672e-06
0.00040273 0.0092957 1.7691e-06 7.1202e-05 2.4734e-06
0.00040104 0.0093508 1.6922e-06 7.2332e-05 2.7231e-06
0.0004011 0.0094036 1.605e-06 7.3528e-05 3.0108e-06
0.0004029 0.0094611 1.5263e-06 7.4791e-05 3.3422e-06
0.00040346 0.0095164 1.4397e-06 7.6009e-05 3.6482e-06
0.00040279 0.0095693 1.3452e-06 7.7189e-05 3.9292e-06
0.00040387 0.0096271 1.2591e-06 7.8437e-05 4.2542e-06
0.00040811 0.0096828 1.1653e-06 7.8512e-05 4.3179e-06
0.00041443 0.0097435 1.0795e-06 7.7419e-05 4.4029e-06
0.00042253 0.0098018 9.8518e-07 7.6382e-05 4.5082e-06
0.00042938 0.0098437 8.7693e-07 7.5313e-05 4.6408e-06
0.00043806 0.0098891 7.7613e-07 7.4299e-05 4.7977e-06
0.0004487 0.0099382 6.8212e-07 7.3337e-05 4.9884e-06
0.00046174 0.0099627 6.3726e-07 7.2432e-05 5.1559e-06
0.00047739 0.0099897 5.9621e-07 7.1582e-05 5.3552e-06
0.00049562 0.010019 5.5806e-07 7.0778e-05 5.586e-06
0.00051705 0.010052 5.2312e-07 7.0024e-05 5.5767e-06
0.00054207 0.010088 4.9111e-07 6.932e-05 5.3134e-06
0.00057114 0.010127 4.6178e-07 6.8662e-05 5.0885e-06
0.00059782 0.01017 4.3496e-07 6.7976e-05 4.5527e-06
0.00062883 0.010202 4.1566e-07 6.7336e-05 4.0868e-06
0.00066419 0.010238 3.9778e-07 6.6737e-05 3.676e-06
0.000698 0.010272 3.7512e-07 6.611e-05 3.2331e-06
0.00073711 0.010309 3.5426e-07 6.5527e-05 2.8475e-06
0.00078158 0.010349 3.346e-07 6.4983e-05 2.5071e-06
0.00083207 0.010393 3.1603e-07 6.4475e-05 2.2063e-06
0.00087892 0.010435 2.9285e-07 6.3942e-05 1.8813e-06
0.00093214 0.010481 2.707e-07 6.3445e-05 1.5979e-06
0.00098152 0.010525 2.4397e-07 6.2923e-05 1.2916e-06
0.0010376 0.010572 2.1819e-07 6.2437e-05 1.02e-06
0.0010491 0.010624 1.9354e-07 6.199e-05 7.8234e-07
0.0010641 0.010681 1.6983e-07 6.1582e-05 5.7397e-07
0.0010827 0.010742 1.4686e-07 6.1211e-05 3.936e-07
0.0010992 0.010802 1.1964e-07 6.0817e-05 3.6622e-07
0.0011196 0.010866 9.3061e-08 6.0459e-05 3.4321e-07
0.0011377 0.010928 1.0875e-07 6.0074e-05 3.1391e-07
0.0011535 0.010987 1.206e-07 5.9664e-05 2.7823e-07
0.0011673 0.011044 1.2863e-07 5.923e-05 2.3603e-07
0.0011789 0.011098 1.3286e-07 5.8772e-05 1.8713e-07
0.0011597 0.011158 1.3661e-07 5.8347e-05 1.4247e-07
0.0011373 0.011215 1.3654e-07 5.8885e-05 1.5759e-07
0.0011196 0.011277 1.3623e-07 5.8611e-05 1.7455e-07
0.0011051 0.011344 1.3545e-07 5.8368e-05 1.9383e-07
0.0010886 0.011409 1.3085e-07 5.8102e-05 2.0778e-07
0.0010698 0.011471 1.2244e-07 5.7813e-05 2.1648e-07
0.0010544 0.011539 1.1356e-07 5.7554e-05 2.2687e-07
0.0010425 0.011557 1.0438e-07 5.7329e-05 2.3963e-07
0.0010339 0.011552 9.4926e-08 5.7138e-05 2.55e-07
0.0010284 0.011548 8.4997e-08 5.6979e-05 2.7329e-07
0.0010206 0.011546 7.4514e-08 5.6782e-05 2.4521e-07
0.0010161 0.011543 1.0632e-07 5.6618e-05 2.9683e-07
0.0010141 0.011541 1.3861e-07 5.6482e-05 3.5382e-07
0.0010106 0.011539 1.6668e-07 5.6326e-05 4.0386e-07
0.0010094 0.011538 1.9518e-07 5.6196e-05 4.5925e-07
0.00097031 0.011539 2.2461e-07 5.6096e-05 5.2173e-07
0.0009361 0.011541 2.5513e-07 5.6024e-05 5.9216e-07
0.00090625 0.011545 2.8692e-07 5.5979e-05 6.7162e-07
0.00091885 0.011548 3.1447e-07 5.5795e-05 7.4338e-07
0.00090075 0.011553 3.434e-07 5.564e-05 8.2484e-07
0.00088527 0.011559 3.7344e-07 5.551e-05 9.158e-07
0.00086834 0.011564 3.9918e-07 5.5362e-05 9.9842e-07
0.00085426 0.011571 4.2658e-07 5.5243e-05 1.0927e-06
0.00083868 0.011578 4.4954e-07 5.5105e-05 1.1781e-06
0.00082135 0.011583 4.6791e-07 5.4949e-05 1.2541e-06
0.00080731 0.011591 4.884e-07 5.4824e-05 1.3436e-06
0.00079132 0.011598 5.0395e-07 5.4678e-05 1.4223e-06
0.00077333 0.011603 5.1404e-07 5.4509e-05 1.4059e-06
0.00075328 0.011608 5.1923e-07 5.4319e-05 1.3805e-06
0.00073665 0.011614 5.2651e-07 5.4161e-05 1.365e-06
0.00072285 0.01162 5.2865e-07 5.4031e-05 1.394e-06
0.00070718 0.011627 5.3299e-07 5.3879e-05 1.4335e-06
0.00068962 0.011634 5.3243e-07 5.3706e-05 1.484e-06
0.00067029 0.011639 5.2726e-07 5.3514e-05 1.5259e-06
0.00065414 0.011647 5.2409e-07 5.3352e-05 1.5589e-06
0.00064055 0.011656 5.2237e-07 5.3217e-05 1.6014e-06
0.00062543 0.011664 5.1614e-07 5.3063e-05 1.6353e-06
0.00061304 0.011674 5.118e-07 5.2939e-05 1.6804e-06
0.00060292 0.011686 5.089e-07 5.2842e-05 1.7359e-06
0.00059524 0.011697 5.0112e-07 5.2774e-05 1.8048e-06
0.00058602 0.011706 6.2197e-07 5.2686e-05 1.8631e-06
0.00057919 0.011718 6.4197e-07 5.2627e-05 1.9354e-06
0.00057438 0.011732 6.6435e-07 5.2596e-05 2.0213e-06
0.00061726 0.011733 7.4905e-07 5.2544e-05 2.0656e-06
0.00066655 0.011735 8.4083e-07 5.2521e-05 2.1237e-06
0.00067745 0.01174 9.3937e-07 5.2526e-05 2.0494e-06
0.00068669 0.011743 1.0303e-06 5.251e-05 1.9636e-06
0.00069835 0.011748 1.1283e-06 5.252e-05 1.8914e-06
0.00071264 0.011735 1.2509e-06 5.2558e-05 1.8317e-06
0.00073009 0.011724 1.2561e-06 5.2626e-05 1.7853e-06
0.00075061 0.011714 1.2654e-06 5.272e-05 1.7495e-06
0.0007745 0.011707 1.2786e-06 5.2842e-05 1.7239e-06
0.00080211 0.0117 1.2959e-06 5.2991e-05 1.708e-06
0.00082755 0.011694 1.3075e-06 5.312e-05 1.6834e-06
0.00085741 0.011688 1.324e-06 5.3281e-05 1.6698e-06
0.00088485 0.011668 1.4117e-06 5.3422e-05 1.6442e-06
0.00091648 0.01165 1.5068e-06 5.359e-05 1.628e-06
0.00094572 0.011631 1.5946e-06 5.3739e-05 1.6034e-06
0.0009799 0.011615 1.6913e-06 5.3919e-05 1.5893e-06
0.001019 0.0116 1.7964e-06 5.4127e-05 1.5842e-06
0.0010644 0.011584 1.8928e-06 5.4367e-05 1.59e-06
0.0011168 0.01157 1.9994e-06 5.464e-05 1.6063e-06
0.0011652 0.011555 2.0969e-06 5.4891e-05 1.6103e-06
0.0012212 0.011542 2.0624e-06 5.5174e-05 1.6246e-06
0.0012737 0.011529 2.0213e-06 5.5438e-05 1.6307e-06
0.0013229 0.011514 1.9737e-06 5.5683e-05 1.6289e-06
0.0013789 0.011501 1.9322e-06 5.5956e-05 1.6359e-06
0.0014315 0.011488 1.8843e-06 5.6211e-05 1.635e-06
0.0014809 0.011473 1.8301e-06 5.6447e-05 1.6261e-06
0.0015374 0.011461 1.7822e-06 5.6713e-05 1.6292e-06
0.0016018 0.01145 1.7404e-06 5.701e-05 1.6416e-06
0.0016624 0.011439 1.6925e-06 5.7288e-05 1.6462e-06
0.0017192 0.011411 1.723e-06 5.7545e-05 1.6377e-06
0.0017848 0.011385 1.7599e-06 5.7836e-05 1.6396e-06
0.0018603 0.011363 1.8034e-06 5.8161e-05 1.652e-06
0.0019472 0.011342 1.8539e-06 5.8522e-05 1.6751e-06
0.002024 0.011321 1.8976e-06 5.8967e-05 1.7094e-06
0.0020423 0.011302 1.9486e-06 5.9547e-05 1.7566e-06
0.0020656 0.011285 2.0075e-06 6.017e-05 1.8166e-06
0.0020938 0.01127 2.0736e-06 6.0831e-05 1.8889e-06
0.0021279 0.011258 2.1483e-06 6.1538e-05 1.9764e-06
0.0021295 0.011246 2.2311e-06 6.1524e-05 2.0789e-06
0.0021287 0.011235 2.3056e-06 6.1488e-05 2.169e-06
0.0021256 0.011222 2.3726e-06 6.1432e-05 2.2483e-06
0.002127 0.011168 2.449e-06 6.1409e-05 2.3445e-06
0.0021258 0.01111 2.513e-06 6.1364e-05 2.4574e-06
0.0021224 0.011057 2.5853e-06 6.1298e-05 2.5887e-06
0.0021229 0.011008 2.6664e-06 6.1262e-05 2.7405e-06
0.0021212 0.010957 2.7396e-06 6.1205e-05 2.8767e-06
0.0021237 0.010911 2.8227e-06 6.1181e-05 3.0361e-06
0.0020777 0.010862 2.8947e-06 6.1188e-05 3.0159e-06
0.002029 0.010812 2.96e-06 6.1179e-05 3.0079e-06
0.001985 0.010765 3.0311e-06 6.119e-05 3.0089e-06
0.001939 0.010717 3.0966e-06 6.1188e-05 3.0031e-06
0.0018977 0.010672 3.1682e-06 6.1206e-05 3.0063e-06
0.0018605 0.010629 3.246e-06 6.1245e-05 3.0185e-06
0.0018273 0.010424 3.3304e-06 6.1304e-05 3.0399e-06
0.0017925 0.010215 3.4093e-06 6.1351e-05 3.0546e-06
0.0017615 0.010017 3.495e-06 6.1418e-05 3.0787e-06
0.0017289 0.0098165 3.5748e-06 6.1472e-05 3.0957e-06
0.0017 0.0096265 3.6621e-06 6.1548e-05 3.1228e-06
0.0016749 0.0094477 3.7578e-06 6.1648e-05 3.1611e-06
0.0016476 0.0092635 3.8455e-06 6.1729e-05 3.1843e-06
0.0016181 0.0090742 3.9254e-06 6.1793e-05 3.1982e-06
0.0015929 0.0088974 4.0151e-06 6.1884e-05 3.225e-06
0.0015717 0.0087328 4.1156e-06 6.2003e-05 3.2655e-06
0.0015482 0.0085626 4.2072e-06 6.2102e-05 3.2953e-06
0.0015288 0.0084051 4.3103e-06 6.223e-05 3.3396e-06
0.0015072 0.0082424 4.4042e-06 6.2338e-05 3.3731e-06
0.0014899 0.0077343 4.512e-06 6.248e-05 3.4235e-06
0.0015248 0.0072061 4.6092e-06 6.2488e-05 3.4923e-06
0.0015659 0.0067204 4.5188e-06 6.253e-05 3.5807e-06
0.0016035 0.0062156 4.4182e-06 6.255e-05 3.6554e-06
0.001638 0.0056909 4.307e-06 6.2547e-05 3.7167e-06
0.0016786 0.005208 4.2098e-06 6.258e-05 3.6033e-06
0.0017158 0.0047061 4.1022e-06 6.2586e-05 3.4748e-06
0.00175 0.0041865 3.9877e-06 6.2572e-05 3.3321e-06
0.0017814 0.0036487 3.8634e-06 6.2538e-05 3.1746e-06
0.0018188 0.0031538 3.7532e-06 6.2537e-05 3.0419e-06
0.001863 0.0026985 3.6561e-06 6.2569e-05 2.9311e-06
0.0018629 0.0022824 3.5714e-06 6.2635e-05 2.513e-06
0.0018671 0.0018995 3.4984e-06 6.2743e-05 2.1486e-06
0.0018692 0.0018286 3.4119e-06 6.283e-05 1.8633e-06
0.001869 0.0017538 3.3155e-06 6.2895e-05 1.5546e-06
0.0018664 0.001676 3.2093e-06 6.2938e-05 1.5437e-06
0.0018675 0.0016038 3.114e-06 6.301e-05 1.5417e-06
0.0018723 0.0015222 3.1308e-06 6.3113e-05 1.5487e-06
0.0018748 0.0014374 3.1396e-06 6.3193e-05 1.5467e-06
0.0018813 0.0013592 3.1572e-06 6.3307e-05 1.5548e-06
0.0018491 0.0012871 3.1829e-06 6.3525e-05 1.5717e-06
0.0018139 0.0012123 3.2008e-06 6.3721e-05 1.5801e-06
0.0017836 0.0011426 3.2261e-06 6.3946e-05 1.5969e-06
0.0017505 0.0010704 3.2438e-06 6.4151e-05 1.6052e-06
0.0017226 0.0010037 3.2699e-06 6.4387e-05 1.6231e-06
0.0016743 0.00093477 3.289e-06 6.4723e-05 1.6328e-06
0.0016226 0.00087046 3.3153e-06 6.5037e-05 1.6509e-06
0.0015678 0.00080437 3.3351e-06 6.5333e-05 1.6617e-06
0.001519 0.00074246 3.3616e-06 6.5656e-05 1.6802e-06
0.001468 0.0006792 3.3825e-06 6.5965e-05 1.6923e-06
0.0014219 0.00061949 3.409e-06 6.6298e-05 1.711e-06
0.0013805 0.00056315 3.4415e-06 6.6657e-05 1.7365e-06
0.0013433 0.00051022 3.4801e-06 6.7042e-05 1.7693e-06
0.001304 0.00045593 3.5124e-06 6.7409e-05 1.7948e-06
0.0012687 0.00040476 3.5509e-06 6.7802e-05 1.8277e-06
0.0012313 0.00035696 3.597e-06 6.8178e-05 1.8698e-06
0.0011984 0.00031221 3.6509e-06 6.8584e-05 1.9215e-06
0.0011695 0.00027032 3.713e-06 6.9022e-05 1.9837e-06
0.0011387 0.00026445 3.7678e-06 6.9442e-05 2.0571e-06
0.0011115 0.00025898 3.83e-06 6.9891e-05 2.1417e-06
0.0010824 0.0002533 3.885e-06 7.032e-05 2.2169e-06
0.0010511 0.00024741 3.9328e-06 7.073e-05 2.2827e-06
0.0010175 0.00024129 3.973e-06 7.1117e-05 2.3299e-06
0.00098168 0.00023495 4.0061e-06 7.1485e-05 2.3683e-06
0.00094304 0.00022949 3.9115e-06 7.1831e-05 2.3979e-06
0.00090835 0.00022437 3.825e-06 7.2204e-05 2.4369e-06
0.00087193 0.00021912 3.7322e-06 7.2562e-05 2.4686e-06
0.00083899 0.00021417 3.6468e-06 7.2945e-05 2.4756e-06
0.00080916 0.00020952 3.5682e-06 7.3354e-05 2.4908e-06
0.0007779 0.00020474 3.4837e-06 7.3748e-05 2.4993e-06
0.00074515 0.00019984 3.3934e-06 7.4127e-05 2.501e-06
0.00071544 0.00019523 3.3097e-06 7.4531e-05 2.5108e-06
0.00068857 0.00019089 3.2327e-06 7.4962e-05 2.5288e-06
0.00066469 0.00018684 3.1632e-06 7.5425e-05 2.557e-06
0.00064364 0.00018309 3.1012e-06 7.5921e-05 2.5959e-06
0.00066896 0.00017919 3.0325e-06 7.6396e-05 2.6269e-06
0.00066308 0.00017557 2.9704e-06 7.6902e-05 2.6679e-06
0.00065623 0.00017184 2.9024e-06 7.7391e-05 2.7014e-06
0.00065098 0.00016834 2.8406e-06 7.791e-05 2.7445e-06
0.00064709 0.00016504 2.7837e-06 7.8456e-05 2.7962e-06
0.00064233 0.00016165 2.7216e-06 7.8987e-05 2.841e-06
0.00063678 0.00015818 2.6544e-06 7.9504e-05 2.8793e-06
0.00063256 0.00015491 2.592e-06 8.0047e-05 2.9261e-06
0.00062755 0.00015156 2.5247e-06 8.0576e-05 2.9664e-06
0.00062174 0.00014812 2.4523e-06 8.1091e-05 3.0002e-06
0.00061745 0.0001449 2.3856e-06 8.1636e-05 3.044e-06
0.00061226 0.00014159 2.3134e-06 8.2165e-05 3.1084e-06
0.00060843 0.00013847 2.2461e-06 8.2722e-05 3.1831e-06
0.00060365 0.00013525 2.1731e-06 8.3261e-05 3.2719e-06
0.00059796 0.00013193 2.0946e-06 8.3783e-05 3.3524e-06
0.00059384 0.00012883 2.0218e-06 8.4338e-05 3.4464e-06
0.00058846 0.00012555 1.942e-06 8.4869e-05 3.5288e-06
0.00058529 0.00012259 1.8707e-06 8.5446e-05 3.6327e-06
0.00058081 0.00011987 1.8066e-06 8.5998e-05 3.7563e-06
0.00057502 0.00011741 1.7501e-06 8.6524e-05 3.9044e-06
0.00057141 0.00011518 1.7006e-06 8.7097e-05 4.0797e-06
0.00056995 0.00011317 1.6579e-06 8.7718e-05 4.2856e-06
0.00056712 0.00011137 1.6211e-06 8.8312e-05 4.5223e-06
0.0005629 0.00010946 1.5774e-06 8.8878e-05 4.7403e-06
0.00056073 0.00010773 1.5397e-06 8.949e-05 4.9218e-06
0.0005605 0.00010619 1.5075e-06 9.0149e-05 5.1338e-06
0.00056218 0.00010481 1.4803e-06 9.0856e-05 5.3792e-06
0.00056576 0.00010334 1.447e-06 9.1611e-05 5.6045e-06
0.00056842 0.0001018 1.4087e-06 9.2346e-05 5.8166e-06
0.00057032 0.0001002 1.3661e-06 9.3065e-05 6.0182e-06
0.00057339 9.8705e-05 1.3259e-06 9.3815e-05 6.2402e-06
0.00057567 9.7153e-05 1.2814e-06 9.4549e-05 6.4512e-06
0.00057907 9.5697e-05 1.239e-06 9.5313e-05 6.6824e-06
0.00058184 9.4197e-05 1.1927e-06 9.6063e-05 6.9048e-06
0.00058564 9.2783e-05 1.1482e-06 9.6841e-05 7.1469e-06
0.00058883 9.1327e-05 1.1e-06 9.7607e-05 7.3803e-06
0.00059141 8.9829e-05 1.048e-06 9.8361e-05 7.6051e-06
0.00059502 8.8415e-05 9.9764e-07 9.9142e-05 7.8501e-06
0.00059984 8.7093e-05 9.4929e-07 9.9956e-05 8.1193e-06
0.00060574 8.5849e-05 9.0236e-07 0.0001008 8.4115e-06
0.0006129 8.469e-05 8.5717e-07 0.00010167 8.7315e-06
0.00061943 8.3606e-05 8.132e-07 0.00010254 9.0781e-06
0.00062726 8.2602e-05 7.7074e-07 0.00010343 9.4567e-06
0.00063628 8.1667e-05 7.2929e-07 0.00010436 9.866e-06
0.00064671 8.0809e-05 6.8912e-07 0.00010532 1.0312e-05
0.00065861 8.0025e-05 6.5012e-07 0.00010632 1.0802e-05
0.00066982 7.9305e-05 6.1183e-07 0.00010731 1.0758e-05
0.00068034 7.8549e-05 5.7005e-07 0.00010828 1.0707e-05
0.00069219 7.7855e-05 5.289e-07 0.00010928 1.0671e-05
0.00070329 7.7122e-05 4.8416e-07 0.00011027 1.0628e-05
0.00071595 7.6459e-05 4.4033e-07 0.0001113 1.0602e-05
0.00073007 7.5857e-05 3.9699e-07 0.00011236 1.0591e-05
0.00074574 7.5316e-05 3.5403e-07 0.00011346 1.0596e-05
0.00076063 7.4737e-05 3.0762e-07 0.00011454 1.0593e-05
0.00077472 7.412e-05 2.5768e-07 0.0001156 1.0582e-05
0.00079078 7.3579e-05 2.087e-07 0.00011672 1.0591e-05
0.00080569 7.2751e-05 2.2292e-07 0.0001178 1.0587e-05
0.00082277 7.2007e-05 2.3679e-07 0.00011894 1.0603e-05
0.00083849 7.1203e-05 2.4696e-07 0.00012005 1.0607e-05
0.00085704 7.0502e-05 2.5733e-07 0.00012122 1.0636e-05
0.00087933 6.9326e-05 2.555e-07 0.00012246 1.0632e-05
0.00090579 6.8291e-05 2.5432e-07 0.00012378 1.0659e-05
0.0009369 6.739e-05 2.5378e-07 0.00012518 1.0718e-05
0.00097265 6.6602e-05 2.5355e-07 0.00012665 1.0807e-05
0.0012276 6.6216e-05 2.6046e-07 0.00012808 1.0776e-05
0.0015191 6.5943e-05 2.6811e-07 0.00012959 1.0776e-05
0.0017812 6.5779e-05 2.7657e-07 0.00013105 1.0808e-05
0.002081 6.5723e-05 2.8589e-07 0.00013259 1.0905e-05
0.0023621 6.5592e-05 2.9087e-07 0.00013409 1.0982e-05
0.0026837 6.5062e-05 3.008e-07 0.00013567 1.1093e-05
0.0030468 6.4641e-05 3.1144e-07 0.00013734 1.1236e-05
0.0033873 6.4143e-05 3.1766e-07 0.00013896 1.1354e-05
0.0037089 6.3574e-05 3.1967e-07 0.00014053 1.1454e-05
0.0040768 6.3117e-05 3.2272e-07 0.00014219 1.1589e-05
0.0044242 6.2493e-05 3.5107e-07 0.00014382 1.1622e-05
0.0048218 6.1983e-05 3.8144e-07 0.00014553 1.1687e-05
0.0051973 6.1386e-05 4.0711e-07 0.0001472 1.1735e-05
0.0055516 6.0717e-05 4.2816e-07 0.00014883 1.1769e-05
0.0059626 6.0161e-05 4.5126e-07 0.00015054 1.1834e-05
0.0064277 5.9706e-05 4.7623e-07 0.00015234 1.1931e-05
0.0069472 5.9338e-05 5.0275e-07 0.00015423 1.2057e-05
0.007525 5.9058e-05 5.3085e-07 0.0001562 1.2213e-05
0.0080814 5.8726e-05 5.5476e-07 0.00015814 1.2354e-05
0.0086931 5.8465e-05 5.7987e-07 0.00016015 1.2523e-05
0.0093646 5.8273e-05 6.0619e-07 0.00016225 1.2718e-05
0.010102 5.8148e-05 6.3381e-07 0.00016442 1.2943e-05
0.010816 5.7978e-05 6.5743e-07 0.00016657 1.3156e-05
0.011599 5.7873e-05 6.8236e-07 0.00016879 1.3399e-05
0.012457 5.7834e-05 7.0869e-07 0.0001711 1.3673e-05
0.013398 5.786e-05 7.3652e-07 0.0001735 1.3981e-05
0.014431 5.7953e-05 7.6597e-07 0.00017598 1.4326e-05
0.015554 5.8103e-05 7.9674e-07 0.00017855 1.4706e-05
0.018024 5.8315e-05 8.2901e-07 0.00018415 1.4586e-05
0.020706 5.8585e-05 8.6273e-07 0.00018991 1.4489e-05
0.023312 6.5178e-05 8.9214e-07 0.00019561 1.438e-05
0.025854 7.165e-05 9.1762e-07 0.00020126 1.426e-05
0.028615 7.8461e-05 9.4465e-07 0.00020708 1.4164e-05
0.029189 8.5627e-05 9.7327e-07 0.00021308 1.409e-05
0.029812 9.3158e-05 1.0035e-06 0.00021927 1.4037e-05
0.030422 0.00010057 1.0299e-06 0.0002254 1.3976e-05
0.031083 0.00010836 1.0579e-06 0.00023172 1.3934e-05
0.031729 0.00011602 1.0821e-06 0.00023799 1.3884e-05
0.032364 0.00012359 1.1027e-06 0.00024422 1.3826e-05
0.032986 0.00013105 1.1196e-06 0.0002504 1.3759e-05
0.033661 0.00013188 1.1382e-06 0.00025676 1.3714e-05
0.034387 0.00013278 1.158e-06 0.0002633 1.3687e-05
0.035168 0.00013378 1.1791e-06 0.00027001 1.3677e-05
0.035932 0.00013473 1.1964e-06 0.00027667 1.3659e-05
0.036761 0.00013578 1.2154e-06 0.00028353 1.3661e-05
0.037653 0.00013694 1.2363e-06 0.00029058 1.3147e-05
0.038526 0.00013805 1.2533e-06 0.00029757 1.2617e-05
0.039472 0.00013926 1.2722e-06 0.00030477 1.2131e-05
0.039639 0.00014057 1.2925e-06 0.00031216 1.1683e-05
0.039822 0.00014199 1.3144e-06 0.00031975 1.1269e-05
0.040024 0.00014351 1.3382e-06 0.00032757 1.089e-05
0.040244 0.00014514 1.3637e-06 0.00032867 1.0542e-05
0.040458 0.00014672 1.3852e-06 0.00032975 1.0227e-05
0.040692 0.00014841 1.4084e-06 0.00033088 9.9374e-06
0.04092 0.00015005 1.4278e-06 0.00033199 9.6374e-06
0.041172 0.00015182 1.4497e-06 0.00033316 9.367e-06
0.041449 0.00015374 1.4742e-06 0.0003344 9.1249e-06
0.041434 0.0001558 1.5015e-06 0.0003357 8.9108e-06
0.041415 0.00015778 1.5242e-06 0.00033697 8.6837e-06
0.041409 0.00015993 1.5499e-06 0.00033832 8.4829e-06
0.041416 0.00016224 1.5788e-06 0.00033974 8.3065e-06
0.041435 0.00016472 1.6105e-06 0.00034122 8.1507e-06
0.041468 0.00016738 1.6459e-06 0.00034279 8.0149e-06
0.041497 0.00016996 1.6766e-06 0.00034432 7.8686e-06
0.04154 0.00017275 1.7113e-06 0.00034594 7.7445e-06
0.041577 0.00017543 1.7406e-06 0.00034752 7.6078e-06
0.041607 0.00017834 1.7747e-06 0.00034905 7.4952e-06
0.041657 0.00018109 1.8017e-06 0.0003507 7.4335e-06
0.041746 0.0001837 1.8215e-06 0.00035187 7.1767e-06
0.041859 0.00018661 1.8478e-06 0.00035314 6.9602e-06
0.041999 0.00018983 1.8808e-06 0.00035217 6.7799e-06
0.042125 0.00019339 1.9211e-06 0.00035114 6.5809e-06
0.042124 0.00019731 1.9687e-06 0.00034798 6.4224e-06
0.042142 0.00020161 2.0236e-06 0.00034497 6.2933e-06
0.042181 0.00020631 2.0861e-06 0.00034213 6.1907e-06
0.042239 0.00021143 2.1566e-06 0.00033943 6.113e-06
0.042316 0.00021696 2.2345e-06 0.00033686 6.0561e-06
0.042383 0.00022226 2.3046e-06 0.00033423 5.9845e-06
0.042441 0.00022735 2.3676e-06 0.00033153 5.8992e-06
0.04249 0.00023224 2.4233e-06 0.00032875 5.7995e-06
0.042561 0.00023759 2.488e-06 0.00032614 5.7286e-06
0.042623 0.00024103 2.543e-06 0.00032346 5.6342e-06
0.042672 0.00024427 3.0728e-06 0.0003245 5.5248e-06
0.042713 0.00024736 3.5803e-06 0.00032548 5.4004e-06
0.042565 0.00025079 4.1339e-06 0.00032657 5.3018e-06
0.04244 0.00025453 4.7316e-06 0.00032774 5.2241e-06
0.042303 0.0002581 5.3029e-06 0.00032886 5.1318e-06
0.042156 0.00026149 5.8514e-06 0.00032993 5.0208e-06
0.041997 0.00026473 6.3778e-06 0.00033097 4.8957e-06
0.041865 0.00026832 6.9514e-06 0.0003321 4.7947e-06
0.04172 0.00027227 7.5767e-06 0.00033318 4.7159e-06
0.041601 0.00027662 8.2581e-06 0.00033435 4.6579e-06
0.041505 0.00028139 9.001e-06 0.00033562 4.6197e-06
0.041074 0.00028596 9.7045e-06 0.00033698 4.5989e-06
0.040617 0.00029031 1.0378e-05 0.00033829 4.5655e-06
0.040133 0.00029446 1.1022e-05 0.00033956 4.5193e-06
0.03962 0.00029841 1.1637e-05 0.00034077 4.4604e-06
0.039075 0.00030217 1.2225e-05 0.00034193 4.3882e-06
0.038495 0.00030573 1.2786e-05 0.00034305 4.302e-06
0.037881 0.00030558 1.3505e-05 0.00034411 4.2362e-06
0.037345 0.00030567 1.4293e-05 0.00034528 4.1929e-06
0.036778 0.00030564 1.5048e-05 0.0003464 4.1373e-06
0.036277 0.00030584 1.5869e-05 0.00034761 4.099e-06
0.035743 0.00030591 1.6652e-05 0.00034877 4.0474e-06
0.035271 0.00030621 1.7502e-05 0.00035001 4.0128e-06
0.034767 0.00030636 1.8313e-05 0.00035121 3.9651e-06
0.034233 0.00030637 1.9088e-05 0.00035236 3.9471e-06
0.033762 0.00030661 1.993e-05 0.0003536 3.9451e-06
0.033346 0.0003071 2.0126e-05 0.00035493 3.9591e-06
0.032906 0.00030746 2.0306e-05 0.00035622 3.962e-06
0.032517 0.00030804 2.0513e-05 0.0003576 3.9801e-06
0.032103 0.0003085 2.0703e-05 0.00035892 3.9864e-06
0.031667 0.00030883 2.0877e-05 0.00036021 3.9819e-06
0.031279 0.00030938 2.1078e-05 0.00036158 3.9923e-06
0.030868 0.0003098 2.1262e-05 0.0003629 3.9909e-06
0.030431 0.00031009 2.1429e-05 0.00036418 3.9778e-06
0.030048 0.00031061 2.1626e-05 0.00036555 3.9817e-06
0.029629 0.00030676 2.1854e-05 0.00036687 4.001e-06
0.029183 0.0003027 2.2063e-05 0.00036813 4.008e-06
0.028708 0.00029844 2.2254e-05 0.00036934 4.0028e-06
0.028294 0.00029461 2.2478e-05 0.00037066 4.0155e-06
0.027934 0.00029117 2.2738e-05 0.00037208 4.0158e-06
0.027622 0.00028809 2.3034e-05 0.00037362 4.0343e-06
0.026631 0.00028534 2.337e-05 0.00037528 4.0714e-06
0.025754 0.00028288 2.3744e-05 0.00037704 4.1254e-06
0.02482 0.00028025 2.4094e-05 0.00037874 4.1662e-06
0.02195 0.00027746 2.4417e-05 0.00038056 4.2244e-06
0.02137 0.00027448 2.4716e-05 0.00038196 4.301e-06
0.020857 0.0002718 2.5052e-05 0.00038346 4.3971e-06
0.020327 0.00026894 2.5365e-05 0.0003849 4.4785e-06
0.019859 0.00026637 2.5715e-05 0.00038645 4.58e-06
0.019359 0.00026363 2.6042e-05 0.00038794 4.6666e-06
0.018917 0.00026119 2.6408e-05 0.00038953 4.774e-06
0.018527 0.00025905 2.6819e-05 0.00039123 4.9099e-06
0.018113 0.00025676 2.7208e-05 0.00039287 5.0307e-06
0.017749 0.00025475 2.7641e-05 0.00039211 5.1368e-06
0.017428 0.00025298 2.8119e-05 0.00039143 5.2658e-06
0.017084 0.00025106 2.857e-05 0.0003907 5.3784e-06
0.016721 0.000249 2.8997e-05 0.00038992 5.4765e-06
0.016336 0.00024681 2.9401e-05 0.0003891 5.5604e-06
0.015928 0.00024448 2.9781e-05 0.00038823 5.6304e-06
0.015572 0.00024401 2.9821e-05 0.00038746 5.725e-06
0.015263 0.00024289 2.9773e-05 0.00038679 5.8606e-06
0.014991 0.00024198 2.9755e-05 0.00038621 6.0229e-06
0.014702 0.00024095 2.9719e-05 0.00038558 6.1683e-06
0.01445 0.00024015 2.9716e-05 0.00038504 6.3455e-06
0.014184 0.00023923 2.9695e-05 0.00038446 6.5051e-06
0.013952 0.00023854 2.9708e-05 0.00038397 6.6982e-06
0.013704 0.00023805 2.9751e-05 0.00038343 6.6501e-06
0.013441 0.00023793 2.9853e-05 0.00038285 7.1034e-06
0.013161 0.000238 2.9986e-05 0.00038222 7.1932e-06
0.012862 0.00023795 3.0099e-05 0.00038155 8.1244e-06
0.012601 0.00023812 3.0248e-05 0.00038096 8.3945e-06
0.012323 0.00023816 3.0376e-05 0.00038033 8.6295e-06
0.012026 0.00023807 3.0484e-05 0.00037965 8.8415e-06
0.011709 0.00023786 3.0572e-05 0.00037892 9.0313e-06
0.011433 0.00023787 3.0695e-05 0.00037828 9.2609e-06
0.011193 0.00023397 3.0856e-05 0.00037774 9.5343e-06
0.01098 0.00023038 3.1048e-05 0.00037727 9.8499e-06
0.010791 0.00022709 3.1272e-05 0.00037688 1.0211e-05
0.010594 0.00022367 3.1481e-05 0.00037647 1.0551e-05
0.01039 0.00022016 3.1679e-05 0.00037602 1.0877e-05
0.010179 0.00021655 3.1866e-05 0.00037555 1.1187e-05
0.0099862 0.00021315 3.2076e-05 0.00037514 1.1531e-05
0.0097864 0.00020966 3.2273e-05 0.0003747 1.1858e-05
0.009604 0.00020638 3.2495e-05 0.00037432 1.222e-05
0.0094141 0.00020299 3.2703e-05 0.00037392 1.2564e-05
0.009244 0.00019985 3.2941e-05 0.00037359 1.2951e-05
0.0090934 0.00019699 3.3214e-05 0.00037333 1.3394e-05
0.0089266 0.0001944 3.3525e-05 0.00037303 1.3903e-05
0.0087796 0.00019205 3.3876e-05 0.0003728 1.4481e-05
0.0086228 0.00018955 3.4204e-05 0.00037252 1.4993e-05
0.0084875 0.00018734 3.4579e-05 0.00037234 1.5675e-05
0.0083418 0.00018497 3.4927e-05 0.00037211 1.6487e-05
0.0082144 0.00018285 3.5319e-05 0.00037196 1.7411e-05
0.0081051 0.000181 3.5186e-05 0.00037189 1.8477e-05
0.0080119 0.00017938 3.5091e-05 0.00037192 1.9704e-05
0.0079331 0.00017799 3.5032e-05 0.00037204 2.1117e-05
0.0078481 0.00017648 3.4954e-05 0.00037211 2.2445e-05
0.0077769 0.00017484 3.4854e-05 0.00037228 2.673e-05
0.0077179 0.00017343 3.4791e-05 0.00037254 3.165e-05
0.0076701 0.00017223 3.4764e-05 0.00037289 3.7301e-05
0.0076315 0.00017123 3.4774e-05 0.00037332 3.9522e-05
0.0076026 0.00017043 3.482e-05 0.00037384 4.2076e-05
0.0075828 0.0001702 3.491e-05 0.00037446 4.5056e-05
0.0075588 0.00016875 3.5422e-05 0.00037503 4.6017e-05
0.0075428 0.00016749 3.5987e-05 0.00037568 4.7154e-05
0.0075228 0.00017127 3.652e-05 0.00037629 4.8217e-05
0.0074986 0.00017487 3.7016e-05 0.00037686 4.9434e-05
0.0074824 0.00017879 3.7565e-05 0.00037751 5.0823e-05
0.0074621 0.00018254 3.8086e-05 0.00037812 5.241e-05
0.0074377 0.00018612 3.8578e-05 0.00037868 5.39e-05
0.0074222 0.00019005 3.913e-05 0.00037933 5.5622e-05
0.0074021 0.00019373 3.9649e-05 0.00037994 5.7778e-05
0.0073907 0.00019779 4.0229e-05 0.00038064 6.0271e-05
0.0073877 0.00020223 4.0876e-05 0.00038144 6.3141e-05
0.0073923 0.00020707 4.1587e-05 0.00038232 6.6626e-05
0.0074045 0.00021232 4.2367e-05 0.0003833 7.0579e-05
0.0074123 0.00021732 4.3107e-05 0.00038422 7.4277e-05
0.0074287 0.00022285 4.3929e-05 0.00038524 7.5507e-05
0.007454 0.00022815 4.4713e-05 0.00038637 7.6655e-05
0.0074885 0.00023395 4.5581e-05 0.0003876 7.7996e-05
0.007533 0.00023951 4.6404e-05 0.00038894 7.9555e-05
0.0075872 0.00024554 4.7305e-05 0.00039039 8.0355e-05
0.0076358 0.00025208 4.8294e-05 0.00039177 8.1074e-05
0.0076791 0.00025832 4.9234e-05 0.0003931 8.1974e-05
0.0077331 0.00026429 5.0121e-05 0.00039454 8.4456e-05
0.0077987 0.0002708 5.11e-05 0.00039609 8.7308e-05
0.0078767 0.00027704 5.2033e-05 0.00039776 8.9986e-05
0.0079683 0.00028382 5.3059e-05 0.00039955 9.3037e-05
0.0080533 0.00029034 5.4038e-05 0.00040128 9.6617e-05
0.0081522 0.00029742 5.5112e-05 0.00040313 9.7621e-05
0.0082665 0.00030509 5.6287e-05 0.00040509 9.8789e-05
