

Model 7: beta

TREE # 1

  0  0.0000  11177.693901  x:  2.00000   0.32102   1.07384  
  1 99.0000  10844.531931  x:  2.00486   0.11054   1.08934  
  2 2107.2814  10817.519358  x:  2.84840   0.17299   2.22999  
  3 60.7731  10807.242612  x:  4.11686   0.14966   1.79413  
  4 13.5152  10756.963177  x:  4.87647   0.11160   3.50871  
  5  1.7594  10725.098522  x:  3.81931   0.18108   6.51411  
  6  1.7032  10656.931131  x:  4.50298   0.17846  16.66071  
  7  1.2712  10600.380767  x:  2.69693   0.28203  46.68017  
  8  5.4260  10575.112621  x:  4.56884   0.30570  65.72013  
  9  9.0474  10551.707620  x:  3.79982   0.37917  99.00000  
 10 11.8447  10549.474343  x:  3.91565   0.34185  99.00000  
 11  0.2955  10546.806234  x:  3.27116   0.32583  99.00000  
 12  0.5397  10546.806215  x:  3.27078   0.32593  99.00000  
 13  0.0005  10546.806215  x:  3.27086   0.32593  99.00000  
 14  0.0001  10546.806215  x:  3.27086   0.32593  99.00000  

Model 8: beta&w>1

TREE # 1

  0  0.0000  11434.079518  x:  3.27086   0.90000   0.49701   1.51042   2.34171  
  1 99.0000  10839.885392  x:  3.27395   0.85604   0.10874   1.53989   2.34803  
  2 2575.5223  10824.049122  x:  3.27535   0.93027   0.09034   1.54996   2.35106  
  3 364.7489  10789.643296  x:  3.31804   0.99999   0.09619   1.91788   2.42360  
  4 117.3586  10752.312740  x:  3.61586   0.99999   0.11107   3.61945   1.00000  
  5 32.4481  10752.312740  x:  3.61586   0.99999   0.11107   3.61945   1.00000  
  6  4.2079  10750.176844  x:  3.61589   0.99999   0.12110   3.61972   1.00000  
  7 479.1569  10668.302476  x:  6.35104   0.99999   0.25538  20.79672   1.00173  
  8 16.5604  10650.973717  x:  3.85268   0.99999   0.26218  22.82618   1.00255  
  9 10.6820  10613.099347  x:  3.84662   0.99999   0.27784  36.16892   1.02621  
 10  1.6678  10556.472528  x:  2.33613   0.99999   0.33179  99.00000   1.14888  
 11 16.9476  10549.308682  x:  2.86008   0.99999   0.29533  99.00000   1.07472  
 12  4.8285  10546.961217  x:  3.15499   0.99999   0.32963  99.00000   1.13559  
 13  0.1075  10546.808938  x:  3.26711   0.99999   0.32555  99.00000   1.12906  
 14  0.0735  10546.808649  x:  3.27074   0.99999   0.32594  99.00000   1.13156  
 15  0.0038  10546.808639  x:  3.27161   0.99999   0.32591  99.00000   1.14128  
 16  0.0016  10546.808522  x:  3.27162   0.99999   0.32591  99.00000   1.21658  
 17  0.0094  10545.799214  x:  3.40707   0.99999   0.34684  99.00000  999.00000  
 18 1292109.3252  10545.295625  x:  3.29121   0.99999   0.32905  99.00000  999.00000  
 19  0.1377  10384.678944  x: 17.66583   0.99323   2.53521  99.00000  999.00000  
 20 314186397.7313  10353.664182  x: 14.13980   0.99302   2.62317  99.00000  999.00000  
 21  0.4409  10301.957277  x:  6.66431   0.99195   3.02555  98.73188  999.00000  
 22 43.1919  10113.050160  x:  0.49383   0.98591   5.14526  92.59098  999.00000  
 23  2.6391  10105.636040  x:  0.39165   0.98554   5.27204  92.16839  999.00000  
 24 43.6659   9393.126975  x:  1.95485   0.94693  18.68958  42.96028  999.00000  
 25 68.8051   9338.848255  x:  1.96127   0.94299  20.02084  69.52272  999.00000  
 26  3.8350   9305.349891  x:  2.61801   0.91783  28.73748  56.24341  999.00000  
 27  1.9873   9301.796479  x:  2.26677   0.92462  26.38525  59.64453  999.00000  
 28  0.7729   9294.947072  x:  1.95447   0.91869  28.43898  54.80371  999.00000  
 29  1.0056   9294.335604  x:  2.06075   0.91532  29.60450  53.97569  999.00000  
 30  1.5346   9294.231349  x:  2.03096   0.91456  29.86642  54.56593  999.00000  
 31  0.4840   9294.228154  x:  2.03448   0.91467  29.82903  54.79628  999.00000  
 32  0.1925   9294.227854  x:  2.03221   0.91471  29.81322  54.82395  999.00000  
 33  0.0040   9294.224152  x:  2.02792   0.91481  29.76470  54.85357  999.00000  
 34  0.0071   9294.195176  x:  2.00178   0.91546  29.36306  54.85406  999.00000  
 35  0.1269   9293.857534  x:  1.99830   0.91568  28.45741  53.37776  999.00000  
 36  0.2165   9293.857534  x:  1.99830   0.91568  28.45741  53.37776  999.00000  
 37 29.8459   9293.773280  x:  1.99831   0.91468  28.45740  53.37776  999.00000  
 38 171.0502   9293.724730  x:  2.03467   0.91455  28.45456  53.37613  999.00000  
 39  2.6877   9293.355369  x:  2.02466   0.91562  27.00976  52.27941  999.00000  
 40  0.2267   9292.692986  x:  1.99635   0.91856  22.60378  48.39189  999.00000  
 41  9.2755   9289.306803  x:  1.92670   0.92522  12.87803  33.55616  999.00000  
 42  2.2175   9288.353784  x:  1.90541   0.92722   9.84430  28.34182  999.00000  
 43 189.8346   9284.780915  x:  1.87124   0.93029   5.93093  20.15061  999.00000  
 44 27.8692   9281.876055  x:  1.85469   0.93169   4.00148  15.43390  999.00000  
 45 48.3451   9274.611826  x:  1.84182   0.93261   2.24952  10.23439  999.00000  
 46 27.0468   9267.893440  x:  1.83836   0.93267   1.36869   7.12634  999.00000  
 47 33.4331   9254.716262  x:  1.83787   0.93235   0.71626   4.29623  999.00000  
 48 18.2564   9240.226482  x:  1.83642   0.93220   0.38445   2.52907  999.00000  
 49 17.0135   9212.393279  x:  1.82383   0.93329   0.17232   1.04895  999.00000  
 50  9.9652   9168.030165  x:  1.80000   0.93594   0.09276   0.20659  999.00000  
 51  7.5720   9121.254362  x:  1.85450   0.93988   0.26663   0.53970  999.00000  
 52  0.3411   9111.625293  x:  1.89329   0.93474   0.24360   0.35208  999.00000  
 53  0.3608   9085.281914  x:  1.99115   0.92002   0.25535   0.44146  999.00000  
 54  0.6949   9082.079131  x:  2.16674   0.91577   0.25316   0.34931  999.00000  
 55  0.1502   9081.964180  x:  2.14121   0.91481   0.25871   0.35707  999.00000  
 56  0.0145   9081.919663  x:  2.14851   0.91506   0.26748   0.36650  999.00000  
 57  0.0034   9081.911347  x:  2.14338   0.91535   0.26984   0.37444  999.00000  
 58  0.0099   9081.911263  x:  2.14182   0.91535   0.26984   0.37434  999.00000  
 59  0.0013   9081.911262  x:  2.14183   0.91535   0.26983   0.37433  999.00000  