Orycteropus_afer Procavia_capensis Trichechus_manatus
4.57e-06 0.0017194 0.00049369
4.204e-06 0.00171 0.0004905
3.8901e-06 0.0017006 0.00048741
3.5471e-06 0.0016912 0.00048426
3.2546e-06 0.0016819 0.00048122
2.9342e-06 0.0016725 0.00047811
2.5659e-06 0.0016631 0.00047492
2.1579e-06 0.0016535 0.00047189
1.7123e-06 0.0016439 0.00046878
1.3647e-06 0.0016342 0.0004658
1.2016e-06 0.0016246 0.00046273
1.0294e-06 0.0016295 0.00045957
8.4035e-07 0.0016343 0.00045635
7.9051e-07 0.0016392 0.00045325
7.3357e-07 0.001644 0.00045007
6.6902e-07 0.0016488 0.00044681
6.1524e-07 0.0016438 0.00044369
5.5428e-07 0.0016388 0.00044049
4.8559e-07 0.0016337 0.00043721
4.2758e-07 0.0016287 0.00043406
3.7867e-07 0.0016238 0.00043102
3.3748e-07 0.0016189 0.0004281
2.9063e-07 0.001614 0.0004251
2.9711e-07 0.001609 0.00042204
3.0072e-07 0.001604 0.0004189
3.0736e-07 0.001599 0.00041589
3.1723e-07 0.0015941 0.00041299
2.9883e-07 0.0015892 0.0004102
2.7664e-07 0.0015841 0.00040734
2.5877e-07 0.001579 0.00040459
2.3722e-07 0.0015739 0.00040177
2.1988e-07 0.0015688 0.00039906
2.0571e-07 0.0015638 0.00039646
1.9472e-07 0.0015589 0.00039398
1.862e-07 0.0015541 0.00039159
1.7494e-07 0.0015492 0.00038913
1.6106e-07 0.0015442 0.00038662
1.5006e-07 0.0015393 0.00038422
1.4124e-07 0.0015346 0.00038174
1.3438e-07 0.0015298 0.00037936
1.293e-07 0.0015252 0.00037707
1.2587e-07 0.0015206 0.00037488
1.2431e-07 0.001516 0.00037359
1.2063e-07 0.0015113 0.00037226
1.1877e-07 0.0015066 0.00037101
1.1866e-07 0.001502 0.00036984
1.2031e-07 0.0014974 0.00036875
1.2351e-07 0.0014928 0.00036775
1.2863e-07 0.0014884 0.00036682
1.3585e-07 0.001484 0.00036598
1.4545e-07 0.0014796 0.00036521
1.4901e-07 0.0014752 0.00036452
1.5875e-07 0.0014708 0.0003639
1.7087e-07 0.0014664 0.00036336
1.8044e-07 0.0014621 0.00036277
1.8756e-07 0.0014578 0.00036214
1.9698e-07 0.0014535 0.00036157
2.0373e-07 0.0014492 0.00036096
2.0786e-07 0.0014448 0.0003603
2.0959e-07 0.0014404 0.0003596
2.1387e-07 0.001436 0.00035898
2.155e-07 0.0014315 0.00035831
2.1467e-07 0.0014271 0.00035759
2.1649e-07 0.0014226 0.00035695
2.1555e-07 0.0014182 0.00035626
2.1061e-07 0.0014138 0.00035552
2.0286e-07 0.0014093 0.00035473
1.9126e-07 0.0014049 0.00035389
1.7688e-07 0.0014005 0.00035301
1.6526e-07 0.0013961 0.00035219
1.5642e-07 0.0013918 0.00035146
1.4505e-07 0.0013875 0.00035068
1.3595e-07 0.0013831 0.00034996
1.244e-07 0.0013786 0.00034921
1.1033e-07 0.0013741 0.00034841
9.8834e-08 0.0013696 0.00034768
8.9517e-08 0.0013652 0.00034703
7.7785e-08 0.0013608 0.00034633
6.7811e-08 0.0013565 0.0003457
5.9324e-08 0.0013522 0.00034514
5.2321e-08 0.0013478 0.00034465
4.3373e-08 0.0013434 0.00034412
3.5598e-08 0.0013389 0.00034365
2.594e-08 0.0013344 0.00034314
3.0466e-08 0.0013298 0.00034259
3.3348e-08 0.0013248 0.00034199
3.2089e-08 0.0013198 0.00034147
4.8248e-08 0.0013148 0.0003409
6.2027e-08 0.0013098 0.00034023
7.8299e-08 0.0013049 0.00033964
9.1875e-08 0.0012999 0.00033899
9.4295e-08 0.0012949 0.00033842
1.421e-07 0.00129 0.00033781
1.9911e-07 0.0012851 0.00033727
2.7191e-07 0.0012802 0.00033344
3.5746e-07 0.0012755 0.00032975
4.6021e-07 0.0012708 0.0003262
5.5339e-07 0.0012661 0.00032258
6.6541e-07 0.0012614 0.0003191
8.0008e-07 0.0012568 0.00031575
9.211e-07 0.0012522 0.00031232
1.1101e-06 0.0012476 0.0003088
1.2803e-06 0.001243 0.00030521
1.4851e-06 0.0012384 0.00030175
1.6697e-06 0.0012338 0.00029821
1.888e-06 0.0012293 0.00029479
2.085e-06 0.0012247 0.0002913
2.2622e-06 0.00122 0.00028795
2.4182e-06 0.0012154 0.00028454
2.6095e-06 0.0012107 0.00028126
2.7835e-06 0.001206 0.00027791
2.8229e-06 0.0012014 0.00027467
2.8548e-06 0.0011966 0.00027138
2.8795e-06 0.0011919 0.00026801
2.9179e-06 0.0011872 0.00026457
2.969e-06 0.0011825 0.00026124
3.0124e-06 0.0011779 0.00025785
3.0688e-06 0.0011732 0.00025457
3.1202e-06 0.0011686 0.00025123
3.165e-06 0.0011638 0.00024783
3.2037e-06 0.0011591 0.00024439
3.2538e-06 0.0011544 0.00024104
3.3138e-06 0.0011497 0.00023777
3.3847e-06 0.0011451 0.00023458
3.451e-06 0.0011404 0.00023136
3.5282e-06 0.0011358 0.00022821
3.6013e-06 0.0011311 0.00022503
3.6845e-06 0.0011265 0.00022192
3.7632e-06 0.0011219 0.00021878
3.8379e-06 0.0011172 0.00021562
3.9242e-06 0.0011126 0.00021252
4.0058e-06 0.0011079 0.0002094
4.0997e-06 0.0011033 0.00020635
4.2072e-06 0.0010987 0.00020336
4.3284e-06 0.0010941 0.00020043
4.4431e-06 0.0010895 0.00019748
4.5755e-06 0.001085 0.00019459
4.6986e-06 0.0010804 0.00019167
4.8109e-06 0.0010759 0.00018869
5.0094e-06 0.0010619 0.00018582
5.1908e-06 0.0010478 0.00018289
5.3569e-06 0.0010336 0.0001799
5.5513e-06 0.0010196 0.00017701
5.7301e-06 0.0010054 0.00017406
5.8948e-06 0.00099124 0.00017105
6.0894e-06 0.00097717 0.00016814
6.269e-06 0.00096303 0.00016518
6.4776e-06 0.00094902 0.0001623
6.6701e-06 0.00093492 0.00015937
6.679e-06 0.00092096 0.00015636
6.5238e-06 0.00090714 0.00015344
6.3922e-06 0.00089343 0.00015062
6.2481e-06 0.00087965 0.00014774
6.0907e-06 0.0008658 0.0001448
5.9567e-06 0.00085206 0.00014196
5.8112e-06 0.00083825 0.00013906
5.6372e-06 0.00082437 0.00013611
5.4489e-06 0.00081042 0.00013311
4.7266e-06 0.00079659 0.0001302
4.1096e-06 0.0007829 0.00012739
3.5611e-06 0.0007693 0.00012464
2.9866e-06 0.00075566 0.00012186
2.4707e-06 0.0007421 0.00011914
1.9327e-06 0.00072849 0.00011639
1.4527e-06 0.00071497 0.00011369
1.4123e-06 0.00070142 0.00011098
1.3691e-06 0.00068783 0.00010824
1.3232e-06 0.00067421 0.00010548
1.2826e-06 0.00066066 0.00010277
1.2472e-06 0.00064718 0.00010011
1.209e-06 0.00063367 9.7426e-05
1.1682e-06 0.00062013 9.4722e-05
1.1249e-06 0.00060655 9.1997e-05
1.0865e-06 0.00059305 8.932e-05
1.0457e-06 0.00057951 8.6623e-05
1.0101e-06 0.00056605 8.3978e-05
9.7947e-07 0.00055267 8.1385e-05
9.5341e-07 0.00053937 7.8843e-05
9.2505e-07 0.00052604 7.6281e-05
9.0115e-07 0.00051279 7.377e-05
8.8152e-07 0.00049962 7.1362e-05
8.6599e-07 0.00048653 6.9004e-05
8.5397e-07 0.00047353 6.669e-05
8.396e-07 0.00046048 6.4353e-05
8.2845e-07 0.00044751 6.2058e-05
8.2038e-07 0.00043461 5.9803e-05
8.1025e-07 0.00042167 5.7529e-05
7.9806e-07 0.0004087 5.5235e-05
7.8362e-07 0.00039569 5.292e-05
7.6704e-07 0.00038264 5.0584e-05
7.5363e-07 0.00036967 4.829e-05
7.3807e-07 0.00035666 4.5975e-05
7.2629e-07 0.00034373 4.3707e-05
7.1797e-07 0.00033088 4.1486e-05
7.0726e-07 0.00031799 3.924e-05
6.9397e-07 0.00030505 3.6968e-05
6.845e-07 0.0002922 3.4746e-05
6.7217e-07 0.0002793 3.2582e-05
6.6538e-07 0.00026648 3.0462e-05
6.6234e-07 0.00025376 2.8392e-05
6.6257e-07 0.00024111 2.6365e-05
6.6024e-07 0.00024031 2.6424e-05
6.5523e-07 0.00023948 2.6469e-05
6.5384e-07 0.00023866 2.6523e-05
6.4983e-07 0.00023781 2.6564e-05
6.4317e-07 0.00023693 2.6591e-05
6.3974e-07 0.00023605 2.6625e-05
6.3382e-07 0.00023514 2.6646e-05
6.3114e-07 0.00023424 2.6675e-05
6.3173e-07 0.00023334 2.6712e-05
6.3581e-07 0.00023241 2.6757e-05
6.3692e-07 0.00023145 2.6788e-05
6.3498e-07 0.00023045 2.6803e-05
6.3727e-07 0.00022947 2.6829e-05
6.3658e-07 0.00022845 2.6841e-05
6.4037e-07 0.00022744 2.6864e-05
6.4925e-07 0.00022645 2.6902e-05
6.6277e-07 0.00022547 2.6951e-05
6.8137e-07 0.0002245 2.7011e-05
7.0584e-07 0.00022354 2.7051e-05
7.3762e-07 0.0002226 2.7105e-05
7.7782e-07 0.00022167 2.7174e-05
7.7065e-07 0.00022075 2.7255e-05
7.59e-07 0.0002198 2.7318e-05
7.4277e-07 0.00021881 2.7362e-05
7.2178e-07 0.00021778 2.7388e-05
7.0729e-07 0.00021677 2.7428e-05
6.9877e-07 0.00021577 2.7483e-05
6.8586e-07 0.00021473 2.7519e-05
6.1373e-07 0.00021371 2.7571e-05
4.5026e-07 0.0002127 2.7637e-05
4.152e-07 0.00021166 2.7721e-05
3.8622e-07 0.00021063 2.7818e-05
3.5248e-07 0.00020956 2.7896e-05
3.1413e-07 0.00020845 2.7957e-05
3.0404e-07 0.00020731 2.8e-05
2.9718e-07 0.00020617 2.8055e-05
2.7467e-07 0.00020501 2.8125e-05
2.4813e-07 0.0002038 2.8175e-05
2.2658e-07 0.00020261 2.824e-05
2.0151e-07 0.00020142 2.8288e-05
1.805e-07 0.00020025 2.8349e-05
1.5617e-07 0.00019905 2.8392e-05
1.0279e-07 0.00019785 2.8449e-05
9.9501e-08 0.00019663 2.8486e-05
9.7464e-08 0.0001954 2.8536e-05
9.3418e-08 0.00019415 2.8569e-05
8.7354e-08 0.00019286 2.8583e-05
7.9235e-08 0.00019153 2.8581e-05
7.2589e-08 0.00019022 2.8592e-05
6.3933e-08 0.00018887 2.8586e-05
5.6668e-08 0.00018753 2.8593e-05
4.7519e-08 0.00018616 2.8584e-05
4.7194e-08 0.00018475 2.8557e-05
4.5121e-08 0.0001833 2.8547e-05
4.3844e-08 0.00018182 2.8554e-05
4.0471e-08 0.00018035 2.7724e-05
5.3401e-08 0.00017884 2.6867e-05
8.6674e-08 0.0001773 2.5985e-05
1.1622e-07 0.00017572 2.5078e-05
1.5134e-07 0.00017416 2.4201e-05
1.8212e-07 0.00017255 2.3298e-05
2.1826e-07 0.00017096 2.2421e-05
2.4984e-07 0.00016933 2.1519e-05
2.8719e-07 0.00016772 2.0641e-05
3.1972e-07 0.00016606 2.0987e-05
3.5845e-07 0.00016442 2.1345e-05
3.6057e-07 0.00016278 2.1719e-05
3.597e-07 0.00016112 2.2076e-05
3.5587e-07 0.00015942 2.2414e-05
3.4904e-07 0.00015768 2.2736e-05
3.4589e-07 0.00015596 2.3072e-05
3.4073e-07 0.0001542 2.3391e-05
3.3865e-07 0.00015245 2.3723e-05
3.3392e-07 0.00015067 2.4039e-05
3.3192e-07 0.00014889 2.4366e-05
3.2779e-07 0.00014709 2.4679e-05
3.2179e-07 0.00014525 2.4981e-05
3.1398e-07 0.0001434 2.527e-05
3.0438e-07 0.00014151 2.5547e-05
2.965e-07 0.00013963 2.5831e-05
2.8684e-07 0.00013772 2.6103e-05
2.7878e-07 0.0001358 2.6381e-05
2.6898e-07 0.00013386 2.6648e-05
2.6099e-07 0.00013193 2.6921e-05
2.5471e-07 0.00012999 2.7203e-05
2.4671e-07 0.00012803 2.7473e-05
2.4039e-07 0.00012606 2.775e-05
2.3879e-07 0.00012407 2.8015e-05
2.3554e-07 0.00012206 2.8269e-05
2.3073e-07 0.00012001 2.851e-05
2.2715e-07 0.00011797 2.8758e-05
2.22e-07 0.0001159 2.8995e-05
2.1818e-07 0.00011383 2.9239e-05
2.1285e-07 0.00011174 2.9471e-05
2.0598e-07 0.00010962 2.9692e-05
2.0042e-07 0.00010749 2.9921e-05
1.9588e-07 0.00010537 3.0155e-05
1.8984e-07 0.00010322 3.0378e-05
1.8501e-07 0.00010107 3.0608e-05
1.7875e-07 9.8895e-05 3.0828e-05
1.735e-07 9.6718e-05 3.1053e-05
1.6665e-07 9.4514e-05 3.1267e-05
1.6099e-07 9.2309e-05 3.1489e-05
1.5355e-07 9.0077e-05 3.1697e-05
1.4425e-07 8.7815e-05 3.189e-05
1.366e-07 8.5557e-05 3.2095e-05
1.305e-07 8.3304e-05 3.2313e-05
1.2592e-07 8.1057e-05 3.2544e-05
1.226e-07 7.8779e-05 3.2788e-05
1.173e-07 8.0043e-05 3.3014e-05
1.1349e-07 8.1307e-05 3.3285e-05
1.0785e-07 8.2542e-05 3.3539e-05
1.0337e-07 8.3776e-05 3.3806e-05
9.9956e-08 8.5007e-05 3.4086e-05
9.7532e-08 8.6237e-05 3.438e-05
9.6262e-08 8.7468e-05 3.4689e-05
9.6127e-08 8.8699e-05 3.5015e-05
9.7126e-08 8.9931e-05 3.5357e-05
9.9082e-08 9.1162e-05 3.5713e-05
9.9232e-08 9.2362e-05 3.6051e-05
1.0036e-07 9.3561e-05 3.6368e-05
9.9664e-08 9.4729e-05 3.661e-05
9.7122e-08 9.5899e-05 3.6835e-05
9.3036e-08 9.7042e-05 3.7045e-05
8.9778e-08 9.8181e-05 3.7267e-05
8.512e-08 9.9295e-05 3.7475e-05
8.1161e-08 0.0001004 3.7695e-05
7.5787e-08 0.00010149 3.7901e-05
6.899e-08 0.00010255 3.8094e-05
6.0782e-08 0.00010358 3.8275e-05
5.3244e-08 0.00010461 3.8466e-05
4.4319e-08 0.00010561 3.8644e-05
3.3989e-08 0.00010658 3.8809e-05
2.4147e-08 0.00010755 3.8983e-05
1.2911e-08 0.0001085 3.9144e-05
1.5219e-08 0.00010942 3.9292e-05
1.7345e-08 0.00011033 3.9451e-05
1.9264e-08 0.00011124 3.962e-05
2.1109e-08 0.00011215 3.9801e-05
2.2977e-08 0.00011306 3.9996e-05
2.5041e-08 0.00011393 4.0209e-05
2.5648e-08 0.00011478 4.0401e-05
2.6593e-08 0.00011562 4.0573e-05
2.6028e-08 0.00011644 4.0767e-05
2.3941e-08 0.00011722 4.0941e-05
3.5921e-08 0.00011797 4.1095e-05
4.9599e-08 0.00011872 4.1267e-05
6.1423e-08 0.00011944 4.1423e-05
7.1664e-08 0.00012014 4.1564e-05
8.2812e-08 0.00012083 4.1716e-05
9.2437e-08 0.00012149 4.1855e-05
1.0062e-07 0.00012213 4.1982e-05
1.0959e-07 0.00012277 4.2117e-05
1.1712e-07 0.00012338 4.224e-05
1.254e-07 0.00012398 4.2371e-05
1.3227e-07 0.00012456 4.249e-05
1.3992e-07 0.00012513 4.2617e-05
1.4861e-07 0.00012569 4.2753e-05
1.5846e-07 0.00012625 4.2899e-05
1.6936e-07 0.00012679 4.3053e-05
1.7875e-07 0.0001273 4.3196e-05
1.8664e-07 0.00012779 4.3326e-05
1.956e-07 0.00012827 4.3464e-05
2.0305e-07 0.00012872 4.3591e-05
2.1184e-07 0.00012917 4.3727e-05
2.1916e-07 0.0001296 4.3852e-05
2.279e-07 0.00013002 4.3986e-05
2.3815e-07 0.00013043 4.413e-05
2.4978e-07 0.00013084 4.4282e-05
2.598e-07 0.00013122 4.4422e-05
2.7153e-07 0.0001316 4.4573e-05
2.8169e-07 0.00013197 4.4711e-05
2.934e-07 0.00013234 4.4858e-05
3.0343e-07 0.00013268 4.4993e-05
3.1165e-07 0.000133 4.5116e-05
3.1821e-07 0.00013329 4.5228e-05
3.2311e-07 0.00013356 4.5327e-05
3.2978e-07 0.00013382 4.5437e-05
3.348e-07 0.00013405 4.5534e-05
3.4164e-07 0.00013429 4.5641e-05
3.4689e-07 0.00013449 4.5737e-05
3.5376e-07 0.00013469 4.5842e-05
3.6232e-07 0.00013489 4.5954e-05
3.7266e-07 0.00013508 4.6076e-05
3.8495e-07 0.00013526 4.6206e-05
3.9543e-07 0.00013542 4.6324e-05
4.0951e-07 0.00013557 4.6455e-05
4.2146e-07 0.0001357 4.6571e-05
4.3624e-07 0.00013583 4.67e-05
4.5392e-07 0.00013595 4.6841e-05
4.6919e-07 0.00013604 4.6966e-05
4.8782e-07 0.00013613 4.7106e-05
5.1022e-07 0.00013622 4.726e-05
5.2987e-07 0.00013629 4.7398e-05
5.5366e-07 0.00013635 4.7551e-05
5.817e-07 0.00013641 4.7718e-05
6.0606e-07 0.00013647 4.7867e-05
6.36e-07 0.00013653 4.8036e-05
6.7156e-07 0.0001366 4.8222e-05
7.1347e-07 0.00013666 4.8423e-05
7.5069e-07 0.00013669 4.8606e-05
7.9483e-07 0.00013673 4.8765e-05
8.339e-07 0.00013673 4.8905e-05
8.8149e-07 0.00013673 4.9065e-05
9.3932e-07 0.00013674 4.9246e-05
1.0094e-06 0.00013675 4.9399e-05
1.0939e-06 0.00013677 4.9574e-05
1.1234e-06 0.00013679 4.9769e-05
1.1473e-06 0.00013678 4.9942e-05
1.1798e-06 0.00013677 5.0138e-05
1.221e-06 0.00013676 5.0354e-05
1.2564e-06 0.00013672 5.0548e-05
1.2862e-06 0.00013665 5.0722e-05
1.3106e-06 0.00013655 5.0875e-05
1.3297e-06 0.00013642 5.1008e-05
1.3432e-06 0.00013625 5.1117e-05
1.2961e-06 0.00013608 5.1247e-05
1.2423e-06 0.00013589 5.1355e-05
1.1747e-06 0.00013569 5.1442e-05
1.0991e-06 0.00013546 5.1508e-05
1.0151e-06 0.00013521 5.1553e-05
9.2231e-07 0.00013491 5.1577e-05
8.1994e-07 0.00013459 5.1624e-05
7.3251e-07 0.00013427 5.169e-05
6.3615e-07 0.00013392 5.1734e-05
5.3126e-07 0.00013353 5.176e-05
4.173e-07 0.00013312 5.1768e-05
2.9247e-07 0.000138 5.1755e-05
1.8462e-07 0.00014291 5.1759e-05
1.7313e-07 0.00014778 5.1787e-05
1.6416e-07 0.00015268 5.1834e-05
1.5289e-07 0.00015755 5.1863e-05
1.4395e-07 0.00016244 5.1912e-05
1.3257e-07 0.0001673 5.1984e-05
1.2337e-07 0.00017219 5.2076e-05
1.1186e-07 0.00017703 5.2148e-05
1.0257e-07 0.00018191 5.2237e-05
9.1171e-08 0.00018674 5.2307e-05
7.7648e-08 0.00019154 5.2359e-05
6.5632e-08 0.00019636 5.2426e-05
7.5022e-08 0.00020114 5.2476e-05
8.2776e-08 0.00020589 5.251e-05
9.1505e-08 0.00021066 5.2558e-05
1.013e-07 0.00021546 5.262e-05
1.0958e-07 0.00022022 5.2668e-05
1.1886e-07 0.00022501 5.2728e-05
1.2667e-07 0.00022976 5.2775e-05
1.3533e-07 0.00023453 5.2832e-05
1.4257e-07 0.00023928 5.2878e-05
1.5072e-07 0.00024404 5.2907e-05
1.5737e-07 0.00024877 5.2924e-05
1.6518e-07 0.00025352 5.2953e-05
1.7145e-07 0.00025781 5.2968e-05
1.7628e-07 0.00026208 5.2972e-05
1.8208e-07 0.00026636 5.2985e-05
1.8638e-07 0.00027062 5.2986e-05
1.8919e-07 0.00027484 5.2975e-05
1.906e-07 0.00027904 5.2952e-05
1.9313e-07 0.00028326 5.294e-05
1.9426e-07 0.00028745 5.2916e-05
1.9392e-07 0.00029161 5.288e-05
1.9471e-07 0.00029579 5.2855e-05
1.9667e-07 0.00029999 5.2842e-05
1.972e-07 0.00030416 5.2839e-05
1.9891e-07 0.00030834 5.282e-05
1.9913e-07 0.0003125 5.2788e-05
1.9793e-07 0.00031664 5.2745e-05
1.979e-07 0.00032079 5.2712e-05
1.9638e-07 0.00032491 5.2668e-05
1.934e-07 0.00032901 5.2611e-05
1.8901e-07 0.00033307 5.2543e-05
1.8557e-07 0.00033716 5.2484e-05
1.8323e-07 0.00034126 5.2436e-05
1.8176e-07 0.00034537 5.2397e-05
1.7886e-07 0.00034946 5.2347e-05
1.7452e-07 0.00035352 5.2284e-05
1.6873e-07 0.00035755 5.2209e-05
1.64e-07 0.0003616 5.2144e-05
1.601e-07 0.00036566 5.209e-05
1.5484e-07 0.0003697 5.2023e-05
1.5055e-07 0.00037376 5.1968e-05
1.4718e-07 0.00037783 5.1923e-05
1.4248e-07 0.00038188 5.1867e-05
1.3866e-07 0.00038595 5.1822e-05
1.3553e-07 0.00039003 5.1785e-05
1.3307e-07 0.00039412 5.1759e-05
1.3124e-07 0.00039824 5.1741e-05
1.3004e-07 0.00040237 5.1733e-05
1.2962e-07 0.00040652 5.1736e-05
1.2783e-07 0.00041064 5.1727e-05
1.2463e-07 0.00041473 5.1705e-05
1.2766e-07 0.00041879 5.167e-05
1.3155e-07 0.00042288 5.1646e-05
1.3619e-07 0.00042698 5.1633e-05
1.3936e-07 0.00043105 5.1607e-05
1.4103e-07 0.00043509 5.1567e-05
1.4376e-07 0.00043916 5.154e-05
1.4744e-07 0.00044319 5.1525e-05
1.4959e-07 0.0004472 5.1496e-05
1.5019e-07 0.00045117 5.1454e-05
1.4923e-07 0.00045511 5.1398e-05
1.4666e-07 0.00045907 5.1327e-05
1.4515e-07 0.00046306 5.1269e-05
1.4494e-07 0.00046708 5.1226e-05
1.4606e-07 0.00047113 5.1199e-05
1.4531e-07 0.00047521 5.1156e-05
1.4282e-07 0.00047926 5.1096e-05
1.4168e-07 0.00048334 5.1052e-05
1.3885e-07 0.00048739 5.0993e-05
1.371e-07 0.00049146 5.0947e-05
1.3384e-07 0.0004955 5.0888e-05
1.2912e-07 0.00049951 5.0815e-05
1.2517e-07 0.00050354 5.0753e-05
1.2192e-07 0.0005076 5.0701e-05
1.1932e-07 0.00051167 5.0659e-05
1.1734e-07 0.00051576 5.0631e-05
1.1399e-07 0.00051982 5.059e-05
1.1135e-07 0.00052391 5.0561e-05
1.0742e-07 0.00052797 5.0519e-05
1.0415e-07 0.00053205 5.0489e-05
1.015e-07 0.00053615 5.0469e-05
9.9305e-08 0.00054028 5.0458e-05
9.5802e-08 0.00054437 5.0435e-05
9.2869e-08 0.00054849 5.0423e-05
8.8633e-08 0.00055258 5.0398e-05
8.4809e-08 0.00055669 5.0383e-05
8.1364e-08 0.00056082 5.0377e-05
7.6672e-08 0.00056492 5.0359e-05
7.2355e-08 0.00056904 5.035e-05
6.8526e-08 0.00057319 5.0353e-05
6.3435e-08 0.00057731 5.0344e-05
5.8802e-08 0.00058146 5.0346e-05
5.4581e-08 0.00058563 5.0361e-05
5.0629e-08 0.00058977 5.0386e-05
4.5367e-08 0.00059388 5.0397e-05
3.8777e-08 0.00059796 5.0394e-05
3.0878e-08 0.00060201 5.0379e-05
4.1127e-08 0.00060602 5.0349e-05
5.2076e-08 0.00061006 5.0331e-05
6.154e-08 0.00061407 5.0299e-05
7.1799e-08 0.0006181 5.0279e-05
8.0437e-08 0.0006221 5.0244e-05
9.0013e-08 0.00062613 5.0222e-05
9.7792e-08 0.00063012 5.0183e-05
1.0691e-07 0.00063415 5.016e-05
1.1465e-07 0.00063814 5.0121e-05
1.2067e-07 0.00064209 5.0099e-05
1.2491e-07 0.00064601 5.006e-05
1.272e-07 0.00064989 5.0005e-05
1.2779e-07 0.00065373 4.9935e-05
1.2933e-07 0.0006576 4.9876e-05
1.3183e-07 0.0006615 4.9831e-05
1.3274e-07 0.00066536 4.9771e-05
1.32e-07 0.00066919 4.9696e-05
1.296e-07 0.00067299 4.9606e-05
1.2565e-07 0.00067675 4.9502e-05
1.2264e-07 0.00068054 4.9411e-05
1.2032e-07 0.00068436 4.9329e-05
1.1659e-07 0.00068814 4.9235e-05
1.1146e-07 0.0006919 4.9128e-05
1.0709e-07 0.00069568 4.9032e-05
1.0342e-07 0.00069949 4.8947e-05
1.0039e-07 0.00070332 4.8873e-05
9.6094e-08 0.00070713 4.8787e-05
9.2389e-08 0.00071096 4.8711e-05
8.7431e-08 0.00071476 4.8624e-05
8.1219e-08 0.00071854 4.8526e-05
7.5431e-08 0.00072234 4.8436e-05
7.0011e-08 0.00072616 4.8355e-05
6.332e-08 0.00072996 4.8262e-05
5.7083e-08 0.00073378 4.8179e-05
4.9633e-08 0.00073757 4.8085e-05
4.2581e-08 0.00074139 4.8001e-05
3.5732e-08 0.00074523 4.7926e-05
2.9127e-08 0.0007491 4.7861e-05
2.1362e-08 0.00075294 4.7784e-05
1.3682e-08 0.0007568 4.7716e-05
6.1093e-09 0.00076069 4.7658e-05
7.7071e-09 0.00076455 4.7589e-05
8.3159e-09 0.00076839 4.7508e-05
7.9216e-09 0.00077219 4.7415e-05
6.5366e-09 0.00077597 4.7311e-05
4.6889e-09 0.00077978 4.7217e-05
8.805e-09 0.00078356 4.711e-05
1.2662e-08 0.00078736 4.7014e-05
1.547e-08 0.00079114 4.6907e-05
1.7232e-08 0.00079489 4.6787e-05
1.7948e-08 0.00079861 4.6656e-05
1.8352e-08 0.00080235 4.6534e-05
1.7684e-08 0.00080607 4.64e-05
1.5935e-08 0.00080975 4.6253e-05
1.3957e-08 0.00081347 4.6117e-05
1.1749e-08 0.00081722 4.5993e-05
9.265e-09 0.000821 4.588e-05
1.6828e-08 0.00082474 4.5752e-05
2.4698e-08 0.00082852 4.5636e-05
3.1082e-08 0.00083159 4.5504e-05
3.5979e-08 0.00083463 4.5355e-05
3.9426e-08 0.00083762 4.5188e-05
4.3411e-08 0.00084066 4.5039e-05
4.8113e-08 0.00084374 4.4908e-05
5.1019e-08 0.00084688 4.4538e-05
5.4685e-08 0.00085007 4.4189e-05
4.5418e-08 0.00085331 4.3859e-05
3.7288e-08 0.0008566 4.3549e-05
2.7733e-08 0.00085983 4.3217e-05
3.2932e-08 0.00086301 4.2862e-05
3.6564e-08 0.00086614 4.2488e-05
3.8699e-08 0.00086923 4.2095e-05
4.1156e-08 0.00087236 4.1718e-05
4.4062e-08 0.00087553 4.1358e-05
4.7244e-08 0.00087873 4.1011e-05
4.9069e-08 0.0008819 4.065e-05
5.1232e-08 0.00088511 4.0301e-05
5.3758e-08 0.00088835 3.9967e-05
5.4961e-08 0.00089155 3.9617e-05
5.6386e-08 0.00089478 3.9279e-05
5.6548e-08 0.00089799 3.8927e-05
5.7039e-08 0.00090122 3.8588e-05
5.7864e-08 0.00090442 3.826e-05
5.8994e-08 0.00090765 3.7944e-05
5.8868e-08 0.00091086 3.7614e-05
5.7535e-08 0.00091403 3.7273e-05
5.6364e-08 0.00091722 3.6916e-05
5.3958e-08 0.00092039 3.6547e-05
5.1797e-08 0.00092359 3.6188e-05
4.9748e-08 0.00092681 3.5838e-05
4.7894e-08 0.00093006 3.5498e-05
4.6219e-08 0.00093335 3.5168e-05
4.4713e-08 0.00093667 3.4848e-05
4.3365e-08 0.00094002 3.4539e-05
4.2158e-08 0.0009434 3.4239e-05
4.0987e-08 0.00094682 3.3948e-05
3.9989e-08 0.00095026 3.3666e-05
3.9021e-08 0.00095373 3.3392e-05
3.6985e-08 0.00095717 3.3105e-05
3.5085e-08 0.00096065 3.2829e-05
3.1948e-08 0.00096409 3.2539e-05
2.8934e-08 0.00096758 3.226e-05
2.6015e-08 0.00097102 3.1992e-05
2.189e-08 0.00097449 3.1732e-05
2.6117e-08 0.00097793 3.146e-05
2.9136e-08 0.00098134 3.1174e-05
3.2199e-08 0.00098478 3.0898e-05
3.4076e-08 0.00098819 3.0609e-05
3.4819e-08 0.00099157 3.0309e-05
3.5573e-08 0.00099498 3.0017e-05
3.6256e-08 0.00099842 2.9732e-05
3.6872e-08 0.0010019 2.9454e-05
3.7429e-08 0.0010054 2.9182e-05
3.7935e-08 0.0010089 2.8917e-05
3.7268e-08 0.0010124 2.864e-05
3.6665e-08 0.0010159 2.8371e-05
3.615e-08 0.0010195 2.8112e-05
6.6112e-08 0.001023 2.7838e-05
6.8838e-08 0.0010266 2.7575e-05
7.2233e-08 0.0010302 2.7323e-05
7.4136e-08 0.0010338 2.7056e-05
7.6951e-08 0.0010374 2.6802e-05
7.7842e-08 0.001041 2.6562e-05
7.9774e-08 0.0010446 2.6336e-05
8.2928e-08 0.0010483 2.6122e-05
8.7291e-08 0.0010521 2.5922e-05
8.9702e-08 0.0010558 2.5704e-05
9.3598e-08 0.0010596 2.5502e-05
9.911e-08 0.0010634 2.5314e-05
1.0244e-07 0.0010672 2.5107e-05
1.0374e-07 0.001071 2.4883e-05
1.0667e-07 0.0010748 2.4674e-05
1.1107e-07 0.0010786 2.4478e-05
1.1704e-07 0.0010825 2.4294e-05
1.2086e-07 0.0010863 2.4093e-05
1.2663e-07 0.0010902 2.3906e-05
1.3019e-07 0.0010941 2.3702e-05
1.1425e-07 0.001098 2.3512e-05
1.0119e-07 0.001102 2.3336e-05
1.1383e-07 0.0011059 2.3142e-05
1.0866e-07 0.0011099 2.296e-05
1.0527e-07 0.001114 2.2792e-05
1.0331e-07 0.0011181 2.2635e-05
9.9309e-08 0.0011222 2.2462e-05
9.6924e-08 0.0011263 2.2302e-05
9.5844e-08 0.0011305 2.2153e-05
9.2727e-08 0.0011348 2.2016e-05
8.7598e-08 0.001139 2.186e-05
8.4e-08 0.0011433 2.1718e-05
8.1811e-08 0.0011476 2.1589e-05
7.7573e-08 0.0011519 2.1442e-05
7.4692e-08 0.0011563 2.1307e-05
6.979e-08 0.0011606 2.1155e-05
6.6185e-08 0.0011649 2.1016e-05
6.376e-08 0.0011694 2.0889e-05
5.9396e-08 0.0011739 2.0675e-05
5.6166e-08 0.0011785 2.0474e-05
5.1548e-08 0.0011831 2.0256e-05
4.7966e-08 0.0011879 2.0052e-05
4.5126e-08 0.0011925 1.986e-05
4.0584e-08 0.0011973 1.9682e-05
3.6894e-08 0.0012021 1.9516e-05
3.3927e-08 0.001207 1.9363e-05
2.9363e-08 0.0012118 1.9221e-05
2.5287e-08 0.0012167 1.909e-05
2.1584e-08 0.0012217 1.8968e-05
1.8153e-08 0.0012267 1.8855e-05
1.545e-08 0.0012318 1.8751e-05
1.291e-08 0.001237 1.8658e-05
1.0451e-08 0.0012423 1.8576e-05
7.9159e-09 0.0012476 1.8503e-05
4.0563e-09 0.0012529 1.8413e-05
5.4579e-09 0.0012581 1.8307e-05
6.6444e-09 0.0012634 1.8213e-05
6.6331e-09 0.0012686 1.8101e-05
6.3641e-09 0.0012739 1.8001e-05
5.7722e-09 0.0012793 1.7909e-05
4.8429e-09 0.0012846 1.7826e-05
3.5503e-09 0.0012898 1.7752e-05
7.1448e-09 0.0012952 1.7663e-05
1.0672e-08 0.0013006 1.7582e-05
1.2906e-08 0.0013059 1.7486e-05
1.51e-08 0.0013113 1.7398e-05
1.599e-08 0.0013167 1.7295e-05
1.6861e-08 0.0013221 1.7201e-05
1.7837e-08 0.0013274 1.7116e-05
1.8948e-08 0.0013329 1.7041e-05
2.0229e-08 0.0013384 1.6976e-05
2.1725e-08 0.001344 1.6944e-05
2.3373e-08 0.0013497 1.6921e-05
2.5221e-08 0.0013555 1.6905e-05
2.5629e-08 0.0013612 1.6875e-05
2.6392e-08 0.001367 1.6854e-05
2.7684e-08 0.0013727 1.6818e-05
2.9446e-08 0.0013785 1.6792e-05
2.9719e-08 0.0013843 1.675e-05
2.8502e-08 0.00139 1.6694e-05
3.6946e-08 0.0013956 1.6622e-05
4.6762e-08 0.0014013 1.656e-05
5.4619e-08 0.001407 1.6482e-05
6.3752e-08 0.0014127 1.6413e-05
7.0741e-08 0.0014184 1.6328e-05
7.9356e-08 0.0014242 1.6252e-05
8.9898e-08 0.00143 1.6186e-05
1.0374e-07 0.0014358 1.6104e-05
1.1504e-07 0.0014415 1.6007e-05
1.2861e-07 0.0014473 1.5918e-05
1.4524e-07 0.0014532 1.5839e-05
1.6517e-07 0.0014592 1.5769e-05
1.8885e-07 0.0014653 1.5707e-05
2.1772e-07 0.0014714 1.5655e-05
2.5261e-07 0.0014777 1.5612e-05
2.9475e-07 0.0014841 1.5579e-05
3.0453e-07 0.0014904 1.5538e-05
3.1823e-07 0.0014967 1.5491e-05
3.0755e-07 0.0015031 1.5436e-05
2.8997e-07 0.0015094 1.5374e-05
2.7671e-07 0.0015157 1.5305e-05
2.6673e-07 0.001522 1.5228e-05
2.604e-07 0.0015282 1.5162e-05
2.5725e-07 0.0015345 1.5104e-05
2.5722e-07 0.0015407 1.5031e-05
2.6374e-07 0.0015469 1.494e-05
2.7367e-07 0.0015531 1.486e-05
2.8685e-07 0.0015593 1.4786e-05
2.9918e-07 0.0015655 1.4706e-05
3.1065e-07 0.0015717 1.4618e-05
3.2128e-07 0.0015778 1.4523e-05
3.3105e-07 0.001584 1.4421e-05
3.3997e-07 0.0015901 1.4312e-05
3.4804e-07 0.0015962 1.4196e-05
3.5526e-07 0.0016023 1.4072e-05
3.6163e-07 0.0016084 1.3942e-05
3.6715e-07 0.0016145 1.3804e-05
3.7182e-07 0.0016206 1.3659e-05
3.7563e-07 0.0016266 1.3507e-05
3.786e-07 0.0016327 1.3347e-05
3.8071e-07 0.0016387 1.3181e-05
3.8197e-07 0.0016447 1.3007e-05
3.8238e-07 0.0016507 1.2826e-05
3.8194e-07 0.0016567 1.2638e-05
3.8065e-07 0.0016627 1.2443e-05
3.785e-07 0.0016687 1.2241e-05
3.7551e-07 0.0016746 1.2031e-05
3.7166e-07 0.0016806 1.1814e-05
3.6697e-07 0.0016865 1.1591e-05
3.6142e-07 0.0016925 1.1359e-05
3.5502e-07 0.0016984 1.1121e-05
3.4777e-07 0.0017043 1.0876e-05
3.3967e-07 0.0017102 1.0623e-05
3.3071e-07 0.001716 1.0363e-05
3.2091e-07 0.0017219 1.0097e-05
3.1025e-07 0.0017277 9.8224e-06
2.9875e-07 0.0017336 9.5411e-06
2.8639e-07 0.0017394 9.2527e-06
2.7318e-07 0.0017452 8.957e-06
2.5912e-07 0.001751 8.6542e-06
2.442e-07 0.0017568 8.3442e-06
2.2844e-07 0.0017626 8.0271e-06
2.1183e-07 0.0017684 7.7027e-06
1.9436e-07 0.0017741 7.3712e-06
1.8047e-07 0.00178 7.0483e-06
1.2537e-07 0.0017859 6.7337e-06
7.911e-08 0.001792 6.4269e-06
6.9138e-08 0.0017981 6.1277e-06
8.1746e-08 0.0018042 5.8362e-06
9.6498e-08 0.0018104 5.5501e-06
1.153e-07 0.0018165 5.2488e-06
1.3784e-07 0.0018227 4.9542e-06
1.6493e-07 0.001829 4.6659e-06
1.8823e-07 0.0018354 4.3631e-06
1.87e-07 0.0018417 4.0464e-06
1.8827e-07 0.0018481 3.7347e-06
2.0011e-07 0.0018545 3.8413e-06
2.1534e-07 0.0018609 3.9495e-06
2.1404e-07 0.0018675 3.792e-06
2.0998e-07 0.0018739 3.6218e-06
2.3562e-07 0.0018805 3.454e-06
2.6617e-07 0.0018872 3.2885e-06
3.0335e-07 0.0018938 3.111e-06
3.4835e-07 0.0019004 2.9357e-06
4.016e-07 0.0019071 2.7613e-06
4.4856e-07 0.0019136 2.5745e-06
4.8961e-07 0.0019201 2.3759e-06
5.5419e-07 0.0019266 2.1785e-06
6.3233e-07 0.0019331 1.9827e-06
7.4389e-07 0.0019396 2.0675e-06
8.6083e-07 0.0019657 2.3176e-06
8.9729e-07 0.0019722 2.3681e-06
9.2206e-07 0.0019787 2.4075e-06
2.5492e-08 0.0022875 3.379e-05
3.6244e-08 0.0022952 3.47e-05
4.8438e-08 0.0023029 3.564e-05
6.2411e-08 0.0023108 3.661e-05
6.169e-08 0.0023187 3.7615e-05
6.3086e-08 0.0023266 3.8588e-05
5.9413e-08 0.0023347 3.9592e-05
5.6645e-08 0.0023429 4.063e-05
5.4887e-08 0.0023512 4.1705e-05
5.3909e-08 0.0023594 4.2815e-05
5.3692e-08 0.0023677 4.3962e-05
5.1518e-08 0.0023762 4.5079e-05
4.7626e-08 0.0023846 4.6169e-05
4.4638e-08 0.0023932 4.7298e-05
4.2451e-08 0.0024018 4.8469e-05
4.0991e-08 0.0024106 4.9682e-05
4.0213e-08 0.0024196 5.094e-05
4.0093e-08 0.0024286 5.2244e-05
4.0475e-08 0.0024378 5.359e-05
3.9191e-08 0.0024469 5.4902e-05
3.855e-08 0.0024561 5.6261e-05
3.8534e-08 0.0024655 5.767e-05
3.9585e-08 0.002475 5.9131e-05
3.9367e-08 0.0024844 6.0558e-05
3.9641e-08 0.0024939 6.2032e-05
4.041e-08 0.0025036 6.3553e-05
4.1848e-08 0.0025134 6.513e-05
4.1692e-08 0.0025231 6.6672e-05
3.994e-08 0.0025328 6.8179e-05
3.887e-08 0.0025426 6.9742e-05
3.8452e-08 0.0025525 7.1364e-05
3.645e-08 0.0025626 7.2948e-05
3.5136e-08 0.0025728 7.4586e-05
3.4408e-08 0.0025832 7.6285e-05
3.4101e-08 0.0025937 7.804e-05
3.4202e-08 0.0026043 7.9854e-05
3.2622e-08 0.0026151 8.1732e-05
3.1436e-08 0.0026261 8.3672e-05
3.0596e-08 0.0026372 8.5674e-05
2.8189e-08 0.0026481 8.7631e-05
2.6092e-08 0.0026593 8.965e-05
2.2518e-08 0.0026705 9.1734e-05
1.932e-08 0.0026819 9.3891e-05
1.6272e-08 0.0026935 9.6114e-05
1.3385e-08 0.0027051 9.8412e-05
1.0483e-08 0.002717 0.00010078
7.4963e-09 0.0027289 0.00010322
1.0756e-08 0.0027408 0.00010561
1.3944e-08 0.0027528 0.00010808
1.7122e-08 0.0027649 0.00011062
1.9008e-08 0.002777 0.00011311
2.1005e-08 0.0027892 0.00011568
2.1846e-08 0.0028013 0.00011822
2.2846e-08 0.0028136 0.00012082
2.3908e-08 0.002826 0.0001235
2.5003e-08 0.0028385 0.00012626
2.6063e-08 0.0028512 0.00012908
2.5973e-08 0.0028638 0.00013187
2.4753e-08 0.0028763 0.00013464
2.3417e-08 0.002889 0.00013747
2.1942e-08 0.0029017 0.00014036
2.03e-08 0.0029146 0.00014331
1.8465e-08 0.0029276 0.00014632
1.6414e-08 0.0029406 0.0001494
1.4121e-08 0.0029538 0.00015254
1.1503e-08 0.0029671 0.00015575
2.1149e-08 0.0029803 0.00015893
3.1058e-08 0.0029936 0.00016216
4.1326e-08 0.003007 0.00016546
5.2055e-08 0.0030205 0.00016883
6.1506e-08 0.003034 0.00017217
7.1483e-08 0.0030475 0.00017557
8.0108e-08 0.0030611 0.00017894
8.7438e-08 0.0030746 0.00018229
9.554e-08 0.0030882 0.00018571
1.043e-07 0.0031018 0.0001892
1.1166e-07 0.0031155 0.00019266
1.1973e-07 0.0031292 0.00019619
1.2638e-07 0.0031431 0.00019969
1.3399e-07 0.0031571 0.00020326
1.4268e-07 0.0031712 0.00020692
1.5261e-07 0.0031854 0.00021065
1.609e-07 0.0031995 0.00021436
1.6744e-07 0.0032136 0.00021802
1.758e-07 0.0032279 0.00022178
1.8686e-07 0.003242 0.00022569
2.0133e-07 0.0032563 0.00022636
2.0985e-07 0.0032705 0.000227
1.953e-07 0.0032849 0.00022769
1.8362e-07 0.0032994 0.00022844
1.7447e-07 0.0033142 0.00022924
1.6273e-07 0.0033288 0.00023001
1.5375e-07 0.0033436 0.00023084
1.4204e-07 0.0033583 0.00023163
1.3321e-07 0.003373 0.00023237
1.2657e-07 0.0033877 0.00023317
1.1741e-07 0.0034027 0.00023392
1.0574e-07 0.0034176 0.00023464
9.147e-08 0.0034323 0.00023531
7.9577e-08 0.0034473 0.00023605
6.9673e-08 0.0034624 0.00023684
5.7945e-08 0.0034778 0.0002376
4.7936e-08 0.0034933 0.00023841
3.9102e-08 0.003509 0.00023928
3.1214e-08 0.0035249 0.00024021
2.4079e-08 0.003541 0.00024119
1.5162e-08 0.0035572 0.00024212
6.8792e-09 0.0035736 0.00024312
7.5628e-09 0.0035899 0.00024407
7.9675e-09 0.0036064 0.00024509
8.0363e-09 0.0036231 0.00024615
6.946e-09 0.0036397 0.00024718
5.5675e-09 0.0036565 0.00024827
1.155e-08 0.0036731 0.00024932
1.782e-08 0.00369 0.00025044
2.4536e-08 0.003707 0.00025161
2.1324e-08 0.0037243 0.00025284
1.8224e-08 0.0037417 0.00025414
1.3781e-08 0.0037591 0.0002554
7.8713e-09 0.0037763 0.00025661
9.5996e-09 0.0037934 0.00025778
2.3897e-08 0.0038104 0.00025892
3.4126e-08 0.0038273 0.00026001
4.5695e-08 0.0038443 0.00026116
5.508e-08 0.0038613 0.00026227
6.5902e-08 0.0038785 0.00026094
7.4653e-08 0.0038955 0.00025956
8.5211e-08 0.0039128 0.00025825
9.7598e-08 0.0039303 0.00025709
1.0755e-07 0.0039477 0.00025589
1.1531e-07 0.0039649 0.00025465
1.2488e-07 0.0039824 0.00025347
1.3198e-07 0.0039997 0.00025225
1.4131e-07 0.0040173 0.0002511
1.4833e-07 0.0040347 0.0002499
1.3476e-07 0.0040524 0.00024878
1.2381e-07 0.0040703 0.00024772
1.1044e-07 0.0040881 0.00024662
9.9492e-08 0.0041061 0.00024559
9.0592e-08 0.0041243 0.00024463
8.0101e-08 0.0041425 0.00024363
7.118e-08 0.0041608 0.00024268
6.3602e-08 0.0041794 0.0002418
5.7182e-08 0.0041982 0.00024097
4.856e-08 0.0042168 0.0002402
5.7599e-08 0.0042354 0.00023939
6.7804e-08 0.0042541 0.00023863
7.6134e-08 0.0042727 0.00023783
8.2683e-08 0.0042913 0.000237
9.0411e-08 0.00431 0.00023623
9.9249e-08 0.0043289 0.0002355
1.0623e-07 0.0043478 0.00023473
1.1464e-07 0.0043668 0.00023402
1.2521e-07 0.004386 0.00023327
1.3768e-07 0.0044054 0.00023248
1.5172e-07 0.004425 0.00023172
1.6764e-07 0.0044448 0.00023101
1.8559e-07 0.0044647 0.00023033
2.0579e-07 0.0044849 0.0002297
2.285e-07 0.0045051 0.0002291
2.4915e-07 0.0045254 0.00022848
2.6794e-07 0.0045455 0.00022784
2.8894e-07 0.0045658 0.00022725
3.0806e-07 0.0045861 0.00022664
3.295e-07 0.0046065 0.00022606
3.4889e-07 0.0046269 0.00022545
3.6636e-07 0.0046472 0.00022483
3.819e-07 0.0046675 0.00022419
4.0028e-07 0.0046879 0.00022359
4.2181e-07 0.0047083 0.00022303
4.4114e-07 0.0047286 0.00022245
4.634e-07 0.0047491 0.0002219
4.8923e-07 0.0047698 0.00022139
4.6592e-07 0.0047906 0.00022092
4.4051e-07 0.0048114 0.00022042
4.1794e-07 0.0048324 0.00021996
3.983e-07 0.0048535 0.00021953
3.8099e-07 0.0048748 0.00021913
3.6178e-07 0.004896 0.00021872
3.4506e-07 0.0049174 0.00021833
3.3063e-07 0.0049389 0.00021798
3.183e-07 0.0049606 0.00021765
3.0792e-07 0.0049825 0.00021736
2.9586e-07 0.0050043 0.00021705
2.821e-07 0.0050261 0.00021673
2.6664e-07 0.0050478 0.00021638
2.4945e-07 0.0050695 0.00021602
2.3052e-07 0.0050912 0.00021565
2.1362e-07 0.005113 0.0002153
1.9854e-07 0.005135 0.00021499
1.8488e-07 0.0051571 0.0002147
1.7273e-07 0.0051794 0.00021444
1.6174e-07 0.0052018 0.00021421
1.5181e-07 0.0052244 0.00021401
1.4286e-07 0.0052472 0.00021383
1.348e-07 0.0052701 0.00021368
1.2531e-07 0.005293 0.00021351
1.1443e-07 0.0053158 0.00021333
1.0457e-07 0.0053388 0.00021318
9.5449e-08 0.005362 0.00021305
8.6977e-08 0.0053853 0.00021295
7.9073e-08 0.0054088 0.00021288
7.1661e-08 0.0054324 0.00021283
6.467e-08 0.0054562 0.00021281
5.6392e-08 0.00548 0.00021277
4.6819e-08 0.0055037 0.00021272
3.7769e-08 0.0055276 0.0002127
2.9136e-08 0.0055517 0.0002127
2.0821e-08 0.0055759 0.00021274
1.1329e-08 0.0056001 0.00021276
1.4315e-08 0.0056245 0.00021276
1.6985e-08 0.0056491 0.00021279
1.9431e-08 0.0056738 0.00021285
2.1613e-08 0.0056987 0.00021294
2.2716e-08 0.0057235 0.00021301
2.2739e-08 0.0057484 0.00021307
2.2575e-08 0.0057733 0.00021315
2.2231e-08 0.0057985 0.00021326
2.081e-08 0.0058237 0.00021336
1.7879e-08 0.005849 0.00021344
1.3848e-08 0.0058743 0.0002135
9.6772e-09 0.0058997 0.0002136
1.589e-08 0.0059252 0.00021367
2.2057e-08 0.0059508 0.00021378
2.834e-08 0.0059766 0.00021391
3.3459e-08 0.0060026 0.00021403
3.8744e-08 0.0060288 0.00021419
4.2816e-08 0.0060549 0.00021432
4.6992e-08 0.006081 0.00021448
5.1432e-08 0.0061073 0.00021467
5.4621e-08 0.0061335 0.00021485
5.6605e-08 0.0061597 0.000215
5.8757e-08 0.0061861 0.00021519
5.9701e-08 0.0062124 0.00021536
6.0832e-08 0.0062392 0.00021556
6.0702e-08 0.0062658 0.00021574
5.9305e-08 0.0062925 0.0002159
5.6625e-08 0.0063193 0.00021604
5.4155e-08 0.0063463 0.00021621
5.0451e-08 0.0063733 0.00021636
4.6936e-08 0.0064005 0.00021654
4.2195e-08 0.0064276 0.0002167
3.7615e-08 0.0064549 0.0002169
3.3249e-08 0.0064825 0.00021712
2.7636e-08 0.00651 0.00021733
2.0744e-08 0.0065374 0.00021752
2.6309e-08 0.0065647 0.00021768
3.0597e-08 0.006592 0.00021782
3.3605e-08 0.0066191 0.00021794
3.6843e-08 0.0066466 0.0002181
3.8753e-08 0.0066742 0.0002183
4.0868e-08 0.0067021 0.00021854
4.126e-08 0.00673 0.00021875
4.1843e-08 0.006758 0.000219
4.2726e-08 0.0067864 0.00021929
4.3804e-08 0.0068149 0.00021962
4.3518e-08 0.0068434 0.00021992
4.3557e-08 0.0068722 0.00022026
4.3946e-08 0.0069012 0.00022071
4.3e-08 0.0069302 0.00022112
4.2272e-08 0.0069594 0.00022158
4.1859e-08 0.0069885 0.00022207
4.1746e-08 0.0070178 0.00022261
4.1803e-08 0.0070475 0.00022319
4.2144e-08 0.0070774 0.00022381
4.2614e-08 0.0071075 0.00022447
4.3305e-08 0.007138 0.00022516
4.4111e-08 0.0071686 0.00022258
4.3652e-08 0.0071992 0.00021996
4.3276e-08 0.0072301 0.0002174
4.2975e-08 0.0072611 0.0002149
4.2747e-08 0.0072924 0.00021245
4.2595e-08 0.007324 0.00021006
4.1181e-08 0.0073555 0.00020764
3.8468e-08 0.0073868 0.00020489
3.597e-08 0.0074185 0.00020222
3.3549e-08 0.0074504 0.0001996
3.1285e-08 0.0074826 0.00019705
2.9168e-08 0.0075151 0.00019457
2.7215e-08 0.0075479 0.00019217
2.3865e-08 0.0075806 0.00018972
1.9112e-08 0.0076131 0.00018722
1.4759e-08 0.0076455 0.00018028
1.0835e-08 0.0076782 0.00017354
1.5794e-08 0.0077108 0.0001667
1.9344e-08 0.0077432 0.00015975
2.3194e-08 0.0077759 0.00015302
2.7311e-08 0.0078091 0.00014647
2.9925e-08 0.007842 0.00013982
3.2963e-08 0.0078753 0.00013338
3.6519e-08 0.007909 0.00012679
3.8504e-08 0.0079426 0.00012009
3.8925e-08 0.0079759 0.00011328
3.9869e-08 0.0080097 0.00010669
3.9237e-08 0.0080433 9.9982e-05
3.914e-08 0.0080772 9.3486e-05
3.9585e-08 0.0081116 8.7192e-05
4.0608e-08 0.0081463 8.1097e-05
4.0022e-08 0.0081808 7.4897e-05
3.7815e-08 0.0082152 7.4125e-05
3.6047e-08 0.0082499 7.3385e-05
3.2599e-08 0.0082844 7.2616e-05
2.9548e-08 0.0083193 7.1878e-05
2.6812e-08 0.0083546 7.1171e-05
2.2556e-08 0.0083897 7.0436e-05
1.8698e-08 0.0084252 6.9735e-05
1.5129e-08 0.0084611 6.9066e-05
2.2784e-08 0.0084968 6.8433e-05
3.1114e-08 0.0085329 6.7827e-05
2.8828e-08 0.0085694 6.7253e-05
2.6937e-08 0.0086064 6.671e-05
2.5697e-08 0.0086432 6.6139e-05
2.4851e-08 0.0086804 6.56e-05
2.2557e-08 0.0087174 6.5034e-05
2.0516e-08 0.0087548 6.4499e-05
1.8566e-08 0.0087927 6.3989e-05
1.6765e-08 0.0088309 6.3508e-05
1.4967e-08 0.0088696 6.3051e-05
1.3224e-08 0.0089087 6.2623e-05
2.3066e-08 0.0089483 6.2171e-05
3.4147e-08 0.0089884 6.1748e-05
4.3254e-08 0.0090282 6.13e-05
5.3767e-08 0.0090685 6.088e-05
5.4274e-08 0.0091093 6.043e-05
5.564e-08 0.0091506 6.0008e-05
5.7732e-08 0.0091923 5.9611e-05
5.8037e-08 0.0092338 5.9189e-05
5.665e-08 0.0092751 5.8744e-05
5.3545e-08 0.0093162 5.8276e-05
5.1213e-08 0.0093577 5.7833e-05
4.4478e-08 0.0093871 5.7306e-05
3.5746e-08 0.0094163 5.6753e-05
2.4939e-08 0.0094453 5.6173e-05
2.6186e-08 0.0094747 5.5567e-05
2.7708e-08 0.0095045 5.4987e-05
2.9545e-08 0.0095346 5.4434e-05
3.1747e-08 0.009565 5.3906e-05
3.4616e-08 0.0095953 5.3408e-05
3.8161e-08 0.0096259 5.2938e-05
4.2331e-08 0.009657 5.2492e-05
4.483e-08 0.0096878 5.2023e-05
4.8003e-08 0.009719 5.1577e-05
4.9391e-08 0.00975 5.1108e-05
4.9014e-08 0.0097808 5.0613e-05
4.9466e-08 0.0098121 5.0145e-05
5.0592e-08 0.0098437 4.9701e-05
5.2423e-08 0.0098756 4.9279e-05
5.5008e-08 0.009908 4.888e-05
5.5726e-08 0.0099401 4.8457e-05
5.7219e-08 0.0099726 4.8056e-05
5.6983e-08 0.010005 4.7633e-05
5.7535e-08 0.010038 4.7233e-05
5.9086e-08 0.01007 4.6857e-05
6.1486e-08 0.010103 4.6502e-05
6.5003e-08 0.010136 4.6172e-05
6.7653e-08 0.01017 4.5835e-05
6.9438e-08 0.010203 4.5491e-05
7.0356e-08 0.010236 4.514e-05
7.0408e-08 0.01027 4.4782e-05
6.9595e-08 0.010303 4.4418e-05
6.7915e-08 0.010336 4.4047e-05
6.537e-08 0.01037 4.367e-05
6.1958e-08 0.010403 4.3285e-05
5.768e-08 0.010437 4.2894e-05
5.4505e-08 0.010471 4.2526e-05
5.2325e-08 0.010505 4.2181e-05
5.094e-08 0.01054 4.1856e-05
5.1878e-08 0.010575 4.1509e-05
5.3543e-08 0.010579 4.1136e-05
5.5981e-08 0.010583 4.0784e-05
5.6583e-08 0.010587 4.0409e-05
5.5352e-08 0.010591 4.0011e-05
5.5071e-08 0.010596 3.8096e-05
5.2961e-08 0.0106 3.6137e-05
4.9112e-08 0.010604 3.4061e-05
4.6035e-08 0.010609 3.2046e-05
4.1142e-08 0.010613 2.9986e-05
3.7144e-08 0.010618 2.7992e-05
3.3906e-08 0.010623 2.6161e-05
3.2219e-08 0.010627 2.4391e-05
3.0931e-08 0.010632 2.267e-05
2.8099e-08 0.010637 2.0914e-05
2.5771e-08 0.010642 1.9214e-05
2.1934e-08 0.010648 1.7479e-05
1.8548e-08 0.010653 1.5798e-05
1.3952e-08 0.010659 1.4079e-05
1.9119e-08 0.010664 1.3978e-05
2.4877e-08 0.01067 1.3886e-05
3.143e-08 0.010675 1.3802e-05
3.8995e-08 0.010681 1.3727e-05
4.858e-08 0.010688 1.3661e-05
4.745e-08 0.010694 1.3603e-05
4.6967e-08 0.010701 1.3551e-05
4.7116e-08 0.010708 1.3507e-05
4.9057e-08 0.010715 1.347e-05
5.1888e-08 0.010722 1.3442e-05
5.5522e-08 0.010729 1.3421e-05
6.0259e-08 0.010737 1.3407e-05
6.6265e-08 0.010745 1.3402e-05
7.4214e-08 0.010752 1.3405e-05
6.798e-08 0.01076 1.3416e-05
6.3129e-08 0.010768 1.3435e-05
5.9437e-08 0.010776 1.3438e-05
7.6235e-08 0.010784 1.3425e-05
7.6099e-08 0.010793 1.342e-05
7.6956e-08 0.010801 1.3421e-05
7.8777e-08 0.010809 1.3429e-05
7.8717e-08 0.010818 1.3421e-05
7.9592e-08 0.010826 1.342e-05
8.1397e-08 0.010835 1.3424e-05
8.4165e-08 0.010844 1.3433e-05
8.8178e-08 0.010854 1.345e-05
9.3541e-08 0.010863 1.3473e-05
1.0042e-07 0.010873 1.3503e-05
1.0522e-07 0.010882 1.3519e-05
1.1165e-07 0.010892 1.3542e-05
1.1591e-07 0.010902 1.355e-05
1.18e-07 0.010912 1.3543e-05
1.179e-07 0.010921 1.3521e-05
1.1553e-07 0.01093 1.3484e-05
1.1465e-07 0.01094 1.3453e-05
1.1155e-07 0.010949 1.3407e-05
1.1017e-07 0.010959 1.3369e-05
1.1048e-07 0.010969 1.3339e-05
1.0851e-07 0.010979 1.3294e-05
1.0422e-07 0.010988 1.3233e-05
1.0137e-07 0.010998 1.3179e-05
1.0014e-07 0.011009 1.3133e-05
9.675e-08 0.011019 1.3072e-05
9.4933e-08 0.01103 1.3018e-05
9.495e-08 0.01104 1.2949e-05
9.6208e-08 0.011051 1.2887e-05
9.868e-08 0.011062 1.283e-05
9.9124e-08 0.011073 1.2759e-05
1.0076e-07 0.011084 1.2694e-05
1.0385e-07 0.011095 1.2635e-05
1.0848e-07 0.011107 1.2584e-05
1.1478e-07 0.011118 1.2539e-05
1.1905e-07 0.01113 1.248e-05
1.2512e-07 0.011142 1.2428e-05
1.3291e-07 0.011154 1.2382e-05
1.3844e-07 0.011166 1.2322e-05
1.4621e-07 0.011178 1.227e-05
1.5163e-07 0.01119 1.2203e-05
1.5909e-07 0.011202 1.2142e-05
1.5538e-07 0.011214 1.2088e-05
1.6684e-07 0.011225 1.202e-05
1.5779e-07 0.011238 1.1958e-05
1.4599e-07 0.011249 1.188e-05
1.3684e-07 0.011262 1.181e-05
1.2973e-07 0.011274 1.1746e-05
1.2476e-07 0.011289 1.1689e-05
1.2174e-07 0.011304 1.1639e-05
1.1655e-07 0.011319 1.1575e-05
1.0914e-07 0.011335 1.1497e-05
1.0337e-07 0.011351 1.1424e-05
9.5463e-08 0.011367 1.1338e-05
8.9341e-08 0.011383 1.1258e-05
8.456e-08 0.011399 1.1184e-05
8.1211e-08 0.011416 1.1116e-05
7.5818e-08 0.011433 1.1034e-05
7.1801e-08 0.011449 1.0959e-05
6.8843e-08 0.011467 1.0904e-05
6.3911e-08 0.011484 1.0836e-05
6.0197e-08 0.011501 1.0773e-05
5.7618e-08 0.011501 1.0967e-05
5.3145e-08 0.011502 1.1145e-05
4.9533e-08 0.011502 1.1329e-05
4.6729e-08 0.011503 1.152e-05
4.495e-08 0.011504 1.172e-05
4.3745e-08 0.011506 1.1926e-05
4.3063e-08 0.011507 1.2139e-05
4.2876e-08 0.011509 1.2359e-05
4.1133e-08 0.011511 1.2565e-05
4.0017e-08 0.011513 1.2779e-05
3.9645e-08 0.011514 1.2978e-05
3.9698e-08 0.011516 1.3185e-05
3.8229e-08 0.011519 1.3377e-05
3.7294e-08 0.011521 1.3577e-05
3.6693e-08 0.011524 1.3784e-05
3.6524e-08 0.011526 1.4e-05
3.6874e-08 0.011529 1.4201e-05
3.574e-08 0.011532 1.4388e-05
3.4982e-08 0.011535 1.4582e-05
3.2779e-08 0.011538 1.4762e-05
2.9123e-08 0.011541 1.4929e-05
2.5823e-08 0.011544 1.5102e-05
2.1082e-08 0.011548 1.5262e-05
1.485e-08 0.01155 1.5407e-05
9.1115e-09 0.011554 1.556e-05
3.6357e-09 0.011557 1.5722e-05
4.1742e-09 0.01156 1.5869e-05
3.6323e-09 0.011564 1.6002e-05
2.6695e-09 0.011567 1.6145e-05
5.8749e-09 0.01157 1.6271e-05
9.0011e-09 0.011574 1.6407e-05
1.2156e-08 0.011578 1.6553e-05
1.546e-08 0.011582 1.6709e-05
1.915e-08 0.011585 1.6876e-05
2.3118e-08 0.01159 1.7052e-05
2.7619e-08 0.011594 1.724e-05
3.2844e-08 0.011598 1.741e-05
3.6356e-08 0.011603 1.7563e-05
7.3579e-08 0.011607 1.77e-05
8.3009e-08 0.011612 1.7821e-05
8.4784e-08 0.011616 1.795e-05
8.7752e-08 0.011621 1.8089e-05
9.1995e-08 0.011627 1.8238e-05
9.4087e-08 0.011632 1.8369e-05
9.7734e-08 0.011637 1.8512e-05
1.0307e-07 0.011642 1.8667e-05
1.0629e-07 0.011647 1.8805e-05
1.1102e-07 0.011653 1.8953e-05
1.1162e-07 0.011658 1.9084e-05
1.1378e-07 0.011663 1.9226e-05
1.1753e-07 0.011669 1.9379e-05
1.2292e-07 0.011675 1.9542e-05
1.262e-07 0.01168 1.9689e-05
1.3117e-07 0.011686 1.9847e-05
1.3801e-07 0.011692 2.0015e-05
1.4693e-07 0.011699 2.0194e-05
1.5826e-07 0.011706 2.0385e-05
1.6694e-07 0.011712 2.0559e-05
1.7322e-07 0.011719 2.0717e-05
1.8173e-07 0.011726 2.0885e-05
1.9272e-07 0.011733 2.1064e-05
2.0108e-07 0.01174 2.1226e-05
2.1228e-07 0.011747 2.14e-05
2.2075e-07 0.011754 2.1556e-05
2.3243e-07 0.011761 2.1726e-05
2.3389e-07 0.011768 2.1909e-05
2.3825e-07 0.011776 2.2106e-05
2.3963e-07 0.011783 2.2285e-05
2.3818e-07 0.011791 2.2445e-05
2.3962e-07 0.011799 2.2619e-05
2.3818e-07 0.011807 2.2775e-05
2.3409e-07 0.011815 2.2914e-05
2.2733e-07 0.011823 2.3036e-05
2.2352e-07 0.011831 2.3171e-05
2.2251e-07 0.01184 2.332e-05
2.187e-07 0.011848 2.3451e-05
2.1767e-07 0.011857 2.3596e-05
2.1408e-07 0.011865 2.3724e-05
2.0765e-07 0.011873 2.3867e-05
2.0409e-07 0.011882 2.4024e-05
2.0282e-07 0.011891 2.4193e-05
2.0376e-07 0.0119 2.4375e-05
2.0207e-07 0.011909 2.4538e-05
2.0291e-07 0.011918 2.4715e-05
2.0599e-07 0.011937 2.4872e-05
2.0644e-07 0.011956 2.5012e-05
2.0908e-07 0.011975 2.5163e-05
2.0912e-07 0.011993 2.5296e-05
2.117e-07 0.012012 2.5443e-05
2.1187e-07 0.012031 2.5573e-05
2.1428e-07 0.01205 2.5715e-05
2.1418e-07 0.012069 2.584e-05
2.1646e-07 0.012087 2.5977e-05
2.1647e-07 0.012106 2.6099e-05
2.1852e-07 0.012125 2.6231e-05
2.2265e-07 0.012145 2.6375e-05
2.2899e-07 0.012164 2.6529e-05
2.3277e-07 0.012184 2.6666e-05
2.388e-07 0.012203 2.6815e-05
2.4762e-07 0.012223 2.6977e-05
2.5951e-07 0.012244 2.7152e-05
2.7491e-07 0.012264 2.7342e-05
3.2438e-07 0.012266 2.7546e-05
3.824e-07 0.012267 2.7763e-05
4.3409e-07 0.012268 2.7962e-05
4.7987e-07 0.01227 2.8141e-05
5.2009e-07 0.012271 2.8303e-05
5.5548e-07 0.012272 2.8447e-05
5.8424e-07 0.012273 2.8783e-05
6.6989e-07 0.012274 2.9099e-05
6.9102e-07 0.012276 2.9434e-05
7.1833e-07 0.012277 2.9784e-05
7.5257e-07 0.012278 3.0151e-05
7.8182e-07 0.01228 3.0499e-05
8.062e-07 0.012281 3.3688e-05
1.0168e-06 0.012282 3.682e-05
1.2647e-06 0.012283 4.0046e-05
1.5618e-06 0.012285 4.3382e-05
1.9159e-06 0.012287 4.6828e-05
2.0219e-06 0.012289 5.0389e-05
2.1465e-06 0.012291 5.4051e-05
2.2599e-06 0.012293 5.7651e-05
2.3946e-06 0.012296 6.1362e-05
2.4094e-06 0.012298 6.5175e-05
2.4184e-06 0.012301 6.8927e-05
2.4222e-06 0.012303 7.2623e-05
2.4345e-06 0.012305 7.6421e-05
2.4414e-06 0.012308 8.0163e-05
2.4429e-06 0.01231 8.3849e-05
2.3705e-06 0.012313 8.4762e-05
2.2892e-06 0.012315 8.5644e-05
2.2216e-06 0.012318 8.6562e-05
2.1455e-06 0.01232 8.745e-05
2.0614e-06 0.012323 8.8312e-05
1.9909e-06 0.012326 8.9208e-05
1.9129e-06 0.012328 9.0077e-05
1.849e-06 0.012331 9.0986e-05
1.7963e-06 0.012334 9.1931e-05
1.7551e-06 0.012337 9.2918e-05
1.724e-06 0.012341 9.395e-05
1.612e-06 0.012344 9.4948e-05
1.4898e-06 0.012347 9.5917e-05
1.3568e-06 0.01235 9.6932e-05
1.2449e-06 0.012354 9.7987e-05
1.1507e-06 0.012357 9.8999e-05
1.0715e-06 0.012361 0.00010006
1.005e-06 0.012365 0.00010116
9.4942e-07 0.012369 0.0001023
8.8886e-07 0.012374 0.00010343
8.3629e-07 0.012378 0.00010458
7.7893e-07 0.012383 0.00010571
7.281e-07 0.012387 0.00010687
6.7417e-07 0.012392 0.00010802
6.2569e-07 0.012397 0.00010919
5.745e-07 0.012402 0.00011034
5.206e-07 0.012406 0.00011148
4.7175e-07 0.012411 0.00011264
4.2802e-07 0.012416 0.00011383
3.8836e-07 0.012422 0.00011505
3.5286e-07 0.012427 0.00011631
3.2065e-07 0.012432 0.00011758
2.9182e-07 0.012438 0.0001189
2.6566e-07 0.012444 0.00012024
2.4229e-07 0.01245 0.00012161
2.2147e-07 0.012456 0.00012302
2.0272e-07 0.012462 0.00012446
1.82e-07 0.012468 0.00012589
1.6372e-07 0.012474 0.00012735
1.4244e-07 0.012481 0.00013813
1.5072e-07 0.012487 0.00014931
1.6104e-07 0.012493 0.0001608
1.7366e-07 0.0125 0.00017264
1.8379e-07 0.012506 0.00018431
1.9147e-07 0.012512 0.00019581
2.0195e-07 0.012519 0.00020771
2.096e-07 0.012525 0.00023228
2.1986e-07 0.012533 0.00025763
2.2721e-07 0.012541 0.00028254
2.0998e-07 0.012549 0.00029047
1.9637e-07 0.012558 0.00029868
1.8591e-07 0.012566 0.00030718
1.7826e-07 0.012575 0.00031598
1.7281e-07 0.012584 0.00032506
1.7159e-07 0.012594 0.00032756
1.7264e-07 0.012604 0.00033017
1.7598e-07 0.012613 0.00033289
1.8174e-07 0.012624 0.00033573
1.8492e-07 0.012634 0.00033849
1.9058e-07 0.012644 0.00034138
1.9857e-07 0.012655 0.00034418
2.0382e-07 0.012665 0.00034691
2.0658e-07 0.012675 0.00034958
2.1203e-07 0.012686 0.00035237
2.149e-07 0.012697 0.00035528
2.2053e-07 0.012707 0.00035831
2.2358e-07 0.012718 0.00036127
2.2409e-07 0.012728 0.00036417
1.9765e-07 0.012739 0.0003672
1.7569e-07 0.01275 0.00037034
1.5726e-07 0.012761 0.00037361
1.417e-07 0.012772 0.00037699
1.2363e-07 0.012783 0.00038031
1.0811e-07 0.012794 0.00038374
9.474e-08 0.012805 0.00038729
8.3187e-08 0.012816 0.00039096
6.9749e-08 0.012827 0.00039458
5.79e-08 0.012838 0.00039831
4.7369e-08 0.012849 0.00040216
3.7928e-08 0.012861 0.00040614
2.9389e-08 0.012873 0.00041025
2.145e-08 0.012885 0.00041448
1.3978e-08 0.012897 0.00041884
6.8351e-09 0.012909 0.00042333
8.1726e-09 0.012922 0.00042774
8.3386e-09 0.012934 0.00043208
8.2545e-09 0.012946 0.00043657
7.9388e-09 0.012959 0.00044121
6.4552e-09 0.012972 0.00044578
1.2134e-08 0.012985 0.00045026
1.8275e-08 0.012998 0.00045491
2.2284e-08 0.013011 0.00045946
2.4855e-08 0.013024 0.00046393
2.6005e-08 0.013034 0.00046833
2.7474e-08 0.013045 0.00047288
2.9172e-08 0.013055 0.00047759
3.1136e-08 0.013067 0.00048244
3.1595e-08 0.013077 0.00051539
3.2436e-08 0.013089 0.00054934
3.3673e-08 0.0131 0.00058431
3.3409e-08 0.013111 0.00061883
3.3551e-08 0.013123 0.0006544
3.2242e-08 0.013134 0.00068955
3.1211e-08 0.013146 0.00072565
3.0555e-08 0.013158 0.00076285
3.0139e-08 0.01317 0.00080107
3.0088e-08 0.013182 0.0008119
3.0255e-08 0.013194 0.00082304
2.9036e-08 0.013206 0.00083404
2.8108e-08 0.013219 0.00084538
2.7442e-08 0.013231 0.00085706
2.6913e-08 0.013244 0.0008594
2.4989e-08 0.013257 0.00086168
2.327e-08 0.01327 0.00086408
2.1712e-08 0.013284 0.0008666
2.0173e-08 0.013297 0.00086923
1.8624e-08 0.013311 0.00087197
1.5802e-08 0.013325 0.00087466
1.3049e-08 0.013339 0.00087748
1.9339e-08 0.013353 0.00088022
2.6027e-08 0.013367 0.00088309
3.1142e-08 0.013381 0.00088588
3.6739e-08 0.013395 0.0008888
4.3457e-08 0.013409 0.00089194
5.1232e-08 0.013424 0.00089523
5.7164e-08 0.013439 0.00089844
6.4214e-08 0.013454 0.0009018
7.2358e-08 0.013469 0.00090529
8.1675e-08 0.013484 0.00090892
9.231e-08 0.0135 0.00091269
1.0413e-07 0.013516 0.00091657
1.1419e-07 0.013532 0.00092039
1.2264e-07 0.013547 0.00092417
1.2952e-07 0.013563 0.0009279
1.3766e-07 0.013579 0.00093176
1.4419e-07 0.013595 0.00093573
1.4914e-07 0.013611 0.00093965
1.5254e-07 0.013627 0.00094353
1.5717e-07 0.013643 0.00094736
1.6289e-07 0.013659 0.0009513
1.6692e-07 0.013675 0.00095519
1.6935e-07 0.013692 0.00095903
1.7019e-07 0.013708 0.00096282
1.7237e-07 0.013724 0.00096675
1.7595e-07 0.013741 0.0009708
1.8104e-07 0.013758 0.00097499
1.8777e-07 0.013775 0.00097931
1.9611e-07 0.013792 0.00098378
2.0236e-07 0.013808 0.00098817
2.0644e-07 0.013825 0.00099248
2.1289e-07 0.013842 0.00099698
2.1686e-07 0.013859 0.0010014
2.1831e-07 0.013876 0.0010057
2.2582e-07 0.013892 0.0010099
2.3641e-07 0.013909 0.0010143
2.4426e-07 0.013926 0.0010186
2.5497e-07 0.013943 0.001023
2.6263e-07 0.01396 0.0010274
2.7328e-07 0.013977 0.0010316
2.808e-07 0.013995 0.0010357
2.6137e-07 0.014013 0.0010401
2.4564e-07 0.014031 0.0010446
2.336e-07 0.014049 0.0010492
2.1864e-07 0.014068 0.0010538
2.0671e-07 0.014086 0.0010586
1.9171e-07 0.014105 0.0010633
1.7374e-07 0.014123 0.0010679
1.5884e-07 0.014142 0.0010726
1.4085e-07 0.01416 0.0010773
1.3913e-07 0.014179 0.0010818
1.3941e-07 0.014197 0.0010865
1.4141e-07 0.014216 0.0010914
1.4103e-07 0.014235 0.0010963
1.3828e-07 0.014254 0.0011009
1.2482e-07 0.014272 0.0011055
1.087e-07 0.01429 0.00111
9.5412e-08 0.014309 0.0011147
8.4476e-08 0.014327 0.0011195
7.5236e-08 0.014346 0.0011246
6.37e-08 0.014365 0.0011296
5.3726e-08 0.014384 0.0011347
4.5064e-08 0.014403 0.0011401
3.7431e-08 0.014422 0.0011456
2.7904e-08 0.014442 0.0011511
1.9279e-08 0.014461 0.0011567
8.8249e-09 0.014481 0.0011622
8.4375e-09 0.0145 0.0011677
7.8467e-09 0.01452 0.0011733
6.0845e-09 0.01454 0.0011788
1.123e-08 0.014559 0.0011843
1.6541e-08 0.014579 0.0011899
2.0396e-08 0.014598 0.0011954
2.2882e-08 0.014618 0.0012009
2.4008e-08 0.014637 0.0012062
2.3772e-08 0.014656 0.0012114
2.3787e-08 0.014676 0.0012169
2.4124e-08 0.014695 0.0012226
2.49e-08 0.014715 0.0012285
2.4159e-08 0.014734 0.0012343
2.5047e-08 0.014754 0.0012404
4.679e-08 0.014774 0.0012463
7.2269e-08 0.014795 0.0012525
1.0174e-07 0.014816 0.0012589
1.3597e-07 0.014837 0.0012655
1.7578e-07 0.014858 0.0012724
2.1077e-07 0.01488 0.0012792
2.5238e-07 0.014901 0.0012862
3.0171e-07 0.014923 0.0012935
3.4583e-07 0.014945 0.0013006
3.8509e-07 0.014967 0.0013076
4.3193e-07 0.014989 0.0013149
7.4461e-07 0.015011 0.0013221
8.3021e-07 0.015033 0.0013294
9.2917e-07 0.015056 0.0013371
1.02e-06 0.015078 0.0013446
1.1041e-06 0.0151 0.001352
1.1818e-06 0.015122 0.0013593
1.2716e-06 0.015145 0.0013668
1.3538e-06 0.015167 0.0013742
1.4492e-06 0.01519 0.0013819
1.5364e-06 0.015212 0.0013894
1.6398e-06 0.015235 0.0013972
1.763e-06 0.015258 0.0014052
1.9112e-06 0.015282 0.0014136
2.0907e-06 0.015305 0.0014218
2.1372e-06 0.015328 0.0014303
2.1979e-06 0.015352 0.0014392
2.2771e-06 0.015377 0.0014483
2.846e-06 0.015401 0.0014574
3.5299e-06 0.015426 0.0014664
4.3519e-06 0.015451 0.0014754
5.3403e-06 0.015476 0.0014844
6.2722e-06 0.015501 0.0014934
6.7288e-06 0.015526 0.0015024
7.1358e-06 0.015552 0.0015114
7.2516e-06 0.015577 0.0015208
7.4004e-06 0.015604 0.0015306
7.588e-06 0.015598 0.0015407
7.8188e-06 0.015593 0.0015512
8.0951e-06 0.015588 0.001562
8.4275e-06 0.015583 0.0015641
8.7256e-06 0.015578 0.001566
9.0838e-06 0.015573 0.0015681
