Elephas_maximus Heterohyrax_brucei Loxodonta_africana Mammuthus_primigenius
0.0015881 0.00029366 0.0099591 0.00072009
0.0015859 0.00029112 0.0099572 0.00071589
0.0015838 0.00028861 0.0099552 0.00071169
0.0015816 0.00028608 0.0099533 0.00070748
0.0015795 0.00028358 0.0099514 0.00070328
0.0015773 0.00028105 0.0099494 0.00069906
0.0015752 0.00027851 0.0099475 0.00069486
0.001573 0.00027594 0.0099456 0.00069064
0.0015709 0.00027335 0.0099437 0.00068642
0.0015687 0.00027074 0.0099417 0.00068218
0.0015665 0.00026816 0.0099397 0.00067795
0.0015643 0.00026505 0.0099378 0.00067371
0.0015621 0.00026191 0.0099358 0.00066946
0.0015599 0.00025881 0.0099338 0.0006652
0.0015577 0.00025569 0.0099317 0.00066093
0.0015554 0.00025254 0.0099297 0.00065664
0.0015532 0.00024975 0.0099276 0.00065237
0.001551 0.00024694 0.0099256 0.00064808
0.0015487 0.0002441 0.0099235 0.00064378
0.0015465 0.0002413 0.0099215 0.00063949
0.0015443 0.00023853 0.0099195 0.00063521
0.0015421 0.00023579 0.0099175 0.00063093
0.0015399 0.00023303 0.0099155 0.00062665
0.0015377 0.00023024 0.0099135 0.00062235
0.0015354 0.00022744 0.0099115 0.00061804
0.0015332 0.00022467 0.0099095 0.00061374
0.001531 0.00022193 0.0099075 0.00060944
0.0015289 0.00021917 0.0099056 0.00060516
0.0015267 0.00021638 0.0099037 0.00060086
0.0015245 0.00021357 0.0099018 0.00059657
0.0015224 0.00021074 0.0098999 0.00059227
0.0015202 0.00020794 0.009898 0.00058798
0.0015181 0.00020517 0.0098962 0.00058369
0.001516 0.00020244 0.0098944 0.00057941
0.001514 0.00019974 0.0098927 0.00057514
0.0015119 0.00019702 0.0098909 0.00057086
0.0015098 0.00019428 0.0098891 0.00056657
0.0015077 0.00019157 0.0098874 0.00056228
0.0015056 0.00018889 0.0098857 0.00055801
0.0015036 0.00018624 0.009884 0.00055374
0.0015016 0.00018362 0.0098824 0.00054947
0.0014996 0.00018103 0.0098809 0.00054522
0.0014977 0.00017842 0.0098793 0.00054097
0.0014957 0.00017578 0.0098778 0.00053671
0.0014938 0.00017318 0.0098763 0.00053246
0.0014919 0.00017056 0.0098749 0.00052822
0.00149 0.00016797 0.0098735 0.00052398
0.0014881 0.00016541 0.0098721 0.00051975
0.0014863 0.00016288 0.0098708 0.00051553
0.0014845 0.00016038 0.0098695 0.00051132
0.0014827 0.00015786 0.0098683 0.00050712
0.001481 0.00015537 0.0098672 0.00050292
0.0014792 0.00015285 0.009866 0.00049871
0.0014775 0.00015036 0.0098648 0.00049451
0.0014757 0.0001479 0.0098637 0.0004903
0.0014739 0.00014542 0.0098625 0.00048607
0.0014722 0.00014297 0.0098613 0.00048186
0.0014704 0.0001405 0.0098601 0.00047763
0.0014686 0.00013801 0.0098589 0.00047339
0.0014668 0.0001355 0.0098577 0.00046916
0.0014651 0.00013302 0.0098566 0.00046493
0.0014633 0.00013052 0.0098555 0.0004607
0.0014615 0.000128 0.0098543 0.00045645
0.0014598 0.00012551 0.0098532 0.00045221
0.0014581 0.000123 0.0098521 0.00044798
0.0014564 0.00012052 0.009851 0.00044376
0.0014547 0.00011802 0.0098501 0.00043954
0.0014531 0.00011555 0.0098491 0.00043533
0.0014514 0.00011305 0.0098481 0.00043111
0.0014498 0.00011059 0.0098472 0.00042689
0.0014481 0.00010816 0.0098463 0.00042268
0.0014465 0.0001057 0.0098454 0.00042481
0.0014449 0.00010323 0.0098446 0.00042693
0.0014433 0.00010074 0.0098437 0.00042905
0.0014416 9.8226e-05 0.0098428 0.00043115
0.00144 9.5744e-05 0.0098419 0.00043326
0.0014384 9.3292e-05 0.0098411 0.00043537
0.0014368 9.082e-05 0.0098403 0.00043747
0.0014352 8.8373e-05 0.0098394 0.00043957
0.0014337 8.5952e-05 0.0098387 0.00044167
0.0014322 8.3513e-05 0.009838 0.00044377
0.0014306 8.1054e-05 0.0098372 0.00044586
0.0014291 7.8576e-05 0.0098366 0.00044796
0.0014275 7.608e-05 0.0098358 0.00045004
0.001426 7.3565e-05 0.0098351 0.00045212
0.0014244 7.3592e-05 0.0098343 0.00045418
0.0014228 7.3609e-05 0.0098336 0.00045625
0.0014213 7.3633e-05 0.0098328 0.0004583
0.0014197 7.3646e-05 0.0098321 0.00046035
0.0014181 7.3666e-05 0.0098313 0.00046239
0.0014166 7.3674e-05 0.0098306 0.00046443
0.001415 7.369e-05 0.0098299 0.00046647
0.0014134 7.3695e-05 0.0098291 0.0004685
0.0014119 7.3706e-05 0.0098284 0.00047053
0.0014103 7.3723e-05 0.0098277 0.00047255
0.0014088 7.3746e-05 0.009827 0.00047457
0.0014072 7.3775e-05 0.0098263 0.00047658
0.0014057 7.3792e-05 0.0098256 0.00047858
0.0014041 7.3815e-05 0.0098249 0.00048058
0.0014026 7.3845e-05 0.0098243 0.00048258
0.0014011 7.3865e-05 0.0098236 0.00048458
0.0013995 7.3891e-05 0.0098229 0.00048656
0.0013979 7.3906e-05 0.0098222 0.00048853
0.0013964 7.3928e-05 0.0098215 0.00049051
0.0013948 7.3939e-05 0.0098208 0.00049247
0.0013933 7.3955e-05 0.0098202 0.00049444
0.0013917 7.396e-05 0.0098195 0.00049639
0.0013901 7.3955e-05 0.0098187 0.00049833
0.0013885 7.3955e-05 0.009818 0.00050027
0.0013869 7.3943e-05 0.0098172 0.00050219
0.0013853 7.3922e-05 0.0098164 0.0005041
0.0013837 7.3905e-05 0.0098156 0.00050601
0.0013821 7.3879e-05 0.0098149 0.00050792
0.0013804 7.3842e-05 0.009814 0.00050981
0.0013788 7.3812e-05 0.0098133 0.00051171
0.0013772 7.3787e-05 0.0098125 0.0005136
0.0013756 7.3751e-05 0.0098118 0.00051549
0.001374 7.3721e-05 0.0098111 0.00051738
0.0013724 7.3681e-05 0.0098104 0.00051925
0.0013708 7.3632e-05 0.0098096 0.00052112
0.0013692 7.3574e-05 0.0098088 0.00052298
0.0013676 7.352e-05 0.0098081 0.00052484
0.001366 7.3468e-05 0.0098074 0.0005267
0.0013644 7.3419e-05 0.0098067 0.00052856
0.0013628 7.3362e-05 0.009806 0.00053041
0.0013612 7.3307e-05 0.0098054 0.00053226
0.0013596 7.3246e-05 0.0098047 0.0005341
0.0013581 7.3186e-05 0.009804 0.00053594
0.0013565 7.3119e-05 0.0098034 0.00053778
0.0013549 7.3045e-05 0.0098027 0.0005396
0.0013533 7.2973e-05 0.0098021 0.00054143
0.0013518 7.2894e-05 0.0098014 0.00054324
0.0013502 7.2817e-05 0.0098008 0.00054506
0.0013487 7.2742e-05 0.0098002 0.00054688
0.0013471 7.2668e-05 0.0097996 0.00054869
0.0013456 7.2587e-05 0.0097991 0.0005505
0.001344 7.2508e-05 0.0097985 0.0005523
0.0013425 7.2421e-05 0.0097979 0.0005541
0.0013409 7.2339e-05 0.0097974 0.00055589
0.0013394 7.2685e-05 0.0097968 0.00055768
0.0013379 7.3022e-05 0.0097962 0.00055946
0.0013363 7.3349e-05 0.0097956 0.00056123
0.0013348 7.368e-05 0.0097951 0.000563
0.0013332 7.4002e-05 0.0097945 0.00056476
0.0013316 7.4314e-05 0.0097939 0.00056651
0.0013301 7.4631e-05 0.0097934 0.00056826
0.0013285 7.4938e-05 0.0097928 0.00057
0.001327 7.525e-05 0.0097922 0.00057175
0.0013254 7.5552e-05 0.0097916 0.00057348
0.0013239 7.5861e-05 0.0097911 0.00057522
0.0013224 7.6175e-05 0.0097906 0.00057696
0.0013209 7.6494e-05 0.0097902 0.00057869
0.0013194 7.6803e-05 0.0097897 0.00058042
0.0013178 7.7102e-05 0.0097892 0.00058214
0.0013163 7.7406e-05 0.0097888 0.00058386
0.0013148 7.7701e-05 0.0097883 0.00058557
0.0013133 7.7985e-05 0.0097878 0.00058727
0.0013117 7.826e-05 0.0097873 0.00058896
0.0013102 7.8541e-05 0.0097868 0.00059066
0.0013087 7.8827e-05 0.0097863 0.00059235
0.0013072 7.9117e-05 0.0097859 0.00059405
0.0013057 7.9399e-05 0.0097855 0.00059573
0.0013042 7.9684e-05 0.0097851 0.00059742
0.0013027 7.996e-05 0.0097847 0.0005991
0.0013012 8.024e-05 0.0097843 0.00060077
0.0012997 8.0513e-05 0.0097839 0.00060244
0.0012983 8.0779e-05 0.0097835 0.0006041
0.0012967 8.1038e-05 0.0097831 0.00060576
0.0012953 8.1299e-05 0.0097827 0.00060741
0.0012938 8.1562e-05 0.0097824 0.00060906
0.0012923 8.1817e-05 0.009782 0.00061071
0.0012908 8.2066e-05 0.0097816 0.00061234
0.0012893 8.2309e-05 0.0097812 0.00061397
0.0012878 8.2553e-05 0.0097809 0.0006156
0.0012863 8.279e-05 0.0097805 0.00061722
0.0012848 8.303e-05 0.0097801 0.00061884
0.0012833 8.3272e-05 0.0097798 0.00062046
0.0012819 8.3517e-05 0.0097795 0.00062208
0.0012804 8.3754e-05 0.0097792 0.00062369
0.0012789 8.3995e-05 0.0097789 0.0006253
0.0012775 8.4239e-05 0.0097787 0.00062691
0.0012761 8.4485e-05 0.0097784 0.00062852
0.0012747 8.4735e-05 0.0097782 0.00063013
0.0012732 8.4977e-05 0.009778 0.00063173
0.0012718 8.5221e-05 0.0097779 0.00063333
0.0012704 8.5468e-05 0.0097777 0.00063493
0.001269 8.5707e-05 0.0097776 0.00063653
0.0012676 8.594e-05 0.0097774 0.00063811
0.0012662 8.6165e-05 0.0097772 0.00063969
0.0012648 8.6384e-05 0.009777 0.00064126
0.0012634 8.6605e-05 0.0097768 0.00064283
0.0012619 8.6818e-05 0.0097766 0.00064439
0.0012605 8.7035e-05 0.0097765 0.00064595
0.0012591 8.7255e-05 0.0097764 0.00064751
0.0012577 8.7468e-05 0.0097762 0.00064906
0.0012563 8.7672e-05 0.0097761 0.00065061
0.001255 8.7881e-05 0.0097761 0.00065217
0.0012536 8.808e-05 0.009776 0.00065371
0.0012522 8.8284e-05 0.0097759 0.00065526
0.0012509 8.8492e-05 0.0097759 0.0006568
0.0012495 8.8703e-05 0.0097759 0.00065835
0.0012482 8.8796e-05 0.0097759 0.00065989
0.0012468 8.8879e-05 0.0097759 0.00066142
0.0012455 8.8967e-05 0.0097759 0.00066295
0.0012441 8.9046e-05 0.0097759 0.00066447
0.0012428 8.9117e-05 0.0097759 0.00066598
0.0012414 8.9191e-05 0.0097759 0.00066749
0.00124 8.9258e-05 0.0097759 0.000669
0.0012387 8.9327e-05 0.0097759 0.0006705
0.0012374 8.9401e-05 0.0097759 0.00067201
0.0012361 8.9466e-05 0.009776 0.00067351
0.0012347 8.9521e-05 0.0097761 0.00067501
0.0012334 8.9567e-05 0.0097761 0.0006765
0.0012321 8.9618e-05 0.0097762 0.00067799
0.0012307 8.9661e-05 0.0097763 0.00067946
0.0012294 8.9709e-05 0.0097764 0.00068095
0.0012281 8.9764e-05 0.0097766 0.00068243
0.0012269 8.9825e-05 0.0097768 0.00068392
0.0012256 8.9892e-05 0.009777 0.00068541
0.0012244 8.9965e-05 0.0097773 0.0006869
0.0012232 9.0046e-05 0.0097776 0.00068839
0.001222 9.0134e-05 0.009778 0.00068989
0.0012208 9.023e-05 0.0097784 0.00069139
0.0012196 9.0314e-05 0.0097788 0.00069288
0.0012184 9.0387e-05 0.0097792 0.00069436
0.0012172 9.0449e-05 0.0097795 0.00069583
0.001216 9.0518e-05 0.0097798 0.00069729
0.0012148 9.0595e-05 0.0097802 0.00069875
0.0012135 9.0661e-05 0.0097805 0.0007002
0.0012123 9.0734e-05 0.0097809 0.00070166
0.0012111 9.0815e-05 0.0097812 0.0007031
0.0012099 9.0885e-05 0.0097815 0.00070453
0.0012086 9.0961e-05 0.0097819 0.00070596
0.0012074 9.1025e-05 0.0097822 0.00070739
0.0012062 9.1079e-05 0.0097825 0.0007088
0.0012049 9.1122e-05 0.0097828 0.0007102
0.0012036 9.1172e-05 0.0097831 0.00071161
0.0012024 9.121e-05 0.0097835 0.00071302
0.0012012 9.1237e-05 0.0097838 0.00071441
0.0012 9.1271e-05 0.0097842 0.00071581
0.0011987 9.1312e-05 0.0097846 0.00071721
0.0011975 9.136e-05 0.009785 0.0007186
0.0011963 9.1397e-05 0.0097853 0.00071998
0.001195 9.144e-05 0.0097857 0.00072135
0.0011938 9.1473e-05 0.009786 0.00072271
0.0011925 9.1511e-05 0.0097863 0.00072408
0.0011913 9.1539e-05 0.0097867 0.00072543
0.00119 9.1557e-05 0.009787 0.00072677
0.0011887 9.1564e-05 0.0097873 0.00072811
0.0011874 9.1578e-05 0.0097876 0.00072944
0.0011861 9.1581e-05 0.0097879 0.00073077
0.0011849 9.1591e-05 0.0097882 0.00073209
0.0011836 9.1591e-05 0.0097885 0.00073341
0.0011823 9.158e-05 0.0097888 0.00073472
0.001181 9.1558e-05 0.0097891 0.00073601
0.0011797 9.1524e-05 0.0097894 0.00073731
0.0011784 9.1498e-05 0.0097897 0.00073862
0.0011771 9.146e-05 0.0097901 0.00073991
0.0011758 9.1411e-05 0.0097903 0.00074119
0.0011745 9.1352e-05 0.0097906 0.00074246
0.0011732 9.1301e-05 0.0097909 0.00074374
0.0011719 9.1238e-05 0.0097912 0.000745
0.0011706 9.1182e-05 0.0097915 0.00074626
0.0011693 9.1114e-05 0.0097918 0.00074752
0.001168 9.1052e-05 0.0097922 0.00074878
0.0011667 9.098e-05 0.0097925 0.00075002
0.0011654 9.0913e-05 0.0097928 0.00075127
0.0011641 9.0855e-05 0.0097933 0.00075253
0.0011629 9.0785e-05 0.0097936 0.00075377
0.0011616 9.0706e-05 0.009794 0.000755
0.0011603 9.0615e-05 0.0097943 0.00075622
0.001159 9.0532e-05 0.0097947 0.00075745
0.0011577 9.0439e-05 0.009795 0.00075867
0.0011564 9.0352e-05 0.0097954 0.00075988
0.0011551 9.0255e-05 0.0097958 0.00076109
0.0011538 9.0163e-05 0.0097962 0.0007623
0.0011525 9.0063e-05 0.0097966 0.00076351
0.0011512 8.9955e-05 0.009797 0.0007647
0.0011499 8.984e-05 0.0097973 0.00076589
0.0011486 8.9717e-05 0.0097977 0.00076707
0.0011473 8.9597e-05 0.0097981 0.00076825
0.001146 8.947e-05 0.0097984 0.00076942
0.0011447 8.9345e-05 0.0097988 0.00077059
0.0011434 8.9213e-05 0.0097992 0.00077175
0.0011421 8.9083e-05 0.0097996 0.00077291
0.0011408 8.8957e-05 0.0098 0.00077407
0.0011394 8.8823e-05 0.0098004 0.00077521
0.0011381 8.8692e-05 0.0098008 0.00077636
0.0011368 8.8554e-05 0.0098012 0.0007775
0.0011355 8.8408e-05 0.0098016 0.00077863
0.0011342 8.8255e-05 0.009802 0.00077976
0.0011329 8.8105e-05 0.0098024 0.00078089
0.0011316 8.7947e-05 0.0098029 0.00078201
0.0011303 8.7792e-05 0.0098033 0.00078314
0.001129 8.763e-05 0.0098038 0.00078425
0.0011277 8.7461e-05 0.0098042 0.00078536
0.0011264 8.7294e-05 0.0098047 0.00078647
0.0011251 8.713e-05 0.0098051 0.00078758
0.0011238 8.6958e-05 0.0098056 0.00078868
0.0011225 8.6789e-05 0.0098061 0.00078978
0.0011212 8.6613e-05 0.0098066 0.00079087
0.00112 8.6439e-05 0.0098071 0.00079196
0.0011187 8.6258e-05 0.0098076 0.00079304
0.0011174 8.6079e-05 0.0098081 0.00079412
0.0011161 8.5893e-05 0.0098086 0.00079519
0.0011147 8.5698e-05 0.009809 0.00079624
0.0011134 8.5507e-05 0.0098095 0.0007973
0.0011121 8.5322e-05 0.00981 0.00079837
0.0011109 8.5141e-05 0.0098106 0.00079943
0.0011096 8.4952e-05 0.0098112 0.0008005
0.0011084 8.4614e-05 0.0098118 0.00080155
0.0011071 8.4282e-05 0.0098124 0.00080261
0.0011058 8.3941e-05 0.009813 0.00080366
0.0011046 8.3605e-05 0.0098137 0.00080471
0.0011034 8.3275e-05 0.0098143 0.00080577
0.0011022 8.2949e-05 0.0098151 0.00080682
0.001101 8.2629e-05 0.0098158 0.00080788
0.0010998 8.2315e-05 0.0098166 0.00080894
0.0010986 8.2006e-05 0.0098174 0.00081
0.0010975 8.1703e-05 0.0098183 0.00081107
0.0010963 8.139e-05 0.0098192 0.00081212
0.0010952 8.1081e-05 0.0098201 0.00081318
0.001094 8.0763e-05 0.0098209 0.00081423
0.0010929 8.0451e-05 0.0098218 0.00081527
0.0010917 8.013e-05 0.0098226 0.0008163
0.0010905 7.9814e-05 0.0098235 0.00081733
0.0010893 7.9489e-05 0.0098243 0.00081835
0.0010882 7.9168e-05 0.0098252 0.00081937
0.001087 7.884e-05 0.0098261 0.00082039
0.0010858 7.8504e-05 0.0098269 0.00082139
0.0010846 7.816e-05 0.0098277 0.00082239
0.0010835 7.782e-05 0.0098286 0.00082339
0.0010823 7.7472e-05 0.0098295 0.00082438
0.0010811 7.7117e-05 0.0098303 0.00082537
0.0010799 7.6764e-05 0.0098312 0.00082635
0.0010787 7.6403e-05 0.009832 0.00082733
0.0010775 7.6035e-05 0.0098329 0.0008283
0.0010763 7.5671e-05 0.0098337 0.00082926
0.0010752 7.5309e-05 0.0098346 0.00083023
0.001074 7.4951e-05 0.0098356 0.0008312
0.0010728 7.4598e-05 0.0098366 0.00083218
0.0010717 7.4234e-05 0.0098376 0.00083315
0.0010706 7.386e-05 0.0098386 0.00083412
0.0010695 7.3493e-05 0.0098396 0.00083509
0.0010683 7.3115e-05 0.0098406 0.00083605
0.0010672 7.2725e-05 0.0098416 0.00083699
0.001066 7.2326e-05 0.0098425 0.00083793
0.0010648 7.1932e-05 0.0098435 0.00083887
0.0010637 7.153e-05 0.0098445 0.0008398
0.0010625 7.112e-05 0.0098455 0.00084072
0.0010614 7.0713e-05 0.0098465 0.00084165
0.0010602 7.0298e-05 0.0098474 0.00084256
0.001059 6.9876e-05 0.0098484 0.00084347
0.0010578 6.9456e-05 0.0098494 0.00084438
0.0010567 6.9028e-05 0.0098504 0.00084528
0.0010555 6.8603e-05 0.0098514 0.00084618
0.0010543 6.817e-05 0.0098524 0.00084707
0.0010532 6.774e-05 0.0098534 0.00084796
0.001052 6.7311e-05 0.0098544 0.00084885
0.0010509 6.6885e-05 0.0098555 0.00084975
0.0010497 6.6452e-05 0.0098566 0.00085064
0.0010486 6.6012e-05 0.0098577 0.00085152
0.0010475 6.5565e-05 0.0098588 0.0008524
0.0010463 6.5119e-05 0.0098599 0.00085328
0.0010452 6.4667e-05 0.009861 0.00085415
0.001044 6.4216e-05 0.0098621 0.00085502
0.0010429 6.376e-05 0.0098632 0.00085588
0.0010418 6.3305e-05 0.0098644 0.00085674
0.0010407 6.2852e-05 0.0098655 0.0008576
0.0010395 6.2401e-05 0.0098667 0.00085846
0.0010384 6.1943e-05 0.0098679 0.00085932
0.0010373 6.1487e-05 0.0098691 0.00086017
0.0010362 6.1032e-05 0.0098703 0.00086102
0.0010351 6.0579e-05 0.0098715 0.00086187
0.001034 6.0119e-05 0.0098727 0.00086271
0.0010329 5.9652e-05 0.0098739 0.00086354
0.0010317 5.9178e-05 0.0098751 0.00086437
0.0010306 5.8697e-05 0.0098763 0.00086518
0.0010295 5.8219e-05 0.0098775 0.000866
0.0010283 5.7733e-05 0.0098787 0.00086681
0.0010272 5.725e-05 0.0098799 0.00086762
0.0010261 5.676e-05 0.0098811 0.00086842
0.001025 5.6271e-05 0.0098824 0.00086923
0.0010238 5.5783e-05 0.0098836 0.00087003
0.0010227 5.5297e-05 0.0098849 0.00087083
0.0010216 5.4812e-05 0.0098862 0.00087163
0.0010205 5.432e-05 0.0098875 0.00087243
0.0010195 5.3831e-05 0.0098889 0.00087322
0.0010184 5.3334e-05 0.0098902 0.00087401
0.0010173 5.2841e-05 0.0098915 0.0008748
0.0010162 5.2349e-05 0.0098929 0.00087558
0.0010151 5.1849e-05 0.0098942 0.00087635
0.001014 5.1353e-05 0.0098955 0.00087713
0.0010129 5.086e-05 0.0098969 0.0008779
0.0010118 5.0358e-05 0.0098983 0.00087867
0.0010107 4.986e-05 0.0098997 0.00087944
0.0010097 4.9365e-05 0.0099011 0.00088021
0.0010086 4.8874e-05 0.0099026 0.00088097
0.0010076 4.8388e-05 0.009904 0.00088173
0.0010065 4.7905e-05 0.0099055 0.0008825
0.0010055 4.7426e-05 0.0099071 0.00088326
0.0010044 4.6937e-05 0.0099086 0.00088402
0.0010034 4.6452e-05 0.0099101 0.00088478
0.0010024 4.5957e-05 0.0099117 0.00088553
0.0010014 4.5467e-05 0.0099132 0.00088629
0.0010004 4.4982e-05 0.0099149 0.00088704
0.00099937 4.4502e-05 0.0099165 0.00088781
0.00099841 4.4028e-05 0.0099182 0.00088857
0.00099743 4.3557e-05 0.0099199 0.00088933
0.00099643 4.3076e-05 0.0099216 0.00089007
0.00099545 4.2601e-05 0.0099233 0.00089082
0.0009945 4.213e-05 0.009925 0.00089157
0.00099352 4.1649e-05 0.0099268 0.00089231
0.00099253 4.1158e-05 0.0099285 0.00089305
0.00099153 4.0657e-05 0.0099301 0.00089377
0.00099052 4.0147e-05 0.0099318 0.00089448
0.00098948 3.9627e-05 0.0099334 0.00089518
0.00098847 3.9111e-05 0.0099351 0.00089588
0.00098744 3.8585e-05 0.0099367 0.00089657
0.00098642 3.8063e-05 0.0099384 0.00089727
0.0009854 3.7532e-05 0.00994 0.00089795
0.00098435 3.6991e-05 0.0099416 0.00089863
0.0009833 3.6441e-05 0.0099432 0.00089929
0.00098223 3.5881e-05 0.0099448 0.00089995
0.00098117 3.5324e-05 0.0099464 0.00090061
0.0009801 3.4758e-05 0.009948 0.00090125
0.00097902 3.4183e-05 0.0099496 0.00090189
0.00097792 3.3599e-05 0.0099512 0.00090252
0.00097681 3.288e-05 0.0099527 0.00090314
0.00097572 3.2164e-05 0.0099543 0.00090376
0.00097461 3.1439e-05 0.0099558 0.00090437
0.00097352 3.0719e-05 0.0099574 0.00090498
0.00097242 2.999e-05 0.009959 0.00090559
0.00097133 2.9266e-05 0.0099606 0.00090619
0.00097023 2.8532e-05 0.0099621 0.00090679
0.00096915 2.7803e-05 0.0099638 0.00090739
0.00096805 2.7065e-05 0.0099654 0.00090798
0.00096697 2.633e-05 0.009967 0.00090858
0.00096587 2.5587e-05 0.0099686 0.00090916
0.00096476 2.4834e-05 0.0099702 0.00090973
0.00096367 2.4084e-05 0.0099718 0.00091031
0.00096256 2.3326e-05 0.0099735 0.00091087
0.00096145 2.256e-05 0.009975 0.00091143
0.00096034 2.1796e-05 0.0099767 0.00091199
0.00095925 2.1035e-05 0.0099783 0.00091255
0.00095815 2.0267e-05 0.00998 0.0009131
0.00095706 1.95e-05 0.0099817 0.00091366
0.00095596 1.8727e-05 0.0099833 0.0009142
0.00095487 1.7955e-05 0.009985 0.00091475
0.00095377 1.7176e-05 0.0099867 0.00091529
0.00095268 1.6398e-05 0.0099884 0.00091583
0.00095159 1.5613e-05 0.0099901 0.00091636
0.0009505 1.483e-05 0.0099918 0.00091689
0.00094941 1.5111e-05 0.0099935 0.00091741
0.0009483 1.5387e-05 0.0099952 0.00091793
0.00094721 1.566e-05 0.0099969 0.00091844
0.00094611 1.5927e-05 0.0099986 0.00091895
0.000945 1.6187e-05 0.01 0.00091945
0.00094388 1.6441e-05 0.010002 0.00091995
0.00094278 1.6694e-05 0.010004 0.00092044
0.00094166 1.694e-05 0.010005 0.00092093
0.00094054 1.718e-05 0.010007 0.00092141
0.00093943 1.7419e-05 0.010009 0.00092189
0.00093833 1.7655e-05 0.010011 0.00092237
0.00093722 1.7886e-05 0.010012 0.00092284
0.00093612 1.8115e-05 0.010014 0.00092332
0.00093501 1.8338e-05 0.010016 0.00092378
0.0009339 1.8554e-05 0.010018 0.00092424
0.00093278 1.8769e-05 0.010019 0.0009247
0.00093165 1.8977e-05 0.010021 0.00092514
0.00093051 1.9179e-05 0.010023 0.00092558
0.00092936 1.9375e-05 0.010025 0.00092601
0.00092823 1.9569e-05 0.010026 0.00092644
0.0009271 1.9762e-05 0.010028 0.00092687
0.00092598 1.9952e-05 0.01003 0.00092729
0.00092485 2.0136e-05 0.010032 0.00092772
0.00092372 2.0314e-05 0.010033 0.00092813
0.00092258 2.0485e-05 0.010035 0.00092854
0.00092145 2.0655e-05 0.010037 0.00092895
0.00092032 2.0823e-05 0.010039 0.00092936
0.00091919 2.0985e-05 0.010041 0.00092976
0.00091807 2.1145e-05 0.010042 0.00093016
0.00091696 2.1304e-05 0.010044 0.00093056
0.00091584 2.1456e-05 0.010046 0.00093095
0.00091473 2.1607e-05 0.010048 0.00093135
0.00091363 2.1756e-05 0.01005 0.00093174
0.00091254 2.1903e-05 0.010052 0.00093214
0.00091145 2.2048e-05 0.010054 0.00093253
0.00091038 2.2192e-05 0.010056 0.00093293
0.00090931 2.2334e-05 0.010058 0.00093332
0.00090824 2.2469e-05 0.01006 0.00093371
0.00090716 2.2599e-05 0.010062 0.00093409
0.00090607 2.2721e-05 0.010064 0.00093446
0.00090499 2.2843e-05 0.010066 0.00093483
0.00090392 2.2962e-05 0.010068 0.00093521
0.00090284 2.3075e-05 0.01007 0.00093557
0.00090175 2.3182e-05 0.010072 0.00093593
0.00090067 2.3287e-05 0.010074 0.00093629
0.00089961 2.3386e-05 0.010076 0.00093665
0.00089853 2.3478e-05 0.010078 0.000937
0.00089745 2.3564e-05 0.01008 0.00093734
0.00089635 2.3642e-05 0.010082 0.00093768
0.00089525 2.372e-05 0.010084 0.00093801
0.00089416 2.3796e-05 0.010086 0.00093833
0.00089308 2.3872e-05 0.010088 0.00093867
0.00089201 2.3948e-05 0.01009 0.000939
0.00089094 2.4023e-05 0.010092 0.00093932
0.00088987 2.4091e-05 0.010094 0.00093965
0.00088882 2.4159e-05 0.010096 0.00093998
0.00088775 2.422e-05 0.010099 0.00094029
0.0008867 2.428e-05 0.010101 0.00094062
0.00088564 2.4334e-05 0.010103 0.00094093
0.00088457 2.438e-05 0.010105 0.00094123
0.00088351 2.4426e-05 0.010107 0.00094154
0.00088246 2.4469e-05 0.010109 0.00094184
0.00088142 2.4511e-05 0.010112 0.00094215
0.00088039 2.4552e-05 0.010114 0.00094245
0.00087935 2.4586e-05 0.010116 0.00094275
0.00087831 2.4619e-05 0.010119 0.00094305
0.00087727 2.4645e-05 0.010121 0.00094334
0.00087624 2.467e-05 0.010123 0.00094364
0.00087522 2.4693e-05 0.010125 0.00094393
0.00087421 2.4715e-05 0.010128 0.00094422
0.00087319 2.4731e-05 0.01013 0.00094451
0.00087218 2.4745e-05 0.010132 0.00094479
0.00087116 2.4752e-05 0.010135 0.00094507
0.00087015 2.4758e-05 0.010137 0.00094535
0.00086914 2.4762e-05 0.01014 0.00094563
0.00086813 2.476e-05 0.010142 0.0009459
0.00086713 2.4756e-05 0.010144 0.00094617
0.00086614 2.4751e-05 0.010147 0.00094644
0.00086514 2.474e-05 0.010149 0.00094671
0.00086415 2.4727e-05 0.010152 0.00094697
0.00086317 2.4713e-05 0.010154 0.00094724
0.0008622 2.4693e-05 0.010157 0.00094751
0.00086122 2.4666e-05 0.010159 0.00094776
0.00086023 2.4632e-05 0.010162 0.00094802
0.00085923 2.4591e-05 0.010164 0.00094826
0.00085822 2.4544e-05 0.010167 0.00094849
0.00085722 2.4496e-05 0.010169 0.00094873
0.00085622 2.4441e-05 0.010172 0.00094896
0.00085522 2.4384e-05 0.010175 0.00094919
0.00085421 2.4321e-05 0.010177 0.00094941
0.00085322 2.4256e-05 0.01018 0.00094963
0.00085221 2.4185e-05 0.010182 0.00094984
0.00085122 2.4113e-05 0.010185 0.00095006
0.00085021 2.4034e-05 0.010187 0.00095026
0.0008492 2.3948e-05 0.01019 0.00095046
0.00084817 2.3854e-05 0.010192 0.00095065
0.00084713 2.3753e-05 0.010195 0.00095083
0.00084609 2.3645e-05 0.010197 0.000951
0.00084505 2.3537e-05 0.0102 0.00095117
0.00084402 2.3427e-05 0.010202 0.00095135
0.00084299 2.331e-05 0.010205 0.00095151
0.00084194 2.3186e-05 0.010207 0.00095167
0.00084091 2.3055e-05 0.01021 0.00095183
0.00083986 2.2918e-05 0.010212 0.00095198
0.00083883 2.2779e-05 0.010215 0.00095213
0.00083781 2.2639e-05 0.010218 0.00095229
0.00083677 2.2492e-05 0.01022 0.00095243
0.00083573 2.2339e-05 0.010223 0.00095257
0.0008347 2.2185e-05 0.010225 0.00095271
0.00083368 2.2029e-05 0.010228 0.00095284
0.00083266 2.1872e-05 0.010231 0.00095298
0.00083164 2.1708e-05 0.010233 0.00095312
0.00083063 2.1543e-05 0.010236 0.00095325
0.00082961 2.1372e-05 0.010239 0.00095337
0.00082858 2.1194e-05 0.010241 0.00095349
0.00082756 2.1015e-05 0.010244 0.00095361
0.00082655 2.0834e-05 0.010247 0.00095373
0.00082553 2.0646e-05 0.010249 0.00095384
0.00082452 2.0457e-05 0.010252 0.00095395
0.0008235 2.0262e-05 0.010255 0.00095405
0.00082249 2.0065e-05 0.010258 0.00095416
0.00082149 1.9867e-05 0.01026 0.00095426
0.00082049 1.9666e-05 0.010263 0.00095437
0.00081949 1.946e-05 0.010266 0.00095446
0.0008185 1.9252e-05 0.010269 0.00095456
0.00081751 1.9042e-05 0.010272 0.00095466
0.00081652 1.8826e-05 0.010274 0.00095475
0.00081552 1.8603e-05 0.010277 0.00095483
0.00081451 1.8374e-05 0.01028 0.00095491
0.0008135 1.8139e-05 0.010283 0.00095498
0.00081249 1.7903e-05 0.010286 0.00095505
0.00081148 1.766e-05 0.010289 0.00095511
0.00081047 1.7415e-05 0.010291 0.00095518
0.00080946 1.7165e-05 0.010294 0.00095523
0.00080844 1.6908e-05 0.010297 0.00095528
0.00080741 1.6644e-05 0.0103 0.00095532
0.00080639 1.6379e-05 0.010303 0.00095536
0.00080536 1.6107e-05 0.010306 0.00095539
0.00080433 1.5829e-05 0.010308 0.00095542
0.0008033 1.555e-05 0.010311 0.00095545
0.00080228 1.5269e-05 0.010314 0.00095548
0.00080127 1.4987e-05 0.010317 0.0009555
0.00080026 1.4698e-05 0.01032 0.00095552
0.00079925 1.4408e-05 0.010323 0.00095555
0.00079823 1.4982e-05 0.010326 0.00095556
0.0007972 1.5548e-05 0.010329 0.00095556
0.00079616 1.6105e-05 0.010332 0.00095556
0.00079513 1.6665e-05 0.010335 0.00095555
0.00079411 1.7227e-05 0.010338 0.00095556
0.00079309 1.7793e-05 0.010341 0.00095555
0.00079207 1.8362e-05 0.010343 0.00095554
0.00079108 1.8934e-05 0.010347 0.00095554
0.00079009 1.9508e-05 0.01035 0.00095554
0.00078909 2.0073e-05 0.010353 0.00095553
0.00078808 2.0629e-05 0.010356 0.00095551
0.00078705 2.1175e-05 0.010359 0.00095548
0.00078602 2.1713e-05 0.010362 0.00095544
0.00078499 2.2252e-05 0.010365 0.0009554
0.00078398 2.2794e-05 0.010368 0.00095537
0.00078297 2.3337e-05 0.010371 0.00095533
0.00078196 2.3873e-05 0.010374 0.00095529
0.00078096 2.4409e-05 0.010377 0.00095525
0.00077996 2.4948e-05 0.01038 0.00095521
0.00077896 2.5478e-05 0.010383 0.00095517
0.00077797 2.601e-05 0.010386 0.00095512
0.00077697 2.6534e-05 0.01039 0.00095507
0.00077598 2.706e-05 0.010393 0.00095501
0.000775 2.7578e-05 0.010396 0.00095496
0.00077402 2.8097e-05 0.010399 0.00095491
0.00077304 2.8609e-05 0.010402 0.00095486
0.00077205 2.9114e-05 0.010406 0.00095479
0.00077107 2.9619e-05 0.010409 0.00095473
0.00077008 3.0118e-05 0.010412 0.00095465
0.0007691 3.0617e-05 0.010415 0.00095458
0.00076813 3.1117e-05 0.010419 0.00095451
0.00076717 3.1617e-05 0.010422 0.00095444
0.00076621 3.2119e-05 0.010425 0.00095437
0.00076527 3.2621e-05 0.010429 0.0009543
0.00076433 3.3125e-05 0.010432 0.00095423
0.0007634 3.363e-05 0.010436 0.00095417
0.00076248 3.4136e-05 0.010439 0.0009541
0.00076157 3.4642e-05 0.010443 0.00095404
0.00076067 3.5149e-05 0.010446 0.00095397
0.00075976 3.565e-05 0.01045 0.0009539
0.00075884 3.6152e-05 0.010453 0.00095382
0.00075791 3.6646e-05 0.010457 0.00095373
0.00075699 3.7142e-05 0.01046 0.00095364
0.00075608 3.7631e-05 0.010464 0.00095356
0.00075516 3.812e-05 0.010467 0.00095346
0.00075423 3.8603e-05 0.010471 0.00095336
0.00075329 3.9078e-05 0.010475 0.00095325
0.00075236 3.9554e-05 0.010478 0.00095314
0.00075143 4.0024e-05 0.010482 0.00095303
0.00075048 4.0486e-05 0.010485 0.0009529
0.00074955 4.095e-05 0.010489 0.00095278
0.00074862 4.1414e-05 0.010492 0.00095266
0.0007477 4.1879e-05 0.010496 0.00095253
0.00074678 4.2345e-05 0.0105 0.00095241
0.00074587 4.2812e-05 0.010503 0.00095229
0.00074496 4.3271e-05 0.010507 0.00095216
0.00074405 4.3732e-05 0.010511 0.00095203
0.00074316 4.4195e-05 0.010515 0.0009519
0.00074225 4.465e-05 0.010518 0.00095176
0.00074135 4.5108e-05 0.010522 0.00095163
0.00074047 4.5569e-05 0.010526 0.0009515
0.00073957 4.6022e-05 0.01053 0.00095136
0.00073869 4.6478e-05 0.010533 0.00095122
0.00073779 4.6924e-05 0.010537 0.00095107
0.00073691 4.7375e-05 0.010541 0.00095093
0.00073604 4.7831e-05 0.010545 0.00095079
0.00073519 4.8292e-05 0.010549 0.00095065
0.00073432 4.8743e-05 0.010553 0.0009505
0.00073347 4.9199e-05 0.010557 0.00095036
0.00073263 4.966e-05 0.010561 0.00095022
0.00073178 5.0111e-05 0.010565 0.00095007
0.00073091 5.0566e-05 0.010569 0.00094991
0.00073006 5.1012e-05 0.010573 0.00094976
0.00072923 5.1462e-05 0.010577 0.0009496
0.00072841 5.1917e-05 0.010581 0.00094946
0.00072757 5.2362e-05 0.010585 0.0009493
0.00072675 5.2813e-05 0.010589 0.00094915
0.00072592 5.3255e-05 0.010593 0.00094898
0.0007251 5.3702e-05 0.010598 0.00094882
0.00072427 5.4155e-05 0.010602 0.00094865
0.00072342 5.4597e-05 0.010606 0.00094847
0.00072259 5.5046e-05 0.01061 0.00094829
0.00072177 5.5501e-05 0.010614 0.00094812
0.00072096 5.5961e-05 0.010618 0.00094795
0.00072015 5.6411e-05 0.010623 0.00094777
0.00071935 5.6866e-05 0.010627 0.0009476
0.00071856 5.7327e-05 0.010631 0.00094743
0.00071776 5.7793e-05 0.010636 0.00094725
0.00071694 5.8248e-05 0.01064 0.00094705
0.00071614 5.8709e-05 0.010644 0.00094687
0.00071536 5.9177e-05 0.010649 0.00094668
0.00071456 5.9634e-05 0.010653 0.00094649
0.00071377 6.0098e-05 0.010657 0.0009463
0.00071297 6.0551e-05 0.010662 0.0009461
0.00071219 6.101e-05 0.010666 0.00094591
0.00071142 6.1476e-05 0.010671 0.00094572
0.00071064 6.1948e-05 0.010675 0.00094551
0.00070987 6.2427e-05 0.01068 0.00094532
0.00070909 6.2912e-05 0.010684 0.00094511
0.00070833 6.3405e-05 0.010689 0.00094491
0.00070758 6.3885e-05 0.010693 0.00094471
0.00070681 6.4372e-05 0.010698 0.0009445
0.00070606 6.4866e-05 0.010702 0.00094429
0.00070533 6.5368e-05 0.010707 0.00094409
0.00070458 6.5858e-05 0.010712 0.00094388
0.00070385 6.6355e-05 0.010716 0.00094368
0.00070313 6.6858e-05 0.010721 0.00094347
0.00070242 6.7367e-05 0.010726 0.00094327
0.00070172 6.7882e-05 0.010731 0.00094308
0.00070104 6.8404e-05 0.010735 0.00094289
0.00070038 6.8934e-05 0.01074 0.0009427
0.00069972 6.947e-05 0.010745 0.00094251
0.00069906 6.9995e-05 0.01075 0.00094232
0.00069838 7.051e-05 0.010755 0.00094211
0.00069771 7.1032e-05 0.01076 0.00094191
0.00069703 7.1543e-05 0.010765 0.0009417
0.00069637 7.2061e-05 0.01077 0.0009415
0.00069571 7.2586e-05 0.010775 0.00094129
0.00069507 7.31e-05 0.01078 0.00094109
0.00069445 7.3602e-05 0.010785 0.0009409
0.00069381 7.4111e-05 0.010791 0.00094069
0.00069318 7.4627e-05 0.010796 0.00094049
0.00069254 7.5132e-05 0.010801 0.00094028
0.00069192 7.5644e-05 0.010806 0.00094007
0.00069128 7.6145e-05 0.010811 0.00093985
0.00069065 7.6653e-05 0.010816 0.00093963
0.00069004 7.715e-05 0.010822 0.00093942
0.00068944 7.7655e-05 0.010827 0.00093921
0.00068885 7.8167e-05 0.010832 0.00093901
0.00068828 7.8688e-05 0.010838 0.00093881
0.00068773 7.9216e-05 0.010843 0.00093861
0.00068718 7.9751e-05 0.010849 0.00093842
0.00068663 8.0275e-05 0.010854 0.00093822
0.00068608 8.0807e-05 0.01086 0.00093802
0.00068553 8.1328e-05 0.010865 0.00093781
0.00068498 8.1858e-05 0.010871 0.00093761
0.00068443 8.2377e-05 0.010876 0.0009374
0.00068386 8.2886e-05 0.010882 0.00093717
0.00068328 8.3383e-05 0.010887 0.00093694
0.00068268 8.3888e-05 0.010893 0.00093669
0.0006821 8.4383e-05 0.010898 0.00093645
0.00068153 8.4885e-05 0.010904 0.00093621
0.00068094 8.5375e-05 0.01091 0.00093596
0.00068037 8.5874e-05 0.010915 0.00093572
0.00067982 8.6382e-05 0.010921 0.00093547
0.00067924 8.6878e-05 0.010926 0.00093522
0.00067866 8.7363e-05 0.010932 0.00093496
0.00067809 8.7855e-05 0.010938 0.0009347
0.00067753 8.8356e-05 0.010943 0.00093445
0.00067699 8.8867e-05 0.010949 0.0009342
0.00067644 8.9386e-05 0.010955 0.00093394
0.0006759 8.9915e-05 0.010961 0.00093369
0.00067537 9.0453e-05 0.010966 0.00093344
0.00067483 9.1e-05 0.010972 0.00093318
0.00067431 9.1543e-05 0.010978 0.00093292
0.00067379 9.2081e-05 0.010984 0.00093267
0.0006733 9.2615e-05 0.01099 0.00093242
0.00067279 9.3144e-05 0.010996 0.00093216
0.00067229 9.3669e-05 0.011002 0.00093191
0.0006718 9.4188e-05 0.011008 0.00093166
0.00067131 9.4696e-05 0.011014 0.0009314
0.00067082 9.5212e-05 0.01102 0.00093114
0.00067035 9.5717e-05 0.011026 0.00093089
0.00066986 9.621e-05 0.011032 0.00093062
0.00066939 9.6713e-05 0.011038 0.00093036
0.00066894 9.7203e-05 0.011044 0.00093011
0.00066847 9.7688e-05 0.011051 0.00092985
0.00066801 9.8169e-05 0.011057 0.00092958
0.00066754 9.8646e-05 0.011063 0.00092931
0.00066706 9.9118e-05 0.011069 0.00092903
0.00066658 9.9585e-05 0.011075 0.00092875
0.0006661 0.00010005 0.011082 0.00092846
0.00066561 0.00010051 0.011088 0.00092816
0.00066512 0.00010096 0.011094 0.00092786
0.00066462 0.00010141 0.0111 0.00092756
0.00066412 0.00010185 0.011106 0.00092725
0.00066361 0.00010229 0.011113 0.00092693
0.0006631 0.00010273 0.011119 0.00092661
0.00066258 0.00010316 0.011125 0.00092628
0.00066207 0.00010358 0.011131 0.00092594
0.00066154 0.00010401 0.011137 0.00092561
0.00066101 0.00010442 0.011144 0.00092526
0.00066048 0.00010484 0.01115 0.00092491
0.00065994 0.00010524 0.011156 0.00092455
0.0006594 0.00010565 0.011162 0.00092419
0.00065886 0.00010605 0.011168 0.00092383
0.00065831 0.00010644 0.011174 0.00092345
0.00065775 0.00010683 0.011181 0.00092307
0.00065719 0.00010721 0.011187 0.00092269
0.00065663 0.00010759 0.011193 0.0009223
0.00065606 0.00010797 0.011199 0.0009219
0.00065549 0.00010834 0.011205 0.0009215
0.00065492 0.00010871 0.011212 0.0009211
0.00065434 0.00010907 0.011218 0.00092069
0.00065375 0.00010943 0.011224 0.00092027
0.00065316 0.00010978 0.01123 0.00091984
0.00065257 0.00011013 0.011236 0.00091942
0.00065197 0.00011047 0.011243 0.00091898
0.00065137 0.00011081 0.011249 0.00091854
0.00065076 0.00011115 0.011255 0.0009181
0.00065015 0.00011148 0.011261 0.00091764
0.00064953 0.0001118 0.011267 0.00091719
0.00064893 0.00011214 0.011274 0.00091673
0.00064834 0.00011248 0.01128 0.00091629
0.00064777 0.00011284 0.011286 0.00091584
0.00064718 0.0001132 0.011293 0.00091539
0.00064658 0.00011356 0.011299 0.00091493
0.000646 0.00011392 0.011305 0.00091447
0.00064542 0.00011427 0.011312 0.00091401
0.00064487 0.00011462 0.011318 0.00091356
0.00064432 0.00011499 0.011325 0.00091311
0.00064376 0.00011537 0.011331 0.00091265
0.00064322 0.00011574 0.011338 0.0009122
0.00064269 0.00011611 0.011344 0.00091175
0.00064214 0.00011647 0.011351 0.00091129
0.00064161 0.00011684 0.011358 0.00091084
0.00064109 0.00011723 0.011364 0.00091039
0.00064056 0.0001176 0.011371 0.00090992
0.00064001 0.00011798 0.011378 0.00090945
0.00063948 0.00011837 0.011384 0.00090898
0.00063896 0.00011874 0.011391 0.00090851
0.00063846 0.00011911 0.011398 0.00090805
0.00063796 0.00011949 0.011405 0.0009076
0.00063745 0.00011985 0.011412 0.00090713
0.00063693 0.0001202 0.011418 0.00090665
0.00063642 0.00012054 0.011425 0.00090618
0.00063593 0.00012089 0.011432 0.00090571
0.00063542 0.00012122 0.011439 0.00090522
0.00061402 0.00012258 0.011467 0.00090329
0.0006087 0.0001229 0.011474 0.0009028
0.00060336 0.00012323 0.011481 0.0009023
0.00038269 0.00013774 0.011799 0.00087857
0.00037762 0.00013807 0.011807 0.00087793
0.00037257 0.00013841 0.011814 0.00087728
0.00036756 0.00013875 0.011822 0.00087664
0.00036258 0.00013909 0.01183 0.00087601
0.00035757 0.00013944 0.011837 0.00087536
0.0003526 0.00013979 0.011845 0.00087472
0.00034765 0.00014016 0.011853 0.00087408
0.00034273 0.00014054 0.011861 0.00087345
0.00033783 0.0001409 0.011869 0.00087282
0.00033292 0.00014128 0.011877 0.00087218
0.00032804 0.00014167 0.011885 0.00087154
0.00032314 0.00014205 0.011893 0.00087089
0.00031826 0.00014243 0.011901 0.00087025
0.00031342 0.00014283 0.011909 0.0008696
0.0003086 0.00014325 0.011917 0.00086897
0.00030377 0.00014367 0.011925 0.00086832
0.00029897 0.0001441 0.011933 0.00086768
0.00029419 0.00014455 0.011942 0.00086704
0.00028939 0.00014498 0.01195 0.00086639
0.00028462 0.00014543 0.011958 0.00086575
0.00027988 0.00014588 0.011966 0.0008651
0.00027516 0.00014635 0.011975 0.00086447
0.00027043 0.00014681 0.011983 0.00086382
0.00026573 0.00014727 0.011992 0.00086317
0.00026104 0.00014775 0.012 0.00086253
0.00025639 0.00014824 0.012009 0.0008619
0.00025172 0.00014872 0.012017 0.00086125
0.00024703 0.00014918 0.012026 0.00086059
0.00024237 0.00014966 0.012034 0.00085994
0.00023773 0.00015015 0.012043 0.00085929
0.00023308 0.00015066 0.012051 0.00085863
0.00022845 0.00015117 0.01206 0.00085797
0.00022386 0.0001517 0.012069 0.00085732
0.00021924 0.00015224 0.012077 0.00085666
0.00021465 0.00015279 0.012086 0.000856
0.00021004 0.00015335 0.012095 0.00085533
0.00020546 0.00015393 0.012103 0.00085466
0.0002009 0.00015452 0.012112 0.000854
0.00019632 0.0001551 0.012121 0.00085333
0.00019176 0.00015568 0.01213 0.00085265
0.00018719 0.00015628 0.012139 0.00085197
0.00018264 0.00015689 0.012147 0.0008513
0.00017811 0.00015751 0.012156 0.00085062
0.00017361 0.00015814 0.012165 0.00084995
0.00016913 0.00015879 0.012174 0.00084928
0.00016466 0.00015944 0.012184 0.00084861
0.00016489 0.00016009 0.012193 0.00084794
0.00016513 0.00016074 0.012202 0.00084726
0.00016536 0.0001614 0.012211 0.00084659
0.00016558 0.00016206 0.01222 0.00084591
0.00016581 0.00016272 0.012229 0.00084523
0.00016603 0.00016338 0.012238 0.00084454
0.00016624 0.00016404 0.012248 0.00084386
0.00016646 0.00016471 0.012257 0.00084317
0.00016667 0.0001654 0.012266 0.00084248
0.00016688 0.00016609 0.012275 0.00084179
0.00016709 0.00016678 0.012285 0.00084109
0.00016728 0.00016745 0.012294 0.00084038
0.00016748 0.00016814 0.012303 0.00083968
0.00016767 0.00016883 0.012313 0.00083897
0.00016787 0.00016953 0.012322 0.00083826
0.00016806 0.00017023 0.012331 0.00083756
0.00016825 0.00017094 0.012341 0.00083685
0.00016845 0.00017166 0.01235 0.00083615
0.00016864 0.00017239 0.01236 0.00083544
0.00016883 0.00017311 0.01237 0.00083473
0.00016901 0.00017383 0.012379 0.00083401
0.00016919 0.00017456 0.012389 0.0008333
0.00016937 0.0001753 0.012398 0.00083258
0.00016955 0.00017603 0.012408 0.00083186
0.00016972 0.00017677 0.012418 0.00083113
0.00016989 0.00017749 0.012427 0.0008304
0.00017005 0.00017821 0.012437 0.00082967
0.0001702 0.00017894 0.012447 0.00082893
0.00017036 0.00017968 0.012456 0.00082819
0.00017051 0.0001804 0.012466 0.00082744
0.00017066 0.00018114 0.012476 0.0008267
0.0001708 0.00018188 0.012486 0.00082594
0.00017094 0.00018263 0.012496 0.00082519
0.00017108 0.00018338 0.012505 0.00082443
0.00017122 0.00018415 0.012515 0.00082368
0.00017135 0.00018491 0.012525 0.00082292
0.00017148 0.00018565 0.012535 0.00082215
0.0001716 0.00018641 0.012545 0.00082138
0.00017173 0.00018716 0.012555 0.00082062
0.00017186 0.00018791 0.012565 0.00081985
0.00017198 0.00018866 0.012575 0.00081908
0.00017211 0.00018942 0.012585 0.00081831
0.00017223 0.00019019 0.012595 0.00081755
0.00017236 0.00019097 0.012605 0.00081679
0.00017248 0.00019175 0.012615 0.00081601
0.0001726 0.00019254 0.012625 0.00081524
0.00017271 0.00019331 0.012636 0.00081446
0.00017281 0.00019407 0.012646 0.00081367
0.00017291 0.00019485 0.012656 0.00081288
0.000173 0.00019563 0.012666 0.00081209
0.00017308 0.00019641 0.012676 0.00081128
0.00017315 0.00019717 0.012686 0.00081046
0.00017322 0.00019794 0.012697 0.00080964
0.0001733 0.00019873 0.012707 0.00080883
0.00017337 0.00019954 0.012717 0.000808
0.00017343 0.00020037 0.012727 0.00080718
0.0001735 0.0002012 0.012738 0.00080636
0.00017358 0.00020205 0.012748 0.00080555
0.00017365 0.00020292 0.012759 0.00080473
0.00017373 0.0002038 0.012769 0.00080393
0.00017381 0.00020469 0.01278 0.00080312
0.00017388 0.00020557 0.01279 0.0008023
0.00017395 0.00020647 0.012801 0.00080148
0.00017402 0.00020737 0.012811 0.00080067
0.00017409 0.00020827 0.012822 0.00079985
0.00017415 0.00020918 0.012833 0.00079903
0.00017421 0.00021007 0.012843 0.0007982
0.00017426 0.00021098 0.012854 0.00079737
0.00017432 0.00021191 0.012865 0.00079654
0.00017439 0.00021285 0.012876 0.00079572
0.00017445 0.00021381 0.012887 0.0007949
0.00017451 0.00021475 0.012898 0.00079407
0.00017455 0.00021568 0.012908 0.00079323
0.00017458 0.00021659 0.012919 0.00079238
0.0001746 0.00021749 0.01293 0.00079151
0.00017461 0.00021837 0.012941 0.00079064
0.00017463 0.00021927 0.012952 0.00078977
0.00017463 0.00022015 0.012962 0.00078889
0.00017463 0.00022105 0.012973 0.00078801
0.00017463 0.00022193 0.012984 0.00078712
0.00017463 0.00022284 0.012995 0.00078623
0.00017463 0.00022375 0.013006 0.00078535
0.00017462 0.00022466 0.013017 0.00078445
0.0001746 0.00022555 0.013028 0.00078355
0.00017458 0.00022645 0.013039 0.00078265
0.00017455 0.00022734 0.01305 0.00078173
0.00017452 0.00022825 0.013061 0.00078083
0.00017448 0.00022914 0.013072 0.00077991
0.00017445 0.00023005 0.013083 0.00077899
0.00017442 0.00023098 0.013094 0.00077808
0.00017438 0.00023189 0.013105 0.00077715
0.00017434 0.00023283 0.013116 0.00077624
0.00017431 0.00023378 0.013127 0.00077532
0.00017427 0.00023472 0.013138 0.00077439
0.00017422 0.00023567 0.013149 0.00077347
0.00017419 0.00023664 0.013161 0.00077255
0.00017415 0.00023762 0.013172 0.00077163
0.00017411 0.0002386 0.013183 0.00077071
0.00017407 0.00023955 0.013195 0.00076979
0.00017403 0.00024052 0.013206 0.00076886
0.00017397 0.00024148 0.013218 0.00076793
0.00017391 0.00024243 0.013229 0.00076698
0.00017385 0.00024339 0.013241 0.00076604
0.00017379 0.00024436 0.013252 0.0007651
0.00017372 0.00024532 0.013264 0.00076415
0.00017365 0.0002463 0.013275 0.0007632
0.00017358 0.00024729 0.013287 0.00076225
0.00017352 0.0002483 0.013298 0.00076131
0.00017345 0.00024932 0.01331 0.00076036
0.00017339 0.00025035 0.013322 0.00075942
0.00017333 0.00025139 0.013334 0.00075848
0.00017326 0.00025245 0.013345 0.00075753
0.0001732 0.00025351 0.013357 0.00075659
0.00017314 0.00025457 0.013369 0.00075565
0.00017307 0.00025562 0.013381 0.0007547
0.000173 0.00025668 0.013393 0.00075374
0.00017292 0.00025774 0.013405 0.00075279
0.00017284 0.0002588 0.013417 0.00075183
0.00017275 0.00025985 0.013429 0.00075086
0.00017265 0.00026089 0.013441 0.00074988
0.00017255 0.00026193 0.013453 0.0007489
0.00017245 0.00026298 0.013465 0.00074791
0.00017234 0.00026402 0.013477 0.00074693
0.00017223 0.00026505 0.013489 0.00074594
0.00017212 0.00026609 0.013501 0.00074495
0.00017201 0.00026714 0.013513 0.00074396
0.0001719 0.00026821 0.013526 0.00074297
0.00017178 0.00026926 0.013538 0.00074197
0.00017166 0.00027033 0.01355 0.00074097
0.00017154 0.00027141 0.013562 0.00073997
0.00017142 0.0002725 0.013575 0.00073898
0.00017129 0.00027358 0.013587 0.00073797
0.00017117 0.00027468 0.013599 0.00073696
0.00017104 0.00027578 0.013612 0.00073595
0.00017091 0.0002769 0.013624 0.00073494
0.00017078 0.00027802 0.013637 0.00073393
0.00017064 0.00027914 0.013649 0.00073292
0.00017049 0.00028025 0.013662 0.00073189
0.00017034 0.00028135 0.013674 0.00073086
0.00017018 0.00028245 0.013687 0.00072982
0.00017001 0.00028353 0.013699 0.00072877
0.00016984 0.00028463 0.013712 0.00072773
0.00016968 0.00028574 0.013724 0.00072668
0.00016951 0.00028686 0.013737 0.00072563
0.00016934 0.00028799 0.013749 0.00072458
0.00016916 0.00028913 0.013762 0.00072353
0.00016899 0.00029028 0.013775 0.00072248
0.00016882 0.00029144 0.013787 0.00072142
0.00016864 0.00029261 0.0138 0.00072036
0.00016845 0.00029377 0.013813 0.0007193
0.00016825 0.00029493 0.013826 0.00071822
0.00016806 0.0002961 0.013838 0.00071715
0.00016786 0.00029727 0.013851 0.00071607
0.00016766 0.00029846 0.013864 0.00071499
0.00016746 0.00029966 0.013877 0.00071391
0.00016726 0.00030087 0.01389 0.00071283
0.00016706 0.00030209 0.013903 0.00071175
0.00016685 0.0003033 0.013916 0.00071066
0.00016663 0.00030451 0.013929 0.00070957
0.00016642 0.00030572 0.013942 0.00070847
0.0001662 0.00030695 0.013955 0.00070737
0.00016598 0.00030819 0.013968 0.00070628
0.00016576 0.00030942 0.013981 0.00070517
0.00016552 0.00031067 0.013994 0.00070406
0.00016529 0.00031192 0.014007 0.00070295
0.00016505 0.00031319 0.01402 0.00070183
0.00016482 0.00031447 0.014034 0.00070072
0.00016457 0.00031574 0.014047 0.00069959
0.00016432 0.000317 0.01406 0.00069846
0.00016407 0.00031828 0.014073 0.00069733
0.00016382 0.00031957 0.014086 0.0006962
0.00016356 0.00032085 0.0141 0.00069506
0.0001633 0.00032214 0.014113 0.00069392
0.00016303 0.00032342 0.014126 0.00069277
0.00016276 0.00032472 0.01414 0.00069162
0.00016249 0.00032601 0.014153 0.00069047
0.00016221 0.00032731 0.014167 0.00068931
0.00016194 0.00032863 0.01418 0.00068816
0.00016165 0.00032995 0.014193 0.00068699
0.00016137 0.0003313 0.014207 0.00068583
0.00016107 0.00033263 0.01422 0.00068465
0.00016078 0.00033395 0.014234 0.00068348
0.00016049 0.00033529 0.014248 0.0006823
0.00016018 0.00033662 0.014261 0.00068112
0.00015987 0.00033794 0.014275 0.00067993
0.00015956 0.00033927 0.014288 0.00067874
0.00015925 0.0003406 0.014302 0.00067754
0.00015893 0.0003384 0.014316 0.00067634
0.0001586 0.0003362 0.014329 0.00067514
0.00015827 0.00033399 0.014343 0.00067392
0.00015792 0.0003318 0.014356 0.0006727
0.00015758 0.00032962 0.01437 0.00067147
0.00015723 0.00032744 0.014384 0.00067024
0.00015688 0.00032527 0.014397 0.00066901
0.00015652 0.00032309 0.014411 0.00066777
0.00015616 0.00032093 0.014425 0.00066653
0.00015579 0.00031879 0.014439 0.00066529
0.00015543 0.00031664 0.014452 0.00066404
0.00015505 0.00031447 0.014466 0.00066278
0.00015466 0.0003123 0.01448 0.00066151
0.00015427 0.00031011 0.014494 0.00066024
0.00015387 0.00030791 0.014507 0.00065895
0.00015346 0.00030574 0.014521 0.00065767
0.00015305 0.00030358 0.014535 0.00065638
0.00015264 0.00030145 0.014549 0.00065509
0.00015222 0.0002993 0.014563 0.00065379
0.0001518 0.00029717 0.014576 0.00065249
0.00015139 0.00029507 0.01459 0.00065119
0.00015097 0.00029298 0.014604 0.00064989
0.00015054 0.00029088 0.014618 0.00064858
0.00015012 0.00028881 0.014632 0.00064727
0.00014969 0.00028675 0.014646 0.00064597
0.00014926 0.00028469 0.01466 0.00064465
0.00014883 0.00028264 0.014675 0.00064334
0.00014839 0.00028058 0.014689 0.00064202
0.00014796 0.00027854 0.014703 0.00064071
0.00014753 0.00027652 0.014717 0.0006394
0.0001471 0.00027453 0.014732 0.00063808
0.00014667 0.00027255 0.014746 0.00063677
0.00014625 0.00027059 0.014761 0.00063546
0.00014582 0.00026864 0.014775 0.00063415
0.00014538 0.00026669 0.01479 0.00063283
0.00014494 0.00026475 0.014804 0.00063151
0.0001445 0.00026283 0.014819 0.00063018
0.00014406 0.00026092 0.014833 0.00062886
0.00014362 0.00025903 0.014848 0.00062754
0.00014317 0.00025713 0.014863 0.00062621
0.00014272 0.00025521 0.014878 0.00062487
0.00014228 0.00025332 0.014892 0.00062354
0.00014183 0.00025144 0.014907 0.00062221
0.00014138 0.00024958 0.014922 0.00062088
0.00014093 0.00024774 0.014937 0.00061955
0.00014049 0.00024592 0.014952 0.00061822
0.00014003 0.00024408 0.014967 0.00061688
0.00013957 0.00024223 0.014982 0.00061553
0.0001391 0.00024036 0.014997 0.00061418
0.00013864 0.00023851 0.015012 0.00061284
0.00013817 0.00023665 0.015028 0.00061148
0.00013769 0.00023477 0.015043 0.00061012
0.00013721 0.00023291 0.015058 0.00060875
0.00013673 0.00023108 0.015073 0.00060739
0.00013624 0.00022923 0.015088 0.00060602
0.00013576 0.0002274 0.015104 0.00060465
0.00013528 0.0002256 0.015119 0.00060328
0.00013478 0.00022378 0.015134 0.0006019
0.00013428 0.00022194 0.01515 0.00060051
0.00013377 0.00022013 0.015165 0.00059912
0.00013327 0.0002183 0.01518 0.00059774
0.00013278 0.00021649 0.015196 0.00059635
0.00013228 0.0002147 0.015212 0.00059497
0.00013179 0.00021294 0.015227 0.00059359
0.00013128 0.00021116 0.015243 0.0005922
0.00013077 0.00020936 0.015258 0.0005908
0.00013026 0.00020759 0.015274 0.0005894
0.00012973 0.00020579 0.01529 0.00058799
0.00012921 0.00020402 0.015306 0.00058658
0.00012869 0.00020227 0.015321 0.00058518
0.00012816 0.0002005 0.015337 0.00058376
0.00012763 0.00019875 0.015353 0.00058234
0.0001271 0.00019703 0.015369 0.00058093
0.00012656 0.00019529 0.015385 0.00057951
0.00012603 0.00019357 0.015401 0.00057809
0.00012549 0.00019187 0.015417 0.00057666
0.00012496 0.00019019 0.015433 0.00057525
0.00012443 0.0001885 0.015449 0.00057383
0.00012391 0.00018683 0.015466 0.00057242
0.00012337 0.00018515 0.015482 0.00057099
0.00012283 0.00018348 0.015498 0.00056957
0.0001223 0.00018184 0.015515 0.00056815
0.00012177 0.00018021 0.015531 0.00056673
0.00012124 0.00017861 0.015548 0.00056531
0.00012071 0.00017702 0.015564 0.0005639
0.00012017 0.00017546 0.015581 0.00056247
0.00011963 0.00017391 0.015598 0.00056104
0.00011908 0.00017235 0.015614 0.00055961
0.00011854 0.00017082 0.015631 0.00055818
0.00011799 0.0001693 0.015648 0.00055675
0.00011745 0.0001678 0.015665 0.00055532
0.00011691 0.00016632 0.015682 0.00055389
0.00011636 0.00016482 0.015699 0.00055245
0.0001158 0.00016331 0.015716 0.000551
0.00011523 0.00016179 0.015733 0.00054954
0.00011466 0.00016028 0.01575 0.00054809
0.00011409 0.00016066 0.015767 0.00054663
0.00011352 0.00016103 0.015784 0.00054516
0.00011293 0.00016139 0.015801 0.00054369
0.00011233 0.00016175 0.015818 0.0005422
0.00011173 0.00016213 0.015835 0.00054071
0.00011113 0.00016252 0.015852 0.00053922
0.00011053 0.00016293 0.015869 0.00053774
0.00010993 0.00016331 0.015886 0.00053625
0.00010932 0.00016371 0.015903 0.00053475
0.00010872 0.00016413 0.015921 0.00053326
0.00010811 0.00016453 0.015938 0.00053176
0.00010749 0.00016494 0.015955 0.00053026
0.00010687 0.00016533 0.015973 0.00052875
0.00010624 0.00016572 0.01599 0.00052722
0.00010561 0.00016611 0.016007 0.0005257
0.00010498 0.00016652 0.016025 0.00052418
0.00010435 0.00016694 0.016042 0.00052267
0.00010372 0.00016737 0.01606 0.00052115
0.00010308 0.00016779 0.016078 0.00051962
0.00010245 0.00016821 0.016095 0.0005181
0.0001018 0.00016863 0.016113 0.00051656
0.00010114 0.00016906 0.016131 0.00051501
0.00010049 0.00016947 0.016148 0.00051347
9.9835e-05 0.00016989 0.016166 0.00051193
9.9184e-05 0.00017033 0.016184 0.00051038
9.8526e-05 0.00017076 0.016202 0.00050884
9.7862e-05 0.00017119 0.01622 0.00050728
9.7191e-05 0.00017162 0.016238 0.00050572
9.6515e-05 0.00017204 0.016256 0.00050415
9.5832e-05 0.00017246 0.016273 0.00050258
9.5143e-05 0.00017287 0.016291 0.000501
9.4447e-05 0.00017328 0.016309 0.00049942
9.3746e-05 0.00017368 0.016327 0.00049782
9.3038e-05 0.00017408 0.016345 0.00049623
9.2332e-05 0.00017449 0.016363 0.00049463
9.1628e-05 0.00017492 0.016381 0.00049303
9.0914e-05 0.00017536 0.0164 0.00049143
9.019e-05 0.00017581 0.016418 0.00048981
8.9466e-05 0.00017642 0.016436 0.0004882
8.8744e-05 0.00017704 0.016454 0.00048658
8.8011e-05 0.00017764 0.016472 0.00048496
8.7267e-05 0.00017823 0.01649 0.00048332
8.6525e-05 0.00017884 0.016509 0.00048169
8.5773e-05 0.00017943 0.016527 0.00048005
8.501e-05 0.00018004 0.016545 0.00047839
8.4249e-05 0.00018065 0.016563 0.00047674
8.3476e-05 0.00018126 0.016582 0.00047507
8.2706e-05 0.00018187 0.0166 0.00047341
8.1937e-05 0.00018251 0.016618 0.00047175
8.117e-05 0.00018313 0.016637 0.00047009
8.0403e-05 0.00018376 0.016655 0.00046843
7.9626e-05 0.00018437 0.016674 0.00046676
7.8851e-05 0.00018501 0.016693 0.0004651
7.8066e-05 0.00018566 0.016711 0.00046342
7.9603e-05 0.00018632 0.016729 0.00046168
8.1128e-05 0.00018697 0.016747 0.00045993
8.2641e-05 0.0001876 0.016765 0.00045818
8.416e-05 0.00018825 0.016784 0.00045642
8.5685e-05 0.00018892 0.016802 0.00045467
8.7214e-05 0.0001896 0.01682 0.00045291
8.875e-05 0.00019029 0.016839 0.00045116
9.0291e-05 0.000191 0.016857 0.00044941
9.1836e-05 0.00019172 0.016876 0.00044766
9.3386e-05 0.00019246 0.016894 0.00044592
9.4943e-05 0.00019321 0.016913 0.00044417
9.6505e-05 0.00019398 0.016932 0.00044243
9.8055e-05 0.00019474 0.016951 0.00044067
9.9611e-05 0.00019551 0.01697 0.00043892
0.00010117 0.00019629 0.016989 0.00043717
0.00010274 0.00019707 0.017008 0.00043542
0.00010432 0.00019785 0.017027 0.00043367
0.0001059 0.00019866 0.017046 0.00043193
0.00010748 0.00019945 0.017066 0.00043018
0.00010906 0.00020026 0.017085 0.00042843
0.00011064 0.00020108 0.017104 0.00042667
0.00011222 0.00020189 0.017124 0.00042492
0.00011381 0.00020271 0.017143 0.00042317
0.00011539 0.00020352 0.017163 0.0004214
0.00011697 0.00020435 0.017183 0.00041964
0.00011856 0.00020518 0.017202 0.00041788
0.00012016 0.00020603 0.017222 0.00041611
0.00012175 0.0002069 0.017242 0.00041435
0.00012336 0.00020778 0.017262 0.00041259
0.00012497 0.00020868 0.017282 0.00041083
0.00012657 0.00020956 0.017302 0.00040906
0.00012817 0.00021046 0.017322 0.00040729
0.00012977 0.00021135 0.017342 0.00040551
0.00013135 0.00021222 0.017362 0.00040372
0.00013292 0.00021307 0.017382 0.00040192
0.00013447 0.00021391 0.017402 0.00040011
0.00013604 0.00021477 0.017422 0.00039829
0.00013759 0.00021561 0.017442 0.00039647
0.00013915 0.00021647 0.017462 0.00039465
0.00014069 0.00021734 0.017483 0.00039282
0.00014223 0.0002182 0.017503 0.00039098
0.00014375 0.00021904 0.017523 0.00038912
0.00014528 0.0002199 0.017543 0.00038727
0.00014681 0.00022078 0.017563 0.00038542
0.00014833 0.00022168 0.017583 0.00038356
0.00014986 0.00022259 0.017603 0.00038169
0.0001514 0.00022349 0.017624 0.00037984
0.00015292 0.0002244 0.017644 0.00037796
0.00015445 0.00022533 0.017665 0.0003761
0.00015597 0.00022625 0.017685 0.00037421
0.0001575 0.00022718 0.017705 0.00037233
0.00015903 0.00022812 0.017726 0.00037046
0.00016056 0.00022909 0.017747 0.00036858
0.00016211 0.00023007 0.017767 0.0003667
0.00016364 0.00023104 0.017788 0.00036481
0.00016518 0.00023202 0.017809 0.00036293
0.00016673 0.00023303 0.01783 0.00036104
0.00016826 0.00023401 0.017851 0.00035914
0.00016776 0.00023498 0.017872 0.00035725
0.00016726 0.00023594 0.017893 0.00035534
0.00016676 0.00023688 0.017914 0.00035343
0.00016626 0.00023784 0.017935 0.00035153
0.00016575 0.00023878 0.017956 0.00034961
0.00016524 0.00023974 0.017977 0.0003477
0.00016472 0.00024069 0.017998 0.00034577
0.00016421 0.00024165 0.01802 0.00034385
0.00016369 0.00024263 0.018005 0.00034193
0.00016317 0.00024171 0.017991 0.00033999
0.00016265 0.00024082 0.017976 0.00033806
0.00016212 0.00023994 0.017962 0.00033611
0.00016158 0.00023908 0.017948 0.00033416
0.00016104 0.00023823 0.017933 0.0003322
0.0001605 0.00023738 0.017919 0.00033024
0.00015995 0.00023654 0.017905 0.00032828
0.00015941 0.00023571 0.017891 0.00032631
0.00015887 0.0002349 0.017876 0.00032435
0.00015832 0.00023408 0.017862 0.00032238
0.00015778 0.00023328 0.017848 0.0003204
0.00015723 0.00023249 0.017834 0.00031843
0.00015668 0.00023169 0.01782 0.00031645
0.00015613 0.0002309 0.017806 0.00031447
0.00015557 0.00023114 0.017792 0.00031247
0.00015499 0.0002314 0.017779 0.00031585
0.00015442 0.00023167 0.017765 0.00031924
0.00015384 0.00023196 0.017751 0.00032261
0.00015326 0.00023227 0.017737 0.00032598
0.00015269 0.00023258 0.017723 0.00032936
0.00015211 0.00023291 0.017709 0.00033275
0.00015154 0.00023326 0.017696 0.00033613
0.00015096 0.00023359 0.017682 0.00033951
0.00015038 0.00023393 0.017668 0.00034289
0.0001498 0.00023426 0.017655 0.00034626
0.00014921 0.00023461 0.017641 0.00034963
0.00014861 0.00023497 0.017628 0.00035299
0.00014802 0.00023534 0.017614 0.00035636
0.00014743 0.00023573 0.017601 0.00035973
0.00014684 0.00023613 0.017588 0.0003631
0.00014624 0.00023652 0.017574 0.00036646
0.00014563 0.00023693 0.017561 0.00036982
0.00014502 0.00023734 0.017548 0.00037317
0.00014441 0.00023775 0.017534 0.00037652
0.00014378 0.00023814 0.017521 0.00037986
0.00014315 0.00023855 0.017508 0.0003832
0.00014252 0.00023894 0.017494 0.00038653
0.00014187 0.00023932 0.017481 0.00038985
0.00014123 0.00023972 0.017468 0.00039317
0.00014059 0.00024013 0.017455 0.0003965
0.00013994 0.00024052 0.017441 0.00039981
0.00013928 0.00024091 0.017428 0.00040312
0.00013863 0.00024131 0.017415 0.00040643
0.00013796 0.00024169 0.017402 0.00040974
0.00013729 0.00024209 0.017389 0.00041304
0.00013663 0.00024251 0.017376 0.00041635
0.00013597 0.00024295 0.017363 0.00041967
0.00013532 0.00024336 0.01735 0.00042299
0.00013467 0.0002438 0.017337 0.00042631
0.00013402 0.00024425 0.017325 0.00042964
0.00013336 0.00024471 0.017312 0.00043296
0.00013269 0.00024516 0.017299 0.00043627
0.00013201 0.0002456 0.017286 0.00043956
0.00013133 0.00024605 0.017274 0.00044286
0.00013065 0.00024652 0.017261 0.00044617
0.00012998 0.000247 0.017248 0.00044948
0.00012931 0.0002475 0.017236 0.00045279
0.00012862 0.00024798 0.017224 0.0004561
0.00012794 0.00024848 0.017211 0.00045941
0.00012727 0.00024896 0.017199 0.00046272
0.00012658 0.00024943 0.017186 0.00046602
0.0001259 0.00024992 0.017174 0.00046933
0.0001252 0.00025039 0.017162 0.00047263
0.00012451 0.00025088 0.01715 0.00047593
0.00012382 0.00025138 0.017137 0.00047923
0.00012313 0.0002519 0.017125 0.00048254
0.00012243 0.0002524 0.017113 0.00048584
0.00012173 0.00025292 0.017101 0.00048915
0.00012104 0.00025346 0.017089 0.00049246
0.00012035 0.00025401 0.017077 0.00049577
0.00011966 0.00025458 0.017065 0.00049909
0.00011896 0.00025517 0.017054 0.0005024
0.00011825 0.00025574 0.017042 0.00050569
0.00011754 0.00025633 0.01703 0.000509
0.00011683 0.0002569 0.017018 0.0005123
0.00011611 0.00025747 0.017006 0.0005156
0.0001154 0.00025803 0.016995 0.0005189
0.00011467 0.00025859 0.016983 0.00052219
0.00011395 0.00025917 0.016971 0.00052548
0.00011323 0.00025977 0.01696 0.00052879
0.00011251 0.00026039 0.016948 0.00053209
0.00011178 0.00026099 0.016937 0.00053539
0.00011104 0.0002616 0.016925 0.00053867
0.00011031 0.00026224 0.016914 0.00054196
0.00010956 0.00026286 0.016902 0.00054524
0.0001088 0.0002635 0.016891 0.00054851
0.00010804 0.00026412 0.016879 0.00055177
0.00010727 0.00026476 0.016868 0.00055503
0.00010651 0.00026542 0.016856 0.0005583
0.00010573 0.00026607 0.016845 0.00056156
0.00010496 0.00026671 0.016834 0.00056482
0.00010418 0.00026735 0.016822 0.00056808
0.00010622 0.00026798 0.016811 0.00057132
0.00010825 0.00026863 0.016799 0.00057455
0.00011029 0.0002693 0.016788 0.00057778
0.00011234 0.00026998 0.016777 0.00058102
0.00011437 0.00027065 0.016765 0.00058425
0.00011641 0.00027134 0.016754 0.00058749
0.00011846 0.00027037 0.016743 0.00059072
0.00012049 0.00026939 0.016732 0.00059395
0.00012254 0.00026842 0.01672 0.00059718
0.00012457 0.00026744 0.016709 0.00060041
0.00012661 0.00026648 0.016698 0.00060363
0.00012863 0.0002655 0.016687 0.00060685
0.00013067 0.00026451 0.016676 0.00061007
0.00013269 0.00026351 0.016665 0.00061328
0.00013472 0.00026252 0.016654 0.0006165
0.00013674 0.00026152 0.016643 0.0006197
0.00013877 0.00026053 0.016632 0.00062292
0.00014081 0.00025956 0.016621 0.00062613
0.00014285 0.00025861 0.01661 0.00062935
0.00014488 0.00025764 0.016599 0.00063256
0.00014691 0.00025668 0.016588 0.00063577
0.00014896 0.00025575 0.016578 0.00063899
0.00015101 0.00025483 0.016567 0.00064221
0.00015307 0.00025393 0.016556 0.00064544
0.00015513 0.00025409 0.016546 0.00064866
0.00015718 0.00025426 0.016535 0.00065189
0.00015923 0.00025441 0.016525 0.0006551
0.00016126 0.00025456 0.016514 0.0006583
0.00016329 0.00025468 0.016503 0.00066149
0.00016529 0.00025479 0.016493 0.00066467
0.00016731 0.00025492 0.016482 0.00066786
0.00016932 0.00025503 0.016472 0.00067104
0.00017133 0.00025516 0.016461 0.00067422
0.00017335 0.00025528 0.016451 0.0006774
0.00017539 0.00025541 0.01644 0.0006806
0.0001774 0.00025552 0.01643 0.00068378
0.00017941 0.00025562 0.016419 0.00068695
0.00018141 0.00025571 0.016409 0.00069011
0.00018341 0.00025581 0.016398 0.00069328
0.00018542 0.00025593 0.016388 0.00069645
0.00018745 0.00025606 0.016378 0.00069963
0.00018948 0.00025621 0.016367 0.00070281
0.00019152 0.00025637 0.016357 0.000706
0.00019355 0.00025652 0.016347 0.00070918
0.00019559 0.00025669 0.016337 0.00071237
0.00019764 0.00025686 0.016327 0.00071556
0.00019968 0.00025703 0.016317 0.00071874
0.0002017 0.00025718 0.016307 0.00072191
0.00020373 0.00025734 0.016297 0.00072508
0.00020575 0.0002575 0.016287 0.00072825
0.00020776 0.00025763 0.016277 0.0007314
0.00020978 0.00025779 0.016267 0.00073457
0.00021179 0.00025793 0.016257 0.00073772
0.0002138 0.00025808 0.016247 0.00074087
0.00021581 0.00025822 0.016237 0.00074402
0.0002178 0.00025835 0.016227 0.00074715
0.0002198 0.00025849 0.016217 0.00075029
0.00022178 0.00025862 0.016207 0.00075342
0.00022378 0.00025876 0.016197 0.00075656
0.00022579 0.00025892 0.016187 0.0007597
0.0002278 0.00025909 0.016178 0.00076285
0.00022983 0.00025928 0.016168 0.000766
0.00023187 0.00025946 0.016158 0.00076916
0.00023389 0.00025962 0.016149 0.00077231
0.00023591 0.00025976 0.016139 0.00077545
0.00023793 0.00025993 0.016129 0.0007786
0.00023996 0.00026011 0.01612 0.00078175
0.00024201 0.0002603 0.01611 0.00078491
0.00024406 0.00026051 0.016101 0.00078808
0.00024613 0.00026074 0.016092 0.00079125
0.00024819 0.00026095 0.016082 0.00079442
0.00025025 0.00026118 0.016073 0.00079758
0.0002523 0.00026142 0.016064 0.00080074
0.00025436 0.00026166 0.016055 0.0008039
0.00025641 0.0002619 0.016045 0.00080706
0.00025846 0.00026215 0.016036 0.00081021
0.00026051 0.00026239 0.016027 0.00081336
0.00026255 0.00026262 0.016018 0.0008165
0.00026459 0.00026286 0.016009 0.00081965
0.00026664 0.00026311 0.015999 0.00082279
0.00026869 0.00026337 0.01599 0.00082594
0.00027075 0.00026363 0.015981 0.00082909
0.00027281 0.0002639 0.015972 0.00083224
0.00027488 0.00026419 0.015963 0.0008354
0.00027695 0.00026448 0.015954 0.00083856
0.00027903 0.00026477 0.015946 0.00084172
0.00028112 0.00026508 0.015937 0.00084488
0.00028321 0.0002654 0.015928 0.00084805
0.00028529 0.0002657 0.015919 0.0008512
0.00028738 0.00026602 0.015911 0.00085436
0.00028946 0.00026633 0.015902 0.00085752
0.00029152 0.00026662 0.015893 0.00086066
0.00029359 0.00026692 0.015884 0.0008638
0.00029568 0.00026724 0.015876 0.00086696
0.00029775 0.00026754 0.015867 0.0008701
0.00029981 0.00026783 0.015858 0.00087323
0.00030188 0.00026814 0.01585 0.00087637
0.00030393 0.00026844 0.015841 0.0008795
0.000306 0.0002665 0.015832 0.00088263
0.00030806 0.00026454 0.015824 0.00088575
0.00031012 0.00026261 0.015815 0.00088889
0.0003122 0.00026071 0.015807 0.00089202
0.0003143 0.00025884 0.015798 0.00089517
0.0003164 0.00025699 0.01579 0.00089832
0.00031852 0.00025517 0.015782 0.00090149
0.00032065 0.00025337 0.015773 0.00090465
0.0003228 0.0002516 0.015765 0.00090783
0.00032495 0.00024986 0.015757 0.00091102
0.00032712 0.00024814 0.015749 0.00091421
0.00032928 0.0002464 0.015741 0.00091739
0.00033145 0.00024469 0.015733 0.00092058
0.00033363 0.000243 0.015725 0.00092377
0.0003358 0.00024129 0.015718 0.00092696
0.00033796 0.00023956 0.01571 0.00093013
0.00034013 0.00023787 0.015702 0.00093331
0.00034228 0.00023615 0.015694 0.00093649
0.00034445 0.00023446 0.015686 0.00093967
0.00034661 0.00023275 0.015678 0.00094284
0.00034875 0.00023102 0.01567 0.00094599
0.0003509 0.00022932 0.015662 0.00094916
0.00035307 0.0002276 0.015655 0.00095233
0.00035525 0.0002259 0.015647 0.00095551
0.00035745 0.00022422 0.015639 0.0009587
0.00035963 0.00022252 0.015632 0.00096188
0.00036182 0.00022085 0.015624 0.00096506
0.00036402 0.00021916 0.015617 0.00096825
0.00036624 0.00021745 0.015609 0.00097145
0.00036844 0.00021574 0.015602 0.00097463
0.00037066 0.00021404 0.015594 0.00097783
0.00037289 0.00021236 0.015587 0.00098103
0.00037512 0.0002107 0.01558 0.00098423
0.00037737 0.00020906 0.015572 0.00098745
0.00037963 0.00020744 0.015565 0.00099066
0.00038191 0.00020583 0.015558 0.00099389
0.00038419 0.00020424 0.015551 0.00099712
0.00038646 0.00020264 0.015544 0.0010003
0.00038871 0.00020102 0.015537 0.0010035
0.00039098 0.00019942 0.01553 0.0010068
0.00039327 0.00019785 0.015523 0.00101
0.00039554 0.00019625 0.015516 0.0010132
0.0003978 0.00019468 0.015509 0.0010164
0.00040004 0.00019314 0.015502 0.0010196
0.00040227 0.00019157 0.015495 0.0010228
0.00040449 0.00018999 0.015487 0.001026
0.00040669 0.00019117 0.01548 0.0010291
0.00040891 0.00019237 0.015473 0.0010323
0.00041114 0.00019359 0.015466 0.0010355
0.00041338 0.00019482 0.015459 0.0010386
0.00041561 0.00019603 0.015452 0.0010418
0.00041785 0.00019727 0.015445 0.001045
0.00042011 0.00019852 0.015439 0.0010482
0.00042235 0.00019975 0.015432 0.0010514
0.00042461 0.00020101 0.015425 0.0010545
0.00042685 0.00020225 0.015418 0.0010577
0.00042911 0.00020351 0.015411 0.0010609
0.00043138 0.00020478 0.015404 0.0010641
0.00043366 0.00020604 0.015398 0.0010673
0.00043593 0.00020732 0.015391 0.0010705
0.00043822 0.00020862 0.015384 0.0010737
0.00044049 0.0002099 0.015378 0.0010769
0.00044277 0.0002112 0.015371 0.00108
0.00044507 0.00021252 0.015365 0.0010832
0.00044738 0.00021386 0.015358 0.0010865
0.00044968 0.00021518 0.015352 0.0010896
0.00045199 0.00021651 0.015345 0.0010929
0.00045431 0.00021787 0.015339 0.0010961
0.00045665 0.00021924 0.015333 0.0010993
0.000459 0.00022063 0.015326 0.0011025
0.00046134 0.00022201 0.01532 0.0011057
0.00046369 0.0002234 0.015314 0.0011089
0.00046603 0.00022478 0.015308 0.0011121
0.00046838 0.00022618 0.015301 0.0011154
0.00047072 0.00022756 0.015295 0.0011186
0.00047307 0.00022896 0.015289 0.0011218
0.00047543 0.00023038 0.015283 0.001125
0.00047782 0.00023182 0.015277 0.0011282
0.00048018 0.00023325 0.015271 0.0011315
0.00048257 0.00023469 0.015265 0.0011347
0.00048496 0.00023615 0.015259 0.0011379
0.00048737 0.00023764 0.015253 0.0011412
0.00048979 0.00023913 0.015247 0.0011444
0.00049223 0.00024065 0.015242 0.0011477
0.00049465 0.00024215 0.015236 0.0011509
0.00049706 0.00024364 0.01523 0.0011542
0.00049947 0.00024512 0.015224 0.0011574
0.00050188 0.00024662 0.015218 0.0011606
0.00050429 0.00024813 0.015213 0.0011639
0.00050668 0.00024963 0.015207 0.0011671
0.00050907 0.00025112 0.015201 0.0011703
0.00051147 0.00025262 0.015195 0.0011735
0.00051388 0.00025414 0.01519 0.0011767
0.00051627 0.00025565 0.015184 0.00118
0.00051866 0.00025715 0.015178 0.0011832
0.00052104 0.00025864 0.015172 0.0011864
0.00052344 0.00026014 0.015167 0.0011896
0.00052584 0.00026166 0.015161 0.0011928
0.00052825 0.0002632 0.015156 0.001196
0.00053068 0.00026475 0.01515 0.0011992
0.00053312 0.0002663 0.015144 0.0012025
0.00053555 0.00026783 0.015139 0.0012057
0.00053796 0.00026934 0.015133 0.0012089
0.00054039 0.00027088 0.015128 0.0012121
0.00054281 0.0002724 0.015122 0.0012153
0.00054521 0.0002739 0.015117 0.0012185
0.00054763 0.00027539 0.015111 0.0012218
0.00055006 0.0002769 0.015106 0.001225
0.00055248 0.00027839 0.015101 0.0012282
0.00055492 0.00027991 0.015095 0.0012314
0.00055734 0.00028141 0.01509 0.0012346
0.00055978 0.00028293 0.015085 0.0012378
0.0005622 0.00028447 0.015079 0.001241
0.00056464 0.00028604 0.015074 0.0012442
0.0005671 0.00028764 0.015069 0.0012474
0.00056958 0.00028926 0.015064 0.0012507
0.00057204 0.00029086 0.015058 0.0012539
0.00057452 0.00029249 0.015053 0.0012571
0.00057698 0.00029409 0.015048 0.0012603
0.00057946 0.00029568 0.015043 0.0012636
0.00058195 0.0002973 0.015038 0.0012668
0.00058443 0.00029889 0.015033 0.00127
0.00058689 0.00030046 0.015028 0.0012732
0.00058938 0.00030206 0.015023 0.0012765
0.00059188 0.00030369 0.015018 0.0012797
0.00059436 0.00030529 0.015013 0.0012829
0.00059683 0.00030688 0.015008 0.0012861
0.00059931 0.00030845 0.015003 0.0012893
0.00060178 0.00031 0.014998 0.0012926
0.00060427 0.00031157 0.014993 0.0012958
0.00060678 0.00031313 0.014988 0.001299
0.00060931 0.00031471 0.014983 0.0013022
0.00061182 0.00031627 0.014978 0.0013055
0.00061435 0.00031785 0.014974 0.0013087
0.00061689 0.00031946 0.014969 0.0013119
0.00061946 0.0003211 0.014964 0.0013152
0.000622 0.00032271 0.01496 0.0013184
0.00062456 0.00032435 0.014955 0.0013217
0.00062711 0.00032597 0.01495 0.0013249
0.00062968 0.00032757 0.014946 0.0013282
0.00063226 0.0003292 0.014941 0.0013314
0.00063483 0.00033081 0.014937 0.0013347
0.00063738 0.00033241 0.014932 0.0013379
0.00063995 0.00033402 0.014927 0.0013412
0.00064251 0.00033563 0.014923 0.0013444
0.00064505 0.00033721 0.014918 0.0013476
0.00064759 0.00033878 0.014914 0.0013508
0.0006501 0.00034033 0.014909 0.001354
0.00065264 0.00034191 0.014905 0.0013572
0.00065519 0.00034347 0.0149 0.0013605
0.00065777 0.00034506 0.014896 0.0013637
0.00066036 0.00034662 0.014891 0.001367
0.00066297 0.00034822 0.014887 0.0013702
0.00066557 0.00034984 0.014883 0.0013735
0.00066818 0.00035149 0.014878 0.0013767
0.00067082 0.00035316 0.014874 0.00138
0.00067347 0.00035486 0.01487 0.0013832
0.00067614 0.00035659 0.014866 0.0013865
0.00067879 0.00035829 0.014862 0.0013898
0.00068147 0.00036003 0.014858 0.0013931
0.00068416 0.00036179 0.014854 0.0013964
0.00068684 0.00036353 0.01485 0.0013997
0.0006895 0.00036525 0.014846 0.0014029
0.00069219 0.000367 0.014842 0.0014062
0.00069485 0.00036874 0.014838 0.0014095
0.00069754 0.00037049 0.014834 0.0014128
0.00070024 0.00037227 0.01483 0.001416
0.00070293 0.00037404 0.014826 0.0014193
0.00070561 0.00037579 0.014822 0.0014226
0.00070827 0.00037752 0.014818 0.0014258
0.00071095 0.00037928 0.014814 0.0014291
0.00071362 0.00038102 0.01481 0.0014324
0.0007163 0.00038278 0.014807 0.0014356
0.00071897 0.00038452 0.014803 0.0014389
0.00072166 0.0003863 0.014799 0.0014422
0.00072436 0.0003881 0.014795 0.0014454
0.00072709 0.00038992 0.014791 0.0014487
0.00072984 0.00039173 0.014788 0.001452
0.00073261 0.00039357 0.014784 0.0014553
0.0007354 0.00039544 0.014781 0.0014586
0.00073817 0.00039734 0.014777 0.0014619
0.00074093 0.00039922 0.014773 0.0014652
0.00074371 0.00040113 0.01477 0.0014685
0.00074651 0.00040307 0.014766 0.0014719
0.00074934 0.00040504 0.014763 0.0014752
0.00075215 0.00040699 0.01476 0.0014785
0.00075498 0.00040892 0.014756 0.0014818
0.00075783 0.00041089 0.014753 0.0014852
0.0007607 0.00041288 0.01475 0.0014885
0.0007636 0.00041491 0.014747 0.0014919
0.00076652 0.00041726 0.014744 0.0014953
0.00076947 0.00041958 0.014741 0.0014987
0.00077243 0.00042194 0.014738 0.001502
0.00077542 0.00042433 0.014735 0.0015055
0.00077839 0.0004267 0.014732 0.0015089
0.00078138 0.00042911 0.014729 0.0015123
