Chrysochloris_asiatica Dugong_dugon Echinops_telfairi Elephantulus_edwardii
1.5217e-06 0.0013941 0.3087 2.1203e-05
1.1243e-06 0.0013891 0.30859 2.0591e-05
7.8645e-07 0.0013842 0.30867 2.0126e-05
4.1552e-07 0.0013793 0.30865 1.9582e-05
1.0192e-07 0.0013745 0.30882 1.9178e-05
4.7467e-08 0.0013697 0.30884 1.8726e-05
2.7671e-08 0.0013647 0.30997 1.8157e-05
2.7333e-08 0.0013599 0.31086 1.7523e-05
2.5362e-08 0.0013551 0.3116 1.6785e-05
2.4372e-08 0.0013504 0.31136 1.6278e-05
2.1248e-08 0.0013456 0.31093 1.5512e-05
1.6385e-08 0.0013407 0.31036 1.4608e-05
2.1824e-08 0.0013356 0.30961 1.356e-05
2.517e-08 0.0013308 0.30864 1.331e-05
2.6795e-08 0.0013258 0.30747 1.3004e-05
2.6717e-08 0.0013207 0.3061 1.2633e-05
2.7072e-08 0.0013159 0.30165 1.2367e-05
2.5686e-08 0.0013109 0.29685 1.2043e-05
2.2582e-08 0.0013058 0.29134 1.1653e-05
1.9864e-08 0.0013008 0.27471 1.137e-05
1.7397e-08 0.001296 0.26159 1.0441e-05
1.5096e-08 0.0012914 0.25123 9.7413e-06
1.1198e-08 0.0012867 0.23936 8.9168e-06
1.5128e-08 0.0012819 0.22484 7.928e-06
1.7526e-08 0.001277 0.20843 6.7859e-06
2.0303e-08 0.0012723 0.19596 5.9231e-06
2.3363e-08 0.0012677 0.18613 5.2711e-06
2.7133e-08 0.0012633 0.15748 4.7923e-06
2.9143e-08 0.0012587 0.12463 4.2275e-06
2.7431e-08 0.0012544 0.076445 3.8145e-06
3.3155e-08 0.0012499 0.060774 3.321e-06
3.989e-08 0.0012456 0.048668 2.9581e-06
4.7639e-08 0.0012415 0.039049 2.683e-06
5.6883e-08 0.0012375 0.031585 2.4817e-06
6.7671e-08 0.0012336 0.025637 2.3312e-06
7.6056e-08 0.0012297 0.018873 2.1514e-06
8.1879e-08 0.0012257 0.017836 1.9414e-06
8.9797e-08 0.0012218 0.014647 1.7889e-06
9.9513e-08 0.0012179 0.012112 1.6757e-06
1.1132e-07 0.001214 0.010095 1.5937e-06
1.2559e-07 0.0012103 0.0084893 1.5368e-06
1.4277e-07 0.0012068 0.0072129 1.5011e-06
1.6397e-07 0.0011942 0.0062268 1.4865e-06
1.8184e-07 0.0011815 0.0051139 1.4601e-06
2.0415e-07 0.0011691 0.004255 1.4538e-06
2.3179e-07 0.001157 0.0035925 1.4671e-06
2.6583e-07 0.0011453 0.0030817 1.5012e-06
3.0672e-07 0.0011339 0.0026781 1.5567e-06
3.5685e-07 0.0011227 0.002368 1.6412e-06
4.1824e-07 0.0011119 0.0021309 1.7628e-06
4.9518e-07 0.0011014 0.0014069 1.9336e-06
5.4969e-07 0.0010912 0.0012482 2.0497e-06
5.6262e-07 0.0010812 0.001163 2.0715e-06
5.8105e-07 0.0010715 0.0010991 2.1164e-06
5.9522e-07 0.0010617 0.0010222 2.147e-06
6.0533e-07 0.0010517 0.00093163 2.1642e-06
6.2074e-07 0.001042 0.0008616 2.2036e-06
6.3166e-07 0.0010321 0.00077773 2.2279e-06
6.3818e-07 0.0010221 0.00067858 2.2375e-06
6.4073e-07 0.001012 0.00056407 2.234e-06
6.4911e-07 0.0010021 0.00047577 2.2547e-06
6.5304e-07 0.00099214 0.00037207 2.2606e-06
6.5405e-07 0.000982 0.00025207 2.2528e-06
6.6112e-07 0.00097214 0.00015887 2.27e-06
6.6332e-07 0.00096212 5.6407e-05 2.2716e-06
6.5782e-07 0.00095194 3.9466e-05 2.253e-06
6.4759e-07 0.0009416 1.7561e-05 2.2183e-06
6.3013e-07 0.00093111 1.6355e-05 2.1638e-06
6.0803e-07 0.00092047 1.2316e-05 2.0927e-06
5.9202e-07 0.0009101 8.3054e-06 1.8265e-06
5.8225e-07 0.00090001 4.2598e-06 1.6329e-06
5.6723e-07 0.00088978 6.7711e-06 1.4061e-06
5.5758e-07 0.00087981 8.7438e-06 1.2355e-06
5.4379e-07 0.00086969 8.1922e-06 1.0358e-06
5.2473e-07 0.00085945 1.9991e-05 8.0304e-07
5.1174e-07 0.00084948 3.3966e-05 6.3182e-07
5.043e-07 0.00083977 5.1068e-05 5.06e-07
4.926e-07 0.00082992 6.3628e-05 3.5621e-07
4.8621e-07 0.00082031 5.6581e-05 2.4222e-07
4.844e-07 0.00081094 5.1394e-05 1.5525e-07
4.3992e-07 0.00080182 4.8374e-05 9.081e-08
3.893e-07 0.00079258 4.1778e-05 8.7825e-08
2.2992e-07 0.00078356 3.7135e-05 5.7549e-08
2.0611e-07 0.00077442 2.8394e-05 2.0379e-08
1.7826e-07 0.00076516 1.5993e-05 1.6655e-08
1.4272e-07 0.00075576 1.7988e-05 2.6877e-08
1.3456e-07 0.00074663 1.3997e-05 6.201e-08
1.2198e-07 0.00073736 2.2495e-05 8.8612e-08
1.0644e-07 0.00073871 2.8279e-05 1.1105e-07
5.13e-08 0.00074018 3.5609e-05 1.4195e-07
4.3591e-08 0.00074157 3.87e-05 1.6557e-07
4.0962e-08 0.00074307 4.8573e-05 1.689e-07
3.6492e-08 0.0007445 5.4702e-05 1.6713e-07
3.2922e-08 0.00074605 6.3205e-05 1.7104e-07
3.0246e-08 0.00074823 7.5004e-05 1.4513e-07
2.8054e-08 0.00075052 9.0029e-05 1.2626e-07
2.6424e-08 0.00075293 0.00010985 1.1373e-07
2.3141e-08 0.00075527 0.0001246 9.6001e-08
2.0365e-08 0.00075772 0.00014478 8.3796e-08
1.7983e-08 0.0007603 0.0001718 7.5946e-08
2.7226e-08 0.0007628 0.00019049 6.3366e-08
4.162e-08 0.00076521 0.00018197 5.8316e-08
4.9666e-08 0.00076754 0.0002086 4.8906e-08
5.9388e-08 0.00077 0.00024436 4.2463e-08
6.6728e-08 0.00077237 0.00027226 6.2738e-08
7.5613e-08 0.00077485 0.00030904 8.8893e-08
8.2066e-08 0.00077726 0.00033757 1.0882e-07
8.6153e-08 0.00077981 0.00035838 1.2301e-07
1.3119e-07 0.00078229 0.00036902 1.3138e-07
1.8576e-07 0.00078489 0.00038836 1.4554e-07
2.3431e-07 0.00078742 0.00040087 1.545e-07
2.9469e-07 0.00079007 0.00036724 1.6952e-07
3.4846e-07 0.00079264 0.00032541 1.791e-07
3.9457e-07 0.00079514 0.00035527 1.8341e-07
4.2113e-07 0.00079757 0.0003657 1.9482e-07
4.5382e-07 0.00080009 0.00038323 2.1241e-07
4.8198e-07 0.00080256 0.00039443 2.2435e-07
5.1731e-07 0.00080512 0.00035462 2.4286e-07
5.4672e-07 0.00080763 0.00039261 2.555e-07
5.7213e-07 0.00081007 0.00042387 2.6302e-07
5.9388e-07 0.00081247 0.00044902 4.094e-07
6.211e-07 0.00081495 0.00048246 4.3669e-07
6.5296e-07 0.00081751 0.00052309 4.7156e-07
6.9014e-07 0.00082015 0.00057236 5.157e-07
7.2439e-07 0.00082276 0.0006164 5.5463e-07
7.6396e-07 0.00082543 0.00066924 6.0319e-07
8.0088e-07 0.00082808 0.00071724 6.469e-07
8.4274e-07 0.00083079 0.0007736 6.9991e-07
8.8167e-07 0.00083347 0.00082459 7.4747e-07
9.1794e-07 0.00083612 0.0008707 7.9013e-07
9.5998e-07 0.00083884 0.00092668 8.4383e-07
9.9902e-07 0.00084153 0.00097712 8.9187e-07
1.0443e-06 0.00084429 0.0010384 9.5221e-07
1.0964e-06 0.00084712 0.0011121 1.027e-06
1.1555e-06 0.00085003 0.0011986 1.1171e-06
1.2106e-06 0.0008529 0.0012775 1.1988e-06
1.2748e-06 0.00085585 0.0013738 1.3017e-06
1.3335e-06 0.00085875 0.0014593 1.3922e-06
1.3858e-06 0.00086159 0.0015325 1.4687e-06
1.4067e-06 0.00086455 0.0015613 1.4907e-06
1.4439e-06 0.00086743 0.0016184 1.5004e-06
1.4768e-06 0.00087025 0.0016635 1.4992e-06
1.5191e-06 0.00087318 0.0017264 1.5144e-06
1.5552e-06 0.00087603 0.0017773 1.5186e-06
1.5854e-06 0.00087882 0.0018168 1.5119e-06
1.6255e-06 0.00088172 0.0018755 1.523e-06
1.6596e-06 0.00088455 0.0019224 1.5233e-06
1.704e-06 0.00088749 0.0018568 1.5397e-06
1.7421e-06 0.00089036 0.0017775 1.5451e-06
1.7916e-06 0.00089312 0.0017209 1.5697e-06
1.764e-06 0.000896 0.0016862 1.6147e-06
1.7449e-06 0.00089898 0.0016662 1.6799e-06
1.7201e-06 0.0009019 0.0016361 1.7321e-06
1.6896e-06 0.00090474 0.0015956 1.7724e-06
1.6675e-06 0.0009077 0.0015696 1.8322e-06
1.6401e-06 0.00091059 0.0015343 1.8804e-06
1.6481e-06 0.0009134 0.0015489 2.0557e-06
1.6513e-06 0.00091616 0.0015547 2.2095e-06
1.6638e-06 0.00091903 0.0014437 2.4155e-06
1.5983e-06 0.00092202 0.0013694 2.4499e-06
1.5424e-06 0.00092511 0.0013097 2.5042e-06
1.4817e-06 0.00092814 0.0012421 2.5479e-06
1.4291e-06 0.00093126 0.0011867 2.6105e-06
1.3722e-06 0.00093433 0.0011243 3.391e-06
1.3236e-06 0.00093749 0.001074 4.3415e-06
1.2716e-06 0.00094062 0.001018 5.2366e-06
1.2162e-06 0.00094371 0.00095648 6.0843e-06
1.1575e-06 0.00094677 0.00088938 6.8892e-06
1.1056e-06 0.0009499 0.00083218 7.8373e-06
1.0598e-06 0.00095311 0.00078373 8.9533e-06
1.0108e-06 0.00095628 0.00073003 1.0009e-05
9.5881e-07 0.00095942 0.00067137 1.1015e-05
9.0382e-07 0.00096253 0.00060766 1.1972e-05
8.549e-07 0.00096571 0.00055258 1.3098e-05
8.0306e-07 0.00096885 0.00049267 1.417e-05
7.5757e-07 0.00097208 0.00044163 1.5456e-05
7.178e-07 0.00097539 0.00039827 1.6995e-05
6.8324e-07 0.00097879 0.00036159 1.884e-05
6.4613e-07 0.00098215 0.00032082 2.0596e-05
6.1398e-07 0.0009856 0.00028624 2.2704e-05
5.8648e-07 0.00098011 0.00025715 2.5242e-05
5.6326e-07 0.00097474 0.00023288 2.5758e-05
5.4353e-07 0.00096947 0.00021223 2.6402e-05
5.2135e-07 0.00096415 0.00018788 2.7002e-05
5.0234e-07 0.00095893 0.00016668 2.7722e-05
4.8625e-07 0.0009538 0.00014816 2.8583e-05
4.6806e-07 0.00094864 0.00012645 2.9396e-05
4.4774e-07 0.00094343 0.00010149 3.0164e-05
4.2511e-07 0.00093819 7.3033e-05 3.0885e-05
3.9952e-07 0.00093291 8.7892e-05 3.1564e-05
3.7704e-07 0.00092772 0.00010439 3.2378e-05
3.5233e-07 0.00092249 0.00011786 3.3146e-05
3.3105e-07 0.00091737 0.00013373 3.4085e-05
3.1289e-07 0.00091236 0.00015253 3.5234e-05
2.9236e-07 0.0009073 0.00016767 3.6304e-05
2.6924e-07 0.00090218 0.00017907 3.7296e-05
2.4954e-07 0.00089719 0.00019395 3.8525e-05
2.2707e-07 0.00089233 0.00020463 3.9652e-05
2.0037e-07 0.00088757 0.00021016 4.0402e-05
1.7743e-07 0.00088294 0.00021947 4.1343e-05
1.5735e-07 0.00087841 0.00023233 4.2497e-05
1.7714e-07 0.00087355 0.0002399 4.3562e-05
1.9441e-07 0.00086864 0.00024325 4.4544e-05
2.1464e-07 0.00086384 0.00025058 4.5761e-05
2.3231e-07 0.00085899 0.0002537 4.6888e-05
2.4748e-07 0.00085408 0.00025262 4.7932e-05
2.653e-07 0.00084928 0.00025503 4.802e-05
2.8069e-07 0.00084442 0.00025342 4.8078e-05
2.9897e-07 0.00083967 0.00025538 4.8214e-05
3.2058e-07 0.00083503 0.00026108 4.8434e-05
3.4623e-07 0.0008305 0.00027103 4.805e-05
3.6838e-07 0.0008259 0.00027608 4.7612e-05
3.8713e-07 0.00082124 0.00027619 4.7114e-05
3.9918e-07 0.00081671 0.00026802 4.6759e-05
4.082e-07 0.00081211 0.00025487 4.6349e-05
4.2155e-07 0.00080764 0.00024742 4.6072e-05
4.2232e-07 0.00080334 0.00022426 4.5928e-05
4.2699e-07 0.00079916 0.00020714 4.5883e-05
4.3575e-07 0.00079511 0.00019526 4.5937e-05
4.4905e-07 0.00079094 0.00018821 4.5487e-05
4.2713e-07 0.00078692 0.00018668 4.5197e-05
4.1104e-07 0.00078304 0.00019017 4.504e-05
3.9964e-07 0.00077929 0.00019827 4.4217e-05
3.8413e-07 0.00077546 0.0002008 4.3241e-05
3.6431e-07 0.00077153 0.00019779 4.2089e-05
3.9664e-07 0.00076752 0.00018764 4.0727e-05
4.3716e-07 0.00076364 0.00018289 3.6634e-05
4.3819e-07 0.00075991 0.00018414 3.3635e-05
4.3523e-07 0.0007561 0.00017995 3.325e-05
4.3717e-07 0.00075242 0.0001808 3.1954e-05
4.5549e-07 0.00074888 0.00015584 2.9154e-05
4.6401e-07 0.00074549 0.00017005 2.5483e-05
4.773e-07 0.00074222 0.00018958 2.2704e-05
4.8629e-07 0.00073887 0.00020301 1.9446e-05
4.9143e-07 0.00073544 0.00021103 1.5692e-05
5.0529e-07 0.00073194 0.00022811 8.6769e-06
5.2454e-07 0.00072856 0.00025175 3.6415e-06
5.3718e-07 0.0007253 0.00026675 1.9294e-06
5.4533e-07 0.00072195 0.00027531 1.6803e-06
5.5936e-07 0.00071874 0.00029101 1.4992e-06
5.6919e-07 0.00071545 0.00030057 1.5153e-06
5.8442e-07 0.00071227 0.00031673 1.5509e-06
5.9538e-07 0.00070903 0.00032661 1.5738e-06
5.7763e-07 0.0007059 0.00036158 1.6738e-06
5.5492e-07 0.00070268 0.00038825 1.7536e-06
5.3778e-07 0.00069958 0.00042415 1.8641e-06
5.1627e-07 0.00069641 0.00045204 1.9549e-06
4.9027e-07 0.00069316 0.00047246 2.0282e-06
4.5956e-07 0.00068984 0.00048576 2.0856e-06
4.353e-07 0.00068664 0.00050825 2.1723e-06
4.0655e-07 0.00068337 0.00052332 2.2416e-06
3.8387e-07 0.00068022 0.00054831 2.3439e-06
3.5714e-07 0.000677 0.0005659 2.4279e-06
3.3861e-07 0.00067371 0.0005987 2.4476e-06
3.1574e-07 0.00067056 0.00062223 2.4512e-06
2.9827e-07 0.00066754 0.0006588 2.337e-06
2.7561e-07 0.00066519 0.000951 2.194e-06
2.4777e-07 0.00066277 0.0011985 2.2323e-06
2.2974e-07 0.00066028 0.0015702 2.2129e-06
2.0811e-07 0.00065772 0.0018967 2.1792e-06
1.9104e-07 0.00065527 0.0023215 2.1709e-06
1.7025e-07 0.00065275 0.0026895 2.1542e-06
1.5317e-07 0.00065033 0.0031558 2.1595e-06
1.3253e-07 0.00064783 0.00356 2.1498e-06
1.1535e-07 0.00064544 0.004073 2.162e-06
9.4726e-08 0.00064289 0.004517 2.4848e-06
7.7335e-08 0.00064044 0.0050818 2.5746e-06
6.3391e-08 0.0006381 0.005251 2.7076e-06
7.1167e-08 0.0006357 0.0053842 2.8172e-06
7.6773e-08 0.00063323 0.0054934 2.9062e-06
8.0253e-08 0.00063069 0.0055801 3.6633e-06
8.5349e-08 0.00062827 0.0057115 3.8965e-06
8.8313e-08 0.00062578 0.0058191 4.0958e-06
8.7018e-08 0.00062339 0.0058789 4.3639e-06
8.3736e-08 0.00062094 0.0059208 4.5991e-06
8.1576e-08 0.00061858 0.005994 4.6041e-06
7.7734e-08 0.00061617 0.0060533 4.597e-06
7.2356e-08 0.00061373 0.0061015 4.58e-06
6.5467e-08 0.00061125 0.0061394 4.5535e-06
8.9197e-08 0.00060874 0.0061624 4.5176e-06
1.1511e-07 0.00060629 0.0062064 4.5019e-06
1.3894e-07 0.00060381 0.0062402 4.4769e-06
1.6509e-07 0.00060139 0.0062951 4.4713e-06
1.8913e-07 0.00059893 0.0063399 4.4566e-06
2.1606e-07 0.00059653 0.006409 4.4635e-06
2.4631e-07 0.0005942 0.0065043 4.4921e-06
2.7421e-07 0.00059184 0.0065883 4.5114e-06
3.0575e-07 0.00058954 0.0067003 4.5533e-06
2.9663e-07 0.00058721 0.00687 4.6428e-06
2.8554e-07 0.00058484 0.0070256 4.721e-06
2.7258e-07 0.00058244 0.0071692 4.7894e-06
2.6165e-07 0.0005801 0.0070368 4.8818e-06
2.4886e-07 0.00057772 0.0068923 4.9637e-06
2.3804e-07 0.00057541 0.0067776 5.0731e-06
2.2541e-07 0.00057307 0.0066519 5.1719e-06
2.1098e-07 0.00057069 0.0065148 5.2603e-06
1.9842e-07 0.00056838 0.0064062 5.3773e-06
1.8733e-07 0.00056612 0.0063209 5.5232e-06
1.745e-07 0.00056382 0.0062255 5.657e-06
1.633e-07 0.00056159 0.0061549 5.826e-06
1.5045e-07 0.00055933 0.0060752 5.983e-06
1.3895e-07 0.00055712 0.0060172 6.1754e-06
1.2563e-07 0.00055487 0.0059485 6.3526e-06
1.1379e-07 0.00055269 0.005903 6.5705e-06
9.9925e-08 0.00055047 0.0058447 8.8391e-06
8.3913e-08 0.0005482 0.0057725 1.0972e-05
6.995e-08 0.00054601 0.0057293 1.1427e-05
5.7748e-08 0.0005439 0.0057134 1.1989e-05
4.7119e-08 0.00054187 0.0057252 1.2064e-05
3.7613e-08 0.0005399 0.0057626 1.218e-05
2.6093e-08 0.00053789 0.0057841 1.2274e-05
1.5841e-08 0.00052677 0.0058356 1.2096e-05
1.8212e-08 0.00051554 0.0058668 1.1893e-05
2.0594e-08 0.00050453 0.0059245 1.1741e-05
2.3035e-08 0.00049373 0.0060106 1.1633e-05
2.5591e-08 0.00048314 0.0061281 1.1564e-05
2.8456e-08 0.00047277 0.006286 1.1059e-05
3.1719e-08 0.00046262 0.0064921 8.8654e-06
3.5622e-08 0.00045269 0.0064628 7.0806e-06
3.998e-08 0.00044294 0.0064613 5.5949e-06
4.2647e-08 0.0004331 0.0064435 3.9943e-06
4.5813e-08 0.00042311 0.0064536 2.6656e-06
4.7265e-08 0.00042319 0.006447 1.2298e-06
4.7218e-08 0.00042323 0.006422 1.0692e-06
4.5695e-08 0.00042324 0.0063847 8.951e-07
4.4535e-08 0.00042329 0.0063731 7.524e-07
4.2008e-08 0.00042332 0.0063511 5.9906e-07
3.9753e-08 0.00042339 0.0063533 4.7214e-07
3.6117e-08 0.00042343 0.0063447 3.3499e-07
3.1093e-08 0.00042344 0.0063253 1.8697e-07
4.2724e-08 0.00042343 0.0062719 1.7272e-07
5.534e-08 0.00042346 0.0062428 1.6207e-07
6.6324e-08 0.00042346 0.0062032 1.4802e-07
7.5705e-08 0.00042343 0.0061529 1.305e-07
8.5915e-08 0.00042344 0.006124 1.1594e-07
9.447e-08 0.00042342 0.0060844 9.7964e-08
1.0144e-07 0.00042337 0.0060344 7.6573e-08
1.0954e-07 0.00042337 0.0060092 5.8683e-08
1.1875e-07 0.00042341 0.0060058 4.3189e-08
1.2956e-07 0.0004235 0.006028 3.0026e-08
1.4243e-07 0.00042365 0.0060789 1.8813e-08
1.5816e-07 0.00042386 0.0061658 9.3433e-09
1.7084e-07 0.00042402 0.00623 1.2071e-08
1.8707e-07 0.00042412 0.0063371 5.3305e-09
1.9994e-07 0.00042431 0.0064185 7.1086e-09
2.0866e-07 0.00042445 0.0071917 6.7708e-09
2.1446e-07 0.00042454 0.0078729 1.7096e-08
2.1139e-07 0.00042469 0.0083192 2.993e-08
2.0597e-07 0.00042481 0.0087225 3.9512e-08
1.9852e-07 0.00042489 0.0090953 4.6298e-08
1.927e-07 0.00042502 0.0095391 5.4177e-08
1.8499e-07 0.00042511 0.0099638 5.9338e-08
1.7547e-07 0.00042518 0.010363 6.1902e-08
1.6735e-07 0.00042529 0.01083 6.5765e-08
1.575e-07 0.00042537 0.011271 6.7032e-08
1.4882e-07 0.00042549 0.011783 6.9131e-08
1.3849e-07 0.00042558 0.012267 6.8692e-08
1.2924e-07 0.00042571 0.012828 6.9062e-08
1.2115e-07 0.00042588 0.013486 7.0516e-08
1.141e-07 0.00042608 0.014258 7.31e-08
1.0792e-07 0.00042633 0.014344 7.6617e-08
1.0023e-07 0.00042654 0.014417 7.7573e-08
9.1031e-08 0.00042674 0.014477 7.5976e-08
8.2551e-08 0.00042696 0.014568 7.5297e-08
7.2585e-08 0.00042716 0.014647 7.2075e-08
6.3433e-08 0.00042741 0.014761 7.0007e-08
5.2779e-08 0.00042763 0.016541 6.5506e-08
4.2848e-08 0.00042788 0.018614 6.2081e-08
3.3503e-08 0.00042818 0.021032 5.9621e-08
2.4487e-08 0.00042851 0.023809 5.7801e-08
1.4108e-08 0.00042882 0.026457 5.3528e-08
4.1133e-09 0.00042917 0.029546 5.009e-08
4.0865e-09 0.00042949 0.032414 4.4287e-08
3.4043e-09 0.00042985 0.035712 3.8994e-08
1.6665e-09 0.00043019 0.038855 3.1289e-08
2.7493e-09 0.0004305 0.041263 4.5067e-08
2.7929e-09 0.00043079 0.043557 5.6202e-08
1.0638e-08 0.00043105 0.045662 6.4724e-08
1.8592e-08 0.00043135 0.04812 7.4701e-08
2.5266e-08 0.00043162 0.050463 8.202e-08
3.2119e-08 0.00043194 0.053198 9.0987e-08
3.771e-08 0.00043223 0.055819 9.7353e-08
4.3427e-08 0.00043256 0.058834 1.052e-07
4.9341e-08 0.00043292 0.062301 1.1476e-07
5.5531e-08 0.00043332 0.06629 1.263e-07
6.2094e-08 0.00043376 0.070888 1.4018e-07
6.7247e-08 0.00043417 0.075276 1.5102e-07
6.7882e-08 0.00043463 0.078516 1.6642e-07
6.7009e-08 0.00043505 0.081579 1.7826e-07
6.672e-08 0.00043553 0.085199 1.9406e-07
6.6905e-08 0.00043605 0.089425 1.6704e-07
6.5532e-08 0.00043653 0.093402 1.3553e-07
6.4784e-08 0.00043707 0.098124 1.0974e-07
6.4801e-08 0.00043766 0.09916 8.8662e-08
6.3226e-08 0.00043822 0.10011 6.3555e-08
6.2324e-08 0.00043882 0.10129 4.2715e-08
6.1979e-08 0.00043949 0.10271 2.4862e-08
5.9849e-08 0.0004401 0.104 2.9898e-08
5.8578e-08 0.00044078 0.10562 3.6156e-08
5.8279e-08 0.00044152 0.1076 4.3713e-08
5.8629e-08 0.00044232 0.11004 5.2993e-08
5.7189e-08 0.00044307 0.11223 5.878e-08
5.6429e-08 0.00044376 0.11492 6.657e-08
5.3848e-08 0.0004444 0.11734 7.0699e-08
5.2153e-08 0.00044511 0.12039 7.7544e-08
5.1357e-08 0.00044589 0.12429 6.213e-08
5.1469e-08 0.0004466 0.12928 5.0628e-08
5.2514e-08 0.00044738 0.1357 4.2167e-08
5.9537e-08 0.00044823 0.13857 4.1389e-08
6.4393e-08 0.00044902 0.14107 3.7103e-08
7.0711e-08 0.00044989 0.14433 3.4639e-08
6.4754e-08 0.00045083 0.14555 3.3548e-08
5.6677e-08 0.00045172 0.14661 2.9265e-08
4.6413e-08 0.00045256 0.14752 2.1709e-08
3.3861e-08 0.00045335 0.1483 3.1602e-08
1.8919e-08 0.00045408 0.14897 3.7977e-08
1.8972e-08 0.00045476 0.14946 4.073e-08
1.9404e-08 0.00045551 0.15017 4.524e-08
1.8319e-08 0.00045621 0.15076 4.6277e-08
2.8448e-08 0.00045685 0.15115 4.2937e-08
3.6546e-08 0.00045744 0.15145 6.9769e-08
4.2702e-08 0.00045798 0.15166 9.0991e-08
4.6972e-08 0.00045847 0.15178 1.0704e-07
4.9116e-08 0.00045904 0.15436 1.1819e-07
5.1998e-08 0.00045967 0.15759 1.3393e-07
5.3007e-08 0.00046026 0.16045 1.4454e-07
5.2268e-08 0.00046079 0.16302 1.5062e-07
4.978e-08 0.00046129 0.16532 1.5227e-07
4.5423e-08 0.00046173 0.16736 1.492e-07
4.1765e-08 0.00046224 0.16991 1.5009e-07
3.6253e-08 0.00046282 0.17216 1.4616e-07
3.1535e-08 0.00046348 0.17504 1.4667e-07
2.5132e-08 0.00046409 0.17763 1.4292e-07
1.9413e-08 0.00046477 0.18092 1.435e-07
2.5663e-08 0.00046553 0.18371 1.3948e-07
3.2666e-08 0.00046637 0.18724 1.397e-07
3.7865e-08 0.00046715 0.19039 1.3685e-07
4.3726e-08 0.000468 0.19429 1.3845e-07
4.7821e-08 0.0004688 0.1978 1.3587e-07
5.021e-08 0.00046955 0.20098 1.2917e-07
5.314e-08 0.00047036 0.20485 7.4349e-08
5.4224e-08 0.00047113 0.20832 7.2178e-08
5.3762e-08 0.00047187 0.21155 6.6911e-08
5.3741e-08 0.00047265 0.2154 6.3259e-08
5.4222e-08 0.00047349 0.21611 6.0969e-08
5.3312e-08 0.0004743 0.21676 5.6022e-08
5.2701e-08 0.00047515 0.21758 5.2131e-08
5.0742e-08 0.00047598 0.21835 4.5701e-08
4.8928e-08 0.00047685 0.21927 3.9913e-08
4.5823e-08 0.00047769 0.22015 3.1729e-08
4.2841e-08 0.00047849 0.2212 2.4048e-08
3.8535e-08 0.00047927 0.22219 1.3938e-08
3.4433e-08 0.00048009 0.22339 4.3666e-09
2.901e-08 0.00048088 0.22451 5.6501e-09
2.2306e-08 0.00048165 0.22557 2.7755e-08
1.5661e-08 0.00048246 0.22683 5.2391e-08
2.2382e-08 0.00048324 0.22797 7.3812e-08
2.7828e-08 0.00048399 0.22904 9.214e-08
3.2045e-08 0.00048472 0.23005 1.0759e-07
3.6357e-08 0.0004855 0.23127 1.2597e-07
3.9429e-08 0.00048625 0.23244 1.4137e-07
4.1228e-08 0.00048697 0.23353 1.5367e-07
4.3172e-08 0.00048774 0.23316 1.6914e-07
4.5266e-08 0.00048856 0.23292 1.8831e-07
4.6101e-08 0.00048942 0.23264 2.0426e-07
4.7107e-08 0.00049023 0.23249 2.2451e-07
4.682e-08 0.00049102 0.2323 2.4125e-07
4.528e-08 0.00049178 0.23208 2.5473e-07
4.3895e-08 0.00049259 0.23198 2.7255e-07
4.1229e-08 0.00049338 0.23184 2.8683e-07
3.7278e-08 0.00049413 0.23166 2.9762e-07
5.889e-08 0.00049486 0.23142 3.0514e-07
8.217e-08 0.00049564 0.2313 3.1642e-07
1.0166e-07 0.00049645 0.23107 3.3253e-07
1.2278e-07 0.00049731 0.23095 3.5315e-07
1.4209e-07 0.00049814 0.2308 3.7e-07
1.596e-07 0.00049895 0.23061 3.8314e-07
1.7534e-07 0.00049972 0.23037 3.926e-07
1.9301e-07 0.00050055 0.23027 4.0726e-07
2.1254e-07 0.00050141 0.23027 4.2684e-07
2.3029e-07 0.00050225 0.23024 4.4277e-07
2.5037e-07 0.00050314 0.23033 4.6473e-07
2.7306e-07 0.00050407 0.23055 4.9343e-07
2.9385e-07 0.00050497 0.23073 5.1815e-07
3.1747e-07 0.00050593 0.23104 5.5026e-07
3.4383e-07 0.00050692 0.23147 5.8977e-07
3.7325e-07 0.00050795 0.23203 5.5048e-07
4.0606e-07 0.00050903 0.23274 5.1861e-07
4.4265e-07 0.00051015 0.23359 4.9334e-07
4.8442e-07 0.00051131 0.23305 4.7485e-07
5.2343e-07 0.00051245 0.23245 4.5214e-07
5.5971e-07 0.00051356 0.23181 4.2508e-07
6.0153e-07 0.00051465 0.23133 4.0713e-07
6.4918e-07 0.00051578 0.23099 3.95e-07
7.0263e-07 0.00051695 0.23077 3.8764e-07
7.5267e-07 0.0005181 0.2305 3.7627e-07
7.9931e-07 0.00051922 0.23019 3.6073e-07
7.7853e-07 0.00052039 0.23003 3.5102e-07
7.6198e-07 0.00052161 0.2279 3.462e-07
7.4276e-07 0.0005228 0.22565 3.3735e-07
7.2079e-07 0.00052395 0.22327 3.244e-07
6.9598e-07 0.00052508 0.22074 3.0719e-07
6.6811e-07 0.00052617 0.21804 2.8543e-07
6.4486e-07 0.00052732 0.21577 2.6927e-07
6.2698e-07 0.00052852 0.20606 2.5889e-07
6.1365e-07 0.0005298 0.19796 2.5384e-07
5.7853e-07 0.00053103 0.19593 2.438e-07
5.3982e-07 0.00053222 0.19373 2.2931e-07
5.0713e-07 0.00053348 0.19194 2.2016e-07
4.7102e-07 0.0005347 0.19006 2.0682e-07
4.4072e-07 0.00053597 0.1885 1.986e-07
4.0767e-07 0.00053722 0.18684 1.8682e-07
3.7199e-07 0.00053843 0.18509 1.7161e-07
3.4018e-07 0.00053969 0.1836 1.5954e-07
3.1178e-07 0.000541 0.18233 1.5016e-07
2.8641e-07 0.00054236 0.18126 1.4316e-07
2.6397e-07 0.00053642 0.17568 1.3834e-07
2.394e-07 0.00053044 0.16984 1.3055e-07
2.1759e-07 0.00052457 0.16483 1.2508e-07
1.9389e-07 0.00051865 0.15961 1.1689e-07
1.7269e-07 0.00051284 0.15513 1.1081e-07
1.5371e-07 0.00050711 0.1513 1.0664e-07
1.364e-07 0.00050148 0.14797 1.0392e-07
1.173e-07 0.0004958 0.14448 9.8482e-08
1.0001e-07 0.00049022 0.14149 9.4749e-08
1.1831e-07 0.0004846 0.13823 8.8314e-08
1.3824e-07 0.00047906 0.13541 8.3168e-08
1.6002e-07 0.0004736 0.13296 7.9181e-08
1.7999e-07 0.00046811 0.1304 7.2655e-08
2.0202e-07 0.0004627 0.12818 6.7239e-08
2.2692e-07 0.00045739 0.12632 6.3173e-08
2.4977e-07 0.00045203 0.12435 5.6571e-08
2.7568e-07 0.00044677 0.1227 5.1151e-08
3.0509e-07 0.0004416 0.12131 4.6749e-08
2.92e-07 0.00043652 0.12015 4.3027e-08
2.7679e-07 0.00043139 0.11892 3.6718e-08
2.594e-07 0.00042622 0.11759 2.777e-08
2.3989e-07 0.00042101 0.11619 1.6203e-08
2.1808e-07 0.00041575 0.11468 2.2602e-08
1.9943e-07 0.00041059 0.11342 2.9428e-08
1.7859e-07 0.00040538 0.11207 3.3732e-08
1.6012e-07 0.00040025 0.11094 3.8605e-08
1.3932e-07 0.00039508 0.10972 4.0776e-08
1.2083e-07 0.00039 0.10871 4.3687e-08
1.2129e-07 0.00038487 0.10861 4.3578e-08
1.2323e-07 0.00037984 0.10727 4.4669e-08
1.2332e-07 0.00037476 0.10583 4.296e-08
1.2156e-07 0.00036979 0.10428 3.8448e-08
1.1785e-07 0.00036476 0.10259 3.0969e-08
1.47e-07 0.00035968 0.10035 4.3133e-08
1.7331e-07 0.00035455 0.097923 5.2134e-08
2.03e-07 0.00034951 0.095882 6.2786e-08
2.3698e-07 0.00034456 0.086997 7.5554e-08
2.7895e-07 0.00033956 0.07987 8.4875e-08
3.1735e-07 0.00033451 0.072302 9.0938e-08
6.4545e-07 0.00032942 0.063921 9.3777e-08
9.5882e-07 0.00032428 0.055052 9.3633e-08
1.3127e-06 0.00031923 0.047513 9.5317e-08
1.3803e-06 0.00031426 0.041062 9.8487e-08
1.4438e-06 0.00030924 0.034281 9.8859e-08
1.5035e-06 0.0003042 0.027156 9.6469e-08
1.4687e-06 0.00029923 0.021141 9.5753e-08
1.4403e-06 0.00029434 0.015987 9.6637e-08
1.4178e-06 0.00028952 0.011568 9.9133e-08
1.3915e-06 0.00028468 0.011115 9.9049e-08
1.3709e-06 0.00027991 0.01073 1.0058e-07
1.3476e-06 0.00027511 0.010326 9.9545e-08
1.3217e-06 0.00027028 0.009901 9.5952e-08
1.3007e-06 0.00026551 0.0095349 9.3626e-08
1.2843e-06 0.00026081 0.0092203 9.2506e-08
1.2652e-06 0.00025608 0.0088869 8.8753e-08
1.2511e-06 0.00025142 0.008606 8.6465e-08
1.2346e-06 0.00024673 0.0083095 8.1666e-08
1.2234e-06 0.00024211 0.0067799 7.8253e-08
1.2164e-06 0.00023755 0.0054469 7.5829e-08
1.2142e-06 0.00023306 0.0043026 7.461e-08
1.2095e-06 0.00022854 0.003108 7.0941e-08
1.2089e-06 0.00022408 0.0020669 6.8155e-08
1.2131e-06 0.00021969 0.0011732 6.6456e-08
1.2132e-06 0.00021526 0.0010836 6.2103e-08
1.2108e-06 0.00021081 0.0009874 5.5296e-08
1.2058e-06 0.00020633 0.00088364 4.5919e-08
1.1988e-06 0.00020182 0.00077254 3.403e-08
1.1966e-06 0.00019738 0.00067782 2.3309e-08
1.1911e-06 0.0001929 0.00057437 3.1973e-08
1.1903e-06 0.00018849 0.00048581 4.1481e-08
1.187e-06 0.00018405 0.00039097 4.8573e-08
1.1813e-06 0.00017958 0.00028964 5.3265e-08
1.1721e-06 0.00017508 0.0003004 5.5559e-08
1.1672e-06 0.00017065 0.00031439 5.8493e-08
1.1595e-06 0.00016618 0.00032471 5.8914e-08
1.1491e-06 0.00016167 0.00033133 5.6798e-08
1.1436e-06 0.00015724 0.00034203 5.5673e-08
1.1432e-06 0.00015287 0.00035736 5.5601e-08
1.0453e-06 0.00014858 0.00037826 5.6517e-08
9.4053e-07 0.00014424 0.00039403 5.4492e-08
8.4867e-07 0.00013997 0.00041554 5.3621e-08
7.4937e-07 0.00013565 0.00043129 4.9643e-08
6.4167e-07 0.00013128 0.00044125 4.2434e-08
5.2502e-07 0.00012686 0.00044559 3.1917e-08
4.2641e-07 0.00012253 0.00045912 2.338e-08
1.8431e-07 0.00011829 0.00050102 1.642e-08
1.4309e-07 0.00011778 0.0005308 2.3938e-08
1.0826e-07 0.00011729 0.00057199 3.312e-08
7.8718e-08 0.00011683 0.00062681 4.4664e-08
5.3487e-08 0.0001164 0.00069819 5.941e-08
2.4418e-08 0.00011593 0.00075683 6.9584e-08
2.1085e-08 0.00011543 0.0007999 7.5352e-08
1.6142e-08 0.0001149 0.00083368 7.8244e-08
2.2087e-08 0.00011434 0.00085659 7.7458e-08
2.8428e-08 0.0001138 0.00088997 7.8753e-08
3.5409e-08 0.00011329 0.00093596 8.265e-08
4.29e-08 0.00011279 0.00099352 8.8399e-08
4.8818e-08 0.00011227 0.0010437 9.0991e-08
5.5366e-08 0.00011178 0.0011067 9.5658e-08
6.2655e-08 0.0001113 0.0011845 1.0273e-07
6.8371e-08 0.0001108 0.0012545 1.0669e-07
7.4674e-08 0.00011031 0.0013381 1.1252e-07
7.9475e-08 0.00010981 0.0014145 1.1592e-07
8.5062e-08 0.00010932 0.0015073 1.2166e-07
9.1668e-08 0.00010885 0.0014717 1.2997e-07
9.9208e-08 0.00010839 0.001447 1.4103e-07
1.0518e-07 0.00010792 0.0014166 1.4895e-07
1.0967e-07 0.00010742 0.0013807 1.5394e-07
1.1489e-07 0.0001069 0.001354 1.6122e-07
1.1857e-07 0.00010636 0.0013218 1.6542e-07
1.2318e-07 0.00010584 0.0012993 1.7242e-07
1.2859e-07 0.00010532 0.0012851 1.8196e-07
1.3507e-07 0.00010483 0.0012799 1.9481e-07
1.4272e-07 0.00010435 0.0012836 2.1142e-07
1.5184e-07 0.00010388 0.0011394 2.3243e-07
1.6245e-07 0.00010343 0.001017 2.0508e-07
1.747e-07 0.000103 0.00091323 1.8283e-07
1.8854e-07 0.00010258 0.0008239 1.6436e-07
2.0419e-07 0.00010217 0.00074735 1.4922e-07
2.2188e-07 0.00010178 0.00068197 1.3698e-07
2.3754e-07 0.00010136 0.00061044 1.2152e-07
2.5582e-07 0.00010096 0.00055065 1.0925e-07
2.7184e-07 0.00010055 0.00048446 9.3632e-08
2.9071e-07 0.00010014 0.00042902 8.0911e-08
3.1287e-07 9.9758e-05 0.00038287 7.064e-08
3.326e-07 9.9388e-05 0.00033138 5.7357e-08
3.4043e-07 9.8996e-05 0.00024778 6.4377e-08
3.461e-07 9.8583e-05 0.00015695 6.858e-08
3.5421e-07 9.8185e-05 7.8735e-05 7.4245e-08
3.596e-07 9.7766e-05 7.6894e-05 7.7145e-08
3.6311e-07 9.7328e-05 7.2399e-05 7.7467e-08
3.6892e-07 9.6904e-05 6.8773e-05 7.9142e-08
3.7677e-07 9.6491e-05 6.5651e-05 8.1902e-08
3.8675e-07 9.609e-05 6.2962e-05 8.5814e-08
3.9898e-07 9.57e-05 6.065e-05 9.0993e-08
4.1364e-07 9.5321e-05 5.8678e-05 9.7602e-08
4.2611e-07 9.4922e-05 5.4079e-05 1.0138e-07
4.4161e-07 9.4538e-05 5.0071e-05 1.0714e-07
4.6053e-07 9.4168e-05 4.6627e-05 1.1524e-07
4.7669e-07 9.3776e-05 4.0365e-05 1.1998e-07
4.9698e-07 9.3402e-05 3.4843e-05 1.277e-07
5.2197e-07 9.3047e-05 2.9899e-05 1.3892e-07
5.4371e-07 9.2667e-05 2.2177e-05 1.4633e-07
5.7126e-07 9.231e-05 1.5174e-05 1.5828e-07
5.9256e-07 9.1978e-05 2.2333e-05 1.6487e-07
6.2022e-07 9.1669e-05 3.0406e-05 1.7805e-07
6.5698e-07 9.1385e-05 4.0507e-05 1.6229e-07
6.4935e-07 9.1124e-05 5.3184e-05 1.522e-07
6.3746e-07 9.0833e-05 6.1908e-05 1.3683e-07
6.3172e-07 9.0569e-05 7.3541e-05 1.2733e-07
6.3191e-07 9.0333e-05 8.8877e-05 1.2281e-07
6.2761e-07 9.0064e-05 9.9387e-05 1.1326e-07
6.1914e-07 8.9765e-05 0.00010554 9.8836e-08
6.1672e-07 8.9494e-05 0.00011596 8.9398e-08
6.1949e-07 8.9245e-05 0.00013019 8.3503e-08
6.2752e-07 8.902e-05 0.00014904 8.07e-08
6.3139e-07 8.8765e-05 0.00016261 7.3803e-08
6.4138e-07 8.8537e-05 0.0001821 3.7298e-08
6.4709e-07 8.8279e-05 0.00019598 3.6563e-08
6.591e-07 8.8048e-05 0.00021643 3.7578e-08
6.779e-07 8.7844e-05 0.00024485 4.0445e-08
6.9149e-07 8.7608e-05 0.00026616 3.9281e-08
7.1134e-07 8.7394e-05 0.00029515 3.9652e-08
6.8845e-07 8.7208e-05 0.00033675 4.1955e-08
6.7201e-07 8.7044e-05 0.0003905 4.599e-08
6.509e-07 8.685e-05 0.00043487 4.6549e-08
6.367e-07 8.6683e-05 0.00049459 4.932e-08
6.2813e-07 8.6538e-05 0.00057145 5.4135e-08
6.1508e-07 8.6417e-05 0.00064018 5.5281e-08
5.9762e-07 8.6264e-05 0.00069742 5.2811e-08
5.865e-07 8.6136e-05 0.00077479 5.2775e-08
5.8127e-07 8.6035e-05 0.00087764 5.5167e-08
5.7307e-07 8.5902e-05 0.00096309 5.373e-08
5.7058e-07 8.5794e-05 0.001077 5.4744e-08
5.6319e-07 8.5655e-05 0.0018575 5.193e-08
5.6143e-07 8.5542e-05 0.0028705 5.1531e-08
5.6525e-07 8.5455e-05 0.0041867 5.3516e-08
5.647e-07 8.8716e-05 0.0053319 5.1685e-08
5.705e-07 9.206e-05 0.0057093 5.2274e-08
5.7228e-07 9.535e-05 0.006038 4.928e-08
5.8009e-07 9.8722e-05 0.0061071 4.8634e-08
5.9333e-07 0.00010218 0.0062247 4.9878e-08
6.0233e-07 0.00010574 0.0063181 4.7589e-08
6.179e-07 0.00010938 0.0062373 4.7547e-08
6.4042e-07 0.00011312 0.0062008 4.9735e-08
6.5833e-07 0.00011695 0.0061437 4.8427e-08
6.8253e-07 0.00012088 0.0061206 4.8917e-08
7.1373e-07 0.00012488 0.00613 5.1217e-08
7.5285e-07 0.00012898 0.0061725 5.549e-08
7.825e-07 0.00013317 0.0061841 5.1442e-08
8.2113e-07 0.00013747 0.0062329 4.9745e-08
8.7018e-07 0.00014187 0.0063219 5.0243e-08
9.3016e-07 0.00014637 0.006452 5.3295e-08
9.8227e-07 0.00015079 0.0065553 5.262e-08
1.0277e-06 0.00015516 0.0066357 4.8396e-08
1.0853e-06 0.00015963 0.006762 4.6459e-08
1.135e-06 0.00016404 0.0068613 4.0836e-08
1.198e-06 0.00016855 0.0070103 3.7338e-08
1.2749e-06 0.00017317 0.0072126 3.5913e-08
1.3683e-06 0.0001779 0.0074795 3.6422e-08
1.4811e-06 0.00018273 0.0078257 3.8309e-08
1.5823e-06 0.0001875 0.0081267 3.6929e-08
1.7038e-06 0.00019237 0.0085131 3.6881e-08
1.8136e-06 0.00019718 0.0088524 3.3641e-08
1.945e-06 0.0002021 0.0092848 3.1639e-08
2.064e-06 0.00020694 0.0096658 2.6503e-08
2.2063e-06 0.0002119 0.01015 2.2479e-08
2.2314e-06 0.00021698 0.01079 1.9555e-08
2.2693e-06 0.00022219 0.011618 1.7458e-08
2.3215e-06 0.00022753 0.01269 1.6003e-08
2.39e-06 0.00022847 0.014075 1.5071e-08
2.4755e-06 0.00022946 0.015823 1.4377e-08
2.5807e-06 0.00023049 0.018028 1.3881e-08
2.6738e-06 0.00023148 0.01998 3.1664e-08
2.7913e-06 0.00023253 0.022518 3.2576e-08
2.935e-06 0.00023353 0.025743 3.4871e-08
3.0214e-06 0.00023459 0.027837 3.9315e-08
3.0966e-06 0.00023561 0.029687 4.0407e-08
3.1614e-06 0.00023659 0.031319 3.8164e-08
3.4807e-06 0.00023752 0.032448 5.2002e-08
3.8716e-06 0.00023851 0.033929 7.0588e-08
4.2263e-06 0.00023946 0.035232 8.4326e-08
4.6519e-06 0.00024046 0.036894 7.6688e-08
5.0337e-06 0.00024141 0.038336 6.4379e-08
5.5012e-06 0.00024242 0.040222 5.5931e-08
5.645e-06 0.00024349 0.042778 5.0566e-08
5.8275e-06 0.0002445 0.04613 4.8041e-08
6.1047e-06 0.00024548 0.051324 4.1447e-08
6.171e-06 0.00024651 0.058111 3.6822e-08
6.2631e-06 0.00024759 0.066948 3.4402e-08
6.3857e-06 0.00024874 0.069932 3.3411e-08
6.5391e-06 0.00024994 0.073724 3.3698e-08
6.6239e-06 0.0002512 0.076174 3.5959e-08
6.5791e-06 0.00025252 0.079498 4.0104e-08
6.3451e-06 0.0002539 0.083904 4.6525e-08
6.1695e-06 0.00025528 0.089976 3.9297e-08
6.0349e-06 0.00025664 0.092011 3.4419e-08
5.8271e-06 0.000258 0.093376 3.3641e-08
5.8365e-06 0.00025934 0.09438 5.3936e-08
5.7348e-06 0.00026067 0.096102 8.3414e-08
5.6578e-06 0.000262 0.096556 1.2167e-07
5.6047e-06 0.00026339 0.097218 1.7363e-07
5.5739e-06 0.00026484 0.09717 2.4411e-07
5.5633e-06 0.00026624 0.097271 3.3998e-07
5.5758e-06 0.00026759 0.097547 4.919e-07
5.6117e-06 0.00026901 0.097182 5.3604e-07
5.5258e-06 0.00027048 0.096985 5.9735e-07
5.4392e-06 0.00027194 0.096786 6.5705e-07
5.3517e-06 0.00027339 0.096586 7.1512e-07
5.2634e-06 0.00027483 0.096385 7.7158e-07
5.1743e-06 0.00027626 0.096182 8.2642e-07
5.0843e-06 0.00027769 0.095977 8.7965e-07
4.9936e-06 0.0002791 0.095772 9.3126e-07
4.902e-06 0.0002805 0.095564 9.8125e-07
4.8096e-06 0.00028189 0.095356 1.0296e-06
4.7163e-06 0.00028327 0.095146 1.0764e-06
4.6223e-06 0.00028464 0.094934 1.1215e-06
4.5274e-06 0.000286 0.094721 1.165e-06
4.4317e-06 0.00028735 0.094507 1.207e-06
4.3352e-06 0.0002887 0.094291 1.2472e-06
4.2378e-06 0.00029003 0.094074 1.2859e-06
4.1397e-06 0.00029135 0.093855 1.323e-06
4.0407e-06 0.00029266 0.093635 1.3584e-06
3.9408e-06 0.00029396 0.093413 1.3922e-06
3.8402e-06 0.00029525 0.09319 1.4245e-06
3.7387e-06 0.00029653 0.092966 1.4551e-06
3.6364e-06 0.0002978 0.09274 1.484e-06
3.5333e-06 0.00029906 0.092513 1.5114e-06
3.4294e-06 0.00030031 0.092284 1.5371e-06
3.3246e-06 0.00030155 0.092054 1.5613e-06
3.219e-06 0.00030278 0.091822 1.5838e-06
3.1126e-06 0.000304 0.091589 1.6047e-06
3.0054e-06 0.00030521 0.091355 1.624e-06
2.8973e-06 0.00030641 0.091119 1.6416e-06
2.7885e-06 0.0003076 0.090881 1.6577e-06
2.6788e-06 0.00030878 0.090642 1.6721e-06
2.5682e-06 0.00030995 0.090402 1.6849e-06
2.4569e-06 0.00031111 0.09016 1.6961e-06
2.3447e-06 0.00031225 0.089917 1.7057e-06
2.2317e-06 0.00031339 0.089673 1.7137e-06
2.1178e-06 0.00031452 0.089426 1.72e-06
2.0032e-06 0.00031564 0.089179 1.7247e-06
1.8877e-06 0.00031675 0.08893 1.7279e-06
1.7962e-06 0.00031793 0.087736 1.7533e-06
1.7237e-06 0.00031917 0.086848 1.8036e-06
1.6676e-06 0.00032049 0.086204 1.8862e-06
1.6026e-06 0.00032187 0.085448 1.9486e-06
1.5283e-06 0.00032333 0.08457 1.9951e-06
1.4686e-06 0.00032486 0.083912 2.0681e-06
1.2724e-06 0.00032633 0.083511 2.184e-06
1.1122e-06 0.00032787 0.083271 2.3533e-06
6.3122e-07 0.00032948 0.083191 2.5972e-06
5.5052e-07 0.00033104 0.083004 2.8007e-06
4.8495e-07 0.00033255 0.082961 3.0846e-06
4.3177e-07 0.00033412 0.083055 3.4839e-06
3.6565e-07 0.00033518 0.083039 4.2835e-06
3.1167e-07 0.00033631 0.083162 5.3991e-06
2.874e-07 0.00033809 0.082874 5.9351e-06
2.5846e-07 0.00033981 0.082498 9.5944e-06
2.249e-07 0.0003416 0.082037 1.2674e-05
1.9705e-07 0.00034348 0.081728 1.3697e-05
1.7464e-07 0.0003453 0.081571 1.4013e-05
1.5671e-07 0.0003472 0.081552 1.4032e-05
1.4211e-07 0.00034918 0.081656 1.4112e-05
1.2414e-07 0.00035109 0.081687 1.4155e-05
1.017e-07 0.00035296 0.083364 1.416e-05
8.8942e-08 0.00035489 0.083968 1.3944e-05
7.9151e-08 0.00035691 0.083915 1.3819e-05
7.1892e-08 0.00035826 0.084018 1.3344e-05
4.4624e-08 0.00036336 0.085033 1.2089e-05
3.7818e-08 0.00036469 0.085449 1.1875e-05
3.4253e-08 0.00036597 0.086252 1.1562e-05
4.4426e-07 0.00044319 0.015459 3.5496e-06
4.0251e-07 0.00044563 0.013982 3.3914e-06
3.6825e-07 0.00044817 0.012818 3.2792e-06
3.4039e-07 0.00045079 0.011904 3.2045e-06
3.1869e-07 0.00045352 0.011206 3.1648e-06
3.029e-07 0.00045616 0.010687 2.9687e-06
2.7363e-07 0.00045889 0.010608 2.6657e-06
2.4972e-07 0.00046172 0.010575 2.4388e-06
2.3095e-07 0.00046465 0.010592 2.2761e-06
2.161e-07 0.00046767 0.010655 1.761e-06
2.0482e-07 0.00047079 0.010484 1.3715e-06
1.9029e-07 0.00047385 0.010276 1.3275e-06
1.7251e-07 0.00047685 0.01003 1.2701e-06
1.5854e-07 0.00047995 0.009856 1.2354e-06
1.4783e-07 0.00048316 0.0097418 1.22e-06
1.3994e-07 0.00048648 0.0096794 1.2224e-06
1.3459e-07 0.00048991 0.0096647 1.2429e-06
1.317e-07 0.00049347 0.0093885 1.2834e-06
1.3071e-07 0.00049712 0.0091809 1.2453e-06
1.2714e-07 0.00050071 0.0089329 1.1935e-06
1.2573e-07 0.00050441 0.0087548 1.1628e-06
1.2644e-07 0.00050823 0.0086349 1.1505e-06
1.3808e-07 0.00051218 0.0083004 1.071e-06
1.47e-07 0.00051606 0.0079163 9.752e-07
1.5852e-07 0.00052005 0.0076351 9.0517e-07
1.7293e-07 0.00052415 0.0074212 8.5559e-07
1.9121e-07 0.00052839 0.0072687 8.2457e-07
2.0624e-07 0.00053255 0.0070869 7.8311e-07
2.1814e-07 0.00053664 0.0068729 7.3038e-07
2.3455e-07 0.00054086 0.0061633 6.9616e-07
2.5566e-07 0.00054522 0.0056199 5.5823e-07
2.731e-07 0.0005495 0.0050018 3.9676e-07
2.7892e-07 0.0005539 0.0040438 2.818e-07
2.564e-07 0.00055845 0.003335 1.9726e-07
2.3832e-07 0.00056312 0.0027761 1.3279e-07
2.241e-07 0.00056793 0.0023355 8.3373e-08
2.0642e-07 0.00057288 0.0018328 8.3373e-08
1.9232e-07 0.00057796 0.0014354 8.6329e-08
1.8132e-07 0.00058319 0.0011203 9.2389e-08
1.6634e-07 0.00058832 0.0010895 9.403e-08
1.543e-07 0.00059359 0.0010725 9.8795e-08
1.3941e-07 0.000599 0.001046 9.9461e-08
1.2757e-07 0.00060456 0.0010339 7.2527e-08
1.1795e-07 0.00061027 0.0010335 5.1171e-08
1.1054e-07 0.00061613 0.001046 3.4498e-08
1.0479e-07 0.00062214 0.0010705 2.0726e-08
1.0055e-07 0.00062829 0.001108 8.9974e-09
9.3942e-08 0.00063436 0.0011353 9.4276e-09
8.8727e-08 0.00064058 0.0011759 9.5672e-09
8.4737e-08 0.00064694 0.0012314 9.4118e-09
7.879e-08 0.00065322 0.001277 6.9031e-09
7.421e-08 0.00065967 0.0013406 4.1879e-09
6.7699e-08 0.00066603 0.0013935 8.8368e-09
6.2536e-08 0.00067255 0.0014667 1.3769e-08
5.8285e-08 0.00067921 0.0015607 1.9069e-08
5.4749e-08 0.00068602 0.0016783 2.4928e-08
5.1704e-08 0.00069296 0.0018207 3.1408e-08
4.7246e-08 0.00069986 0.0019523 3.5415e-08
4.1395e-08 0.0007067 0.0020741 3.7027e-08
3.5882e-08 0.00071367 0.0022192 3.9082e-08
3.069e-08 0.00072075 0.0021918 4.1635e-08
2.5645e-08 0.00072796 0.0021769 4.474e-08
2.0668e-08 0.00073529 0.0021741 4.8488e-08
1.5686e-08 0.00074275 0.0021832 5.2997e-08
1.0628e-08 0.00075033 0.0022044 5.8415e-08
5.3471e-09 0.00075803 0.002237 6.465e-08
7.5738e-09 0.00076568 0.0022571 6.7889e-08
9.305e-09 0.00077345 0.0022886 7.2003e-08
1.056e-08 0.00078134 0.0023321 7.7099e-08
1.1382e-08 0.00078934 0.0022053 8.3321e-08
1.11e-08 0.00079731 0.0020702 8.6999e-08
1.0359e-08 0.00080539 0.0019544 9.1888e-08
8.4962e-09 0.00081343 0.0018298 9.4098e-08
1.793e-08 0.00082142 0.0016921 9.3732e-08
2.7745e-08 0.00082955 0.0015757 9.4933e-08
3.7933e-08 0.0008378 0.0014759 9.7416e-08
4.6706e-08 0.00084601 0.0013682 9.7197e-08
5.593e-08 0.00085434 0.001276 9.8293e-08
6.3702e-08 0.00086262 0.001176 9.6652e-08
7.2174e-08 0.00087104 0.001092 9.6683e-08
8.1489e-08 0.00087961 0.0010221 9.8418e-08
9.183e-08 0.00088833 0.00096465 1.0199e-07
1.0049e-07 0.00089699 0.0009004 1.026e-07
1.0738e-07 0.00090558 0.00082817 1.0004e-07
1.1584e-07 0.00091437 0.00077151 1.0022e-07
1.2679e-07 0.0009234 0.00073125 7.2455e-08
1.3119e-07 0.00093293 0.00066401 5.6567e-08
1.3957e-07 0.00094232 0.00062077 5.0866e-08
1.5179e-07 0.00095198 0.00046535 4.8108e-08
1.6696e-07 0.00096188 0.00034206 4.7206e-08
1.8556e-07 0.00097203 0.00024403 4.8092e-08
2.009e-07 0.00098204 0.00013101 4.5509e-08
2.2048e-07 0.00099234 4.2857e-05 4.5069e-08
2.3591e-07 0.0010025 3.0889e-05 4.0963e-08
2.5593e-07 0.0010124 2.1101e-05 3.8969e-08
2.5051e-07 0.0010227 1.3833e-05 1.936e-08
2.4069e-07 0.0010327 1.9413e-05 2.0311e-08
2.2748e-07 0.0010427 2.1919e-05 1.8296e-08
2.1076e-07 0.0010524 2.1411e-05 1.3284e-08
1.9791e-07 0.0010625 2.1337e-05 9.0192e-09
1.8844e-07 0.0010728 2.1688e-05 5.1108e-09
1.7577e-07 0.001083 1.9004e-05 8.689e-09
1.662e-07 0.0010934 1.667e-05 1.2476e-08
1.5901e-07 0.0011041 1.4322e-05 1.6534e-08
1.5396e-07 0.0011151 1.1834e-05 2.1129e-08
1.509e-07 0.0011263 9.0821e-06 2.6576e-08
1.45e-07 0.0011374 1.8169e-05 2.8867e-08
1.4097e-07 0.0011487 2.8106e-05 3.2049e-08
1.345e-07 0.0011599 3.473e-05 3.215e-08
1.3003e-07 0.0011713 4.257e-05 3.3358e-08
1.2709e-07 0.001183 5.1636e-05 3.5431e-08
1.2193e-07 0.0011946 5.7242e-05 3.4491e-08
1.185e-07 0.0012064 6.4564e-05 3.4696e-08
1.1287e-07 0.0012182 6.8331e-05 3.1874e-08
1.0892e-07 0.0012302 7.3981e-05 3.0161e-08
1.0656e-07 0.0012424 8.1839e-05 2.9446e-08
1.0575e-07 0.001255 9.2414e-05 2.9732e-08
1.0625e-07 0.0012679 0.00010581 3.0799e-08
1.0469e-07 0.0012807 0.000115 2.8963e-08
1.0086e-07 0.0012932 0.00011972 2.3974e-08
9.4526e-08 0.0013056 0.0001197 1.6307e-08
8.5323e-08 0.0013178 0.00011458 2.1534e-08
7.9454e-08 0.0013298 0.00011492 3.3218e-08
5.0204e-08 0.0013421 0.00011893 4.7906e-08
4.9004e-08 0.0013543 0.00011714 5.809e-08
4.8583e-08 0.0013668 0.00011838 7.1614e-08
4.6333e-08 0.0013792 0.00011533 8.0823e-08
4.5001e-08 0.0013919 0.00011574 9.4354e-08
4.4355e-08 0.001394 0.0001191 1.1264e-07
4.1825e-08 0.001396 0.0001179 1.255e-07
3.7494e-08 0.0013979 0.00011242 1.3358e-07
3.385e-08 0.0014 0.00010988 1.4634e-07
3.8342e-08 0.001402 0.00013111 1.5343e-07
4.3832e-08 0.0014041 0.00015967 1.6629e-07
4.7464e-08 0.0014061 0.00018233 1.74e-07
5.2163e-08 0.0014083 0.00021253 1.8797e-07
5.8097e-08 0.0014107 0.0002522 2.0938e-07
6.2046e-08 0.0014129 0.00028459 3.967e-07
6.7337e-08 0.0014153 0.00032773 4.5086e-07
7.4153e-08 0.0014179 0.00038434 5.2553e-07
7.886e-08 0.0014204 0.00043177 5.8786e-07
8.4936e-08 0.001423 0.00049257 6.7114e-07
9.2567e-08 0.0014258 0.00056995 7.8144e-07
1.02e-07 0.0014287 0.00066807 9.2696e-07
1.0901e-07 0.0014317 0.00075212 1.0502e-06
1.0741e-07 0.0014347 0.0010186 1.1464e-06
1.0715e-07 0.0014378 0.0013431 1.2708e-06
1.0483e-07 0.0014408 0.0016382 1.3795e-06
1.0048e-07 0.0014438 0.0019088 1.4749e-06
9.7497e-08 0.0014468 0.0022354 1.598e-06
9.5558e-08 0.00145 0.0026221 1.7514e-06
9.169e-08 0.0014532 0.0029787 1.8882e-06
8.9058e-08 0.0014564 0.0034094 2.0629e-06
8.8746e-08 0.0014596 0.0035019 2.0807e-06
8.9755e-08 0.0014627 0.0034319 2.1176e-06
9.1512e-08 0.0014658 0.0033802 2.1712e-06
9.4127e-08 0.0014691 0.0033467 2.2445e-06
9.7589e-08 0.0014725 0.0033299 2.34e-06
1.0193e-07 0.001476 0.0033295 2.4609e-06
1.0722e-07 0.0014796 0.0033452 2.6119e-06
1.109e-07 0.0014832 0.0033531 2.7501e-06
1.1305e-07 0.0014867 0.0033538 2.8774e-06
1.1596e-07 0.0014791 0.0033688 3.0327e-06
1.1735e-07 0.0014714 0.0033768 3.1764e-06
1.195e-07 0.0014639 0.0033992 3.3508e-06
1.2006e-07 0.0014564 0.0034138 3.5114e-06
1.1909e-07 0.0014488 0.0034211 3.6602e-06
1.1657e-07 0.0014411 0.0034212 3.7974e-06
1.1509e-07 0.0014336 0.0034382 3.7423e-06
1.1466e-07 0.0014263 0.0034731 3.7094e-06
1.1261e-07 0.0014189 0.0034997 4.0752e-06
1.1141e-07 0.0014116 0.0035426 4.1186e-06
1.1118e-07 0.0014045 0.0036047 4.1862e-06
1.1208e-07 0.0013976 0.0034734 4.2809e-06
1.1148e-07 0.0013906 0.0033321 4.3656e-06
1.1154e-07 0.0013837 0.0032132 4.4747e-06
1.1242e-07 0.0013769 0.0031164 4.6142e-06
1.1395e-07 0.0013703 0.0030372 4.5353e-06
1.1399e-07 0.0013636 0.0029499 4.4467e-06
1.1482e-07 0.0013571 0.0028807 4.3824e-06
1.1644e-07 0.0013507 0.0028281 4.3404e-06
1.1888e-07 0.0013444 0.0027908 4.3193e-06
1.2216e-07 0.0013382 0.0027677 4.3183e-06
1.2395e-07 0.001332 0.0027381 4.3093e-06
1.2427e-07 0.0013257 0.0027018 4.2921e-06
1.231e-07 0.0013194 0.0026587 4.2669e-06
1.2046e-07 0.0013131 0.0026088 4.2334e-06
1.1633e-07 0.0013067 0.002552 4.1917e-06
1.1303e-07 0.0013004 0.00251 4.1703e-06
1.1053e-07 0.0012943 0.0024817 4.1687e-06
1.0862e-07 0.0012883 0.0024652 4.1846e-06
1.0745e-07 0.0012824 0.0024614 4.2208e-06
1.0684e-07 0.0012765 0.0024689 4.276e-06
1.0678e-07 0.0012708 0.0024879 4.3517e-06
1.0728e-07 0.0012652 0.0025187 4.4535e-06
1.0845e-07 0.0012597 0.0023628 4.5811e-06
1.0817e-07 0.0012542 0.0021964 4.6977e-06
1.0648e-07 0.0012486 0.0020202 4.8046e-06
1.0552e-07 0.0012431 0.0018704 4.6908e-06
1.0511e-07 0.0012377 0.0017412 4.6014e-06
1.0523e-07 0.0012325 0.00163 4.5343e-06
1.059e-07 0.0012273 0.0015348 4.4875e-06
1.0712e-07 0.0012222 0.0014538 4.0651e-06
1.0889e-07 0.0012172 0.0013853 3.7069e-06
1.0922e-07 0.0012122 0.0013104 3.3267e-06
1.0811e-07 0.0012071 0.0012288 2.9234e-06
1.0771e-07 0.0012022 0.0011608 2.587e-06
1.0804e-07 0.0011973 0.0011047 2.3065e-06
1.0909e-07 0.0011926 0.0010592 2.0729e-06
1.0874e-07 0.0011878 0.0010086 1.8256e-06
1.07e-07 0.001183 0.00095286 1.564e-06
1.0582e-07 0.0011782 0.00090612 1.3416e-06
1.0535e-07 0.0011736 0.0008685 1.1561e-06
1.0542e-07 0.0011691 0.00083815 9.9841e-07
1.0405e-07 0.0011645 0.00080299 8.2986e-07
1.0124e-07 0.0011599 0.0007629 6.4983e-07
9.913e-08 0.0011554 0.0007309 4.9924e-07
9.7727e-08 0.001151 0.00070629 3.7332e-07
9.4895e-08 0.0011465 0.0006772 2.386e-07
8.9935e-08 0.001142 0.00064172 2.3335e-07
8.3495e-08 0.0011375 0.00060135 2.247e-07
7.7839e-08 0.001133 0.00056884 2.1986e-07
7.0739e-08 0.0011286 0.00053175 2.1174e-07
6.4178e-08 0.0011242 0.00050092 2.0668e-07
5.8215e-08 0.0011199 0.00047642 2.0496e-07
5.0868e-08 0.0011156 0.0004478 2.0013e-07
4.4044e-08 0.0011114 0.000425 1.9853e-07
3.5809e-08 0.0011071 0.00039797 1.9369e-07
2.7895e-08 0.0011029 0.00037569 1.9156e-07
2.0323e-08 0.0010989 0.00035832 1.9255e-07
1.1557e-08 0.0010947 0.00033688 1.9029e-07
1.482e-08 0.0010906 0.00031023 1.8493e-07
1.7817e-08 0.0010865 0.00028782 1.8221e-07
1.9633e-08 0.0010824 0.00026167 1.7643e-07
2.1208e-08 0.0010784 0.00023943 1.7323e-07
2.1565e-08 0.0010744 0.0002133 1.6681e-07
2.0701e-08 0.0010703 0.00018317 1.5711e-07
1.8716e-08 0.0010661 0.00014873 1.4401e-07
1.6502e-08 0.0010621 0.00011845 1.3363e-07
3.0624e-08 0.001058 8.3074e-05 1.2011e-07
4.5645e-08 0.001054 5.154e-05 1.0907e-07
5.8767e-08 0.0010499 5.9066e-05 9.497e-08
7.288e-08 0.001046 6.7284e-05 8.3094e-08
8.842e-08 0.0010421 7.6708e-05 7.3428e-08
1.0217e-07 0.0010382 8.3178e-05 6.0762e-08
1.1413e-07 0.0010343 8.6671e-05 4.495e-08
1.2401e-07 0.0010303 8.6848e-05 5.5672e-08
1.3207e-07 0.0010263 8.3928e-05 6.3403e-08
1.3831e-07 0.0010222 7.7835e-05 6.815e-08
1.4607e-07 0.0010182 7.3331e-05 7.4794e-08
1.5226e-07 0.0010143 6.5571e-05 7.8308e-08
1.5991e-07 0.0010106 5.9109e-05 8.3662e-08
1.7145e-07 0.0010068 5.5543e-05 8.438e-08
1.848e-07 0.001003 5.269e-05 8.6885e-08
2.0049e-07 0.00099945 5.0687e-05 9.1573e-08
2.1844e-07 0.00099595 4.9192e-05 9.8206e-08
2.3404e-07 0.0009924 4.4808e-05 1.0154e-07
2.5245e-07 0.00098895 4.1159e-05 1.0736e-07
2.3735e-07 0.00096986 3.8406e-05 1.1602e-07
2.1936e-07 0.00095063 7.1714e-05 1.2134e-07
2.0381e-07 0.00093174 0.0001096 1.2916e-07
1.9073e-07 0.00091321 0.00015402 1.4024e-07
1.8011e-07 0.00089503 0.00015253 1.5507e-07
1.7116e-07 0.00087717 0.00015312 1.7364e-07
1.6421e-07 0.00085964 0.00015639 1.5439e-07
1.5857e-07 0.0008424 0.00016171 1.3874e-07
1.5436e-07 0.00082546 0.00016961 1.2654e-07
1.5127e-07 0.00080897 0.00017983 1.1687e-07
1.4645e-07 0.00079238 0.00018658 1.0396e-07
1.4266e-07 0.00077605 0.00019563 9.3251e-08
1.3985e-07 0.00075997 0.00020721 8.4407e-08
1.38e-07 0.00074414 0.0002216 7.7168e-08
1.3709e-07 0.00072855 0.00023919 7.1347e-08
1.3447e-07 0.00071286 0.00025285 6.2628e-08
1.3009e-07 0.00071253 0.00026254 5.0876e-08
1.2693e-07 0.00071227 0.00027624 4.0945e-08
1.2475e-07 0.00071207 0.00029379 3.2128e-08
1.2376e-07 0.00071193 0.00031649 2.4401e-08
1.24e-07 0.00071187 0.00034542 1.7493e-08
1.2562e-07 0.00071189 0.00038223 1.1201e-08
1.251e-07 0.00071185 0.0004121 1.825e-08
1.2246e-07 0.00071176 0.00043552 2.2495e-08
1.2176e-07 0.0007131 0.00040959 2.7799e-08
1.2279e-07 0.00071452 0.00039202 1.984e-08
1.2152e-07 0.00071589 0.00036767 8.5161e-09
1.1798e-07 0.0007172 0.00033633 9.8154e-09
1.1631e-07 0.0007186 0.00031386 1.1115e-08
1.1613e-07 0.00072009 0.00029789 1.2318e-08
1.1368e-07 0.00072152 0.00027572 1.0954e-08
1.1296e-07 0.00072305 0.00026041 9.6484e-09
1.1395e-07 0.00072448 0.0002511 8.3009e-09
1.1268e-07 0.00072585 0.00023624 4.4618e-09
1.0913e-07 0.00072716 0.00021553 7.9498e-09
1.073e-07 0.00072857 0.00020089 1.151e-08
1.0319e-07 0.00072991 0.00018063 1.2466e-08
1.0078e-07 0.00073135 0.00016598 1.36e-08
9.9999e-08 0.00073289 0.0001561 1.5015e-08
1.0096e-07 0.00073453 9.7701e-05 1.6867e-08
9.967e-08 0.00073611 2.9809e-05 1.5941e-08
9.5641e-08 0.00073741 2.1118e-05 1.2201e-08
9.3013e-08 0.00073879 1.3273e-05 8.7015e-09
8.6676e-08 0.00074011 1.751e-05 1.4952e-08
8.1728e-08 0.00074152 2.1904e-05 2.193e-08
7.8012e-08 0.00074302 2.6652e-05 3.0044e-08
7.2162e-08 0.00074446 2.8337e-05 3.4912e-08
6.771e-08 0.00074599 3.0697e-05 4.1441e-08
6.4513e-08 0.00074763 3.3883e-05 5.0129e-08
5.9376e-08 0.00074938 3.4003e-05 5.5362e-08
5.5241e-08 0.00075122 3.4762e-05 6.2649e-08
5.2188e-08 0.00075317 3.648e-05 7.2935e-08
5.0107e-08 0.00075523 3.9257e-05 8.6999e-08
4.8964e-08 0.00075721 4.3316e-05 1.0626e-07
4.8678e-08 0.00075931 4.8854e-05 1.3196e-07
4.6546e-08 0.00076133 5.0886e-05 1.5195e-07
4.5224e-08 0.00076346 5.4455e-05 1.7904e-07
4.4496e-08 0.00076569 5.94e-05 2.1409e-07
4.4522e-08 0.00076803 6.6384e-05 2.103e-07
4.5131e-08 0.00077047 7.5381e-05 2.114e-07
4.6525e-08 0.00077303 8.7375e-05 2.1832e-07
4.6172e-08 0.00077552 9.5258e-05 2.2017e-07
4.663e-08 0.00077812 0.00010651 2.2813e-07
4.5241e-08 0.00078065 0.00011323 2.3051e-07
4.467e-08 0.0007833 0.00012364 2.3931e-07
4.581e-08 0.00078585 0.00014108 2.2229e-07
4.7817e-08 0.00078853 0.00016442 2.1237e-07
5.0577e-08 0.0007913 0.00019422 2.0803e-07
5.1405e-08 0.00079401 0.00021731 1.9804e-07
5.0408e-08 0.00079664 0.00023451 1.8262e-07
4.7559e-08 0.00079921 0.000246 1.6326e-07
4.5505e-08 0.00080188 0.00026347 1.4999e-07
4.5761e-08 0.00080421 0.00029499 1.2349e-07
4.4089e-08 0.00080646 0.00031881 8.9569e-08
4.0471e-08 0.00080863 0.00033537 4.7384e-08
3.4527e-08 0.00081072 0.00034384 4.2373e-08
2.9558e-08 0.00081293 0.00030776 3.9199e-08
2.5224e-08 0.00081523 0.00028074 3.7604e-08
2.1384e-08 0.00081765 0.00026127 3.7463e-08
1.8061e-08 0.0008202 0.00024916 3.9174e-08
1.5113e-08 0.00082287 0.00024351 4.2843e-08
1.2306e-08 0.00082566 0.00024316 4.8403e-08
1.8946e-08 0.00082837 0.00023628 5.1037e-08
2.6295e-08 0.0008312 0.00023465 3.5664e-08
3.1692e-08 0.00083395 0.0002271 4.3516e-08
3.5203e-08 0.00083662 0.00021352 4.8612e-08
3.9573e-08 0.00083941 0.00020596 5.643e-08
4.4771e-08 0.00084232 0.0002032 4.6567e-08
5.0962e-08 0.00084535 0.00020508 3.9216e-08
5.8348e-08 0.0008485 0.00021169 3.3814e-08
6.2521e-08 0.00085157 0.00030267 4.8996e-08
6.7881e-08 0.00085475 0.00041728 6.8443e-08
7.1164e-08 0.00085786 0.0005162 8.2991e-08
7.5707e-08 0.0008611 0.00064169 1.0246e-07
8.1943e-08 0.00086447 0.00080548 9.7827e-08
8.981e-08 0.00086796 0.0010131 9.6632e-08
9.9898e-08 0.0008716 0.0012836 9.9776e-08
1.0905e-07 0.00087523 0.0015523 1.0125e-07
1.1726e-07 0.00087885 0.0018192 1.0104e-07
1.2453e-07 0.00088247 0.0020844 9.9165e-08
1.3086e-07 0.00088608 0.0023477 9.5614e-08
1.3625e-07 0.00088968 0.0026092 9.0388e-08
1.407e-07 0.00089328 0.0028689 8.3489e-08
1.4422e-07 0.00089686 0.0031268 7.4915e-08
1.4679e-07 0.00090045 0.0033829 6.4668e-08
1.4843e-07 0.00090402 0.0036372 5.2746e-08
1.5288e-07 0.00090774 0.003974 4.431e-08
1.6e-07 0.00091161 0.0044158 3.8858e-08
1.4601e-07 0.00091561 0.0049985 3.5221e-08
1.3842e-07 0.00091952 0.0052011 3.5272e-08
1.337e-07 0.00092332 0.0054669 3.6687e-08
1.0196e-07 0.00092725 0.0058148 3.9575e-08
6.5447e-08 0.0009311 0.0061124 3.8934e-08
6.3153e-08 0.00093485 0.0063496 3.4724e-08
6.2366e-08 0.00093881 0.0063711 3.2341e-08
5.9463e-08 0.00094268 0.0063697 5.6403e-08
8.2626e-08 0.00097229 0.0063449 7.5164e-08
1.0991e-07 0.0010026 0.0063544 7.2276e-08
1.3321e-07 0.0010325 0.0063413 6.5103e-08
1.3398e-07 0.0010632 0.0063723 6.1166e-08
1.1321e-07 0.0010728 0.0064502 6.0088e-08
8.3759e-08 0.0010826 0.0064797 6.5553e-08
5.8749e-08 0.0010928 0.0065456 7.3896e-08
5.9613e-08 0.0011027 0.0065802 7.8955e-08
6.1679e-08 0.001113 0.0066565 8.7816e-08
6.1777e-08 0.0011231 0.0067102 1.7862e-07
6.3102e-08 0.0011335 0.006808 3.013e-07
6.2328e-08 0.0011438 0.0068794 4.0384e-07
5.9882e-08 0.0011536 0.0069241 4.8824e-07
5.8654e-08 0.0011638 0.0070124 6.0406e-07
5.3975e-08 0.0011743 0.007056 7.6452e-07
5.0529e-08 0.0011851 0.0071435 9.8342e-07
4.4941e-08 0.0011961 0.0072046 1.1412e-06
4.2113e-08 0.0012075 0.0071014 1.1896e-06
4.0007e-08 0.0012192 0.0070392 1.2604e-06
3.8554e-08 0.0012312 0.0070147 1.3591e-06
3.4205e-08 0.0012435 0.0069484 1.4033e-06
3.0699e-08 0.0012561 0.006924 1.4733e-06
2.7738e-08 0.0012691 0.0069356 1.5721e-06
2.5372e-08 0.0012825 0.0069882 1.7123e-06
2.3514e-08 0.0012962 0.0070857 1.7332e-06
1.7906e-08 0.0013102 0.0071154 1.6775e-06
1.2923e-08 0.0013247 0.0071879 1.6471e-06
8.4177e-09 0.0013396 0.0070747 1.6388e-06
5.4941e-09 0.0013542 0.0067042 1.6508e-06
7.3852e-09 0.0013687 0.0062153 1.644e-06
9.1499e-09 0.0013835 0.0058434 1.6584e-06
1.0751e-08 0.0013986 0.0055532 1.6922e-06
1.2216e-08 0.0014142 0.0053272 1.7466e-06
1.2269e-08 0.0014295 0.0050648 1.7874e-06
1.2252e-08 0.0014452 0.0041598 1.8495e-06
1.208e-08 0.0014613 0.0034272 1.9363e-06
1.1743e-08 0.0014777 0.0028325 2.0526e-06
1.1319e-08 0.0014945 0.0023601 2.0462e-06
1.0788e-08 0.0015118 0.0019835 2.0606e-06
1.0133e-08 0.0015295 0.0016829 2.0976e-06
8.1127e-09 0.0015469 0.0013459 2.1209e-06
5.9581e-09 0.0015649 0.0010778 2.1686e-06
1.0317e-08 0.0015825 0.00076749 2.2011e-06
1.3171e-08 0.0016 0.00041519 2.2189e-06
1.435e-08 0.0016172 0.00036592 2.2219e-06
2.1866e-08 0.0016342 0.00036511 2.2088e-06
3.0318e-08 0.0016516 0.00031164 2.2177e-06
3.6732e-08 0.0016688 0.00024723 2.2115e-06
3.2568e-08 0.0016864 0.00019981 2.2304e-06
2.9187e-08 0.0017046 0.00016355 2.2762e-06
2.8262e-08 0.0017224 0.00014378 2.3017e-06
2.9617e-08 0.00174 0.00013552 2.3079e-06
3.1396e-08 0.0017581 0.0001309 2.3374e-06
3.3827e-08 0.0017766 0.00013027 2.2613e-06
3.4456e-08 0.0017949 0.00012479 2.1641e-06
3.5762e-08 0.0018137 0.00012319 1.8336e-06
3.7801e-08 0.0018322 0.00012535 1.5925e-06
4.0447e-08 0.0018512 0.00013073 1.4105e-06
4.3736e-08 0.0018706 0.00013942 1.2728e-06
4.5179e-08 0.0018898 0.00014343 1.1098e-06
4.7264e-08 0.0019095 0.00015077 9.8571e-07
5.0429e-08 0.0019296 0.00012605 8.9486e-07
5.4589e-08 0.0019503 0.00010682 8.2932e-07
5.9893e-08 0.0019714 9.1959e-05 7.8366e-07
6.3285e-08 0.0019924 7.2645e-05 7.2745e-07
6.7927e-08 0.0020139 5.7236e-05 6.8905e-07
7.3775e-08 0.0020359 4.4464e-05 6.6404e-07
7.7946e-08 0.0020576 2.7481e-05 6.2975e-07
8.3791e-08 0.00208 1.3485e-05 6.1017e-07
8.7274e-08 0.002102 1.5389e-05 5.8165e-07
9.2255e-08 0.0021246 1.7306e-05 4.6154e-07
9.4265e-08 0.0021479 1.6009e-05 4.2344e-07
1.0018e-07 0.0021708 1.6035e-05 3.4063e-07
1.0851e-07 0.0021942 1.6386e-05 2.8045e-07
1.1423e-07 0.0022174 1.3833e-05 2.0699e-07
1.2225e-07 0.0022412 1.1437e-05 1.5297e-07
1.3252e-07 0.0022655 8.8564e-06 1.1185e-07
1.4579e-07 0.0022906 6.1056e-06 8.1538e-08
1.6261e-07 0.0023163 2.9903e-06 5.9102e-08
1.7604e-07 0.0023417 5.2785e-06 3.0873e-08
1.857e-07 0.0023668 2.2436e-05 3.1397e-08
1.9831e-07 0.0023925 4.263e-05 3.309e-08
2.0733e-07 0.0024179 0.00017563 3.162e-08
2.1982e-07 0.0024439 0.00034604 3.1597e-08
2.3573e-07 0.0024706 0.0005594 3.2693e-08
2.5612e-07 0.002498 0.00083423 3.5314e-08
2.7268e-07 0.0025251 0.0010728 3.4578e-08
2.941e-07 0.0025529 0.0013814 3.5429e-08
3.2164e-07 0.0025602 0.0017862 3.7651e-08
3.4461e-07 0.0025674 0.0021373 3.6425e-08
3.7389e-07 0.0025749 0.0025939 3.692e-08
4.0985e-07 0.0025759 0.0031737 3.8938e-08
4.4037e-07 0.0025768 0.0036766 3.7453e-08
4.7794e-07 0.0025779 0.0043139 3.7411e-08
4.758e-07 0.0025791 0.0051489 3.887e-08
4.3134e-07 0.0025806 0.0062739 4.2286e-08
3.9456e-07 0.0025822 0.0076715 4.7391e-08
3.6423e-07 0.002584 0.0093963 5.4475e-08
3.3942e-07 0.002586 0.01152 6.3986e-08
3.1057e-07 0.0025879 0.013445 6.9724e-08
2.8771e-07 0.00259 0.013998 7.865e-08
2.6924e-07 0.002592 0.014691 9.1142e-08
2.5453e-07 0.0025942 0.015555 1.078e-07
2.3661e-07 0.0025963 0.016331 1.198e-07
2.2305e-07 0.0025985 0.016508 1.3707e-07
2.1236e-07 0.002601 0.016748 1.5981e-07
2.0459e-07 0.0026036 0.017071 1.9034e-07
1.9947e-07 0.0026062 0.017493 2.3102e-07
1.9176e-07 0.0026086 0.017864 2.6429e-07
1.8649e-07 0.0026112 0.01834 3.0855e-07
1.7875e-07 0.0026138 0.018764 3.4512e-07
1.6851e-07 0.0026162 0.019142 3.7463e-07
1.6066e-07 0.0026188 0.019624 4.151e-07
1.5034e-07 0.0026213 0.020053 4.4785e-07
1.3742e-07 0.0026238 0.020433 4.7323e-07
1.2847e-07 0.0026264 0.020421 4.4701e-07
1.2171e-07 0.0026292 0.020468 4.3108e-07
1.1264e-07 0.0026319 0.020487 4.0845e-07
1.0119e-07 0.0026346 0.020477 3.7872e-07
9.1999e-08 0.0026374 0.020529 3.5953e-07
8.0845e-08 0.0026401 0.020544 3.3238e-07
7.1801e-08 0.002643 0.020625 3.1532e-07
6.4559e-08 0.0026461 0.020778 3.0698e-07
5.8999e-08 0.0026495 0.020615 3.0682e-07
5.4813e-08 0.002653 0.020528 3.1497e-07
5.1634e-08 0.0026568 0.020504 2.8204e-07
4.9582e-08 0.0026608 0.020558 2.6012e-07
4.8372e-08 0.0026647 0.020677 2.464e-07
4.5182e-08 0.0026684 0.020755 2.2569e-07
4.0092e-08 0.002672 0.020798 1.9806e-07
3.6029e-08 0.0026755 0.020913 1.7949e-07
4.0134e-08 0.0026792 0.020883 1.4024e-07
4.5239e-08 0.0026831 0.020469 1.106e-07
5.1545e-08 0.0026872 0.019137 8.8275e-08
5.5249e-08 0.0026911 0.018991 6.1602e-08
4.5938e-08 0.0026953 0.018922 4.1666e-08
3.8459e-08 0.0026997 0.018457 2.6567e-08
4.6871e-08 0.0027041 0.017885 3.1708e-08
4.5128e-08 0.0027086 0.016438 3.8567e-08
4.5067e-08 0.002713 0.015417 5.4246e-08
4.5796e-08 0.0027176 0.014625 7.4627e-08
4.7299e-08 0.0027224 0.01401 1.0117e-07
4.9609e-08 0.0027275 0.013533 1.3589e-07
5.0098e-08 0.0027324 0.01299 1.6394e-07
5.1409e-08 0.0027376 0.01257 2.0136e-07
5.3591e-08 0.002743 0.012248 2.5119e-07
5.6742e-08 0.0027486 0.012007 3.1768e-07
6.1013e-08 0.0027545 0.011834 4.0689e-07
6.3159e-08 0.0027602 0.011641 4.8088e-07
6.3367e-08 0.0027658 0.011412 5.4245e-07
6.4657e-08 0.0027717 0.0106 6.2528e-07
6.7012e-08 0.0027777 0.0099615 7.3586e-07
6.7359e-08 0.0027837 0.0092351 8.3577e-07
7.2501e-08 0.0027899 0.0074331 8.5374e-07
7.5535e-08 0.0027959 0.0053938 8.6219e-07
8.0136e-08 0.0028022 0.0038261 8.864e-07
7.8493e-08 0.0028088 0.0033885 8.8436e-07
5.816e-08 0.0028156 0.0030598 8.9768e-07
4.541e-08 0.0028223 0.0028674 8.9835e-07
3.071e-08 0.0028289 0.0026398 8.8857e-07
1.8173e-08 0.0028357 0.0024687 8.941e-07
1.4554e-08 0.0028423 0.0024408 8.8842e-07
2.0735e-08 0.0028489 0.0023938 8.7307e-07
2.4971e-08 0.0028553 0.0025598 8.4778e-07
2.991e-08 0.002862 0.0027806 8.3822e-07
2.5254e-08 0.0028689 0.0030766 8.4349e-07
2.6327e-08 0.0028757 0.0032281 8.3819e-07
2.8048e-08 0.0028828 0.0032329 8.4775e-07
5.2491e-08 0.0028897 0.0032175 8.4795e-07
7.3266e-08 0.0028969 0.0031921 8.3788e-07
9.8948e-08 0.0029045 0.0030042 8.4291e-07
1.0225e-07 0.0029123 0.0028658 8.6141e-07
1.0718e-07 0.0029203 0.0027625 8.9451e-07
1.0966e-07 0.0029282 0.0026371 9.1663e-07
1.1411e-07 0.0029364 0.0025474 9.561e-07
1.2037e-07 0.0029444 0.0024845 1.0141e-06
1.2476e-07 0.0029522 0.0024033 1.0588e-06
1.3102e-07 0.0029603 0.0023469 1.1231e-06
1.3473e-07 0.0029683 0.0022742 1.1737e-06
1.407e-07 0.0029765 0.0022272 1.146e-06
1.4425e-07 0.0029846 0.0021665 1.1077e-06
1.5372e-07 0.002993 0.0019397 1.0859e-06
1.6052e-07 0.0030012 0.0016807 1.0535e-06
1.6985e-07 0.0030097 0.0014774 1.0371e-06
1.7671e-07 0.0030181 0.0012491 1.0118e-06
1.8582e-07 0.0030267 0.0010648 9.9975e-07
1.9742e-07 0.0030356 0.00091582 1.0002e-06
2.122e-07 0.0030447 0.00038062 1.0133e-06
2.232e-07 0.0030537 0.0003081 1.017e-06
2.3715e-07 0.0030629 0.00024916 1.0336e-06
2.5492e-07 0.0030725 0.00020246 1.066e-06
2.7718e-07 0.0030823 0.00016551 1.117e-06
3.048e-07 0.0030925 0.0001365 1.1915e-06
3.1427e-07 0.003103 0.00013426 1.2176e-06
3.2747e-07 0.0031138 0.00013524 1.2617e-06
3.3704e-07 0.0031244 0.00013155 1.2929e-06
3.4308e-07 0.0031349 0.00012313 1.312e-06
3.4564e-07 0.0031452 0.00010982 1.3194e-06
3.4497e-07 0.0031553 9.1693e-05 1.3161e-06
3.409e-07 0.0031553 6.8298e-05 1.3008e-06
3.4475e-07 0.0031553 5.3167e-05 1.236e-06
3.5349e-07 0.0031554 4.1678e-05 1.0197e-06
3.6634e-07 0.0031558 3.2198e-05 8.5649e-07
3.8372e-07 0.0031564 2.419e-05 7.3374e-07
3.9727e-07 0.0031568 1.2691e-05 5.8922e-07
4.0545e-07 0.0031568 1.4743e-05 5.8503e-07
4.0864e-07 0.0031567 3.8902e-05 5.7177e-07
4.1597e-07 0.0031567 6.8067e-05 5.692e-07
4.2829e-07 0.003157 0.0001049 5.0444e-07
4.4596e-07 0.0031575 0.0001516 4.5869e-07
4.7142e-07 0.0031582 0.00015839 4.2905e-07
5.0282e-07 0.0031591 0.00016898 4.0945e-07
5.2954e-07 0.0031599 0.00017467 3.8218e-07
5.6312e-07 0.003161 0.00018481 3.6501e-07
6.0371e-07 0.0031621 0.00019925 3.5559e-07
6.3905e-07 0.0031632 0.00020852 3.3964e-07
6.6987e-07 0.0031642 0.00021309 3.1742e-07
7.0756e-07 0.0031654 0.00022188 3.0288e-07
7.4048e-07 0.0031665 0.00022587 2.8229e-07
7.6873e-07 0.0031674 0.00022501 2.5518e-07
7.6276e-07 0.0031693 0.00024499 2.461e-07
7.5229e-07 0.003171 0.00025907 2.3085e-07
7.4782e-07 0.0031729 0.00023256 2.2187e-07
7.3845e-07 0.0031746 0.00027041 2.07e-07
7.2506e-07 0.0031763 0.00030187 1.8647e-07
7.1696e-07 0.0031782 0.00034144 1.7206e-07
7.0497e-07 0.00318 0.00037437 1.5234e-07
6.9876e-07 0.0031819 0.00041744 1.3888e-07
6.975e-07 0.0031841 0.00047145 1.2994e-07
7.0252e-07 0.0031865 0.00046614 1.2559e-07
6.5757e-07 0.0031891 0.00047007 1.2554e-07
6.2293e-07 0.0031916 0.00048356 1.3246e-07
5.8334e-07 0.003194 0.00049066 1.3495e-07
5.3851e-07 0.0031966 0.00049148 1.3307e-07
5.021e-07 0.0031994 0.00050055 1.3555e-07
4.728e-07 0.003202 0.00051829 1.4256e-07
4.4954e-07 0.0032049 0.00054555 1.5456e-07
3.4467e-07 0.003208 0.00058456 1.7254e-07
2.7148e-07 0.0032113 0.00056814 1.9811e-07
1.9265e-07 0.0032144 0.00054571 2.1836e-07
1.2323e-07 0.0032178 0.00053039 2.4494e-07
1.1942e-07 0.0032211 0.00050697 2.6588e-07
1.1658e-07 0.0032245 0.00048942 2.9247e-07
1.1218e-07 0.0032279 0.00046762 3.1496e-07
1.0852e-07 0.0032314 0.00045065 3.4282e-07
1.0341e-07 0.0032349 0.00042984 3.6678e-07
9.6837e-08 0.0032383 0.00040518 3.8699e-07
9.0926e-08 0.0032419 0.00038498 4.1255e-07
8.5763e-08 0.0032456 0.00036942 4.45e-07
8.1119e-08 0.0032494 0.00035755 4.8441e-07
7.7091e-08 0.0032534 0.00034969 4.5306e-07
7.3477e-08 0.0032575 0.00034511 4.2794e-07
7.0377e-08 0.0032618 0.00034426 4.0911e-07
6.7616e-08 0.0032662 0.0003466 3.953e-07
6.5309e-08 0.0032707 0.0003528 3.8686e-07
6.3448e-08 0.0032754 0.00036313 3.8363e-07
6.1915e-08 0.0032803 0.00037746 3.8505e-07
5.8933e-08 0.0032851 0.00038762 3.8235e-07
5.6497e-08 0.0032901 0.00040314 3.8549e-07
7.9731e-08 0.0032945 0.00041002 3.8203e-07
9.6687e-08 0.0032991 0.00052532 3.6783e-07
1.1649e-07 0.003304 0.00066869 3.6151e-07
1.3972e-07 0.0033091 0.00084735 3.6262e-07
1.5976e-07 0.0033141 0.0010047 3.5756e-07
1.767e-07 0.003319 0.0011423 3.4614e-07
1.7028e-07 0.0033241 0.0013244 3.4358e-07
1.6091e-07 0.003323 0.0014803 3.3396e-07
1.5403e-07 0.0033222 0.0016791 3.3206e-07
1.4424e-07 0.0033211 0.0018492 3.2318e-07
1.3724e-07 0.0033206 0.0020735 2.6118e-07
1.327e-07 0.0033203 0.0023662 2.1609e-07
1.3043e-07 0.0033203 0.0027471 1.846e-07
1.3034e-07 0.0033205 0.0032416 1.6252e-07
1.321e-07 0.0033208 0.0038662 1.4696e-07
1.2957e-07 0.0033215 0.0043572 1.1176e-07
1.292e-07 0.0033224 0.0049934 8.5803e-08
1.3097e-07 0.0033236 0.0058162 6.6658e-08
1.353e-07 0.003325 0.0060701 5.2585e-08
1.3701e-07 0.0033262 0.0062856 3.3585e-08
1.4101e-07 0.0033277 0.0065747 1.8891e-08
1.4712e-07 0.003329 0.0069469 6.7531e-09
1.5048e-07 0.0033302 0.0072664 6.8216e-09
1.5133e-07 0.0033313 0.0075435 4.5097e-09
1.5501e-07 0.0033326 0.0075751 1.9234e-09
1.5612e-07 0.0033341 0.0075847 3.3399e-09
1.5974e-07 0.0033359 0.0076363 4.1517e-09
1.6078e-07 0.0033375 0.0076656 1.5589e-08
1.5927e-07 0.0033391 0.0076728 2.3651e-08
1.6072e-07 0.0033409 0.0077282 3.4493e-08
1.6457e-07 0.0033428 0.0078269 4.8331e-08
1.7065e-07 0.0033451 0.0079694 6.5655e-08
1.7898e-07 0.0033475 0.0081596 8.7247e-08
1.8494e-07 0.0033498 0.0083264 1.0457e-07
1.9313e-07 0.0033523 0.0085428 1.2649e-07
2.0371e-07 0.003355 0.0088172 1.5416e-07
2.169e-07 0.0033579 0.0091604 1.8901e-07
2.2778e-07 0.0033608 0.0094749 2.1886e-07
2.4134e-07 0.0033638 0.0098638 2.5661e-07
2.5788e-07 0.003367 0.010342 3.0415e-07
2.778e-07 0.0033705 0.01093 3.6402e-07
3.0163e-07 0.0033741 0.011654 4.3966e-07
3.295e-07 0.0033779 0.012531 4.4318e-07
3.2027e-07 0.003382 0.013618 4.5361e-07
3.1385e-07 0.0033862 0.014942 4.7167e-07
3.0458e-07 0.0033903 0.016136 4.8316e-07
2.9237e-07 0.0033943 0.017213 4.8828e-07
2.8357e-07 0.0033985 0.01856 5.0242e-07
2.781e-07 0.003403 0.020257 4.5918e-07
2.6981e-07 0.0034073 0.021789 4.0728e-07
2.5821e-07 0.0034115 0.023149 3.439e-07
2.5046e-07 0.003416 0.023525 2.9755e-07
2.4589e-07 0.0034203 0.02402 2.679e-07
2.3847e-07 0.0034245 0.024454 2.3093e-07
2.2753e-07 0.0034286 0.027733 1.8597e-07
2.1985e-07 0.0034329 0.031845 1.5247e-07
2.1476e-07 0.0034374 0.036878 1.2668e-07
2.1214e-07 0.0034422 0.043285 1.069e-07
2.0675e-07 0.0034464 0.049065 8.153e-08
2.0402e-07 0.0034508 0.056234 6.2076e-08
2.0383e-07 0.0034554 0.065122 4.7014e-08
2.0101e-07 0.0034599 0.073193 2.7539e-08
2.0071e-07 0.0034647 0.083191 1.1812e-08
1.9728e-07 0.0034693 0.15776 1.2826e-08
1.9603e-07 0.0034742 0.24737 1.3815e-08
1.9725e-07 0.0034793 0.35742 1.5034e-08
2.0065e-07 0.0034846 0.49021 1.6382e-08
2.0669e-07 0.0034908 0.65414 1.8174e-08
2.1545e-07 0.0034972 0.69813 2.0299e-08
2.2169e-07 0.0035034 0.73873 1.9775e-08
2.3071e-07 0.00351 0.78837 1.9759e-08
2.4277e-07 0.0035168 0.84909 2.0237e-08
2.5817e-07 0.003524 0.86522 2.1032e-08
2.7057e-07 0.0035311 0.87994 1.9104e-08
2.8649e-07 0.0035385 0.89801 1.7633e-08
3.069e-07 0.0035461 0.90289 1.6513e-08
3.3136e-07 0.0035539 0.90884 1.5461e-08
3.6049e-07 0.003562 0.91611 1.4427e-08
3.8599e-07 0.00357 0.92274 1.0917e-08
4.1729e-07 0.0035783 0.93103 7.554e-09
4.4356e-07 0.0035864 0.93836 1.3088e-08
4.7539e-07 0.0035947 0.94736 1.9056e-08
5.0271e-07 0.003603 0.95543 2.2162e-08
5.3606e-07 0.0036114 0.96538 2.5872e-08
5.5448e-07 0.0036071 0.97241 1.7778e-08
5.6471e-07 0.0036029 0.97809 1.1077e-08
5.7098e-07 0.0035986 0.98319 1.6989e-08
5.4025e-07 0.0035946 0.98502 2.403e-08
5.1543e-07 0.0035907 0.98727 3.2334e-08
4.9554e-07 0.0035871 0.98999 4.2254e-08
4.8042e-07 0.0035837 0.99064 5.4301e-08
4.686e-07 0.0035804 0.99141 6.8508e-08
4.5411e-07 0.003577 0.99214 7.9323e-08
4.3716e-07 0.0035736 0.99282 8.7062e-08
4.1772e-07 0.0035701 0.99348 9.1795e-08
4.0221e-07 0.0035668 0.99359 9.8818e-08
3.8431e-07 0.0035637 0.99369 1.0278e-07
3.6398e-07 0.0035604 0.99379 1.0374e-07
3.4121e-07 0.0035572 0.99388 1.0171e-07
3.2195e-07 0.0035538 0.994 1.0189e-07
3.0545e-07 0.0035506 0.99416 1.0388e-07
2.8652e-07 0.0035474 0.9943 1.0275e-07
3.2799e-07 0.003544 0.99443 9.8587e-08
3.6651e-07 0.0035406 0.99455 9.1369e-08
4.1065e-07 0.0035374 0.9947 8.6458e-08
4.6164e-07 0.0035344 0.99464 8.3653e-08
5.2035e-07 0.0035315 0.9946 8.2836e-08
5.8822e-07 0.0035288 0.99458 8.4052e-08
6.6592e-07 0.0035263 0.9946 8.7158e-08
7.3737e-07 0.0035237 0.9946 8.6829e-08
8.0256e-07 0.003521 0.99459 8.2911e-08
8.1019e-07 0.0035185 0.99466 8.2059e-08
8.1352e-07 0.0035159 0.99471 7.7285e-08
8.1238e-07 0.0035132 0.99474 6.8374e-08
7.747e-07 0.0035104 0.99466 6.526e-08
7.4595e-07 0.0035078 0.99462 6.5e-08
7.1184e-07 0.003505 0.99457 6.0971e-08
6.8534e-07 0.0035025 0.99455 5.9291e-08
6.5314e-07 0.0034998 0.99452 5.3639e-08
6.2812e-07 0.003497 0.99453 5.0233e-08
5.9734e-07 0.003494 0.99453 4.2918e-08
5.762e-07 0.0034913 0.99435 3.8445e-08
5.6087e-07 0.0034888 0.99422 3.5593e-08
5.5182e-07 0.0034865 0.99374 3.4474e-08
5.3871e-07 0.0034841 0.99321 3.0115e-08
5.3065e-07 0.003482 0.99279 2.7024e-08
5.1823e-07 0.0034797 0.99232 2.0583e-08
5.0169e-07 0.0034772 0.99178 3.145e-08
4.9026e-07 0.003475 0.99136 4.5011e-08
4.7444e-07 0.0034727 0.99087 5.427e-08
4.6868e-07 0.0034702 0.99057 5.2979e-08
4.6796e-07 0.003468 0.99035 5.4111e-08
4.7216e-07 0.0034659 0.98959 5.7357e-08
4.7232e-07 0.0034638 0.98873 5.6721e-08
4.6841e-07 0.0034615 0.98774 5.2183e-08
4.9261e-07 0.0034591 0.98589 5.9955e-08
5.1238e-07 0.0034565 0.9838 1.3677e-07
5.3895e-07 0.0034542 0.9822 1.5735e-07
5.7331e-07 0.0034521 0.98097 1.8648e-07
6.1567e-07 0.0034502 0.98 2.253e-07
6.5186e-07 0.0034482 0.9789 2.5582e-07
6.9652e-07 0.0034464 0.97803 2.9704e-07
7.5252e-07 0.0034449 0.97529 2.9424e-07
8.201e-07 0.0034435 0.97311 2.9811e-07
8.7958e-07 0.003442 0.97064 2.9575e-07
9.5128e-07 0.0034407 0.96867 2.9997e-07
1.0145e-06 0.0034393 0.96644 2.9797e-07
1.0702e-06 0.0034378 0.96395 2.896e-07
1.1394e-06 0.0034365 0.962 2.8931e-07
1.2011e-06 0.003435 0.95984 2.8343e-07
1.2558e-06 0.0034335 0.95744 2.7189e-07
1.3223e-06 0.0034322 0.9555 2.6662e-07
1.3807e-06 0.0034308 0.95333 2.5548e-07
1.4322e-06 0.0034293 0.95092 2.3873e-07
1.4772e-06 0.0034276 0.94825 2.1606e-07
1.5157e-06 0.0034259 0.94526 1.87e-07
1.5665e-06 0.0034244 0.94295 1.6658e-07
1.6007e-06 0.0034231 0.93998 1.5373e-07
1.6464e-06 0.0034221 0.93765 1.4614e-07
1.6837e-06 0.0034209 0.93497 1.9447e-07
1.7071e-06 0.0034199 0.93159 2.1886e-07
1.7238e-06 0.0034189 0.92776 2.3836e-07
1.7518e-06 0.0034181 0.92482 2.6752e-07
1.7907e-06 0.0034175 0.92251 3.1014e-07
1.8415e-06 0.0034171 0.9207 3.0795e-07
1.9057e-06 0.0034169 0.91927 3.1272e-07
2.0119e-06 0.0034165 0.91843 3.0977e-07
2.1451e-06 0.0034164 0.91554 3.1461e-07
2.3071e-06 0.0034165 0.91327 3.274e-07
2.4532e-06 0.0034166 0.91073 3.3378e-07
2.5847e-06 0.0034164 0.90787 3.339e-07
2.7445e-06 0.0034165 0.90563 2.8205e-07
2.8894e-06 0.0034165 0.90313 2.9974e-07
3.0609e-06 0.0034167 0.90111 3.2525e-07
3.2616e-06 0.0034171 0.89947 3.5971e-07
3.4465e-06 0.0034174 0.89765 3.8705e-07
3.6185e-06 0.0034175 0.89567 4.0832e-07
3.7786e-06 0.0034176 0.89351 4.238e-07
3.9648e-06 0.0034179 0.89175 4.4721e-07
4.1367e-06 0.0034181 0.88979 4.6403e-07
4.1456e-06 0.0034184 0.88824 4.8957e-07
4.147e-06 0.0034187 0.88652 5.0801e-07
4.1624e-06 0.0034191 0.88516 5.3734e-07
4.1932e-06 0.0034198 0.88412 5.8031e-07
4.2418e-06 0.0034207 0.88336 6.4341e-07
4.3087e-06 0.0034215 0.8828 7.2965e-07
4.4367e-06 0.0034225 0.88115 8.4903e-07
4.5997e-06 0.0034237 0.87615 1.0132e-06
4.8028e-06 0.0034251 0.87231 1.2384e-06
4.9825e-06 0.0034265 0.86791 1.442e-06
5.2058e-06 0.0034278 0.86454 1.7206e-06
5.4817e-06 0.0034291 0.86196 2.1009e-06
5.8213e-06 0.0034304 0.86001 2.6195e-06
6.1148e-06 0.0034317 0.86001 3.0627e-06
6.6401e-06 0.003433 0.8594 4.0549e-06
7.1111e-06 0.0034343 0.85867 4.8962e-06
7.5815e-06 0.0034358 0.85794 5.7367e-06
8.0515e-06 0.0034376 0.85722 6.5764e-06
8.5211e-06 0.0034396 0.85649 7.4152e-06
8.9901e-06 0.0034419 0.85576 8.2532e-06
9.4587e-06 0.0034444 0.85504 9.0903e-06
9.9268e-06 0.0034471 0.85432 9.9266e-06
1.0394e-05 0.0034498 0.8536 1.0762e-05
1.0862e-05 0.0034526 0.85288 1.1597e-05
