

Model 7: beta

TREE # 1

  0  0.0000  27381.003022  x:  2.00000   0.42211   1.96103  
  1 99.0000  26491.178660  x:  2.00128   0.14225   1.97708  
  2 4418.1969  26474.524886  x:  1.62200   0.15741   2.41956  
  3 64.0864  26472.322738  x:  1.47838   0.15308   2.38234  
  4 26.4181  26344.549894  x:  2.22737   0.24785  13.87749  
  5  2.2810  26302.969141  x:  1.47568   0.22350  14.83592  
  6  0.4967  26238.248571  x:  1.79141   0.22691  25.18987  
  7  1.2948  26138.596151  x:  1.33678   0.19521  80.57262  
  8 15.2029  26096.875969  x:  1.82767   0.23425  99.00000  
  9 14.1630  26078.833479  x:  1.73019   0.30038  99.00000  
 10  0.0410  26077.988391  x:  1.62184   0.29674  99.00000  
 11  0.0845  26077.981072  x:  1.62292   0.29531  99.00000  
 12  0.0015  26077.981071  x:  1.62285   0.29531  99.00000  

Model 8: beta&w>1

TREE # 1

  0  0.0000  41042.925346  x:  1.62285   0.90000   0.86681   1.06565   2.13657  
  1 99.0000  26761.073364  x:  1.64472   0.57383   0.15851   1.20626   2.15695  
  2 24220.8718  26689.516385  x:  1.64403   0.66716   0.11341   1.21868   2.16138  
  3 974.6133  26485.898879  x:  1.74474   0.99999   0.15785   2.26248   2.35717  
  4 411.5719  26485.898879  x:  1.74474   0.99999   0.15785   2.26248   2.35717  
  5 21.1291  26470.659067  x:  1.74467   0.99787   0.14543   2.26296   2.35717  
  6 1825.4761  26470.473206  x:  1.74390   0.99999   0.14503   2.26484   2.35719  
  7 66.2290  26447.986766  x:  1.38536   0.99999   0.16293   3.21404   2.29795  
  8 80.3094  26443.195320  x:  1.30135   0.96600   0.16736   3.45740   2.27898  
  9 2157.2878  26397.554357  x:  1.96244   0.95820   0.20300   6.41562   1.93119  
 10 127.5887  26385.665238  x:  1.96348   0.99999   0.19317   6.59571   1.45686  
 11 18.4432  26368.897268  x:  1.54187   0.99999   0.22092   8.95327   3.39711  
 12  1.2939  26336.238430  x:  1.00790   0.95603   0.25606  11.93919   5.85453  
 13 82083.8768  26292.398356  x:  0.70051   0.89242   0.31308  17.07985   9.21276  
 14  9.4410  26028.035391  x:  1.00857   0.65186   0.54019  35.70717  21.07248  
 15 12.8297  25990.220764  x:  1.49445   0.73137   0.49467  32.23786  18.44760  
 16  1.6098  25969.479768  x:  1.74329   0.71073   0.56346  38.94818  21.90490  
 17  4.5004  25942.557667  x:  2.06878   0.80884   0.58423  43.03182  22.84168  
 18  1.6247  25894.333737  x:  1.94996   0.89266   0.76943  65.12119  32.64283  
 19  5.6045  25874.727594  x:  1.69633   0.87218   0.83682  72.31102  36.28280  
 20 19.7082  25867.592382  x:  1.48468   0.89646   0.91006  81.13020  40.29072  
 21  9.9071  25866.162061  x:  1.55013   0.90748   0.95818  86.75586  42.85045  
 22  3.4651  25865.511086  x:  1.57335   0.90630   0.98164  89.45049  44.12738  
 23  3.1459  25865.390884  x:  1.55222   0.90964   1.00164  91.90970  45.27226  
 24  2.5259  25865.388598  x:  1.55492   0.91002   1.00271  92.23029  45.42838  
 25  0.2109  25865.387018  x:  1.55403   0.91070   0.99999  92.38466  45.51530  
 26  0.0597  25865.387018  x:  1.55403   0.91070   0.99999  92.38466  45.51530  
 27  0.0369  25865.385335  x:  1.55319   0.91065   1.00255  92.41002  45.51997  
 28  0.1722  25865.352705  x:  1.55108   0.91043   1.00272  92.30285  45.49424  
 29  0.0138  25862.378832  x:  1.37796   0.88453   1.01925  77.71675  42.90402  
 30  6.8139  25853.332115  x:  1.32098   0.83887   1.04854  54.78310  40.61654  
 31  9.3396  25846.543603  x:  1.40501   0.81229   1.05020  43.04723  40.32658  
 32 30.4805  25622.144500  x:  5.97357   0.63146   0.72050  10.71796  73.92304  
 33  5.8562  25591.462068  x:  6.45333   0.61004   0.68348   6.17141  77.34498  
 34 2580.0125  25586.962823  x:  6.42208   0.59296   0.81370   7.83239  77.69540  
 35  2.2900  25549.100120  x:  5.19008   0.52181   1.04518   7.97483  68.28002  
 36  2.3716  25537.704051  x:  4.41915   0.50536   1.14429  10.62315  62.45723  
 37  7.6031  25526.593674  x:  4.69061   0.47903   1.11817  11.02076  64.54556  
 38  1.0400  25517.941292  x:  4.21438   0.43496   1.02491   9.93821  59.99349  
 39  1.9720  25512.924472  x:  4.44730   0.44317   0.79559   7.39552  60.77208  
 40  2.0287  25512.812053  x:  4.51386   0.44457   0.79697   7.24496  61.30961  
 41  0.9877  25512.812053  x:  4.51386   0.44457   0.79697   7.24496  61.30961  
 42  0.0500  25510.792461  x:  4.29765   0.44979   0.81919   7.26128  59.96994  
 43 16.7752  25476.977978  x:  4.22218   0.48217   0.82599   7.66270  62.44526  
 44  0.3136  25078.121206  x:  0.75672   0.65753   1.22560  14.25666  86.25849  
 45 13.3127  25046.420819  x:  0.53253   0.64931   1.27388  14.79498  88.45200  
 46 19.5478  24725.597333  x:  1.11949   0.51146   1.77226  18.57255  117.24809  
 47 67.0421  24602.904798  x:  1.19577   0.67103   3.30279  27.44501  177.38841  
 48 11.8996  24582.132876  x:  1.26007   0.64859   3.74344  29.71947  192.70709  
 49 13.6690  24557.263482  x:  1.25197   0.72570   5.15430  37.46322  244.25171  
 50 21.4788  24546.311976  x:  1.22041   0.73277   6.24800  42.90010  279.80159  
 51 16.7533  24541.360904  x:  1.21550   0.76685   7.23661  48.06653  313.99658  
 52 37.4079  24537.607460  x:  1.25901   0.80005   9.35356  58.40448  382.25610  
 53 16.3603  24536.878800  x:  1.26328   0.79615   9.44707  58.71698  384.24026  
 54  4.3684  24535.947763  x:  1.25816   0.81595  11.01516  65.97019  431.66498  
 55 12.8712  24535.519892  x:  1.26119   0.81639  11.46451  67.72167  442.94004  
 56  5.2627  24534.875289  x:  1.27610   0.83124  12.99221  74.27580  485.61715  
 57 19.1669  24533.548249  x:  1.29992   0.83230  14.36103  78.50211  512.18237  
 58  6.3756  24532.302563  x:  1.30846   0.84633  16.43468  85.98870  559.99718  
 59 27.0487  24530.422195  x:  1.28590   0.83221  16.59460  82.51018  534.66665  
 60  9.9380  24528.857280  x:  1.29196   0.81751  15.07047  74.27426  480.17641  
 61 31.0933  24528.724750  x:  1.31179   0.81494  14.63139  72.77732  470.82296  
 62  7.6112  24528.708526  x:  1.31314   0.81535  14.67332  73.10070  473.01954  
 63  3.0443  24528.651690  x:  1.30747   0.80847  13.88420  69.94713  452.64024  
 64  8.1325  24528.649665  x:  1.30649   0.80828  13.87613  69.93229  452.54936  
 65  0.0931  24528.649444  x:  1.30633   0.80783  13.82725  69.73231  451.25574  
 66  0.8755  24528.648415  x:  1.30692   0.80776  13.83618  69.74212  451.30978  
 67  0.0070  24528.640669  x:  1.31115   0.80728  13.89030  69.78310  451.54794  
 68  0.0933  24528.563400  x:  1.31078   0.80669  13.81210  69.46739  449.78441  
 69  0.2242  24528.563400  x:  1.31078   0.80669  13.81210  69.46739  449.78441  
 70 207.8597  24528.560656  x:  1.31075   0.80694  13.81211  69.46736  449.78441  
 71 21.5611  24528.535713  x:  1.30026   0.80706  13.81396  69.46150  449.78525  
 72  4.2246  24525.224876  x:  1.32823   0.79765  14.69462  66.33936  450.23484  
 73  2.7313  24173.449450  x:  1.30049   0.80893   2.44486   7.84670  459.75070  
 74  8.6306  24173.449450  x:  1.30049   0.80893   2.44486   7.84670  459.75070  
 75 23.5162  24161.438799  x:  1.30061   0.79085   2.44282   7.84690  459.75071  
 76 1379.7258  24113.962847  x:  1.48566   0.80959   1.73740   7.87322  459.75285  
 77 118.2983  24105.285481  x:  1.30938   0.81768   1.54395   7.81357  459.75420  
 78 84.3899  24036.274602  x:  1.47157   0.80939   0.65270   3.61377  459.81374  
 79 23.8092  24004.792346  x:  1.51892   0.80134   0.39386   1.67299  459.88464  
 80 20.0639  23984.862431  x:  1.53346   0.79565   0.39521   1.11133  459.96804  
 81  4.2673  23963.818803  x:  1.41429   0.79665   0.60509   1.89831  460.22566  
 82  1.4804  23959.982833  x:  1.35606   0.78788   0.59904   1.64665  460.75487  
 83  0.4751  23959.480452  x:  1.40214   0.78498   0.59264   1.57458  461.24320  
 84  0.4225  23958.881899  x:  1.40828   0.78398   0.58368   1.62084  463.79680  
 85  0.4655  23955.216433  x:  1.37020   0.78388   0.54551   1.38748  479.22289  
 86  1.9285  23934.820615  x:  1.33702   0.82431   0.44373   0.92293  596.85134  
 87 24.2683  23917.405741  x:  1.33188   0.86010   0.46945   1.17117  686.39838  
 88 119.0211  23898.276516  x:  1.47036   0.85870   0.58446   1.54793  743.98113  
 89 45.1072  23888.898203  x:  1.49766   0.88251   0.61688   1.56860  850.09699  
 90 131.1524  23875.584537  x:  1.43771   0.89922   0.61658   1.47451  999.00000  
 91 71.0925  23872.620824  x:  1.43673   0.89406   0.61451   1.48519  999.00000  
 92  0.1752  23872.098299  x:  1.41796   0.89410   0.57630   1.39455  999.00000  
 93  0.0711  23872.078636  x:  1.42712   0.89395   0.57227   1.38243  999.00000  
 94  0.0135  23872.078350  x:  1.42739   0.89391   0.57262   1.38144  999.00000  
 95  0.0009  23872.078347  x:  1.42734   0.89390   0.57254   1.38114  999.00000  