

Model 7: beta

TREE # 1

  0  0.0000  26106.458905  x:  2.00000   0.48040   1.68483  
  1 99.0000  25411.485645  x:  2.01387   0.13070   1.70274  
  2 4013.8929  25303.867268  x:  6.81846   0.26635   3.14078  
  3 102.7236  25210.942493  x:  8.45504   0.16975   0.63216  
  4 26.6447  25202.338477  x:  8.48286   0.15850   0.79890  
  5  1.6401  25202.338477  x:  8.48286   0.15850   0.79890  
  6  0.4254  25201.696781  x:  8.48320   0.15479   0.79859  
  7 339.1441  25180.203431  x:  8.72831   0.14073   0.46115  
  8 53.3136  25028.648426  x: 11.90372   0.13185   0.19469  
  9 58.7909  24823.665799  x: 17.83562   0.14248   0.12133  
 10 53.1691  24151.436645  x: 75.79248   0.29725   0.53422  
 11 58.4260  24023.219259  x: 79.04297   0.20724   0.41747  
 12  0.4067  23960.634946  x: 85.52763   0.15241   0.34422  
 13  8.7409  23914.652320  x: 114.81564   0.17047   0.36003  
 14  7.3251  23902.856704  x: 123.81257   0.15336   0.33644  
 15 21.2198  23901.955377  x: 130.03293   0.15523   0.33830  
 16  3.6157  23901.944700  x: 130.74521   0.15513   0.33912  
 17  0.5682  23901.900298  x: 130.43137   0.15603   0.34726  
 18  0.0513  23901.886329  x: 130.72716   0.15700   0.35088  
 19  0.2139  23901.885193  x: 130.99150   0.15706   0.35160  
 20  0.1652  23901.885190  x: 130.98308   0.15705   0.35158  
 21  0.0081  23901.885190  x: 130.98308   0.15705   0.35158  
 22  0.0085  23901.885189  x: 130.98308   0.15705   0.35158  

Model 8: beta&w>1

TREE # 1

  0  0.0000  27678.962859  x: 130.98308   0.90000   0.96484   1.68876   2.99940  
  1 99.0000  23692.209582  x: 130.98301   0.34385   0.24115   1.79501   3.02214  
  2 13510.7126  23591.848089  x: 130.98245   0.46031   0.13771   1.80638   3.04390  
  3 1106.3571  23315.580368  x: 130.90018   0.68488   0.37037   4.35306   5.97541  
  4 173.6160  22229.976365  x: 130.29027   0.25159   0.42030   0.75509  16.96359  
  5 115.4986  21949.911522  x: 127.76494   0.13044   0.52967   0.45864  23.29613  
  6 24.1599  21340.322162  x: 120.37913   0.05344   0.79991   1.64579  35.21876  
  7 58.9301  19619.011039  x: 80.08455   0.57865   1.56323   4.85539  91.34624  
  8 47.7675  16720.295539  x:  1.88998   0.51226   2.13741   5.87655  128.56879  
  9 18.2002  16720.035222  x:  1.94633   0.51229   2.13706   5.87583  128.54648  
 10 28.9843  16697.675669  x:  1.84245   0.57936   2.19013   6.10048  133.71711  
 11  1.8975  16663.486057  x:  1.77515   0.60609   2.36016   6.34445  148.33897  
 12  1.8281  16579.602423  x:  2.15622   0.72380   3.26854   7.55235  226.75630  
 13 43.8130  16558.114809  x:  2.23562   0.70029   3.45754   7.66658  242.81091  
 14 24.9372  16532.259935  x:  2.19483   0.77255   4.27388   8.62443  313.75950  
 15 30.1047  16517.044114  x:  2.10661   0.79177   5.20988   9.51610  395.30453  
 16 24.0869  16511.510915  x:  2.12059   0.81902   5.70639  10.04637  438.52821  
 17 90.2523  16508.916563  x:  2.28342   0.83517   6.31325  10.63691  491.56107  
 18 23.1896  16507.971578  x:  2.31404   0.83233   6.39273  10.69469  498.66712  
 19  9.1889  16506.057546  x:  2.25824   0.85229   7.21514  11.47718  571.04244  
 20 26.6738  16505.591327  x:  2.24776   0.85399   7.44969  11.68447  591.95230  
 21 13.4548  16505.340667  x:  2.26687   0.86239   7.88218  12.09047  630.16612  
 22 34.5850  16505.253995  x:  2.29261   0.86511   8.11138  12.30127  650.66582  
 23  9.6264  16505.218129  x:  2.28048   0.86809   8.28533  12.46593  666.30131  
 24  7.4094  16505.172579  x:  2.26668   0.86746   8.27651  12.46381  666.05603  
 25  0.1083  16504.612959  x:  2.29930   0.87464   8.72631  12.96156  710.36146  
 26  5.5388  16503.165689  x:  2.34137   0.89026   9.60426  14.13669  807.55092  
 27 61.8298  16500.218573  x:  2.40088   0.89270   9.55003  14.91654  847.10732  
 28 33.0252  16497.247119  x:  2.37638   0.90854  10.21539  16.38243  951.38630  
 29 138.9834  16493.195592  x:  2.14200   0.91572   9.75522  17.52707  993.56773  
 30 22.8527  16492.252638  x:  2.18993   0.91452   9.33772  17.63776  982.46114  
 31  8.7166  16491.940047  x:  2.20439   0.91710   9.34508  17.94374  999.00000  
 32 57.4954  16491.514420  x:  2.22161   0.91579   9.14619  17.73980  999.00000  
 33  0.3381  16482.909562  x:  2.37224   0.91982   7.15813  16.14525  999.00000  
 34  0.3191  16461.555419  x:  2.56187   0.92324   3.67352  11.10159  999.00000  
 35  8.8578  16452.346441  x:  2.67022   0.92373   2.40306   8.58292  999.00000  
 36 38.6888  16428.355759  x:  2.82772   0.92301   1.19502   5.31664  999.00000  
 37 19.6980  16412.662367  x:  2.90213   0.92218   0.70952   3.68949  999.00000  
 38 24.2840  16368.480222  x:  2.92072   0.92179   0.31728   1.94198  999.00000  
 39  9.0198  16315.429430  x:  2.84630   0.92296   0.14361   0.85512  999.00000  
 40  9.4783  16225.821385  x:  2.63795   0.92737   0.10456   0.22299  999.00000  
 41  5.0424  16175.775119  x:  2.21392   0.92949   0.27073   0.81816  999.00000  
 42  0.8982  16132.636153  x:  2.06774   0.92159   0.24550   0.37569  999.00000  
 43  0.8501  16116.169508  x:  2.46325   0.91125   0.26136   0.35912  999.00000  
 44  0.1828  16115.268636  x:  2.37575   0.91051   0.28312   0.37828  999.00000  
 45  0.0386  16115.053336  x:  2.37830   0.91125   0.29500   0.41353  999.00000  
 46  0.0283  16114.790699  x:  2.40588   0.91190   0.30609   0.41728  999.00000  
 47  0.0357  16114.787014  x:  2.40104   0.91182   0.30739   0.41775  999.00000  
 48  0.0045  16114.786995  x:  2.40139   0.91182   0.30753   0.41798  999.00000  
 49  0.0004  16114.786995  x:  2.40140   0.91182   0.30752   0.41797  999.00000  