Malurus_cyaneus Manacus_vitellinus Melopsittacus_undulatus Merops_nubicus Mesitornis_unicolor
1.5615e-05 1.1871e-05 6.995e-06 4.7838e-06 3.0264e-05
1.2905e-05 1.1105e-05 6.1689e-06 3.798e-06 2.8761e-05
1.0285e-05 1.0392e-05 5.3848e-06 2.9078e-06 2.7334e-05
7.6299e-06 9.6597e-06 4.585e-06 1.9837e-06 2.5879e-05
5.0844e-06 8.9901e-06 3.8348e-06 1.1681e-06 2.4514e-05
4.8021e-06 8.2873e-06 3.058e-06 1.0783e-06 2.31e-05
4.5347e-06 7.6591e-06 2.341e-06 1.0038e-06 2.1796e-05
4.2854e-06 7.1144e-06 1.693e-06 9.4608e-07 2.0618e-05
4.0504e-06 6.6426e-06 1.6065e-06 8.7663e-07 1.9371e-05
4.2723e-06 6.136e-06 1.5125e-06 8.0033e-07 1.806e-05
4.5107e-06 5.6981e-06 1.4287e-06 7.4027e-07 1.6877e-05
4.7636e-06 5.3113e-06 1.3528e-06 6.9171e-07 1.5794e-05
4.999e-06 4.8926e-06 1.2695e-06 6.3307e-07 1.4649e-05
5.2184e-06 4.4428e-06 1.1793e-06 5.6454e-07 1.3444e-05
5.4558e-06 4.0595e-06 1.0987e-06 5.1019e-07 1.2359e-05
5.7089e-06 3.7213e-06 1.0258e-06 4.6574e-07 1.1365e-05
5.9438e-06 3.3544e-06 9.4586e-07 5.1875e-07 1.0313e-05
6.1947e-06 3.0304e-06 8.7287e-07 5.8293e-07 9.3501e-06
6.4625e-06 2.7445e-06 8.0623e-07 6.6029e-07 8.4683e-06
6.7523e-06 2.4979e-06 7.466e-07 7.5658e-07 7.6734e-06
7.0613e-06 2.2803e-06 6.8132e-07 8.7302e-07 6.9455e-06
7.4924e-06 2.04e-06 6.1029e-07 9.756e-07 6.1785e-06
7.9018e-06 1.781e-06 5.3278e-07 1.0652e-06 5.3708e-06
8.3369e-06 1.5517e-06 4.6129e-07 1.1737e-06 4.6299e-06
8.7478e-06 1.3027e-06 3.8332e-07 1.2672e-06 3.8455e-06
9.1376e-06 1.0352e-06 2.9949e-07 1.3482e-06 3.0211e-06
9.5581e-06 8.0271e-07 2.2297e-07 1.4515e-06 2.2749e-06
9.9543e-06 5.5052e-07 2.2593e-07 1.5396e-06 2.1894e-06
1.0329e-05 5.2108e-07 2.2579e-07 1.6148e-06 2.0938e-06
1.0729e-05 4.961e-07 2.2643e-07 1.7088e-06 2.008e-06
1.1157e-05 4.7522e-07 2.2787e-07 1.8246e-06 1.9313e-06
1.1619e-05 4.5906e-07 2.3056e-07 1.9711e-06 1.865e-06
1.1587e-05 4.464e-07 2.341e-07 1.9805e-06 1.8068e-06
1.1511e-05 4.0241e-07 2.4308e-07 2.0759e-06 1.5921e-06
1.1465e-05 4.0776e-07 2.436e-07 2.1169e-06 1.5407e-06
1.1402e-05 4.0901e-07 2.4097e-07 2.146e-06 1.4807e-06
1.1322e-05 4.0616e-07 2.3516e-07 2.1637e-06 1.4121e-06
1.1262e-05 4.0698e-07 2.307e-07 2.2002e-06 1.3522e-06
1.1219e-05 4.1072e-07 2.2709e-07 2.2538e-06 1.2987e-06
1.1195e-05 4.1823e-07 2.2474e-07 2.3298e-06 1.2528e-06
1.1154e-05 4.2158e-07 2.1927e-07 2.3923e-06 1.1989e-06
1.113e-05 4.2794e-07 2.146e-07 2.4748e-06 1.1508e-06
1.1126e-05 4.3826e-07 2.1112e-07 2.4324e-06 1.1095e-06
1.1137e-05 4.5187e-07 2.0837e-07 2.4071e-06 1.0732e-06
1.1131e-05 4.608e-07 2.0237e-07 2.3665e-06 1.0288e-06
1.1107e-05 4.6664e-07 1.9329e-07 2.3132e-06 9.7675e-07
1.1104e-05 4.7666e-07 1.8535e-07 2.2806e-06 9.3195e-07
1.1119e-05 4.9108e-07 1.7848e-07 2.0807e-06 8.9306e-07
1.1151e-05 4.5463e-07 1.722e-07 1.915e-06 8.5841e-07
1.1165e-05 4.2441e-07 1.6646e-07 1.7784e-06 8.2773e-07
1.1194e-05 3.9834e-07 1.6122e-07 1.6677e-06 8.0079e-07
1.1246e-05 3.769e-07 1.5679e-07 1.5819e-06 7.785e-07
1.1292e-05 3.5065e-07 1.493e-07 1.4808e-06 7.4901e-07
1.1334e-05 3.2877e-07 1.4258e-07 1.4024e-06 7.24e-07
1.1369e-05 3.0218e-07 1.3281e-07 1.3097e-06 6.9186e-07
1.14e-05 2.8039e-07 1.73e-07 1.2017e-06 6.5249e-07
1.1425e-05 2.6205e-07 2.158e-07 1.113e-06 6.1653e-07
1.1445e-05 2.3593e-07 2.5421e-07 1.0098e-06 5.7341e-07
1.146e-05 2.0519e-07 2.8832e-07 8.9081e-07 5.2302e-07
1.1469e-05 1.824e-07 3.1851e-07 7.5654e-07 4.6571e-07
1.1473e-05 1.6199e-07 3.0596e-07 6.4411e-07 4.1207e-07
1.1458e-05 1.375e-07 2.8971e-07 5.1574e-07 3.5114e-07
1.1426e-05 1.5715e-07 2.6994e-07 5.2252e-07 3.9123e-07
1.1378e-05 1.7321e-07 3.1818e-07 5.226e-07 4.2517e-07
1.1345e-05 1.9125e-07 3.7012e-07 5.2903e-07 4.6146e-07
1.1296e-05 2.0565e-07 4.1739e-07 5.2871e-07 4.9154e-07
1.1267e-05 2.228e-07 4.6956e-07 5.3628e-07 5.2508e-07
1.1167e-05 2.3619e-07 8.4578e-07 5.3703e-07 5.5232e-07
1.1084e-05 2.5183e-07 1.2563e-06 5.4425e-07 5.8219e-07
1.1018e-05 2.6994e-07 1.38e-06 5.5816e-07 6.1491e-07
1.0967e-05 2.9081e-07 1.5153e-06 5.792e-07 6.5076e-07
1.0899e-05 3.1492e-07 1.5319e-06 6.0804e-07 6.9001e-07
1.0811e-05 3.3447e-07 1.5427e-06 6.2864e-07 7.2204e-07
1.0705e-05 3.4955e-07 1.5477e-06 6.4123e-07 7.4693e-07
1.0581e-05 3.6026e-07 1.5469e-06 6.4507e-07 7.6475e-07
1.0437e-05 3.6664e-07 1.5402e-06 6.4109e-07 7.7556e-07
1.0275e-05 3.6872e-07 1.5279e-06 6.2927e-07 1.0336e-06
1.0133e-05 3.7422e-07 1.5215e-06 6.2623e-07 1.0964e-06
1.0011e-05 3.8321e-07 1.5211e-06 6.3174e-07 1.1668e-06
9.908e-06 3.9578e-07 1.5265e-06 6.4586e-07 1.2456e-06
9.7891e-06 4.0441e-07 1.527e-06 6.5313e-07 1.3161e-06
9.656e-06 4.0947e-07 1.523e-06 6.5432e-07 1.3794e-06
9.5388e-06 4.1754e-07 1.5239e-06 6.6292e-07 1.4497e-06
9.4093e-06 4.224e-07 1.521e-06 6.6549e-07 1.5134e-06
9.2893e-06 4.289e-07 1.5209e-06 6.7262e-07 1.5813e-06
9.1782e-06 4.3705e-07 1.5238e-06 6.7757e-07 1.6461e-06
9.0577e-06 4.4257e-07 1.5236e-06 6.8034e-07 1.7077e-06
8.9281e-06 4.4558e-07 1.5206e-06 6.8094e-07 1.7662e-06
8.8052e-06 4.4973e-07 1.5197e-06 6.7935e-07 1.8216e-06
8.6733e-06 4.5138e-07 1.5159e-06 6.7559e-07 1.8738e-06
8.548e-06 4.5417e-07 1.5143e-06 6.6964e-07 1.9229e-06
8.429e-06 4.5812e-07 1.5149e-06 6.6152e-07 1.9688e-06
8.3011e-06 4.5954e-07 1.5125e-06 6.5121e-07 2.0116e-06
8.1819e-06 4.6274e-07 1.5131e-06 6.3873e-07 2.0513e-06
8.0529e-06 4.6319e-07 1.5105e-06 6.2407e-07 2.0878e-06
7.9328e-06 4.655e-07 1.3345e-06 6.0722e-07 2.1212e-06
7.8218e-06 4.6981e-07 1.1691e-06 5.882e-07 2.1515e-06
7.7208e-06 4.7644e-07 1.0144e-06 5.67e-07 2.1786e-06
7.6316e-06 4.8602e-07 8.7131e-07 5.4362e-07 2.2025e-06
7.5551e-06 4.9905e-07 7.396e-07 5.1806e-07 2.2234e-06
7.4643e-06 5.0789e-07 7.4991e-07 4.9031e-07 2.2411e-06
7.3601e-06 5.1286e-07 7.5643e-07 4.6039e-07 2.2556e-06
7.2665e-06 5.2067e-07 7.6537e-07 4.2829e-07 2.267e-06
7.1829e-06 5.3132e-07 7.767e-07 3.9401e-07 2.2753e-06
7.1088e-06 5.4488e-07 7.9045e-07 3.5755e-07 2.2804e-06
7.0222e-06 5.5458e-07 8.0047e-07 3.1891e-07 2.2824e-06
6.9229e-06 5.6046e-07 8.0123e-07 2.781e-07 2.2813e-06
6.8358e-06 5.7008e-07 8.0508e-07 2.351e-07 2.277e-06
6.7364e-06 5.7589e-07 8.0528e-07 1.8992e-07 2.2696e-06
6.6483e-06 5.8531e-07 8.0839e-07 1.511e-07 2.2693e-06
6.5473e-06 5.9071e-07 8.0769e-07 1.0648e-07 2.2612e-06
6.4314e-06 5.9152e-07 8.0267e-07 1.1567e-07 2.2442e-06
6.3e-06 5.8755e-07 7.9316e-07 1.2029e-07 2.218e-06
6.1521e-06 5.7859e-07 7.7897e-07 1.4114e-07 2.182e-06
6.0198e-06 5.7441e-07 7.6873e-07 1.6683e-07 2.1555e-06
5.9024e-06 5.7492e-07 7.6234e-07 1.9847e-07 2.1382e-06
5.7703e-06 5.7089e-07 8.7647e-07 2.2406e-07 2.1122e-06
5.6528e-06 5.7152e-07 1.0029e-06 2.5627e-07 2.0952e-06
5.5442e-06 5.7515e-07 1.1388e-06 2.9358e-07 2.0839e-06
5.4267e-06 5.7599e-07 1.2703e-06 3.2685e-07 2.0673e-06
5.3004e-06 5.792e-07 1.4095e-06 3.6422e-07 2.0547e-06
5.1653e-06 5.7968e-07 1.5443e-06 3.9753e-07 2.0368e-06
5.0361e-06 5.8221e-07 1.6871e-06 4.3525e-07 2.0227e-06
4.9125e-06 5.8682e-07 1.8385e-06 4.7793e-07 2.0124e-06
4.7807e-06 5.8881e-07 1.9856e-06 5.1653e-07 1.9972e-06
4.6528e-06 5.9235e-07 2.1402e-06 5.594e-07 1.9847e-06
4.5163e-06 5.9313e-07 2.29e-06 5.9887e-07 1.967e-06
4.3852e-06 5.9602e-07 2.4491e-06 6.4416e-07 1.953e-06
4.2591e-06 6.0103e-07 2.6183e-06 6.9595e-07 1.9427e-06
4.1366e-06 6.0765e-07 2.7965e-06 7.5359e-07 1.935e-06
4.0055e-06 6.1149e-07 2.9687e-06 8.0624e-07 1.9221e-06
3.8662e-06 6.1267e-07 3.1361e-06 8.5427e-07 1.9043e-06
3.7304e-06 6.1549e-07 3.3125e-06 9.084e-07 1.8892e-06
3.5864e-06 6.1566e-07 3.4841e-06 9.578e-07 1.8691e-06
3.4343e-06 6.1314e-07 3.6508e-06 1.0024e-06 1.8441e-06
3.29e-06 6.1397e-07 3.6215e-06 1.058e-06 1.8247e-06
3.1516e-06 6.1761e-07 3.5987e-06 1.1244e-06 1.8098e-06
3.0025e-06 6.1752e-07 3.5704e-06 1.1824e-06 1.7882e-06
2.8613e-06 6.2107e-07 3.5503e-06 1.2545e-06 1.7725e-06
3.1234e-06 6.2024e-07 3.5235e-06 1.3159e-06 1.749e-06
3.3707e-06 6.15e-07 3.4899e-06 1.3671e-06 1.7175e-06
3.6352e-06 6.1479e-07 3.4482e-06 1.4397e-06 1.6768e-06
3.9114e-06 6.1761e-07 3.4137e-06 1.5268e-06 1.6411e-06
4.1965e-06 6.2256e-07 3.3845e-06 1.6263e-06 1.6086e-06
4.4935e-06 6.3033e-07 3.3618e-06 1.7426e-06 1.5804e-06
4.7787e-06 6.348e-07 3.3345e-06 1.8497e-06 1.5463e-06
5.0767e-06 6.4224e-07 3.3137e-06 1.9756e-06 1.5165e-06
5.3556e-06 6.5482e-07 3.1228e-06 2.0754e-06 1.3167e-06
5.6492e-06 6.7108e-07 2.9473e-06 2.1953e-06 1.1305e-06
5.9263e-06 6.8275e-07 2.761e-06 2.301e-06 9.3221e-07
6.0953e-06 6.9911e-07 2.5901e-06 2.2683e-06 7.4766e-07
6.2789e-06 7.2053e-07 2.4356e-06 2.2523e-06 5.7765e-07
6.4779e-06 7.4735e-07 2.2959e-06 2.2524e-06 4.2059e-07
6.6939e-06 7.8902e-07 2.1703e-06 2.241e-06 4.2418e-07
6.9002e-06 8.2739e-07 2.0402e-06 2.2239e-06 4.2359e-07
7.1135e-06 8.689e-07 1.9165e-06 2.215e-06 4.225e-07
7.3172e-06 9.0712e-07 1.7884e-06 2.2004e-06 4.1726e-07
7.5301e-06 9.4944e-07 1.6678e-06 2.1956e-06 4.1196e-07
7.7333e-06 9.8842e-07 1.543e-06 2.1852e-06 4.0252e-07
7.9275e-06 1.0243e-06 1.4141e-06 2.1695e-06 3.8906e-07
8.131e-06 1.0644e-06 1.2925e-06 2.1636e-06 3.7551e-07
8.3249e-06 1.1011e-06 1.1667e-06 2.152e-06 3.5783e-07
8.5096e-06 1.1346e-06 1.0369e-06 2.1353e-06 3.3614e-07
8.7016e-06 1.1717e-06 9.1295e-07 2.1265e-06 3.1388e-07
8.884e-06 1.2053e-06 7.8484e-07 2.1121e-06 2.8751e-07
9.0566e-06 1.2356e-06 6.5255e-07 2.0921e-06 2.5702e-07
9.2392e-06 1.2703e-06 5.2719e-07 2.0819e-06 2.2642e-07
9.4076e-06 1.2999e-06 3.9531e-07 2.0627e-06 1.9083e-07
9.5589e-06 1.3232e-06 2.5473e-07 2.0893e-06 1.4958e-07
9.6917e-06 1.3396e-06 2.4193e-07 2.1017e-06 1.7348e-07
9.8078e-06 1.3499e-06 2.2581e-07 2.1029e-06 1.9229e-07
9.9853e-06 1.369e-06 2.1133e-07 2.122e-06 3.7302e-07
1.0171e-05 1.3917e-06 1.968e-07 2.1497e-06 5.6085e-07
1.0348e-05 1.411e-06 1.7998e-07 2.1717e-06 7.4217e-07
1.0514e-05 1.427e-06 1.6086e-07 2.1881e-06 9.1707e-07
1.067e-05 1.4396e-06 1.3942e-07 2.1988e-06 1.0856e-06
1.0817e-05 1.4488e-06 1.1568e-07 2.2038e-06 1.2478e-06
1.0953e-05 1.4545e-06 8.9549e-08 2.2029e-06 1.4033e-06
1.108e-05 1.4569e-06 1.1027e-07 2.1966e-06 1.5528e-06
1.1197e-05 1.4561e-06 1.2879e-07 2.1841e-06 1.6963e-06
1.1305e-05 1.4522e-06 1.4513e-07 2.1664e-06 1.8341e-06
1.142e-05 1.4517e-06 1.6118e-07 2.1567e-06 1.9779e-06
1.1526e-05 1.4477e-06 1.7495e-07 2.1413e-06 2.1152e-06
1.1614e-05 1.4375e-06 1.8564e-07 2.113e-06 2.2412e-06
1.1692e-05 1.4239e-06 1.9406e-07 2.0788e-06 2.3609e-06
1.178e-05 1.4145e-06 2.0243e-07 2.0546e-06 2.4879e-06
1.1859e-05 1.4019e-06 2.0861e-07 2.0251e-06 2.6091e-06
1.1929e-05 1.3862e-06 2.126e-07 1.9904e-06 2.7245e-06
1.1989e-05 1.3674e-06 2.1441e-07 1.9504e-06 2.8341e-06
1.2059e-05 1.3527e-06 2.1617e-07 1.9202e-06 2.9512e-06
1.2138e-05 1.3414e-06 2.1764e-07 1.8978e-06 3.0746e-06
1.2206e-05 1.3268e-06 2.1686e-07 1.8698e-06 3.1917e-06
1.2265e-05 1.309e-06 2.1389e-07 1.8366e-06 3.3028e-06
1.2334e-05 1.2954e-06 2.109e-07 1.8129e-06 3.4221e-06
1.2392e-05 1.2779e-06 2.0548e-07 1.7825e-06 3.5338e-06
1.2433e-05 1.2543e-06 1.9698e-07 1.7411e-06 3.6338e-06
1.2494e-05 1.238e-06 1.8922e-07 1.7143e-06 3.7472e-06
1.2578e-05 1.2294e-06 1.8255e-07 1.705e-06 3.8778e-06
1.2174e-05 1.2272e-06 1.7649e-07 1.7091e-06 4.0238e-06
1.1758e-05 1.2219e-06 1.6824e-07 1.708e-06 4.1632e-06
1.136e-05 1.2203e-06 1.5983e-07 1.7153e-06 4.3127e-06
1.0979e-05 1.2225e-06 1.5123e-07 1.7311e-06 4.4728e-06
1.0613e-05 1.2284e-06 1.4239e-07 1.7554e-06 4.644e-06
1.0236e-05 1.2311e-06 1.3136e-07 1.7745e-06 4.808e-06
9.8479e-06 1.2306e-06 1.1813e-07 1.7882e-06 4.9648e-06
9.4721e-06 1.2331e-06 1.0444e-07 1.809e-06 5.1309e-06
9.1085e-06 1.2386e-06 9.0251e-08 1.8373e-06 5.3068e-06
8.7566e-06 1.2471e-06 7.5516e-08 1.8733e-06 5.4929e-06
8.3943e-06 1.2526e-06 5.8668e-08 1.9041e-06 5.672e-06
8.021e-06 1.2548e-06 3.9649e-08 1.9293e-06 5.8434e-06
7.634e-06 1.253e-06 4.9759e-08 1.9476e-06 6.0053e-06
7.2595e-06 1.2546e-06 5.9017e-08 1.974e-06 6.1781e-06
6.8742e-06 1.2529e-06 6.6225e-08 1.995e-06 6.3433e-06
6.4777e-06 1.2549e-06 7.2604e-08 2.0247e-06 6.5199e-06
6.0959e-06 1.2609e-06 7.8306e-08 2.0646e-06 6.7104e-06
5.7028e-06 1.2635e-06 8.1916e-08 2.0986e-06 6.8926e-06
5.3256e-06 1.2706e-06 8.4964e-08 2.1444e-06 7.0909e-06
5.4939e-06 1.2718e-06 9.0527e-08 2.6488e-06 7.2727e-06
5.6458e-06 1.2664e-06 9.3332e-08 3.0925e-06 7.4365e-06
5.8103e-06 1.2675e-06 9.3493e-08 3.622e-06 7.6218e-06
5.9907e-06 1.2761e-06 9.3781e-08 3.7709e-06 7.8342e-06
6.179e-06 1.2888e-06 9.3446e-08 3.9425e-06 8.0627e-06
6.3744e-06 1.3051e-06 9.2394e-08 4.1373e-06 8.3066e-06
6.5602e-06 1.3181e-06 8.9238e-08 4.3214e-06 8.5413e-06
6.7543e-06 1.3351e-06 8.5444e-08 4.5324e-06 8.7934e-06
6.957e-06 1.3564e-06 8.0993e-08 4.7744e-06 9.0638e-06
7.1687e-06 1.382e-06 7.5866e-08 5.05e-06 9.3534e-06
7.3708e-06 1.4042e-06 6.8668e-08 5.3128e-06 9.6336e-06
7.5822e-06 1.4309e-06 6.0777e-08 5.6119e-06 9.9338e-06
7.801e-06 1.4614e-06 5.2018e-08 5.9455e-06 1.0252e-05
8.0281e-06 1.4961e-06 4.24e-08 6.3186e-06 1.0589e-05
8.2363e-06 1.5407e-06 5.4321e-08 6.3914e-06 1.0572e-05
8.4344e-06 1.5813e-06 6.4134e-08 6.4551e-06 1.0548e-05
8.6224e-06 1.6182e-06 7.1855e-08 6.51e-06 1.0515e-05
8.8003e-06 1.6613e-06 7.8961e-08 6.5856e-06 1.0496e-05
8.969e-06 1.7009e-06 8.4026e-08 6.6533e-06 1.0469e-05
9.1473e-06 1.7462e-06 8.8436e-08 6.7416e-06 1.0455e-05
9.3157e-06 2.3628e-06 9.0758e-08 6.821e-06 1.0434e-05
9.4918e-06 3.0245e-06 9.2273e-08 6.9184e-06 1.0423e-05
9.6757e-06 3.7347e-06 9.2985e-08 7.0349e-06 1.0422e-05
9.8676e-06 4.4973e-06 9.2898e-08 7.1716e-06 1.0431e-05
1.005e-05 5.2402e-06 9.0729e-08 7.2985e-06 1.0433e-05
1.0222e-05 5.9638e-06 8.6476e-08 7.4158e-06 1.0428e-05
1.0402e-05 6.7411e-06 8.1419e-08 7.5537e-06 1.0432e-05
1.0572e-05 7.4983e-06 7.4281e-08 7.6818e-06 1.0429e-05
1.0733e-05 8.2357e-06 6.506e-08 7.8e-06 1.0419e-05
1.0904e-05 9.0391e-06 5.5203e-08 7.9438e-06 1.0421e-05
1.1088e-05 9.9219e-06 4.4772e-08 8.1186e-06 1.0438e-05
1.1295e-05 1.0945e-05 6.0112e-08 8.279e-06 1.044e-05
1.1524e-05 1.2118e-05 7.585e-08 8.4901e-06 1.0464e-05
1.1735e-05 1.322e-05 8.8853e-08 8.6751e-06 1.0473e-05
1.1928e-05 1.4261e-05 9.9198e-08 8.8365e-06 1.0469e-05
1.2143e-05 1.4538e-05 1.099e-07 9.0482e-06 1.0487e-05
1.2376e-05 1.4855e-05 1.2065e-07 9.3062e-06 1.0522e-05
1.2591e-05 1.5147e-05 1.2863e-07 9.5349e-06 1.0543e-05
1.2787e-05 1.5414e-05 1.338e-07 9.7344e-06 1.0548e-05
1.2964e-05 1.5658e-05 2.1744e-07 9.906e-06 1.0539e-05
1.3161e-05 1.5943e-05 3.0755e-07 1.0126e-05 1.0549e-05
1.3338e-05 1.6201e-05 3.9093e-07 1.0313e-05 1.0542e-05
1.3493e-05 1.6432e-05 4.5608e-07 1.0469e-05 1.0526e-05
1.3673e-05 1.6711e-05 5.2797e-07 1.0682e-05 1.0533e-05
1.3833e-05 1.6963e-05 5.9374e-07 1.0862e-05 1.0524e-05
1.3971e-05 1.7181e-05 6.667e-07 1.1103e-05 1.0142e-05
1.4091e-05 1.7377e-05 7.339e-07 1.1313e-05 9.7355e-06
1.4192e-05 1.7551e-05 7.4038e-07 1.1506e-05 9.3033e-06
1.4276e-05 1.7841e-05 7.4952e-07 1.1749e-05 8.908e-06
1.437e-05 1.816e-05 7.5984e-07 1.2027e-05 8.5343e-06
1.4475e-05 1.8026e-05 7.7176e-07 1.235e-05 8.184e-06
1.4571e-05 1.7883e-05 7.8099e-07 1.2657e-05 7.8234e-06
1.4656e-05 1.7732e-05 7.8753e-07 1.2949e-05 7.4524e-06
1.4753e-05 1.7603e-05 7.9565e-07 1.2807e-05 7.1039e-06
1.484e-05 1.7466e-05 8.0106e-07 1.2653e-05 6.7451e-06
1.4939e-05 1.7352e-05 8.0817e-07 1.2531e-05 6.4087e-06
1.502e-05 1.7164e-05 8.1835e-07 1.1943e-05 6.1021e-06
1.5124e-05 1.7016e-05 8.3243e-07 1.1468e-05 5.8275e-06
1.5213e-05 1.6853e-05 8.4285e-07 1.0955e-05 5.5383e-06
1.5321e-05 1.672e-05 8.5615e-07 1.0523e-05 5.2732e-06
1.5414e-05 1.6575e-05 8.6608e-07 1.0062e-05 4.9957e-06
1.5526e-05 1.6458e-05 8.7887e-07 9.673e-06 4.7405e-06
1.55e-05 1.6196e-05 8.9603e-07 9.3657e-06 4.5131e-06
1.5502e-05 1.598e-05 9.1774e-07 9.1267e-06 4.3107e-06
1.6808e-05 1.574e-05 9.3446e-07 8.8514e-06 4.0911e-06
1.8083e-05 1.5485e-05 9.4768e-07 8.5538e-06 3.8603e-06
1.9409e-05 1.5256e-05 9.6284e-07 8.295e-06 3.6429e-06
2.0707e-05 1.5015e-05 9.7471e-07 8.0175e-06 3.4156e-06
2.2063e-05 1.4801e-05 9.8882e-07 7.779e-06 3.2023e-06
2.3518e-05 1.4014e-05 1.0077e-06 7.0316e-06 3.0114e-06
2.5081e-05 1.3336e-05 1.0314e-06 6.4251e-06 2.8407e-06
2.6759e-05 1.2752e-05 1.0604e-06 5.9345e-06 2.6886e-06
2.8561e-05 1.225e-05 1.095e-06 5.5391e-06 2.5534e-06
3.0299e-05 1.1711e-05 1.1245e-06 5.1003e-06 2.4061e-06
3.1975e-05 1.1131e-05 1.1489e-06 4.6143e-06 2.2465e-06
3.3776e-05 1.0632e-05 1.179e-06 4.2215e-06 2.1037e-06
3.5505e-05 1.0091e-05 1.2035e-06 3.7809e-06 1.9476e-06
3.7421e-05 9.6399e-06 1.223e-06 3.7726e-06 1.7793e-06
3.9259e-05 9.1493e-06 1.2375e-06 3.7498e-06 1.5982e-06
4.1235e-05 8.7275e-06 1.2575e-06 3.7518e-06 1.4345e-06
4.3359e-05 8.3659e-06 1.2832e-06 3.7785e-06 1.2866e-06
4.5399e-05 7.9724e-06 1.305e-06 3.7893e-06 1.1261e-06
4.7569e-05 7.6273e-06 1.3216e-06 3.8213e-06 9.7788e-07
4.9663e-05 7.2551e-06 1.3429e-06 3.8387e-06 1.0164e-06
5.1836e-05 6.9107e-06 1.3664e-06 3.8682e-06 1.0566e-06
5.3978e-05 6.5556e-06 1.387e-06 3.8909e-06 1.092e-06
5.6197e-05 6.2259e-06 1.4097e-06 3.9253e-06 1.1289e-06
5.8388e-05 5.8869e-06 1.4295e-06 3.9534e-06 1.1612e-06
6.0551e-05 5.5385e-06 1.4464e-06 3.9749e-06 1.1889e-06
6.2794e-05 5.2147e-06 1.4656e-06 4.0082e-06 1.2182e-06
6.5004e-05 4.8809e-06 1.4817e-06 4.0346e-06 1.2426e-06
6.7309e-05 4.5746e-06 1.5006e-06 4.0755e-06 1.2695e-06
6.9718e-05 4.2942e-06 1.5227e-06 4.132e-06 1.2991e-06
7.2085e-05 4.3702e-06 1.5413e-06 4.1801e-06 1.3235e-06
7.4587e-05 4.4605e-06 1.5643e-06 4.249e-06 1.3521e-06
7.7274e-05 4.5716e-06 1.4908e-06 4.3483e-06 1.3875e-06
7.987e-05 4.6708e-06 1.4108e-06 4.4305e-06 1.4151e-06
8.2378e-05 4.7585e-06 1.3241e-06 4.4963e-06 1.4351e-06
8.5073e-05 4.8671e-06 1.2465e-06 4.5926e-06 1.4619e-06
8.7668e-05 4.9629e-06 1.162e-06 4.6791e-06 1.4805e-06
9.0453e-05 5.0801e-06 1.0861e-06 4.7983e-06 1.5058e-06
9.3443e-05 5.2215e-06 1.0182e-06 4.9557e-06 1.5383e-06
9.633e-05 5.3546e-06 1.0736e-06 5.0916e-06 1.5626e-06
9.9116e-05 5.474e-06 1.1234e-06 5.2071e-06 1.579e-06
0.00010211 5.6186e-06 1.1801e-06 5.3616e-06 1.6026e-06
0.00010499 5.7479e-06 1.2306e-06 5.4928e-06 1.6177e-06
0.00010803 5.8948e-06 1.2855e-06 5.6518e-06 1.637e-06
0.00011101 6.0347e-06 1.337e-06 5.8003e-06 1.651e-06
0.00011411 6.1887e-06 1.3917e-06 5.9713e-06 1.6676e-06
0.00011717 6.3352e-06 1.4428e-06 6.1307e-06 1.6788e-06
0.00012037 6.4995e-06 1.4981e-06 6.3194e-06 1.6937e-06
0.0001235 6.6535e-06 1.5491e-06 6.4915e-06 1.7023e-06
0.00012656 6.7972e-06 1.5956e-06 6.6477e-06 1.7046e-06
0.00012718 6.9654e-06 1.6484e-06 6.8442e-06 1.7129e-06
0.0001279 6.9337e-06 1.7093e-06 7.0957e-06 1.7286e-06
0.00012859 6.8954e-06 1.7661e-06 7.332e-06 1.7386e-06
0.00012932 6.8681e-06 1.8272e-06 7.2493e-06 1.7517e-06
0.00013004 6.8352e-06 1.8846e-06 7.1573e-06 1.7597e-06
0.00013081 6.8139e-06 1.9467e-06 7.087e-06 1.7709e-06
0.00013157 6.7875e-06 2.0053e-06 7.0084e-06 1.7773e-06
0.00013236 6.7708e-06 2.0679e-06 6.9476e-06 1.7862e-06
0.00013321 6.7642e-06 2.1349e-06 6.9049e-06 1.7978e-06
0.00013223 6.7712e-06 2.2084e-06 6.8855e-06 1.8141e-06
0.0001312 6.7697e-06 2.2764e-06 6.8527e-06 1.8237e-06
0.00013026 6.7848e-06 2.3528e-06 6.8477e-06 1.8394e-06
0.00012926 6.7817e-06 2.4216e-06 6.7855e-06 1.8629e-06
0.00012835 6.794e-06 2.4984e-06 6.75e-06 1.8922e-06
0.00012738 6.7952e-06 2.5681e-06 6.6965e-06 1.9132e-06
0.00012636 6.7849e-06 2.6304e-06 7.0946e-06 1.9257e-06
0.00012544 6.7949e-06 2.7036e-06 7.1744e-06 1.9468e-06
0.00012446 6.7507e-06 2.7883e-06 7.0443e-06 1.9765e-06
0.00012353 6.7167e-06 2.8787e-06 6.9351e-06 2.0094e-06
0.00012265 6.6923e-06 2.9747e-06 6.8448e-06 2.0454e-06
0.00012175 6.6629e-06 3.0668e-06 6.7461e-06 2.0763e-06
0.00012091 6.6431e-06 3.1648e-06 6.6658e-06 2.1103e-06
0.00012005 6.618e-06 3.2586e-06 6.5766e-06 2.1391e-06
0.00011916 6.5877e-06 3.3483e-06 6.4786e-06 2.1626e-06
0.00011832 6.5666e-06 3.4438e-06 6.3982e-06 2.1891e-06
0.00011746 6.5407e-06 3.5353e-06 6.3099e-06 2.2107e-06
0.00011658 6.5095e-06 3.6227e-06 6.2128e-06 2.2269e-06
0.00011576 6.1216e-06 3.7175e-06 6.1373e-06 2.2475e-06
0.00011498 5.7615e-06 3.8188e-06 6.0783e-06 2.2713e-06
0.00011418 5.3895e-06 3.9154e-06 6.0104e-06 2.2896e-06
0.00011345 5.0615e-06 4.0242e-06 5.9703e-06 2.3154e-06
0.00011278 4.7633e-06 4.1425e-06 5.9501e-06 2.3465e-06
0.00011215 4.4866e-06 4.2683e-06 5.9447e-06 2.381e-06
0.00011157 4.2329e-06 4.1735e-06 5.9569e-06 2.4202e-06
0.00011104 4.0005e-06 4.0863e-06 5.9867e-06 2.4642e-06
0.00011056 3.7878e-06 4.0066e-06 6.0347e-06 2.5132e-06
0.00011005 3.5666e-06 3.9221e-06 6.0736e-06 2.5562e-06
0.00010952 3.3372e-06 3.8332e-06 6.104e-06 2.5935e-06
0.00010894 3.3714e-06 3.7344e-06 6.2659e-06 2.6206e-06
0.00010845 3.4205e-06 3.6498e-06 6.4774e-06 2.6584e-06
0.00010803 3.4597e-06 3.5566e-06 6.6625e-06 2.6866e-06
0.00010756 3.4887e-06 3.4536e-06 6.8201e-06 2.7046e-06
0.00010718 3.5327e-06 3.3644e-06 7.0277e-06 2.7333e-06
0.00010677 3.5722e-06 3.2711e-06 7.2242e-06 2.7565e-06
0.00010641 3.6188e-06 3.1836e-06 7.4473e-06 2.7837e-06
0.00010608 3.6726e-06 3.1017e-06 7.3399e-06 2.8148e-06
0.00010573 3.7217e-06 3.0157e-06 7.2229e-06 2.8404e-06
0.00010541 3.7782e-06 2.9351e-06 7.1253e-06 2.87e-06
0.00010508 3.83e-06 2.8504e-06 7.0184e-06 2.894e-06
0.00010478 3.8893e-06 2.7709e-06 6.9302e-06 2.922e-06
0.00010447 3.9438e-06 2.6873e-06 6.8327e-06 2.9444e-06
0.00010412 3.9892e-06 2.6117e-06 6.7619e-06 2.7386e-06
0.00010383 4.0481e-06 2.5448e-06 6.7196e-06 2.5489e-06
0.00010361 4.1214e-06 2.4861e-06 6.7051e-06 2.3743e-06
0.00010344 4.2108e-06 2.4355e-06 6.7189e-06 2.2149e-06
0.00010323 4.2879e-06 2.3774e-06 6.7125e-06 2.0415e-06
0.00010308 4.3815e-06 2.3272e-06 6.7345e-06 1.8828e-06
0.00010301 4.4967e-06 2.286e-06 6.7911e-06 1.7401e-06
0.00010291 4.6047e-06 2.2405e-06 6.8364e-06 1.5896e-06
0.00010285 4.727e-06 2.2003e-06 6.905e-06 1.4484e-06
0.0001004 4.64e-06 2.1645e-06 6.9948e-06 1.3143e-06
9.8054e-05 4.5641e-06 2.1327e-06 7.1073e-06 1.1867e-06
9.5807e-05 4.4986e-06 2.105e-06 7.2438e-06 1.0652e-06
9.3643e-05 4.4414e-06 2.0803e-06 7.4022e-06 9.4799e-07
9.1446e-05 4.3793e-06 2.0523e-06 7.5503e-06 8.2517e-07
8.9343e-05 4.3269e-06 2.0281e-06 7.7256e-06 7.0764e-07
8.7212e-05 4.27e-06 2.0008e-06 7.8911e-06 7.7722e-07
8.5159e-05 4.221e-06 1.9764e-06 8.081e-06 8.4876e-07
8.3075e-05 4.1673e-06 1.9488e-06 8.2597e-06 9.1535e-07
8.1066e-05 4.1212e-06 1.9241e-06 8.4643e-06 9.8406e-07
7.9028e-05 4.0703e-06 1.8961e-06 8.6572e-06 1.0478e-06
7.6958e-05 4.0148e-06 1.8648e-06 8.8386e-06 1.1065e-06
7.4977e-05 3.9683e-06 1.8372e-06 9.0515e-06 1.1683e-06
7.2965e-05 3.9172e-06 1.8063e-06 9.2523e-06 1.2252e-06
7.1039e-05 3.8749e-06 1.779e-06 9.4868e-06 1.2852e-06
6.9086e-05 3.8283e-06 1.7486e-06 9.707e-06 1.3403e-06
6.7204e-05 3.7889e-06 1.7209e-06 9.9576e-06 1.398e-06
6.5402e-05 3.7567e-06 1.6959e-06 1.0241e-05 1.4582e-06
6.3665e-05 3.7312e-06 1.6735e-06 1.013e-05 1.5212e-06
6.1991e-05 3.7124e-06 1.6536e-06 1.0041e-05 1.5871e-06
6.0294e-05 3.6896e-06 1.6307e-06 9.9422e-06 1.648e-06
5.8658e-05 3.6732e-06 1.6102e-06 9.8651e-06 1.712e-06
5.6995e-05 3.6525e-06 1.5867e-06 9.7781e-06 1.7707e-06
5.5403e-05 3.6396e-06 1.5662e-06 9.7156e-06 1.8336e-06
5.3869e-05 3.3389e-06 1.5481e-06 9.673e-06 1.8999e-06
5.231e-05 3.0289e-06 1.5269e-06 9.621e-06 1.9608e-06
5.0816e-05 2.7437e-06 1.5087e-06 9.5922e-06 2.0262e-06
4.9387e-05 2.4814e-06 1.4934e-06 9.5863e-06 2.0966e-06
4.7933e-05 2.2107e-06 1.475e-06 9.571e-06 2.1614e-06
4.6541e-05 1.9615e-06 1.4595e-06 9.5785e-06 2.2313e-06
4.5199e-05 1.7292e-06 1.4462e-06 9.6053e-06 2.3053e-06
4.3835e-05 1.4878e-06 1.4357e-06 9.6556e-06 2.1526e-06
4.2528e-05 1.2653e-06 1.4278e-06 9.7298e-06 2.0081e-06
4.1201e-05 1.0362e-06 1.4172e-06 9.7951e-06 1.8577e-06
3.9921e-05 8.22e-07 1.4085e-06 9.8812e-06 1.7136e-06
3.862e-05 6.0085e-07 1.3969e-06 9.9574e-06 1.5633e-06
3.7364e-05 3.9386e-07 1.3874e-06 1.0055e-05 1.419e-06
3.6087e-05 3.8535e-07 1.3748e-06 1.0142e-05 1.2685e-06
3.4865e-05 3.7836e-07 1.3649e-06 1.0256e-05 1.1254e-06
3.3714e-05 3.739e-07 1.3593e-06 1.041e-05 9.9269e-07
3.2622e-05 3.7139e-07 1.3572e-06 1.0602e-05 8.6773e-07
3.1496e-05 3.6553e-07 1.3509e-06 1.0773e-05 7.3466e-07
3.0441e-05 3.6238e-07 1.3525e-06 1.0994e-05 7.6492e-07
2.9336e-05 3.5494e-07 1.3486e-06 1.1181e-05 7.8798e-07
2.8311e-05 3.5089e-07 1.3503e-06 1.143e-05 8.1565e-07
2.7244e-05 3.4289e-07 1.347e-06 1.1647e-05 8.3652e-07
2.6133e-05 3.3097e-07 1.3387e-06 1.1831e-05 8.5075e-07
2.4984e-05 3.1536e-07 1.3259e-06 1.1991e-05 8.588e-07
2.3907e-05 3.0262e-07 1.3178e-06 1.2202e-05 8.7045e-07
2.2796e-05 3.7814e-07 1.3055e-06 1.239e-05 8.7631e-07
2.1649e-05 4.4783e-07 1.2888e-06 1.2554e-05 8.7614e-07
2.0564e-05 5.2512e-07 1.2761e-06 1.2764e-05 8.7878e-07
1.9524e-05 6.0863e-07 1.266e-06 1.3014e-05 8.8292e-07
1.8462e-05 6.8778e-07 1.2527e-06 1.3247e-05 8.8225e-07
1.7448e-05 7.7442e-07 1.2424e-06 1.3525e-05 8.8354e-07
1.6416e-05 8.568e-07 1.2291e-06 1.3788e-05 8.8018e-07
1.5363e-05 9.3496e-07 1.2127e-06 1.4036e-05 8.7216e-07
1.4369e-05 1.0225e-06 1.2e-06 1.434e-05 8.6689e-07
1.3415e-05 1.1182e-06 1.1898e-06 1.4695e-05 8.6317e-07
1.2436e-05 1.2076e-06 1.176e-06 1.5023e-05 8.5408e-07
1.255e-05 1.2903e-06 1.1582e-06 1.5321e-05 8.3922e-07
1.265e-05 1.3664e-06 1.1362e-06 1.5591e-05 8.1851e-07
1.2733e-05 1.4351e-06 1.1097e-06 1.5829e-05 7.9142e-07
1.2837e-05 1.5152e-06 1.0873e-06 1.613e-05 7.676e-07
1.2964e-05 1.6096e-06 1.0699e-06 1.6085e-05 7.4806e-07
1.3114e-05 1.7202e-06 1.0574e-06 1.6093e-05 7.3258e-07
1.3245e-05 1.8208e-06 1.0401e-06 1.6073e-05 7.1054e-07
1.3357e-05 1.9115e-06 1.018e-06 1.6027e-05 6.819e-07
1.3493e-05 2.0191e-06 1.0009e-06 1.6034e-05 6.5743e-07
1.365e-05 2.0147e-06 9.8758e-07 1.6086e-05 6.3585e-07
1.3785e-05 2.0026e-06 9.6876e-07 1.6109e-05 6.0742e-07
1.3946e-05 2.0008e-06 9.546e-07 1.6185e-05 5.8277e-07
1.4126e-05 1.8844e-06 9.4409e-07 1.631e-05 5.6071e-07
1.4332e-05 1.7851e-06 9.3778e-07 1.6494e-05 5.4175e-07
1.4557e-05 1.6976e-06 9.3444e-07 1.673e-05 5.2449e-07
1.4803e-05 1.6207e-06 9.3404e-07 1.7025e-05 5.088e-07
1.5036e-05 1.5393e-06 9.3073e-07 1.7302e-05 4.8871e-07
1.5285e-05 1.4654e-06 9.2937e-07 1.7628e-05 4.6912e-07
1.5546e-05 1.3972e-06 9.2936e-07 1.7999e-05 4.4939e-07
1.5796e-05 1.325e-06 9.2658e-07 1.8351e-05 4.2542e-07
1.6057e-05 1.2581e-06 9.2511e-07 1.8751e-05 4.0121e-07
1.6308e-05 1.1872e-06 9.2083e-07 1.913e-05 3.7273e-07
1.6571e-05 1.1213e-06 9.1784e-07 1.9559e-05 3.4397e-07
1.6823e-05 1.0519e-06 9.1222e-07 1.9971e-05 3.1112e-07
1.7088e-05 9.8722e-07 9.0789e-07 1.9826e-05 2.7793e-07
1.7341e-05 9.188e-07 9.0081e-07 1.9668e-05 2.4056e-07
1.7611e-05 8.5599e-07 8.9559e-07 1.9547e-05 2.0324e-07
1.7897e-05 7.9846e-07 8.9219e-07 1.9462e-05 1.659e-07
1.8165e-05 7.3502e-07 8.8487e-07 1.9352e-05 2.0358e-07
1.8453e-05 6.7778e-07 8.7994e-07 1.9284e-05 2.418e-07
1.8762e-05 6.2611e-07 8.7738e-07 1.9256e-05 2.8076e-07
1.9059e-05 5.708e-07 8.7192e-07 1.9215e-05 3.1536e-07
1.9343e-05 5.1184e-07 8.6359e-07 1.9159e-05 3.4563e-07
1.9588e-05 5.3509e-07 8.525e-07 1.9091e-05 3.7169e-07
1.985e-05 5.609e-07 8.432e-07 1.9057e-05 3.9796e-07
2.0101e-05 5.8382e-07 8.3117e-07 1.901e-05 4.2001e-07
2.0339e-05 6.0386e-07 8.1639e-07 1.8951e-05 4.3787e-07
2.0595e-05 6.2648e-07 8.0334e-07 1.8926e-05 4.5591e-07
2.084e-05 6.4626e-07 7.8761e-07 1.8889e-05 4.698e-07
2.1112e-05 6.7068e-07 7.7503e-07 1.89e-05 6.8775e-07
2.1368e-05 6.913e-07 7.591e-07 1.8893e-05 8.9608e-07
2.1609e-05 7.0852e-07 7.4008e-07 1.887e-05 1.0961e-06
2.1873e-05 7.2944e-07 7.234e-07 1.8889e-05 1.3092e-06
2.2122e-05 7.469e-07 7.0364e-07 1.8892e-05 1.5138e-06
2.2357e-05 7.6092e-07 6.8079e-07 1.8879e-05 1.7098e-06
2.2622e-05 7.6862e-07 6.5379e-07 1.9037e-05 1.8934e-06
2.2869e-05 7.7252e-07 6.2326e-07 1.9175e-05 2.0676e-06
2.3142e-05 7.8052e-07 5.9563e-07 1.9364e-05 2.256e-06
2.3441e-05 7.1723e-07 5.7106e-07 1.9615e-05 2.4617e-06
2.3728e-05 6.5026e-07 5.4379e-07 1.9851e-05 2.6601e-06
2.4002e-05 5.7963e-07 5.1386e-07 2.0072e-05 2.8513e-06
2.4295e-05 5.1417e-07 4.8538e-07 2.0336e-05 3.0538e-06
2.4608e-05 4.5342e-07 4.5823e-07 2.065e-05 3.2683e-06
2.4938e-05 3.961e-07 4.3191e-07 2.1007e-05 3.4934e-06
2.5256e-05 3.3566e-07 4.0309e-07 2.1349e-05 3.7112e-06
2.5595e-05 2.7922e-07 3.7544e-07 2.1746e-05 3.9424e-06
2.5955e-05 2.265e-07 3.4891e-07 2.2206e-05 4.1882e-06
2.6345e-05 1.7814e-07 3.2398e-07 2.216e-05 4.4536e-06
2.6706e-05 1.8788e-07 3.0157e-07 2.2081e-05 4.7004e-06
2.71e-05 1.9919e-07 2.8083e-07 2.2054e-05 4.9708e-06
2.753e-05 2.1226e-07 2.616e-07 2.2077e-05 5.2665e-06
2.7992e-05 2.2689e-07 2.4343e-07 2.2146e-05 5.5869e-06
2.8486e-05 2.4303e-07 2.2604e-07 2.2258e-05 5.9318e-06
2.9019e-05 2.6143e-07 2.097e-07 2.1883e-05 6.3083e-06
2.9529e-05 2.7665e-07 1.9058e-07 2.1479e-05 6.6684e-06
3.0018e-05 2.8871e-07 1.6864e-07 2.1042e-05 7.0126e-06
3.0476e-05 2.9674e-07 1.9565e-07 2.0545e-05 7.3335e-06
3.0962e-05 3.0616e-07 2.2349e-07 2.0118e-05 7.6779e-06
3.1471e-05 3.1633e-07 2.517e-07 1.9742e-05 8.0409e-06
3.1966e-05 3.24e-07 2.7745e-07 1.9347e-05 8.3936e-06
3.2447e-05 3.2928e-07 3.0083e-07 1.8934e-05 8.737e-06
3.2956e-05 3.3574e-07 3.2495e-07 1.8577e-05 9.103e-06
3.345e-05 3.3969e-07 3.466e-07 1.8202e-05 9.4585e-06
3.3931e-05 3.4124e-07 3.6587e-07 1.7811e-05 9.8046e-06
3.4398e-05 3.4039e-07 3.8277e-07 1.7403e-05 1.0141e-05
3.4893e-05 3.4072e-07 4.0043e-07 1.7049e-05 1.0501e-05
3.5417e-05 3.4223e-07 4.1892e-07 1.6745e-05 1.0885e-05
3.5964e-05 3.4453e-07 4.3793e-07 1.6479e-05 1.129e-05
3.6497e-05 3.4432e-07 4.5443e-07 1.6198e-05 1.1685e-05
3.7015e-05 3.4161e-07 4.6843e-07 1.5902e-05 1.2068e-05
3.7519e-05 3.3649e-07 4.8001e-07 1.5591e-05 1.2441e-05
3.8009e-05 3.2897e-07 4.8919e-07 1.5265e-05 1.2804e-05
3.8529e-05 3.2264e-07 4.9925e-07 1.4985e-05 1.3192e-05
3.9033e-05 3.138e-07 5.069e-07 1.469e-05 1.3569e-05
3.9523e-05 3.0254e-07 5.1548e-07 1.4377e-05 1.3936e-05
4e-05 2.8886e-07 5.2163e-07 1.4049e-05 1.4292e-05
4.0463e-05 2.7276e-07 5.2536e-07 1.3706e-05 1.4639e-05
4.0955e-05 2.5787e-07 5.3003e-07 1.341e-05 1.5011e-05
4.1473e-05 2.4368e-07 5.3526e-07 1.315e-05 1.5405e-05
4.2015e-05 2.301e-07 5.4107e-07 1.2923e-05 1.5824e-05
4.2584e-05 2.1707e-07 5.4747e-07 1.2727e-05 1.6267e-05
4.3138e-05 2.0162e-07 5.5134e-07 1.2518e-05 1.6697e-05
4.3723e-05 1.8703e-07 5.5621e-07 1.2344e-05 1.7158e-05
4.4294e-05 1.7013e-07 5.5864e-07 1.2158e-05 1.7608e-05
4.4898e-05 1.54e-07 5.6207e-07 1.2005e-05 1.8089e-05
4.5537e-05 1.3856e-07 5.6658e-07 1.1883e-05 1.8605e-05
4.6218e-05 1.2402e-07 5.7259e-07 1.1143e-05 1.9162e-05
4.6872e-05 1.0663e-07 5.7534e-07 1.0355e-05 1.9695e-05
4.7575e-05 9.0378e-08 5.8005e-07 9.6802e-06 2.0279e-05
4.8241e-05 1.0464e-07 5.8086e-07 8.969e-06 2.0828e-05
4.8939e-05 1.1899e-07 5.8242e-07 8.3314e-06 2.1411e-05
4.9669e-05 1.3344e-07 5.8465e-07 7.7573e-06 2.2027e-05
5.0432e-05 1.4807e-07 5.8755e-07 7.2406e-06 2.2679e-05
5.1228e-05 1.6295e-07 5.9112e-07 6.7757e-06 2.3368e-05
5.2058e-05 1.7816e-07 5.9538e-07 6.3574e-06 2.4095e-05
5.2872e-05 1.9108e-07 5.9718e-07 5.9232e-06 2.4808e-05
5.3728e-05 2.0474e-07 6.0007e-07 5.5397e-06 2.5568e-05
5.4627e-05 2.1923e-07 6.0407e-07 5.2013e-06 2.6378e-05
5.5565e-05 2.3427e-07 6.0879e-07 4.8975e-06 2.7234e-05
5.6483e-05 2.4688e-07 6.1094e-07 4.5797e-06 2.8071e-05
5.7382e-05 2.5705e-07 6.1052e-07 4.2475e-06 2.8889e-05
5.8321e-05 2.6785e-07 6.1087e-07 3.9494e-06 2.9754e-05
5.9241e-05 2.7627e-07 6.087e-07 3.6385e-06 3.0601e-05
6.0201e-05 2.8534e-07 6.073e-07 3.3591e-06 3.1496e-05
6.1203e-05 2.9514e-07 6.0669e-07 3.1086e-06 3.1424e-05
6.2247e-05 3.0566e-07 6.0678e-07 2.8833e-06 3.1373e-05
6.3271e-05 3.1369e-07 6.0431e-07 2.6469e-06 3.131e-05
6.4337e-05 3.2248e-07 6.0255e-07 2.4341e-06 3.1268e-05
6.5383e-05 3.2876e-07 5.9822e-07 2.2108e-06 3.1216e-05
6.6481e-05 3.3628e-07 5.9503e-07 2.0137e-06 3.1187e-05
6.7651e-05 3.4588e-07 5.9376e-07 1.8461e-06 3.1191e-05
6.8788e-05 3.5785e-07 5.9443e-07 1.7042e-06 3.1228e-05
6.9888e-05 3.6649e-07 5.9181e-07 1.5491e-06 3.1246e-05
7.0933e-05 3.7085e-07 5.9228e-07 1.485e-06 3.1238e-05
7.1928e-05 3.7116e-07 5.8877e-07 1.4086e-06 3.1205e-05
7.2997e-05 3.739e-07 5.8738e-07 1.3473e-06 3.1207e-05
7.4016e-05 3.7261e-07 5.8203e-07 1.2742e-06 3.1184e-05
7.5012e-05 3.6868e-07 5.7401e-07 1.1947e-06 3.115e-05
7.5985e-05 3.6208e-07 5.6333e-07 1.1088e-06 3.1103e-05
7.7003e-05 3.5646e-07 5.534e-07 1.032e-06 3.1078e-05
7.8e-05 3.483e-07 5.4092e-07 9.4947e-07 3.1042e-05
7.905e-05 3.4142e-07 5.2949e-07 8.7688e-07 3.103e-05
8.0145e-05 3.3535e-07 5.1869e-07 8.1167e-07 3.1038e-05
8.1219e-05 3.2678e-07 5.0535e-07 7.4114e-07 3.1036e-05
8.2272e-05 3.157e-07 4.8947e-07 6.652e-07 3.1023e-05
8.3302e-05 3.0605e-07 4.746e-07 5.9789e-07 3.1033e-05
8.4388e-05 2.9754e-07 4.6066e-07 5.3822e-07 3.1069e-05
8.553e-05 2.901e-07 4.4761e-07 4.8531e-07 3.1128e-05
8.6651e-05 2.8028e-07 5.7625e-07 4.2797e-07 3.1177e-05
8.7831e-05 2.7152e-07 7.1188e-07 3.7686e-07 3.1251e-05
8.8987e-05 2.6025e-07 8.4313e-07 3.2104e-07 3.1313e-05
8.8834e-05 2.5181e-07 9.8839e-07 2.7605e-07 3.142e-05
8.8644e-05 2.3968e-07 1.1246e-06 2.2326e-07 3.1502e-05
8.8411e-05 2.2352e-07 1.1619e-06 1.6144e-07 3.1558e-05
8.8135e-05 2.0326e-07 1.1934e-06 1.6852e-07 3.1586e-05
8.7928e-05 1.8599e-07 1.231e-06 1.7934e-07 3.1658e-05
8.7682e-05 2.1011e-07 1.2031e-06 1.8521e-07 3.1705e-05
8.5914e-05 2.3797e-07 1.1837e-06 1.9502e-07 3.1152e-05
8.422e-05 2.6738e-07 1.1665e-06 2.0619e-07 3.0637e-05
8.2607e-05 2.99e-07 1.1519e-06 2.1937e-07 3.0161e-05
8.0966e-05 3.2779e-07 1.1344e-06 2.2908e-07 2.967e-05
7.9386e-05 3.5813e-07 1.1186e-06 2.4005e-07 2.921e-05
7.7877e-05 3.9075e-07 1.105e-06 2.5299e-07 2.8785e-05
7.6345e-05 4.2068e-07 1.0887e-06 2.6263e-07 2.8347e-05
7.479e-05 4.4793e-07 1.0697e-06 2.6897e-07 2.7897e-05
7.3209e-05 4.7239e-07 1.0478e-06 2.7189e-07 2.7434e-05
7.1605e-05 4.9419e-07 1.0232e-06 2.7153e-07 2.6958e-05
7.0071e-05 5.1826e-07 1.0008e-06 2.7314e-07 2.6516e-05
6.8604e-05 5.4478e-07 9.8054e-07 2.7673e-07 2.6108e-05
6.7112e-05 5.6843e-07 9.5747e-07 2.7689e-07 2.5686e-05
6.5598e-05 5.8936e-07 9.3168e-07 2.7376e-07 2.5253e-05
6.4061e-05 6.0751e-07 9.0311e-07 2.6726e-07 2.4807e-05
6.3159e-05 6.3147e-07 8.7926e-07 2.656e-07 2.4416e-05
6.2298e-05 6.5771e-07 8.5699e-07 2.6541e-07 2.4052e-05
6.1417e-05 6.8098e-07 8.3193e-07 2.618e-07 2.3676e-05
6.0517e-05 7.0132e-07 8.0407e-07 2.5478e-07 2.3287e-05
5.9663e-05 7.2448e-07 7.7816e-07 2.4967e-07 2.2928e-05
5.8853e-05 7.508e-07 7.5422e-07 2.4652e-07 2.2599e-05
5.8107e-05 7.1733e-07 7.341e-07 2.4766e-07 2.2242e-05
5.7319e-05 6.7813e-07 7.0952e-07 2.4342e-07 2.1857e-05
5.6588e-05 6.4422e-07 6.8787e-07 2.4245e-07 2.1512e-05
5.5816e-05 6.046e-07 6.6173e-07 2.3604e-07 2.1139e-05
5.5001e-05 5.5908e-07 6.3105e-07 2.2415e-07 2.0737e-05
5.4147e-05 5.0649e-07 5.9564e-07 2.0655e-07 2.0305e-05
5.3353e-05 4.5992e-07 5.6348e-07 1.9258e-07 1.9915e-05
5.2517e-05 4.073e-07 5.267e-07 1.729e-07 1.9496e-05
5.1741e-05 3.6049e-07 4.9309e-07 1.567e-07 1.912e-05
5.1023e-05 3.1879e-07 4.6239e-07 1.4348e-07 1.8784e-05
5.0272e-05 2.7248e-07 4.2789e-07 1.2578e-07 1.8427e-05
4.9573e-05 2.3038e-07 3.9579e-07 1.1039e-07 1.8104e-05
4.8839e-05 1.8355e-07 4.4653e-07 9.0421e-08 1.7758e-05
4.817e-05 1.4218e-07 5.024e-07 7.3709e-08 1.7456e-05
4.7464e-05 1.4942e-07 5.6306e-07 9.1497e-08 1.7889e-05
4.6812e-05 1.5788e-07 5.601e-07 1.1189e-07 1.8368e-05
4.6211e-05 1.6759e-07 5.5923e-07 1.3534e-07 1.8895e-05
4.5667e-05 1.7922e-07 5.6111e-07 1.6362e-07 1.9485e-05
4.5089e-05 1.8265e-07 5.6529e-07 1.7093e-07 2.004e-05
4.4493e-05 1.8366e-07 5.6675e-07 1.7484e-07 2.0579e-05
4.393e-05 1.8514e-07 5.6931e-07 1.8001e-07 2.1156e-05
4.3395e-05 1.8678e-07 5.7254e-07 1.8607e-07 2.1766e-05
4.289e-05 1.8886e-07 5.7682e-07 1.9347e-07 2.2419e-05
4.2371e-05 1.8872e-07 5.7865e-07 1.9773e-07 2.3057e-05
4.1883e-05 1.8902e-07 5.8153e-07 2.034e-07 2.3738e-05
4.1424e-05 1.8977e-07 5.8548e-07 2.1055e-07 2.4465e-05
4.0994e-05 1.9097e-07 5.9051e-07 2.1928e-07 2.524e-05
4.0591e-05 1.9263e-07 5.9663e-07 2.2973e-07 2.6067e-05
4.0174e-05 1.92e-07 6.002e-07 2.3681e-07 2.6875e-05
3.9744e-05 1.8913e-07 6.013e-07 2.4067e-07 2.7666e-05
3.9341e-05 1.8673e-07 6.0351e-07 2.4629e-07 2.8511e-05
3.8923e-05 1.8204e-07 6.0315e-07 2.4853e-07 2.9336e-05
3.8533e-05 1.7778e-07 6.0391e-07 2.5259e-07 3.0217e-05
3.813e-05 1.7131e-07 6.022e-07 2.5339e-07 3.108e-05
3.7753e-05 1.6524e-07 6.016e-07 2.5602e-07 3.2e-05
3.7401e-05 1.5955e-07 6.0211e-07 2.6053e-07 3.2981e-05
3.7076e-05 1.5422e-07 6.0377e-07 2.6704e-07 3.4028e-05
3.6785e-05 1.4985e-07 6.0776e-07 2.7709e-07 3.5169e-05
3.6469e-05 1.4253e-07 6.0814e-07 2.8212e-07 3.626e-05
3.6191e-05 1.3133e-07 6.0457e-07 4.0981e-07 3.7294e-05
3.595e-05 1.2132e-07 6.0339e-07 5.6064e-07 3.8429e-05
3.5743e-05 1.1235e-07 6.046e-07 7.3925e-07 3.9674e-05
3.5509e-05 1.0025e-07 6.0183e-07 1.9326e-06 4.0855e-05
3.5311e-05 8.9689e-08 6.0219e-07 2.3223e-06 4.2172e-05
3.5089e-05 7.6244e-08 5.9889e-07 2.679e-06 4.3433e-05
3.4904e-05 6.3847e-08 5.9832e-07 3.1107e-06 4.3628e-05
3.4751e-05 5.1916e-08 5.9981e-07 3.6187e-06 4.3865e-05
3.4574e-05 3.7246e-08 5.9766e-07 4.0841e-06 4.4076e-05
3.4431e-05 2.3685e-08 5.9789e-07 4.64e-06 4.4335e-05
3.4259e-05 2.8428e-08 5.939e-07 5.1371e-06 4.4561e-05
3.4121e-05 3.282e-08 5.9302e-07 5.7321e-06 4.4836e-05
3.3954e-05 7.756e-08 5.8791e-07 6.264e-06 4.5076e-05
3.382e-05 1.2669e-07 5.8516e-07 6.9013e-06 4.5367e-05
3.3725e-05 1.8134e-07 5.8475e-07 7.6624e-06 4.5709e-05
3.3609e-05 2.3137e-07 5.8086e-07 8.3667e-06 4.6025e-05
3.3516e-05 2.8504e-07 5.7827e-07 9.1685e-06 4.638e-05
3.3449e-05 3.438e-07 5.7742e-07 1.0101e-05 4.6782e-05
3.3365e-05 3.9831e-07 5.7333e-07 1.0981e-05 4.7162e-05
3.3265e-05 4.4872e-07 5.6621e-07 1.1812e-05 4.7521e-05
3.319e-05 5.043e-07 5.6082e-07 1.2778e-05 4.7928e-05
3.3138e-05 5.6457e-07 5.5661e-07 1.3881e-05 4.8377e-05
3.3069e-05 6.2042e-07 5.494e-07 1.4923e-05 4.8803e-05
3.3025e-05 6.8227e-07 5.4381e-07 1.6132e-05 4.928e-05
3.3013e-05 7.5231e-07 5.4038e-07 1.6477e-05 4.982e-05
3.2976e-05 8.1549e-07 5.3318e-07 1.6783e-05 5.0322e-05
3.2913e-05 8.7129e-07 5.2188e-07 1.704e-05 5.0783e-05
3.2881e-05 9.3541e-07 5.1288e-07 1.7366e-05 5.1308e-05
3.2821e-05 1.4094e-06 4.9975e-07 1.7647e-05 5.1789e-05
3.2794e-05 1.5718e-06 4.8882e-07 1.8e-05 5.2336e-05
3.2739e-05 1.7646e-06 4.8067e-07 1.8019e-05 5.2162e-05
3.2721e-05 1.9877e-06 4.7518e-07 1.8096e-05 5.2046e-05
3.2741e-05 2.2458e-06 4.723e-07 1.8233e-05 5.1989e-05
3.2803e-05 2.5442e-06 4.7199e-07 1.8436e-05 5.1988e-05
3.2903e-05 2.8892e-06 4.7424e-07 1.8715e-05 5.1181e-05
3.3035e-05 3.2793e-06 4.7845e-07 1.9066e-05 5.0455e-05
3.314e-05 3.6394e-06 4.7869e-07 1.937e-05 4.9677e-05
3.3277e-05 4.0472e-06 4.809e-07 1.9752e-05 4.8979e-05
3.3446e-05 4.5088e-06 4.851e-07 2.0222e-05 4.8354e-05
3.3656e-05 5.0429e-06 4.9197e-07 2.0817e-05 4.6125e-05
3.384e-05 5.5408e-06 4.9508e-07 2.1351e-05 4.3786e-05
3.3996e-05 6.001e-06 4.9419e-07 2.1821e-05 4.1315e-05
3.4184e-05 6.5218e-06 4.953e-07 2.2395e-05 3.9054e-05
3.436e-05 7.0274e-06 4.9386e-07 2.2944e-05 3.6747e-05
3.4557e-05 7.5785e-06 4.933e-07 2.3572e-05 3.4579e-05
3.4741e-05 8.1139e-06 4.9021e-07 2.4173e-05 3.2368e-05
3.4912e-05 8.6342e-06 4.846e-07 2.4748e-05 3.0114e-05
3.5101e-05 9.1942e-06 4.7949e-07 2.5394e-05 2.7975e-05
3.5309e-05 9.2437e-06 4.7485e-07 2.5332e-05 2.5945e-05
3.5535e-05 9.3051e-06 4.7066e-07 2.5304e-05 2.4018e-05
3.5784e-05 9.3811e-06 4.6731e-07 2.5314e-05 2.2207e-05
3.6017e-05 9.4491e-06 4.612e-07 2.5307e-05 2.0347e-05
3.6281e-05 9.5361e-06 4.5649e-07 2.5348e-05 1.8624e-05
3.6578e-05 9.6447e-06 4.5341e-07 2.5442e-05 1.7035e-05
3.692e-05 9.5575e-06 4.5281e-07 2.5129e-05 1.5603e-05
3.7232e-05 9.4536e-06 4.483e-07 2.4764e-05 1.409e-05
3.7589e-05 9.377e-06 4.4626e-07 2.4492e-05 1.2725e-05
3.7995e-05 9.3261e-06 4.4667e-07 2.4302e-05 1.1494e-05
3.845e-05 9.2998e-06 4.4953e-07 2.4185e-05 1.0384e-05
3.8958e-05 9.2974e-06 4.5486e-07 2.4136e-05 9.3823e-06
3.8659e-05 9.0511e-06 4.6274e-07 2.4152e-05 8.4792e-06
3.8331e-05 8.7829e-06 4.7326e-07 2.4136e-05 7.5288e-06
3.8049e-05 8.5567e-06 4.8002e-07 2.4186e-05 6.6713e-06
3.7736e-05 8.3002e-06 4.8305e-07 2.431e-05 5.8977e-06
3.7468e-05 8.084e-06 4.8808e-07 2.4507e-05 5.1995e-06
3.7243e-05 7.9034e-06 4.8937e-07 2.4786e-05 4.5694e-06
3.7062e-05 7.7547e-06 4.9332e-07 2.516e-05 4.0005e-06
3.6854e-05 7.5897e-06 4.9351e-07 2.5488e-05 3.982e-06
3.6688e-05 7.4547e-06 4.9638e-07 2.5918e-05 3.9771e-06
3.6557e-05 7.2896e-06 4.9549e-07 2.6298e-05 3.9614e-06
3.646e-05 7.1497e-06 4.9663e-07 2.6771e-05 3.9567e-06
3.6396e-05 7.0331e-06 4.9981e-07 2.7353e-05 3.963e-06
3.6366e-05 6.9379e-06 5.0507e-07 2.7413e-05 3.9802e-06
3.6377e-05 6.8663e-06 5.131e-07 2.7545e-05 4.0111e-06
3.6359e-05 6.7763e-06 5.2401e-07 2.7262e-05 4.056e-06
3.6374e-05 6.7059e-06 5.3722e-07 2.7052e-05 4.1126e-06
3.6361e-05 6.6214e-06 5.4624e-07 2.6797e-05 4.1571e-06
3.6322e-05 6.5231e-06 5.5136e-07 2.5791e-05 4.1849e-06
3.6316e-05 6.4444e-06 5.5876e-07 2.4956e-05 4.2242e-06
3.6282e-05 6.3518e-06 5.6202e-07 2.4021e-05 4.2516e-06
3.6289e-05 5.9926e-06 5.6828e-07 2.3271e-05 4.2934e-06
3.627e-05 5.6059e-06 5.7062e-07 2.244e-05 4.324e-06
3.6284e-05 5.1778e-06 5.2378e-07 2.152e-05 4.3435e-06
3.6332e-05 4.8003e-06 4.8083e-07 2.0757e-05 4.3748e-06
3.6354e-05 4.383e-06 4.3279e-07 1.9901e-05 4.394e-06
3.6408e-05 4.0124e-06 3.8823e-07 1.9185e-05 4.4244e-06
3.6437e-05 3.6163e-06 3.3931e-07 1.8397e-05 4.4442e-06
3.65e-05 3.2664e-06 2.9391e-07 1.7744e-05 4.4759e-06
3.6537e-05 2.8903e-06 3.1576e-07 1.7019e-05 4.4964e-06
3.6595e-05 2.5431e-06 3.3824e-07 1.6377e-05 4.5238e-06
3.6639e-05 2.1853e-06 3.5825e-07 1.5709e-05 4.545e-06
3.6705e-05 1.8558e-06 3.7903e-07 1.512e-05 4.5734e-06
3.6792e-05 1.5522e-06 4.0069e-07 1.4603e-05 4.6093e-06
3.6902e-05 1.2723e-06 4.233e-07 1.4149e-05 4.6528e-06
3.7029e-05 1.011e-06 4.4654e-07 1.3745e-05 4.7024e-06
3.7179e-05 7.7006e-07 4.7095e-07 1.3394e-05 4.76e-06
3.7316e-05 7.6671e-07 4.928e-07 1.3026e-05 4.8113e-06
3.7476e-05 7.6617e-07 5.1595e-07 1.2708e-05 4.8711e-06
3.7624e-05 7.6273e-07 5.4003e-07 1.2375e-05 4.9246e-06
3.7795e-05 7.6208e-07 5.6559e-07 1.2087e-05 4.9867e-06
3.7953e-05 7.5867e-07 5.8861e-07 1.1787e-05 5.0427e-06
3.81e-05 7.5251e-07 6.091e-07 1.1472e-05 5.0927e-06
3.8265e-05 7.4834e-07 6.3054e-07 1.1194e-05 5.1494e-06
3.8453e-05 7.4674e-07 6.5347e-07 1.0955e-05 5.2145e-06
3.8629e-05 7.4238e-07 6.7382e-07 1.0707e-05 5.2735e-06
3.8825e-05 7.4019e-07 6.954e-07 1.0492e-05 5.34e-06
3.9006e-05 7.3482e-07 7.1407e-07 1.0874e-05 5.3991e-06
3.9215e-05 7.3271e-07 7.349e-07 1.132e-05 5.4691e-06
3.9461e-05 7.354e-07 7.599e-07 1.1394e-05 5.557e-06
3.9677e-05 7.3275e-07 7.8009e-07 1.1443e-05 5.6308e-06
3.9862e-05 7.2475e-07 7.9554e-07 1.1465e-05 5.6908e-06
4.0091e-05 7.2225e-07 8.1515e-07 1.1532e-05 5.7687e-06
4.0366e-05 7.2521e-07 8.3914e-07 1.1648e-05 5.8653e-06
4.061e-05 7.2282e-07 8.5822e-07 1.2853e-05 5.9475e-06
4.5124e-05 5.1623e-07 9.9605e-07 4.0084e-05 2.4162e-06
4.5364e-05 4.889e-07 9.9247e-07 4.0474e-05 2.2246e-06
4.5654e-05 4.5993e-07 9.9341e-07 4.0352e-05 2.0523e-06
4.6657e-05 3.2758e-07 9.6859e-07 3.9677e-05 1.2927e-06
4.6949e-05 2.9698e-07 9.6418e-07 3.9593e-05 1.1159e-06
4.7291e-05 2.7076e-07 9.6413e-07 3.9593e-05 9.5519e-07
4.7686e-05 2.4891e-07 9.6853e-07 3.9678e-05 8.0904e-07
4.8135e-05 2.3048e-07 9.7742e-07 3.9857e-05 6.7592e-07
4.8641e-05 2.1539e-07 9.8131e-07 3.9543e-05 5.5439e-07
4.9198e-05 2.0238e-07 9.8882e-07 3.9315e-05 4.4128e-07
4.9716e-05 1.8546e-07 1.001e-06 3.9035e-05 3.1814e-07
5.02e-05 1.7912e-07 1.0081e-06 3.8698e-05 3.23e-07
5.0734e-05 1.7421e-07 1.019e-06 3.8448e-05 3.2869e-07
5.132e-05 1.3233e-07 1.0337e-06 3.7367e-05 3.3526e-07
5.187e-05 1.4002e-07 1.0437e-06 3.6171e-05 3.3641e-07
5.2485e-05 1.494e-07 1.0585e-06 3.5211e-05 3.3915e-07
5.3059e-05 1.5534e-07 1.0682e-06 3.4135e-05 3.3867e-07
5.3698e-05 1.6306e-07 1.0828e-06 3.3272e-05 3.3499e-07
5.4405e-05 1.7271e-07 1.1025e-06 3.2585e-05 3.2809e-07
5.5068e-05 1.7881e-07 1.1169e-06 3.1811e-05 3.1798e-07
5.569e-05 1.8139e-07 1.1262e-06 3.0941e-05 3.0465e-07
5.6379e-05 1.8583e-07 1.1403e-06 3.0244e-05 2.8811e-07
5.7136e-05 1.9218e-07 1.1595e-06 2.969e-05 2.6836e-07
5.7965e-05 2.0057e-07 1.1838e-06 2.9257e-05 2.4539e-07
5.8861e-05 2.1068e-07 1.1583e-06 2.8937e-05 2.1922e-07
5.9827e-05 2.2269e-07 1.1372e-06 2.8696e-05 1.8982e-07
6.0867e-05 2.3677e-07 1.1203e-06 2.8525e-05 1.5722e-07
6.186e-05 2.4717e-07 1.0985e-06 2.8315e-05 1.214e-07
6.2941e-05 2.6038e-07 1.0819e-06 2.8185e-05 8.6962e-08
6.288e-05 2.3683e-07 1.0703e-06 2.8128e-05 5.3555e-08
6.2874e-05 2.0736e-07 1.0535e-06 2.8025e-05 6.1421e-08
6.2913e-05 1.8095e-07 1.0407e-06 2.7983e-05 6.7909e-08
6.3007e-05 1.579e-07 1.0326e-06 2.8013e-05 7.3401e-08
6.3148e-05 1.3711e-07 1.0283e-06 2.8103e-05 7.7619e-08
6.3268e-05 1.2454e-07 1.0193e-06 2.8159e-05 7.7536e-08
6.3444e-05 1.1369e-07 1.015e-06 2.7768e-05 7.6521e-08
6.3587e-05 1.4539e-07 1.006e-06 2.7324e-05 7.1206e-08
6.3777e-05 1.803e-07 1.0006e-06 2.6971e-05 6.4594e-08
6.4023e-05 2.199e-07 9.9974e-07 2.671e-05 5.6947e-08
6.4235e-05 2.6493e-07 9.9424e-07 2.6138e-05 4.79e-08
6.4506e-05 3.1648e-07 9.9328e-07 2.569e-05 3.7677e-08
6.4738e-05 3.6203e-07 9.9687e-07 2.5179e-05 5.901e-08
6.5027e-05 4.1749e-07 9.9599e-07 2.4609e-05 7.5878e-08
6.5366e-05 4.7981e-07 9.9873e-07 2.4145e-05 9.1923e-08
6.5756e-05 5.4992e-07 1.0051e-06 2.3771e-05 1.0726e-07
6.6114e-05 6.1388e-07 1.0072e-06 2.3354e-05 1.1816e-07
6.6533e-05 6.8773e-07 1.0137e-06 2.3034e-05 1.288e-07
6.7015e-05 6.9093e-07 1.0249e-06 2.2798e-05 1.3936e-07
6.7554e-05 6.9845e-07 1.0399e-06 2.2628e-05 1.4947e-07
6.815e-05 6.46e-07 1.0588e-06 2.2516e-05 1.5923e-07
6.8817e-05 5.8663e-07 1.073e-06 2.2371e-05 1.6421e-07
6.8413e-05 5.3588e-07 1.0922e-06 2.2293e-05 1.6935e-07
6.807e-05 4.9262e-07 1.1166e-06 2.2279e-05 1.7472e-07
6.7693e-05 4.4365e-07 1.1357e-06 2.2247e-05 1.7505e-07
6.7376e-05 3.6121e-07 1.1591e-06 2.1762e-05 1.7513e-07
6.7111e-05 2.8762e-07 1.1871e-06 2.137e-05 1.7493e-07
6.6894e-05 2.2174e-07 1.2197e-06 2.1059e-05 1.7445e-07
6.6726e-05 1.6464e-07 1.2585e-06 2.083e-05 1.7421e-07
6.6093e-05 1.162e-07 1.3039e-06 2.0674e-05 1.742e-07
6.5415e-05 1.1334e-07 1.3432e-06 2.048e-05 1.6916e-07
6.4797e-05 1.1121e-07 1.3881e-06 2.0343e-05 1.6382e-07
6.4236e-05 1.0975e-07 1.4388e-06 2.026e-05 1.581e-07
6.3637e-05 1.0539e-07 1.4837e-06 2.0147e-05 1.4765e-07
6.3e-05 9.6184e-08 1.5352e-06 2.0087e-05 1.3685e-07
6.2431e-05 8.8181e-08 1.5948e-06 2.0087e-05 1.2608e-07
6.1918e-05 8.082e-08 1.6615e-06 2.0138e-05 1.1476e-07
6.1368e-05 1.1039e-07 1.7217e-06 2.0159e-05 9.8782e-08
6.078e-05 1.361e-07 1.7756e-06 2.015e-05 1.3667e-07
6.0247e-05 1.6429e-07 1.8364e-06 2.0191e-05 1.7552e-07
5.9674e-05 1.883e-07 1.8903e-06 2.0199e-05 2.0861e-07
5.9063e-05 2.0701e-07 1.9532e-06 2.0268e-05 2.4364e-07
5.8518e-05 2.2885e-07 2.0256e-06 1.997e-05 2.8099e-07
5.8036e-05 2.543e-07 2.1085e-06 1.9751e-05 3.2104e-07
5.7615e-05 2.8387e-07 2.2028e-06 1.8893e-05 3.6423e-07
5.7154e-05 3.0874e-07 2.2885e-06 1.7934e-05 4.0088e-07
5.6659e-05 3.2935e-07 2.3668e-06 1.6875e-05 4.3144e-07
5.6215e-05 3.5323e-07 2.4544e-06 1.5993e-05 4.6423e-07
5.5829e-05 3.6521e-07 2.5344e-06 1.5984e-05 4.9087e-07
5.5413e-05 3.734e-07 2.6075e-06 1.5951e-05 5.1175e-07
5.505e-05 3.8482e-07 2.691e-06 1.5967e-05 5.3528e-07
5.4656e-05 3.9241e-07 2.7674e-06 1.5959e-05 5.5303e-07
5.4314e-05 4.0364e-07 2.8548e-06 1.6e-05 5.7353e-07
5.3957e-05 4.1222e-07 2.9379e-06 1.6029e-05 5.8968e-07
5.3629e-05 4.2238e-07 3.0277e-06 1.6088e-05 6.0646e-07
5.3331e-05 4.3417e-07 3.1243e-06 1.6179e-05 6.2394e-07
5.3063e-05 4.4768e-07 3.2283e-06 1.5747e-05 6.4218e-07
5.2779e-05 4.5853e-07 3.3279e-06 1.5294e-05 6.5605e-07
4.7422e-05 3.9125e-07 4.6589e-06 7.5293e-06 4.2497e-07
4.7079e-05 3.763e-07 4.7374e-06 7.0896e-06 3.8725e-07
4.6764e-05 3.629e-07 4.8236e-06 6.7019e-06 3.5008e-07
4.6436e-05 3.4702e-07 4.9058e-06 6.299e-06 3.0862e-07
4.6094e-05 3.2864e-07 4.9839e-06 5.8805e-06 2.6298e-07
4.578e-05 3.1176e-07 5.0699e-06 5.511e-06 2.1782e-07
4.5493e-05 2.9626e-07 4.911e-06 5.1853e-06 1.7296e-07
4.5233e-05 2.8202e-07 4.763e-06 4.8986e-06 1.2824e-07
4.4959e-05 2.6529e-07 4.6098e-06 4.5986e-06 7.9363e-08
4.4668e-05 2.4581e-07 4.4505e-06 4.2815e-06 9.2623e-08
4.4402e-05 2.2745e-07 4.3013e-06 4.0007e-06 1.0425e-07
4.4162e-05 2.1011e-07 4.1619e-06 3.7587e-06 1.143e-07
4.3946e-05 1.937e-07 4.0319e-06 3.5453e-06 1.2284e-07
4.3715e-05 1.7471e-07 3.8964e-06 3.3195e-06 1.2752e-07
4.3509e-05 1.5656e-07 3.7699e-06 3.1202e-06 1.3069e-07
4.3277e-05 1.3505e-07 3.6346e-06 2.8998e-06 2.3978e-07
4.3022e-05 1.1026e-07 3.4909e-06 2.6586e-06 3.416e-07
4.2809e-05 8.7789e-08 3.3625e-06 2.4613e-06 4.5104e-07
4.2634e-05 6.703e-08 3.247e-06 2.2984e-06 5.683e-07
4.2428e-05 7.7349e-08 3.1198e-06 2.112e-06 6.7569e-07
4.2252e-05 8.7924e-08 3.0029e-06 1.9522e-06 7.8918e-07
4.2112e-05 9.9201e-08 2.8972e-06 1.8189e-06 9.11e-07
4.1997e-05 1.1066e-07 2.799e-06 1.7026e-06 1.0388e-06
4.1906e-05 1.2237e-07 2.7077e-06 1.601e-06 1.1728e-06
4.1838e-05 1.3438e-07 2.6229e-06 1.5126e-06 1.3135e-06
4.1757e-05 1.4414e-07 2.5342e-06 1.4178e-06 1.4482e-06
4.1663e-05 1.5164e-07 2.4414e-06 1.3165e-06 1.5769e-06
4.1592e-05 1.5947e-07 2.3548e-06 1.2276e-06 1.7124e-06
4.1509e-05 1.6772e-07 2.2743e-06 1.1499e-06 1.8554e-06
4.1449e-05 1.7642e-07 2.1993e-06 1.0823e-06 2.0062e-06
4.1376e-05 1.8281e-07 2.1206e-06 1.2112e-06 2.1506e-06
4.1326e-05 1.8969e-07 2.0473e-06 1.3565e-06 2.3033e-06
4.1295e-05 1.9678e-07 1.9782e-06 1.5174e-06 2.4631e-06
4.1283e-05 2.0412e-07 1.913e-06 1.6954e-06 2.6304e-06
4.1259e-05 2.0921e-07 1.8444e-06 1.8654e-06 2.7914e-06
4.1257e-05 2.1489e-07 1.7806e-06 2.0575e-06 2.9621e-06
4.1243e-05 2.1824e-07 1.7133e-06 2.2402e-06 3.126e-06
4.1216e-05 2.1932e-07 1.6426e-06 2.4146e-06 3.2834e-06
4.1208e-05 2.207e-07 1.5757e-06 2.6086e-06 3.449e-06
4.1186e-05 2.1962e-07 1.5144e-06 2.7916e-06 3.607e-06
4.115e-05 2.1619e-07 1.4497e-06 2.9653e-06 3.7581e-06
4.1101e-05 2.1043e-07 1.3816e-06 3.1297e-06 3.9024e-06
4.1075e-05 2.0528e-07 1.3176e-06 3.3175e-06 4.0566e-06
4.1072e-05 2.0069e-07 1.2577e-06 3.5313e-06 4.2215e-06
4.1056e-05 1.9379e-07 1.1944e-06 3.732e-06 4.3793e-06
4.1024e-05 1.876e-07 1.135e-06 3.9607e-06 4.548e-06
4.101e-05 1.8159e-07 1.0783e-06 4.2156e-06 4.7263e-06
4.1016e-05 1.7574e-07 1.0243e-06 4.4995e-06 4.9145e-06
4.101e-05 1.6767e-07 9.6737e-07 4.7718e-06 5.0957e-06
4.0991e-05 1.5737e-07 9.0739e-07 5.0327e-06 5.2699e-06
4.0995e-05 1.4751e-07 8.507e-07 5.3295e-06 5.4566e-06
4.1022e-05 1.3803e-07 7.9716e-07 5.6671e-06 5.3052e-06
4.1072e-05 1.2886e-07 7.4648e-07 6.0498e-06 5.1649e-06
4.1142e-05 1.1964e-07 6.9785e-07 6.4754e-06 5.0333e-06
4.123e-05 1.1064e-07 6.4624e-07 6.8833e-06 4.8946e-06
4.1306e-05 9.9472e-08 5.9174e-07 7.2744e-06 4.7492e-06
4.1369e-05 8.6078e-08 5.3421e-07 7.6486e-06 4.5966e-06
4.1417e-05 1.0546e-07 5.9394e-07 8.0061e-06 4.4368e-06
4.1489e-05 1.2545e-07 6.5667e-07 8.4127e-06 4.2877e-06
4.1548e-05 1.431e-07 7.163e-07 8.802e-06 4.1315e-06
4.1626e-05 1.611e-07 7.7838e-07 8.7686e-06 3.9838e-06
4.1692e-05 1.7681e-07 8.3749e-07 8.727e-06 3.8296e-06
4.1744e-05 1.9016e-07 8.9348e-07 8.6761e-06 3.6684e-06
4.1815e-05 2.039e-07 9.5199e-07 8.6439e-06 3.5155e-06
4.1874e-05 2.1525e-07 1.0073e-06 8.6026e-06 3.3556e-06
4.1955e-05 2.274e-07 1.0661e-06 8.583e-06 3.2056e-06
4.2056e-05 2.4008e-07 1.1276e-06 8.5815e-06 3.063e-06
4.2144e-05 2.5031e-07 1.1859e-06 8.5709e-06 2.9137e-06
4.2251e-05 2.6113e-07 1.2472e-06 8.5787e-06 2.7718e-06
4.2343e-05 2.6935e-07 1.3049e-06 8.576e-06 2.6225e-06
4.242e-05 2.7498e-07 1.3592e-06 8.5629e-06 2.466e-06
4.2478e-05 2.7774e-07 1.3184e-06 8.5367e-06 2.3005e-06
4.2561e-05 2.8145e-07 1.2807e-06 8.5324e-06 2.1443e-06
4.2631e-05 2.8282e-07 1.24e-06 8.5198e-06 1.9819e-06
4.272e-05 2.8474e-07 1.2016e-06 8.5252e-06 1.8264e-06
4.2797e-05 2.8432e-07 1.1604e-06 8.5225e-06 1.6649e-06
4.2898e-05 2.8483e-07 1.1221e-06 8.5411e-06 1.5115e-06
4.2986e-05 2.83e-07 1.0809e-06 8.5516e-06 1.3522e-06
4.3098e-05 2.821e-07 1.0425e-06 8.5836e-06 1.2007e-06
4.3197e-05 2.7877e-07 1.0011e-06 8.6066e-06 1.0429e-06
4.332e-05 2.7636e-07 9.6239e-07 8.6514e-06 8.9255e-07
4.3464e-05 2.7457e-07 9.2578e-07 8.298e-06 7.4788e-07
4.3632e-05 2.7367e-07 8.9159e-07 7.9887e-06 6.0955e-07
4.3787e-05 2.7035e-07 8.545e-07 7.6645e-06 4.6539e-07
4.3962e-05 2.6755e-07 8.1916e-07 7.3751e-06 3.259e-07
4.4158e-05 2.6524e-07 7.8546e-07 7.1173e-06 1.9069e-07
4.4374e-05 2.6341e-07 7.5332e-07 6.8885e-06 5.9398e-08
4.4578e-05 2.5927e-07 7.1848e-07 6.6486e-06 5.0412e-08
4.4769e-05 2.528e-07 6.8094e-07 6.3975e-06 9.607e-08
4.4981e-05 2.4681e-07 6.4491e-07 6.1742e-06 1.4117e-07
4.5214e-05 2.4166e-07 6.1031e-07 5.9765e-06 1.8585e-07
4.5433e-05 2.3409e-07 5.7288e-07 5.7673e-06 2.2631e-07
4.568e-05 2.274e-07 5.3747e-07 5.5878e-06 2.6707e-07
4.5957e-05 2.2129e-07 5.036e-07 5.4372e-06 3.0794e-07
4.6217e-05 2.1265e-07 4.6675e-07 5.2749e-06 3.4429e-07
4.6506e-05 2.0486e-07 4.3177e-07 5.1381e-06 3.8129e-07
4.682e-05 1.9753e-07 3.9806e-07 5.0211e-06 4.1855e-07
4.7159e-05 1.9232e-07 3.6155e-07 4.8943e-06 4.5134e-07
4.7525e-05 1.8747e-07 3.2628e-07 4.7868e-06 4.8452e-07
4.6618e-05 1.8343e-07 2.9274e-07 4.7015e-06 5.1907e-07
4.5758e-05 1.8011e-07 2.6072e-07 4.6363e-06 5.5512e-07
4.4945e-05 1.7752e-07 2.3009e-07 4.5903e-06 5.9293e-07
4.4196e-05 1.7168e-07 1.958e-07 4.5296e-06 6.2457e-07
4.3499e-05 1.2005e-07 1.6336e-07 4.4914e-06 6.5887e-07
4.285e-05 7.2666e-08 1.3249e-07 4.4746e-06 6.9605e-07
4.2248e-05 2.8856e-08 1.0296e-07 4.4783e-06 7.3628e-07
4.1629e-05 2.7758e-08 7.0992e-08 4.4745e-06 7.7181e-07
4.1039e-05 2.5702e-08 3.9207e-08 4.4835e-06 8.0835e-07
4.0431e-05 5.5604e-08 4.4215e-08 4.4851e-06 8.4018e-07
3.9809e-05 8.3115e-08 4.7241e-08 4.48e-06 8.6754e-07
3.9171e-05 1.0823e-07 4.8279e-08 4.468e-06 8.9038e-07
3.858e-05 1.3471e-07 4.8477e-08 4.473e-06 9.154e-07
3.7963e-05 1.5792e-07 9.471e-08 4.466e-06 9.3443e-07
3.7329e-05 1.7863e-07 1.3829e-07 4.4517e-06 9.4879e-07
3.6723e-05 2.0009e-07 1.8284e-07 4.4504e-06 9.6422e-07
3.6101e-05 2.1903e-07 2.2471e-07 4.4417e-06 9.7498e-07
3.5511e-05 2.3916e-07 2.6803e-07 4.448e-06 9.8744e-07
3.4951e-05 2.6058e-07 3.1294e-07 4.4693e-06 1.0016e-06
3.4416e-05 2.8299e-07 3.5911e-07 4.5032e-06 1.0168e-06
3.3909e-05 3.0701e-07 4.0721e-07 4.5529e-06 1.0338e-06
3.3429e-05 3.3264e-07 3.8686e-07 4.6182e-06 1.0525e-06
3.2934e-05 3.5555e-07 4.8297e-07 4.6756e-06 1.0665e-06
3.2466e-05 3.8036e-07 5.8404e-07 4.7502e-06 1.0823e-06
3.1985e-05 4.0735e-07 6.8944e-07 4.84e-06 1.0995e-06
3.153e-05 4.366e-07 8.0048e-07 4.949e-06 1.1186e-06
3.1101e-05 4.683e-07 9.176e-07 5.0787e-06 1.1398e-06
3.0657e-05 4.9712e-07 1.0307e-06 5.1995e-06 1.1563e-06
3.02e-05 5.2308e-07 1.14e-06 5.3116e-06 1.168e-06
2.9729e-05 5.4614e-07 1.2452e-06 5.4146e-06 1.175e-06
2.9224e-05 5.6404e-07 1.3421e-06 5.4967e-06 1.1741e-06
2.8688e-05 5.7703e-07 1.4315e-06 5.5594e-06 1.1657e-06
2.8183e-05 5.9275e-07 1.5272e-06 5.6435e-06 1.1599e-06
2.7663e-05 6.0524e-07 1.6291e-06 5.7485e-06 1.1564e-06
2.7164e-05 6.1947e-07 1.7362e-06 5.8717e-06 1.1542e-06
2.669e-05 6.3609e-07 1.8499e-06 6.018e-06 1.154e-06
2.6237e-05 6.5462e-07 1.8096e-06 6.1855e-06 1.155e-06
2.5803e-05 6.7515e-07 1.7722e-06 6.376e-06 1.1574e-06
2.5388e-05 6.9779e-07 1.7377e-06 6.5915e-06 1.1609e-06
2.4961e-05 7.1761e-07 1.7001e-06 6.7964e-06 1.16e-06
2.4557e-05 7.4027e-07 1.666e-06 7.0331e-06 1.161e-06
2.4175e-05 7.6595e-07 1.6354e-06 7.3048e-06 1.1641e-06
2.3813e-05 7.9481e-07 1.6081e-06 7.6156e-06 1.1692e-06
2.3469e-05 8.2634e-07 1.5833e-06 7.963e-06 1.1756e-06
2.3141e-05 8.6068e-07 1.5609e-06 8.3509e-06 1.1834e-06
2.2802e-05 8.9202e-07 1.5409e-06 8.7238e-06 1.1865e-06
2.2451e-05 9.2037e-07 1.5179e-06 9.0819e-06 1.1852e-06
2.2117e-05 9.516e-07 1.4973e-06 9.4821e-06 1.1852e-06
2.1801e-05 9.8671e-07 1.4796e-06 9.9373e-06 1.1872e-06
2.1474e-05 1.0185e-06 1.4588e-06 1.0373e-05 1.1845e-06
2.1165e-05 1.0544e-06 1.4409e-06 1.0869e-05 1.1839e-06
2.0875e-05 1.0946e-06 1.4258e-06 1.1432e-05 1.1854e-06
2.0573e-05 1.1314e-06 1.4077e-06 1.1972e-05 1.1822e-06
2.0289e-05 1.1726e-06 1.3923e-06 1.2584e-05 1.181e-06
2.0019e-05 1.2177e-06 1.379e-06 1.2604e-05 1.1812e-06
1.9763e-05 1.2669e-06 1.3678e-06 1.2647e-05 1.1826e-06
1.9524e-05 1.3215e-06 1.3591e-06 1.2716e-05 1.1862e-06
1.9298e-05 1.3807e-06 1.3524e-06 1.281e-05 1.191e-06
1.9061e-05 1.4362e-06 1.3427e-06 1.2893e-05 1.1912e-06
1.8812e-05 1.4878e-06 1.3301e-06 1.2964e-05 1.1866e-06
1.8579e-05 1.5454e-06 1.32e-06 1.3065e-05 1.1841e-06
1.8362e-05 1.6093e-06 1.3125e-06 1.3196e-05 1.1837e-06
1.8135e-05 1.6695e-06 1.3022e-06 1.3316e-05 1.1788e-06
1.792e-05 1.735e-06 1.2937e-06 1.3463e-05 1.1752e-06
1.7694e-05 1.7969e-06 1.2825e-06 1.3599e-05 1.167e-06
1.7484e-05 1.8656e-06 1.2737e-06 1.3768e-05 1.1609e-06
1.7263e-05 1.9305e-06 1.2622e-06 1.3926e-05 1.1503e-06
1.7055e-05 2.0013e-06 1.2525e-06 1.4112e-05 1.1409e-06
1.6861e-05 2.0799e-06 1.2452e-06 1.4336e-05 1.1336e-06
1.6678e-05 2.1653e-06 1.2397e-06 1.4113e-05 1.1275e-06
1.6485e-05 2.2461e-06 1.2313e-06 1.3876e-05 1.1167e-06
1.628e-05 2.3227e-06 1.2201e-06 1.3625e-05 1.1012e-06
1.604e-05 2.418e-06 1.2141e-06 1.3441e-05 1.1037e-06
1.5776e-05 2.5024e-06 1.2029e-06 1.3221e-05 1.0984e-06
1.5535e-05 2.6e-06 1.1954e-06 1.3052e-05 1.0969e-06
1.5278e-05 2.6902e-06 1.1841e-06 1.2863e-05 1.0895e-06
1.5033e-05 2.7887e-06 1.1746e-06 1.2703e-05 1.0834e-06
1.4777e-05 2.8826e-06 1.1624e-06 1.2531e-05 1.0728e-06
1.4534e-05 2.9849e-06 1.1519e-06 1.2387e-05 1.0634e-06
1.4279e-05 3.0822e-06 1.1385e-06 1.2232e-05 1.0493e-06
1.4014e-05 3.1745e-06 1.1223e-06 1.2064e-05 1.0305e-06
1.3763e-05 3.2773e-06 1.1083e-06 1.1928e-05 1.0136e-06
1.3527e-05 3.3927e-06 1.097e-06 1.1825e-05 9.9907e-07
1.328e-05 3.502e-06 1.0826e-06 1.1708e-05 9.796e-07
1.3046e-05 3.6224e-06 1.0703e-06 1.1619e-05 9.6166e-07
1.28e-05 3.7368e-06 1.071e-06 1.1518e-05 9.3891e-07
1.2566e-05 3.8618e-06 1.0733e-06 1.1441e-05 9.1729e-07
1.2345e-05 4.0005e-06 1.0779e-06 1.0703e-05 8.9749e-07
1.2113e-05 4.1333e-06 1.0796e-06 9.9364e-06 8.7311e-07
1.1871e-05 4.2603e-06 1.0785e-06 9.1401e-06 8.4414e-07
1.1642e-05 4.4008e-06 1.0795e-06 8.4351e-06 8.1673e-07
1.1402e-05 4.5353e-06 1.0776e-06 7.7025e-06 7.8475e-07
1.1151e-05 4.6638e-06 1.073e-06 6.9415e-06 7.4819e-07
1.0913e-05 4.8062e-06 1.0704e-06 6.2672e-06 7.1314e-07
1.0687e-05 4.9636e-06 1.0699e-06 5.6699e-06 6.7947e-07
1.0473e-05 5.137e-06 1.0714e-06 5.1408e-06 6.4705e-07
1.027e-05 5.3278e-06 1.075e-06 4.6723e-06 6.1577e-07
1.0075e-05 5.5343e-06 1.0802e-06 4.2501e-06 5.8492e-07
9.8918e-06 5.7614e-06 1.0875e-06 3.8775e-06 5.5509e-07
9.7231e-06 6.0175e-06 9.9577e-07 3.5605e-06 5.2726e-07
9.5444e-06 6.2647e-06 9.0026e-07 3.2288e-06 4.9502e-07
9.3757e-06 6.5355e-06 8.0978e-07 2.9354e-06 4.635e-07
9.2166e-06 6.8317e-06 7.2398e-07 2.676e-06 4.3257e-07
9.0484e-06 7.1194e-06 6.3489e-07 2.4057e-06 3.9747e-07
8.8875e-06 7.4298e-06 5.4935e-07 2.1617e-06 3.6233e-07
8.7336e-06 7.7646e-06 4.671e-07 1.9416e-06 3.2706e-07
8.5702e-06 8.089e-06 3.815e-07 1.7109e-06 2.8754e-07
8.4138e-06 8.4389e-06 2.9903e-07 1.5024e-06 2.4782e-07
8.2644e-06 8.7705e-06 3.1727e-07 1.2832e-06 2.0381e-07
8.1218e-06 9.129e-06 3.3583e-07 1.0854e-06 1.596e-07
7.9883e-06 9.5229e-06 3.5522e-07 9.1056e-07 1.1562e-07
8.5683e-06 9.8879e-06 3.7096e-07 8.8241e-07 1.3112e-07
9.1317e-06 1.0237e-05 3.878e-07 8.4849e-07 1.4257e-07
9.7136e-06 1.0615e-05 4.0508e-07 8.1961e-07 1.5247e-07
1.0282e-05 1.0981e-05 4.2285e-07 7.8611e-07 1.5855e-07
1.0839e-05 1.1336e-05 4.3821e-07 7.4829e-07 1.609e-07
1.1414e-05 1.1721e-05 4.5407e-07 7.1525e-07 1.6168e-07
1.1975e-05 1.2093e-05 4.6737e-07 8.6037e-07 1.5863e-07
1.2523e-05 1.2453e-05 4.7814e-07 9.9783e-07 1.5176e-07
1.3094e-05 1.2848e-05 4.8987e-07 1.1529e-06 1.4364e-07
1.3692e-05 1.3286e-05 5.0282e-07 1.3306e-06 1.344e-07
1.3715e-05 1.3363e-05 5.1872e-07 1.3665e-06 1.251e-07
1.376e-05 1.3472e-05 5.3777e-07 1.4187e-06 1.1566e-07
1.3824e-05 1.3609e-05 5.6065e-07 1.4863e-06 1.0553e-07
1.3373e-05 1.3779e-05 5.8636e-07 1.5713e-06 9.4655e-08
1.2958e-05 1.3989e-05 6.1597e-07 1.6807e-06 8.3328e-08
1.2666e-05 1.412e-05 6.4893e-07 1.7754e-06 1.2316e-07
1.2352e-05 1.4231e-05 6.771e-07 1.855e-06 1.5732e-07
1.2017e-05 1.4325e-05 7.0089e-07 1.9217e-06 1.8617e-07
1.1698e-05 1.4441e-05 7.2673e-07 2.0018e-06 2.1477e-07
1.1394e-05 1.4576e-05 7.5443e-07 2.0954e-06 2.4301e-07
1.1102e-05 1.4729e-05 7.835e-07 2.2012e-06 2.7052e-07
1.0799e-05 1.4873e-05 8.0979e-07 2.2998e-06 2.9396e-07
1.0506e-05 1.5036e-05 8.3752e-07 2.4112e-06 3.1672e-07
1.0204e-05 1.5192e-05 8.6256e-07 2.516e-06 3.3548e-07
9.9123e-06 1.5366e-05 8.8921e-07 2.4341e-06 3.5371e-07
9.6079e-06 1.553e-05 9.1256e-07 2.3435e-06 3.6744e-07
9.2816e-06 1.5671e-05 9.3089e-07 2.331e-06 3.753e-07
8.9817e-06 1.5851e-05 9.5394e-07 2.3375e-06 3.851e-07
8.6622e-06 1.6163e-05 9.8196e-07 2.2084e-06 3.9695e-07
8.3638e-06 1.6157e-05 1.0142e-06 2.1042e-06 4.1019e-07
8.0851e-06 1.6178e-05 1.0509e-06 2.021e-06 4.2483e-07
7.7904e-06 1.6185e-05 1.0832e-06 1.9262e-06 4.3424e-07
7.479e-06 1.6179e-05 1.1111e-06 1.8187e-06 4.3837e-07
7.1874e-06 1.6195e-05 1.1425e-06 1.729e-06 4.4328e-07
6.9151e-06 1.624e-05 1.1788e-06 1.6585e-06 4.4981e-07
6.6562e-06 1.6306e-05 1.2188e-06 1.601e-06 4.57e-07
6.3835e-06 1.6361e-05 1.2547e-06 1.5347e-06 4.5921e-07
6.1269e-06 1.6442e-05 1.2953e-06 1.4831e-06 4.6277e-07
5.8559e-06 1.651e-05 1.3315e-06 1.4223e-06 4.6116e-07
5.601e-06 1.6606e-05 1.3727e-06 1.3759e-06 4.61e-07
5.328e-06 1.6683e-05 1.3316e-06 1.3178e-06 4.5486e-07
5.0673e-06 1.6783e-05 1.2944e-06 1.2708e-06 4.4937e-07
4.8202e-06 1.6911e-05 1.2617e-06 1.2351e-06 4.4499e-07
4.5636e-06 1.7032e-05 1.226e-06 1.1943e-06 4.3643e-07
4.3155e-06 1.7173e-05 1.193e-06 1.1612e-06 4.2788e-07
4.0756e-06 1.7337e-05 1.1628e-06 1.1352e-06 4.1933e-07
3.8263e-06 1.7492e-05 1.1297e-06 1.1044e-06 4.0663e-07
3.5849e-06 1.7671e-05 1.0991e-06 1.0804e-06 3.9389e-07
3.3492e-06 1.7414e-05 1.0705e-06 1.0618e-06 3.8065e-07
3.1044e-06 1.7146e-05 1.039e-06 1.0385e-06 3.6329e-07
2.865e-06 1.6903e-05 1.0094e-06 1.0203e-06 3.4536e-07
2.6164e-06 1.6649e-05 9.7646e-07 9.9742e-07 3.2329e-07
2.3748e-06 1.5189e-05 9.46e-07 9.808e-07 3.011e-07
2.14e-06 1.385e-05 9.1794e-07 9.7033e-07 2.7875e-07
1.9128e-06 1.2633e-05 8.9256e-07 9.6665e-07 2.5645e-07
1.6933e-06 1.1532e-05 8.6994e-07 9.7018e-07 2.3426e-07
1.4848e-06 1.0582e-05 8.4272e-07 9.6553e-07 2.0672e-07
1.2857e-06 9.7456e-06 8.1937e-07 9.7061e-07 1.8008e-07
1.0924e-06 8.9887e-06 7.9857e-07 9.8306e-07 1.5332e-07
8.879e-07 8.1905e-06 7.7385e-07 9.8839e-07 1.2174e-07
9.3322e-07 7.3447e-06 7.4498e-07 9.8624e-07 1.5063e-07
9.7006e-07 6.4517e-06 7.1208e-07 9.7693e-07 1.7475e-07
1.0073e-06 5.6507e-06 6.8217e-07 9.7574e-07 1.9886e-07
1.0457e-06 4.9429e-06 6.5564e-07 9.3165e-07 2.284e-07
1.0765e-06 4.2068e-06 6.2587e-07 8.8117e-07 2.5347e-07
1.0997e-06 3.4418e-06 5.9287e-07 8.2422e-07 2.7412e-07
1.1153e-06 3.3761e-06 5.5661e-07 7.6263e-07 2.9038e-07
1.13e-06 3.3196e-06 5.2216e-07 7.0883e-07 3.0619e-07
1.1446e-06 3.2734e-06 4.8992e-07 6.6344e-07 3.2213e-07
1.159e-06 3.2363e-06 4.5951e-07 6.2496e-07 3.3806e-07
1.1652e-06 3.1926e-06 4.2573e-07 5.8018e-07 3.4926e-07
1.1725e-06 3.1605e-06 3.9458e-07 5.4412e-07 3.6137e-07
1.1706e-06 3.1196e-06 3.593e-07 4.9996e-07 3.6795e-07
1.1699e-06 3.0904e-06 3.725e-07 4.6449e-07 3.7564e-07
1.1706e-06 3.0726e-06 3.8747e-07 4.3658e-07 3.8452e-07
1.1739e-06 3.0678e-06 4.0496e-07 4.1682e-07 3.9542e-07
1.1673e-06 3.0539e-06 4.1848e-07 3.8972e-07 4.0037e-07
1.1633e-06 3.0531e-06 4.3462e-07 3.7028e-07 4.074e-07
1.1605e-06 3.0632e-06 4.5288e-07 3.5637e-07 4.1577e-07
1.148e-06 3.0641e-06 4.6705e-07 3.3572e-07 4.1816e-07
1.1263e-06 3.0567e-06 4.7738e-07 3.0802e-07 4.1488e-07
1.0951e-06 3.041e-06 4.8395e-07 2.7362e-07 4.0593e-07
1.0666e-06 3.0383e-06 4.8648e-07 2.4662e-07 3.9911e-07
1.0404e-06 2.9086e-06 4.9103e-07 2.2584e-07 3.9435e-07
1.0153e-06 2.7966e-06 4.9156e-07 2.0935e-07 3.9083e-07
9.9239e-07 2.7033e-06 4.9533e-07 1.9792e-07 3.8929e-07
9.7042e-07 2.6243e-06 4.9533e-07 1.9006e-07 3.8896e-07
9.4931e-07 2.5584e-06 4.9737e-07 1.8524e-07 3.8983e-07
9.187e-07 2.4821e-06 4.9538e-07 1.7509e-07 3.8481e-07
8.7902e-07 2.3961e-06 4.8963e-07 1.5987e-07 3.7419e-07
8.4129e-07 2.3258e-06 4.8656e-07 1.4859e-07 3.6552e-07
8.0424e-07 2.2674e-06 4.8549e-07 1.3996e-07 3.5797e-07
7.6877e-07 2.2231e-06 4.8706e-07 1.3447e-07 3.522e-07
7.3372e-07 2.189e-06 4.9064e-07 1.3115e-07 3.4744e-07
6.9992e-07 2.1663e-06 4.9017e-07 1.3064e-07 3.4437e-07
6.6722e-07 2.0061e-06 4.9237e-07 1.3291e-07 3.4295e-07
6.3545e-07 1.8687e-06 4.9724e-07 1.3805e-07 3.4316e-07
6.0443e-07 1.7715e-06 4.9809e-07 1.3835e-07 3.3765e-07
5.7403e-07 1.6899e-06 5.0164e-07 1.4159e-07 3.3375e-07
5.3519e-07 1.599e-06 5.0142e-07 1.4027e-07 3.2443e-07
4.9685e-07 1.5212e-06 5.0327e-07 1.4115e-07 2.386e-07
4.5798e-07 1.4542e-06 5.0719e-07 1.4426e-07 1.5767e-07
4.1926e-07 1.399e-06 5.1388e-07 1.5048e-07 8.2226e-08
3.7231e-07 1.3362e-06 5.1676e-07 1.5321e-07 7.968e-08
3.2538e-07 1.2846e-06 5.2244e-07 1.5919e-07 7.6255e-08
2.7873e-07 1.0985e-06 5.3051e-07 1.6914e-07 7.1578e-08
2.2369e-07 1.0977e-06 5.3446e-07 1.7388e-07 6.2458e-08
2.7127e-07 1.0913e-06 5.4793e-07 1.7381e-07 4.9012e-08
3.1094e-07 1.0792e-06 5.5747e-07 2.5816e-07 7.1398e-08
3.5001e-07 9.8273e-07 5.7011e-07 2.7579e-07 9.3739e-08
3.8867e-07 9.0005e-07 5.8599e-07 2.9964e-07 1.1628e-07
4.2631e-07 8.2746e-07 6.0453e-07 2.7852e-07 1.387e-07
4.6309e-07 7.6716e-07 6.1867e-07 2.5069e-07 1.5599e-07
4.9914e-07 7.1458e-07 6.3574e-07 2.2805e-07 1.7322e-07
5.3458e-07 6.6892e-07 6.5568e-07 2.0988e-07 1.9055e-07
5.7045e-07 6.3078e-07 6.7946e-07 1.966e-07 2.0871e-07
6.0691e-07 5.9931e-07 7.0737e-07 1.8764e-07 2.2788e-07
6.4322e-07 5.7278e-07 7.3879e-07 1.8175e-07 2.4762e-07
6.706e-07 5.5288e-07 7.7496e-07 1.7959e-07 2.6876e-07
6.9787e-07 5.3708e-07 8.1526e-07 1.8021e-07 2.9083e-07
7.2514e-07 5.2514e-07 8.6002e-07 1.8364e-07 3.1397e-07
7.434e-07 5.0824e-07 8.9929e-07 1.8185e-07 3.3127e-07
7.6265e-07 4.9602e-07 9.4426e-07 1.8373e-07 3.5049e-07
7.8202e-07 4.8734e-07 9.9428e-07 1.8849e-07 3.7103e-07
8.3388e-07 5.0072e-07 1.0385e-06 1.8796e-07 3.8558e-07
8.7621e-07 5.0929e-07 1.0769e-06 1.8216e-07 3.9419e-07
9.1948e-07 5.2147e-07 1.1204e-06 1.7924e-07 4.0411e-07
9.5318e-07 5.2879e-07 1.1597e-06 1.7108e-07 4.0807e-07
9.7737e-07 5.313e-07 1.1345e-06 1.5761e-07 4.0608e-07
1.0017e-06 4.6327e-07 1.113e-06 1.4645e-07 4.0485e-07
1.0253e-06 4.0048e-07 1.0942e-06 1.3666e-07 4.0374e-07
1.0482e-06 3.4231e-07 1.0778e-06 1.2801e-07 4.0269e-07
1.0701e-06 2.8814e-07 1.0638e-06 1.2026e-07 4.0159e-07
1.0906e-06 2.3681e-07 1.0515e-06 1.1286e-07 3.9997e-07
1.104e-06 1.8223e-07 1.0362e-06 1.0232e-07 3.9414e-07
1.1177e-06 1.322e-07 1.024e-06 9.3165e-08 3.89e-07
1.1217e-06 1.2985e-07 1.0068e-06 7.9343e-08 3.7794e-07
1.1281e-06 1.2886e-07 9.9434e-07 6.7975e-08 3.6886e-07
1.1369e-06 1.292e-07 9.865e-07 5.8574e-08 3.6167e-07
1.1481e-06 1.3088e-07 9.8321e-07 5.0735e-08 3.5629e-07
1.1618e-06 1.3394e-07 9.8442e-07 4.412e-08 3.5266e-07
1.1769e-06 1.3353e-07 9.8069e-07 3.3557e-08 3.4324e-07
1.1946e-06 1.3451e-07 9.8145e-07 2.4035e-08 3.3554e-07
1.2138e-06 1.3644e-07 9.8581e-07 1.4751e-08 3.2878e-07
1.2346e-06 1.3936e-07 9.938e-07 5.415e-09 3.2289e-07
1.246e-06 1.3917e-07 9.972e-07 6.2321e-09 3.1149e-07
1.2602e-06 1.4044e-07 1.0052e-06 5.9102e-09 3.0162e-07
1.276e-06 1.4272e-07 1.0169e-06 4.28e-09 2.9251e-07
1.2819e-06 1.4169e-07 1.0236e-06 1.0547e-08 2.7778e-07
1.2894e-06 1.4169e-07 1.034e-06 6.49e-09 2.6377e-07
1.287e-06 1.3837e-07 1.0394e-06 1.1991e-08 2.4416e-07
1.2875e-06 1.3652e-07 1.0495e-06 1.7131e-08 2.2587e-07
1.2909e-06 1.361e-07 1.0645e-06 2.213e-08 2.0869e-07
1.2843e-06 1.3241e-07 1.0845e-06 2.3802e-08 1.8607e-07
1.2677e-06 1.2542e-07 1.0994e-06 2.2168e-08 1.5794e-07
1.254e-06 1.1986e-07 1.1193e-06 2.0391e-08 1.3093e-07
1.2312e-06 1.1122e-07 1.2108e-06 3.273e-08 9.8735e-08
1.2113e-06 1.0393e-07 1.2946e-06 4.6514e-08 6.7487e-08
1.1942e-06 9.7839e-08 1.3886e-06 6.2337e-08 3.6846e-08
1.1797e-06 9.2841e-08 1.4746e-06 7.393e-08 4.1555e-08
1.1667e-06 8.8416e-08 1.5693e-06 8.7177e-08 4.45e-08
1.1443e-06 8.1115e-08 1.6567e-06 9.61e-08 4.3398e-08
1.1245e-06 7.4715e-08 1.7552e-06 1.0757e-07 4.0788e-08
1.0949e-06 6.5776e-08 1.8636e-06 1.1433e-07 3.4033e-08
1.0678e-06 5.763e-08 1.9641e-06 1.2384e-07 2.5744e-08
1.043e-06 5.0105e-08 2.0771e-06 1.3649e-07 1.5832e-08
1.0205e-06 4.9933e-08 2.3742e-06 1.4439e-07 2.458e-08
9.9905e-07 4.9677e-08 2.6989e-06 1.5483e-07 3.1385e-08
9.6799e-07 7.2819e-08 2.7825e-06 1.6815e-07 3.6299e-08
9.3901e-07 9.8458e-08 2.8785e-06 1.613e-07 3.9602e-08
9.1195e-07 1.2713e-07 2.988e-06 1.5788e-07 4.1327e-08
8.8577e-07 1.5867e-07 3.0879e-06 1.494e-07 9.1908e-08
8.5074e-07 1.8619e-07 3.1796e-06 1.3619e-07 1.3686e-07
8.1671e-07 2.1702e-07 3.2833e-06 1.2585e-07 1.8365e-07
7.8275e-07 2.5097e-07 3.398e-06 1.1759e-07 2.3198e-07
7.4965e-07 2.791e-07 3.5038e-06 1.0482e-07 2.7434e-07
7.1751e-07 3.1136e-07 3.6233e-06 9.4526e-08 3.1929e-07
6.8512e-07 3.4734e-07 3.7553e-06 8.5709e-08 3.6632e-07
6.4418e-07 3.7864e-07 3.9003e-06 7.2683e-08 4.0718e-07
5.9498e-07 4.0569e-07 4.0595e-06 5.5571e-08 4.4225e-07
5.4562e-07 4.3654e-07 4.2346e-06 4.0016e-08 4.795e-07
4.8719e-07 4.6219e-07 4.2453e-06 5.154e-08 8.0775e-07
4.2768e-07 4.9082e-07 4.2631e-06 6.3498e-08 1.1569e-06
5.3668e-07 5.1575e-07 4.2754e-06 7.2064e-08 1.4926e-06
6.4589e-07 5.4338e-07 4.2941e-06 8.0919e-08 1.8479e-06
7.5444e-07 5.7306e-07 4.3177e-06 8.9715e-08 2.2199e-06
8.6244e-07 6.0496e-07 4.3474e-06 9.8539e-08 2.6094e-06
9.6317e-07 6.3387e-07 4.3732e-06 1.0437e-07 2.9889e-06
1.0643e-06 6.6578e-07 4.4052e-06 1.1067e-07 3.3903e-06
1.1652e-06 7.0019e-07 4.4424e-06 1.1714e-07 3.8112e-06
1.2587e-06 7.3153e-07 4.4755e-06 1.2056e-07 4.2216e-06
1.3529e-06 7.6623e-07 4.5151e-06 1.246e-07 4.6562e-06
1.4472e-06 8.0399e-07 4.5604e-06 1.29e-07 5.1138e-06
1.5327e-06 8.3732e-07 4.6148e-06 1.2967e-07 5.5533e-06
1.6198e-06 8.7501e-07 4.6771e-06 1.3135e-07 6.0229e-06
1.6963e-06 9.0681e-07 4.7532e-06 2.1153e-07 6.4663e-06
1.7623e-06 9.3016e-07 4.6738e-06 2.2916e-07 6.5461e-06
1.8314e-06 9.5879e-07 4.6053e-06 2.5072e-07 6.6407e-06
1.904e-06 9.1197e-07 4.5287e-06 2.7677e-07 6.4558e-06
1.9772e-06 8.6898e-07 4.4587e-06 3.0552e-07 6.2827e-06
2.043e-06 8.2268e-07 4.3846e-06 3.3049e-07 6.102e-06
2.1012e-06 7.7301e-07 4.3072e-06 3.5172e-07 5.9136e-06
2.1599e-06 7.2688e-07 4.236e-06 3.7556e-07 5.7363e-06
2.2192e-06 6.8406e-07 4.1708e-06 4.0231e-07 5.5697e-06
2.2808e-06 6.4553e-07 4.1133e-06 4.3382e-07 5.4168e-06
2.3348e-06 6.038e-07 4.0517e-06 4.6121e-07 5.2565e-06
2.3892e-06 5.6478e-07 3.9955e-06 4.9195e-07 5.1055e-06
2.4443e-06 5.2826e-07 3.9445e-06 5.2653e-07 4.9634e-06
2.4917e-06 4.887e-07 3.8896e-06 5.5687e-07 4.8143e-06
2.5408e-06 4.5216e-07 3.8408e-06 5.922e-07 4.6758e-06
2.5821e-06 4.1123e-07 3.7973e-06 6.323e-07 4.5458e-06
2.6157e-06 3.6727e-07 3.7498e-06 6.6793e-07 4.409e-06
2.6417e-06 3.2026e-07 3.6984e-06 6.9915e-07 4.2653e-06
2.6601e-06 2.6986e-07 3.653e-06 7.3603e-07 4.1315e-06
2.6708e-06 2.1635e-07 3.6037e-06 7.6839e-07 3.9909e-06
2.6738e-06 1.5962e-07 3.5504e-06 7.9615e-07 3.8433e-06
3.2271e-06 1.6374e-07 3.4887e-06 8.1519e-07 3.6811e-06
3.8172e-06 1.6962e-07 3.4384e-06 8.4531e-07 3.5379e-06
4.4471e-06 1.7739e-07 3.3988e-06 8.0119e-07 3.4123e-06
5.0513e-06 1.8187e-07 3.3521e-06 7.4796e-07 3.2744e-06
5.6831e-06 1.8722e-07 3.3123e-06 7.0342e-07 3.1477e-06
6.3343e-06 1.9278e-07 3.277e-06 6.6398e-07 3.0277e-06
7.0056e-06 1.9854e-07 3.2459e-06 6.2912e-07 2.914e-06
7.6633e-06 2.0198e-07 3.2112e-06 5.8982e-07 2.794e-06
8.3459e-06 2.0596e-07 3.1816e-06 5.5589e-07 2.6815e-06
9.0157e-06 2.077e-07 3.1486e-06 5.1787e-07 2.5633e-06
9.7069e-06 2.0967e-07 3.1197e-06 4.8383e-07 2.4508e-06
1.042e-05 2.1188e-07 3.0948e-06 4.534e-07 2.3438e-06
1.1157e-05 2.1435e-07 3.0739e-06 4.2625e-07 2.2419e-06
1.1918e-05 2.1709e-07 3.0569e-06 4.0211e-07 2.145e-06
1.2665e-05 2.1757e-07 3.0366e-06 3.7424e-07 2.0425e-06
1.3442e-05 2.1866e-07 3.021e-06 3.4998e-07 1.9461e-06
1.4204e-05 2.1741e-07 3.0019e-06 3.2188e-07 1.8439e-06
1.4992e-05 2.1643e-07 2.9866e-06 2.9634e-07 1.7461e-06
1.5807e-05 2.1573e-07 2.9751e-06 2.731e-07 1.6526e-06
1.6655e-05 2.1561e-07 2.9683e-06 2.5259e-07 1.5642e-06
1.7538e-05 2.1609e-07 2.966e-06 2.3451e-07 1.4806e-06
1.8457e-05 2.1717e-07 2.9603e-06 2.1861e-07 1.4015e-06
1.9414e-05 2.1884e-07 2.9591e-06 2.0465e-07 1.3266e-06
2.0405e-05 2.208e-07 2.9617e-06 1.9187e-07 1.2546e-06
2.138e-05 2.2343e-07 2.9689e-06 1.8067e-07 1.1863e-06
2.2395e-05 2.267e-07 2.9807e-06 1.7089e-07 1.1214e-06
2.3453e-05 2.3064e-07 2.9972e-06 1.6239e-07 1.0597e-06
2.4555e-05 2.3528e-07 3.0185e-06 1.5503e-07 1.001e-06
2.5639e-05 2.3755e-07 3.0362e-06 1.445e-07 9.3733e-07
2.6768e-05 2.4054e-07 3.0587e-06 1.3502e-07 8.7649e-07
2.7945e-05 2.4426e-07 3.0861e-06 1.2646e-07 8.1822e-07
2.9172e-05 2.4875e-07 3.1186e-06 1.187e-07 7.6233e-07
3.0443e-05 2.5367e-07 3.1551e-06 3.724e-08 7.0784e-07
3.1693e-05 2.562e-07 3.188e-06 3.2262e-08 6.4862e-07
3.2989e-05 2.592e-07 3.2252e-06 2.6417e-08 5.9072e-07
3.4331e-05 2.6267e-07 3.2667e-06 1.9647e-08 5.34e-07
3.5735e-05 2.6719e-07 3.3142e-06 1.2171e-08 4.7932e-07
3.711e-05 2.6901e-07 3.3571e-06 2.1481e-08 4.1948e-07
3.8548e-05 2.7184e-07 3.4061e-06 3.0256e-08 3.6144e-07
3.8805e-05 2.7805e-07 3.4469e-06 3.5391e-08 4.057e-07
3.9035e-05 2.8056e-07 3.4804e-06 3.7043e-08 4.4367e-07
3.9234e-05 2.791e-07 3.506e-06 3.512e-08 4.7504e-07
3.9477e-05 2.804e-07 3.5422e-06 3.3584e-08 5.0991e-07
3.9689e-05 2.7776e-07 3.5893e-06 2.8495e-08 5.3809e-07
3.9872e-05 2.7116e-07 3.6282e-06 1.9806e-08 5.5969e-07
4.0098e-05 2.6732e-07 3.6782e-06 1.1612e-08 5.8471e-07
4.0362e-05 2.6552e-07 3.738e-06 3.1315e-09 6.1243e-07
4.0599e-05 2.6007e-07 3.79e-06 2.8078e-09 6.3375e-07
4.0807e-05 3.3239e-07 3.8343e-06 9.2778e-09 6.4874e-07
4.106e-05 4.1519e-07 3.8903e-06 1.5371e-08 6.6742e-07
4.136e-05 5.1024e-07 3.9585e-06 2.1348e-08 6.8998e-07
4.1709e-05 6.195e-07 4.0399e-06 2.7468e-08 7.1668e-07
4.2024e-05 7.7884e-07 3.9779e-06 3.3994e-08 6.5738e-07
4.2381e-05 9.5838e-07 3.9076e-06 4.0765e-08 6.0252e-07
4.2705e-05 1.123e-06 3.8047e-06 4.3806e-08 5.3992e-07
4.2999e-05 1.275e-06 3.9638e-06 4.3335e-08 4.6996e-07
4.333e-05 1.4451e-06 4.1382e-06 4.2887e-08 4.0392e-07
4.3701e-05 1.636e-06 4.3297e-06 1.7968e-08 3.4147e-07
4.4041e-05 1.812e-06 4.5085e-06 1.8282e-08 2.7191e-07
4.4428e-05 2.0143e-06 4.7084e-06 1.813e-08 2.0686e-07
4.486e-05 2.2434e-06 4.929e-06 1.7336e-08 1.4503e-07
4.5257e-05 2.4536e-06 5.1344e-06 1.3361e-08 1.5617e-07
4.5696e-05 2.6893e-06 5.3601e-06 8.6252e-09 1.6686e-07
4.6186e-05 2.7317e-06 5.6119e-06 3.2056e-09 1.7766e-07
4.6644e-05 2.7659e-06 7.4762e-06 4.6893e-09 1.8362e-07
4.7141e-05 2.8091e-06 9.4853e-06 4.6249e-09 1.8889e-07
4.7616e-05 2.8467e-06 1.1439e-05 1.8203e-08 1.8998e-07
4.8076e-05 2.8801e-06 1.3356e-05 2.9014e-08 1.872e-07
4.8566e-05 2.9207e-06 1.5396e-05 3.9479e-08 1.8331e-07
4.9084e-05 2.9676e-06 1.7549e-05 4.9455e-08 1.7799e-07
4.963e-05 3.021e-06 1.982e-05 5.9062e-08 1.7124e-07
5.0214e-05 3.0838e-06 2.2253e-05 6.8977e-08 1.6354e-07
5.0763e-05 3.1372e-06 2.3193e-05 7.4883e-08 1.5101e-07
5.1374e-05 3.2063e-06 2.4241e-05 8.2591e-08 1.3871e-07
5.2039e-05 3.2895e-06 2.539e-05 9.176e-08 1.2602e-07
5.2773e-05 3.3914e-06 2.667e-05 1.034e-07 1.133e-07
5.3468e-05 3.4822e-06 2.7879e-05 1.1166e-07 9.5899e-08
5.4209e-05 3.5859e-06 2.9181e-05 1.2109e-07 7.7431e-08
5.493e-05 3.6834e-06 3.0453e-05 1.2725e-07 1.1816e-07
5.5684e-05 3.7903e-06 3.1796e-05 1.3373e-07 1.5819e-07
5.642e-05 3.8918e-06 3.3113e-05 1.3713e-07 1.9414e-07
5.7139e-05 3.9881e-06 3.4406e-05 1.3745e-07 2.2601e-07
5.784e-05 4.0791e-06 3.5674e-05 1.3468e-07 2.5382e-07
5.8525e-05 4.1654e-06 3.6921e-05 1.2894e-07 2.7766e-07
5.9244e-05 4.2629e-06 3.8237e-05 1.2351e-07 3.0078e-07
6.0003e-05 4.372e-06 3.964e-05 1.1876e-07 3.2368e-07
6.0804e-05 4.4937e-06 4.1134e-05 1.1459e-07 3.4643e-07
6.1648e-05 4.6062e-06 4.2599e-05 1.074e-07 3.6506e-07
6.253e-05 4.7294e-06 4.4147e-05 1.0035e-07 3.8314e-07
6.3395e-05 4.8473e-06 4.5669e-05 9.0376e-08 3.972e-07
6.4298e-05 4.9765e-06 4.5849e-05 8.0487e-08 4.1075e-07
6.5241e-05 5.1175e-06 4.6051e-05 7.0573e-08 4.2382e-07
6.6224e-05 5.2711e-06 4.6276e-05 6.0529e-08 4.3645e-07
6.7188e-05 5.4183e-06 4.6528e-05 4.7565e-08 4.4492e-07
6.8131e-05 5.5592e-06 4.677e-05 7.4366e-08 4.4922e-07
6.9116e-05 5.7129e-06 4.7037e-05 1.0233e-07 4.531e-07
7.0143e-05 5.8804e-06 4.7328e-05 1.3175e-07 4.5655e-07
7.115e-05 6.041e-06 4.7609e-05 1.5768e-07 4.5584e-07
7.2209e-05 6.2187e-06 4.7919e-05 1.8595e-07 4.5518e-07
7.3312e-05 6.4117e-06 4.8256e-05 2.1622e-07 4.541e-07
7.4394e-05 6.5974e-06 4.8582e-05 2.4283e-07 4.4885e-07
7.5457e-05 6.7765e-06 4.8898e-05 2.6595e-07 4.3954e-07
7.6566e-05 6.9716e-06 4.9241e-05 2.9125e-07 4.2985e-07
7.7656e-05 7.1598e-06 4.9575e-05 3.1302e-07 4.161e-07
7.8725e-05 7.3414e-06 4.9898e-05 3.3128e-07 3.983e-07
7.985e-05 7.5422e-06 4.9469e-05 3.5252e-07 3.8052e-07
8.0954e-05 7.7354e-06 4.9028e-05 3.7002e-07 3.5859e-07
8.2104e-05 7.9456e-06 4.8617e-05 3.8991e-07 3.3617e-07
8.3313e-05 8.1774e-06 4.824e-05 4.1323e-07 3.1365e-07
8.45e-05 8.4008e-06 4.7852e-05 4.3269e-07 2.8701e-07
8.5736e-05 8.6434e-06 4.7492e-05 4.5494e-07 2.5977e-07
8.695e-05 8.8774e-06 4.712e-05 4.7327e-07 2.2843e-07
8.8225e-05 9.1351e-06 4.678e-05 4.9542e-07 1.9685e-07
8.9553e-05 9.4144e-06 4.6467e-05 5.2078e-07 1.6451e-07
9.0946e-05 9.7209e-06 4.6183e-05 5.506e-07 1.3172e-07
9.2318e-05 1.0018e-05 4.589e-05 5.7648e-07 9.5002e-08
9.3756e-05 1.0345e-05 4.5626e-05 6.0713e-07 5.7732e-08
9.5169e-05 1.0661e-05 4.5349e-05 6.3352e-07 7.3346e-08
9.656e-05 1.0968e-05 4.5064e-05 6.5592e-07 8.5324e-08
9.8019e-05 1.1305e-05 4.4807e-05 6.8327e-07 9.5625e-08
9.9549e-05 1.1674e-05 4.4577e-05 7.16e-07 1.043e-07
0.00010106 1.2033e-05 4.4339e-05 7.4455e-07 1.0931e-07
0.00010254 1.2381e-05 4.4091e-05 7.6869e-07 1.1061e-07
0.00010399 1.2717e-05 4.3833e-05 7.8846e-07 2.3291e-07
0.00010542 1.3044e-05 4.3566e-05 8.0414e-07 3.5011e-07
0.00010683 1.3361e-05 4.3291e-05 8.1573e-07 4.6224e-07
0.0001083 1.3705e-05 4.3039e-05 8.3149e-07 5.7769e-07
0.00010983 1.4077e-05 4.2809e-05 8.5158e-07 6.9678e-07
0.00011133 1.4439e-05 4.2571e-05 8.675e-07 8.1065e-07
0.0001129 1.4364e-05 4.2355e-05 8.8788e-07 9.2839e-07
0.00011445 1.4282e-05 4.2131e-05 9.0407e-07 1.0408e-06
0.00011597 1.4194e-05 4.1899e-05 9.1606e-07 1.148e-06
0.00011535 1.4124e-05 4.0227e-05 9.3377e-07 1.2605e-06
0.00011478 1.4071e-05 3.8656e-05 9.5742e-07 1.3786e-06
0.00011425 1.4033e-05 3.7168e-05 9.8611e-07 1.5014e-06
0.00011376 1.4011e-05 3.5772e-05 1.0215e-06 1.6307e-06
0.00011326 1.3983e-05 3.4349e-05 1.0521e-06 1.7541e-06
0.0001128 1.3973e-05 3.3018e-05 1.0904e-06 1.885e-06
0.00011241 1.3987e-05 3.18e-05 1.1402e-06 1.8606e-06
0.00010995 1.403e-05 3.0703e-05 1.2061e-06 1.8441e-06
0.0001074 1.4058e-05 2.9553e-05 1.2615e-06 1.8195e-06
0.00010503 1.3803e-05 2.8521e-05 1.2266e-06 1.803e-06
0.00010263 1.354e-05 2.7469e-05 1.1868e-06 1.7816e-06
0.00010032 1.3298e-05 2.6473e-05 1.1532e-06 1.7626e-06
9.8093e-05 1.3078e-05 2.553e-05 1.1254e-06 1.7461e-06
9.5834e-05 1.2849e-05 2.4568e-05 1.0927e-06 1.7244e-06
9.3656e-05 1.264e-05 2.3656e-05 1.0657e-06 1.7052e-06
9.1559e-05 1.245e-05 2.2793e-05 1.044e-06 1.6883e-06
8.9433e-05 1.2252e-05 2.1914e-05 1.0179e-06 1.6665e-06
8.7279e-05 1.2047e-05 2.102e-05 9.8734e-07 1.6399e-06
8.5217e-05 1.1864e-05 2.018e-05 9.6323e-07 1.6166e-06
8.3124e-05 1.1673e-05 1.9324e-05 9.3447e-07 1.5882e-06
8.1107e-05 1.15e-05 1.8512e-05 9.1068e-07 1.562e-06
7.9163e-05 1.1343e-05 1.7743e-05 8.916e-07 1.538e-06
7.7303e-05 1.1206e-05 1.7021e-05 8.7816e-07 1.517e-06
7.5523e-05 1.1087e-05 1.6344e-05 8.7017e-07 1.4989e-06
7.3715e-05 1.096e-05 1.5652e-05 8.5773e-07 1.4758e-06
7.1985e-05 1.0851e-05 1.5004e-05 8.5067e-07 1.4556e-06
7.0319e-05 1.0756e-05 1.4389e-05 8.4781e-07 1.4374e-06
6.8625e-05 1.0654e-05 1.3761e-05 8.4051e-07 1.4141e-06
6.7005e-05 1.0569e-05 1.3172e-05 8.3844e-07 1.3936e-06
6.5358e-05 1.0476e-05 1.2567e-05 8.3199e-07 1.3682e-06
6.3785e-05 1.04e-05 1.2e-05 8.3096e-07 1.3457e-06
6.2143e-05 1.0262e-05 1.1499e-05 8.4009e-07 1.3296e-06
6.0621e-05 1.0154e-05 1.105e-05 8.597e-07 1.3198e-06
5.9195e-05 1.0069e-05 1.0641e-05 8.8875e-07 1.3149e-06
5.772e-05 9.972e-06 1.0212e-05 9.1047e-07 1.3031e-06
5.6201e-05 9.8635e-06 9.7655e-06 9.2568e-07 1.2851e-06
5.478e-05 9.7786e-06 9.3591e-06 9.5026e-07 1.2719e-06
5.3428e-05 9.208e-06 8.9813e-06 9.82e-07 1.2617e-06
5.215e-05 8.6928e-06 8.6329e-06 1.0223e-06 1.2551e-06
5.0929e-05 8.219e-06 8.3066e-06 9.4912e-07 1.2509e-06
4.9757e-05 7.7808e-06 7.9995e-06 8.8405e-07 1.2485e-06
4.863e-05 7.3742e-06 7.7092e-06 8.2595e-07 1.2476e-06
4.7554e-05 7.0016e-06 7.4375e-06 7.7548e-07 1.2489e-06
4.6526e-05 6.6601e-06 7.1834e-06 7.3186e-07 1.2525e-06
4.5544e-05 6.3474e-06 6.9457e-06 6.9445e-07 1.2583e-06
4.4542e-05 6.0247e-06 6.7014e-06 6.5248e-07 1.2594e-06
4.3586e-05 5.7291e-06 6.4728e-06 6.163e-07 1.2627e-06
4.2673e-05 5.4585e-06 6.2592e-06 5.854e-07 1.2683e-06
4.1802e-05 5.2109e-06 6.0597e-06 5.5932e-07 1.2761e-06
4.0914e-05 4.9557e-06 5.8547e-06 5.2928e-07 1.2793e-06
4.0067e-05 4.7222e-06 5.6631e-06 5.0377e-07 1.2849e-06
3.9259e-05 4.5088e-06 5.4843e-06 4.824e-07 1.2927e-06
3.8489e-05 4.3137e-06 5.3176e-06 4.6486e-07 1.3029e-06
3.7755e-05 4.1358e-06 5.1623e-06 4.5091e-07 1.3155e-06
3.7051e-05 3.9713e-06 5.016e-06 4.3955e-07 1.3297e-06
3.6374e-05 3.8193e-06 4.8785e-06 4.3065e-07 1.3456e-06
3.5726e-05 3.6791e-06 4.7491e-06 4.2412e-07 1.3631e-06
3.5062e-05 3.5329e-06 4.6149e-06 4.1384e-07 1.3758e-06
3.4381e-05 3.3806e-06 4.4756e-06 3.9981e-07 1.3837e-06
3.3734e-05 3.2418e-06 4.3461e-06 3.8885e-07 1.3941e-06
3.3117e-05 3.1157e-06 4.2258e-06 3.8082e-07 1.4071e-06
3.2531e-05 3.0012e-06 4.1141e-06 3.7559e-07 1.4227e-06
3.193e-05 2.8814e-06 3.9979e-06 3.6671e-07 1.4334e-06
3.1359e-05 2.7727e-06 3.8901e-06 3.6057e-07 1.4468e-06
3.0772e-05 2.6588e-06 3.7778e-06 3.508e-07 1.4553e-06
3.0172e-05 2.5401e-06 3.6613e-06 3.3755e-07 1.4591e-06
2.9601e-05 2.4321e-06 3.553e-06 3.2711e-07 1.4656e-06
2.9058e-05 2.334e-06 3.4525e-06 3.1917e-07 1.4748e-06
2.8538e-05 2.2436e-06 3.358e-06 3.1297e-07 1.4859e-06
2.8039e-05 2.1604e-06 3.2707e-06 3.0843e-07 1.4988e-06
2.7526e-05 2.0727e-06 3.1792e-06 3.0038e-07 1.5069e-06
2.7039e-05 1.9933e-06 3.0945e-06 2.9459e-07 1.5177e-06
2.6577e-05 1.9216e-06 3.0163e-06 2.9098e-07 1.5314e-06
2.6101e-05 1.8457e-06 2.9341e-06 2.839e-07 1.5402e-06
2.565e-05 1.7771e-06 2.8581e-06 2.7893e-07 1.5518e-06
2.5186e-05 1.7046e-06 2.7785e-06 2.7065e-07 1.5587e-06
2.4741e-05 1.638e-06 2.7038e-06 2.6382e-07 1.5675e-06
2.432e-05 1.5779e-06 2.635e-06 2.5895e-07 1.5793e-06
2.3886e-05 1.5141e-06 2.5625e-06 2.5079e-07 1.5864e-06
2.3475e-05 1.4565e-06 2.4957e-06 2.4456e-07 1.5964e-06
2.3082e-05 1.4039e-06 2.4333e-06 2.396e-07 1.6086e-06
2.2709e-05 1.3564e-06 2.3756e-06 2.3619e-07 1.6234e-06
2.2372e-05 1.318e-06 2.3267e-06 2.3682e-07 1.6452e-06
2.201e-05 1.273e-06 2.2712e-06 2.3228e-07 1.6589e-06
2.1623e-05 1.2372e-06 2.2234e-06 2.3124e-07 1.6788e-06
2.1222e-05 1.1978e-06 2.172e-06 2.268e-07 1.6935e-06
2.0843e-05 1.163e-06 2.125e-06 2.2399e-07 1.7114e-06
2.0483e-05 1.1325e-06 2.0824e-06 2.2278e-07 1.7326e-06
2.0139e-05 1.1052e-06 2.043e-06 2.2259e-07 1.7562e-06
1.9814e-05 1.0819e-06 2.0077e-06 2.2397e-07 1.7832e-06
1.9478e-05 1.0555e-06 1.9693e-06 2.2216e-07 1.8053e-06
1.916e-05 1.0328e-06 1.9347e-06 2.2193e-07 1.831e-06
1.883e-05 1.007e-06 1.8969e-06 2.1838e-07 1.8515e-06
1.8515e-05 9.8417e-07 1.8622e-06 2.1593e-07 1.8747e-06
1.8187e-05 9.5806e-07 1.8241e-06 2.101e-07 1.8927e-06
1.7875e-05 9.3487e-07 1.789e-06 2.0533e-07 1.9135e-06
1.755e-05 9.0842e-07 1.7506e-06 1.9719e-07 1.9289e-06
1.724e-05 8.8471e-07 1.7151e-06 1.9e-07 1.947e-06
1.6918e-05 8.5789e-07 1.6763e-06 1.7953e-07 1.96e-06
1.6584e-05 8.2811e-07 1.6344e-06 1.6591e-07 1.9681e-06
1.6268e-05 8.017e-07 1.5961e-06 1.5368e-07 1.9798e-06
1.5969e-05 7.7848e-07 1.5613e-06 1.4268e-07 1.9952e-06
1.5685e-05 7.5828e-07 1.5298e-06 1.3273e-07 2.0144e-06
1.5414e-05 7.4031e-07 1.5007e-06 1.2326e-07 2.0363e-06
1.5131e-05 7.1937e-07 1.4686e-06 1.1067e-07 2.0531e-06
1.4861e-05 7.006e-07 1.4388e-06 9.848e-08 2.0727e-06
1.458e-05 6.789e-07 1.406e-06 8.3197e-08 2.087e-06
1.4313e-05 6.599e-07 1.3762e-06 6.8619e-08 2.1053e-06
1.4061e-05 6.4347e-07 1.3493e-06 5.4533e-08 2.1276e-06
1.3799e-05 6.2432e-07 1.3195e-06 3.7551e-08 2.1448e-06
1.3526e-05 6.0243e-07 1.2869e-06 1.7658e-08 2.1571e-06
1.3243e-05 5.7778e-07 1.2513e-06 2.283e-08 2.1643e-06
1.2972e-05 5.5508e-07 1.2179e-06 2.6915e-08 2.1745e-06
1.2689e-05 5.2951e-07 1.1815e-06 2.838e-08 2.1794e-06
1.2521e-05 5.0057e-07 1.1422e-06 8.1912e-08 2.1794e-06
1.2364e-05 4.7413e-07 1.1058e-06 1.4034e-07 2.1833e-06
1.2218e-05 4.5e-07 1.072e-06 2.045e-07 2.1912e-06
1.2084e-05 4.2801e-07 1.0408e-06 2.7533e-07 2.2031e-06
1.196e-05 4.08e-07 1.0121e-06 3.5386e-07 2.2191e-06
1.1847e-05 3.8984e-07 9.8567e-07 4.4124e-07 2.2392e-06
1.1742e-05 3.7294e-07 9.6097e-07 5.3702e-07 2.2625e-06
1.1627e-05 3.534e-07 9.334e-07 6.2698e-07 2.2805e-06
1.1502e-05 3.3121e-07 9.0297e-07 7.1123e-07 2.2932e-06
1.1388e-05 3.1069e-07 8.7473e-07 8.0598e-07 2.3102e-06
1.1263e-05 2.8755e-07 8.4364e-07 8.9477e-07 2.3218e-06
1.1129e-05 2.6178e-07 8.097e-07 9.7769e-07 2.3281e-06
1.0985e-05 2.3348e-07 7.7302e-07 1.0552e-06 2.3294e-06
1.0852e-05 2.0681e-07 7.3851e-07 1.1436e-06 2.3349e-06
1.0709e-05 1.776e-07 7.0124e-07 1.2261e-06 2.3352e-06
1.0548e-05 1.9895e-07 6.5917e-07 1.2965e-06 2.3266e-06
1.037e-05 2.1654e-07 6.1227e-07 1.3557e-06 2.3091e-06
1.0209e-05 2.3649e-07 5.6039e-07 1.4305e-06 2.2991e-06
1.0065e-05 2.5906e-07 5.1273e-07 1.4049e-06 2.2967e-06
9.9033e-06 2.7751e-07 4.6003e-07 1.3688e-06 2.2851e-06
9.7567e-06 2.9844e-07 4.1103e-07 1.3443e-06 2.2802e-06
9.5928e-06 3.1528e-07 3.5724e-07 1.3098e-06 2.2665e-06
9.4134e-06 3.2846e-07 2.99e-07 1.2664e-06 2.2447e-06
9.2483e-06 3.4393e-07 2.4427e-07 1.234e-06 2.2293e-06
9.0668e-06 3.5549e-07 2.6079e-07 1.1922e-06 2.2054e-06
8.8695e-06 3.6333e-07 2.7413e-07 1.145e-06 2.1732e-06
8.6834e-06 3.7279e-07 2.88e-07 1.1064e-06 2.1459e-06
8.5105e-06 3.8447e-07 3.0284e-07 1.0773e-06 2.1246e-06
8.3277e-06 3.9352e-07 3.1526e-07 1.0432e-06 2.0978e-06
8.1542e-06 4.0408e-07 3.2814e-07 1.0159e-06 2.075e-06
7.9875e-06 4.1575e-07 3.412e-07 9.9383e-07 2.0552e-06
7.8114e-06 4.2481e-07 3.5187e-07 9.6709e-07 2.0302e-06
7.6257e-06 4.3126e-07 3.6013e-07 9.3566e-07 1.9999e-06
7.4492e-06 4.3938e-07 3.6897e-07 9.1073e-07 1.9737e-06
7.2623e-06 4.4469e-07 3.7817e-07 8.8066e-07 1.9418e-06
7.0848e-06 4.3172e-07 3.8464e-07 8.4467e-07 1.9037e-06
6.8958e-06 4.1561e-07 3.8835e-07 9.8458e-07 1.8593e-06
6.7149e-06 4.0115e-07 3.9256e-07 1.1408e-06 1.8186e-06
6.523e-06 3.8366e-07 3.941e-07 1.2875e-06 1.7719e-06
6.3403e-06 3.6806e-07 3.9636e-07 1.2835e-06 1.7296e-06
6.1694e-06 3.5494e-07 3.9989e-07 1.289e-06 1.6929e-06
5.9837e-06 3.379e-07 4.0002e-07 1.2859e-06 1.6482e-06
5.8166e-06 3.2452e-07 4.0238e-07 1.2962e-06 1.6118e-06
5.6556e-06 3.1219e-07 4.0511e-07 1.3128e-06 1.5781e-06
5.4853e-06 2.9726e-07 4.0538e-07 1.3244e-06 1.5392e-06
5.3061e-06 2.7984e-07 4.0325e-07 1.3311e-06 1.4953e-06
5.1179e-06 2.5926e-07 4.0177e-07 1.3453e-06 1.4549e-06
4.9351e-06 2.3959e-07 4.0055e-07 1.3655e-06 1.4167e-06
5.4457e-06 2.1738e-07 3.9691e-07 1.3806e-06 1.3735e-06
5.9713e-06 1.9601e-07 3.935e-07 1.4019e-06 1.3324e-06
6.4848e-06 1.7212e-07 3.8768e-07 1.4182e-06 1.2864e-06
6.987e-06 1.4583e-07 3.7953e-07 1.4298e-06 1.2356e-06
7.5045e-06 1.2031e-07 3.716e-07 1.4476e-06 1.1869e-06
8.0107e-06 1.4825e-07 3.6135e-07 1.4606e-06 1.1334e-06
8.5362e-06 1.7757e-07 3.5164e-07 1.4815e-06 1.0828e-06
9.0821e-06 2.0849e-07 3.4244e-07 1.5103e-06 1.0349e-06
9.6146e-06 2.3666e-07 3.3078e-07 1.5337e-06 9.819e-07
1.0165e-05 2.6161e-07 3.1671e-07 1.5519e-06 9.2406e-07
1.0734e-05 2.8776e-07 3.0285e-07 1.5769e-06 8.6806e-07
1.1325e-05 3.157e-07 2.8942e-07 1.6105e-06 8.1446e-07
1.1936e-05 3.4516e-07 2.737e-07 1.6391e-06 7.5625e-07
1.2567e-05 3.7623e-07 2.5806e-07 1.6749e-06 6.9952e-07
1.3219e-05 4.0908e-07 2.4248e-07 1.7183e-06 6.4409e-07
1.3894e-05 4.439e-07 2.7062e-07 1.7698e-06 5.8986e-07
1.4596e-05 4.8152e-07 2.9962e-07 1.8318e-06 5.3734e-07
1.5327e-05 5.2221e-07 3.2965e-07 1.9052e-06 4.8634e-07
1.6043e-05 5.5985e-07 3.5714e-07 1.9724e-06 5.9325e-07
1.6744e-05 5.9445e-07 3.821e-07 2.0335e-06 6.9488e-07
1.7431e-05 6.2604e-07 4.0455e-07 2.0886e-06 7.9126e-07
1.8146e-05 6.6075e-07 4.2799e-07 1.9669e-06 8.9181e-07
1.8893e-05 6.9883e-07 4.5251e-07 1.8608e-06 9.9689e-07
1.9665e-05 7.3976e-07 4.7778e-07 1.7665e-06 1.1057e-06
2.0465e-05 7.8376e-07 5.0388e-07 1.6829e-06 1.2185e-06
2.1249e-05 8.2449e-07 5.2737e-07 1.5929e-06 1.3257e-06
2.2019e-05 8.6216e-07 5.4836e-07 1.4969e-06 1.4276e-06
2.2816e-05 9.0298e-07 5.702e-07 1.4113e-06 1.5337e-06
2.3642e-05 9.4716e-07 5.9295e-07 1.3352e-06 1.6442e-06
2.4452e-05 9.8798e-07 6.1306e-07 1.2531e-06 1.7489e-06
2.5291e-05 1.0323e-06 6.3413e-07 1.1798e-06 1.6597e-06
2.6116e-05 1.0734e-06 6.5265e-07 1.1012e-06 1.5653e-06
2.6976e-05 1.1192e-06 6.7263e-07 1.0326e-06 1.4759e-06
2.7874e-05 1.1599e-06 6.8994e-07 9.5841e-07 1.6625e-06
2.8812e-05 1.2053e-06 7.0877e-07 8.9349e-07 1.8591e-06
2.9784e-05 1.2549e-06 7.2869e-07 8.3543e-07 2.0644e-06
3.0792e-05 1.3087e-06 7.4977e-07 7.8362e-07 2.2789e-06
3.1783e-05 1.3592e-06 7.6825e-07 7.2717e-07 2.4866e-06
3.2757e-05 1.4062e-06 7.8413e-07 6.6602e-07 2.6875e-06
3.3715e-05 1.4498e-06 7.9743e-07 7.565e-07 2.8818e-06
3.4715e-05 1.4988e-06 8.1238e-07 8.5827e-07 3.0874e-06
3.576e-05 1.5535e-06 8.2904e-07 9.7283e-07 3.3053e-06
3.6852e-05 1.6144e-06 8.4749e-07 1.1018e-06 3.5363e-06
3.7984e-05 1.6807e-06 8.6727e-07 1.2444e-06 3.7786e-06
3.9097e-05 1.7432e-06 8.8434e-07 1.3797e-06 4.0133e-06
4.0284e-05 1.8198e-06 9.0492e-07 1.5419e-06 4.2702e-06
4.1565e-05 1.9113e-06 9.302e-07 1.743e-06 4.5569e-06
4.2796e-05 1.9935e-06 9.5079e-07 1.9225e-06 4.8252e-06
4.4124e-05 2.0916e-06 9.7624e-07 2.1456e-06 5.125e-06
4.5541e-05 2.2048e-06 1.0058e-06 2.413e-06 5.4536e-06
4.7052e-05 2.3346e-06 1.0398e-06 2.7332e-06 5.8138e-06
5.8369e-05 3.3687e-06 1.2822e-06 5.4609e-06 8.5627e-06
5.9905e-05 3.4639e-06 1.3179e-06 5.9374e-06 8.9928e-06
6.1545e-05 3.5759e-06 1.359e-06 6.5084e-06 9.465e-06
6.3114e-05 3.793e-06 1.4058e-06 7.2245e-06 9.9831e-06
6.4809e-05 3.8257e-06 1.46e-06 7.4313e-06 1.056e-05
6.6635e-05 3.7141e-06 1.4244e-06 7.6961e-06 1.1202e-05
8.0284e-05 3.0328e-06 1.1819e-06 9.9757e-06 1.6114e-05
8.2153e-05 2.9199e-06 1.1368e-06 1.026e-05 1.6772e-05
8.4142e-05 2.8225e-06 1.0967e-06 1.0608e-05 1.7491e-05
8.6262e-05 2.7396e-06 1.0613e-06 1.103e-05 1.8279e-05
8.8379e-05 2.6551e-06 1.0242e-06 1.145e-05 1.9064e-05
9.0493e-05 2.5691e-06 9.8539e-07 1.1868e-05 1.9848e-05
9.2603e-05 2.4815e-06 9.4489e-07 1.2285e-05 2.0628e-05
9.471e-05 2.3923e-06 9.0269e-07 1.27e-05 2.1407e-05
9.6814e-05 2.3016e-06 8.5879e-07 1.3113e-05 2.2183e-05
9.8914e-05 2.2093e-06 8.1318e-07 1.3524e-05 2.2956e-05
0.00010093 2.1058e-06 7.6198e-07 1.3886e-05 2.3683e-05
0.00010308 2.0164e-06 7.1544e-07 1.4329e-05 2.4482e-05
0.00010514 1.9173e-06 6.6385e-07 1.4725e-05 2.5238e-05
0.00010736 1.8338e-06 6.1769e-07 1.5223e-05 2.6082e-05
0.0001095 1.917e-06 5.6664e-07 1.5671e-05 2.6882e-05
0.00011179 2.0133e-06 5.1978e-07 1.6214e-05 2.776e-05
0.00011399 2.1002e-06 4.6817e-07 1.6704e-05 2.8593e-05
0.00011632 2.1975e-06 4.1943e-07 1.7272e-05 2.949e-05
0.00011874 2.3042e-06 3.7264e-07 1.7257e-05 3.0444e-05
0.00012113 2.4059e-06 3.2303e-07 1.723e-05 3.1377e-05
0.00012348 2.5027e-06 2.7061e-07 1.7192e-05 3.2291e-05
0.00012594 2.6095e-06 2.2016e-07 1.7185e-05 3.3264e-05
0.00012836 2.7112e-06 1.6693e-07 1.7167e-05 3.4217e-05
0.00013075 2.808e-06 1.1091e-07 1.7136e-05 3.5149e-05
0.00013311 2.9003e-06 1.1971e-07 1.7095e-05 3.6062e-05
0.00013556 3.0009e-06 1.2794e-07 1.7081e-05 3.7028e-05
0.00013797 3.0966e-06 1.3401e-07 1.7055e-05 3.7972e-05
0.00014035 3.1872e-06 1.3792e-07 1.7017e-05 3.8895e-05
0.00014283 3.2881e-06 1.4146e-07 1.701e-05 3.9881e-05
0.00014528 3.3839e-06 1.4285e-07 1.6992e-05 4.0845e-05
0.0001477 3.4751e-06 1.4212e-07 1.6963e-05 4.1791e-05
0.00015021 3.575e-06 1.4083e-07 1.6961e-05 4.279e-05
0.00015269 3.6698e-06 1.3737e-07 1.6946e-05 4.3767e-05
0.00015526 3.7738e-06 1.3336e-07 1.6265e-05 4.4802e-05
0.00015794 3.8876e-06 1.2875e-07 1.5654e-05 4.5895e-05
0.00016057 3.9958e-06 1.22e-07 1.5017e-05 4.6965e-05
0.00016317 4.0987e-06 1.1309e-07 1.4354e-05 4.8011e-05
0.00016589 4.2135e-06 1.0379e-07 1.3771e-05 4.9129e-05
0.00016856 4.3221e-06 9.2283e-08 1.3172e-05 5.022e-05
0.0001714 4.4489e-06 8.086e-08 1.2672e-05 5.1415e-05
0.00017414 4.5625e-06 1.0654e-07 1.2114e-05 5.2544e-05
0.00017684 4.6701e-06 1.2987e-07 1.1531e-05 5.3648e-05
0.0001795 4.7724e-06 1.5093e-07 1.0925e-05 5.4729e-05
0.00018226 4.8851e-06 1.719e-07 1.0381e-05 5.5873e-05
0.00018498 4.9921e-06 1.9055e-07 9.8143e-06 5.6992e-05
0.00018767 5.0935e-06 2.0689e-07 9.2244e-06 5.8087e-05
0.00019046 5.2054e-06 2.2315e-07 8.6939e-06 5.9245e-05
0.00019321 5.3119e-06 2.3713e-07 8.1427e-06 6.0381e-05
0.00019586 5.4059e-06 2.5229e-07 7.5329e-06 6.1454e-05
0.00019872 5.5229e-06 2.6389e-07 5.6647e-06 6.2659e-05
0.00020153 5.6322e-06 2.7292e-07 3.6991e-06 6.3827e-05
0.00020428 5.7339e-06 2.7938e-07 3.4814e-06 6.4961e-05
0.00020716 5.8486e-06 2.8606e-07 3.291e-06 6.6172e-05
0.00020998 5.9554e-06 2.9015e-07 3.086e-06 6.7347e-05
0.00021273 6.053e-06 2.9144e-07 2.8628e-06 6.8478e-05
0.00021569 6.1727e-06 2.9411e-07 2.6818e-06 6.9735e-05
0.00021883 6.3129e-06 2.9775e-07 2.5313e-06 7.111e-05
0.00022187 6.4402e-06 2.9825e-07 2.3603e-06 7.2421e-05
0.00022514 6.5931e-06 3.002e-07 2.2228e-06 7.3877e-05
0.00022865 6.774e-06 3.0358e-07 2.1133e-06 7.5491e-05
0.00023238 6.9814e-06 3.0796e-07 2.024e-06 7.725e-05
0.00023605 7.1807e-06 3.0997e-07 1.9277e-06 7.8974e-05
0.00023968 7.3724e-06 3.0963e-07 1.8245e-06 8.0663e-05
0.00024347 7.5842e-06 3.096e-07 1.7351e-06 8.2464e-05
0.00024721 7.788e-06 3.0722e-07 1.639e-06 8.423e-05
0.00025111 8.0129e-06 3.0513e-07 1.5557e-06 8.6112e-05
0.00025497 8.2623e-06 3.0333e-07 1.4838e-06 8.8117e-05
0.000259 8.5363e-06 3.0179e-07 1.4224e-06 9.0253e-05
0.00026297 8.8011e-06 2.9793e-07 1.3552e-06 9.2348e-05
0.0002669 9.0572e-06 2.9175e-07 1.2825e-06 9.4405e-05
0.000271 9.3388e-06 2.8586e-07 1.2198e-06 9.6597e-05
0.00027505 9.6119e-06 2.7781e-07 1.1518e-06 9.8751e-05
0.00027926 9.9076e-06 2.6972e-07 1.0916e-06 0.00010103
0.00028343 1.0195e-05 2.5937e-07 1.0263e-06 0.00010326
0.00028753 1.0472e-05 2.467e-07 9.5552e-07 0.00010545
0.00029182 1.0777e-05 2.3426e-07 8.9371e-07 0.00010779
0.00029631 1.1112e-05 2.22e-07 8.4001e-07 0.00011028
0.00030074 1.1436e-05 2.0749e-07 7.8145e-07 0.00011273
0.00030534 1.1788e-05 1.9287e-07 7.292e-07 0.00011531
0.00030989 1.213e-05 1.76e-07 6.7219e-07 0.00011785
0.00031437 1.2459e-05 1.5678e-07 6.0989e-07 0.00012033
0.00031869 1.2762e-05 1.872e-07 5.375e-07 0.0001227
0.00032287 1.3041e-05 2.1405e-07 4.545e-07 0.00012495
0.00032737 1.3371e-05 2.4324e-07 3.8711e-07 0.00012747
0.00033179 1.3673e-05 2.6861e-07 4.142e-07 0.00012987
0.00033639 1.4001e-05 2.9445e-07 4.4467e-07 0.0001324
0.00034093 1.4319e-05 3.178e-07 4.7103e-07 0.00013489
0.00034565 1.4664e-05 3.416e-07 5.0079e-07 0.00013751
0.00035057 1.5043e-05 3.6628e-07 5.3523e-07 0.00014031
0.00035573 1.546e-05 3.9195e-07 5.749e-07 0.00014329
0.00036109 1.5913e-05 4.1841e-07 6.195e-07 0.00014644
0.00036669 1.5873e-05 4.4606e-07 6.7053e-07 0.0001498
0.00037254 1.5851e-05 4.7499e-07 7.2866e-07 0.00015337
0.00037862 1.5845e-05 5.0486e-07 7.9326e-07 0.00015714
0.00038462 1.5832e-05 5.3218e-07 8.5301e-07 0.00016085
0.00039056 1.5812e-05 5.5693e-07 9.0783e-07 0.0001645
0.00039684 1.5816e-05 5.8404e-07 9.7414e-07 0.00016846
0.00040288 1.5796e-05 6.1511e-07 1.0589e-06 0.00017285
0.00040872 1.5759e-05 6.4181e-07 1.1318e-06 0.00017704
0.00041501 1.5754e-05 6.7264e-07 1.225e-06 0.00018169
0.0004211 1.5732e-05 6.9911e-07 1.3058e-06 0.00018614
0.00042699 1.5695e-05 7.213e-07 1.3748e-06 0.00019038
0.00043332 1.5689e-05 7.4753e-07 1.4642e-06 0.00019508
0.00043943 1.5664e-05 7.6906e-07 1.5397e-06 0.00019955
0.0004453 1.5569e-05 7.949e-07 1.6378e-06 0.00020079
0.00044661 1.5508e-05 8.2536e-07 1.6261e-06 0.00020058
0.00044783 1.5429e-05 8.5116e-07 1.6042e-06 0.00020032
0.00044897 1.5332e-05 8.7236e-07 1.5718e-06 0.0002
0.00044739 1.5264e-05 8.9726e-07 1.5527e-06 0.00019977
0.0004457 1.5177e-05 9.1714e-07 1.5272e-06 0.00019949
0.00044421 1.4998e-05 9.3205e-07 1.4889e-06 0.00020225
0.00044287 1.4852e-05 9.5057e-07 1.4636e-06 0.00020528
0.00044148 1.4695e-05 9.6594e-07 1.4322e-06 0.00020823
0.00044005 1.4529e-05 9.7833e-07 1.395e-06 0.00021112
0.00044536 1.4355e-05 9.8788e-07 1.3525e-06 0.00021395
0.00045091 1.4202e-05 9.9943e-07 1.3183e-06 0.00021698
0.00045638 1.4041e-05 1.0082e-06 1.2789e-06 0.00021994
0.0004621 1.3901e-05 1.0189e-06 1.2473e-06 0.00022311
0.00046776 1.3754e-05 1.3468e-06 1.211e-06 0.00022622
0.00047335 1.3599e-05 1.6678e-06 1.1699e-06 0.00022927
0.00047921 1.3465e-05 2.009e-06 1.1368e-06 0.00023254
0.00048529 1.3348e-05 2.3678e-06 1.1095e-06 0.00023599
0.00049129 1.3223e-05 2.7186e-06 1.0773e-06 0.00023938
0.00049723 1.3092e-05 3.0622e-06 1.0405e-06 0.00024271
0.00050309 1.2954e-05 3.3987e-06 9.9919e-07 0.00024599
0.00050923 1.2834e-05 3.7561e-06 9.6487e-07 0.00024948
0.00051528 1.2707e-05 4.1053e-06 9.2575e-07 0.00025291
0.00052126 1.2573e-05 4.4466e-06 8.8179e-07 0.00025628
0.00052716 1.2431e-05 4.78e-06 8.3294e-07 0.00025958
0.00053333 1.2309e-05 5.1344e-06 7.9101e-07 0.0002631
0.00053942 1.2178e-05 5.4808e-06 7.4433e-07 0.00026656
0.00054578 1.2067e-05 5.8492e-06 7.0411e-07 0.00027024
0.00055243 1.1972e-05 6.2412e-06 6.6979e-07 0.00027417
0.00055938 1.1895e-05 6.6585e-06 6.4091e-07 0.00027835
0.00056625 1.1811e-05 7.0662e-06 6.0762e-07 0.00028246
0.00057303 1.172e-05 7.4655e-06 7.3441e-07 0.0002865
0.00058012 1.1646e-05 7.8909e-06 8.7675e-07 0.0002908
0.00058748 1.1585e-05 8.3397e-06 1.0337e-06 0.00029534
0.00059513 1.1538e-05 8.8132e-06 1.207e-06 0.00029576
0.00060268 1.1485e-05 9.2764e-06 1.3718e-06 0.00029616
0.00061056 1.1447e-05 9.7697e-06 1.5574e-06 0.00029664
0.0006188 1.1424e-05 1.0295e-05 1.7666e-06 0.00029437
0.0006274 1.1416e-05 1.0854e-05 2.0024e-06 0.00029225
0.00063638 1.1422e-05 1.145e-05 2.2685e-06 0.00029028
0.00064577 1.1445e-05 1.2085e-05 2.5696e-06 0.00028845
0.00065501 1.1459e-05 1.2704e-05 2.8541e-06 0.00028657
0.00066394 1.146e-05 1.3291e-05 3.1098e-06 0.00028458
0.00067255 1.1443e-05 1.3842e-05 3.3355e-06 0.00028246
0.00068087 1.1413e-05 1.4364e-05 4.9083e-06 0.00028021
0.00068892 1.1368e-05 1.4858e-05 6.3437e-06 0.00027785
0.00069675 1.131e-05 1.533e-05 7.6685e-06 0.00027537
0.00070488 1.1266e-05 1.583e-05 9.1428e-06 0.00027304
0.00071292 1.1216e-05 1.6318e-05 1.0563e-05 0.00027065
