Rhea_americana Serinus_canaria Spheniscus_demersus Stachyridopsis_ruficeps Strigops_habroptila
0.00040589 7.6625e-05 9.1349e-05 9.6403e-05 3.1993e-05
0.00040239 7.4972e-05 8.9963e-05 9.5503e-05 2.9804e-05
0.00039912 7.3376e-05 8.8609e-05 9.4656e-05 2.7664e-05
0.00039576 7.1758e-05 8.7242e-05 9.3789e-05 2.5504e-05
0.00039268 7.0208e-05 8.5914e-05 9.2985e-05 2.3404e-05
0.00038946 6.8621e-05 8.4563e-05 9.2147e-05 2.127e-05
0.00038657 6.7118e-05 8.326e-05 9.1385e-05 1.921e-05
0.00038408 6.572e-05 8.2015e-05 9.0712e-05 1.7241e-05
0.00038137 6.4271e-05 8.0737e-05 9.0114e-05 1.5218e-05
0.00037847 6.277e-05 7.9428e-05 8.9474e-05 1.5008e-05
0.00037597 6.1372e-05 7.8179e-05 8.8917e-05 1.4813e-05
0.00037378 6.0056e-05 7.6977e-05 8.8425e-05 1.463e-05
0.0003714 5.8687e-05 7.5744e-05 8.7892e-05 1.4433e-05
0.00036884 5.727e-05 7.4482e-05 8.7321e-05 1.4223e-05
0.00035955 5.595e-05 7.3277e-05 8.5194e-05 1.4028e-05
0.00035113 5.471e-05 7.212e-05 8.3248e-05 1.3116e-05
0.0003422 5.3416e-05 7.0931e-05 8.1196e-05 1.2177e-05
0.00033411 5.2199e-05 6.9789e-05 7.9317e-05 1.1273e-05
0.00032679 5.1056e-05 6.8692e-05 7.7597e-05 1.0402e-05
0.00032029 4.9994e-05 6.7646e-05 7.605e-05 9.5711e-06
0.00031442 4.8997e-05 6.6642e-05 7.4636e-05 8.7162e-06
0.00030912 4.8062e-05 6.568e-05 7.3345e-05 7.8379e-06
0.00030351 4.709e-05 6.4694e-05 7.1989e-05 7.8186e-06
0.00029846 4.6179e-05 6.3747e-05 7.075e-05 7.8057e-06
0.00029307 4.5227e-05 6.2772e-05 6.944e-05 7.7813e-06
0.00028739 4.4239e-05 6.1774e-05 6.8066e-05 7.7469e-06
0.00028234 4.3321e-05 6.0821e-05 6.6828e-05 7.7207e-06
0.00027696 4.2364e-05 5.9842e-05 6.552e-05 7.6831e-06
0.00027128 4.1369e-05 5.8903e-05 6.4145e-05 7.6354e-06
0.00026615 4.0435e-05 5.8001e-05 6.2889e-05 7.5941e-06
0.00026152 3.9557e-05 5.7136e-05 6.1741e-05 7.5591e-06
0.00025743 3.8743e-05 5.6312e-05 6.0712e-05 7.5321e-06
0.00025376 3.7981e-05 5.5523e-05 5.9774e-05 7.5114e-06
0.00024082 3.5143e-05 5.2507e-05 5.6417e-05 7.4344e-06
0.00023792 3.4396e-05 5.1781e-05 5.5524e-05 7.4149e-06
0.00023484 3.3619e-05 5.1036e-05 5.4582e-05 7.3854e-06
0.00023208 3.281e-05 5.027e-05 5.3591e-05 7.3459e-06
0.00022912 3.2059e-05 4.9541e-05 5.2702e-05 7.3144e-06
0.00022649 3.1356e-05 4.8842e-05 5.1895e-05 7.2889e-06
0.0002242 3.0704e-05 4.8179e-05 5.1174e-05 7.2712e-06
0.00022174 3.0025e-05 4.7496e-05 5.0413e-05 7.2436e-06
0.00021957 2.9388e-05 4.6841e-05 4.9723e-05 7.2221e-06
0.00021771 2.88e-05 4.622e-05 4.7401e-05 7.2082e-06
0.00021608 2.825e-05 4.5626e-05 4.5271e-05 7.2003e-06
0.00021863 2.8517e-05 4.5012e-05 4.3027e-05 7.1818e-06
0.00022101 2.8765e-05 4.438e-05 4.273e-05 7.1534e-06
0.00022101 2.9046e-05 4.3779e-05 4.1504e-05 7.1328e-06
0.00022119 2.9359e-05 4.321e-05 4.041e-05 7.1197e-06
0.00022155 2.9701e-05 4.2665e-05 3.941e-05 7.1126e-06
0.0002221 3.0021e-05 4.2145e-05 3.8352e-05 7.1113e-06
0.00022024 3.0105e-05 4.1648e-05 3.7385e-05 7.1159e-06
0.00021867 3.0218e-05 4.1179e-05 3.6523e-05 7.1281e-06
0.00021694 3.0311e-05 4.0692e-05 3.5611e-05 7.1298e-06
0.00021549 3.0433e-05 4.0232e-05 3.4792e-05 7.1391e-06
0.00021429 3.0535e-05 3.9754e-05 3.3923e-05 7.1378e-06
0.00021295 3.0665e-05 3.9259e-05 3.3143e-05 7.1259e-06
0.00021182 3.0778e-05 3.8786e-05 3.232e-05 7.1199e-06
0.00021055 3.092e-05 3.8295e-05 3.1594e-05 7.1033e-06
0.00020914 3.1043e-05 3.7787e-05 3.0824e-05 7.0761e-06
0.00020761 3.1189e-05 3.7263e-05 3.0123e-05 7.0391e-06
0.00020629 3.1362e-05 3.6762e-05 2.9485e-05 7.0082e-06
0.00020484 3.1513e-05 3.6243e-05 2.8805e-05 6.9668e-06
0.00020325 3.1647e-05 3.5708e-05 2.8089e-05 6.9154e-06
0.00020153 3.1762e-05 3.5156e-05 2.7334e-05 6.8539e-06
0.00020004 3.1902e-05 3.4628e-05 2.6645e-05 6.7983e-06
0.00019842 3.2024e-05 3.4084e-05 2.592e-05 6.7329e-06
0.00019705 3.2176e-05 3.3567e-05 2.5268e-05 6.6751e-06
0.00019557 3.2369e-05 3.3034e-05 2.4702e-05 6.6071e-06
0.00019429 3.259e-05 3.2524e-05 2.4187e-05 6.545e-06
0.00019321 3.2838e-05 3.2035e-05 2.3733e-05 6.4886e-06
0.00018855 3.3114e-05 3.1568e-05 2.3323e-05 6.4379e-06
0.00018435 3.3368e-05 3.1121e-05 2.2884e-05 6.3929e-06
0.00017986 3.36e-05 3.0665e-05 2.2415e-05 6.3375e-06
0.00017509 3.3813e-05 3.0193e-05 2.1914e-05 6.2716e-06
0.00017001 3.4071e-05 2.9704e-05 2.1382e-05 6.1948e-06
0.00016461 3.4307e-05 2.9198e-05 2.0814e-05 6.1074e-06
0.00015887 3.4521e-05 2.8674e-05 2.0212e-05 6.0096e-06
0.00015376 3.4768e-05 2.8177e-05 1.967e-05 5.9192e-06
0.0001492 3.5048e-05 2.7703e-05 1.9185e-05 5.8358e-06
0.00014514 3.5363e-05 2.7252e-05 1.8749e-05 5.7592e-06
0.00014087 3.566e-05 2.6788e-05 1.829e-05 5.6735e-06
0.0001364 3.594e-05 2.6312e-05 1.7811e-05 5.5794e-06
0.00013237 3.5488e-05 2.5822e-05 1.7375e-05 5.4907e-06
0.00012819 3.502e-05 2.5322e-05 1.6923e-05 5.3945e-06
0.0001243 3.4577e-05 2.4835e-05 1.65e-05 5.3007e-06
0.00012067 3.4156e-05 2.4346e-05 1.6103e-05 5.2092e-06
0.00011696 3.3725e-05 2.3855e-05 1.5697e-05 5.1115e-06
0.00011318 3.3284e-05 2.3361e-05 1.5282e-05 5.0077e-06
0.00010961 3.2862e-05 2.2865e-05 1.4889e-05 4.9052e-06
0.00010598 3.2431e-05 2.2366e-05 1.4487e-05 4.7966e-06
0.00010254 3.2018e-05 2.1865e-05 1.4106e-05 4.6892e-06
9.9307e-05 3.1622e-05 2.1362e-05 1.3745e-05 4.583e-06
9.6005e-05 3.1218e-05 2.0856e-05 1.3376e-05 4.4707e-06
9.2931e-05 3.0835e-05 2.0347e-05 1.3031e-05 4.3606e-06
8.978e-05 3.0441e-05 1.9837e-05 1.2677e-05 4.2441e-06
8.6851e-05 3.0069e-05 1.9324e-05 1.2346e-05 4.1315e-06
8.3837e-05 2.972e-05 1.8808e-05 1.2038e-05 4.0214e-06
8.106e-05 2.9393e-05 1.829e-05 1.1753e-05 3.914e-06
7.8533e-05 2.9093e-05 1.777e-05 1.1495e-05 3.8104e-06
7.625e-05 2.882e-05 1.7247e-05 1.1261e-05 3.7108e-06
7.384e-05 2.8529e-05 1.6722e-05 1.1013e-05 3.5952e-06
7.1313e-05 2.8221e-05 1.6194e-05 1.0751e-05 3.4714e-06
6.9001e-05 2.7937e-05 1.5664e-05 1.0511e-05 3.3508e-06
6.6882e-05 2.7676e-05 1.5132e-05 1.0291e-05 3.2331e-06
6.494e-05 2.7435e-05 1.4597e-05 1.0091e-05 3.1182e-06
6.2907e-05 2.718e-05 1.4059e-05 9.8788e-06 2.9954e-06
6.0778e-05 2.691e-05 1.352e-05 9.6547e-06 3.1964e-06
5.8857e-05 2.6665e-05 1.2977e-05 9.4534e-06 3.4038e-06
5.6848e-05 2.6407e-05 1.2433e-05 9.2406e-06 3.6025e-06
5.5027e-05 2.6172e-05 1.1907e-05 9.0487e-06 3.8074e-06
5.3115e-05 2.5922e-05 1.1369e-05 8.8451e-06 4.0032e-06
5.1085e-05 2.5652e-05 1.0817e-05 8.6266e-06 4.1889e-06
4.8924e-05 2.5363e-05 1.0249e-05 8.392e-06 4.3641e-06
4.7032e-05 2.5053e-05 9.6653e-06 8.1398e-06 4.5286e-06
4.5009e-05 2.4774e-05 9.1053e-06 7.9155e-06 4.7011e-06
4.3215e-05 2.4525e-05 8.5682e-06 7.7171e-06 4.8821e-06
4.1309e-05 2.4258e-05 8.6282e-06 7.5043e-06 5.0318e-06
3.9619e-05 2.402e-05 8.6954e-06 7.3166e-06 5.1895e-06
3.807e-05 2.3802e-05 8.7673e-06 7.1452e-06 5.3523e-06
3.648e-05 2.3575e-05 8.8345e-06 6.9676e-06 5.5084e-06
3.4996e-05 2.3339e-05 8.905e-06 6.7837e-06 5.6678e-06
3.3473e-05 2.3095e-05 8.9709e-06 6.5937e-06 5.8207e-06
3.2051e-05 2.2867e-05 9.0401e-06 6.4161e-06 5.9769e-06
3.0724e-05 2.2653e-05 9.1125e-06 6.2504e-06 6.1365e-06
2.9364e-05 2.2451e-05 9.1806e-06 6.0792e-06 6.2897e-06
2.8081e-05 2.226e-05 9.2511e-06 5.9176e-06 6.4454e-06
2.6763e-05 2.2062e-05 9.317e-06 5.7502e-06 6.5945e-06
2.5531e-05 2.1877e-05 9.3862e-06 5.5938e-06 6.7471e-06
2.4381e-05 2.1706e-05 9.4588e-06 5.4479e-06 6.9035e-06
2.3296e-05 2.1546e-05 9.5339e-06 5.3104e-06 6.5938e-06
2.2179e-05 2.1378e-05 9.6044e-06 5.1675e-06 6.9462e-06
2.1033e-05 2.1203e-05 9.6705e-06 5.0194e-06 7.2913e-06
1.9951e-05 2.1038e-05 9.7392e-06 4.8796e-06 7.6425e-06
1.884e-05 2.0866e-05 9.8034e-06 4.7347e-06 7.9865e-06
1.77e-05 2.0687e-05 9.8632e-06 4.5848e-06 8.3231e-06
1.6657e-05 2.0525e-05 9.9283e-06 4.448e-06 8.6715e-06
1.5693e-05 2.038e-05 9.9981e-06 4.3221e-06 9.0303e-06
1.4682e-05 2.0222e-05 1.0062e-05 4.1883e-06 9.3782e-06
1.3766e-05 2.0083e-05 1.0131e-05 4.0672e-06 9.7392e-06
1.2794e-05 1.9929e-05 1.0193e-05 3.9367e-06 1.0087e-05
1.1762e-05 1.9761e-05 1.0248e-05 3.7966e-06 1.0422e-05
1.0657e-05 1.9617e-05 1.0599e-05 3.6726e-06 1.0741e-05
9.636e-06 1.9488e-05 1.0961e-05 3.5588e-06 1.1071e-05
8.6765e-06 1.9372e-05 1.1331e-05 3.4525e-06 1.141e-05
7.7846e-06 1.9269e-05 1.1712e-05 3.3547e-06 1.1759e-05
6.8584e-06 1.9157e-05 1.2086e-05 3.2529e-06 1.2099e-05
5.998e-06 1.906e-05 1.247e-05 3.1596e-06 1.245e-05
5.2555e-06 1.8981e-05 1.2869e-05 3.0573e-06 1.2818e-05
4.5709e-06 1.8918e-05 1.3282e-05 2.9644e-06 1.3199e-05
3.8431e-06 1.8841e-05 1.3683e-05 2.8633e-06 1.3566e-05
3.1736e-06 1.8751e-05 1.4098e-05 2.754e-06 1.3948e-05
2.5648e-06 1.868e-05 1.4531e-05 2.6562e-06 1.4349e-05
2.0102e-06 1.8628e-05 1.4982e-05 2.5689e-06 1.4768e-05
1.4166e-06 1.8596e-05 1.5419e-05 2.4918e-06 1.5208e-05
1.4347e-06 1.8556e-05 1.585e-05 2.4105e-06 1.564e-05
1.4534e-06 1.8525e-05 1.6289e-05 2.3335e-06 1.6081e-05
1.4608e-06 1.8487e-05 1.6722e-05 2.2524e-06 1.6513e-05
1.4702e-06 1.8459e-05 1.7166e-05 2.1765e-06 1.6958e-05
1.4683e-06 1.8425e-05 1.7604e-05 2.0965e-06 1.7393e-05
1.4555e-06 1.8383e-05 1.8036e-05 2.0126e-06 1.7821e-05
1.4447e-06 1.8352e-05 1.8478e-05 1.9338e-06 1.826e-05
1.4226e-06 1.8314e-05 1.8915e-05 1.851e-06 1.8691e-05
1.3896e-06 1.8269e-05 1.9345e-05 1.7643e-06 1.9114e-05
1.3571e-06 1.8233e-05 1.9784e-05 1.6816e-06 1.9547e-05
1.3133e-06 1.8189e-05 2.0217e-05 1.5948e-06 1.9971e-05
1.2582e-06 1.8138e-05 2.0643e-05 1.504e-06 2.0386e-05
1.2052e-06 1.8098e-05 2.1081e-05 1.4182e-06 2.0813e-05
1.138e-06 1.8047e-05 2.1508e-05 1.3263e-06 2.1228e-05
1.0911e-06 1.7981e-05 2.1922e-05 1.227e-06 2.1624e-05
1.0275e-06 1.7899e-05 2.2358e-05 1.1191e-06 2.1999e-05
9.7168e-07 1.7802e-05 2.2813e-05 1.0034e-06 2.2358e-05
9.2311e-07 1.766e-05 2.3253e-05 9.1166e-07 2.2741e-05
8.7403e-07 1.7527e-05 2.3702e-05 8.2355e-07 2.3134e-05
8.1412e-07 1.7386e-05 2.4146e-05 7.3159e-07 2.3518e-05
7.4336e-07 1.7239e-05 2.4582e-05 6.3577e-07 2.3893e-05
6.6173e-07 1.7083e-05 2.5012e-05 5.3606e-07 2.426e-05
5.692e-07 1.692e-05 2.5435e-05 4.3243e-07 2.4617e-05
7.4134e-07 1.6749e-05 2.5851e-05 4.5832e-07 2.4966e-05
9.0164e-07 1.657e-05 2.6261e-05 4.8132e-07 2.5306e-05
1.0503e-06 1.6384e-05 2.6664e-05 5.0149e-07 2.5637e-05
1.1874e-06 1.6191e-05 2.7061e-05 5.1883e-07 2.596e-05
1.3274e-06 1.6008e-05 2.7468e-05 5.3657e-07 2.6293e-05
1.4551e-06 1.5816e-05 2.7868e-05 5.5134e-07 2.6618e-05
1.5944e-06 1.5609e-05 2.8255e-05 5.6176e-07 2.6925e-05
1.7213e-06 1.5394e-05 2.8634e-05 5.6923e-07 2.7223e-05
1.8539e-06 1.5191e-05 2.9025e-05 5.7749e-07 2.7534e-05
1.9746e-06 1.4981e-05 2.941e-05 5.8293e-07 2.7836e-05
2.0834e-06 1.4764e-05 2.9789e-05 5.8555e-07 2.8131e-05
2.1805e-06 1.4539e-05 3.0162e-05 5.8534e-07 2.8417e-05
2.2835e-06 1.4327e-05 3.0546e-05 5.8595e-07 2.8715e-05
2.3907e-06 1.4123e-05 3.094e-05 5.8693e-07 2.9023e-05
2.4854e-06 1.3913e-05 3.1328e-05 5.85e-07 2.9322e-05
2.568e-06 1.3695e-05 3.1709e-05 5.8023e-07 2.9613e-05
2.6574e-06 1.3489e-05 3.2102e-05 5.763e-07 2.9917e-05
2.7326e-06 1.3273e-05 3.2488e-05 5.6914e-07 3.021e-05
2.8253e-06 1.3043e-05 3.2859e-05 5.5767e-07 3.0486e-05
2.9329e-06 1.2835e-05 3.3249e-05 5.4903e-07 3.0782e-05
3.0603e-06 1.2648e-05 3.3662e-05 5.4314e-07 3.1103e-05
3.205e-06 1.2477e-05 3.4096e-05 5.3925e-07 3.1446e-05
3.3366e-06 1.2299e-05 3.4522e-05 5.3251e-07 3.1779e-05
3.4779e-06 1.2132e-05 3.4962e-05 5.2647e-07 3.2126e-05
3.6295e-06 1.1974e-05 3.5416e-05 5.2109e-07 3.2487e-05
3.7921e-06 1.1826e-05 3.5883e-05 5.1636e-07 3.2861e-05
3.9409e-06 1.167e-05 3.6343e-05 5.0875e-07 3.3227e-05
4.0759e-06 1.1508e-05 3.6795e-05 4.9827e-07 3.3583e-05
4.2193e-06 1.1353e-05 3.726e-05 4.8802e-07 3.3951e-05
4.3717e-06 1.1206e-05 3.7736e-05 4.78e-07 3.4331e-05
4.5334e-06 1.1066e-05 3.8224e-05 4.6818e-07 3.4722e-05
4.6816e-06 1.092e-05 3.8705e-05 4.5558e-07 3.5105e-05
4.8156e-06 1.0766e-05 3.9179e-05 4.4012e-07 3.5478e-05
4.9318e-06 1.0604e-05 3.9644e-05 4.2145e-07 3.584e-05
5.0581e-06 1.0449e-05 4.0121e-05 4.0308e-07 3.6214e-05
5.1704e-06 1.0288e-05 4.0591e-05 3.8187e-07 3.6579e-05
5.2933e-06 1.012e-05 4.1074e-05 3.5778e-07 3.6957e-05
5.4298e-06 9.9607e-06 4.1572e-05 3.3431e-07 3.7351e-05
5.5515e-06 9.7945e-06 4.2063e-05 3.0794e-07 3.7734e-05
5.6893e-06 9.6385e-06 4.2571e-05 2.8236e-07 3.8136e-05
5.8577e-06 9.4697e-06 4.3063e-05 3.295e-07 3.867e-05
5.9844e-06 9.2867e-06 4.3536e-05 3.7159e-07 3.9181e-05
6.1362e-06 9.1182e-06 4.4033e-05 4.1658e-07 3.9671e-05
6.3196e-06 8.966e-06 4.4557e-05 4.0534e-07 4.0193e-05
6.52e-06 8.8221e-06 4.5098e-05 3.9453e-07 4.0733e-05
6.7361e-06 8.6873e-06 4.5655e-05 3.8389e-07 4.1291e-05
6.9361e-06 8.5457e-06 4.6203e-05 3.7041e-07 4.1838e-05
7.1543e-06 8.4118e-06 4.6767e-05 3.5727e-07 4.2404e-05
7.3916e-06 8.2854e-06 4.7349e-05 3.4442e-07 4.2989e-05
7.649e-06 8.1662e-06 4.7949e-05 3.318e-07 4.3594e-05
7.9276e-06 8.0407e-06 4.854e-05 3.1642e-07 4.4189e-05
8.2286e-06 7.9222e-06 4.9149e-05 3.0124e-07 4.4804e-05
8.5488e-06 7.8092e-06 4.9774e-05 2.8589e-07 4.5436e-05
8.8904e-06 7.702e-06 5.0414e-05 2.7042e-07 4.6086e-05
8.7525e-06 7.6061e-06 5.1036e-05 3.2507e-07 4.6643e-05
8.5978e-06 7.5037e-06 5.1649e-05 3.7644e-07 4.7188e-05
8.4266e-06 7.3948e-06 5.2254e-05 4.2459e-07 4.7723e-05
8.275e-06 7.2794e-06 5.2877e-05 4.6951e-07 4.7082e-05
8.1085e-06 7.1579e-06 5.3493e-05 5.1143e-07 4.6432e-05
7.9602e-06 7.0431e-06 5.4128e-05 5.5494e-07 4.5803e-05
7.796e-06 6.9217e-06 5.4754e-05 5.9528e-07 4.5162e-05
7.6459e-06 6.8054e-06 5.5396e-05 6.3675e-07 4.454e-05
7.5131e-06 6.694e-06 5.6054e-05 6.7947e-07 4.3934e-05
7.3934e-06 6.5874e-06 5.6729e-05 7.2353e-07 4.3345e-05
7.2584e-06 6.4746e-06 5.7396e-05 7.6436e-07 4.2745e-05
7.1081e-06 6.3557e-06 5.8054e-05 8.0196e-07 4.2134e-05
6.9707e-06 6.2415e-06 5.8728e-05 8.4095e-07 4.154e-05
6.8181e-06 6.1211e-06 5.9394e-05 8.7668e-07 4.0936e-05
6.6503e-06 5.9946e-06 6.0051e-05 9.0918e-07 4.032e-05
6.499e-06 5.8743e-06 6.0729e-05 9.4376e-07 3.9725e-05
6.3658e-06 5.7608e-06 6.1429e-05 9.8096e-07 3.9152e-05
6.2635e-06 5.6593e-06 6.211e-05 1.0236e-06 3.8556e-05
6.1889e-06 5.5686e-06 6.2827e-05 1.0718e-06 3.7994e-05
6.136e-06 5.4674e-06 6.3524e-05 1.114e-06 3.7412e-05
6.0606e-06 5.3566e-06 6.4203e-05 1.151e-06 3.681e-05
5.4038e-06 5.2563e-06 6.4916e-05 1.1934e-06 3.624e-05
4.7966e-06 5.1636e-06 6.5659e-05 1.2401e-06 3.5695e-05
4.151e-06 5.0613e-06 6.6382e-05 1.2811e-06 3.513e-05
3.4616e-06 4.9489e-06 6.7085e-05 1.3164e-06 3.4544e-05
3.4807e-06 4.8263e-06 6.7767e-05 1.346e-06 3.3936e-05
3.5147e-06 4.7127e-06 6.8481e-05 1.3804e-06 3.3357e-05
3.5265e-06 4.5882e-06 6.9172e-05 1.4086e-06 3.2754e-05
3.516e-06 4.4526e-06 6.984e-05 1.4305e-06 3.3072e-05
3.5245e-06 4.3283e-06 7.0546e-05 1.4585e-06 3.2728e-05
3.5108e-06 4.5922e-06 7.1229e-05 1.4802e-06 3.2364e-05
3.5161e-06 4.8419e-06 7.1951e-05 1.4958e-06 3.2028e-05
3.5008e-06 5.0789e-06 7.2651e-05 1.5056e-06 3.1673e-05
3.5005e-06 5.3035e-06 7.3331e-05 1.5098e-06 3.1496e-05
3.5139e-06 5.5166e-06 7.4042e-05 1.5086e-06 3.1335e-05
3.5334e-06 5.7367e-06 7.4772e-05 1.5095e-06 3.1184e-05
3.5399e-06 5.9655e-06 7.5526e-05 1.5131e-06 3.1045e-05
3.5541e-06 6.1874e-06 7.627e-05 1.5133e-06 3.0897e-05
3.5554e-06 6.4026e-06 7.7005e-05 1.5101e-06 3.0741e-05
3.5647e-06 6.6264e-06 7.7763e-05 1.5094e-06 3.0596e-05
3.5609e-06 6.8434e-06 7.8512e-05 1.5054e-06 3.0442e-05
3.5656e-06 7.0696e-06 7.9285e-05 1.504e-06 3.03e-05
3.5851e-06 7.2832e-06 8.0093e-05 1.4972e-06 3.0175e-05
3.5665e-06 7.514e-06 8.0944e-05 1.4959e-06 3.007e-05
3.5304e-06 7.7344e-06 8.1777e-05 1.4899e-06 2.9953e-05
3.5077e-06 7.9685e-06 8.2645e-05 1.488e-06 2.9851e-05
3.4691e-06 8.1932e-06 8.3498e-05 1.4819e-06 2.9739e-05
3.4434e-06 8.4317e-06 8.4385e-05 1.4798e-06 2.9641e-05
3.4365e-06 8.3629e-06 8.532e-05 1.6063e-06 2.9564e-05
3.4483e-06 8.3075e-06 8.6303e-05 1.7464e-06 2.9508e-05
3.438e-06 8.2408e-06 8.7267e-05 1.8771e-06 2.9434e-05
3.4118e-06 8.1659e-06 8.8214e-05 2.0015e-06 2.935e-05
3.3931e-06 8.0975e-06 8.9189e-05 2.133e-06 2.9276e-05
3.3595e-06 8.0215e-06 9.0149e-05 2.2586e-06 2.9191e-05
3.3345e-06 7.9525e-06 9.114e-05 2.3922e-06 2.9118e-05
3.3278e-06 7.8966e-06 9.2182e-05 2.5409e-06 2.9065e-05
3.3392e-06 7.8534e-06 9.3278e-05 2.7062e-06 2.9032e-05
3.3691e-06 7.8228e-06 9.4429e-05 2.8897e-06 2.9019e-05
3.4177e-06 7.8047e-06 9.5637e-05 2.9054e-06 2.9026e-05
3.4458e-06 7.7759e-06 9.6817e-05 2.914e-06 2.9018e-05
3.4532e-06 7.7365e-06 9.7967e-05 2.9155e-06 2.8994e-05
3.4796e-06 7.7095e-06 9.9175e-05 2.926e-06 2.8991e-05
3.4837e-06 7.6709e-06 0.00010035 3.3098e-06 2.8971e-05
3.4672e-06 7.6217e-06 0.0001015 3.4129e-06 2.8936e-05
3.43e-06 7.5849e-06 0.00010261 4.2399e-06 2.8886e-05
3.4118e-06 7.5603e-06 0.00010379 5.1525e-06 2.8855e-05
3.4122e-06 7.548e-06 0.00010502 6.1597e-06 2.8845e-05
3.3905e-06 7.5242e-06 0.00010622 7.1412e-06 2.8819e-05
3.3836e-06 7.4898e-06 0.00010748 8.2093e-06 2.8778e-05
3.3561e-06 7.4448e-06 0.00010754 9.2283e-06 2.8754e-05
3.3344e-06 7.4046e-06 0.00010762 1.0301e-05 2.8739e-05
3.2999e-06 7.3583e-06 0.00010769 1.1354e-05 2.8715e-05
3.2705e-06 7.3165e-06 0.00010777 1.246e-05 2.8699e-05
3.2289e-06 7.2689e-06 0.00010785 1.3548e-05 2.8675e-05
3.175e-06 7.2156e-06 0.00010792 1.4619e-05 2.8643e-05
3.1263e-06 7.1666e-06 0.00010801 1.5745e-05 2.862e-05
3.0648e-06 7.1116e-06 0.00010809 1.6849e-05 2.8588e-05
3.0104e-06 7.0623e-06 0.00010818 1.8021e-05 2.8566e-05
2.9633e-06 7.0187e-06 0.0001083 1.9264e-05 2.8555e-05
2.9026e-06 6.9686e-06 0.0001084 2.0481e-05 2.8534e-05
2.8529e-06 6.9265e-06 0.00010853 2.1792e-05 2.8528e-05
2.8194e-06 6.8957e-06 0.00010869 2.2153e-05 2.8541e-05
2.7666e-06 6.8549e-06 0.00010883 2.2492e-05 2.8539e-05
2.6945e-06 6.8039e-06 0.00010896 2.2809e-05 2.8523e-05
2.6384e-06 6.7642e-06 0.00010911 2.3169e-05 2.8526e-05
2.5622e-06 6.7138e-06 0.00010925 2.3504e-05 2.8513e-05
2.5011e-06 6.6742e-06 0.00010942 2.3883e-05 2.8519e-05
2.4549e-06 6.6456e-06 0.00010962 2.431e-05 2.8544e-05
2.3897e-06 6.6068e-06 0.0001098 2.4711e-05 2.8541e-05
2.3052e-06 6.5578e-06 0.00010997 2.5087e-05 2.8523e-05
2.2359e-06 6.5197e-06 0.00011016 2.5512e-05 2.8524e-05
2.6546e-06 6.4706e-06 0.00011034 2.5909e-05 2.851e-05
3.1028e-06 6.428e-06 0.00011054 2.6341e-05 2.8507e-05
7.3227e-06 6.3793e-06 0.00011073 2.676e-05 2.8496e-05
1.1796e-05 6.335e-06 0.00011093 2.7207e-05 2.8493e-05
1.6165e-05 6.2842e-06 0.00011113 2.7641e-05 2.8482e-05
2.0849e-05 6.2393e-06 0.00011134 2.8109e-05 2.8482e-05
2.5383e-05 6.1868e-06 0.00011155 2.8559e-05 2.847e-05
2.977e-05 6.1267e-06 0.00011174 2.8991e-05 2.8448e-05
3.1042e-05 6.0753e-06 0.00011196 2.9469e-05 2.8441e-05
3.1161e-05 6.0133e-06 0.00011221 2.9451e-05 2.8454e-05
3.1254e-05 5.9445e-06 0.00011245 2.9423e-05 2.8457e-05
3.1385e-05 5.8805e-06 0.00011271 2.9417e-05 2.847e-05
3.1493e-05 5.8105e-06 0.00011297 2.9402e-05 2.8474e-05
3.1643e-05 5.7456e-06 0.00011324 2.9407e-05 2.8488e-05
3.1772e-05 6.4109e-06 0.0001135 2.9404e-05 2.8495e-05
3.1935e-05 7.0972e-06 0.00011378 2.9417e-05 2.8509e-05
3.2136e-05 7.8069e-06 0.00011408 2.9447e-05 2.8532e-05
3.239e-05 8.5491e-06 0.0001144 2.95e-05 2.8568e-05
3.2608e-05 9.272e-06 0.00011471 2.954e-05 2.8592e-05
3.2891e-05 1.0035e-05 0.00011505 2.9608e-05 2.8632e-05
3.3252e-05 1.077e-05 0.00011542 2.9656e-05 2.8657e-05
3.368e-05 1.1544e-05 0.00011582 2.973e-05 2.8695e-05
3.4057e-05 1.2291e-05 0.00011621 2.9787e-05 2.8719e-05
3.4385e-05 1.3011e-05 0.00011657 2.9826e-05 2.8728e-05
3.48e-05 1.3782e-05 0.00011697 2.9899e-05 2.8757e-05
3.5307e-05 1.4521e-05 0.0001174 2.9952e-05 2.8806e-05
3.5862e-05 1.5286e-05 0.00011786 3.0021e-05 2.8863e-05
3.6463e-05 1.6077e-05 0.00011834 3.0107e-05 2.8929e-05
3.704e-05 1.6856e-05 0.0001188 3.0185e-05 2.8986e-05
3.7666e-05 1.7667e-05 0.00011929 2.9519e-05 2.9052e-05
3.8266e-05 1.8465e-05 0.00011976 2.884e-05 2.911e-05
3.8839e-05 1.925e-05 0.00012023 2.8145e-05 2.916e-05
3.946e-05 2.0062e-05 0.00012072 2.7487e-05 2.9217e-05
4.0057e-05 2.0862e-05 0.00012119 2.6816e-05 2.9267e-05
4.0628e-05 2.1649e-05 0.00012166 2.6131e-05 2.9309e-05
4.1258e-05 2.2469e-05 0.00012215 2.5488e-05 2.9361e-05
4.1942e-05 2.3318e-05 0.00012266 2.488e-05 2.9421e-05
4.2596e-05 2.4152e-05 0.00012316 2.4257e-05 2.9473e-05
4.3346e-05 2.5037e-05 0.0001237 2.3689e-05 2.9541e-05
4.4172e-05 2.5962e-05 0.00012426 2.316e-05 2.9621e-05
4.5059e-05 2.692e-05 0.00012484 2.266e-05 2.971e-05
4.6023e-05 2.7917e-05 0.00012544 2.2191e-05 2.9809e-05
4.7067e-05 2.8955e-05 0.00012607 2.1752e-05 2.9918e-05
4.8195e-05 3.0035e-05 0.00012673 2.1342e-05 3.0038e-05
4.9285e-05 3.1097e-05 0.00012737 2.092e-05 3.0149e-05
5.0338e-05 3.2142e-05 0.000128 2.0487e-05 3.0252e-05
5.1548e-05 3.3146e-05 0.00012861 2.0025e-05 3.0337e-05
5.2929e-05 3.4223e-05 0.00012926 1.9613e-05 3.0444e-05
5.4219e-05 3.5379e-05 0.00012988 1.9247e-05 3.0536e-05
5.5412e-05 3.649e-05 0.00013056 1.8856e-05 3.061e-05
5.675e-05 3.7682e-05 0.00013128 1.8508e-05 3.0705e-05
5.805e-05 3.8858e-05 0.00013199 1.8152e-05 3.0793e-05
5.9439e-05 4.0075e-05 0.00013272 1.7816e-05 3.0888e-05
6.0919e-05 4.1335e-05 0.00013347 1.7499e-05 3.0993e-05
6.2358e-05 4.2577e-05 0.00013422 1.7174e-05 3.1089e-05
6.3891e-05 4.3862e-05 0.00013498 1.6867e-05 3.1194e-05
6.5383e-05 4.513e-05 0.00013574 1.6552e-05 3.1291e-05
6.6972e-05 4.6442e-05 0.00013652 1.6255e-05 3.1396e-05
6.8516e-05 4.7735e-05 0.00013729 1.5949e-05 3.1492e-05
7.0211e-05 4.8993e-05 0.0001381 1.5627e-05 3.1603e-05
7.209e-05 5.0328e-05 0.00013894 1.5336e-05 3.1732e-05
7.4175e-05 5.1743e-05 0.00013983 1.5075e-05 3.1877e-05
7.5608e-05 5.3246e-05 0.00014076 1.4841e-05 3.2042e-05
7.693e-05 5.4691e-05 0.00014167 1.4588e-05 3.2188e-05
7.8419e-05 5.6227e-05 0.00014262 1.4363e-05 3.2353e-05
8.0122e-05 5.7874e-05 0.00014362 1.3511e-05 3.2541e-05
8.176e-05 5.9489e-05 0.00014461 1.2635e-05 3.2718e-05
8.3548e-05 6.1183e-05 0.00014563 1.1817e-05 3.2909e-05
8.5476e-05 6.2947e-05 0.00014669 1.1046e-05 3.3112e-05
8.7551e-05 6.4785e-05 0.00014779 1.0319e-05 3.3328e-05
8.9782e-05 6.67e-05 0.00014891 9.6335e-06 3.3556e-05
9.2153e-05 6.8681e-05 0.00015007 8.9808e-06 3.3794e-05
9.4468e-05 7.0637e-05 0.00015122 8.3149e-06 3.4023e-05
9.6953e-05 7.2674e-05 0.0001524 7.6864e-06 3.4264e-05
9.9386e-05 7.4687e-05 0.00015357 7.0465e-06 3.4498e-05
0.00010197 7.6772e-05 0.00015477 6.437e-06 3.4742e-05
0.00010449 7.8829e-05 0.00015596 5.8153e-06 3.4976e-05
0.00010718 8.096e-05 0.00015536 5.223e-06 3.5222e-05
0.0001098 8.3063e-05 0.00015474 4.6188e-06 3.5458e-05
0.00011235 8.5139e-05 0.00015412 4.0024e-06 3.5685e-05
0.0001151 8.7303e-05 0.00015352 3.4198e-06 3.5926e-05
0.00011778 8.9439e-05 0.00015292 2.8256e-06 3.6157e-05
0.00012066 9.1663e-05 0.00015234 2.2636e-06 3.6401e-05
0.00012349 9.3862e-05 0.00015175 2.2414e-06 3.6637e-05
0.00012648 9.614e-05 0.00015118 2.2222e-06 3.6884e-05
0.00012967 9.8512e-05 0.00015063 2.2067e-06 3.7142e-05
0.00013305 0.00010097 0.00015011 2.1939e-06 3.741e-05
0.00013663 0.00010351 0.0001496 2.1839e-06 3.769e-05
0.00014015 0.00010603 0.00014909 2.1705e-06 3.7962e-05
0.00014388 0.00010863 0.0001486 2.1597e-06 3.8244e-05
0.00014753 0.0001112 0.00014809 2.1454e-06 3.8518e-05
0.00015145 0.00011388 0.00014762 2.1345e-06 3.8805e-05
0.0001556 0.00011665 0.00014716 2.1263e-06 3.9104e-05
0.00015966 0.00011939 0.00014669 2.1145e-06 3.9394e-05
0.00016401 0.00012225 0.00014625 2.1061e-06 3.9698e-05
0.00016868 0.00012522 0.00014258 2.1012e-06 4.0017e-05
0.00017324 0.00012815 0.00013888 2.0926e-06 4.0326e-05
0.00017813 0.00013121 0.00013527 2.0875e-06 4.065e-05
0.00018331 0.00013437 0.00013175 2.085e-06 4.0987e-05
0.00018887 0.0001375 0.00012831 2.0789e-06 4.1339e-05
0.00019481 0.00014075 0.00012496 2.0761e-06 4.1706e-05
0.00020065 0.00014398 0.00012159 2.0699e-06 4.2065e-05
0.00020683 0.00014731 0.00011829 2.0663e-06 4.2437e-05
0.00021289 0.0001506 0.00011497 2.0591e-06 4.2799e-05
0.00021931 0.00015402 0.00011172 2.0544e-06 4.3174e-05
0.0002256 0.00015738 0.00010845 2.0461e-06 4.3539e-05
0.00023235 0.0001609 0.00010526 2.0413e-06 4.3921e-05
0.00023978 0.00016461 0.00010218 2.0419e-06 4.4328e-05
0.00024785 0.00016851 9.9196e-05 2.0469e-06 4.4755e-05
0.00025561 0.00017233 9.6168e-05 2.0469e-06 4.5167e-05
0.00026432 0.00017637 9.51e-05 2.0527e-06 4.5638e-05
0.00027253 0.00018027 9.4001e-05 2.0516e-06 4.6085e-05
0.00028174 0.00018445 9.2961e-05 1.9184e-06 4.6566e-05
0.00029047 0.00018849 9.1894e-05 1.7758e-06 4.7026e-05
0.00029877 0.00019241 9.08e-05 1.6236e-06 4.7466e-05
0.00030671 0.00019622 8.9682e-05 1.4628e-06 4.7887e-05
0.00031549 0.00020027 8.8612e-05 1.315e-06 4.8337e-05
0.00032394 0.00020423 8.7522e-05 1.3589e-06 4.8771e-05
0.00033205 0.00020809 8.6409e-05 1.3976e-06 4.9187e-05
0.00034091 0.00021186 8.5337e-05 1.441e-06 4.9629e-05
0.00035041 0.00021579 8.4296e-05 1.4878e-06 5.0089e-05
0.00035968 0.00021967 8.3243e-05 1.5307e-06 5.0538e-05
0.00036988 0.00022373 8.2223e-05 1.5776e-06 5.1008e-05
0.00037986 0.00022774 8.1191e-05 1.6207e-06 5.1467e-05
0.00038962 0.00023169 8.0147e-05 1.6601e-06 5.1916e-05
0.00040029 0.00023586 7.9141e-05 1.7046e-06 5.239e-05
0.00041174 0.00024022 7.8165e-05 1.7531e-06 5.2885e-05
0.00042283 0.00024449 7.7173e-05 1.7967e-06 5.3364e-05
0.0004335 0.000249 7.6162e-05 1.835e-06 5.3827e-05
0.00044376 0.00025341 7.5131e-05 1.8681e-06 5.4273e-05
0.00045355 0.0002577 7.4077e-05 1.8954e-06 5.4699e-05
0.00046433 0.00026229 7.3065e-05 1.9297e-06 5.5153e-05
0.0004764 0.0002672 7.21e-05 1.9715e-06 5.5643e-05
0.00048992 0.00027246 7.1181e-05 2.0212e-06 5.617e-05
0.00050482 0.00027756 7.0238e-05 2.0642e-06 5.6674e-05
0.00051898 0.00028249 6.927e-05 2.1006e-06 5.7155e-05
0.00053485 0.00028778 6.8349e-05 2.1451e-06 5.7674e-05
0.00055234 0.0002934 6.7466e-05 2.1966e-06 5.8225e-05
0.00056886 0.00029882 6.6557e-05 2.2406e-06 5.8743e-05
0.00058735 0.00030462 6.5692e-05 2.2932e-06 5.93e-05
0.00060775 0.00031173 6.4864e-05 2.3535e-06 5.989e-05
0.0006305 0.00031366 6.4075e-05 2.4231e-06 6.052e-05
0.00065532 0.00031573 6.3316e-05 2.5001e-06 6.1181e-05
0.00068241 0.00031792 6.2587e-05 2.5852e-06 6.1876e-05
0.00070893 0.00032008 6.1848e-05 2.6656e-06 6.2557e-05
0.00073735 0.00032235 6.1131e-05 2.7521e-06 6.3264e-05
0.00076745 0.00032471 6.0433e-05 2.8437e-06 6.3993e-05
0.00079699 0.00032703 5.9725e-05 2.9309e-06 6.4709e-05
0.00082827 0.00032945 5.9035e-05 3.0231e-06 6.5447e-05
0.00085894 0.00033183 5.8335e-05 3.1108e-06 6.6172e-05
0.00089141 0.00033431 5.7653e-05 3.2037e-06 6.6918e-05
0.00092335 0.00033676 5.6963e-05 3.2925e-06 6.7654e-05
0.00095749 0.00033616 5.629e-05 3.3866e-06 6.8411e-05
0.000991 0.00033554 5.5608e-05 3.4762e-06 6.9156e-05
0.0010268 0.00033498 5.4946e-05 3.5726e-06 6.8474e-05
0.0010651 0.00033448 5.4304e-05 3.6765e-06 6.7817e-05
0.0010746 0.00033394 5.3646e-05 3.7725e-06 6.7138e-05
0.0010848 0.00033347 5.3011e-05 3.8776e-06 6.6489e-05
0.001096 0.00033308 5.2399e-05 3.9923e-06 6.5869e-05
0.0011069 0.00033266 5.1777e-05 4.1016e-06 6.5237e-05
0.0011176 0.00033222 5.1147e-05 4.2057e-06 6.4591e-05
0.001128 0.00033176 5.0507e-05 4.3049e-06 6.3934e-05
0.0011392 0.00033136 4.9887e-05 4.4122e-06 6.3301e-05
0.0011502 0.00033093 4.9258e-05 4.5146e-06 6.2656e-05
0.001161 0.00033049 4.8621e-05 4.6121e-06 6.1999e-05
0.0011725 0.00033011 4.8092e-05 4.7177e-06 6.1367e-05
0.0011839 0.00032971 4.7555e-05 4.8184e-06 6.0723e-05
0.0011964 0.0003294 4.7001e-05 4.9322e-06 6.0114e-05
0.0012085 0.00032905 4.6435e-05 5.0389e-06 5.9488e-05
0.0012203 0.00032868 4.5859e-05 5.1395e-06 5.8848e-05
0.0012332 0.00032838 4.5305e-05 5.2508e-06 5.8236e-05
0.0012457 0.00032805 4.474e-05 5.3558e-06 5.761e-05
0.0012578 0.0003277 4.4165e-05 5.4546e-06 5.697e-05
0.0012694 0.00032743 4.3573e-05 5.5687e-06 5.6307e-05
0.0012806 0.00032713 4.297e-05 5.6752e-06 5.5626e-05
0.0012929 0.00032691 4.239e-05 5.7947e-06 5.4978e-05
0.0012947 0.00032677 4.1836e-05 5.9305e-06 5.4364e-05
0.0012965 0.0003266 4.1273e-05 6.0608e-06 5.3738e-05
0.0012981 0.00032642 4.0703e-05 6.1857e-06 5.3102e-05
0.0013001 0.00032222 4.0149e-05 6.3207e-06 5.2487e-05
0.0013024 0.0003182 3.9612e-05 6.4662e-06 5.1894e-05
0.001305 0.00031432 3.9087e-05 6.6207e-06 5.1318e-05
0.0013075 0.0003104 3.8555e-05 6.77e-06 5.0732e-05
0.0013104 0.00030663 3.8038e-05 6.9306e-06 5.0167e-05
0.0013136 0.00030303 3.7537e-05 7.1034e-06 4.9623e-05
0.0013173 0.00029961 3.7055e-05 7.2923e-06 4.9104e-05
0.0013207 0.00029606 3.6556e-05 7.4669e-06 4.862e-05
0.0013246 0.00029272 3.6078e-05 7.6605e-06 4.8164e-05
0.0013291 0.00028958 3.5621e-05 7.8745e-06 4.7734e-05
0.0013341 0.0002866 3.5182e-05 8.1079e-06 4.7329e-05
0.0013397 0.00028377 3.476e-05 8.3606e-06 4.6944e-05
0.001346 0.00028111 3.4356e-05 8.6376e-06 4.6584e-05
0.0013521 0.00027838 3.3942e-05 8.9027e-06 4.621e-05
0.0013578 0.00027559 3.3517e-05 9.1559e-06 4.5821e-05
0.0013632 0.0002727 3.3076e-05 9.3917e-06 4.5383e-05
0.0013691 0.00026993 3.265e-05 9.6459e-06 4.4965e-05
0.0013754 0.00026727 3.2234e-05 9.9145e-06 4.4561e-05
0.0013816 0.00026458 3.1812e-05 1.0176e-05 4.4148e-05
0.0013876 0.00026185 3.1383e-05 1.043e-05 4.3725e-05
0.0013942 0.00025924 3.0967e-05 1.0702e-05 4.3318e-05
0.0014005 0.00025659 3.0544e-05 1.0967e-05 4.2902e-05
0.0014068 0.00025392 3.0114e-05 1.1224e-05 4.2477e-05
0.0014129 0.00025121 2.9678e-05 1.1475e-05 4.2043e-05
0.0014101 0.00024861 2.9255e-05 1.1744e-05 4.1625e-05
0.0014077 0.00024613 2.8844e-05 1.2031e-05 4.1224e-05
0.0014055 0.00024374 2.8443e-05 1.2335e-05 4.0835e-05
0.0014033 0.00024131 2.8035e-05 1.2631e-05 4.0438e-05
0.0014009 0.00023886 2.7621e-05 1.2919e-05 4.003e-05
0.0013984 0.00023637 2.72e-05 1.3199e-05 3.9613e-05
0.0013959 0.00023385 2.6773e-05 1.3473e-05 3.9188e-05
0.0013937 0.00023145 2.6358e-05 1.3766e-05 3.8778e-05
0.0013914 0.00022901 2.5936e-05 1.405e-05 3.836e-05
0.0013894 0.00022654 2.5508e-05 1.4327e-05 3.7957e-05
0.0013872 0.00022404 2.5074e-05 1.4597e-05 3.7545e-05
0.001385 0.00022151 2.4633e-05 1.486e-05 3.7125e-05
0.0013856 0.00021908 2.4205e-05 1.4672e-05 3.672e-05
0.0013865 0.00021675 2.3786e-05 1.4498e-05 3.6328e-05
0.0013876 0.0002145 2.3377e-05 1.4336e-05 3.5948e-05
0.001389 0.00021234 2.2976e-05 1.4187e-05 3.558e-05
0.0013902 0.00021014 2.257e-05 1.4031e-05 3.5202e-05
0.0013919 0.00020804 2.2174e-05 1.389e-05 3.484e-05
0.0013934 0.00020592 2.1772e-05 1.3743e-05 3.4468e-05
0.0013952 0.00020388 2.1381e-05 1.361e-05 3.4111e-05
0.0013974 0.00020194 2.1001e-05 1.3491e-05 3.3769e-05
0.0014 0.0002001 2.0633e-05 1.3387e-05 3.3443e-05
0.0014025 0.0001982 2.0256e-05 1.3274e-05 3.3103e-05
0.0014053 0.00019642 1.9893e-05 1.3179e-05 3.2783e-05
0.0014332 0.00019458 1.9518e-05 1.307e-05 3.2445e-05
0.0014627 0.0001928 1.9151e-05 1.2973e-05 3.2119e-05
0.001494 0.00019109 1.8792e-05 1.2886e-05 3.1803e-05
0.0015272 0.00018945 1.8441e-05 1.2809e-05 3.1498e-05
0.0015623 0.00018788 1.8098e-05 1.2743e-05 3.1204e-05
0.0015994 0.00018636 1.7762e-05 1.2686e-05 3.092e-05
0.001636 0.00018483 1.7421e-05 1.2624e-05 3.0627e-05
0.001675 0.00018337 1.7089e-05 1.2574e-05 3.0347e-05
0.0017168 0.00018197 1.6765e-05 1.2536e-05 3.0079e-05
0.0017579 0.00018064 1.6449e-05 1.2507e-05 2.9821e-05
0.0017982 0.00017928 1.6126e-05 1.2472e-05 2.9554e-05
0.0018378 0.0001779 1.5798e-05 1.2432e-05 2.9279e-05
0.0018767 0.00017658 1.5477e-05 1.2401e-05 2.9013e-05
0.0019149 0.00017523 1.515e-05 1.2365e-05 2.8739e-05
0.0019555 0.00017395 1.483e-05 1.2338e-05 2.8475e-05
0.0019628 0.00017272 1.4517e-05 1.2321e-05 2.8221e-05
0.0019707 0.00017154 1.4211e-05 1.2314e-05 2.7976e-05
0.0019784 0.00017034 1.3899e-05 1.2301e-05 2.7722e-05
0.0019866 0.00016919 1.3593e-05 1.2297e-05 2.7478e-05
0.0019947 0.00016802 1.3281e-05 1.2287e-05 2.7225e-05
0.0020034 0.00016692 1.2978e-05 1.2289e-05 2.6983e-05
0.002002 0.00016577 1.2685e-05 1.2306e-05 2.6757e-05
0.0020011 0.0001646 1.2402e-05 1.2315e-05 2.6546e-05
0.0020001 0.00016339 1.2111e-05 1.2314e-05 2.6322e-05
0.0019996 0.00016212 1.1808e-05 1.23e-05 2.612e-05
0.0019989 0.00016079 1.1495e-05 1.2274e-05 2.5902e-05
0.0019987 0.00015955 1.1193e-05 1.2264e-05 2.57e-05
0.0019981 0.00015826 1.088e-05 1.2228e-05 2.5482e-05
0.0019975 0.00015694 1.0562e-05 1.2186e-05 2.5255e-05
0.0019967 0.0001556 1.0237e-05 1.2137e-05 2.502e-05
0.0019962 0.00015432 9.9186e-06 1.2099e-05 2.4793e-05
0.0019957 0.00015302 9.5946e-06 1.2055e-05 2.4558e-05
0.0019955 0.00015177 9.2779e-06 1.2021e-05 2.4333e-05
0.0019956 0.00015058 8.9668e-06 1.1998e-05 2.4116e-05
0.0019956 0.00014937 8.6503e-06 1.1968e-05 2.3891e-05
0.0019955 0.00014814 8.3282e-06 1.1933e-05 2.3658e-05
0.0019953 0.00014688 8.0132e-06 1.1892e-05 2.3435e-05
0.0019954 0.00014569 7.7049e-06 1.1862e-05 2.3222e-05
0.001996 0.00014456 7.4033e-06 1.1844e-05 2.3018e-05
0.0019964 0.0001434 7.0966e-06 1.182e-05 2.2807e-05
0.0019972 0.00014231 6.7963e-06 1.1807e-05 2.2605e-05
0.0019979 0.00014119 6.4906e-06 1.1788e-05 2.2394e-05
0.0019983 0.00014017 6.1974e-06 1.1789e-05 2.2203e-05
0.0019983 0.0001391 5.8946e-06 1.1778e-05 2.1997e-05
0.001998 0.00013798 5.5811e-06 1.1754e-05 2.1926e-05
0.0019974 0.00013681 5.2568e-06 1.1717e-05 2.184e-05
0.0019974 0.00013573 4.9452e-06 1.17e-05 2.1771e-05
0.0019971 0.0001346 4.6239e-06 1.167e-05 2.1832e-05
0.0019965 0.00013373 4.315e-06 1.1668e-05 2.1925e-05
0.0019962 0.00013289 4.0116e-06 1.1676e-05 2.2026e-05
0.0019964 0.00013211 3.7146e-06 1.1696e-05 2.2137e-05
0.0019964 0.00013131 3.4122e-06 1.1709e-05 2.2239e-05
0.0019967 0.00013055 3.1141e-06 1.1732e-05 2.2348e-05
0.0019975 0.00012983 2.8214e-06 1.1766e-05 2.2465e-05
0.0019981 0.0001291 2.5239e-06 1.1795e-05 2.2576e-05
0.0019986 0.00012835 2.2216e-06 1.1819e-05 2.2678e-05
0.001999 0.00012759 1.9143e-06 1.1836e-05 2.2773e-05
0.0019993 0.00012682 1.6021e-06 1.1849e-05 2.2861e-05
0.002 0.00012608 1.2952e-06 1.1872e-05 2.2957e-05
0.002001 0.0001254 9.9347e-07 1.1907e-05 2.3062e-05
0.002002 0.00012469 1.0044e-06 1.1936e-05 2.3158e-05
0.0020028 0.00012397 1.0118e-06 1.1959e-05 2.3248e-05
0.0020035 0.00012324 1.0157e-06 1.1977e-05 2.333e-05
0.0019965 0.00012239 1.02e-06 1.1772e-05 2.3429e-05
0.0019899 0.00012158 1.023e-06 1.1581e-05 2.3536e-05
0.0019832 0.00012076 1.0226e-06 1.1383e-05 2.3635e-05
0.0019764 0.00011992 1.0185e-06 1.1178e-05 2.3725e-05
0.0019701 0.00011912 1.0135e-06 1.0988e-05 2.3825e-05
0.0019644 0.00011837 1.0075e-06 1.0813e-05 2.3934e-05
0.0019582 0.00011769 9.9708e-07 1.0659e-05 2.3447e-05
0.0019516 0.00011697 9.8209e-07 1.0491e-05 2.294e-05
0.0019457 0.0001163 9.6681e-07 1.0342e-05 2.2455e-05
0.0019231 0.0001156 9.4696e-07 1.0178e-05 2.1951e-05
0.0018992 0.00011486 9.2255e-07 1.0001e-05 2.1428e-05
0.0018739 0.00011408 8.935e-07 9.8089e-06 2.0884e-05
0.0018509 0.00011336 8.6427e-07 9.6375e-06 2.0363e-05
0.0018267 0.0001126 8.3044e-07 9.4514e-06 1.9823e-05
0.0018047 0.00010954 7.9644e-07 9.2852e-06 1.9305e-05
0.0017846 0.00010664 7.6221e-07 8.6334e-06 1.8809e-05
0.0017638 0.00010367 7.2378e-07 7.9548e-06 1.8297e-05
0.0017446 0.00010085 6.8487e-07 7.3251e-06 1.7805e-05
0.0017246 9.7953e-05 6.4167e-07 6.6672e-06 1.7295e-05
0.0016596 9.5241e-05 5.9864e-07 6.0703e-06 1.6811e-05
0.0016007 9.244e-05 5.5117e-07 5.4431e-06 1.6347e-05
0.0015471 8.9797e-05 5.0342e-07 4.8661e-06 1.5903e-05
0.0014983 8.73e-05 4.5526e-07 4.3339e-06 1.5478e-05
0.0014545 8.4964e-05 4.0703e-07 3.8497e-06 1.5073e-05
0.0014084 8.2549e-05 4.616e-07 3.8257e-06 1.4687e-05
0.0013613 8.281e-05 5.1256e-07 3.7969e-06 1.4291e-05
0.0013172 8.155e-05 5.6246e-07 3.7739e-06 1.3905e-05
0.0012757 8.0338e-05 6.1105e-07 3.7553e-06 1.3529e-05
0.0012368 7.9177e-05 6.586e-07 3.742e-06 1.3162e-05
0.0011973 7.8e-05 7.027e-07 3.7248e-06 1.2787e-05
0.0011603 7.6875e-05 7.4578e-07 3.7129e-06 1.2422e-05
0.0011257 7.5798e-05 7.8789e-07 3.7062e-06 1.2067e-05
0.0010933 7.4769e-05 8.2903e-07 3.7048e-06 1.172e-05
0.001063 7.3786e-05 8.6925e-07 3.7086e-06 1.1383e-05
0.0010321 7.2787e-05 9.0591e-07 3.7083e-06 1.1037e-05
0.0010007 7.1772e-05 9.391e-07 3.7041e-06 1.0685e-05
0.00097137 7.0803e-05 9.7137e-07 3.7051e-06 1.034e-05
0.00094146 6.9817e-05 1.0001e-06 3.702e-06 9.9882e-06
0.00091347 6.8876e-05 1.0279e-06 3.7041e-06 9.6446e-06
0.00088502 6.792e-05 1.0523e-06 3.7023e-06 9.2936e-06
0.0008584 6.7007e-05 1.0757e-06 3.7057e-06 8.9509e-06
0.00083349 6.6135e-05 1.0983e-06 3.7144e-06 8.6162e-06
0.00081022 6.5304e-05 1.1201e-06 3.7285e-06 8.2893e-06
0.00078894 6.4525e-05 1.1375e-06 3.7504e-06 7.9739e-06
0.00076674 6.3718e-05 1.1506e-06 3.7655e-06 7.6468e-06
0.00074337 6.2966e-05 1.1591e-06 3.7894e-06 7.3064e-06
0.00072214 6.2267e-05 1.1677e-06 3.8221e-06 6.9785e-06
0.00070287 6.1618e-05 1.1763e-06 3.8638e-06 6.6626e-06
0.00068258 6.0938e-05 1.1804e-06 3.8973e-06 6.3337e-06
0.00066448 6.0309e-05 1.1851e-06 3.94e-06 6.0193e-06
0.00064554 5.9652e-05 1.1854e-06 3.9754e-06 5.6933e-06
0.0006285 5.9048e-05 1.186e-06 4.0212e-06 5.38e-06
0.00061057 5.8486e-05 1.1865e-06 4.0759e-06 5.0765e-06
0.00059182 5.7899e-05 1.1827e-06 4.123e-06 4.7617e-06
0.00057481 5.7358e-05 1.1789e-06 4.18e-06 4.4575e-06
0.00055677 5.6784e-05 1.1703e-06 4.2278e-06 4.1401e-06
0.00054069 5.6256e-05 1.1618e-06 4.2858e-06 3.8357e-06
0.00052364 5.5696e-05 1.1485e-06 4.3342e-06 3.5182e-06
0.00050816 5.518e-05 1.1353e-06 4.3929e-06 3.2108e-06
0.00049435 5.4713e-05 1.1222e-06 4.4644e-06 2.913e-06
0.00047995 5.4225e-05 1.1048e-06 4.5285e-06 2.605e-06
0.00046656 5.3767e-05 1.0867e-06 4.6e-06 2.3029e-06
0.00045424 5.3343e-05 1.0683e-06 4.6806e-06 2.0079e-06
0.0004428 5.2902e-05 1.0459e-06 4.7552e-06 2.0805e-06
0.00043101 5.2445e-05 1.1057e-06 4.8239e-06 2.1466e-06
0.00042015 5.2021e-05 1.1657e-06 4.9016e-06 2.2137e-06
0.00041003 5.1624e-05 1.2255e-06 4.7402e-06 2.281e-06
0.00039961 5.1212e-05 1.2811e-06 4.5717e-06 2.3418e-06
0.00039 5.0831e-05 1.337e-06 4.4157e-06 2.4035e-06
0.00038129 5.0486e-05 1.3938e-06 4.2745e-06 2.4671e-06
0.00037212 5.0118e-05 1.4456e-06 4.1227e-06 2.523e-06
0.00036239 4.9723e-05 1.4922e-06 3.9587e-06 2.5706e-06
0.00033182 4.9365e-05 1.5397e-06 3.8099e-06 2.6204e-06
0.00029943 4.898e-05 1.5819e-06 3.6489e-06 2.6619e-06
0.00026536 4.8631e-05 1.625e-06 3.5027e-06 2.7054e-06
0.00023493 4.8256e-05 1.6699e-06 3.3445e-06 2.7522e-06
0.00020271 4.7923e-05 1.7165e-06 3.2033e-06 2.8023e-06
0.00017392 4.7632e-05 1.7649e-06 3.0776e-06 2.8559e-06
0.00014819 4.738e-05 1.8153e-06 2.9662e-06 2.913e-06
0.0001252 4.7167e-05 1.8677e-06 2.8679e-06 2.9739e-06
0.00010432 4.6986e-05 1.9214e-06 2.7798e-06 3.0373e-06
8.2209e-05 4.6781e-05 1.9696e-06 2.6824e-06 3.0921e-06
6.2452e-05 4.6607e-05 2.0193e-06 2.595e-06 3.1495e-06
4.4507e-05 4.6465e-05 2.0704e-06 2.5168e-06 3.2097e-06
2.5626e-05 4.6358e-05 2.1238e-06 2.2014e-06 3.2741e-06
2.2778e-05 4.6231e-05 2.1719e-06 1.8689e-06 3.3301e-06
1.9753e-05 4.6043e-05 2.2144e-06 1.5156e-06 3.3773e-06
1.7e-05 4.5886e-05 2.2584e-06 1.1896e-06 3.4273e-06
1.4183e-05 4.5718e-05 2.2985e-06 8.5567e-07 3.4714e-06
1.1544e-05 4.5571e-05 2.3389e-06 5.3928e-07 3.5162e-06
1.1426e-05 4.5413e-05 2.3754e-06 5.2058e-07 3.555e-06
1.1291e-05 4.5246e-05 2.408e-06 4.9881e-07 3.5879e-06
1.1174e-05 4.5095e-05 2.4404e-06 4.7751e-07 3.6208e-06
1.1054e-05 4.4961e-05 2.4726e-06 4.5662e-07 3.6536e-06
1.0951e-05 4.4844e-05 2.5046e-06 4.3609e-07 3.6865e-06
1.087e-05 4.4747e-05 2.5369e-06 4.1628e-07 3.7202e-06
1.0769e-05 4.4637e-05 2.565e-06 3.9326e-07 3.7473e-06
1.0696e-05 4.4552e-05 2.5941e-06 3.7155e-07 3.7766e-06
1.0652e-05 4.4494e-05 2.6247e-06 3.5125e-07 3.8084e-06
9.9804e-06 4.4471e-05 2.6579e-06 3.3313e-07 3.8446e-06
9.2545e-06 4.4425e-05 2.6853e-06 3.1075e-07 3.8719e-06
8.6093e-06 4.4414e-05 2.7153e-06 2.9044e-07 3.9036e-06
8.0367e-06 4.3604e-05 2.748e-06 2.7201e-07 3.94e-06
7.5291e-06 4.2855e-05 2.7835e-06 2.5525e-07 3.981e-06
7.08e-06 4.2163e-05 2.8217e-06 2.4001e-07 4.0267e-06
6.6841e-06 4.1526e-05 2.8629e-06 2.2614e-07 4.0773e-06
6.2529e-06 4.0859e-05 2.8984e-06 2.086e-07 4.1328e-06
5.872e-06 4.0246e-05 2.9369e-06 1.9236e-07 4.1797e-06
5.5365e-06 3.9601e-05 2.9784e-06 1.7229e-07 4.2179e-06
5.242e-06 3.9008e-05 3.023e-06 1.5341e-07 4.2597e-06
4.9146e-06 3.8464e-05 3.0707e-06 1.3556e-07 4.2927e-06
4.6264e-06 3.7965e-05 3.1217e-06 1.1853e-07 4.3308e-06
4.3749e-06 3.7513e-05 3.167e-06 1.4824e-07 4.3602e-06
4.1556e-06 3.7103e-05 3.2156e-06 1.7977e-07 4.3947e-06
3.9656e-06 3.6727e-05 3.2584e-06 2.1287e-07 4.4204e-06
3.7975e-06 3.6383e-05 3.3037e-06 2.4771e-07 4.4498e-06
3.6497e-06 3.6071e-05 3.3514e-06 2.8454e-07 4.483e-06
3.5209e-06 3.5789e-05 3.3931e-06 3.2364e-07 4.5201e-06
3.4142e-06 3.5542e-05 3.4383e-06 3.6611e-07 4.5625e-06
3.3283e-06 3.5271e-05 3.4769e-06 4.0364e-07 4.6103e-06
3.2193e-06 3.503e-05 3.5181e-06 4.4389e-07 4.6621e-06
3.0871e-06 3.4766e-05 3.5531e-06 4.7914e-07 4.7045e-06
2.9321e-06 3.4531e-05 3.5907e-06 5.0978e-07 4.7379e-06
2.7942e-06 3.4324e-05 3.6309e-06 5.4309e-07 4.7753e-06
2.6332e-06 3.4095e-05 3.665e-06 5.7145e-07 4.8032e-06
2.4929e-06 3.3899e-05 3.7027e-06 6.0346e-07 4.8367e-06
2.3679e-06 3.3737e-05 3.7345e-06 6.3074e-07 4.8613e-06
2.2223e-06 3.3554e-05 3.7604e-06 6.6101e-07 4.9472e-06
2.0912e-06 3.3351e-05 3.789e-06 6.9445e-07 5.0379e-06
1.9384e-06 3.313e-05 3.8114e-06 7.2298e-07 5.1186e-06
1.7985e-06 3.2934e-05 3.8361e-06 7.5451e-07 5.2038e-06
1.6396e-06 3.272e-05 3.8552e-06 7.8132e-07 5.28e-06
1.4939e-06 3.2532e-05 3.877e-06 8.1147e-07 5.3612e-06
1.328e-06 3.2326e-05 3.8928e-06 8.3797e-07 5.4265e-06
1.1678e-06 3.2135e-05 3.9095e-06 8.6605e-07 5.4936e-06
9.9516e-07 3.1936e-05 3.9221e-06 8.9092e-07 5.5545e-06
8.2821e-07 3.1754e-05 3.9357e-06 9.1758e-07 5.6174e-06
6.6624e-07 3.1588e-05 3.9502e-06 9.461e-07 5.6823e-06
5.0856e-07 3.1438e-05 3.9657e-06 9.7661e-07 5.7495e-06
3.5282e-07 3.1302e-05 3.9817e-06 1.0086e-06 5.8179e-06
2.0025e-07 3.1183e-05 3.9987e-06 1.0428e-06 5.8887e-06
2.2607e-07 3.1054e-05 4.0117e-06 1.0737e-06 5.9532e-06
2.4807e-07 3.0943e-05 4.0258e-06 1.1071e-06 6.0202e-06
6.3277e-07 3.0822e-05 4.036e-06 1.1371e-06 6.0889e-06
1.037e-06 3.0718e-05 4.0473e-06 1.1697e-06 6.1602e-06
1.4261e-06 3.0606e-05 4.0546e-06 1.199e-06 6.2255e-06
1.8002e-06 3.0486e-05 4.0581e-06 1.2252e-06 6.2846e-06
2.1897e-06 3.0379e-05 4.0621e-06 1.2531e-06 6.3452e-06
2.6002e-06 3.0287e-05 4.0671e-06 1.2834e-06 6.4083e-06
2.9948e-06 3.0187e-05 4.0681e-06 1.3106e-06 6.4653e-06
3.4089e-06 3.0101e-05 4.0698e-06 1.3398e-06 6.5241e-06
3.8039e-06 3.0004e-05 4.0672e-06 1.3653e-06 6.5761e-06
4.2276e-06 2.9927e-05 4.0663e-06 1.3942e-06 6.6318e-06
4.7164e-06 2.9872e-05 4.0691e-06 1.4281e-06 6.695e-06
5.1656e-06 2.9799e-05 4.0656e-06 1.4556e-06 6.7477e-06
5.5802e-06 2.9705e-05 4.0558e-06 1.4769e-06 6.7898e-06
6.0468e-06 2.9593e-05 4.0497e-06 1.5044e-06 6.8395e-06
6.5713e-06 2.9508e-05 4.0473e-06 1.5382e-06 6.8969e-06
7.0531e-06 2.9404e-05 4.0386e-06 1.5656e-06 6.9436e-06
1.5844e-05 1.3855e-05 3.4345e-06 1.8382e-06 7.2074e-06
1.6193e-05 1.3068e-05 3.3805e-06 1.8409e-06 7.1902e-06
1.6605e-05 1.2332e-05 3.3301e-06 1.8504e-06 7.1807e-06
1.8043e-05 9.2627e-06 3.0878e-06 1.8517e-06 7.0774e-06
1.8456e-05 8.5398e-06 3.0263e-06 1.8555e-06 7.0525e-06
1.8185e-05 7.8626e-06 2.9681e-06 1.866e-06 7.035e-06
1.7974e-05 7.2288e-06 2.9131e-06 1.8833e-06 7.0251e-06
1.7755e-05 6.6355e-06 2.8614e-06 1.9077e-06 7.0228e-06
1.7528e-05 6.08e-06 2.8127e-06 1.9393e-06 7.0096e-06
1.7293e-05 5.5544e-06 2.7662e-06 1.9772e-06 7.0023e-06
1.7115e-05 5.5856e-06 2.7137e-06 2.0079e-06 7.0027e-06
1.6913e-05 6.2999e-06 2.6552e-06 2.0323e-06 6.9925e-06
1.6758e-05 7.0547e-06 2.5988e-06 2.0628e-06 6.9882e-06
1.6562e-05 7.8525e-06 2.5445e-06 2.0997e-06 6.9896e-06
1.6277e-05 8.6225e-06 2.4924e-06 2.1301e-06 6.9812e-06
1.605e-05 9.4452e-06 2.443e-06 2.1684e-06 6.9804e-06
1.4929e-05 1.0236e-05 2.3877e-06 2.1994e-06 6.969e-06
1.3932e-05 1.0425e-05 2.3352e-06 2.2386e-06 6.9652e-06
1.3045e-05 1.0633e-05 2.2852e-06 2.2863e-06 6.9688e-06
1.2092e-05 1.0826e-05 2.2295e-06 2.3264e-06 6.9619e-06
1.1069e-05 1.1005e-05 2.1679e-06 2.3592e-06 6.9445e-06
1.0154e-05 1.1202e-05 2.1089e-06 2.4002e-06 6.9344e-06
9.3364e-06 1.1418e-05 2.0522e-06 2.4498e-06 6.9315e-06
8.6055e-06 1.1655e-05 1.9977e-06 2.5086e-06 6.9356e-06
7.9469e-06 1.1536e-05 1.9374e-06 2.5755e-06 7.0912e-06
7.35e-06 1.1431e-05 1.8788e-06 2.651e-06 7.2545e-06
6.8093e-06 1.1341e-05 1.8216e-06 2.7359e-06 7.4258e-06
6.2272e-06 1.1237e-05 1.7592e-06 2.8126e-06 7.5861e-06
5.7086e-06 1.115e-05 1.6989e-06 2.9008e-06 7.7567e-06
5.247e-06 1.108e-05 1.6407e-06 3.0015e-06 7.938e-06
4.7448e-06 1.1025e-05 1.577e-06 3.1158e-06 8.1072e-06
4.2878e-06 1.0984e-05 1.5146e-06 3.2422e-06 8.285e-06
3.8799e-06 1.0957e-05 1.454e-06 3.3842e-06 8.474e-06
3.5085e-06 1.0944e-05 1.3946e-06 3.5404e-06 8.6724e-06
3.6511e-06 1.0917e-05 1.3301e-06 3.6848e-06 8.8591e-06
3.8183e-06 1.0906e-05 1.2674e-06 3.8468e-06 9.0577e-06
3.9621e-06 1.0882e-05 1.1995e-06 3.9977e-06 9.244e-06
4.1262e-06 1.0872e-05 1.1327e-06 4.1638e-06 9.4399e-06
4.3175e-06 1.0876e-05 1.0673e-06 4.3495e-06 9.6481e-06
4.1799e-06 1.0868e-05 8.039e-07 4.5231e-06 9.844e-06
4.067e-06 1.0876e-05 5.4907e-07 4.7176e-06 1.0053e-05
4.5851e-06 1.0871e-05 5.2741e-07 4.8981e-06 1.0275e-05
5.0677e-06 1.088e-05 6.4316e-07 5.0997e-06 1.0485e-05
5.5951e-06 1.0902e-05 7.6078e-07 5.321e-06 1.0705e-05
5.5849e-06 1.0936e-05 8.8043e-07 5.5637e-06 1.0937e-05
5.5535e-06 1.096e-05 9.9482e-07 5.7933e-06 1.1158e-05
5.5472e-06 1.0998e-05 1.1121e-06 6.0489e-06 1.1392e-05
5.1e-06 1.1052e-05 1.2325e-06 6.3335e-06 1.164e-05
4.6942e-06 1.0739e-05 1.3555e-06 6.6454e-06 1.1901e-05
4.3262e-06 1.0445e-05 1.4811e-06 6.9865e-06 1.2175e-05
3.9261e-06 1.0174e-05 1.6009e-06 7.3652e-06 1.2436e-05
3.5693e-06 9.9217e-06 1.7243e-06 7.779e-06 1.2712e-05
3.2511e-06 9.6898e-06 1.8518e-06 8.2378e-06 1.3005e-05
3.4318e-06 9.4438e-06 1.9728e-06 8.6729e-06 1.3283e-05
3.6336e-06 9.2199e-06 2.0969e-06 8.7575e-06 1.3575e-05
3.8586e-06 9.0118e-06 2.2242e-06 8.8581e-06 1.3881e-05
4.1087e-06 8.8187e-06 2.3549e-06 8.9756e-06 1.4202e-05
4.0286e-06 8.6402e-06 2.4903e-06 9.1108e-06 1.4542e-05
3.9706e-06 8.7223e-06 2.6307e-06 9.1442e-06 1.4901e-05
3.8889e-06 8.7919e-06 2.7641e-06 9.1656e-06 1.5244e-05
3.8243e-06 8.8731e-06 2.9015e-06 9.2017e-06 1.5603e-05
3.7759e-06 8.9658e-06 3.0428e-06 9.2527e-06 1.5979e-05
3.7066e-06 9.0472e-06 3.1776e-06 9.2928e-06 1.6339e-05
3.6537e-06 9.1171e-06 3.3166e-06 9.3219e-06 1.6217e-05
3.5779e-06 9.2017e-06 3.4613e-06 9.369e-06 1.6108e-05
3.5181e-06 9.2984e-06 3.6107e-06 9.4317e-06 1.6012e-05
3.4373e-06 9.3834e-06 3.7531e-06 9.4826e-06 1.5903e-05
3.3352e-06 9.4568e-06 3.8887e-06 9.5223e-06 1.5781e-05
3.2487e-06 9.542e-06 4.0289e-06 9.5771e-06 1.567e-05
3.1399e-06 9.6147e-06 4.1617e-06 9.6197e-06 1.5546e-05
3.0097e-06 9.6757e-06 4.3006e-06 9.6511e-06 1.5436e-05
2.8999e-06 9.7516e-06 4.4457e-06 9.701e-06 1.534e-05
2.809e-06 9.8426e-06 4.5975e-06 9.7699e-06 1.5258e-05
2.736e-06 9.9491e-06 4.756e-06 9.8584e-06 1.519e-05
2.6485e-06 1.0042e-05 4.9067e-06 9.9337e-06 1.5108e-05
2.5409e-06 1.0124e-05 5.0501e-06 9.9973e-06 1.5013e-05
2.4508e-06 1.0218e-05 5.199e-06 9.8049e-06 1.493e-05
2.7423e-06 1.0328e-05 5.3406e-06 9.6375e-06 1.4834e-05
3.0098e-06 1.0427e-05 5.4754e-06 9.4575e-06 1.4727e-05
3.3065e-06 1.054e-05 5.6164e-06 9.2996e-06 1.4632e-05
3.5784e-06 1.0642e-05 5.7506e-06 9.1293e-06 1.4526e-05
3.8813e-06 1.076e-05 5.891e-06 8.9803e-06 1.4431e-05
4.1683e-06 1.087e-05 6.0269e-06 8.825e-06 1.433e-05
4.4732e-06 1.0989e-05 6.1658e-06 8.6819e-06 1.4234e-05
4.7974e-06 1.1116e-05 6.3078e-06 8.5505e-06 1.4144e-05
5.1422e-06 1.1252e-05 6.453e-06 8.4304e-06 1.4061e-05
5.4704e-06 1.1381e-05 6.5937e-06 8.3045e-06 1.397e-05
9.5025e-06 1.2945e-05 8.4365e-06 5.9712e-06 1.1896e-05
9.716e-06 1.3027e-05 8.534e-06 5.822e-06 1.1741e-05
9.9516e-06 1.3117e-05 8.6349e-06 5.6832e-06 1.1591e-05
1.0211e-05 1.3202e-05 8.7314e-06 5.5393e-06 1.1435e-05
1.0453e-05 1.328e-05 8.8235e-06 5.3903e-06 1.1272e-05
1.072e-05 1.3367e-05 8.919e-06 5.2514e-06 1.1114e-05
1.1012e-05 1.3463e-05 9.018e-06 5.1221e-06 1.0962e-05
1.1331e-05 1.3569e-05 9.1205e-06 5.002e-06 1.0815e-05
1.1632e-05 1.3668e-05 9.2184e-06 4.8768e-06 1.0662e-05
1.1912e-05 1.3759e-05 9.3111e-06 4.7455e-06 1.05e-05
1.2218e-05 1.3858e-05 9.4072e-06 4.6229e-06 1.0344e-05
1.2551e-05 1.3968e-05 9.5067e-06 4.5085e-06 1.0192e-05
1.2913e-05 1.4086e-05 9.6098e-06 4.4023e-06 1.0045e-05
1.3254e-05 1.4197e-05 9.7079e-06 4.2905e-06 9.891e-06
1.3625e-05 1.4318e-05 9.8095e-06 4.1865e-06 9.7415e-06
1.3962e-05 1.4426e-05 9.904e-06 4.074e-06 9.5817e-06
1.4269e-05 1.4523e-05 9.9917e-06 3.9533e-06 9.4119e-06
1.4627e-05 1.4637e-05 1.0087e-05 3.8461e-06 9.2522e-06
1.5038e-05 1.4768e-05 1.0189e-05 3.7507e-06 9.1013e-06
1.5404e-05 1.4883e-05 1.0282e-05 3.6451e-06 9.6078e-06
1.581e-05 1.5011e-05 1.0381e-05 3.5486e-06 1.013e-05
1.5448e-05 1.5156e-05 1.0486e-05 3.4624e-06 1.0671e-05
1.512e-05 1.5311e-05 1.0596e-05 3.3829e-06 1.1226e-05
1.4822e-05 1.5478e-05 1.0709e-05 3.3098e-06 1.1795e-05
1.4555e-05 1.5657e-05 1.0827e-05 3.2427e-06 1.2379e-05
1.4269e-05 1.5827e-05 1.094e-05 3.1712e-06 1.2953e-05
1.3964e-05 1.5991e-05 1.1048e-05 3.0954e-06 1.3518e-05
1.3688e-05 1.6165e-05 1.1161e-05 3.0255e-06 1.4097e-05
1.344e-05 1.6333e-05 1.1278e-05 2.9516e-06 1.4691e-05
1.3218e-05 1.6512e-05 1.1399e-05 2.8833e-06 1.5301e-05
1.2979e-05 1.6684e-05 1.1515e-05 2.8107e-06 1.5901e-05
1.2765e-05 1.6868e-05 1.1636e-05 2.7437e-06 1.6517e-05
1.2572e-05 1.7061e-05 1.176e-05 2.6808e-06 1.7146e-05
1.2398e-05 1.7265e-05 1.1888e-05 2.622e-06 1.7788e-05
1.2208e-05 1.7461e-05 1.2011e-05 2.5594e-06 1.8422e-05
1.2042e-05 1.767e-05 1.2138e-05 2.5017e-06 1.9072e-05
1.1859e-05 1.7871e-05 1.2261e-05 2.4399e-06 1.9713e-05
1.166e-05 1.8065e-05 1.2379e-05 2.6957e-06 2.0344e-05
1.1479e-05 1.8269e-05 1.2501e-05 2.9636e-06 2.099e-05
1.1279e-05 1.8465e-05 1.2617e-05 3.224e-06 2.0812e-05
1.1061e-05 1.8652e-05 1.2729e-05 3.4777e-06 2.0627e-05
1.0827e-05 1.8832e-05 1.2835e-05 3.7249e-06 2.0434e-05
1.0615e-05 1.9025e-05 1.2946e-05 3.9865e-06 2.025e-05
1.0426e-05 1.923e-05 1.3062e-05 4.2636e-06 2.0074e-05
1.0221e-05 1.9428e-05 1.3174e-05 4.5336e-06 1.9891e-05
1.0037e-05 1.9618e-05 1.3289e-05 4.7968e-06 1.9716e-05
9.8702e-06 1.9818e-05 1.3409e-05 5.0731e-06 1.9548e-05
9.7198e-06 2.003e-05 1.3532e-05 5.3633e-06 1.9386e-05
9.5541e-06 2.0234e-05 1.3651e-05 5.6469e-06 1.9217e-05
9.373e-06 2.0431e-05 1.3765e-05 5.9238e-06 1.904e-05
9.2121e-06 2.0641e-05 1.3884e-05 6.2178e-06 1.8872e-05
9.071e-06 2.0865e-05 1.4008e-05 6.53e-06 1.8712e-05
8.9487e-06 2.1104e-05 1.4138e-05 6.8612e-06 1.856e-05
8.8411e-06 2.1355e-05 1.4271e-05 7.2095e-06 1.8414e-05
8.7176e-06 2.1618e-05 1.4399e-05 7.5756e-06 1.826e-05
8.5791e-06 2.1874e-05 1.4523e-05 7.9337e-06 1.8099e-05
8.4245e-06 2.212e-05 1.4641e-05 8.2832e-06 1.793e-05
8.2886e-06 2.2358e-05 1.4755e-05 8.6241e-06 1.7753e-05
8.1704e-06 2.2612e-05 1.4873e-05 8.9863e-06 1.7584e-05
8.0366e-06 2.2856e-05 1.4986e-05 9.3399e-06 1.7407e-05
7.9165e-06 2.3113e-05 1.5104e-05 9.7122e-06 1.7237e-05
7.7819e-06 2.3363e-05 1.5217e-05 1.0076e-05 1.7059e-05
7.6317e-06 2.3603e-05 1.5324e-05 1.0432e-05 1.6873e-05
7.4951e-06 2.3857e-05 1.5436e-05 1.0807e-05 1.6694e-05
7.3431e-06 2.4102e-05 1.5543e-05 1.1172e-05 1.6506e-05
7.2078e-06 2.4363e-05 1.5655e-05 1.1561e-05 1.6327e-05
7.0853e-06 2.4637e-05 1.5772e-05 1.1971e-05 1.6153e-05
6.9474e-06 2.4902e-05 1.5883e-05 1.2371e-05 1.5972e-05
6.8223e-06 2.5181e-05 1.5998e-05 1.2793e-05 1.5796e-05
6.6807e-06 2.5476e-05 1.6108e-05 1.3203e-05 1.5612e-05
6.5224e-06 2.5761e-05 1.6213e-05 1.3602e-05 1.542e-05
6.3447e-06 2.6034e-05 1.6311e-05 1.3988e-05 1.5343e-05
6.1833e-06 2.6323e-05 1.6414e-05 1.3921e-05 1.5272e-05
6.0076e-06 2.6605e-05 1.6513e-05 1.3849e-05 1.5195e-05
5.844e-06 2.69e-05 1.6616e-05 1.3788e-05 1.5122e-05
5.6662e-06 2.7187e-05 1.6714e-05 1.372e-05 1.5042e-05
5.5033e-06 2.7492e-05 1.6817e-05 1.3666e-05 1.4968e-05
5.3265e-06 2.7788e-05 1.6916e-05 1.3605e-05 1.4887e-05
5.164e-06 2.7267e-05 1.702e-05 1.3557e-05 1.4813e-05
4.987e-06 2.6735e-05 1.712e-05 1.3503e-05 1.4731e-05
4.8238e-06 2.6227e-05 1.7224e-05 1.3462e-05 1.4655e-05
4.6719e-06 2.5738e-05 1.7334e-05 1.343e-05 1.4584e-05
4.5326e-06 2.5272e-05 1.745e-05 1.3411e-05 1.4519e-05
4.3791e-06 2.4795e-05 1.756e-05 1.3385e-05 1.4447e-05
4.2349e-06 2.4336e-05 1.7675e-05 1.2743e-05 1.438e-05
4.0993e-06 2.3895e-05 1.7794e-05 1.2132e-05 1.4317e-05
3.972e-06 2.347e-05 1.7919e-05 1.1551e-05 1.4258e-05
3.8316e-06 2.3037e-05 1.8038e-05 1.0959e-05 1.4192e-05
3.6782e-06 2.2594e-05 1.8153e-05 1.0356e-05 1.4119e-05
3.5328e-06 2.2168e-05 1.8272e-05 9.7825e-06 1.4051e-05
3.3951e-06 2.1758e-05 1.8396e-05 9.2368e-06 1.3988e-05
3.2437e-06 2.1339e-05 1.8515e-05 8.6792e-06 1.3916e-05
3.103e-06 2.0939e-05 1.864e-05 8.1548e-06 1.3852e-05
2.9739e-06 2.0557e-05 1.8771e-05 7.6586e-06 1.3792e-05
2.8303e-06 2.0164e-05 1.8896e-05 7.1492e-06 1.3724e-05
2.6967e-06 1.979e-05 1.9028e-05 6.6708e-06 1.3663e-05
2.5701e-06 1.9432e-05 1.9166e-05 6.2174e-06 1.3607e-05
2.4299e-06 1.909e-05 1.9298e-05 5.7879e-06 1.3543e-05
2.2965e-06 1.8764e-05 1.9436e-05 5.3811e-06 1.3485e-05
2.1729e-06 1.8456e-05 1.9582e-05 5.0008e-06 1.3433e-05
2.058e-06 1.8166e-05 1.9737e-05 4.6448e-06 1.3389e-05
1.9513e-06 1.7894e-05 1.9899e-05 4.312e-06 1.3351e-05
1.8266e-06 1.7646e-05 2.0053e-05 4.0091e-06 1.3302e-05
1.7126e-06 1.7417e-05 2.0216e-05 3.7294e-06 1.3262e-05
1.6082e-06 1.7207e-05 2.039e-05 3.471e-06 1.3231e-05
1.5124e-06 1.7015e-05 2.0575e-05 3.2319e-06 1.3208e-05
1.4044e-06 1.6815e-05 2.0754e-05 2.986e-06 1.3179e-05
1.299e-06 1.6625e-05 2.0939e-05 2.7517e-06 1.3153e-05
1.1815e-06 1.6427e-05 2.1118e-05 2.5107e-06 1.312e-05
1.0525e-06 1.6222e-05 2.1291e-05 2.2638e-06 1.3081e-05
9.1172e-07 1.6009e-05 2.146e-05 2.0106e-06 1.3034e-05
7.7634e-07 1.581e-05 2.1636e-05 1.7726e-06 1.2994e-05
9.0952e-07 1.5599e-05 2.1805e-05 1.7984e-06 1.2944e-05
1.0308e-06 1.538e-05 2.1967e-05 1.8205e-06 1.2887e-05
1.1544e-06 1.5171e-05 2.2136e-05 1.8453e-06 1.2834e-05
1.2659e-06 1.4955e-05 2.2299e-05 1.8664e-06 1.2773e-05
1.3815e-06 1.475e-05 2.247e-05 1.8908e-06 1.2719e-05
1.5015e-06 1.4558e-05 2.2648e-05 1.9187e-06 1.2669e-05
1.6245e-06 1.4374e-05 2.2832e-05 1.9491e-06 1.2623e-05
1.753e-06 1.4202e-05 2.3024e-05 1.9832e-06 1.2583e-05
1.8867e-06 1.4039e-05 2.3223e-05 2.0206e-06 1.2547e-05
2.0079e-06 1.387e-05 2.3417e-05 2.0543e-06 1.2504e-05
2.1355e-06 1.3711e-05 2.3619e-05 2.0918e-06 1.2466e-05
2.2678e-06 1.3545e-05 2.3827e-05 2.1257e-06 1.2432e-05
2.4076e-06 1.3389e-05 2.4043e-05 2.1634e-06 1.2403e-05
2.5552e-06 1.3243e-05 2.4268e-05 2.205e-06 1.2379e-05
2.6899e-06 1.3091e-05 2.4487e-05 2.2429e-06 1.2347e-05
2.8117e-06 1.2931e-05 2.47e-05 2.2769e-06 1.2309e-05
2.9204e-06 1.2764e-05 2.4907e-05 2.3071e-06 1.2264e-05
4.048e-06 1.2581e-05 2.513e-05 2.3301e-06 1.2207e-05
5.1065e-06 1.2383e-05 2.537e-05 2.3461e-06 1.2137e-05
6.241e-06 1.2198e-05 2.5621e-05 2.3667e-06 1.2073e-05
7.4508e-06 1.2005e-05 2.5881e-05 2.3833e-06 1.2015e-05
8.7257e-06 1.182e-05 2.6148e-05 2.4029e-06 1.1961e-05
1.0083e-05 1.1645e-05 2.6425e-05 2.4265e-06 1.1911e-05
1.1514e-05 1.1478e-05 2.671e-05 2.4532e-06 1.1865e-05
1.3024e-05 1.1319e-05 2.7002e-05 2.483e-06 1.1822e-05
1.4618e-05 1.1168e-05 2.7303e-05 2.5162e-06 1.1783e-05
1.6176e-05 1.1009e-05 2.7612e-05 2.5457e-06 1.1738e-05
1.7837e-05 1.086e-05 2.718e-05 2.5794e-06 1.1697e-05
1.961e-05 1.072e-05 2.6759e-05 2.6175e-06 1.1661e-05
2.1501e-05 1.0589e-05 2.6351e-05 2.6601e-06 1.1629e-05
2.1654e-05 1.0464e-05 2.5952e-05 2.7063e-06 1.1601e-05
2.1833e-05 1.0346e-05 2.5562e-05 2.7563e-06 1.1577e-05
2.1994e-05 1.0221e-05 2.5166e-05 2.8025e-06 1.1556e-05
2.2137e-05 1.0091e-05 2.4765e-05 2.845e-06 1.1528e-05
2.2307e-05 9.9664e-06 2.4372e-05 2.8913e-06 1.1503e-05
2.2511e-05 9.8504e-06 2.3991e-05 2.9426e-06 1.1484e-05
2.2695e-05 9.7276e-06 2.3603e-05 2.9898e-06 1.1457e-05
2.2914e-05 9.6128e-06 2.3225e-05 3.0422e-06 1.1435e-05
2.3168e-05 9.5058e-06 2.2859e-05 3.0998e-06 1.1418e-05
2.3401e-05 9.3922e-06 2.2486e-05 3.1532e-06 1.1393e-05
2.3671e-05 9.2862e-06 2.2124e-05 3.2121e-06 1.1374e-05
2.3972e-05 9.1861e-06 2.1769e-05 3.2754e-06 1.1357e-05
2.4304e-05 9.0918e-06 2.1423e-05 3.3434e-06 1.1344e-05
2.4677e-05 9.0047e-06 2.1087e-05 3.4174e-06 1.1335e-05
2.5084e-05 8.9231e-06 2.0759e-05 3.4965e-06 1.133e-05
2.5468e-05 8.8352e-06 2.0424e-05 3.5711e-06 1.1318e-05
2.5831e-05 8.7409e-06 2.0083e-05 3.6413e-06 1.1299e-05
2.6235e-05 8.6536e-06 1.9752e-05 3.4804e-06 1.1285e-05
2.6684e-05 8.5732e-06 1.943e-05 3.329e-06 1.1275e-05
2.7111e-05 8.4867e-06 1.9102e-05 3.1728e-06 1.1258e-05
2.7576e-05 8.4057e-06 1.8782e-05 3.024e-06 1.1245e-05
2.8019e-05 8.3186e-06 1.8456e-05 2.8705e-06 1.1225e-05
2.8509e-05 8.2382e-06 1.814e-05 2.7257e-06 1.121e-05
2.8977e-05 8.1519e-06 1.7817e-05 2.5762e-06 1.1188e-05
2.9485e-05 8.0707e-06 1.7502e-05 2.4337e-06 1.117e-05
3.0043e-05 7.996e-06 1.7195e-05 2.2991e-06 1.1156e-05
3.0645e-05 7.9263e-06 1.6895e-05 2.1707e-06 1.1145e-05
3.1222e-05 7.8504e-06 1.6589e-05 2.0376e-06 1.1127e-05
3.1774e-05 7.7684e-06 1.6278e-05 1.8999e-06 1.1103e-05
3.2425e-05 7.6996e-06 1.5983e-05 1.9415e-06 1.109e-05
3.3013e-05 7.619e-06 1.5675e-05 1.976e-06 1.1064e-05
3.368e-05 7.5479e-06 1.5379e-05 2.0163e-06 1.1046e-05
3.4306e-05 7.4686e-06 1.5076e-05 2.0515e-06 1.1019e-05
3.4982e-05 7.3942e-06 1.4779e-05 2.0898e-06 1.0995e-05
3.5633e-05 7.314e-06 1.4476e-05 2.1246e-06 1.0965e-05
3.6333e-05 7.2385e-06 1.418e-05 2.1623e-06 1.0938e-05
3.7007e-05 7.1568e-06 1.3878e-05 2.1963e-06 1.0905e-05
3.7653e-05 7.069e-06 1.357e-05 2.2265e-06 1.0864e-05
3.8361e-05 6.9873e-06 1.3271e-05 2.2607e-06 1.0828e-05
3.9035e-05 6.9126e-06 1.298e-05 2.2996e-06 1.0798e-05
3.9677e-05 6.8313e-06 1.2681e-05 2.3343e-06 1.076e-05
4.0378e-05 6.7553e-06 1.2389e-05 2.3728e-06 1.0726e-05
4.1048e-05 6.673e-06 1.2091e-05 2.4073e-06 1.0752e-05
4.1773e-05 6.5953e-06 1.1799e-05 2.4452e-06 1.0781e-05
4.2467e-05 6.5235e-06 1.1514e-05 2.4878e-06 1.0815e-05
4.3134e-05 6.4458e-06 1.1225e-05 2.5264e-06 1.0842e-05
4.3772e-05 6.3621e-06 1.0929e-05 2.5611e-06 1.0862e-05
4.4473e-05 6.2838e-06 1.0641e-05 2.6002e-06 1.0887e-05
4.5147e-05 6.1996e-06 1.0347e-05 2.6354e-06 1.0905e-05
4.5792e-05 6.1094e-06 1.0048e-05 2.6668e-06 1.0916e-05
4.6502e-05 6.0246e-06 9.7555e-06 2.7025e-06 1.0931e-05
4.728e-05 5.9451e-06 9.4698e-06 2.7427e-06 1.0951e-05
4.8129e-05 5.8708e-06 9.1906e-06 2.7877e-06 1.0975e-05
4.9054e-05 5.8016e-06 8.9177e-06 2.8375e-06 1.1004e-05
5.0046e-05 5.7361e-06 8.6497e-06 2.8913e-06 1.1036e-05
5.1123e-05 5.6757e-06 8.388e-06 2.9505e-06 1.1072e-05
5.2317e-05 5.6225e-06 8.1345e-06 2.9321e-06 1.1116e-05
5.3474e-05 5.5634e-06 7.8758e-06 2.9096e-06 1.1153e-05
5.4725e-05 5.509e-06 7.6228e-06 2.8917e-06 1.1195e-05
5.6075e-05 5.4593e-06 7.3752e-06 2.8782e-06 1.1241e-05
5.739e-05 5.404e-06 7.1229e-06 2.8611e-06 1.128e-05
5.8792e-05 5.3522e-06 6.8747e-06 2.8474e-06 1.1323e-05
6.0285e-05 5.3036e-06 6.6305e-06 2.8371e-06 1.1369e-05
6.1737e-05 5.2494e-06 6.3814e-06 2.823e-06 1.1409e-05
6.3284e-05 5.1984e-06 6.1362e-06 2.8123e-06 1.1452e-05
6.4786e-05 5.1508e-06 5.8858e-06 2.8051e-06 1.1487e-05
6.6389e-05 5.1066e-06 5.6395e-06 2.8013e-06 1.1527e-05
6.8122e-05 5.0669e-06 5.3985e-06 2.8023e-06 1.1571e-05
6.8256e-05 5.0179e-06 5.1657e-06 2.7933e-06 1.1604e-05
6.8354e-05 4.9621e-06 4.927e-06 2.7797e-06 1.1644e-05
6.8505e-05 4.9096e-06 4.6919e-06 2.7695e-06 1.1686e-05
6.8628e-05 4.8514e-06 4.4519e-06 2.7552e-06 1.1733e-05
6.8724e-05 4.7877e-06 4.2072e-06 2.7372e-06 1.1773e-05
6.8874e-05 4.7272e-06 3.9659e-06 2.7226e-06 1.1816e-05
6.9099e-05 4.6609e-06 3.7197e-06 2.7041e-06 1.1852e-05
6.9295e-05 4.5889e-06 3.4686e-06 2.6816e-06 1.1881e-05
6.9557e-05 4.5212e-06 3.222e-06 2.6635e-06 1.1916e-05
6.9893e-05 4.4584e-06 2.9804e-06 2.6503e-06 1.1956e-05
7.0156e-05 4.4046e-06 2.7475e-06 2.6455e-06 1.2007e-05
7.0539e-05 4.3596e-06 2.523e-06 2.6492e-06 1.207e-05
7.1027e-05 4.3217e-06 2.3049e-06 2.6599e-06 1.2142e-05
7.0197e-05 4.2906e-06 2.0929e-06 2.6809e-06 1.2223e-05
6.9507e-05 4.2679e-06 1.8881e-06 2.7107e-06 1.2317e-05
6.66e-05 4.2517e-06 1.9356e-06 2.748e-06 1.242e-05
6.4303e-05 4.226e-06 1.9775e-06 2.7774e-06 1.2511e-05
6.1868e-05 4.2851e-06 2.0143e-06 3.2257e-06 1.2589e-05
5.9611e-05 4.3486e-06 2.0514e-06 3.7026e-06 1.2675e-05
5.7506e-05 4.4162e-06 2.0885e-06 4.2075e-06 1.2765e-05
5.5522e-05 4.4866e-06 2.1252e-06 4.737e-06 1.286e-05
5.3489e-05 4.5515e-06 2.1581e-06 5.2558e-06 1.2948e-05
5.1572e-05 4.6194e-06 2.1906e-06 5.8002e-06 1.304e-05
4.9613e-05 4.6819e-06 2.2194e-06 6.3346e-06 1.3125e-05
4.7768e-05 4.7477e-06 2.248e-06 6.8967e-06 1.3214e-05
4.5861e-05 4.8068e-06 2.2723e-06 7.4431e-06 1.3295e-05
4.417e-05 4.8537e-06 2.4332e-06 7.9576e-06 1.3363e-05
4.2676e-05 4.91e-06 2.5999e-06 8.5271e-06 1.3444e-05
4.1333e-05 4.957e-06 2.5921e-06 9.0684e-06 1.3537e-05
3.99e-05 5.0116e-06 2.586e-06 9.659e-06 1.3641e-05
3.8609e-05 5.074e-06 2.5814e-06 9.7528e-06 1.3755e-05
3.7248e-05 5.1281e-06 2.572e-06 9.8371e-06 1.3859e-05
3.5813e-05 5.1737e-06 2.5576e-06 9.9116e-06 1.3951e-05
3.4498e-05 5.2272e-06 2.5442e-06 1.0002e-05 1.4052e-05
3.332e-05 5.289e-06 2.5325e-06 1.011e-05 1.4165e-05
3.2238e-05 5.3569e-06 2.5215e-06 1.0233e-05 1.4285e-05
3.1103e-05 5.417e-06 2.506e-06 1.0346e-05 1.4395e-05
3.0078e-05 5.4849e-06 2.4918e-06 1.0476e-05 1.4516e-05
2.8997e-05 5.5445e-06 2.4728e-06 1.0596e-05 1.4626e-05
2.7843e-05 5.6123e-06 2.4553e-06 1.0451e-05 1.4747e-05
2.6607e-05 5.6698e-06 2.4323e-06 1.0292e-05 1.4914e-05
2.5468e-05 5.7359e-06 2.41e-06 1.0149e-05 1.5091e-05
2.4432e-05 5.8098e-06 2.3888e-06 1.0022e-05 1.5279e-05
2.3365e-05 5.8778e-06 2.3638e-06 9.8895e-06 1.5459e-05
2.2369e-05 5.9508e-06 2.3389e-06 9.7687e-06 1.5647e-05
2.144e-05 6.029e-06 2.3141e-06 9.6595e-06 1.5842e-05
2.0482e-05 6.1012e-06 2.2855e-06 9.5445e-06 1.6029e-05
1.9588e-05 6.1787e-06 2.2569e-06 9.4408e-06 1.6224e-05
1.8757e-05 6.2604e-06 2.2281e-06 9.3463e-06 1.6425e-05
1.7899e-05 6.3362e-06 2.1955e-06 9.2461e-06 1.6618e-05
1.7089e-05 6.4161e-06 2.1624e-06 9.1549e-06 1.6818e-05
1.6334e-05 6.4899e-06 2.1256e-06 9.058e-06 1.9728e-05
1.5631e-05 6.5693e-06 2.0889e-06 8.9718e-06 2.272e-05
1.4978e-05 6.6547e-06 2.0522e-06 8.8962e-06 2.5796e-05
1.4376e-05 6.747e-06 2.016e-06 8.8321e-06 2.8969e-05
1.3825e-05 6.8472e-06 1.9802e-06 8.7801e-06 3.2247e-05
1.334e-05 6.959e-06 1.9394e-06 8.744e-06 3.5455e-05
1.2911e-05 7.0822e-06 1.8999e-06 8.7229e-06 3.8798e-05
1.2522e-05 7.2142e-06 1.8609e-06 8.7131e-06 4.2252e-05
1.2101e-05 7.3364e-06 1.8172e-06 8.6945e-06 4.5646e-05
1.1724e-05 7.4485e-06 1.7686e-06 8.6664e-06 4.8975e-05
1.1315e-05 7.551e-06 1.7153e-06 8.6294e-06 5.2245e-05
1.0947e-05 7.663e-06 1.6628e-06 8.6048e-06 5.5633e-05
1.0625e-05 7.7867e-06 1.5998e-06 8.5946e-06 5.9162e-05
1.0278e-05 7.9023e-06 1.5325e-06 8.5775e-06 6.2646e-05
9.9085e-06 8.0103e-06 1.4611e-06 8.5536e-06 6.6087e-05
9.5149e-06 8.1105e-06 1.3855e-06 8.523e-06 6.9485e-05
9.1499e-06 8.2176e-06 1.3099e-06 8.5015e-06 7.298e-05
8.8173e-06 8.3335e-06 1.2348e-06 8.491e-06 7.659e-05
8.5129e-06 8.4579e-06 1.1599e-06 8.4908e-06 8.0314e-05
8.1838e-06 8.5733e-06 1.0807e-06 8.4829e-06 8.3983e-05
7.8911e-06 8.7005e-06 1.0024e-06 8.4883e-06 8.7798e-05
7.6341e-06 8.8158e-06 9.2537e-07 8.4833e-06 9.1528e-05
7.4103e-06 8.9437e-06 8.4925e-07 8.4923e-06 9.4215e-05
7.2177e-06 9.0846e-06 7.7398e-07 8.5155e-06 9.7015e-05
7.0606e-06 9.2418e-06 7.0006e-07 8.5557e-06 9.9955e-05
6.8732e-06 9.3846e-06 6.2098e-07 8.5841e-06 0.00010282
6.7203e-06 9.5442e-06 5.432e-07 8.6298e-06 0.00010582
6.5941e-06 9.7181e-06 4.6598e-07 8.6902e-06 0.00010896
6.439e-06 9.8778e-06 3.837e-07 8.7386e-06 0.00011201
6.2569e-06 1.0025e-05 4.0924e-07 8.7761e-06 0.00011499
6.0473e-06 1.0159e-05 4.3073e-07 8.8028e-06 0.0001179
5.8713e-06 1.0311e-05 4.5158e-07 8.8469e-06 0.00012073
5.666e-06 1.048e-05 4.7183e-07 8.909e-06 0.00012368
5.3877e-06 1.0665e-05 4.9118e-07 8.9866e-06 0.00012655
5.1489e-06 1.0868e-05 5.1e-07 9.0834e-06 0.00012721
4.9374e-06 1.1089e-05 5.2797e-07 9.1972e-06 0.00012784
4.7569e-06 1.1326e-05 5.4511e-07 9.3287e-06 0.00012852
4.5485e-06 1.1548e-05 5.6337e-07 9.4462e-06 0.00012916
4.3121e-06 1.1756e-05 6.5385e-07 9.5515e-06 0.00012977
4.1067e-06 1.1984e-05 7.4611e-07 9.6778e-06 0.00013044
3.9243e-06 1.2231e-05 8.3959e-07 9.8228e-06 0.00013115
3.7682e-06 1.25e-05 9.3517e-07 9.9912e-06 0.00013193
3.6318e-06 1.279e-05 1.0323e-06 1.0181e-05 0.00013276
3.5183e-06 1.3053e-05 1.1318e-06 1.0115e-05 0.00013355
3.4262e-06 1.334e-05 1.234e-06 1.0068e-05 0.00013441
3.3543e-06 1.3652e-05 1.339e-06 1.004e-05 0.00013533
3.2597e-06 1.3992e-05 1.4381e-06 1.003e-05 0.0001362
3.1421e-06 1.3924e-05 1.5401e-06 1.004e-05 0.00013715
3.0447e-06 1.3842e-05 1.6365e-06 1.0037e-05 0.00013806
2.9624e-06 1.3779e-05 1.7352e-06 1.0054e-05 0.00013902
2.8945e-06 1.3731e-05 1.8361e-06 1.0085e-05 0.00014004
2.8048e-06 1.37e-05 1.9404e-06 1.0136e-05 0.00014113
2.7328e-06 1.3657e-05 2.7407e-06 1.0175e-05 0.00014218
2.6778e-06 1.3631e-05 2.981e-06 1.0233e-05 0.00014331
2.6353e-06 1.3623e-05 3.2285e-06 1.0311e-05 0.000143
2.5721e-06 1.36e-05 3.4671e-06 1.0376e-05 0.00014265
2.4894e-06 1.3565e-05 3.6975e-06 1.0429e-05 0.00014254
2.9013e-06 1.3517e-05 3.9198e-06 1.047e-05 0.0001424
2.9535e-06 1.3486e-05 4.2273e-06 1.0531e-05 0.00014231
3.0241e-06 1.3473e-05 4.5472e-06 1.0612e-05 0.00014227
3.1094e-06 1.3474e-05 4.8776e-06 1.0434e-05 0.00014227
3.1741e-06 1.349e-05 5.1972e-06 1.0276e-05 0.00014225
3.2539e-06 1.352e-05 5.5275e-06 1.0138e-05 0.0001406
3.3493e-06 1.3564e-05 5.8691e-06 1.0018e-05 0.00013903
3.422e-06 1.3627e-05 6.2248e-06 9.9203e-06 0.00013754
3.5149e-06 1.3707e-05 6.2672e-06 9.8423e-06 0.00013614
3.6248e-06 1.3803e-05 6.314e-06 9.7806e-06 0.0001348
3.7574e-06 1.3884e-05 6.3666e-06 9.7118e-06 0.00013354
3.9095e-06 1.398e-05 6.2547e-06 9.6589e-06 0.00013235
4.0825e-06 1.4092e-05 6.148e-06 9.6217e-06 0.00013121
4.2835e-06 1.419e-05 6.0336e-06 9.5719e-06 0.00013004
4.1563e-06 1.4306e-05 5.9257e-06 9.5405e-06 0.00012893
4.0487e-06 1.4439e-05 5.8229e-06 9.5243e-06 0.00012789
3.9163e-06 1.4204e-05 5.7125e-06 9.2833e-06 0.0001268
3.8075e-06 1.3952e-05 5.5945e-06 9.0241e-06 0.00012567
3.7166e-06 1.3719e-05 5.4814e-06 8.7897e-06 0.0001246
3.5999e-06 1.3469e-05 5.3608e-06 8.5375e-06 0.00012349
3.5048e-06 1.3898e-05 5.2325e-06 8.2671e-06 0.0001228
3.4233e-06 1.435e-05 5.1084e-06 8.0185e-06 0.00012214
3.3515e-06 1.4824e-05 4.9872e-06 7.7871e-06 0.00012152
3.2886e-06 1.5318e-05 4.8688e-06 7.5715e-06 0.00012093
3.2339e-06 1.5833e-05 4.7528e-06 7.3703e-06 0.00012037
3.1847e-06 1.6367e-05 4.6385e-06 7.1806e-06 0.00011983
3.1222e-06 1.689e-05 4.5197e-06 6.9842e-06 0.00011928
3.0713e-06 1.7441e-05 4.4045e-06 6.8046e-06 0.00011877
2.9985e-06 1.7967e-05 4.282e-06 6.6103e-06 0.00011823
2.9438e-06 1.8534e-05 4.1651e-06 6.4385e-06 0.00011774
2.9064e-06 1.9144e-05 4.0537e-06 6.2877e-06 0.00011729
2.8858e-06 1.9193e-05 3.9476e-06 6.1563e-06 0.0001169
2.8817e-06 1.9265e-05 3.8465e-06 5.8174e-06 0.00011655
2.8566e-06 1.9354e-05 3.7384e-06 5.5072e-06 0.00011618
2.8479e-06 1.9467e-05 3.6353e-06 5.228e-06 0.00011585
2.8519e-06 1.9598e-05 3.5358e-06 4.9727e-06 0.00011556
2.8688e-06 1.9749e-05 3.4398e-06 4.7396e-06 0.00011531
2.9022e-06 1.9884e-05 3.3483e-06 4.4919e-06 0.00011503
2.9525e-06 2.0044e-05 3.261e-06 4.2693e-06 0.0001148
2.9816e-06 2.0223e-05 3.1343e-06 4.0661e-06 0.0001146
2.9895e-06 1.9947e-05 3.0005e-06 4.1095e-06 0.00011438
3.0107e-06 1.9659e-05 2.8707e-06 4.1627e-06 0.0001142
3.0106e-06 1.9352e-05 2.734e-06 4.2067e-06 0.00011399
3.0276e-06 1.9073e-05 2.6022e-06 4.2628e-06 0.00011382
3.0618e-06 1.8821e-05 2.4752e-06 4.3316e-06 0.00011369
3.0746e-06 1.8551e-05 2.3414e-06 4.3907e-06 0.00011362
3.0661e-06 1.8261e-05 2.2007e-06 4.4403e-06 0.00011351
3.0748e-06 1.7998e-05 2.0534e-06 4.5026e-06 0.00011345
3.0636e-06 1.7719e-05 1.8997e-06 4.5561e-06 0.00011277
3.0697e-06 1.7466e-05 1.7509e-06 4.6226e-06 0.00011206
3.0931e-06 1.7238e-05 1.6069e-06 4.7027e-06 0.0001114
3.134e-06 1.7035e-05 1.677e-06 4.7973e-06 0.00011071
3.1892e-06 1.6851e-05 1.7488e-06 4.9047e-06 0.00011007
3.2242e-06 1.6652e-05 1.8151e-06 5.0021e-06 0.0001094
3.2774e-06 1.5748e-05 1.8839e-06 5.1153e-06 0.00010877
3.3103e-06 1.4808e-05 1.947e-06 5.2172e-06 0.00010819
3.3617e-06 1.3929e-05 2.0125e-06 5.3355e-06 0.00010759
3.4087e-06 1.3108e-05 2.0805e-06 5.4712e-06 0.00010703
3.4891e-06 1.234e-05 2.1432e-06 5.6258e-06 0.00010571
3.5904e-06 1.1615e-05 2.2076e-06 5.5854e-06 0.00010445
3.7092e-06 1.086e-05 2.274e-06 5.9506e-06 0.00010325
3.8515e-06 1.0154e-05 2.3432e-06 6.3552e-06 0.00010212
4.019e-06 9.4942e-06 2.4153e-06 6.8033e-06 0.00010106
4.2161e-06 8.8706e-06 2.4815e-06 7.2917e-06 9.9952e-05
4.3899e-06 8.2238e-06 2.5422e-06 7.7575e-06 9.8814e-05
4.5878e-06 7.6144e-06 2.6053e-06 8.2664e-06 9.7734e-05
4.4113e-06 7.0354e-06 2.6702e-06 8.8157e-06 9.6703e-05
4.2106e-06 6.4903e-06 2.7295e-06 9.417e-06 9.564e-05
4.0351e-06 5.9774e-06 2.7915e-06 1.0076e-05 9.4633e-05
3.8782e-06 5.4899e-06 2.8555e-06 1.0218e-05 9.3674e-05
3.6987e-06 4.9836e-06 2.9138e-06 1.0347e-05 9.2759e-05
3.4978e-06 4.46e-06 2.9668e-06 1.0466e-05 9.1888e-05
3.321e-06 3.9623e-06 3.0219e-06 1.0602e-05 9.106e-05
3.1185e-06 3.443e-06 3.0805e-06 1.0723e-05 9.0389e-05
2.9304e-06 2.9444e-06 3.1405e-06 1.0859e-05 8.9749e-05
2.7247e-06 2.9572e-06 3.1957e-06 1.0986e-05 8.909e-05
2.5308e-06 2.9725e-06 3.252e-06 1.1126e-05 8.846e-05
2.3445e-06 2.9892e-06 3.3085e-06 1.1278e-05 8.7852e-05
2.1651e-06 3.0074e-06 3.3655e-06 1.1032e-05 8.7269e-05
1.9725e-06 3.0205e-06 3.4184e-06 1.0779e-05 8.6675e-05
1.7888e-06 3.0359e-06 3.4723e-06 1.0543e-05 8.6106e-05
1.611e-06 3.0527e-06 3.5265e-06 1.0321e-05 8.5558e-05
1.4202e-06 3.0644e-06 3.5768e-06 1.0091e-05 8.4998e-05
1.2371e-06 3.0784e-06 3.628e-06 9.8772e-06 8.4463e-05
1.0593e-06 3.0942e-06 3.6799e-06 9.6765e-06 8.395e-05
1.1412e-06 3.1034e-06 3.734e-06 9.4652e-06 8.3468e-05
1.2268e-06 3.1156e-06 3.7896e-06 9.2704e-06 8.3013e-05
1.2957e-06 3.1198e-06 3.8393e-06 9.0609e-06 8.26e-05
1.3748e-06 3.116e-06 3.8929e-06 8.8363e-06 8.2229e-05
1.4611e-06 3.1166e-06 3.9491e-06 8.6326e-06 8.189e-05
1.5553e-06 3.1217e-06 4.008e-06 8.4484e-06 8.1528e-05
1.6524e-06 3.1287e-06 4.0679e-06 8.276e-06 8.1186e-05
1.7377e-06 3.1305e-06 4.1236e-06 8.0974e-06 8.0833e-05
1.8112e-06 3.1272e-06 4.1753e-06 7.9126e-06 8.0469e-05
1.8874e-06 3.1255e-06 4.2278e-06 7.739e-06 8.0124e-05
1.9667e-06 3.1256e-06 4.2811e-06 7.5761e-06 7.9797e-05
2.0524e-06 3.1287e-06 4.3363e-06 7.4268e-06 7.9494e-05
2.1258e-06 3.1267e-06 4.3874e-06 7.2714e-06 7.9181e-05
2.2025e-06 3.1261e-06 4.4392e-06 7.1256e-06 7.8885e-05
2.2825e-06 3.1271e-06 4.4918e-06 6.9889e-06 7.8606e-05
2.3503e-06 3.1229e-06 4.5403e-06 6.8466e-06 7.8316e-05
2.4237e-06 3.1211e-06 4.5902e-06 6.715e-06 7.8047e-05
2.5013e-06 3.114e-06 4.6411e-06 6.5774e-06 7.7796e-05
2.5666e-06 3.1017e-06 4.6878e-06 6.4342e-06 7.7533e-05
2.6195e-06 3.0842e-06 4.7305e-06 6.2854e-06 7.726e-05
2.6784e-06 3.069e-06 4.7745e-06 6.1309e-06 7.7008e-05
2.7249e-06 3.0487e-06 4.8145e-06 5.9706e-06 7.6744e-05
2.7589e-06 3.0232e-06 4.8502e-06 5.8044e-06 7.647e-05
2.7723e-06 2.9891e-06 4.8793e-06 5.6246e-06 7.617e-05
2.8016e-06 2.9614e-06 4.9129e-06 5.4654e-06 7.5908e-05
2.8472e-06 2.9399e-06 4.951e-06 5.3252e-06 7.5682e-05
2.8734e-06 2.9107e-06 4.9829e-06 5.1738e-06 7.5435e-05
2.9089e-06 2.8848e-06 5.0172e-06 5.0349e-06 7.5212e-05
2.9489e-06 2.8604e-06 5.0524e-06 4.9039e-06 7.5005e-05
2.9934e-06 2.4401e-06 5.0886e-06 4.7805e-06 7.4815e-05
3.0253e-06 2.0115e-06 5.1206e-06 4.652e-06 7.4614e-05
3.0639e-06 1.5967e-06 5.1543e-06 4.5323e-06 7.4432e-05
3.1072e-06 1.6131e-06 5.1838e-06 4.4079e-06 7.4241e-05
3.1554e-06 1.6297e-06 5.2144e-06 4.2905e-06 7.4066e-05
3.2085e-06 1.6463e-06 5.2459e-06 4.1799e-06 7.3906e-05
3.2667e-06 1.6632e-06 5.2784e-06 4.0758e-06 7.3763e-05
3.3304e-06 1.6802e-06 5.3119e-06 3.9779e-06 7.3635e-05
3.3817e-06 1.6926e-06 5.3414e-06 3.8755e-06 7.3497e-05
3.4409e-06 1.7059e-06 5.3726e-06 3.7806e-06 7.3379e-05
3.4871e-06 1.7143e-06 5.3996e-06 3.6809e-06 7.325e-05
3.539e-06 1.723e-06 5.4276e-06 3.5871e-06 7.3136e-05
3.5967e-06 1.7319e-06 5.4567e-06 3.4989e-06 7.0841e-05
3.6628e-06 1.7416e-06 5.4875e-06 3.4172e-06 6.8609e-05
3.7375e-06 1.7522e-06 5.52e-06 3.3419e-06 6.6439e-05
3.8212e-06 1.7637e-06 5.5542e-06 3.2725e-06 6.4247e-05
3.9143e-06 1.7761e-06 5.5903e-06 3.209e-06 6.2116e-05
4.0145e-06 1.7888e-06 5.6275e-06 3.15e-06 6.0035e-05
4.1249e-06 1.7968e-06 5.6665e-06 3.087e-06 5.8011e-05
4.2459e-06 1.8058e-06 5.7073e-06 3.0294e-06 5.6042e-05
4.3781e-06 1.8157e-06 5.75e-06 2.9772e-06 5.4127e-05
3.991e-06 1.8266e-06 5.7946e-06 2.93e-06 5.2265e-05
3.5869e-06 1.8327e-06 5.835e-06 2.8787e-06 5.0384e-05
3.205e-06 1.8397e-06 5.8773e-06 2.8323e-06 4.8555e-05
2.8437e-06 1.8477e-06 5.9216e-06 2.7908e-06 4.6775e-05
2.5015e-06 1.8567e-06 5.9678e-06 2.7539e-06 4.5044e-05
2.1731e-06 1.8661e-06 6.0154e-06 2.7206e-06 4.3352e-05
1.8293e-06 1.8707e-06 6.0586e-06 2.6834e-06 4.1644e-05
1.4987e-06 1.8756e-06 6.1033e-06 2.6497e-06 3.9974e-05
1.1804e-06 1.881e-06 6.1493e-06 2.6195e-06 3.8344e-05
8.7797e-07 1.8877e-06 6.1978e-06 2.5941e-06 3.6761e-05
5.5847e-07 1.8891e-06 6.2414e-06 2.5641e-06 3.5155e-05
2.5339e-07 1.8918e-06 6.2874e-06 2.5386e-06 3.3596e-05
2.2322e-07 1.8987e-06 6.3261e-06 2.5229e-06 3.1992e-05
1.8105e-07 1.8985e-06 6.3581e-06 2.5005e-06 3.0349e-05
2.5169e-07 1.8908e-06 6.3826e-06 2.4706e-06 2.866e-05
3.2486e-07 1.8874e-06 6.4127e-06 2.4491e-06 2.7049e-05
3.8398e-07 1.8765e-06 6.436e-06 2.4202e-06 2.5514e-05
4.2928e-07 1.858e-06 6.4521e-06 2.3839e-06 2.3935e-05
4.7707e-07 1.8438e-06 6.4738e-06 2.3559e-06 2.2429e-05
5.263e-07 1.8221e-06 6.4998e-06 2.3347e-06 2.0982e-05
5.7742e-07 1.7932e-06 6.5191e-06 2.3067e-06 1.9498e-05
6.3278e-07 1.7573e-06 6.5316e-06 2.2721e-06 1.7978e-05
6.9306e-07 1.7257e-06 6.5497e-06 2.2455e-06 1.6526e-05
7.5904e-07 1.6982e-06 6.5735e-06 2.2268e-06 1.514e-05
8.3157e-07 1.6748e-06 6.603e-06 2.2158e-06 1.3817e-05
9.1526e-07 1.6438e-06 6.6383e-06 2.1978e-06 1.2553e-05
9.8323e-07 1.6051e-06 6.6781e-06 2.1864e-06 1.1257e-05
1.0594e-06 1.6165e-06 6.7105e-06 2.1675e-06 1.1024e-05
1.1197e-06 1.621e-06 6.7361e-06 2.1422e-06 1.0778e-05
1.1851e-06 1.6277e-06 6.7657e-06 2.1224e-06 1.0543e-05
1.2562e-06 1.6367e-06 6.7995e-06 2.1082e-06 1.0318e-05
1.3374e-06 1.6388e-06 6.8263e-06 2.0876e-06 1.0079e-05
1.4286e-06 1.6442e-06 6.8585e-06 2.0738e-06 9.8542e-06
1.5292e-06 1.6523e-06 6.8954e-06 2.066e-06 9.6395e-06
1.6107e-06 1.6531e-06 6.9248e-06 2.0513e-06 9.4116e-06
1.7007e-06 1.6563e-06 6.9585e-06 2.0421e-06 9.1934e-06
1.8029e-06 1.6628e-06 6.9976e-06 2.0395e-06 8.9867e-06
1.887e-06 1.6625e-06 7.03e-06 2.0307e-06 8.7676e-06
1.9785e-06 1.6638e-06 7.0657e-06 2.0263e-06 8.5561e-06
2.0559e-06 1.6597e-06 7.0963e-06 2.0175e-06 8.3359e-06
2.1211e-06 1.6508e-06 7.1225e-06 2.0051e-06 8.1086e-06
2.1913e-06 1.6427e-06 7.151e-06 1.996e-06 7.8867e-06
2.2648e-06 1.6348e-06 7.1813e-06 1.9894e-06 7.6689e-06
2.342e-06 1.627e-06 7.2132e-06 1.9854e-06 7.4548e-06
2.4265e-06 1.6204e-06 7.2482e-06 1.9853e-06 7.2468e-06
2.5004e-06 1.6069e-06 7.2762e-06 1.979e-06 7.1263e-06
2.5908e-06 1.5971e-06 7.3103e-06 1.9797e-06 7.0146e-06
2.6949e-06 1.5898e-06 7.3494e-06 1.9861e-06 6.9096e-06
2.8178e-06 1.5862e-06 7.3947e-06 1.9995e-06 6.8129e-06
2.92e-06 1.5753e-06 7.433e-06 2.0067e-06 6.7053e-06
3.0329e-06 1.5659e-06 7.4748e-06 2.0182e-06 6.602e-06
3.1317e-06 1.5514e-06 7.5117e-06 2.0256e-06 6.4918e-06
3.2364e-06 1.537e-06 7.5505e-06 2.0357e-06 6.3835e-06
3.3281e-06 1.5178e-06 7.5849e-06 2.0421e-06 6.2688e-06
3.4068e-06 1.494e-06 7.6148e-06 2.045e-06 6.1476e-06
3.4725e-06 1.4654e-06 7.6404e-06 2.0442e-06 6.02e-06
3.5259e-06 1.4322e-06 7.6618e-06 2.04e-06 5.8861e-06
3.5851e-06 1.3991e-06 7.6849e-06 2.0383e-06 5.7542e-06
3.6526e-06 1.3666e-06 7.7106e-06 2.04e-06 5.6253e-06
3.7289e-06 1.3347e-06 7.7389e-06 2.0451e-06 5.4991e-06
3.792e-06 1.3032e-06 7.763e-06 2.0534e-06 5.3665e-06
3.8615e-06 1.2717e-06 7.7888e-06 2.0644e-06 5.2356e-06
3.9184e-06 1.2356e-06 7.8105e-06 2.0719e-06 5.0986e-06
3.9843e-06 1.1993e-06 7.8339e-06 2.0821e-06 4.9632e-06
4.0571e-06 1.1629e-06 7.8592e-06 2.0949e-06 4.8295e-06
4.1369e-06 1.1262e-06 7.8864e-06 2.1103e-06 4.6972e-06
4.2033e-06 1.0849e-06 7.9091e-06 2.1221e-06 4.5673e-06
4.2563e-06 1.0389e-06 7.9274e-06 2.1303e-06 4.4312e-06
4.3165e-06 9.9271e-07 7.9475e-06 2.1411e-06 4.2963e-06
4.3839e-06 9.462e-07 7.9695e-06 2.1546e-06 4.1627e-06
4.4379e-06 8.9509e-07 7.9871e-06 2.1645e-06 4.0229e-06
4.502e-06 8.4415e-07 8.0073e-06 2.1779e-06 3.8852e-06
4.5738e-06 7.9279e-07 8.0294e-06 2.1941e-06 3.7486e-06
4.6319e-06 7.3687e-07 8.0471e-06 2.2066e-06 3.6058e-06
4.6772e-06 6.7649e-07 8.0605e-06 2.2156e-06 3.4571e-06
4.7303e-06 6.157e-07 8.0759e-06 2.2274e-06 3.3094e-06
4.7705e-06 5.5048e-07 8.087e-06 2.2358e-06 3.1558e-06
4.7977e-06 4.8081e-07 8.0939e-06 2.2407e-06 2.9962e-06
4.8355e-06 4.1116e-07 8.1035e-06 2.2491e-06 2.8385e-06
4.8596e-06 4.8668e-07 8.1086e-06 2.2539e-06 2.6747e-06
4.8916e-06 5.6187e-07 8.1156e-06 2.2615e-06 2.5119e-06
4.9344e-06 6.3738e-07 8.1253e-06 2.2727e-06 2.3507e-06
4.9634e-06 7.0825e-07 8.1306e-06 2.2802e-06 2.1834e-06
5.0006e-06 7.7895e-07 8.1377e-06 2.2906e-06 2.0169e-06
5.024e-06 8.4498e-07 8.1405e-06 2.2973e-06 1.8443e-06
5.0584e-06 9.1148e-07 8.1459e-06 2.3076e-06 1.6732e-06
5.1011e-06 9.7796e-07 8.1532e-06 2.3209e-06 1.5027e-06
5.155e-06 1.0451e-06 8.1632e-06 2.3379e-06 1.3334e-06
5.1977e-06 1.1076e-06 8.169e-06 2.3513e-06 1.1583e-06
5.2517e-06 1.1709e-06 8.1774e-06 2.3685e-06 9.844e-07
5.2919e-06 1.2294e-06 8.1814e-06 2.3821e-06 1.0726e-06
5.3189e-06 1.2834e-06 8.1812e-06 2.392e-06 1.1554e-06
5.3574e-06 1.3381e-06 8.1837e-06 2.4058e-06 1.2374e-06
5.4077e-06 1.3937e-06 8.1889e-06 2.4235e-06 1.3186e-06
5.4446e-06 1.4447e-06 8.1898e-06 2.4376e-06 1.3944e-06
5.4676e-06 1.4909e-06 8.1863e-06 2.4479e-06 1.4647e-06
5.4766e-06 1.5323e-06 8.1784e-06 2.4545e-06 1.5294e-06
5.4724e-06 1.5691e-06 8.1662e-06 2.4575e-06 1.5888e-06
5.4549e-06 1.6013e-06 8.1497e-06 2.457e-06 1.6428e-06
5.4462e-06 1.6337e-06 8.1352e-06 2.4595e-06 1.6955e-06
5.4463e-06 1.6664e-06 8.1226e-06 2.465e-06 1.7469e-06
5.4331e-06 1.6944e-06 8.1057e-06 2.467e-06 1.7929e-06
5.4287e-06 1.7228e-06 8.0907e-06 2.4719e-06 1.8377e-06
5.4111e-06 1.7464e-06 8.0715e-06 2.4733e-06 1.877e-06
5.3802e-06 1.7655e-06 8.048e-06 2.4712e-06 1.911e-06
5.361e-06 1.7855e-06 8.0272e-06 2.473e-06 1.9442e-06
5.3532e-06 1.8065e-06 8.0091e-06 2.4786e-06 1.9768e-06
5.3541e-06 1.8278e-06 7.9928e-06 2.4873e-06 2.0082e-06
5.3664e-06 1.8502e-06 7.9793e-06 2.4999e-06 2.039e-06
5.3651e-06 1.8678e-06 7.9613e-06 2.5088e-06 2.0643e-06
5.3764e-06 1.8867e-06 7.9463e-06 2.522e-06 2.0891e-06
5.4071e-06 1.9086e-06 7.9361e-06 2.5416e-06 2.1149e-06
5.4626e-06 1.9346e-06 7.9321e-06 2.5693e-06 2.1427e-06
5.4951e-06 1.9537e-06 7.9211e-06 2.5905e-06 2.1631e-06
5.5003e-06 1.9773e-06 7.9166e-06 2.6202e-06 2.1857e-06
5.4919e-06 1.996e-06 7.9078e-06 2.6461e-06 2.2028e-06
5.4924e-06 2.0154e-06 7.9008e-06 2.6755e-06 2.2188e-06
5.5018e-06 2.0353e-06 7.8957e-06 2.7083e-06 2.2337e-06
5.4972e-06 2.0503e-06 7.8861e-06 2.7372e-06 2.2431e-06
5.5014e-06 2.0659e-06 7.8784e-06 2.7696e-06 2.2514e-06
5.5146e-06 2.082e-06 7.8724e-06 2.8056e-06 2.2586e-06
5.5144e-06 2.0935e-06 7.8623e-06 2.8379e-06 2.2603e-06
5.501e-06 2.1003e-06 7.8479e-06 2.8665e-06 2.2566e-06
5.4993e-06 2.1083e-06 7.8288e-06 2.8996e-06 2.2525e-06
5.4836e-06 2.1114e-06 7.8054e-06 2.9288e-06 2.2427e-06
5.4768e-06 2.1152e-06 7.7838e-06 2.9617e-06 2.2318e-06
5.4789e-06 2.1196e-06 7.7639e-06 2.9983e-06 2.2199e-06
5.4926e-06 2.1253e-06 7.7467e-06 3.0398e-06 2.2075e-06
5.5181e-06 2.1323e-06 7.732e-06 3.0864e-06 2.1945e-06
5.5295e-06 2.1344e-06 7.72e-06 3.1288e-06 2.1759e-06
5.5529e-06 2.1378e-06 7.7106e-06 3.1764e-06 2.1568e-06
5.5853e-06 2.1419e-06 7.703e-06 3.2282e-06 2.1367e-06
5.6035e-06 2.1477e-06 7.6909e-06 3.2758e-06 2.1109e-06
5.6338e-06 2.1548e-06 7.6814e-06 3.3288e-06 2.0845e-06
5.65e-06 2.157e-06 7.6674e-06 3.3776e-06 2.5903e-06
5.679e-06 2.1608e-06 7.6562e-06 3.4322e-06 3.1073e-06
5.6825e-06 2.1568e-06 7.6511e-06 3.4784e-06 3.6528e-06
5.7118e-06 2.1575e-06 7.6521e-06 3.5352e-06 4.2212e-06
5.7626e-06 2.1618e-06 7.6597e-06 3.6016e-06 4.8098e-06
5.792e-06 2.1594e-06 7.6609e-06 3.6607e-06 5.3833e-06
5.8017e-06 2.1507e-06 7.6562e-06 3.7135e-06 5.9435e-06
5.8329e-06 2.1456e-06 7.6564e-06 3.7757e-06 6.524e-06
5.8793e-06 2.1424e-06 7.6599e-06 3.8452e-06 7.1202e-06
5.9432e-06 2.1418e-06 7.6671e-06 3.9232e-06 7.7348e-06
6.0205e-06 2.1425e-06 7.677e-06 4.0082e-06 8.3642e-06
6.1097e-06 2.1443e-06 7.6891e-06 4.0997e-06 9.0074e-06
6.2098e-06 2.1468e-06 7.703e-06 4.1973e-06 9.6637e-06
6.3249e-06 2.1506e-06 7.7194e-06 4.3027e-06 1.0336e-05
6.4546e-06 2.1558e-06 7.7385e-06 4.4162e-06 1.1025e-05
6.5995e-06 2.1624e-06 7.7601e-06 4.5381e-06 1.1731e-05
6.7295e-06 2.164e-06 7.7773e-06 4.6549e-06 1.2428e-05
6.8751e-06 2.1671e-06 7.7971e-06 4.7805e-06 1.3141e-05
7.037e-06 2.1714e-06 7.8194e-06 4.9153e-06 1.3873e-05
7.2158e-06 2.1772e-06 7.8444e-06 5.0597e-06 1.4623e-05
7.3801e-06 2.1782e-06 7.8652e-06 5.1991e-06 1.5364e-05
7.562e-06 2.1806e-06 7.8885e-06 5.3486e-06 1.6124e-05
7.7622e-06 2.1843e-06 7.9145e-06 5.5085e-06 1.6904e-05
7.9816e-06 2.1895e-06 7.9432e-06 5.6795e-06 1.7704e-05
8.2213e-06 2.196e-06 7.9745e-06 5.8622e-06 1.8525e-05
8.4779e-06 2.2033e-06 8.0077e-06 6.0551e-06 1.9365e-05
8.7524e-06 2.2112e-06 8.0429e-06 6.2586e-06 2.0222e-05
9.0455e-06 2.2199e-06 8.0799e-06 6.4734e-06 2.1099e-05
9.3215e-06 2.2237e-06 8.1125e-06 6.6818e-06 2.1965e-05
9.5804e-06 2.2225e-06 8.1407e-06 6.8838e-06 2.2819e-05
9.8628e-06 2.2228e-06 8.1716e-06 7.0994e-06 2.3696e-05
1.017e-05 2.2244e-06 8.2053e-06 7.3295e-06 2.4596e-05
1.0504e-05 2.2276e-06 8.2418e-06 7.5748e-06 2.5522e-05
1.0819e-05 2.2257e-06 8.2737e-06 7.8131e-06 2.6435e-05
1.1162e-05 2.2173e-06 8.3085e-06 7.7129e-06 2.7374e-05
1.1486e-05 2.2039e-06 8.3389e-06 7.6073e-06 2.8301e-05
1.1794e-05 2.1858e-06 8.3649e-06 7.4966e-06 2.9216e-05
1.2129e-05 2.1691e-06 8.3938e-06 7.396e-06 3.0157e-05
1.2494e-05 2.1538e-06 8.4255e-06 7.305e-06 3.1125e-05
1.2884e-05 2.1392e-06 8.4592e-06 7.2217e-06 3.2115e-05
1.33e-05 2.1252e-06 8.495e-06 7.146e-06 3.3132e-05
1.3697e-05 2.1064e-06 8.5263e-06 7.0651e-06 3.4137e-05
1.4127e-05 2.0889e-06 8.5605e-06 6.9932e-06 3.5171e-05
1.4537e-05 2.0727e-06 8.5976e-06 6.93e-06 3.6233e-05
1.4927e-05 2.0516e-06 8.6302e-06 6.8617e-06 3.7282e-05
1.5352e-05 2.0318e-06 8.6657e-06 6.802e-06 3.8361e-05
1.5757e-05 2.0073e-06 8.6969e-06 6.7376e-06 3.9428e-05
1.6192e-05 1.9834e-06 8.7302e-06 6.6801e-06 4.0521e-05
1.6665e-05 1.9607e-06 8.7665e-06 6.6309e-06 4.1645e-05
1.7117e-05 1.9333e-06 8.7985e-06 6.5771e-06 4.2756e-05
1.7609e-05 1.9071e-06 8.8335e-06 6.5314e-06 4.3899e-05
1.8135e-05 1.8815e-06 8.8707e-06 6.4923e-06 4.5071e-05
1.8701e-05 1.8568e-06 8.9106e-06 6.4605e-06 4.6274e-05
1.9347e-05 1.8359e-06 8.9572e-06 6.4423e-06 4.7535e-05
1.9942e-05 1.808e-06 8.9962e-06 6.4147e-06 4.8763e-05
2.0051e-05 1.8977e-06 9.0155e-06 6.3775e-06 5.0044e-05
2.014e-05 1.9823e-06 9.0303e-06 6.3353e-06 5.1311e-05
2.026e-05 2.0691e-06 9.0481e-06 6.3009e-06 5.2614e-05
2.0412e-05 2.1582e-06 9.0689e-06 6.2741e-06 5.3954e-05
2.0589e-05 2.249e-06 9.0919e-06 6.2534e-06 5.5328e-05
2.0799e-05 2.3425e-06 9.118e-06 6.2403e-06 5.6741e-05
2.0991e-05 2.4309e-06 9.1397e-06 6.2227e-06 5.8139e-05
2.1216e-05 2.522e-06 9.1645e-06 6.2125e-06 5.9578e-05
2.1421e-05 2.6079e-06 9.1847e-06 6.1976e-06 6.1002e-05
2.1655e-05 2.6958e-06 9.2074e-06 6.189e-06 6.2461e-05
2.1867e-05 2.7783e-06 9.2333e-06 6.1755e-06 6.3903e-05
2.2109e-05 2.863e-06 9.2617e-06 6.1682e-06 6.5382e-05
2.233e-05 2.9422e-06 9.2934e-06 6.1559e-06 6.6844e-05
2.258e-05 3.0235e-06 9.3274e-06 6.1497e-06 6.8342e-05
2.281e-05 3.0994e-06 9.3568e-06 6.1387e-06 6.9823e-05
2.302e-05 3.1703e-06 9.3819e-06 6.1234e-06 7.129e-05
2.3266e-05 3.2441e-06 9.4102e-06 6.1154e-06 7.28e-05
2.3549e-05 3.3212e-06 9.4416e-06 6.1148e-06 7.4354e-05
2.3869e-05 3.4015e-06 9.4762e-06 6.1214e-06 7.5954e-05
2.4222e-05 3.4843e-06 9.5132e-06 6.134e-06 7.7594e-05
2.4553e-05 3.5616e-06 9.5455e-06 6.1419e-06 7.9217e-05
2.3676e-05 3.6414e-06 9.5803e-06 6.1559e-06 8.088e-05
2.2771e-05 3.7158e-06 9.6104e-06 6.1651e-06 8.2525e-05
2.1928e-05 3.7937e-06 9.6439e-06 6.1817e-06 8.4219e-05
2.1144e-05 3.8752e-06 9.6805e-06 6.2057e-06 8.5963e-05
2.0336e-05 3.9515e-06 9.7128e-06 6.2254e-06 8.769e-05
1.9503e-05 4.0226e-06 9.7407e-06 6.2406e-06 8.9401e-05
1.8719e-05 4.0883e-06 9.7643e-06 6.2514e-06 9.1096e-05
1.7979e-05 4.1567e-06 9.7902e-06 6.2683e-06 9.2833e-05
1.7214e-05 4.2196e-06 9.8116e-06 6.2804e-06 9.4552e-05
1.6426e-05 4.2853e-06 9.8286e-06 6.2987e-06 9.6254e-05
1.569e-05 4.3549e-06 9.8488e-06 6.3246e-06 9.8008e-05
1.5004e-05 4.4284e-06 9.8723e-06 6.3581e-06 9.9813e-05
1.4364e-05 4.5061e-06 9.8992e-06 6.3993e-06 0.00010167
1.3768e-05 4.588e-06 9.9293e-06 6.4484e-06 0.00010359
1.3214e-05 4.6742e-06 9.9628e-06 6.5055e-06 0.00010556
1.2692e-05 4.7639e-06 9.9988e-06 6.5696e-06 0.00010758
1.2149e-05 4.8478e-06 1.003e-05 6.6288e-06 0.00010958
1.1584e-05 4.926e-06 1.0057e-05 6.683e-06 0.00011157
1.1058e-05 5.0088e-06 1.0087e-05 6.7455e-06 0.00011361
1.051e-05 5.0858e-06 1.0113e-05 6.803e-06 0.00011563
9.9418e-06 5.157e-06 1.0134e-05 6.8555e-06 0.00011763
9.3535e-06 5.2228e-06 1.015e-05 6.9045e-06 0.00011961
8.8027e-06 5.2932e-06 1.017e-05 6.9618e-06 0.00012165
8.232e-06 5.3579e-06 1.0186e-05 7.0143e-06 0.00012367
8.492e-06 5.413e-06 1.0209e-05 7.0567e-06 0.00012564
8.7183e-06 5.4584e-06 1.0225e-05 7.0893e-06 0.00012756
8.9798e-06 5.512e-06 1.0247e-05 7.1348e-06 0.00012943
9.2786e-06 5.5739e-06 1.0275e-05 7.1935e-06 0.00013138
9.5434e-06 5.6256e-06 1.0311e-05 7.2416e-06 0.00013328
9.8437e-06 5.685e-06 1.0352e-05 7.3021e-06 0.00013527
1.0111e-05 5.7345e-06 1.0386e-05 7.3523e-06 0.0001372
1.0349e-05 5.7752e-06 1.0413e-05 7.3935e-06 0.00013909
1.062e-05 5.823e-06 1.0445e-05 7.4466e-06 0.00014105
1.086e-05 5.8615e-06 1.047e-05 7.4898e-06 0.00014296
1.107e-05 5.891e-06 1.0487e-05 7.5239e-06 0.00014483
1.1307e-05 5.9258e-06 1.0509e-05 7.5675e-06 0.00014677
1.1577e-05 5.9675e-06 1.0535e-05 7.6226e-06 0.00014878
1.1829e-05 6.0032e-06 1.0557e-05 7.6723e-06 0.00015076
1.2107e-05 6.0438e-06 1.0583e-05 7.731e-06 0.00015281
1.2406e-05 6.0881e-06 1.0611e-05 7.7973e-06 0.00015491
1.2688e-05 6.1265e-06 1.0634e-05 7.8583e-06 0.000157
1.2951e-05 6.159e-06 1.0653e-05 7.9141e-06 0.00015905
1.3243e-05 6.1967e-06 1.0676e-05 7.9794e-06 0.00016118
1.3514e-05 6.228e-06 1.0693e-05 8.0388e-06 0.00016336
1.3762e-05 6.2648e-06 1.0705e-05 8.1082e-06 0.00016552
1.3986e-05 6.2944e-06 1.0712e-05 8.1706e-06 0.00016764
1.4237e-05 6.3288e-06 1.0721e-05 8.2422e-06 0.00016982
1.4465e-05 6.3564e-06 1.0726e-05 8.3072e-06 0.00017198
1.4724e-05 6.3896e-06 1.0734e-05 8.3826e-06 0.0001742
1.5024e-05 6.4303e-06 1.0748e-05 8.4716e-06 0.00017652
1.5289e-05 6.4616e-06 1.0754e-05 8.5496e-06 0.00017878
1.5611e-05 6.5041e-06 1.0769e-05 8.6468e-06 0.00018117
1.5962e-05 6.5509e-06 1.0786e-05 8.7534e-06 0.00018362
1.6293e-05 6.5916e-06 1.0799e-05 8.8542e-06 0.00018605
1.6604e-05 6.6265e-06 1.0807e-05 8.9495e-06 0.00018845
1.6949e-05 6.6557e-06 1.0819e-05 9.0394e-06 0.00019093
1.7323e-05 6.6888e-06 1.0833e-05 9.1382e-06 0.00019347
1.7676e-05 6.7158e-06 1.0843e-05 9.2313e-06 0.00019599
1.8058e-05 6.7467e-06 1.0856e-05 9.3333e-06 0.00019857
1.8419e-05 6.7718e-06 1.0864e-05 9.4297e-06 0.00020113
1.8762e-05 6.7912e-06 1.0867e-05 9.5209e-06 0.00020367
1.9134e-05 6.8146e-06 1.0873e-05 9.6211e-06 0.00020627
1.9487e-05 6.8324e-06 1.0875e-05 9.7161e-06 0.00020885
1.987e-05 6.8554e-06 1.088e-05 9.8223e-06 0.00021151
2.0291e-05 6.8838e-06 1.0889e-05 9.9399e-06 0.00021425
2.5485e-05 6.9059e-06 1.0893e-05 1.0051e-05 0.00021697
3.0578e-05 6.9323e-06 1.0892e-05 1.0173e-05 0.00021965
3.5967e-05 6.963e-06 1.0894e-05 1.0305e-05 0.00022241
4.172e-05 6.999e-06 1.09e-05 1.0449e-05 0.00022525
4.7373e-05 7.0392e-06 1.0901e-05 1.0604e-05 0.00022807
5.3351e-05 7.0837e-06 1.0905e-05 1.0771e-05 0.00023096
5.9674e-05 7.1324e-06 1.0912e-05 1.0949e-05 0.00023392
6.6365e-05 7.1855e-06 1.0921e-05 1.1139e-05 0.00023552
7.351e-05 7.2443e-06 1.0934e-05 1.1345e-05 0.00023718
8.1142e-05 7.309e-06 1.095e-05 1.1566e-05 0.00023617
8.8626e-05 7.3675e-06 1.0962e-05 1.178e-05 0.00023513
9.5965e-05 7.42e-06 1.097e-05 1.1988e-05 0.00023408
0.00010316 7.4664e-06 1.0972e-05 1.2188e-05 0.00023301
0.00011085 7.5186e-06 1.0978e-05 1.2404e-05 0.00023199
0.00011211 7.5768e-06 1.0988e-05 1.2637e-05 0.00023102
0.00011348 7.6397e-06 1.1001e-05 1.2885e-05 0.00023008
0.00011495 7.7072e-06 1.1016e-05 1.3147e-05 0.00022918
0.00011637 7.7686e-06 1.1026e-05 1.3403e-05 0.00022826
0.00011775 7.8242e-06 1.1032e-05 1.3651e-05 0.00022733
0.00011924 7.8845e-06 1.1041e-05 1.3914e-05 0.00022643
0.00012084 7.9497e-06 1.1053e-05 1.4194e-05 0.00022557
0.00012239 8.0086e-06 1.106e-05 1.4466e-05 0.00022469
0.00012406 8.0725e-06 1.1069e-05 1.4755e-05 0.00022386
0.00012568 8.1304e-06 1.1074e-05 1.5036e-05 0.000223
0.00012744 8.1947e-06 1.1083e-05 1.5338e-05 0.00022219
0.00012916 8.2654e-06 1.1087e-05 1.5661e-05 0.00022136
0.00013101 8.3427e-06 1.1095e-05 1.6006e-05 0.00022057
0.000133 8.4251e-06 1.1105e-05 1.5865e-05 0.00021982
0.00013512 8.5128e-06 1.1119e-05 1.5737e-05 0.0002191
0.0001372 8.5946e-06 1.1127e-05 1.5603e-05 0.00021837
0.00013922 8.6704e-06 1.1132e-05 1.5462e-05 0.00021763
0.00014119 8.7402e-06 1.1132e-05 1.5315e-05 0.00021687
0.00014333 8.8168e-06 1.1135e-05 1.5183e-05 0.00021615
0.00014256 8.9003e-06 1.1142e-05 1.5065e-05 0.00021547
0.00014189 8.9908e-06 1.1153e-05 1.4962e-05 0.00021482
0.00014131 9.087e-06 1.1167e-05 1.487e-05 0.00021422
0.00014069 9.177e-06 1.1176e-05 1.4771e-05 0.00021359
0.00014021 9.2789e-06 1.1194e-05 1.4693e-05 0.00021303
0.00013991 9.3961e-06 1.122e-05 1.4639e-05 0.00021253
0.00014385 9.5014e-06 1.1239e-05 1.4571e-05 0.00021199
0.00014472 9.6222e-06 1.1265e-05 1.4526e-05 0.00021152
0.0001455 9.7566e-06 1.1299e-05 1.4285e-05 0.00021111
0.00014643 9.9046e-06 1.1339e-05 1.4071e-05 0.00021075
0.00015428 1.0995e-05 1.1624e-05 1.2736e-05 0.00020862
0.0001556 1.1126e-05 1.1665e-05 1.2523e-05 0.00020837
0.00015666 1.1273e-05 1.1713e-05 1.2333e-05 0.00020817
0.00015789 1.1405e-05 1.1768e-05 1.2126e-05 0.00020802
0.00015936 1.1555e-05 1.1814e-05 1.1947e-05 0.00020793
0.00016107 1.1346e-05 1.187e-05 1.1792e-05 0.00020791
0.0001747 9.9444e-06 1.2258e-05 1.0835e-05 0.00020808
0.00017649 9.721e-06 1.2297e-05 1.0679e-05 0.00020807
0.00017852 9.5129e-06 1.2343e-05 1.0542e-05 0.0002081
0.00017825 9.32e-06 1.2397e-05 1.0424e-05 0.00020818
0.00017797 9.1237e-06 1.2449e-05 1.0304e-05 0.00020826
0.00017769 8.9242e-06 1.2499e-05 1.0182e-05 0.00020834
0.0001774 8.7215e-06 1.2545e-05 1.0059e-05 0.00020841
0.0001771 8.5154e-06 1.2589e-05 9.933e-06 0.00020849
0.00017679 8.3061e-06 1.263e-05 9.8055e-06 0.00020855
0.00017648 8.0934e-06 1.2668e-05 9.6762e-06 0.00020862
0.00017606 7.8663e-06 1.2698e-05 9.5325e-06 0.00020865
0.00017581 7.6542e-06 1.2735e-05 9.4073e-06 0.00020873
0.00017545 7.4278e-06 1.2763e-05 9.2681e-06 0.00020877
0.00017528 7.2189e-06 1.2801e-05 9.1499e-06 0.00020888
0.00017502 7.5045e-06 1.283e-05 9.0196e-06 0.00020896
0.00017491 7.8078e-06 1.2867e-05 8.9066e-06 0.00020908
0.00017472 8.0967e-06 1.2895e-05 8.7817e-06 0.00020918
0.00017464 8.3994e-06 1.2929e-05 8.6699e-06 0.00020931
0.00017467 8.7139e-06 1.2967e-05 8.5686e-06 0.00020948
0.00017465 9.0205e-06 1.3e-05 8.4616e-06 0.00020963
0.0001746 9.3194e-06 1.3028e-05 8.349e-06 0.00020977
0.00017465 9.6306e-06 1.3061e-05 8.247e-06 0.00020995
0.00017467 9.934e-06 1.3089e-05 8.1394e-06 0.00021011
0.00017464 1.023e-05 1.3112e-05 8.0263e-06 0.00021026
0.00017458 1.0518e-05 1.313e-05 7.908e-06 0.0002104
0.00017461 1.0817e-05 1.3152e-05 7.7984e-06 0.00021057
0.00017459 1.1107e-05 1.3168e-05 7.6833e-06 0.00021072
0.00017454 1.139e-05 1.318e-05 7.5626e-06 0.00021086
0.00017459 1.1686e-05 1.3196e-05 7.4522e-06 0.00021103
0.0001746 1.1973e-05 1.3208e-05 7.3364e-06 0.00021119
0.00017458 1.2253e-05 1.3215e-05 7.2155e-06 0.00021134
0.00017465 1.2544e-05 1.3225e-05 7.1031e-06 0.00021151
0.00017467 1.2827e-05 1.323e-05 6.9851e-06 0.00021167
0.00017067 1.2564e-05 1.3238e-05 6.8756e-06 0.00021186
0.0001669 1.2311e-05 1.325e-05 6.774e-06 0.00021208
0.00016305 1.205e-05 1.3257e-05 6.6671e-06 0.00021229
0.00015911 1.1782e-05 1.3259e-05 6.5549e-06 0.00021248
0.00015543 1.1525e-05 1.3266e-05 6.4522e-06 0.00021271
0.00015167 1.126e-05 1.3267e-05 6.3438e-06 0.00021292
0.00014825 1.1013e-05 1.3276e-05 6.2492e-06 0.00021318
0.00014463 1.075e-05 1.3293e-05 6.1436e-06 0.0002134
0.00014092 1.048e-05 1.3305e-05 6.0325e-06 0.00021361
0.00013713 1.0202e-05 1.3313e-05 5.9164e-06 0.00021381
0.00013356 9.9335e-06 1.3324e-05 5.8079e-06 0.00021404
0.00012991 9.6575e-06 1.333e-05 5.6943e-06 0.00021425
0.00012618 9.3739e-06 1.3331e-05 5.5754e-06 0.00021445
0.00012266 9.0997e-06 1.3336e-05 5.4641e-06 0.00021467
0.00011907 8.8183e-06 1.3336e-05 5.3478e-06 0.00021489
0.00011728 8.5219e-06 1.3327e-05 5.2203e-06 0.00021515
0.00011534 8.2473e-06 1.3328e-05 5.1097e-06 0.00021538
0.00011332 7.9634e-06 1.3323e-05 4.9927e-06 0.00021559
0.00011123 7.6702e-06 1.3313e-05 4.8691e-06 0.00021578
0.0001093 7.388e-06 1.3306e-05 4.7543e-06 0.000216
0.00010729 7.0965e-06 1.3294e-05 4.633e-06 0.00021621
0.00010518 6.7939e-06 1.3276e-05 4.5039e-06 0.00021639
0.00010288 6.5106e-06 1.3265e-05 4.3896e-06 0.00021663
0.0001008 6.2426e-06 1.3262e-05 4.2871e-06 0.00021692
9.8581e-05 5.9618e-06 1.3251e-05 4.1757e-06 0.00021717
9.6615e-05 5.699e-06 1.3248e-05 4.0779e-06 0.00021749
9.4517e-05 5.4528e-06 1.3254e-05 3.9927e-06 0.00021787
9.2622e-05 5.2195e-06 1.3266e-05 3.9174e-06 0.00021829
9.0675e-05 4.9793e-06 1.3274e-05 3.8374e-06 0.00021871
8.8678e-05 4.7322e-06 1.3276e-05 3.7529e-06 0.0002191
8.6823e-05 4.4937e-06 1.3283e-05 3.6751e-06 0.00021954
8.4919e-05 4.2484e-06 1.3285e-05 3.5928e-06 0.00021996
8.3151e-05 4.0114e-06 1.3292e-05 3.5169e-06 0.00022042
8.1512e-05 3.7677e-06 1.3302e-05 3.4366e-06 0.00022091
7.9995e-05 3.5319e-06 1.3317e-05 3.3625e-06 0.00022144
7.8434e-05 3.2895e-06 1.3328e-05 3.2841e-06 0.00022196
7.6831e-05 3.0407e-06 1.3333e-05 3.2014e-06 0.00022246
7.5347e-05 2.7997e-06 1.3343e-05 3.1249e-06 0.00022301
7.3824e-05 2.5525e-06 1.3348e-05 3.0443e-06 0.00022353
7.2398e-05 2.3112e-06 1.3356e-05 2.9685e-06 0.00022409
7.0935e-05 2.0638e-06 1.336e-05 2.8886e-06 0.00022463
6.9429e-05 1.8099e-06 1.3359e-05 2.8045e-06 0.00022516
6.8035e-05 1.5634e-06 1.3362e-05 2.7261e-06 0.00022573
6.6746e-05 1.3238e-06 1.337e-05 2.6534e-06 0.00022634
6.542e-05 1.3827e-06 1.3373e-05 2.5766e-06 0.00022693
6.4182e-05 1.4421e-06 1.3379e-05 2.5043e-06 0.00022756
6.2908e-05 1.4968e-06 1.3381e-05 2.428e-06 0.00022817
6.1592e-05 1.5465e-06 1.3377e-05 2.3473e-06 0.00022876
6.0423e-05 1.5892e-06 1.3366e-05 2.2586e-06 0.00022932
6.1374e-05 1.625e-06 1.3346e-05 2.162e-06 0.00022984
6.2477e-05 1.6647e-06 1.3335e-05 2.0762e-06 0.00023043
6.3491e-05 1.6972e-06 1.3315e-05 1.982e-06 0.00023098
6.4585e-05 1.7302e-06 1.3299e-05 1.8926e-06 0.00023156
6.5642e-05 1.7583e-06 1.3278e-05 1.7989e-06 0.00023213
6.6778e-05 1.7868e-06 1.326e-05 1.7095e-06 0.00023273
6.8011e-05 1.8165e-06 1.3247e-05 1.6252e-06 0.00023337
6.9347e-05 1.8472e-06 1.3238e-05 1.5456e-06 0.00023406
7.0781e-05 1.8787e-06 1.3233e-05 1.4698e-06 0.00023478
7.2329e-05 1.9114e-06 1.3232e-05 1.3984e-06 0.00023554
7.3998e-05 1.9453e-06 1.3235e-05 1.3308e-06 0.00023635
7.5627e-05 1.9799e-06 1.3241e-05 1.2663e-06 0.00023719
7.7216e-05 2.0097e-06 1.3243e-05 1.1982e-06 0.00023802
7.8763e-05 2.0348e-06 1.3241e-05 1.1265e-06 0.00023883
8.0472e-05 2.0626e-06 1.3244e-05 1.0601e-06 0.0002397
8.2059e-05 2.0826e-06 1.3257e-05 9.8673e-07 0.00024065
8.354e-05 2.0953e-06 1.3261e-05 9.0678e-07 0.00024156
8.5236e-05 2.1128e-06 1.3275e-05 8.3448e-07 0.00024254
8.6824e-05 2.1231e-06 1.3281e-05 7.5593e-07 0.00024349
8.831e-05 2.1264e-06 1.3278e-05 6.7103e-07 0.0002444
9.0008e-05 2.1342e-06 1.3285e-05 5.9347e-07 0.00024538
9.1586e-05 2.1344e-06 1.3283e-05 5.0919e-07 0.00024632
9.3392e-05 2.1269e-06 1.329e-05 5.324e-07 0.00024735
9.5449e-05 2.1241e-06 1.3306e-05 5.5884e-07 0.00024845
9.7379e-05 2.114e-06 1.3314e-05 5.8074e-07 0.00024951
9.9186e-05 2.0967e-06 1.3313e-05 5.9815e-07 0.00025053
0.00010121 2.0829e-06 1.3321e-05 6.1803e-07 0.00025162
0.00010309 2.0613e-06 1.3319e-05 6.3307e-07 0.00025266
0.00010483 2.0444e-06 1.3308e-05 6.5142e-07 0.00025366
0.00010678 2.031e-06 1.3304e-05 6.7238e-07 0.00025472
0.00010867 2.4893e-06 1.3295e-05 6.9001e-07 0.00025577
0.0001105 2.9381e-06 1.3281e-05 7.0446e-07 0.00025679
0.00011228 3.3783e-06 1.3262e-05 7.1585e-07 0.00025779
0.0001142 3.8338e-06 1.3247e-05 7.2844e-07 0.00025885
0.00011608 4.2807e-06 1.3228e-05 7.3799e-07 0.00025988
0.0001181 4.7433e-06 1.3212e-05 7.4877e-07 0.00026096
0.00012007 5.1978e-06 1.3192e-05 7.566e-07 0.00026203
0.000122 5.6442e-06 1.3168e-05 7.6148e-07 0.00026308
0.00012409 5.6315e-06 1.3148e-05 7.6773e-07 0.00026418
0.00012632 5.6221e-06 1.3131e-05 7.7475e-07 0.00026532
0.00012849 5.607e-06 1.311e-05 7.7873e-07 0.00026645
0.00013061 5.5864e-06 1.3083e-05 7.7978e-07 0.00026755
0.00013268 5.5603e-06 1.3053e-05 7.779e-07 0.00026864
0.00013492 5.5386e-06 1.3026e-05 7.7726e-07 0.00026979
0.00013733 5.5112e-06 1.2995e-05 7.7359e-07 0.00027091
0.00013968 5.4781e-06 1.2959e-05 7.6687e-07 0.00027201
0.00014197 5.4393e-06 1.2918e-05 7.5711e-07 0.0002731
0.00014444 5.4048e-06 1.2881e-05 7.4859e-07 0.00027424
0.00014685 5.3647e-06 1.284e-05 7.3704e-07 0.00027536
0.00014945 5.329e-06 1.2803e-05 7.2669e-07 0.00027653
0.00015225 5.2975e-06 1.277e-05 7.1753e-07 0.00027775
0.00015526 5.2704e-06 1.2741e-05 7.0958e-07 0.00027902
0.00015819 5.2375e-06 1.3875e-05 6.9858e-07 0.00028028
0.00016107 5.1992e-06 1.4999e-05 6.8465e-07 0.00028151
0.00016416 5.1651e-06 1.6112e-05 6.7188e-07 0.00028281
0.00016745 5.1342e-06 1.7247e-05 6.5976e-07 0.00028414
0.00017095 5.1065e-06 1.8406e-05 6.4826e-07 0.00028553
0.00017437 5.073e-06 1.9555e-05 6.3378e-07 0.00028689
0.00017804 5.0437e-06 2.0731e-05 6.2032e-07 0.00028831
0.00018198 5.0184e-06 2.1937e-05 6.0783e-07 0.00028979
0.00018621 4.9972e-06 2.3172e-05 5.9628e-07 0.00029133
0.00019074 4.9799e-06 2.4438e-05 5.8563e-07 0.00029292
0.0001956 4.9669e-06 2.5737e-05 5.7592e-07 0.00029458
0.00020033 4.9475e-06 2.702e-05 5.63e-07 0.00029621
0.00020481 4.9189e-06 2.8277e-05 5.4572e-07 0.00029779
0.00020901 4.8804e-06 2.9502e-05 5.2371e-07 0.00029931
0.00021297 4.8325e-06 3.0701e-05 6.1179e-07 0.00030078
0.00021672 4.7754e-06 3.1873e-05 6.9347e-07 0.00030219
0.00022028 4.7099e-06 3.3024e-05 1.3105e-06 0.00030357
0.00022408 4.6478e-06 3.42e-05 1.9587e-06 0.000305
0.0002278 4.5799e-06 3.5365e-05 2.5941e-06 0.0003064
