Geospiza_fortis Gymnogyps_californianus Haliaeetus_leucocephalus Leptosomus_discolor Lonchura_striata
0.0028978 0.0039183 0.76701 6.5426e-05 0.0053097
0.0028945 0.0039174 0.76774 6.4351e-05 0.00531
0.0028911 0.0039166 0.76848 6.3332e-05 0.0053105
0.0028877 0.0039158 0.76921 6.2292e-05 0.0053109
0.0028843 0.0039151 0.76996 6.1319e-05 0.0053115
0.0028809 0.0039143 0.77071 6.0308e-05 0.005312
0.0028775 0.0039136 0.77147 5.9379e-05 0.0053128
0.0028741 0.0039129 0.77225 5.8544e-05 0.0053139
0.0028707 0.0039123 0.77301 5.7657e-05 0.0053149
0.0028673 0.0039115 0.77378 5.6722e-05 0.0053157
0.0028639 0.0039109 0.77456 5.5884e-05 0.0053169
0.0028605 0.0039103 0.77535 5.5121e-05 0.0053185
0.0028571 0.0039097 0.77614 5.4311e-05 0.0053198
0.0028536 0.0039091 0.77692 5.3456e-05 0.005321
0.0028502 0.0039085 0.77772 5.2691e-05 0.0053225
0.0028468 0.003908 0.77854 5.1998e-05 0.0053243
0.0028434 0.0039076 0.77935 5.1256e-05 0.0053259
0.00284 0.0039071 0.78017 5.0584e-05 0.0053279
0.0028367 0.0039066 0.78101 4.9977e-05 0.0053301
0.0028333 0.003906 0.78117 4.9441e-05 0.0053327
0.00283 0.0039056 0.78134 4.7526e-05 0.0053356
0.0028266 0.003905 0.7815 4.5521e-05 0.0053389
0.0028233 0.0039045 0.78166 4.3423e-05 0.0053419
0.0028199 0.003904 0.78182 4.1493e-05 0.0053453
0.0028166 0.0039034 0.78199 3.9462e-05 0.0053485
0.0028132 0.0039028 0.78215 3.734e-05 0.0053515
0.0028099 0.0039024 0.78231 3.5414e-05 0.0053549
0.0028065 0.0039018 0.78248 3.3387e-05 0.005358
0.0028031 0.0039014 0.78264 3.1267e-05 0.0053611
0.0027998 0.003901 0.78281 2.9316e-05 0.0053644
0.0027964 0.0039007 0.78298 2.7521e-05 0.005368
0.0027931 0.0039003 0.78317 2.5894e-05 0.005372
0.0027898 0.0039 0.78337 2.44e-05 0.005363
0.0027766 0.0038991 0.78418 1.8981e-05 0.0053289
0.0027732 0.003899 0.78439 1.7734e-05 0.0053201
0.0027699 0.0038988 0.78458 1.6428e-05 0.0053111
0.0027666 0.0038986 0.78478 1.5061e-05 0.0053019
0.0027632 0.0038985 0.78498 1.3821e-05 0.0052932
0.0027599 0.0038984 0.78519 1.2679e-05 0.0052849
0.0027566 0.0038984 0.78542 1.1644e-05 0.005277
0.0027533 0.0038984 0.78563 1.056e-05 0.0052689
0.00275 0.0038985 0.78586 9.5616e-06 0.0052611
0.0027467 0.0038986 0.7861 8.6565e-06 0.0052538
0.0027434 0.0038989 0.78634 7.8233e-06 0.0052469
0.0027401 0.0038991 0.78658 7.7559e-06 0.0052404
0.0027368 0.0038992 0.78682 7.677e-06 0.0052337
0.0027335 0.0038994 0.78707 7.6158e-06 0.0052274
0.0027302 0.0038997 0.78733 7.5719e-06 0.0052215
0.0027269 0.0039001 0.78759 7.5419e-06 0.0052159
0.0027236 0.0039006 0.78787 7.5255e-06 0.0052101
0.0027203 0.0039011 0.78815 7.2306e-06 0.0052047
0.002717 0.0039018 0.78844 6.9661e-06 0.0051792
0.0027137 0.0039024 0.78873 6.6831e-06 0.0051532
0.0027104 0.003903 0.78903 6.429e-06 0.0051281
0.0027071 0.0039037 0.78933 6.157e-06 0.0051025
0.0027038 0.0039043 0.78962 5.8664e-06 0.0050779
0.0027004 0.0039049 0.78992 5.6004e-06 0.0050529
0.0026972 0.0039055 0.79022 5.3164e-06 0.0050288
0.0026938 0.0039061 0.79051 5.0135e-06 0.0050042
0.0026905 0.0039066 0.79079 4.6931e-06 0.0049804
0.0026873 0.0039072 0.79109 4.3988e-06 0.0049573
0.002684 0.0039077 0.79138 4.0855e-06 0.0049338
0.0026807 0.0039082 0.79167 3.7535e-06 0.0049099
0.0026773 0.0039087 0.79195 3.4032e-06 0.0048857
0.002674 0.0039092 0.79225 3.0805e-06 0.0048622
0.0026707 0.0039097 0.79253 2.74e-06 0.0048383
0.0026674 0.0039103 0.79283 2.4307e-06 0.0048152
0.0026641 0.0039108 0.79313 2.1111e-06 0.0047918
0.0026608 0.0039115 0.79343 1.816e-06 0.004769
0.0026575 0.0039121 0.79375 1.5434e-06 0.004747
0.0026543 0.0039129 0.79407 1.2913e-06 0.0047257
0.002651 0.0039136 0.79439 1.0582e-06 0.0047039
0.0026477 0.0039143 0.7947 8.1026e-07 0.0046818
0.0026444 0.0039149 0.79501 5.4702e-07 0.0046592
0.0026412 0.0039155 0.79531 5.1834e-07 0.0046363
0.0026379 0.003916 0.79561 4.8435e-07 0.0046129
0.0026346 0.0039165 0.79591 4.4496e-07 0.0045891
0.0026313 0.003917 0.79621 4.0894e-07 0.0045661
0.002628 0.0039177 0.79653 3.7589e-07 0.0045439
0.0026247 0.0039184 0.79686 3.4543e-07 0.0045225
0.0026214 0.0039191 0.79718 3.1049e-07 0.0045008
0.0026182 0.0039198 0.7975 2.7133e-07 0.0044789
0.0026149 0.0039205 0.79783 2.3417e-07 0.0044576
0.0026116 0.0039212 0.79815 2.7804e-07 0.0044361
0.0026083 0.003922 0.79849 3.2288e-07 0.0044151
0.0026051 0.0039227 0.79882 3.6535e-07 0.0043945
0.0026018 0.0039235 0.79916 4.0546e-07 0.0043739
0.0025985 0.0039243 0.79949 4.432e-07 0.0043531
0.0025952 0.003925 0.79983 4.7859e-07 0.0043327
0.0025919 0.0039258 0.80017 5.1161e-07 0.0043122
0.0025887 0.0039266 0.8005 5.4227e-07 0.0042921
0.0025854 0.0039273 0.80084 5.7057e-07 0.0042724
0.0025821 0.0039281 0.80118 5.9651e-07 0.0042526
0.0025788 0.0039288 0.80152 6.2008e-07 0.0042332
0.0025756 0.0039296 0.80186 6.413e-07 0.0042137
0.0025723 0.0039303 0.8022 6.6015e-07 0.0041946
0.002569 0.0039311 0.80254 6.7664e-07 0.004176
0.0025658 0.0039319 0.80289 6.9077e-07 0.0041579
0.0025625 0.0039326 0.80323 7.0253e-07 0.0041403
0.0025593 0.0039334 0.80357 7.1194e-07 0.0041233
0.0025561 0.0039341 0.80392 7.1898e-07 0.004106
0.0025528 0.0039349 0.80426 7.2366e-07 0.0040885
0.0025496 0.0039356 0.80461 7.2598e-07 0.0040715
0.0025464 0.0039364 0.80495 7.2594e-07 0.0040549
0.0025432 0.0039371 0.8053 7.2353e-07 0.0040388
0.00254 0.0039378 0.80565 7.1876e-07 0.0040225
0.0025367 0.0039386 0.806 7.1164e-07 0.004006
0.0025335 0.0039393 0.80634 7.0215e-07 0.00399
0.0025303 0.0039401 0.80669 6.9029e-07 0.0039738
0.0025271 0.0039409 0.80705 6.8071e-07 0.0039581
0.0025239 0.0039417 0.80741 6.6669e-07 0.0039422
0.0025206 0.0039424 0.80776 6.4746e-07 0.003926
0.0025174 0.0039431 0.80811 6.2304e-07 0.0039096
0.0025142 0.0039438 0.80845 6.2978e-07 0.0038928
0.002511 0.0039444 0.8088 6.3954e-07 0.0038766
0.0025078 0.003945 0.80916 6.524e-07 0.003861
0.0025046 0.0039457 0.80952 6.6036e-07 0.0038452
0.0025013 0.0039465 0.8099 6.7148e-07 0.00383
0.0024982 0.0039475 0.81028 6.8436e-07 0.0038152
0.002495 0.0039484 0.81065 6.9386e-07 0.0038003
0.0024917 0.0039493 0.81039 7.0433e-07 0.0037853
0.0024885 0.0039502 0.81013 7.1146e-07 0.0037702
0.0024853 0.0039512 0.80987 7.1956e-07 0.0037555
0.0024821 0.0039523 0.80962 7.2865e-07 0.0037411
0.0024789 0.0039533 0.80936 7.345e-07 0.003727
0.0024757 0.0039544 0.80912 7.4087e-07 0.0037132
0.0024725 0.0039554 0.80887 7.4388e-07 0.0036992
0.0024693 0.0039565 0.80863 7.479e-07 0.0036856
0.0024661 0.0039577 0.80839 7.5296e-07 0.0036723
0.0024629 0.0039589 0.80816 7.5857e-07 0.0036587
0.0024597 0.0039601 0.80793 7.6081e-07 0.0036449
0.0024565 0.0039612 0.80769 7.5979e-07 0.0036311
0.0024533 0.0039625 0.80746 7.5935e-07 0.0036176
0.0024501 0.0039637 0.80723 7.5564e-07 0.0036039
0.0024469 0.0039649 0.807 7.4865e-07 0.0035902
0.0024437 0.0039661 0.80678 7.4376e-07 0.0035769
0.0024405 0.0039674 0.80657 7.4045e-07 0.0035181
0.0024372 0.0039687 0.80635 7.3293e-07 0.0034588
0.002434 0.0039701 0.80614 7.277e-07 0.003401
0.0024308 0.0039714 0.80592 7.1771e-07 0.0033425
0.0024276 0.0039727 0.80571 7.0292e-07 0.0032832
0.0024243 0.0039741 0.8055 6.934e-07 0.0032259
0.0024211 0.0039755 0.8053 6.8557e-07 0.0031701
0.0024179 0.003977 0.80511 6.7859e-07 0.0031153
0.0024147 0.0039786 0.80492 6.7299e-07 0.0030618
0.0024115 0.0039802 0.80473 6.6365e-07 0.0030079
0.0024083 0.0039818 0.80455 6.5575e-07 0.0029553
0.0024051 0.0039835 0.80437 6.3846e-07 0.0029042
0.0024019 0.0039852 0.8042 6.2304e-07 0.0028545
0.0023987 0.0039869 0.80403 6.0292e-07 0.002804
0.0023955 0.0039887 0.80387 5.8491e-07 0.0027529
0.0023923 0.0039906 0.80371 5.6939e-07 0.0027034
0.0023891 0.0039926 0.80356 5.5621e-07 0.0026553
0.0023859 0.0039945 0.80341 5.3825e-07 0.0026088
0.0023827 0.0039964 0.80326 5.1697e-07 0.0025621
0.0023796 0.0039983 0.80311 4.9596e-07 0.0025161
0.0023764 0.0040002 0.80296 4.7207e-07 0.00247
0.0023732 0.0040022 0.80282 4.4881e-07 0.0024247
0.00237 0.0040042 0.80267 4.2231e-07 0.0023792
0.0023668 0.0040061 0.80253 3.9267e-07 0.0023336
0.0023636 0.0040081 0.80239 3.636e-07 0.0022888
0.0023604 0.0040101 0.80225 3.3131e-07 0.0022438
0.0023573 0.0040121 0.80211 2.9588e-07 0.0021987
0.0023541 0.0040141 0.80197 2.6057e-07 0.0021543
0.0023509 0.0040161 0.80184 2.2205e-07 0.0021097
0.0023476 0.0040181 0.8017 1.8029e-07 0.0020649
0.0023444 0.0040201 0.80156 1.3908e-07 0.0020209
0.0023412 0.0040221 0.80144 9.3824e-08 0.0019766
0.002338 0.0040241 0.80132 6.3633e-08 0.0019315
0.0023348 0.0040262 0.8012 7.1159e-08 0.0018888
0.0023315 0.0040282 0.80107 7.542e-08 0.0018455
0.0023282 0.0040301 0.80104 7.9162e-08 0.0018037
0.002325 0.0040321 0.80102 8.1495e-08 0.0017626
0.0023217 0.0040341 0.80099 8.1097e-08 0.0017213
0.0023184 0.0040361 0.80096 7.7968e-08 0.0016798
0.0023152 0.004038 0.80093 7.2109e-08 0.0016381
0.0023119 0.00404 0.8009 6.3516e-08 0.0015962
0.0023086 0.0040419 0.80087 5.2154e-08 0.0015541
0.0023053 0.0040438 0.80083 3.8073e-08 0.0015117
0.002302 0.0040457 0.8008 5.8665e-08 0.0014692
0.0022986 0.0040475 0.80077 7.6482e-08 0.0014265
0.0022953 0.0040494 0.80074 9.3152e-08 0.0013845
0.002292 0.0040513 0.80071 1.0697e-07 0.0013423
0.0022887 0.0040532 0.80069 2.2555e-07 0.0013366
0.0022854 0.004055 0.80066 3.3972e-07 0.001331
0.0022821 0.0040569 0.80064 4.5853e-07 0.0013254
0.0022787 0.0040588 0.80062 5.7321e-07 0.0013198
0.0022754 0.0040607 0.8006 6.8376e-07 0.0013142
0.0022721 0.0040625 0.80058 7.9023e-07 0.0013086
0.0022688 0.0040644 0.80056 9.0145e-07 0.0013031
0.0022654 0.0040663 0.80055 1.0167e-06 0.0012977
0.0022621 0.0040683 0.80053 1.1274e-06 0.0012922
0.0022588 0.0040702 0.80051 1.2339e-06 0.0012868
0.0022554 0.0040722 0.8005 1.3457e-06 0.0012814
0.0022521 0.0040741 0.80048 1.4522e-06 0.001276
0.0022487 0.004076 0.80047 1.5506e-06 0.0012709
0.0022454 0.004078 0.80045 1.661e-06 0.001266
0.0022421 0.00408 0.80045 1.7832e-06 0.0012613
0.0022388 0.0040822 0.80046 1.9162e-06 0.0012568
0.0022354 0.0040843 0.80046 2.0444e-06 0.0012522
0.0022321 0.0040865 0.80047 2.1797e-06 0.0012478
0.0022288 0.0040888 0.80049 2.3224e-06 0.0012435
0.0022255 0.0040911 0.80051 2.473e-06 0.0012394
0.0022222 0.0040934 0.80052 2.6184e-06 0.0012352
0.0022189 0.0040956 0.80054 2.7584e-06 0.0012309
0.0022156 0.0040979 0.80056 2.9051e-06 0.0012268
0.0022123 0.0041003 0.80059 3.0588e-06 0.0012228
0.002209 0.0041027 0.80062 3.2198e-06 0.0012188
0.0022056 0.0041051 0.80065 3.3756e-06 0.0012149
0.0022023 0.0041075 0.80068 3.5259e-06 0.0012109
0.002199 0.0041098 0.80071 3.6693e-06 0.0012068
0.0021957 0.0041122 0.80074 3.8204e-06 0.0012028
0.0021923 0.0041146 0.80077 3.9661e-06 0.0011988
0.002189 0.0041171 0.80081 3.8663e-06 0.0011948
0.0021857 0.0041196 0.80085 3.7738e-06 0.0011909
0.0021823 0.004122 0.80089 3.6762e-06 0.0011869
0.002179 0.0041246 0.80094 3.5865e-06 0.0011831
0.0021756 0.0041271 0.80098 3.4872e-06 0.0011791
0.0021723 0.0041295 0.80102 3.6631e-06 0.0011755
0.0021689 0.004132 0.80058 3.8554e-06 0.0011721
0.0021656 0.0041347 0.80014 4.0693e-06 0.0011689
0.0021623 0.0041373 0.79972 4.2958e-06 0.0011657
0.0021589 0.0041401 0.7993 4.5344e-06 0.0011627
0.0021556 0.0041428 0.79888 4.7682e-06 0.0011596
0.0021523 0.0041455 0.79847 5.0159e-06 0.0011566
0.0021489 0.0041484 0.79806 4.9574e-06 0.0011538
0.0021456 0.0041512 0.79766 4.9058e-06 0.001151
0.0021423 0.0041541 0.79726 4.8493e-06 0.0011482
0.002139 0.004157 0.79687 4.7997e-06 0.0011455
0.0021357 0.00416 0.79649 4.7555e-06 0.0011429
0.0021323 0.004163 0.79611 4.7169e-06 0.0011404
0.002129 0.0041661 0.79573 4.6892e-06 0.001138
0.0021257 0.0041692 0.79534 4.6564e-06 0.0011356
0.0021224 0.0041723 0.79495 4.6187e-06 0.0011332
0.0021191 0.0041754 0.79458 4.5876e-06 0.0011307
0.0021158 0.0041785 0.7942 4.5519e-06 0.0011282
0.0021124 0.0041817 0.79382 4.5225e-06 0.0011258
0.0021091 0.0041849 0.79345 4.4884e-06 0.0011233
0.0021058 0.0041881 0.79308 4.4591e-06 0.0011209
0.0021024 0.0041913 0.79272 4.4348e-06 0.0011185
0.0020991 0.0041946 0.79236 4.4154e-06 0.0011163
0.0020958 0.0041979 0.79201 4.3912e-06 0.001114
0.0020925 0.0042012 0.79166 4.3624e-06 0.0011116
0.0020891 0.0042045 0.79131 4.3383e-06 0.0011094
0.0020858 0.0042078 0.79097 4.3095e-06 0.0011071
0.0020824 0.0042111 0.79062 4.276e-06 0.0011048
0.0020791 0.0042144 0.79028 4.2487e-06 0.0011026
0.0020758 0.0042178 0.78995 4.2281e-06 0.0011005
0.0020724 0.0042212 0.78961 4.1989e-06 0.0010985
0.0020691 0.0042246 0.78929 4.1806e-06 0.0010967
0.0020658 0.0042281 0.78895 4.1542e-06 0.0010949
0.0020625 0.0042314 0.78862 4.1198e-06 0.0010929
0.0020591 0.004235 0.7883 4.0961e-06 0.0010911
0.0020558 0.0042387 0.78798 4.0805e-06 0.0010895
0.0020525 0.0042423 0.78766 4.0568e-06 0.0010877
0.0020491 0.0042459 0.78734 4.0246e-06 0.0010859
0.0020458 0.0042494 0.78701 3.9838e-06 0.001084
0.0020425 0.004253 0.7867 3.9525e-06 0.0010822
0.0020391 0.0042565 0.78637 3.9117e-06 0.0010803
0.0020357 0.00426 0.78605 3.8615e-06 0.0010783
0.0020324 0.0042636 0.78573 3.8228e-06 0.0010765
0.002029 0.0042672 0.78541 3.7747e-06 0.0010746
0.0020257 0.0042708 0.7851 3.7379e-06 0.0010727
0.0020223 0.0042745 0.78479 3.6927e-06 0.0010706
0.0020189 0.004278 0.78447 3.6389e-06 0.0010684
0.0020155 0.0042816 0.78416 3.5938e-06 0.0010662
0.0020121 0.0042853 0.78386 3.5534e-06 0.001064
0.0020087 0.0042891 0.78356 3.5185e-06 0.001062
0.0020053 0.0042928 0.78326 3.4791e-06 0.0010599
0.0020019 0.0042966 0.78296 3.4352e-06 0.0010578
0.0019985 0.0043003 0.78267 3.3967e-06 0.0010557
0.0019951 0.0043041 0.78238 3.3536e-06 0.0010537
0.0019917 0.0043079 0.78209 3.3161e-06 0.0010517
0.0019883 0.0043004 0.78181 3.2869e-06 0.0010497
0.0019849 0.004293 0.78154 3.2675e-06 0.0010478
0.0019815 0.0042856 0.78127 3.2416e-06 0.0010458
0.0019781 0.0042783 0.78101 3.223e-06 0.001044
0.0019747 0.0042709 0.78075 3.1987e-06 0.0010421
0.0019713 0.0042637 0.78049 3.1815e-06 0.0010404
0.0019679 0.0042565 0.78024 3.174e-06 0.0010388
0.0019645 0.0042495 0.78001 3.1761e-06 0.0010373
0.0019611 0.0042424 0.77977 3.1698e-06 0.0010358
0.0019577 0.0042353 0.77952 3.1577e-06 0.0010342
0.0019543 0.0042283 0.77929 3.1503e-06 0.0010327
0.0019509 0.0042212 0.77905 3.1376e-06 0.0010312
0.0019475 0.0042142 0.77882 3.13e-06 0.0010298
0.0019441 0.0042074 0.77859 2.9589e-06 0.0010285
0.0019407 0.0042006 0.77838 2.8049e-06 0.0010274
0.0019373 0.004194 0.77818 2.6666e-06 0.0010264
0.001934 0.0041875 0.77799 2.5428e-06 0.0010256
0.0019306 0.0041809 0.77779 2.4092e-06 0.0010246
0.0019272 0.0041743 0.77759 2.2656e-06 0.0010237
0.0019239 0.0041678 0.7774 2.1363e-06 0.0010228
0.0019205 0.0041612 0.7772 1.9963e-06 0.0010219
0.0019171 0.0041546 0.777 1.8457e-06 0.0010209
0.0019137 0.0041479 0.7768 1.6885e-06 0.0010201
0.0019104 0.0041414 0.77661 1.5458e-06 0.0010193
0.001907 0.0041349 0.77642 1.4164e-06 0.0010188
0.0019036 0.0041284 0.77624 1.2769e-06 0.0010182
0.0019002 0.004122 0.77606 1.1479e-06 0.0010174
0.0018968 0.0041156 0.77587 1.0099e-06 0.0010166
0.0018934 0.0041092 0.7757 8.7717e-07 0.0010159
0.00189 0.0041028 0.77552 7.3973e-07 0.0010152
0.0018866 0.0040965 0.77534 6.0711e-07 0.0010145
0.0018832 0.0040901 0.77517 4.7009e-07 0.0010138
0.0018798 0.0040837 0.775 4.9141e-07 0.001013
0.0018764 0.0040774 0.77483 5.1292e-07 0.0010124
0.001873 0.0040711 0.77465 5.3117e-07 0.0010117
0.0018696 0.0040648 0.77449 5.501e-07 0.0010111
0.0018662 0.0040586 0.77433 5.6984e-07 0.0010105
0.0018628 0.0040524 0.77417 5.8609e-07 0.00101
0.0018593 0.0040462 0.77401 6.0402e-07 0.0010095
0.0018559 0.0040402 0.77387 6.25e-07 0.0010092
0.0018525 0.0040341 0.77372 6.4112e-07 0.0010088
0.001849 0.004028 0.77357 6.5242e-07 0.0010083
0.0018456 0.004022 0.77343 6.6677e-07 0.001008
0.0018422 0.0040159 0.77328 6.7601e-07 0.0010076
0.0018387 0.00401 0.77314 6.8825e-07 0.0010073
0.0018353 0.0040041 0.77301 7.0367e-07 0.0010072
0.0018319 0.0039982 0.77288 7.1409e-07 0.001007
0.0018284 0.0039922 0.77287 7.1952e-07 0.0010067
0.001825 0.0039864 0.77286 7.282e-07 0.0010066
0.0018216 0.0039805 0.77285 7.3165e-07 0.0010064
0.0018182 0.0039747 0.77199 7.3664e-07 0.0010062
0.0018147 0.0039688 0.77114 7.3818e-07 0.0010061
0.0018113 0.003963 0.77029 7.404e-07 0.001006
0.0018079 0.0039572 0.76944 7.391e-07 0.0010059
0.0018044 0.0039516 0.7686 7.3907e-07 0.0010059
0.001801 0.0039459 0.76776 7.3502e-07 0.0010058
0.0017975 0.0039401 0.76692 7.2693e-07 0.0010056
0.0017941 0.0039345 0.76609 7.2131e-07 0.0010056
0.0017906 0.003929 0.76528 7.1889e-07 0.0010055
0.0017872 0.0039234 0.76447 7.128e-07 0.0010054
0.0017837 0.0039179 0.76367 7.076e-07 0.0010053
0.0017802 0.0039124 0.76286 6.99e-07 0.0010053
0.0017768 0.0039069 0.76207 6.9139e-07 0.0010053
0.0017733 0.0039015 0.76128 6.8051e-07 0.0010052
0.0017698 0.0038961 0.7605 6.7013e-07 0.0010053
0.0017664 0.0038907 0.75973 6.604e-07 0.0010054
0.0017629 0.0038855 0.75897 6.5214e-07 0.0010056
0.0017594 0.0038803 0.7582 6.3976e-07 0.0010057
0.001756 0.0038751 0.75745 6.2956e-07 0.001006
0.0017525 0.0038701 0.75672 7.1208e-07 0.0010062
0.001749 0.0038651 0.75601 8.0003e-07 0.0010065
0.0017456 0.0038601 0.75528 8.8119e-07 0.0010068
0.0017421 0.003855 0.75455 9.5523e-07 0.0010069
0.0017386 0.0038501 0.75384 1.0372e-06 0.0010072
0.0017351 0.0038452 0.75315 1.1276e-06 0.0010075
0.0017316 0.0038404 0.75246 1.2217e-06 0.0010078
0.0017281 0.0038357 0.75179 1.3194e-06 0.0010081
0.0017246 0.0038309 0.75111 1.413e-06 0.0010085
0.0017211 0.0038262 0.75044 1.5105e-06 0.0010087
0.0017176 0.0038215 0.74977 1.6036e-06 0.0010088
0.0017141 0.0038167 0.7491 1.6923e-06 0.001009
0.0017106 0.003812 0.74844 1.7848e-06 0.0010092
0.0017071 0.0038073 0.74777 1.8732e-06 0.0010094
0.0017036 0.0038026 0.7471 1.9572e-06 0.0010095
0.0017001 0.0037979 0.74645 1.8673e-06 0.0010098
0.0016965 0.0037933 0.7458 1.7814e-06 0.0010101
0.001693 0.0037887 0.74515 1.691e-06 0.0010103
0.0016895 0.0037841 0.74452 1.6084e-06 0.0010107
0.001686 0.0037797 0.74389 1.5309e-06 0.0010112
0.0016825 0.0037752 0.74328 1.4566e-06 0.0010118
0.001679 0.0037709 0.74267 1.3863e-06 0.0010125
0.0016755 0.0037665 0.74207 1.3197e-06 0.0010132
0.001672 0.0037623 0.74149 1.2566e-06 0.001014
0.0016685 0.003758 0.7409 1.1892e-06 0.0010148
0.001665 0.0037537 0.74031 1.1176e-06 0.0010155
0.0016615 0.0037494 0.74057 1.0958e-06 0.0010162
0.001658 0.0037451 0.74085 1.079e-06 0.001017
0.0016545 0.0037408 0.74112 1.0565e-06 0.0010179
0.0016509 0.0037365 0.74139 1.0278e-06 0.0010188
0.0016474 0.0037324 0.74166 1.0041e-06 0.0010198
0.0016439 0.0037282 0.74194 9.7676e-07 0.0010208
0.0016404 0.0037241 0.74222 9.5071e-07 0.0010219
0.0016369 0.0037201 0.74251 9.2588e-07 0.001023
0.0016334 0.003716 0.7428 8.9751e-07 0.0010241
0.0016299 0.003712 0.74309 8.7022e-07 0.0010253
0.0016264 0.003708 0.74338 8.394e-07 0.0010264
0.0016228 0.003704 0.74368 8.0963e-07 0.0010277
0.0016193 0.0037 0.74397 7.763e-07 0.0010288
0.0016158 0.0036961 0.74428 7.4544e-07 0.00103
0.0016122 0.0036922 0.74459 7.1753e-07 0.0010312
0.0016087 0.0036885 0.74492 6.9241e-07 0.0010326
0.0016052 0.0036848 0.74525 6.7009e-07 0.0010281
0.0016017 0.0036811 0.74558 6.423e-07 0.0010235
0.0015982 0.0036774 0.7459 6.1723e-07 0.0010191
0.0015946 0.0036738 0.74623 5.9553e-07 0.0010149
0.0015911 0.0036703 0.74657 5.7001e-07 0.0010107
0.0015875 0.0036667 0.74691 5.4592e-07 0.0010066
0.001584 0.0036633 0.74659 5.2268e-07 0.0010026
0.0015805 0.0036599 0.74628 5.0022e-07 0.00099866
0.001577 0.0036565 0.74598 4.7843e-07 0.00099488
0.0015734 0.0036532 0.74569 4.5682e-07 0.0009912
0.0015699 0.0036499 0.74539 4.3197e-07 0.00098747
0.0015664 0.0036466 0.7451 4.0767e-07 0.00098386
0.0015628 0.0036433 0.74481 3.8024e-07 0.00098021
0.0015593 0.0036401 0.74452 3.5289e-07 0.00097665
0.0015558 0.0036368 0.74424 3.2234e-07 0.00097305
0.0015522 0.0036336 0.74396 2.9182e-07 0.00096954
0.0015487 0.0036304 0.74367 2.5811e-07 0.000966
0.0015451 0.0036272 0.74339 2.2121e-07 0.00096242
0.0015416 0.003624 0.74311 1.8469e-07 0.00095894
0.001538 0.0036208 0.74284 1.45e-07 0.00095543
0.0015345 0.0036176 0.74257 1.0561e-07 0.00095202
0.0015309 0.0036145 0.74229 1.2668e-07 0.00094858
0.0015273 0.0036113 0.74203 1.4691e-07 0.00094523
0.0015238 0.0036083 0.74177 1.6637e-07 0.00094197
0.0015202 0.0036052 0.74151 1.8511e-07 0.00093881
0.0015167 0.0036022 0.74126 2.0315e-07 0.00093573
0.0015131 0.0035992 0.74101 2.1828e-07 0.00093261
0.0015095 0.0035963 0.74076 2.3275e-07 0.00092959
0.001506 0.0035933 0.74052 2.4423e-07 0.00092652
0.0015024 0.0035904 0.74028 2.5536e-07 0.00092355
0.0014988 0.0035875 0.74004 2.6588e-07 0.00092067
0.0014953 0.0035846 0.73981 2.734e-07 0.00091775
0.0014917 0.0035818 0.73958 2.8062e-07 0.00091492
0.0014881 0.003579 0.73936 2.8757e-07 0.00091219
0.0014846 0.0035762 0.73913 2.9151e-07 0.00090943
0.001481 0.0035735 0.73891 2.9519e-07 0.00090676
0.0014774 0.0035708 0.7387 2.9832e-07 0.00090417
0.0014739 0.0035681 0.73849 3.0123e-07 0.00090154
0.0014703 0.0035655 0.73829 3.0391e-07 0.00089901
0.0014667 0.0035629 0.73809 3.0364e-07 0.00089645
0.0014631 0.0035604 0.7379 3.0284e-07 0.00089396
0.0014595 0.0035578 0.7377 2.9901e-07 0.00089144
0.001456 0.0035552 0.73751 2.9465e-07 0.00088899
0.0014524 0.0035527 0.73731 2.8726e-07 0.00088652
0.0014488 0.0035502 0.73713 2.7967e-07 0.00088413
0.0014452 0.0035477 0.73695 2.7262e-07 0.00088188
0.0014416 0.0035454 0.73678 2.6569e-07 0.00087973
0.001438 0.003543 0.7366 2.552e-07 0.00087753
0.0014345 0.0035405 0.73642 2.4534e-07 0.00087546
0.0014309 0.003538 0.73626 2.3127e-07 0.00087329
0.0014273 0.0035356 0.7361 2.1829e-07 0.00087128
0.0014237 0.0035332 0.73593 2.0134e-07 0.00086942
0.0014201 0.0035307 0.73577 2.5295e-07 0.00086749
0.0014164 0.0035282 0.7356 2.9994e-07 0.00086548
0.0014128 0.0035257 0.73544 3.4977e-07 0.00086361
0.0014092 0.0035233 0.73528 3.952e-07 0.00086168
0.0014056 0.0035207 0.73511 4.3611e-07 0.00085969
0.0014019 0.0035183 0.73495 4.793e-07 0.00085763
0.0013983 0.0035159 0.7348 5.2391e-07 0.00085567
0.0013946 0.0035135 0.73465 5.6485e-07 0.00085367
0.001391 0.0035111 0.7345 6.0769e-07 0.00085176
0.0013873 0.0035088 0.73435 6.4696e-07 0.00084982
0.0013837 0.0035064 0.7342 6.8263e-07 0.00084785
0.00138 0.0034842 0.73406 7.21e-07 0.00084598
0.0013764 0.0034623 0.73393 7.6123e-07 0.00084421
0.0013727 0.0034402 0.73379 7.9713e-07 0.00084238
0.001369 0.0034181 0.73365 8.284e-07 0.00084065
0.0013653 0.0033959 0.7335 8.5503e-07 0.00083887
0.0013616 0.0033737 0.73337 8.7662e-07 0.00083702
0.0013579 0.0033517 0.73324 9.0136e-07 0.00083531
0.0013543 0.0033299 0.73313 9.3057e-07 0.00083374
0.0013506 0.0033083 0.73302 9.6445e-07 0.00083231
0.0013469 0.0032867 0.73291 9.9266e-07 0.00083079
0.0013432 0.003265 0.73279 1.0153e-06 0.0008292
0.0013395 0.0032435 0.73268 1.0427e-06 0.00082776
0.0013358 0.0032222 0.73259 1.0741e-06 0.00082643
0.0013321 0.0032009 0.73248 1.0993e-06 0.00082501
0.0013284 0.0031797 0.73239 1.1296e-06 0.00082374
0.0013247 0.0031591 0.73231 1.1643e-06 0.00082299
0.001321 0.0031386 0.73223 1.2044e-06 0.00081532
0.0013173 0.0031184 0.73216 1.2487e-06 0.00080787
0.0013136 0.0030983 0.7321 1.2973e-06 0.00080062
0.0013099 0.0030782 0.73204 1.3418e-06 0.00079332
0.0013062 0.0030582 0.73198 1.3895e-06 0.00078618
0.0013025 0.0030384 0.73193 1.4394e-06 0.00077917
0.0012987 0.0030186 0.73188 1.4855e-06 0.00077212
0.001295 0.0029988 0.73183 1.5339e-06 0.0007652
0.0012913 0.0029791 0.73178 1.5782e-06 0.00075823
0.0012876 0.0029594 0.73173 1.625e-06 0.00075138
0.0012839 0.0029398 0.73169 1.668e-06 0.0007445
0.0012802 0.0029202 0.73165 1.7136e-06 0.00073774
0.0012764 0.0029007 0.7316 1.7551e-06 0.00073093
0.0012727 0.0028813 0.73157 1.8001e-06 0.00072428
0.001269 0.002862 0.73154 1.8488e-06 0.00071777
0.0012652 0.0028426 0.73151 1.8914e-06 0.00071116
0.0012615 0.0028234 0.7315 1.9387e-06 0.00070477
0.0012578 0.0028044 0.73149 1.991e-06 0.00069854
0.001254 0.0027853 0.73148 2.0389e-06 0.00069227
0.0012503 0.0027662 0.73146 2.0824e-06 0.00068594
0.0012465 0.0027471 0.73145 2.1217e-06 0.00067956
0.0012428 0.0027281 0.73144 2.165e-06 0.00067333
0.001239 0.0027091 0.73143 2.2042e-06 0.00066705
0.0012353 0.00269 0.73142 2.2392e-06 0.00066073
0.0012315 0.0026711 0.73142 2.2781e-06 0.00065454
0.0012277 0.0026522 0.73141 2.313e-06 0.00064831
0.001224 0.0026332 0.73141 2.3573e-06 0.00064228
0.0012202 0.0026141 0.7314 2.3963e-06 0.00063618
0.0012164 0.002595 0.73138 2.4306e-06 0.00063002
0.0012126 0.0025761 0.73138 2.27e-06 0.00062402
0.0012088 0.0025571 0.73137 2.1029e-06 0.00061796
0.001205 0.002538 0.73136 1.9294e-06 0.00061184
0.0012012 0.0025189 0.73135 1.8334e-06 0.00060593
0.0011974 0.0024998 0.73134 1.7314e-06 0.00059993
0.0011936 0.0024808 0.73133 1.637e-06 0.00059412
0.0011898 0.002462 0.73133 1.5507e-06 0.00058846
0.001186 0.0024432 0.73133 1.4599e-06 0.00058276
0.0011822 0.0024243 0.73133 1.3647e-06 0.00057702
0.0011784 0.0024056 0.73133 1.2742e-06 0.0005714
0.0011746 0.002387 0.73134 1.188e-06 0.00056591
0.0011708 0.0023686 0.73136 1.105e-06 0.00056052
0.001167 0.0023501 0.73137 1.018e-06 0.00055509
0.0011632 0.0023317 0.73139 9.349e-07 0.00054978
0.0011593 0.0023135 0.73142 8.5554e-07 0.00054459
0.0011555 0.0022954 0.73145 7.8102e-07 0.00053954
0.0011517 0.0022773 0.73149 6.9942e-07 0.00053439
0.0011479 0.0022593 0.73154 6.233e-07 0.0005294
0.0011441 0.0022415 0.73159 5.5217e-07 0.00052457
0.0011403 0.0022238 0.73165 4.8492e-07 0.00051987
0.0011365 0.0022063 0.73171 4.2078e-07 0.00051531
0.0011327 0.002189 0.73177 3.604e-07 0.00051088
0.0011289 0.0021716 0.73184 2.9547e-07 0.0005064
0.0011251 0.0021541 0.7319 2.2589e-07 0.00050185
0.0011213 0.0021366 0.73196 2.37e-07 0.0004972
0.0011174 0.0021192 0.73202 2.4793e-07 0.00049267
0.0011136 0.0021019 0.73209 2.5823e-07 0.00048823
0.0011098 0.0020846 0.73216 2.6554e-07 0.00048375
0.0011059 0.0020672 0.73223 2.6993e-07 0.00047923
0.0011021 0.00205 0.7323 2.7399e-07 0.00047482
0.0010983 0.0020327 0.73238 2.7505e-07 0.0004705
0.0010944 0.0020155 0.73245 2.7319e-07 0.00046616
0.0010906 0.0019982 0.73252 2.6842e-07 0.00046178
0.0010867 0.001981 0.7326 2.6331e-07 0.0004575
0.0010829 0.001964 0.73268 2.5784e-07 0.00045331
0.001079 0.001947 0.73276 2.5171e-07 0.00044921
0.0010751 0.0019301 0.73285 2.426e-07 0.00044507
0.0010713 0.0019131 0.73293 2.3051e-07 0.0004409
0.0010674 0.0018961 0.73302 2.1551e-07 0.00043669
0.0010635 0.001879 0.7331 1.976e-07 0.00043245
0.0010596 0.0018621 0.73319 1.7931e-07 0.00042831
0.0010557 0.0018452 0.73328 1.5804e-07 0.00042413
0.0010519 0.0018282 0.73337 2.1413e-07 0.00041992
0.0010479 0.0018112 0.73345 2.6693e-07 0.00041568
0.001044 0.0017942 0.73354 3.1645e-07 0.00041141
0.0010401 0.0017773 0.73363 3.672e-07 0.00040723
0.0010362 0.0017606 0.73372 4.1878e-07 0.00040313
0.0010323 0.0017439 0.73382 4.7132e-07 0.00039911
0.0010284 0.0017273 0.73393 5.2495e-07 0.00039516
0.0010245 0.0017107 0.73403 5.7502e-07 0.00039118
0.0010205 0.0016942 0.73414 6.2687e-07 0.00038729
0.0010166 0.0016777 0.73425 6.7528e-07 0.00038337
0.0010127 0.0016613 0.73437 7.2559e-07 0.00037953
0.0010088 0.001645 0.73449 7.7804e-07 0.00037578
0.0010049 0.0016288 0.73462 8.3363e-07 0.00037213
0.0010009 0.0016126 0.73474 8.8432e-07 0.00036843
0.000997 0.0015966 0.73488 9.3892e-07 0.00036483
0.00099307 0.0015804 0.735 9.8742e-07 0.0003612
0.00098913 0.0015644 0.73514 1.0379e-06 0.00035763
0.00098519 0.0015485 0.73528 1.0902e-06 0.00035414
0.00098126 0.0015326 0.73542 1.1445e-06 0.00035071
0.00097732 0.0015169 0.73557 1.201e-06 0.00034734
0.00097339 0.0015012 0.73572 1.2597e-06 0.00034404
0.00096945 0.0014856 0.73588 1.3147e-06 0.00034071
0.0009655 0.00147 0.73604 1.3728e-06 0.00033746
0.00096156 0.0014545 0.7362 1.4343e-06 0.00033428
0.00095763 0.0014392 0.73637 1.4985e-06 0.00033117
0.00095368 0.0014238 0.73654 1.5587e-06 0.00032802
0.00094972 0.0014084 0.73671 1.6148e-06 0.00032485
0.00094577 0.001393 0.73688 1.6738e-06 0.00032173
0.0009418 0.0013777 0.73706 1.7288e-06 0.00031859
0.00093784 0.0013624 0.73723 1.7867e-06 0.00031551
0.00093387 0.0013473 0.73742 1.8479e-06 0.0003125
0.00092991 0.0013322 0.7376 1.9121e-06 0.00030954
0.00092594 0.0013171 0.73779 1.9722e-06 0.00030655
0.00092197 0.0013021 0.73798 2.0355e-06 0.00030362
0.00091799 0.0012871 0.73818 2.0946e-06 0.00030066
0.00091401 0.0012722 0.73837 2.1581e-06 0.00029777
0.00091002 0.0012574 0.73858 2.2281e-06 0.00029483
0.00090602 0.0012427 0.73879 2.3052e-06 0.00029185
0.00090201 0.001228 0.739 2.376e-06 0.00028882
0.00089799 0.0012135 0.73921 2.5369e-06 0.00028571
0.00089395 0.0011989 0.73941 2.687e-06 0.00028254
0.00088992 0.0011845 0.73962 2.8498e-06 0.00027947
0.00088587 0.0011699 0.73982 3.0016e-06 0.00027632
0.00088182 0.0011554 0.74003 3.1476e-06 0.00027315
0.00087776 0.0011408 0.74023 3.2878e-06 0.00026994
0.00087369 0.0011263 0.74044 3.4352e-06 0.00026679
0.00086962 0.0011118 0.74065 3.5772e-06 0.00026362
0.00086555 0.0010974 0.74086 3.7281e-06 0.00026051
0.00086148 0.0010831 0.74108 3.8865e-06 0.00025747
0.0008574 0.0010687 0.7413 4.0394e-06 0.00025439
0.00085332 0.0010544 0.74152 4.1866e-06 0.00025128
0.00084922 0.0010401 0.74174 4.3433e-06 0.00024815
0.00084512 0.0010259 0.74197 4.51e-06 0.00024508
0.00084103 0.0010118 0.74221 4.6873e-06 0.00024208
0.00083693 0.00099773 0.74244 4.8589e-06 0.00023905
0.00083283 0.00098372 0.74268 5.0416e-06 0.00023609
0.00082872 0.00096969 0.74292 5.218e-06 0.0002331
0.00082462 0.00095558 0.74317 5.418e-06 0.00023023
0.0008205 0.0009414 0.74342 5.6048e-06 0.00022729
0.00081637 0.00092714 0.74366 5.7771e-06 0.00022428
0.00081223 0.00091281 0.7439 5.9346e-06 0.0002212
0.00080809 0.00089863 0.74366 6.1129e-06 0.00021823
0.00080395 0.00088439 0.74342 6.2782e-06 0.0002152
0.00079978 0.00087052 0.74319 6.4652e-06 0.00021229
0.00079562 0.00085673 0.74296 6.6641e-06 0.00020943
0.00079146 0.00084305 0.74274 6.8774e-06 0.00020665
0.0007873 0.00082934 0.74252 7.0835e-06 0.00020379
0.00078313 0.0008157 0.7423 7.3011e-06 0.000201
0.00077896 0.00080216 0.74209 7.533e-06 0.00019826
0.00077478 0.00078861 0.74188 7.7584e-06 0.00019549
0.0007706 0.00077503 0.74167 7.9774e-06 0.0001927
0.00076641 0.00076143 0.74146 8.1894e-06 0.00018989
0.0007622 0.00074781 0.74124 8.3951e-06 0.00018705
0.000758 0.00073429 0.74104 8.6151e-06 0.00018427
0.0007538 0.00072085 0.74083 8.8501e-06 0.00018155
0.0007496 0.0007074 0.74063 9.0779e-06 0.0001788
0.00074538 0.00069392 0.74043 9.2991e-06 0.00017603
0.00074115 0.00068043 0.74022 9.5134e-06 0.00017323
0.00073691 0.00066708 0.74003 9.7553e-06 0.00017053
0.00073268 0.00065381 0.73984 1.0012e-05 0.00016788
0.00072843 0.00064052 0.73965 1.026e-05 0.00016521
0.00072417 0.00062721 0.73946 1.0501e-05 0.00016251
0.00071992 0.00061399 0.73927 1.0759e-05 0.00015987
0.00071566 0.00060086 0.73909 1.1035e-05 0.00015728
0.00071142 0.00058766 0.73891 1.1009e-05 0.00015478
0.00070715 0.0005744 0.73873 1.097e-05 0.00015221
0.0007029 0.00056126 0.73855 1.0947e-05 0.00014973
0.00069862 0.00054806 0.73836 1.0911e-05 0.00014718
0.00069434 0.00053479 0.73818 1.0862e-05 0.00014458
0.00069004 0.00052145 0.73799 1.08e-05 0.00014193
0.00068575 0.00050823 0.7378 1.0754e-05 0.00013935
0.00068144 0.00049495 0.73762 1.1343e-05 0.00013671
0.00067714 0.00048179 0.73744 1.1982e-05 0.00013416
0.00067284 0.00046875 0.73727 1.2677e-05 0.00013168
0.00066854 0.00045566 0.7371 1.3343e-05 0.00012915
0.00066423 0.00044268 0.73693 1.4062e-05 0.00012669
0.00065991 0.00042964 0.73676 1.475e-05 0.00012418
0.0006556 0.00041675 0.7366 1.5508e-05 0.00012176
0.00065127 0.00040379 0.73645 1.6192e-05 0.00011929
0.00064695 0.00039095 0.73631 1.6938e-05 0.00011689
0.00064263 0.00037823 0.73618 1.7747e-05 0.00011457
0.00063832 0.00036564 0.73605 1.8637e-05 0.00011232
0.000634 0.00036429 0.73592 1.9109e-05 0.00011172
0.00062966 0.00036293 0.73579 1.9567e-05 0.00011111
0.00062533 0.00036158 0.73567 2.0057e-05 0.00011053
0.000621 0.00036023 0.73555 1.994e-05 0.00010996
0.00061666 0.0003589 0.73544 1.9839e-05 0.00010941
0.00061232 0.00035756 0.73532 1.9732e-05 0.00010884
0.00060798 0.00035623 0.73522 1.9641e-05 0.0001083
0.00060364 0.00035491 0.73511 1.9566e-05 0.00010778
0.0005993 0.0003536 0.73502 1.9506e-05 0.00010729
0.00059496 0.0003523 0.73492 1.9462e-05 0.00010681
0.00059061 0.00035099 0.73483 1.941e-05 0.00010631
0.00058626 0.00034966 0.73474 1.9352e-05 0.0001058
0.0005819 0.00034835 0.73465 1.9309e-05 0.00010531
0.00057753 0.00034703 0.73456 1.9259e-05 0.0001048
0.00057317 0.00034572 0.73448 1.9224e-05 0.00010432
0.00056879 0.0003444 0.73439 1.9182e-05 0.00010382
0.00056442 0.00034308 0.73432 1.9156e-05 0.00010333
0.00056005 0.00034178 0.73424 1.9144e-05 0.00010287
0.00055568 0.00034049 0.73418 1.9148e-05 0.00010243
0.00055131 0.00033922 0.73412 1.9173e-05 0.00010202
0.00054692 0.00033792 0.73405 1.9184e-05 0.00010158
0.00054255 0.00033661 0.73399 1.9178e-05 0.00010118
0.00053817 0.00033532 0.73393 1.9194e-05 0.00010081
0.0005338 0.00033404 0.73388 1.9233e-05 0.00010047
0.00052942 0.00033275 0.73382 1.9256e-05 0.0001001
0.00052504 0.00033147 0.73378 1.9306e-05 9.9765e-05
0.00052064 0.00033018 0.73373 1.9343e-05 9.9399e-05
0.00051626 0.00032891 0.73369 1.9405e-05 9.9069e-05
0.00051187 0.00032765 0.73366 1.9488e-05 9.8769e-05
0.00050748 0.00032638 0.73362 1.9558e-05 9.844e-05
0.00050308 0.00032512 0.7336 1.9651e-05 9.8143e-05
0.00049867 0.00032384 0.73356 1.9726e-05 9.7812e-05
0.00049427 0.00032258 0.73354 1.9826e-05 9.7514e-05
0.00048985 0.0003213 0.73351 1.9907e-05 9.7181e-05
0.00048544 0.00032003 0.73349 1.9593e-05 9.688e-05
0.00048103 0.00031878 0.73348 1.9311e-05 9.6617e-05
0.00048444 0.00031752 0.73347 1.9013e-05 9.6328e-05
0.00048786 0.00031626 0.73346 1.8738e-05 9.606e-05
0.00049127 0.00031503 0.73345 1.8488e-05 9.5818e-05
0.00049467 0.00031377 0.73345 1.8227e-05 9.5554e-05
0.00049806 0.0003125 0.73344 1.7953e-05 9.5267e-05
0.00050145 0.00031125 0.73344 1.7704e-05 9.5006e-05
0.00050483 0.00031 0.73261 1.6342e-05 9.4766e-05
0.00050821 0.00030874 0.73177 1.4946e-05 9.4503e-05
0.00051159 0.0003075 0.73095 1.3639e-05 9.4265e-05
0.00051497 0.00030627 0.73012 1.2436e-05 9.4058e-05
0.00051834 0.00030502 0.72928 1.118e-05 9.382e-05
0.00052169 0.00030375 0.72843 1.1044e-05 9.3549e-05
0.00052504 0.0003025 0.7276 1.0929e-05 9.331e-05
0.00052838 0.00030123 0.72676 1.0797e-05 9.3036e-05
0.00053173 0.00029997 0.72594 1.0685e-05 9.2794e-05
0.00053506 0.00029874 0.72514 1.0637e-05 9.2518e-05
0.00053839 0.00029752 0.72435 1.0609e-05 9.228e-05
0.00054172 0.00029633 0.72359 1.06e-05 9.2079e-05
0.00054506 0.00029516 0.72285 1.0611e-05 9.1915e-05
0.0005484 0.000294 0.72212 1.0642e-05 9.1789e-05
0.00055175 0.00029287 0.72141 1.0689e-05 9.1692e-05
0.00055508 0.00029171 0.72069 1.0723e-05 9.1562e-05
0.00055841 0.00029057 0.71999 1.0774e-05 9.1463e-05
0.00056174 0.00028945 0.7193 1.0842e-05 9.1393e-05
0.00056508 0.00028834 0.71863 1.0931e-05 9.136e-05
0.0005684 0.00028722 0.71795 1.1007e-05 9.1297e-05
0.00057173 0.00028607 0.71727 1.1069e-05 9.1201e-05
0.00057506 0.00028495 0.71658 1.1148e-05 9.1135e-05
0.00057837 0.0002838 0.71588 1.1221e-05 9.105e-05
0.00058169 0.00028267 0.7152 1.1306e-05 9.0984e-05
0.000585 0.00028153 0.71453 1.1384e-05 9.0901e-05
0.0005883 0.00028037 0.71386 1.1456e-05 9.08e-05
0.00059159 0.00027922 0.71319 1.1537e-05 9.0713e-05
0.00059489 0.00027808 0.71254 1.1629e-05 9.0641e-05
0.00059818 0.00027694 0.71189 1.1731e-05 9.0582e-05
0.00060147 0.00027582 0.71125 1.1846e-05 9.0541e-05
0.00060475 0.00027468 0.71063 1.1953e-05 9.048e-05
0.00060803 0.00027355 0.71001 1.2077e-05 9.0444e-05
0.00061132 0.00027243 0.70941 1.2219e-05 9.0434e-05
0.0006146 0.00027134 0.70883 1.2387e-05 9.0461e-05
0.00061788 0.00027022 0.70824 1.2539e-05 9.0454e-05
0.00062115 0.00026913 0.70766 1.2717e-05 9.0484e-05
0.00062443 0.00026805 0.7071 1.2598e-05 9.0551e-05
0.00062772 0.00026699 0.70656 1.2503e-05 9.0654e-05
0.000631 0.00026595 0.70602 1.243e-05 9.0793e-05
0.0006343 0.00026493 0.70551 1.238e-05 9.0969e-05
0.00063757 0.00026389 0.70499 1.2317e-05 9.1115e-05
0.00064086 0.00026287 0.70448 1.2275e-05 9.1298e-05
0.00064412 0.00026187 0.70399 1.2255e-05 9.1517e-05
0.0006474 0.00026088 0.70351 1.2256e-05 9.1775e-05
0.00065066 0.00025992 0.70305 1.2279e-05 9.207e-05
0.00065392 0.00025897 0.7026 1.1978e-05 9.2403e-05
0.00065718 0.000258 0.70214 1.1658e-05 9.2767e-05
0.00066045 0.00025705 0.7017 1.1373e-05 9.317e-05
0.00066372 0.00025609 0.70125 1.1069e-05 9.3606e-05
0.00066699 0.00025513 0.70081 1.0794e-05 9.4074e-05
0.00067027 0.00025419 0.70039 1.0545e-05 9.4575e-05
0.00067355 0.00025327 0.69998 1.0321e-05 9.5109e-05
0.00067683 0.00025236 0.69958 1.0125e-05 9.5685e-05
0.0006801 0.00025147 0.69919 9.9553e-06 9.6225e-05
0.00068337 0.00025059 0.69881 9.8057e-06 9.6799e-05
0.00068662 0.00024974 0.69843 9.6404e-06 9.7338e-05
0.00068988 0.0002489 0.69804 9.4994e-06 9.7911e-05
0.00069315 0.00024807 0.69766 9.3769e-06 9.8519e-05
0.00069639 0.00024722 0.69728 9.2398e-06 9.9091e-05
0.00069965 0.00024639 0.69691 9.1244e-06 9.9706e-05
0.0007029 0.00024555 0.69654 8.996e-06 0.00010036
0.00070614 0.00024468 0.69616 8.8544e-06 0.00010097
0.00070937 0.00024383 0.69579 8.7309e-06 0.00010156
0.00071259 0.00024295 0.69541 8.593e-06 0.0001021
0.00071581 0.00024209 0.69505 8.4719e-06 0.00010269
0.00071901 0.00024121 0.69468 8.3388e-06 0.00010324
0.00072222 0.00024034 0.69432 8.223e-06 0.00010383
0.00072542 0.00023946 0.69396 8.0992e-06 0.00010448
0.00072861 0.00023858 0.6936 7.9857e-06 0.00010515
0.0007318 0.00023769 0.69324 7.8661e-06 0.0001058
0.00073498 0.00023681 0.69289 7.7571e-06 0.00010648
0.00073817 0.00023593 0.69255 7.6582e-06 0.00010717
0.00074135 0.00023506 0.69221 7.5692e-06 0.0001079
0.00074454 0.0002342 0.69189 7.488e-06 0.00010864
0.00074772 0.00023334 0.69156 7.4163e-06 0.0001094
0.00075089 0.00023247 0.69124 7.3391e-06 0.00011015
0.00075406 0.00023161 0.69092 7.2714e-06 0.00011092
0.00075723 0.00023074 0.69061 7.1983e-06 0.00011167
0.00076039 0.00022987 0.6903 7.1345e-06 0.00011245
0.00076355 0.00022899 0.68999 7.0656e-06 0.00011321
0.00076669 0.0002281 0.68967 6.9915e-06 0.00011396
0.00076983 0.00022722 0.68937 6.9247e-06 0.00011472
0.00077298 0.00022634 0.68907 6.8665e-06 0.00011551
0.00077611 0.00022545 0.68877 6.8033e-06 0.00011628
0.00077925 0.00022457 0.68848 6.7475e-06 0.00011707
0.00078237 0.00022367 0.68818 6.6851e-06 0.00011785
0.00078549 0.00022278 0.68789 6.6329e-06 0.00011865
0.00078862 0.00022191 0.68762 6.5966e-06 0.00011949
0.00079174 0.00022102 0.68734 6.5489e-06 0.0001203
0.00079484 0.00022011 0.68705 6.4897e-06 0.00012106
0.00079792 0.00021921 0.68677 6.446e-06 0.00012179
0.00080101 0.00021834 0.68651 6.4174e-06 0.00012256
0.00080409 0.00021744 0.68624 6.3774e-06 0.0001233
0.00086111 0.00019932 0.6814 5.4702e-06 0.00013657
0.00086405 0.00019832 0.68117 5.4171e-06 0.00013725
0.000867 0.00019733 0.68094 5.3784e-06 0.00013797
0.00087869 0.00019326 0.68001 5.1714e-06 0.00014066
0.0008816 0.00019224 0.67979 5.1296e-06 0.00014138
0.00088452 0.00019124 0.67958 5.1009e-06 0.00014214
0.00088745 0.00019026 0.67938 5.0853e-06 0.00014296
0.00089038 0.00018929 0.67919 4.8398e-06 0.00014383
0.00089332 0.00018833 0.67822 4.6193e-06 0.00014476
0.00089626 0.00018739 0.67513 4.4235e-06 0.00014574
0.00089918 0.00018642 0.672 4.213e-06 0.00014667
0.00090211 0.00018544 0.66884 3.9874e-06 0.00014757
0.00090505 0.00018447 0.66574 3.7807e-06 0.00014851
0.00090798 0.00018351 0.6627 3.5917e-06 0.0001495
0.00091091 0.00018253 0.65973 3.3901e-06 0.00015046
0.00091384 0.00018157 0.65682 3.2085e-06 0.00015147
0.00091675 0.00018059 0.65388 3.0133e-06 0.00015245
0.00091967 0.00017962 0.651 2.8374e-06 0.0001535
0.0009226 0.00017867 0.64819 2.6788e-06 0.0001546
0.00092551 0.00017769 0.64535 2.5081e-06 0.00015566
0.00092841 0.0001767 0.64258 2.3247e-06 0.00015668
0.00093132 0.00017573 0.63987 2.1584e-06 0.00015775
0.00093423 0.00017476 0.63722 2.0075e-06 0.00015879
0.00093714 0.00017381 0.63463 1.8707e-06 0.00015989
0.00094006 0.00017287 0.632 1.7451e-06 0.00016103
0.00094298 0.00017194 0.62943 1.6296e-06 0.00016224
0.00094591 0.00017103 0.6269 1.5266e-06 0.00016349
0.00094882 0.00017009 0.62435 1.4153e-06 0.00016471
0.00095174 0.00016917 0.62186 1.3146e-06 0.00016598
0.00095466 0.00016827 0.61942 1.2237e-06 0.00016733
0.00095759 0.00016734 0.61696 1.2919e-06 0.00016875
0.00096052 0.00016643 0.61454 1.3665e-06 0.00017022
0.00096346 0.00016553 0.61218 1.4497e-06 0.00017177
0.0009664 0.00016464 0.60986 1.5406e-06 0.00017337
0.00096933 0.00016373 0.60752 1.6237e-06 0.00017493
0.00097226 0.00016283 0.60523 1.7169e-06 0.00017656
0.00097518 0.00016192 0.60292 1.8021e-06 0.00017815
0.0009781 0.00016102 0.60066 1.8956e-06 0.00017979
0.00098103 0.00016013 0.59844 1.9999e-06 0.00018152
0.00098395 0.00015925 0.59627 2.0332e-06 0.00018319
0.00098687 0.00015838 0.59414 2.0744e-06 0.00018495
0.00098978 0.0001575 0.5912 2.1079e-06 0.00018665
0.0009927 0.00015659 0.58823 2.1346e-06 0.00018842
0.00099561 0.0001557 0.58532 2.1677e-06 0.00019027
0.00099854 0.00015482 0.58246 2.2073e-06 0.00019218
0.0010014 0.00015392 0.57958 2.2405e-06 0.00019405
0.0010044 0.00015303 0.57676 2.2816e-06 0.000196
0.0010073 0.00015216 0.57401 2.3315e-06 0.00019804
0.0010102 0.00015129 0.5713 2.3888e-06 0.00020015
0.0010131 0.00015043 0.56865 2.454e-06 0.00020234
0.0010161 0.00014956 0.56597 2.5114e-06 0.00020462
0.001019 0.0001487 0.56335 2.5787e-06 0.00020699
0.001022 0.00014785 0.56079 2.6566e-06 0.00020948
0.0010249 0.00014698 0.55821 2.7253e-06 0.00021192
0.0010278 0.00014612 0.55567 2.8033e-06 0.00021159
0.0010307 0.00014528 0.55318 2.8907e-06 0.00021131
0.0010337 0.00014444 0.55073 2.9881e-06 0.00021108
0.0010366 0.00014361 0.54834 2.939e-06 0.0002109
0.0010395 0.00014279 0.54601 2.8998e-06 0.00021068
0.0010425 0.00014195 0.54364 2.852e-06 0.00021042
0.0010454 0.00014113 0.54126 2.8122e-06 0.0002102
0.0010483 0.00014031 0.53892 2.78e-06 0.00021004
0.0010512 0.00013948 0.53656 2.7402e-06 0.00020983
0.0010542 0.00013865 0.53424 2.7081e-06 0.00020959
0.0010571 0.00013783 0.53198 2.6851e-06 0.0002094
0.00106 0.00013703 0.52976 2.6692e-06 0.00020927
0.0010629 0.00013621 0.52752 2.646e-06 0.0002091
0.0010658 0.00013537 0.52526 2.6153e-06 0.00020888
0.0010687 0.00013453 0.52304 2.5917e-06 0.00020872
0.0010716 0.00013369 0.52079 2.5601e-06 0.00020851
0.0010744 0.00013285 0.5186 2.5374e-06 0.00020826
0.0010773 0.00013202 0.51646 2.5232e-06 0.00020807
0.0010802 0.0001312 0.51436 2.5174e-06 0.00020795
0.0010831 0.0001304 0.51231 2.52e-06 0.00020788
0.0010859 0.00012958 0.51024 2.5147e-06 0.00020777
0.0010888 0.00012874 0.50814 2.5023e-06 0.00020762
0.0010917 0.0001279 0.50609 2.4966e-06 0.00020752
0.0010945 0.00012706 0.50402 2.4834e-06 0.00020748
0.0010974 0.00012619 0.50194 2.4635e-06 0.0002074
0.0011003 0.00012534 0.49989 2.4511e-06 0.00020738
0.0011031 0.00012447 0.49783 2.4321e-06 0.00020732
0.001106 0.00012361 0.49581 2.4206e-06 0.00020732
0.0011088 0.00012273 0.49379 2.4048e-06 0.0002073
0.0011117 0.00012187 0.49179 2.3929e-06 0.00020731
0.0011145 0.000121 0.48982 2.3847e-06 0.00020735
0.0011174 0.00012014 0.48788 2.3803e-06 0.00020742
0.0011202 0.00011926 0.48593 2.3718e-06 0.00020747
0.0011648 0.00010414 0.45482 1.8924e-06 0.00020697
0.0011676 0.00010314 0.45292 1.8487e-06 0.00020691
0.0011703 0.00010214 0.45103 1.8085e-06 0.00020687
0.001173 0.00010113 0.44915 1.7645e-06 0.00020682
0.0011757 0.00010011 0.44726 1.7167e-06 0.00020676
0.0011785 9.9093e-05 0.44539 1.6723e-06 0.00020672
0.0011812 9.8078e-05 0.44355 1.6311e-06 0.00020671
0.0011839 9.7065e-05 0.44174 1.5931e-06 0.00020674
0.0011866 9.6041e-05 0.43992 1.5512e-06 0.00020675
0.0011893 9.5005e-05 0.43809 1.505e-06 0.00020673
0.001192 9.3971e-05 0.43628 1.4616e-06 0.00020674
0.0011948 9.2939e-05 0.4345 1.4211e-06 0.00020679
0.0011975 9.191e-05 0.43275 1.3833e-06 0.00020686
0.0012002 9.0869e-05 0.43098 1.3414e-06 0.00020692
0.0012029 8.983e-05 0.42924 1.3021e-06 0.000207
0.0012056 8.8776e-05 0.42749 1.257e-06 0.00020705
0.0012082 8.7708e-05 0.42572 1.2065e-06 0.00020706
0.0012109 8.6648e-05 0.42399 1.1616e-06 0.00020713
0.0012136 8.5594e-05 0.4223 1.1214e-06 0.00020725
0.0012163 8.4524e-05 0.42058 1.0744e-06 0.00020733
0.001219 8.3457e-05 0.41889 1.0309e-06 0.00020744
0.0012216 8.2397e-05 0.41724 9.9142e-07 0.0002076
0.0012243 8.1339e-05 0.4156 9.5418e-07 0.0002078
0.001227 8.0283e-05 0.41399 9.1899e-07 0.00020803
0.0012297 7.923e-05 0.4124 8.8569e-07 0.00020829
0.0012324 7.8165e-05 0.41081 8.4881e-07 0.00020853
0.001235 7.7089e-05 0.40921 8.0834e-07 0.00020876
0.0012377 7.6015e-05 0.40763 7.6969e-07 0.00020901
0.0012404 7.4943e-05 0.40607 7.3272e-07 0.00020924
0.001243 7.3873e-05 0.40454 6.9732e-07 0.00020951
0.0012457 7.2792e-05 0.403 6.5837e-07 0.00020976
0.0012484 7.1712e-05 0.40148 6.2089e-07 0.00021003
0.001251 7.0633e-05 0.39998 5.8424e-07 0.00021034
0.0012536 6.9554e-05 0.3985 5.4832e-07 0.00021067
0.0012563 6.8464e-05 0.39701 5.0912e-07 0.00021099
0.0012589 6.7376e-05 0.39554 4.7109e-07 0.00021133
0.0012616 6.6277e-05 0.39407 4.2967e-07 0.00021166
0.0012642 6.5168e-05 0.39259 3.8497e-07 0.00021196
0.0012668 6.4058e-05 0.39114 3.4089e-07 0.00021229
0.0012694 6.2937e-05 0.38967 2.9328e-07 0.00021261
0.001272 6.1806e-05 0.38821 2.4227e-07 0.00021289
0.0012746 6.0663e-05 0.38673 1.8787e-07 0.00021316
0.0012772 5.9522e-05 0.38528 1.3457e-07 0.00021347
0.0012798 5.8382e-05 0.38385 8.2204e-08 0.0002138
0.0012824 5.7231e-05 0.38241 9.1578e-08 0.00021412
0.001285 5.6082e-05 0.38099 9.9836e-08 0.00021441
0.0012876 5.4932e-05 0.37959 1.0681e-07 0.00021473
0.0012902 5.3783e-05 0.37821 1.1253e-07 0.00021508
0.0012927 5.2623e-05 0.37682 1.155e-07 0.00021541
0.0012953 5.1452e-05 0.37543 1.1573e-07 0.00021572
0.0012979 5.0283e-05 0.37406 1.1489e-07 0.00021606
0.0013004 4.9115e-05 0.3727 1.1299e-07 0.00021644
0.001303 4.7948e-05 0.37137 1.1002e-07 0.00021685
0.0013056 4.6781e-05 0.37005 1.0577e-07 0.00021729
0.0013082 4.5603e-05 0.36872 9.8737e-08 0.00021775
0.0013107 4.6942e-05 0.36742 1.6635e-07 0.0002182
0.0013133 4.827e-05 0.36611 2.3041e-07 0.00021862
0.0013158 4.9587e-05 0.36479 2.9091e-07 0.00021903
0.0013184 5.0906e-05 0.3635 3.531e-07 0.00021946
0.0013209 5.2214e-05 0.3622 4.1173e-07 0.00021988
0.0013235 5.3523e-05 0.36091 4.7163e-07 0.00022032
0.001326 5.4821e-05 0.35963 5.2808e-07 0.00022075
0.0013285 5.6108e-05 0.35834 5.8096e-07 0.00022115
0.001331 5.7396e-05 0.35706 6.3511e-07 0.00022159
0.0013335 5.8673e-05 0.35578 6.8565e-07 0.000222
0.0013361 5.9952e-05 0.35452 7.3819e-07 0.00022245
0.0013386 6.1231e-05 0.35327 7.9226e-07 0.00022292
0.0013411 6.25e-05 0.35202 8.4261e-07 0.00022337
0.0013436 6.3769e-05 0.35078 8.9462e-07 0.00022385
0.0013461 6.5027e-05 0.34954 9.4262e-07 0.00022437
0.0013486 6.6273e-05 0.34829 9.8665e-07 0.00022486
0.0013511 6.7506e-05 0.34704 1.0262e-06 0.00022532
0.0013536 6.8742e-05 0.3458 1.0681e-06 0.00022582
0.0013561 6.9967e-05 0.34456 1.1064e-06 0.0002263
0.0013586 7.1193e-05 0.34334 1.1463e-06 0.00022681
0.001361 7.2408e-05 0.34211 1.1827e-06 0.0002273
0.0013635 7.3625e-05 0.3409 1.2214e-06 0.00022782
0.001366 7.4832e-05 0.33968 1.2566e-06 0.00022832
0.0013684 7.6042e-05 0.33849 1.2944e-06 0.00022886
0.0013709 7.724e-05 0.33729 1.3283e-06 0.00022938
0.0013734 7.844e-05 0.3361 1.3648e-06 0.00022993
0.0013758 7.9643e-05 0.33493 1.4035e-06 0.00023051
0.0013783 8.0847e-05 0.33378 1.4451e-06 0.00023113
0.0013808 8.2041e-05 0.33262 1.4828e-06 0.00023173
0.0013832 8.3236e-05 0.33147 1.5226e-06 0.00023236
0.0013857 8.4432e-05 0.33034 1.5647e-06 0.00023302
0.0013881 8.5629e-05 0.32923 1.6091e-06 0.00023371
0.0013906 8.6815e-05 0.32811 1.6498e-06 0.00023437
0.001393 8.7991e-05 0.32698 1.6867e-06 0.00023502
0.0013955 8.9168e-05 0.32587 1.726e-06 0.0002357
0.0013979 9.0346e-05 0.32478 1.7679e-06 0.00023641
0.0014004 9.1513e-05 0.32368 1.8056e-06 0.00023709
0.0014028 9.2684e-05 0.3226 1.8471e-06 0.00023782
0.0014052 9.3857e-05 0.32153 1.8917e-06 0.00023858
0.0014077 9.5018e-05 0.32045 1.9319e-06 0.00023932
0.0014101 9.6183e-05 0.31939 1.9761e-06 0.00024009
0.0014125 9.735e-05 0.31835 2.0237e-06 0.0002409
0.001415 9.8506e-05 0.3173 2.0669e-06 0.00024175
0.0014174 9.9664e-05 0.31627 2.1135e-06 0.00024264
0.0014199 0.00010083 0.31525 2.1653e-06 0.00024357
0.0014223 0.000102 0.31425 2.2222e-06 0.00024454
0.0014248 0.00010317 0.31326 2.2848e-06 0.00024557
0.0014272 0.00010433 0.31227 2.3402e-06 0.00024666
0.0014297 0.00010549 0.3113 2.4028e-06 0.00024782
0.0014321 0.00010667 0.31034 2.4726e-06 0.00024903
0.0014346 0.00010785 0.30937 2.5501e-06 0.00025031
0.0014371 0.00010901 0.30841 2.623e-06 0.00025155
0.0014395 0.00011019 0.30745 2.7002e-06 0.00025284
0.001442 0.00011134 0.30649 2.7727e-06 0.0002541
0.0014444 0.00011249 0.30552 2.8409e-06 0.00025534
0.0014469 0.00011363 0.30456 2.9046e-06 0.00025656
0.0014493 0.00011477 0.30361 2.9746e-06 0.00025783
0.0014517 0.0001159 0.30265 3.0379e-06 0.00025906
0.0014542 0.00011702 0.30169 3.0964e-06 0.00026026
0.0014566 0.00011814 0.30074 3.1595e-06 0.0002615
0.001459 0.00011924 0.29978 3.218e-06 0.00026272
0.0014614 0.00012036 0.29884 3.282e-06 0.00026398
0.0014638 0.00012147 0.29792 3.3519e-06 0.00026529
0.0014662 0.00012259 0.297 3.4265e-06 0.00026664
0.0014687 0.00012371 0.2961 3.5074e-06 0.00026803
0.0014711 0.00012483 0.29521 3.5943e-06 0.00026939
0.0014735 0.00012595 0.29432 3.6763e-06 0.00027073
0.0014759 0.00012707 0.29344 3.765e-06 0.00027211
0.0014783 0.00012819 0.29257 3.8594e-06 0.00027348
0.0014807 0.00012931 0.29172 3.961e-06 0.00027488
0.0014831 0.00013044 0.29087 4.0701e-06 0.00027634
0.0014855 0.00013155 0.29002 4.1741e-06 0.00027777
0.0014879 0.00013266 0.28917 4.2729e-06 0.00027918
0.0014903 0.00013375 0.28832 4.3664e-06 0.00028056
0.0014927 0.00013483 0.28746 4.4492e-06 0.00028189
0.0014951 0.00013589 0.28659 4.5219e-06 0.00028316
0.0014974 0.00013695 0.28573 4.6029e-06 0.00028449
0.0014998 0.00013802 0.28488 4.6916e-06 0.00028579
0.0015021 0.00013909 0.28405 4.7866e-06 0.00028713
0.0015045 0.00014017 0.28322 4.8896e-06 0.00028851
0.0015068 0.00014124 0.28241 4.9993e-06 0.00028994
0.0015092 0.00014232 0.28161 5.116e-06 0.0002914
0.0015116 0.00014341 0.28082 5.24e-06 0.00029291
0.0015139 0.00014448 0.28002 5.3589e-06 0.00029439
0.0015163 0.00014556 0.27924 5.4869e-06 0.00029592
0.0015186 0.00014664 0.27846 5.6244e-06 0.0002975
0.001521 0.00014772 0.2777 5.7721e-06 0.00029913
0.0015234 0.00014881 0.27695 5.9284e-06 0.0003008
0.0015257 0.0001499 0.27621 6.0937e-06 0.00030252
0.0015281 0.00015098 0.27546 6.2534e-06 0.00030421
0.0015304 0.00015205 0.27472 6.4074e-06 0.00030588
0.0015328 0.00015312 0.27398 6.5707e-06 0.00030759
0.0015351 0.0001542 0.27325 6.7456e-06 0.00030935
0.0015374 0.00015526 0.27252 6.9142e-06 0.00031109
0.0015398 0.00015634 0.27181 7.0949e-06 0.00031288
0.0015421 0.00015741 0.2711 7.2881e-06 0.00031473
0.0015445 0.00015847 0.27039 7.4748e-06 0.00031655
0.0015468 0.00015954 0.26969 7.6746e-06 0.00031842
0.0015492 0.00016062 0.269 7.8859e-06 0.00032034
0.0015515 0.00016169 0.26832 8.1091e-06 0.0003223
0.0015538 0.00016277 0.26764 8.3473e-06 0.00032432
0.0015562 0.00016385 0.26698 8.5987e-06 0.00032639
0.0015585 0.00016493 0.26632 8.8426e-06 0.00032843
0.0015609 0.00016599 0.26565 9.0791e-06 0.00033045
0.0015632 0.00016705 0.26499 9.3318e-06 0.00033252
0.0015655 0.00016812 0.26434 9.6012e-06 0.00033466
0.0015678 0.00016918 0.26369 9.8635e-06 0.00033676
0.0015702 0.00017025 0.26247 1.014e-05 0.00033892
0.0015725 0.0001713 0.26125 1.041e-05 0.00034105
0.0015748 0.00017236 0.26005 1.0698e-05 0.00034325
0.0015771 0.00017341 0.25884 1.0978e-05 0.00034541
0.0015794 0.00017446 0.25764 1.1274e-05 0.00034763
0.0015818 0.00017552 0.25647 1.159e-05 0.00034991
0.0015841 0.00017658 0.2553 1.1923e-05 0.00035224
0.0015864 0.00017763 0.25414 1.2248e-05 0.00035454
0.0015887 0.00017867 0.25296 1.2564e-05 0.00035682
0.001591 0.00017969 0.25182 1.2918e-05 0.00035919
0.0015933 0.00018069 0.25066 1.3249e-05 0.00036149
0.0015956 0.0001817 0.24953 1.3212e-05 0.00036389
0.0015979 0.00018269 0.24838 1.3165e-05 0.00036623
0.0016002 0.00018369 0.24726 1.3128e-05 0.00036863
0.0016025 0.00018468 0.24612 1.3085e-05 0.00037101
0.0016048 0.00018567 0.245 1.3053e-05 0.00037344
0.001607 0.00018665 0.24388 1.3014e-05 0.00037584
0.0016093 0.00018762 0.24275 1.2969e-05 0.00037822
0.0016116 0.0001886 0.24164 1.2936e-05 0.00038056
0.0016139 0.00018958 0.24055 1.2917e-05 0.00038298
0.0016161 0.00019055 0.23945 1.289e-05 0.00038537
0.0016184 0.00019152 0.23837 1.2875e-05 0.00038782
0.0016207 0.00019248 0.23728 1.2853e-05 0.00039023
0.0016229 0.00019345 0.23621 1.2841e-05 0.00039271
0.0016252 0.00019442 0.23515 1.2842e-05 0.00039526
0.0016274 0.00019538 0.23408 1.2836e-05 0.00039777
0.0016297 0.00019633 0.23302 1.2825e-05 0.00040026
0.0016319 0.00019729 0.23197 1.2825e-05 0.00040282
0.0016342 0.00019823 0.23091 1.2819e-05 0.00040534
0.0016364 0.00019917 0.22985 1.2806e-05 0.00040784
0.0016387 0.00020011 0.22881 1.2805e-05 0.00041041
0.0016409 0.00020105 0.22778 1.2817e-05 0.00041305
0.0016431 0.000202 0.22676 1.284e-05 0.00041556
0.0016454 0.00020296 0.22576 1.2875e-05 0.00041815
0.0016476 0.00020392 0.22477 1.292e-05 0.00042079
0.0016499 0.00020489 0.22379 1.2977e-05 0.00042351
0.0016521 0.00020586 0.22284 1.3051e-05 0.00042632
0.0016544 0.00020683 0.22187 1.3119e-05 0.0004291
0.0016566 0.0002078 0.22093 1.3199e-05 0.00043196
0.0016589 0.00020878 0.21999 1.3292e-05 0.00043489
0.0016611 0.00020974 0.21905 1.338e-05 0.00043779
0.0016634 0.00021071 0.21813 1.3478e-05 0.00044076
0.0016656 0.00021169 0.21721 1.3587e-05 0.00044379
0.0016679 0.00021265 0.21629 1.3689e-05 0.00044679
0.0016701 0.00021362 0.21538 1.3803e-05 0.00044985
0.0016724 0.00021458 0.21447 1.3909e-05 0.00045299
0.0016746 0.00021554 0.21357 1.4027e-05 0.00045619
0.0016769 0.00021651 0.21268 1.4161e-05 0.00045947
0.0016791 0.00021749 0.21179 1.4202e-05 0.00046269
0.0016813 0.00021846 0.21089 1.4234e-05 0.00046585
0.0016836 0.00021943 0.21 1.4277e-05 0.00046909
0.0016858 0.0002204 0.20911 1.4313e-05 0.0004723
0.001688 0.00022135 0.20821 1.4343e-05 0.00047548
0.0016902 0.00022231 0.20733 1.4384e-05 0.00047872
0.0016924 0.00022325 0.20644 1.4418e-05 0.00048193
0.0016946 0.00022419 0.20555 1.4444e-05 0.00048511
0.0016968 0.00022513 0.20467 1.4484e-05 0.00048838
0.0016991 0.00022607 0.2038 1.404e-05 0.00049173
0.0017013 0.00022704 0.20296 1.3643e-05 0.00049524
0.0017035 0.00022802 0.20213 1.3288e-05 0.0004989
0.0017058 0.00022902 0.20133 1.2965e-05 0.00050269
0.001708 0.00023002 0.20053 1.2673e-05 0.00050662
0.0017103 0.00023105 0.19976 1.2415e-05 0.00051071
0.0017125 0.00023209 0.19898 1.2138e-05 0.00051495
0.0017148 0.00023311 0.19819 1.1841e-05 0.0005191
0.001717 0.00023411 0.19739 1.1525e-05 0.00052315
0.0017193 0.00023512 0.1966 1.123e-05 0.00052732
0.0017216 0.00023614 0.19583 1.0955e-05 0.00053158
0.0017238 0.00023716 0.19506 1.0694e-05 0.00053593
0.0017261 0.00023817 0.1943 1.0426e-05 0.00054025
0.0017284 0.00023918 0.19354 1.0172e-05 0.00054465
0.0017306 0.00024019 0.19277 9.9108e-06 0.00054901
0.0017329 0.0002412 0.19202 9.6646e-06 0.00055347
0.0017351 0.00024219 0.19127 9.4085e-06 0.00055788
0.0017374 0.00024317 0.1905 9.3145e-06 0.00056218
0.0017396 0.00024416 0.18976 9.2404e-06 0.00056666
0.0017419 0.00024518 0.18903 9.1859e-06 0.00057105
0.0017441 0.0002462 0.18831 9.147e-06 0.0005756
0.0017464 0.00024724 0.18761 9.1231e-06 0.0005803
0.0017487 0.00024826 0.18691 9.0896e-06 0.00058493
0.0017509 0.00024927 0.1862 9.046e-06 0.00058948
0.0017532 0.00025029 0.1855 9.0151e-06 0.00059418
0.0017554 0.00025132 0.18482 8.9996e-06 0.00059906
0.0017577 0.00025236 0.18414 8.9958e-06 0.00060407
0.0017599 0.00025339 0.18347 8.9835e-06 0.00060901
0.0017622 0.00025443 0.1828 8.9852e-06 0.00061411
0.0017644 0.00025545 0.18213 8.9777e-06 0.00061913
0.0017667 0.00025649 0.18148 8.9847e-06 0.00062433
0.0017689 0.00025751 0.18081 8.9795e-06 0.00062941
0.0017712 0.00025854 0.18016 8.9859e-06 0.00063463
0.0017735 0.00025958 0.17952 9.0057e-06 0.00064002
0.0017757 0.00026061 0.17888 9.0197e-06 0.00064536
0.0017779 0.00026164 0.17825 9.0433e-06 0.00065083
0.0017802 0.00026269 0.17762 9.0765e-06 0.00065642
0.0017824 0.00026372 0.177 9.104e-06 0.00066197
0.0017847 0.00026476 0.17638 9.1413e-06 0.00066764
0.0017869 0.00026581 0.17577 9.1868e-06 0.00067342
0.0017892 0.00026684 0.17516 9.2265e-06 0.00067917
0.0017914 0.00026789 0.17456 9.2744e-06 0.00068502
0.0017937 0.00026892 0.17395 9.3163e-06 0.00069083
0.0017959 0.00026995 0.17335 9.3685e-06 0.00069677
0.0017982 0.000271 0.17277 9.4312e-06 0.00070285
0.0018004 0.00027206 0.17219 9.506e-06 0.00070909
0.0018027 0.00027312 0.17162 9.5941e-06 0.00071549
0.0018049 0.00027417 0.17104 9.6699e-06 0.00072212
0.0018072 0.00027524 0.17048 9.7633e-06 0.00072898
0.0018094 0.00027632 0.16993 9.8706e-06 0.00073601
0.0018117 0.00027737 0.16937 9.9672e-06 0.00074295
0.0018139 0.00027842 0.16881 1.0053e-05 0.00074978
0.0018161 0.00027944 0.16825 1.0128e-05 0.00075651
0.0018184 0.00028048 0.16769 1.0217e-05 0.00076344
0.0018206 0.0002815 0.1673 1.0176e-05 0.00076413
0.0018228 0.0002825 0.16691 1.0126e-05 0.00076477
0.001825 0.00028349 0.16652 1.0069e-05 0.00076538
0.0018272 0.00028447 0.16612 1.0004e-05 0.00076594
0.0018294 0.00028545 0.16574 9.9495e-06 0.00076658
0.0018317 0.00028644 0.16535 9.9078e-06 0.00076731
0.0018339 0.00028742 0.16497 9.8777e-06 0.00076811
0.0018361 0.00028838 0.16458 9.839e-06 0.00076887
0.0018383 0.00028936 0.1642 9.8154e-06 0.00076973
0.0018405 0.00029031 0.16382 9.7799e-06 0.00077052
0.0018427 0.00028839 0.16345 9.7602e-06 0.00077142
0.0018449 0.00028648 0.16308 9.7562e-06 0.00077243
0.0018472 0.0002846 0.16273 9.771e-06 0.00077358
0.0018494 0.00028269 0.16237 9.7727e-06 0.00077464
0.0018516 0.00028081 0.1618 9.7931e-06 0.00077584
0.0018539 0.00027895 0.16125 9.8294e-06 0.00077715
0.0018561 0.00027707 0.16069 9.8526e-06 0.00077838
0.0018584 0.00027516 0.16015 1.0591e-05 0.00077954
0.0018606 0.00027323 0.15959 1.1294e-05 0.0007963
0.0018628 0.00027133 0.15905 1.207e-05 0.00081366
0.0018651 0.00026946 0.15853 1.2927e-05 0.00083162
0.0018673 0.0002676 0.15802 1.3858e-05 0.00085012
0.0018695 0.00026576 0.15751 1.4113e-05 0.00086927
0.0018717 0.00026395 0.15702 1.4042e-05 0.00088898
0.001874 0.00026215 0.15654 1.399e-05 0.0009084
0.0018762 0.00026033 0.15606 1.3923e-05 0.00092749
0.0018784 0.00025849 0.15557 1.3843e-05 0.00094714
0.0018806 0.00025668 0.15509 1.3785e-05 0.00096646
0.0018828 0.00025488 0.15462 1.3747e-05 0.00098635
0.001885 0.00025311 0.15417 1.3732e-05 0.0010069
0.0018873 0.00025135 0.15372 1.3737e-05 0.0010281
0.0018895 0.00024962 0.15304 1.3763e-05 0.0010501
0.0018917 0.00024791 0.15238 1.3813e-05 0.0010728
0.001894 0.00024622 0.15174 1.3886e-05 0.0010963
0.0018962 0.00024451 0.15108 1.3944e-05 0.0011206
0.0018985 0.00024282 0.15044 1.4026e-05 0.0011458
0.0019008 0.00024111 0.1498 1.4093e-05 0.0011706
0.001903 0.00023941 0.14917 1.4181e-05 0.0011963
0.0019053 0.00023774 0.14855 1.4289e-05 0.0012227
0.0019076 0.00023609 0.14795 1.4424e-05 0.00125
0.0019098 0.00023441 0.14734 1.4543e-05 0.001277
0.0019121 0.00023276 0.14674 1.4688e-05 0.0013049
0.0019144 0.00023112 0.14616 1.4857e-05 0.0013337
0.0019167 0.00022947 0.14557 1.5009e-05 0.0013621
0.0019189 0.00022779 0.14497 1.5144e-05 0.00139
0.0019212 0.00022609 0.14437 1.5264e-05 0.0014176
0.0019234 0.00022442 0.14363 1.5411e-05 0.001446
0.0019257 0.00022276 0.14291 1.5586e-05 0.0014755
0.001928 0.00022112 0.1422 1.5788e-05 0.0015059
0.0019303 0.00021946 0.14149 1.597e-05 0.0015372
0.0019326 0.00021782 0.14079 1.6179e-05 0.0015694
0.0019349 0.00021619 0.1401 1.6414e-05 0.0015789
0.0019372 0.00021458 0.13943 1.6685e-05 0.0015889
0.0019395 0.000213 0.13877 1.6992e-05 0.0015992
0.0019419 0.00021142 0.13813 1.7333e-05 0.0016099
0.0019442 0.00020987 0.13751 1.7717e-05 0.0016204
0.0019465 0.00020834 0.13689 1.814e-05 0.0016312
0.0019488 0.00020681 0.13629 1.8604e-05 0.0016424
0.0019512 0.00020527 0.13568 1.904e-05 0.0016533
0.0019535 0.00020375 0.13509 1.9528e-05 0.0016647
0.0019558 0.00020224 0.13449 2.0062e-05 0.0016764
0.0019581 0.00020071 0.13387 2.0579e-05 0.0016886
0.0019604 0.00019916 0.13325 2.1065e-05 0.0017006
0.0019627 0.00019763 0.13265 2.1599e-05 0.0017129
0.001965 0.00019607 0.13203 2.21e-05 0.001725
0.0019672 0.0001945 0.13141 2.2571e-05 0.0017369
0.0019695 0.00019293 0.1308 2.3082e-05 0.0017491
0.0019718 0.00019138 0.1302 2.3629e-05 0.0017616
0.0019741 0.00018983 0.12961 2.4215e-05 0.0017744
0.0019764 0.00018829 0.12902 2.4838e-05 0.0017875
0.0019787 0.00018676 0.12845 2.5497e-05 0.0018009
0.001981 0.00018522 0.12787 2.6139e-05 0.0018141
0.0019833 0.00018369 0.1273 2.6835e-05 0.0018277
0.0019855 0.00018213 0.12672 2.7491e-05 0.0018411
0.0019878 0.0001806 0.12616 2.822e-05 0.001855
0.0019901 0.00017908 0.12561 2.903e-05 0.0018694
0.0019925 0.00017758 0.12508 2.9929e-05 0.0018843
0.0019948 0.0001761 0.12456 3.0924e-05 0.0018997
0.0019971 0.0001746 0.12403 3.1866e-05 0.0019157
0.0019995 0.00017312 0.12351 3.2909e-05 0.0019322
0.0020018 0.00017165 0.12301 3.4046e-05 0.0019493
0.0020042 0.00017019 0.12251 3.5286e-05 0.0019669
0.0020065 0.00016875 0.12201 3.6463e-05 0.0019853
0.0020089 0.00016733 0.12153 3.7766e-05 0.0020044
0.0020113 0.00016591 0.12105 3.9185e-05 0.0020241
0.0020136 0.00016448 0.12057 4.0525e-05 0.0020445
0.002016 0.00016307 0.1201 4.1988e-05 0.0020646
0.0020183 0.00016163 0.11962 4.3369e-05 0.0020843
0.0020207 0.00016021 0.11915 4.4896e-05 0.0021047
0.0020231 0.0001588 0.11869 4.6583e-05 0.0021248
0.0020254 0.00015738 0.11823 4.8185e-05 0.0021456
0.0020278 0.00015593 0.11777 4.9703e-05 0.0021661
0.0020302 0.00015451 0.11731 5.1382e-05 0.0021873
0.0020325 0.00015306 0.11685 5.2651e-05 0.0022081
0.0020349 0.00015163 0.1164 5.4057e-05 0.0022296
0.0020372 0.00015021 0.11596 5.5612e-05 0.002252
0.0020396 0.00014878 0.11552 5.7096e-05 0.0022751
0.002042 0.00014736 0.11509 5.8713e-05 0.0022989
0.0020444 0.00014592 0.11465 6.0256e-05 0.0023224
0.0020468 0.00014449 0.11422 6.1963e-05 0.0023467
0.0020491 0.00014305 0.11378 6.3582e-05 0.0023706
0.0020515 0.00014162 0.11336 6.5372e-05 0.0023953
0.0020539 0.00014021 0.11295 6.7352e-05 0.0024209
0.0020563 0.00013878 0.11253 6.9237e-05 0.0024461
0.0020587 0.00013736 0.11213 7.1291e-05 0.0024709
0.0020611 0.00013595 0.11173 7.3528e-05 0.0024965
0.0020635 0.00013456 0.11135 7.4657e-05 0.0025033
0.002066 0.00013318 0.11097 7.5913e-05 0.0025105
0.0020684 0.00013179 0.11059 7.71e-05 0.0025179
0.0020708 0.00013037 0.11021 7.8233e-05 0.0025252
0.0020733 0.00012897 0.10983 7.9477e-05 0.0025327
0.0020757 0.00012758 0.10946 7.9608e-05 0.0025406
0.0020781 0.00012617 0.10909 7.9711e-05 0.0025488
0.0020806 0.00012477 0.10872 7.9867e-05 0.0025573
0.0020831 0.00012338 0.10836 8.0071e-05 0.0025661
0.0020855 0.00012198 0.10798 8.0246e-05 0.0025748
0.002088 0.00012056 0.10761 8.0395e-05 0.0025833
0.0020904 0.00011915 0.10724 8.0592e-05 0.0025921
0.0020929 0.00011772 0.10687 8.0753e-05 0.0026008
0.0020953 0.0001163 0.1065 8.0954e-05 0.0026096
0.0020977 0.00011486 0.10613 8.1134e-05 0.0026184
0.0021002 0.00011343 0.10577 8.1352e-05 0.0026274
0.0021026 0.000112 0.10541 8.16e-05 0.0026366
0.0021051 0.00011057 0.10506 8.1879e-05 0.002646
0.0021075 0.00010914 0.1047 8.2145e-05 0.0026553
0.00211 0.00010771 0.10435 8.2449e-05 0.0026649
0.0021124 0.00010628 0.10401 8.2784e-05 0.0026747
0.0021148 0.00010484 0.10366 8.3106e-05 0.0026844
0.0021173 0.0001034 0.10332 8.3467e-05 0.0026943
0.0021197 0.00010197 0.10298 8.3864e-05 0.0027045
0.0021221 0.00010053 0.10264 8.4236e-05 0.0027145
0.0021246 9.9085e-05 0.10231 8.4655e-05 0.0027248
0.002127 0.00010055 0.10198 8.5037e-05 0.0027349
0.0021294 0.00010202 0.10167 8.5492e-05 0.0027448
0.0021318 0.0001035 0.10136 8.6007e-05 0.0027551
0.0021342 0.00010499 0.10105 8.6585e-05 0.0027657
0.0021367 0.00010649 0.10074 8.7207e-05 0.0027765
0.0021391 0.00010797 0.10043 8.7813e-05 0.0027873
0.0021415 0.00010945 0.10012 8.8403e-05 0.002798
0.0021439 0.00011092 0.099809 8.9036e-05 0.0028089
0.0021463 0.0001124 0.099507 8.9713e-05 0.0028201
0.0021488 0.00011389 0.098975 9.0451e-05 0.0028315
0.0021512 0.00011537 0.09844 9.117e-05 0.0028429
0.0021536 0.00011685 0.097912 9.1935e-05 0.0028545
0.002156 0.00011833 0.09739 9.1492e-05 0.0028664
0.0021584 0.0001198 0.096866 9.1033e-05 0.0028781
0.0021609 0.00012128 0.09635 9.0618e-05 0.0028902
0.0021633 0.00012276 0.09584 8.773e-05 0.0029021
0.0021657 0.00012423 0.095328 8.4794e-05 0.002914
0.0021681 0.00012569 0.094814 8.1808e-05 0.0029258
0.0021705 0.00012715 0.094308 7.8989e-05 0.0029379
0.0021729 0.0001286 0.093799 7.6123e-05 0.0029499
0.0021753 0.00013004 0.093288 7.3206e-05 0.0029619
0.0021777 0.0001315 0.092771 7.014e-05 0.0029735
0.00218 0.00013297 0.092267 6.7359e-05 0.0029857
0.0021824 0.00013446 0.091756 6.4839e-05 0.0029984
0.0021848 0.00013593 0.091405 6.2205e-05 0.0030108
0.0021872 0.00013741 0.091061 5.9747e-05 0.0030236
0.0021896 0.0001389 0.090721 5.7409e-05 0.0030366
0.002192 0.00014038 0.090386 5.5183e-05 0.0030499
0.0021944 0.00014186 0.090049 5.2919e-05 0.0030631
0.0021968 0.00014334 0.089717 5.0782e-05 0.0030766
0.0021992 0.00014481 0.08939 4.8612e-05 0.0030901
0.0022016 0.00014629 0.089067 4.6547e-05 0.0031038
0.002204 0.00014777 0.088748 4.458e-05 0.0031178
0.0022064 0.00014925 0.088434 4.2708e-05 0.003132
0.0022088 0.00015074 0.088124 4.0926e-05 0.0031466
0.0022112 0.00015222 0.087813 3.9117e-05 0.003161
0.0022136 0.0001537 0.087506 3.7408e-05 0.0031758
0.002216 0.00015517 0.087198 3.567e-05 0.0031905
0.0022184 0.00015665 0.086895 3.4015e-05 0.0032055
0.0022208 0.00015813 0.086595 3.2439e-05 0.0032208
0.0022232 0.00015962 0.086301 3.0951e-05 0.0032364
0.0022256 0.00016111 0.086011 2.9546e-05 0.0032524
0.002228 0.00016261 0.085725 2.822e-05 0.0032687
0.0022305 0.00016412 0.085445 2.6968e-05 0.0032672
0.0022329 0.00016563 0.085168 2.5776e-05 0.0032658
0.0022353 0.00016715 0.084896 2.4651e-05 0.0032644
0.0022377 0.00016868 0.084629 2.3589e-05 0.0032631
0.0022402 0.00017021 0.084365 2.2587e-05 0.003262
0.0022426 0.00017176 0.084107 2.1641e-05 0.003261
0.002245 0.00017328 0.083847 2.0677e-05 0.00326
0.0022475 0.00017482 0.083591 1.9766e-05 0.0032591
0.0022499 0.00017637 0.08334 1.8908e-05 0.0032368
0.0022523 0.00017792 0.083093 1.8097e-05 0.003215
0.0022548 0.00017947 0.082849 1.7326e-05 0.0031935
0.0022572 0.00018102 0.082605 1.6537e-05 0.003172
0.0022597 0.00018257 0.082363 1.5787e-05 0.0031508
0.0022621 0.00018413 0.082126 1.5072e-05 0.00313
0.0022646 0.00018569 0.081893 1.4401e-05 0.0031097
0.002267 0.00018721 0.081658 1.371e-05 0.0030892
0.0022695 0.00018874 0.081428 1.3059e-05 0.0030692
0.0022719 0.00019024 0.081193 1.2372e-05 0.0030499
0.0022744 0.00019173 0.080956 1.2397e-05 0.0030302
0.0022768 0.0001932 0.080714 1.2408e-05 0.0030102
0.0022793 0.00019468 0.08048 1.244e-05 0.002991
0.0022817 0.00019615 0.080241 1.2458e-05 0.0029713
0.0022841 0.00019759 0.079999 1.2462e-05 0.0029513
0.0022866 0.00019905 0.079764 1.2127e-05 0.0029321
0.002289 0.00020053 0.079535 1.1823e-05 0.0029124
0.0022914 0.00020199 0.079303 1.1498e-05 0.0028925
0.0022938 0.00020342 0.079067 1.1152e-05 0.0028722
0.0022962 0.00020488 0.078838 1.0844e-05 0.0028527
0.0022986 0.00020636 0.078616 1.0569e-05 0.0028338
0.0023011 0.00020785 0.078401 1.0324e-05 0.0028156
0.0023035 0.00020936 0.078193 1.0109e-05 0.0027971
0.0023059 0.00021089 0.077991 9.9165e-06 0.0027901
0.0023083 0.0002124 0.077784 9.7069e-06 0.0027828
0.0023107 0.00021389 0.077575 9.4815e-06 0.0027753
0.0023131 0.00021539 0.077371 9.2771e-06 0.0027681
0.0023156 0.0002169 0.077172 9.093e-06 0.0027612
0.002318 0.0002184 0.07697 8.8926e-06 0.0027541
0.0023204 0.00021991 0.076773 8.7157e-06 0.0027473
0.0023228 0.00022144 0.076583 8.5583e-06 0.0027409
0.0023252 0.00022295 0.076389 8.3857e-06 0.0027342
0.0023277 0.00022447 0.0762 8.2311e-06 0.0027278
0.0023301 0.00022601 0.076017 8.0965e-06 0.0027217
0.0023325 0.00022753 0.07583 7.9483e-06 0.0027155
0.002335 0.00022907 0.075649 7.8144e-06 0.0027095
0.0023374 0.00023059 0.075465 7.6715e-06 0.0027034
0.0023398 0.00023209 0.075281 7.5223e-06 0.0026972
0.0023423 0.00023361 0.075099 7.3844e-06 0.0026913
0.0023447 0.00023513 0.074921 7.2555e-06 0.0026855
0.0023471 0.00023666 0.074746 7.1354e-06 0.0026798
0.0023496 0.0002382 0.074575 7.0267e-06 0.0026744
0.002352 0.00023973 0.074401 6.9063e-06 0.0026688
0.0023544 0.00024127 0.074233 6.8042e-06 0.0026635
0.0023569 0.00024282 0.07407 6.7168e-06 0.0026584
0.0023593 0.0002444 0.073913 6.646e-06 0.0026537
0.0023618 0.00024596 0.073754 6.5643e-06 0.0026488
0.0023643 0.00024753 0.073598 6.4932e-06 0.0026441
0.0023667 0.00024909 0.07344 6.4159e-06 0.0026393
0.0023692 0.00025066 0.073286 6.3456e-06 0.0026347
0.0023716 0.00025221 0.07313 6.2699e-06 0.0026301
0.002374 0.00025375 0.072974 6.1888e-06 0.0026253
0.0023765 0.00025528 0.072816 6.1024e-06 0.0026206
0.0023789 0.0002568 0.072657 6.0108e-06 0.0026157
0.0023813 0.00025832 0.072501 5.9263e-06 0.0026111
0.0023838 0.00025986 0.072348 5.8501e-06 0.0026066
0.0023862 0.0002614 0.072199 5.782e-06 0.0026022
0.0023886 0.00026294 0.072048 5.7086e-06 0.002598
0.0023911 0.00026448 0.0719 5.6416e-06 0.002594
0.0023935 0.00026601 0.071752 5.5698e-06 0.0025899
0.002396 0.00026754 0.071606 5.5042e-06 0.0025859
0.0023984 0.00026909 0.071462 5.4449e-06 0.0025821
0.0024009 0.00027064 0.071322 5.3915e-06 0.0025784
0.0024033 0.00027218 0.07118 5.333e-06 0.0025747
0.0024058 0.0002737 0.071038 5.2691e-06 0.0025709
0.0024082 0.00027524 0.070898 5.211e-06 0.0025673
0.0024107 0.00027678 0.07076 5.1589e-06 0.0025379
0.0024131 0.00027831 0.070622 5.1017e-06 0.0025083
0.0024156 0.00027985 0.070487 5.0515e-06 0.0024794
0.002418 0.0002814 0.070354 5.007e-06 0.0024509
0.0024205 0.00028294 0.070221 4.9575e-06 0.0024223
0.0024229 0.00028446 0.070086 4.9034e-06 0.0023936
0.0024253 0.00028599 0.069954 4.8548e-06 0.0023648
0.0024278 0.00028752 0.069821 4.8017e-06 0.0023358
0.0024302 0.00028903 0.069687 4.744e-06 0.0023067
0.0024326 0.00029055 0.069557 4.693e-06 0.0022781
0.0024351 0.00029206 0.069425 4.6371e-06 0.0022495
0.0024375 0.00029357 0.069296 4.5866e-06 0.0022213
0.0024399 0.0002951 0.069169 4.5426e-06 0.0021937
0.0024424 0.00029661 0.069042 4.4938e-06 0.0021659
0.0024448 0.00029814 0.068918 4.4502e-06 0.0021387
0.0024472 0.00029965 0.068792 4.4017e-06 0.0021113
0.0024497 0.00030117 0.068669 4.3596e-06 0.0020844
0.0024521 0.0003027 0.068549 4.3224e-06 0.002058
0.0024545 0.00030424 0.068432 4.2913e-06 0.0020322
0.002457 0.00030577 0.068314 4.2557e-06 0.0020062
0.0024594 0.00030731 0.068199 4.2261e-06 0.0019808
0.0024618 0.00030884 0.068083 4.1919e-06 0.0019552
0.0024643 0.00031035 0.067966 4.1532e-06 0.0019295
0.0024667 0.00031188 0.067852 4.1204e-06 0.0019044
0.0024691 0.00031342 0.067741 4.0936e-06 0.0018797
0.0024716 0.00031494 0.067629 4.0623e-06 0.0018556
0.002474 0.00031646 0.067516 4.0263e-06 0.0018313
0.0024764 0.00031796 0.067402 3.9857e-06 0.0018069
0.0024788 0.00031945 0.067287 3.9407e-06 0.0017824
0.0024812 0.00032093 0.067171 3.8912e-06 0.0017578
0.0024836 0.00032242 0.067057 3.8465e-06 0.0017336
0.0024861 0.00032391 0.066946 3.8063e-06 0.0017098
0.0024885 0.0003254 0.066834 3.7618e-06 0.0016859
0.0024909 0.00032689 0.066725 3.7218e-06 0.0016624
0.0024933 0.00032838 0.066614 3.6775e-06 0.0016389
0.0024957 0.00032985 0.066503 3.6288e-06 0.0016152
0.0024981 0.00033133 0.066394 3.5858e-06 0.001592
0.0025005 0.00033282 0.066289 3.5482e-06 0.0015692
0.0025029 0.00033432 0.066186 3.5148e-06 0.0015469
0.0025053 0.00033584 0.066085 3.4867e-06 0.001525
0.0025077 0.00033734 0.065984 3.4542e-06 0.001503
0.0025101 0.00033885 0.065886 3.4273e-06 0.0014815
0.0025126 0.00034038 0.065792 3.4083e-06 0.0014606
0.002515 0.00034194 0.065702 3.3991e-06 0.0014403
0.0025174 0.00034347 0.065611 3.3822e-06 0.0014198
0.0025199 0.00034503 0.065524 3.3756e-06 0.0014
0.0025223 0.00034658 0.065436 3.3647e-06 0.0013801
0.0025248 0.00034814 0.065351 3.3577e-06 0.0013605
0.0025272 0.00034971 0.065268 3.3545e-06 0.0013412
0.0025296 0.00035126 0.065183 3.3469e-06 0.0013219
0.0025321 0.00035282 0.065102 3.3431e-06 0.0013029
0.0025345 0.0003544 0.065022 3.3432e-06 0.0012842
0.002537 0.00035596 0.064942 3.3391e-06 0.0012655
0.0025394 0.00035751 0.06486 3.3309e-06 0.0012466
0.0025418 0.00035907 0.064782 3.3275e-06 0.0012281
0.0025443 0.00036062 0.064702 3.3197e-06 0.0012096
0.0025467 0.00036218 0.064625 3.3157e-06 0.0011913
0.0025491 0.00036375 0.06455 3.3155e-06 0.0011734
0.0025516 0.00036533 0.064478 3.3201e-06 0.0011558
0.002554 0.00036692 0.064408 3.3296e-06 0.0011386
0.0025565 0.0003685 0.064338 3.3346e-06 0.0011213
0.0025589 0.00037009 0.06427 3.3445e-06 0.0011044
0.0025614 0.0003717 0.064205 3.3584e-06 0.0010877
0.0025639 0.00037331 0.064138 3.3677e-06 0.0010714
0.0025663 0.00037494 0.064074 3.3819e-06 0.0010554
0.0025688 0.00037656 0.064009 3.3917e-06 0.0010393
0.0025712 0.00037819 0.063947 3.4068e-06 0.0010236
0.0025737 0.00037985 0.06389 3.4318e-06 0.0010076
0.0025761 0.00038153 0.063837 3.467e-06 0.00099215
0.0025786 0.00038319 0.063781 3.511e-06 0.00097645
0.002581 0.00038482 0.063724 3.5476e-06 0.00096053
0.0025835 0.00038644 0.063664 3.5777e-06 0.00094444
0.0025859 0.00038808 0.063603 3.6166e-06 0.00092814
0.0025884 0.00038973 0.063544 3.6619e-06 0.00091221
0.0025909 0.00039141 0.063489 3.7153e-06 0.00089667
0.0025934 0.00039309 0.063436 3.7749e-06 0.00088145
0.0025959 0.00039479 0.063386 3.84e-06 0.00086653
0.0025984 0.0003965 0.063338 3.9102e-06 0.00085186
0.0026008 0.00039822 0.063293 3.987e-06 0.0008375
0.0026034 0.00039996 0.06325 4.0706e-06 0.00082342
0.0026059 0.00040171 0.06321 4.1612e-06 0.00080963
0.0026084 0.00040344 0.063169 4.2468e-06 0.00079576
0.0026109 0.00040519 0.063131 4.3396e-06 0.00078218
0.0026134 0.00040696 0.063095 4.4399e-06 0.00076886
0.0026159 0.00040874 0.063062 4.5481e-06 0.00075582
0.0026184 0.0004105 0.063028 4.6514e-06 0.00074271
0.002621 0.00041228 0.062996 4.7628e-06 0.00072986
0.0026235 0.00041408 0.062967 4.8827e-06 0.00071728
0.002626 0.00041589 0.06294 5.0114e-06 0.00070495
0.0026286 0.00041771 0.062917 5.1495e-06 0.00069287
0.0026311 0.00041954 0.062895 5.2956e-06 0.00068099
0.0026337 0.00042139 0.062875 5.4501e-06 0.00066933
0.0026362 0.00042325 0.062858 5.6132e-06 0.00065787
0.0026388 0.00042509 0.062839 5.7704e-06 0.00064634
0.0026413 0.00042693 0.06282 5.9216e-06 0.00063474
0.0026439 0.00042877 0.062803 6.0836e-06 0.00062337
0.0026464 0.00043064 0.062788 6.2568e-06 0.00061224
0.002649 0.00043251 0.062777 6.4419e-06 0.00060133
0.0026516 0.00043438 0.062764 6.6207e-06 0.00059036
0.0026541 0.00043625 0.062753 6.8117e-06 0.0005796
0.0026567 0.00043812 0.062742 6.9963e-06 0.00056879
0.0026592 0.00043998 0.06273 7.1749e-06 0.00055791
0.0026617 0.00044185 0.06272 7.0197e-06 0.00054726
0.0026643 0.00044373 0.062713 6.8757e-06 0.00053682
0.0026669 0.00044563 0.062708 6.7405e-06 0.00052656
0.0026694 0.00044754 0.062705 6.6138e-06 0.00051648
0.002672 0.00044943 0.062701 6.4813e-06 0.00050633
0.0026745 0.00045134 0.0627 6.3588e-06 0.00049639
0.0026771 0.00045327 0.062701 6.246e-06 0.00048665
0.0026797 0.00045518 0.062702 6.1275e-06 0.00047686
0.0026822 0.00045711 0.062704 6.0184e-06 0.00046725
0.0026848 0.00045903 0.062706 5.904e-06 0.0004576
0.0026873 0.00046096 0.06271 5.7972e-06 0.00044811
0.0026899 0.00046291 0.062717 5.6992e-06 0.00043882
0.0026925 0.00046484 0.062723 5.596e-06 0.00042947
0.0026951 0.00046679 0.062727 5.5016e-06 0.00042031
0.0026976 0.00046875 0.062734 5.4139e-06 0.00041131
0.0027002 0.00047073 0.062743 5.3338e-06 0.00040248
0.0027028 0.00047274 0.062756 5.2673e-06 0.00039393
0.0027054 0.00047472 0.062767 5.191e-06 0.00038524
0.002708 0.00047668 0.062715 5.1267e-06 0.00037681
0.0027105 0.00047863 0.062662 5.0572e-06 0.00036833
0.0027131 0.00048059 0.062612 4.995e-06 0.00036001
0.0027157 0.00048257 0.062564 4.9399e-06 0.00035186
0.0027183 0.00048456 0.062518 4.8904e-06 0.00034385
0.0027209 0.00048657 0.062475 4.8476e-06 0.00033599
0.0027234 0.00048857 0.062431 4.8002e-06 0.0003281
0.002726 0.00049058 0.06239 4.7595e-06 0.00032036
0.0027286 0.00049258 0.062347 4.7139e-06 0.00031257
0.0027312 0.0004946 0.062307 4.6738e-06 0.00030491
0.0027338 0.0004966 0.062266 4.6286e-06 0.00029721
0.0027364 0.00049861 0.062227 4.5889e-06 0.00028964
0.002739 0.00050061 0.062187 4.5441e-06 0.00028201
0.0027415 0.00050263 0.062149 4.5045e-06 0.00027452
0.0027441 0.00050463 0.06211 4.4601e-06 0.00026698
0.0027467 0.00050662 0.06207 4.4112e-06 0.00025939
0.0027493 0.00050863 0.062033 4.3686e-06 0.00025196
0.0027519 0.00051065 0.061998 4.3322e-06 0.00024467
0.0027545 0.00051269 0.061966 4.3019e-06 0.00023752
0.0027571 0.00051475 0.061936 4.2764e-06 0.0002305
0.0027596 0.00051679 0.061905 4.2461e-06 0.00022342
0.0027622 0.00051885 0.061876 4.2206e-06 0.00021647
0.0027648 0.00052089 0.061847 4.1905e-06 0.00020947
0.0027674 0.00052295 0.061819 4.1662e-06 0.00020261
0.00277 0.00052499 0.061795 4.1476e-06 0.00019588
0.0027726 0.00052702 0.061769 4.1247e-06 0.00018911
0.0027752 0.00052903 0.061742 4.0975e-06 0.00018231
0.0027778 0.00053104 0.061715 4.0655e-06 0.00017546
0.0027804 0.00053306 0.06169 4.0382e-06 0.00016873
0.002783 0.00053506 0.061663 4.0062e-06 0.00016195
0.0027856 0.00053706 0.061636 3.9695e-06 0.00015529
0.0027881 0.00053907 0.061611 3.9386e-06 0.00014875
0.0027907 0.0005411 0.061589 3.9133e-06 0.00014235
0.0027933 0.00054314 0.06157 3.8935e-06 0.00013606
0.0027959 0.00054521 0.061553 3.8792e-06 0.00012989
0.0027985 0.00054729 0.061538 3.8704e-06 0.00012384
0.0028012 0.00054938 0.061526 3.866e-06 0.0001179
0.0028038 0.00055147 0.061512 3.857e-06 0.00011191
0.0028064 0.00055354 0.061498 3.8434e-06 0.00010588
0.002809 0.00055563 0.061486 3.8352e-06 9.9966e-05
0.0028116 0.0005577 0.061473 3.8225e-06 9.4013e-05
0.0028142 0.00055976 0.061459 3.8053e-06 8.8021e-05
0.0028168 0.00056181 0.061444 3.7838e-06 8.1993e-05
0.0028194 0.00056388 0.061432 3.7676e-06 7.6079e-05
0.002822 0.00056594 0.061419 3.7471e-06 7.0128e-05
0.0028245 0.00056797 0.061403 3.7182e-06 6.9564e-05
0.0028271 0.00056998 0.061385 3.6809e-06 6.897e-05
0.0028297 0.00057201 0.061371 3.6527e-06 6.8404e-05
0.0028323 0.00057408 0.061361 3.6333e-06 6.7865e-05
0.0028349 0.00057612 0.061348 3.6055e-06 6.7297e-05
0.0028374 0.00057818 0.061339 3.5856e-06 6.6753e-05
0.00284 0.00058022 0.061327 3.5604e-06 6.6181e-05
0.0028426 0.00058224 0.061313 3.5279e-06 6.5582e-05
0.0028452 0.00058428 0.061303 3.5028e-06 6.5007e-05
0.0028477 0.00058631 0.06129 3.47e-06 6.4403e-05
0.0028503 0.0005883 0.061276 3.4296e-06 6.3773e-05
0.0028528 0.00059032 0.061264 3.3951e-06 6.3162e-05
0.0028554 0.00059236 0.061255 3.3677e-06 6.2572e-05
0.002858 0.00059439 0.061245 3.3356e-06 6.1966e-05
0.0028605 0.00059644 0.061238 3.3086e-06 6.1375e-05
0.0028631 0.00059851 0.061233 3.2855e-06 6.0796e-05
0.0028657 0.00060056 0.061227 3.258e-06 6.0201e-05
0.0028682 0.00060259 0.06122 3.226e-06 5.9589e-05
0.0028708 0.00060461 0.061212 3.1992e-06 5.8993e-05
0.0028734 0.00060661 0.061202 3.1675e-06 5.8379e-05
0.0028759 0.0006086 0.061192 3.1303e-06 5.7782e-05
0.0028785 0.00061057 0.061179 3.0875e-06 5.7165e-05
0.0028811 0.00061255 0.06117 3.0495e-06 5.6562e-05
0.0028836 0.00061453 0.061159 3.0062e-06 5.5939e-05
0.0028862 0.00061652 0.06115 2.9684e-06 5.5334e-05
0.0028888 0.00061854 0.061145 2.9375e-06 5.475e-05
0.0028913 0.00062053 0.061138 2.8993e-06 5.4139e-05
0.0028939 0.0006225 0.061136 2.8706e-06 5.356e-05
0.0028965 0.00062448 0.061135 2.8458e-06 5.2992e-05
0.0028991 0.00062645 0.061134 2.8165e-06 5.2408e-05
0.0029017 0.00062841 0.061131 2.783e-06 5.1808e-05
0.0029042 0.00063039 0.061131 2.7542e-06 5.1192e-05
0.0029068 0.00063238 0.061134 2.7288e-06 5.0587e-05
0.0029094 0.00063436 0.061135 2.6991e-06 4.9965e-05
0.002912 0.00063636 0.061138 2.6727e-06 4.9354e-05
0.0029145 0.00063834 0.061141 2.6422e-06 4.8727e-05
0.0029171 0.00064031 0.061142 2.6075e-06 4.8084e-05
0.0029197 0.00064229 0.061146 2.5762e-06 4.7452e-05
0.0029222 0.00064427 0.061148 2.5409e-06 4.6804e-05
0.0029248 0.00064626 0.061153 2.5099e-06 4.617e-05
0.0029274 0.00064827 0.061161 2.4829e-06 4.5549e-05
0.0029299 0.00065027 0.061168 2.4515e-06 4.4912e-05
0.0029325 0.00065226 0.061173 2.4159e-06 4.4285e-05
0.0029351 0.00065426 0.061181 2.3836e-06 4.3668e-05
0.0029377 0.00065628 0.061192 2.3553e-06 4.3063e-05
0.0029403 0.00065829 0.061201 2.323e-06 4.2468e-05
0.0029429 0.00066031 0.061213 2.2937e-06 4.1881e-05
0.0029455 0.00066235 0.061226 2.2673e-06 4.1304e-05
0.0029481 0.00066441 0.061242 2.2439e-06 4.0735e-05
0.0029507 0.00066648 0.06126 2.224e-06 4.0178e-05
0.0029533 0.00066858 0.061281 2.2079e-06 3.9632e-05
0.0029559 0.00067066 0.061301 2.1876e-06 3.907e-05
0.0029586 0.00067273 0.06132 2.1633e-06 3.8493e-05
0.0029612 0.00067479 0.061337 2.1349e-06 3.79e-05
0.0029638 0.00067687 0.061358 2.1102e-06 3.7319e-05
0.0029664 0.00067896 0.061381 2.089e-06 3.6749e-05
0.002969 0.00068108 0.061406 2.0705e-06 3.6187e-05
0.0029717 0.00068321 0.061433 2.0545e-06 3.5633e-05
0.0029743 0.00068532 0.061459 2.0345e-06 3.5064e-05
0.0029769 0.00068743 0.061484 2.0107e-06 3.4479e-05
0.0029795 0.00068955 0.061512 1.9894e-06 3.3903e-05
0.0029822 0.00069169 0.061541 1.9707e-06 3.3333e-05
0.0029848 0.00069381 0.06157 1.9479e-06 3.2749e-05
0.0029874 0.00069595 0.0616 1.9277e-06 3.2171e-05
0.0029901 0.00069808 0.06163 1.9036e-06 3.1579e-05
0.0029927 0.00070023 0.061662 1.8828e-06 3.0997e-05
0.0029953 0.00070237 0.061694 1.858e-06 3.0425e-05
0.002998 0.00070452 0.061728 1.8364e-06 2.9862e-05
0.0030006 0.0007067 0.061764 1.8171e-06 2.9305e-05
0.0030033 0.00070889 0.061802 1.8001e-06 2.8755e-05
0.003006 0.00071107 0.061839 1.7793e-06 2.819e-05
0.0030086 0.00071324 0.061875 1.7548e-06 2.7611e-05
0.0030113 0.00071539 0.061911 1.7266e-06 2.701e-05
0.0030139 0.00071757 0.061949 1.7013e-06 2.6417e-05
0.0030166 0.00071976 0.061989 1.679e-06 2.5834e-05
0.0030192 0.00072198 0.062033 1.6596e-06 2.5258e-05
0.0030219 0.00072421 0.062078 1.6423e-06 2.4689e-05
0.0030246 0.00072644 0.062122 1.6212e-06 2.4105e-05
0.0030272 0.00072869 0.06217 1.6051e-06 2.3537e-05
0.0030299 0.00073099 0.062223 1.5952e-06 2.2988e-05
0.0030326 0.00073326 0.062274 1.5791e-06 2.2417e-05
0.0030353 0.00073556 0.062328 1.5691e-06 2.1865e-05
0.003038 0.00073791 0.062387 1.5641e-06 2.1328e-05
0.0030408 0.00074029 0.06245 1.5638e-06 2.0806e-05
0.0030599 0.00075712 0.062918 1.5556e-06 1.7071e-05
0.0030626 0.00075955 0.062982 1.5535e-06 1.6484e-05
0.0030653 0.00076201 0.063049 1.5562e-06 1.5911e-05
0.003068 0.00076452 0.063121 1.5637e-06 1.6555e-05
0.0030708 0.00076706 0.063197 1.5776e-06 1.7218e-05
0.0030735 0.00076965 0.063278 1.5975e-06 1.79e-05
0.0030927 0.00078794 0.063873 1.7298e-06 2.2612e-05
0.0030954 0.00079051 0.063955 1.7354e-06 2.3233e-05
0.0030982 0.00079311 0.064041 1.7459e-06 2.387e-05
0.0031009 0.00079568 0.064131 1.7617e-06 2.4524e-05
0.0031037 0.00079825 0.064221 1.7752e-06 2.5169e-05
0.0031064 0.0008008 0.064311 1.7863e-06 2.5803e-05
0.0031092 0.00080336 0.0644 1.7951e-06 2.6429e-05
0.0031119 0.0008059 0.064489 1.8016e-06 2.7045e-05
0.0031146 0.00080845 0.064579 1.8057e-06 2.7651e-05
0.0031174 0.00081099 0.064668 1.8075e-06 2.8248e-05
0.0031201 0.00081358 0.064754 1.8023e-06 2.8818e-05
0.0031228 0.0008162 0.064844 1.8025e-06 2.9406e-05
0.0031255 0.0008188 0.064932 1.7963e-06 2.9968e-05
0.0031283 0.00082144 0.065025 1.7965e-06 3.0553e-05
0.003131 0.00082406 0.065115 1.7905e-06 3.1113e-05
0.0031337 0.00082671 0.06521 1.7896e-06 3.1691e-05
0.0031364 0.00082934 0.065302 1.7825e-06 3.2245e-05
0.0031392 0.00083199 0.065397 1.7791e-06 3.2812e-05
0.0031419 0.00083467 0.065495 1.7785e-06 3.3388e-05
0.0031446 0.00083733 0.065592 1.774e-06 3.3949e-05
0.0031474 0.00083999 0.065688 1.7656e-06 3.4495e-05
0.0031501 0.00084266 0.065787 1.7602e-06 3.505e-05
0.0031528 0.00084532 0.065884 1.7508e-06 3.5591e-05
0.0031555 0.00084797 0.065981 1.7377e-06 3.6116e-05
0.0031583 0.00085061 0.066077 1.7208e-06 3.6626e-05
0.003161 0.00085326 0.066175 1.706e-06 3.7144e-05
0.0031637 0.00085591 0.066272 1.6874e-06 3.7647e-05
0.0031664 0.00085854 0.066368 1.6649e-06 3.8134e-05
0.0031691 0.00086119 0.066467 1.6453e-06 3.8631e-05
0.0031718 0.00086383 0.066565 1.6219e-06 3.9113e-05
0.0031745 0.00086646 0.066662 1.5947e-06 3.9581e-05
0.0031772 0.00086911 0.066761 1.5696e-06 4.0056e-05
0.0031799 0.00087174 0.066859 1.5407e-06 4.0515e-05
0.0031826 0.0008744 0.06696 1.5139e-06 4.0983e-05
0.0031854 0.00087707 0.067063 1.4891e-06 4.1458e-05
0.0031881 0.00087974 0.067166 1.4605e-06 4.1917e-05
0.0031908 0.00088239 0.067267 1.4281e-06 4.2362e-05
0.0031935 0.00088506 0.067371 1.3983e-06 4.2817e-05
0.0031962 0.00088772 0.067473 1.3646e-06 4.3255e-05
0.0031989 0.00089042 0.067487 1.3353e-06 4.3713e-05
0.0032016 0.00089309 0.067499 1.2997e-06 4.4144e-05
0.0032043 0.00089574 0.067509 1.2602e-06 4.4559e-05
0.003207 0.00089838 0.067518 1.217e-06 4.496e-05
0.0032097 0.00090104 0.06753 1.1756e-06 4.5368e-05
0.0032124 0.00090369 0.06754 1.1305e-06 4.5761e-05
0.0032151 0.00090632 0.06755 1.0816e-06 4.6138e-05
0.0032178 0.00090898 0.067561 1.0346e-06 4.6523e-05
0.0032205 0.00091162 0.067572 9.8388e-07 4.6893e-05
0.0032231 0.00091423 0.067581 9.2696e-07 4.7238e-05
0.0032258 0.00091689 0.067594 8.7603e-07 4.7608e-05
0.0032285 0.00091953 0.067605 8.2077e-07 4.796e-05
0.0032312 0.00092216 0.067616 7.6097e-07 4.8293e-05
0.0032339 0.00092481 0.067629 7.0351e-07 4.8638e-05
0.0032365 0.00092744 0.06764 6.4173e-07 4.8965e-05
0.0032392 0.00093005 0.06765 5.7501e-07 4.927e-05
0.0032419 0.00093271 0.067657 5.1336e-07 4.9599e-05
0.0032446 0.0009354 0.067668 4.5534e-07 4.9947e-05
0.0032472 0.00093807 0.067677 4.9827e-07 5.0271e-05
0.0032499 0.00094078 0.06769 5.4482e-07 5.0619e-05
0.0032527 0.00094353 0.067707 5.953e-07 5.099e-05
0.0032554 0.00094632 0.067728 6.4913e-07 5.1381e-05
0.0032581 0.0009491 0.067748 6.9929e-07 5.1756e-05
0.0032608 0.00095186 0.067767 7.4586e-07 5.2115e-05
0.0032635 0.00095465 0.067789 7.9438e-07 5.2458e-05
0.0032662 0.00095743 0.06781 8.3928e-07 5.2786e-05
0.003269 0.00096023 0.067833 8.8624e-07 5.3125e-05
0.0032717 0.00096306 0.067859 9.3543e-07 5.3449e-05
0.0032744 0.00096592 0.067887 9.87e-07 5.3785e-05
0.0032771 0.00096877 0.067915 1.0348e-06 5.4105e-05
0.0032798 0.0009716 0.067942 1.079e-06 5.4435e-05
0.0032826 0.00097445 0.067971 1.1256e-06 5.4777e-05
0.0032853 0.0009773 0.067999 1.1686e-06 5.5104e-05
0.003288 0.00098016 0.06803 1.2135e-06 5.544e-05
0.0032907 0.00098302 0.06806 1.2548e-06 5.5761e-05
0.0032934 0.00098586 0.068088 1.2923e-06 5.6066e-05
0.0032961 0.00098873 0.06812 1.3324e-06 5.6384e-05
0.0032989 0.00099162 0.068154 1.3752e-06 5.6714e-05
0.0033016 0.0009945 0.068187 1.4143e-06 5.7029e-05
0.0033043 0.00099741 0.068222 1.4557e-06 5.7354e-05
0.003307 0.0010003 0.068257 1.4932e-06 5.7663e-05
0.0033097 0.0010032 0.06829 1.5267e-06 5.7956e-05
0.0033124 0.001006 0.068321 1.5539e-06 5.8222e-05
0.0033151 0.0010088 0.06835 1.5748e-06 5.8461e-05
0.0033178 0.0010117 0.068383 1.602e-06 5.8728e-05
0.0033205 0.0010145 0.068413 1.6221e-06 5.8967e-05
0.0033232 0.0010174 0.068446 1.6445e-06 5.9216e-05
0.0033259 0.0010203 0.068478 1.6629e-06 5.9449e-05
0.0033286 0.0010231 0.068512 1.6836e-06 5.9692e-05
0.0033313 0.001026 0.068549 1.7071e-06 5.9948e-05
0.0033341 0.0010289 0.068589 1.7337e-06 6.0217e-05
0.0033368 0.0010319 0.068631 1.7627e-06 6.0496e-05
0.0033395 0.0010349 0.068676 1.795e-06 6.0789e-05
0.0033423 0.0010379 0.068723 1.8306e-06 6.1096e-05
0.003345 0.0010409 0.068773 1.8687e-06 6.1412e-05
0.0033478 0.0010439 0.068822 1.903e-06 6.1713e-05
0.0033505 0.0010469 0.06887 1.9334e-06 6.1999e-05
0.0033533 0.00105 0.068921 1.9689e-06 6.2305e-05
0.003356 0.0010531 0.068978 2.0123e-06 6.2581e-05
0.0033587 0.0010562 0.069032 2.0486e-06 6.2829e-05
0.0033615 0.0010593 0.06909 2.0929e-06 6.3108e-05
0.0033642 0.0010624 0.069146 2.1303e-06 6.3359e-05
0.0033669 0.0010654 0.0692 2.1608e-06 6.3584e-05
0.0033696 0.0010685 0.069259 2.1992e-06 6.3837e-05
0.0033724 0.0010716 0.069315 2.23e-06 6.4062e-05
0.0033751 0.0010747 0.069376 2.269e-06 6.4256e-05
0.0033778 0.0010779 0.069441 2.3167e-06 6.4481e-05
0.0033805 0.0010811 0.069504 2.3571e-06 6.4729e-05
0.0033832 0.0010842 0.069565 2.3901e-06 6.4951e-05
0.0033859 0.0010874 0.06963 2.4302e-06 6.5196e-05
0.0033886 0.0010905 0.069692 2.4622e-06 6.5412e-05
0.0033914 0.0010937 0.069759 2.903e-06 6.5657e-05
0.0033941 0.0010969 0.06983 3.3803e-06 6.5927e-05
0.0033968 0.0011002 0.069899 3.8451e-06 6.6179e-05
0.0033995 0.0011034 0.069968 4.2988e-06 6.6413e-05
0.0034023 0.0011066 0.070035 4.7424e-06 6.6631e-05
0.003405 0.0011098 0.070105 5.2111e-06 6.6863e-05
0.0034077 0.001113 0.070175 5.6698e-06 6.7079e-05
0.0034104 0.0011163 0.070247 6.1547e-06 6.7309e-05
0.0034131 0.0011195 0.070318 6.6301e-06 6.7523e-05
0.0034159 0.0011227 0.070388 7.096e-06 6.7722e-05
0.0034186 0.0011259 0.070461 7.59e-06 6.7936e-05
0.0034213 0.0011292 0.070537 8.1083e-06 6.816e-05
0.003424 0.0011325 0.070611 8.6156e-06 6.8369e-05
0.0034268 0.0011357 0.070685 9.1131e-06 6.8562e-05
0.0034295 0.001139 0.070757 9.6009e-06 6.8739e-05
0.0034322 0.0011422 0.070833 1.0117e-05 6.8931e-05
0.0034349 0.0011455 0.070907 1.0623e-05 6.9106e-05
0.0034376 0.0011487 0.07098 1.1117e-05 6.9266e-05
0.0034403 0.0011519 0.071053 1.1601e-05 6.9409e-05
0.003443 0.0011552 0.071128 1.2114e-05 6.9566e-05
0.0034457 0.0011584 0.071202 1.2616e-05 6.9707e-05
0.0034484 0.0011617 0.071279 1.3148e-05 6.9862e-05
0.0034512 0.001165 0.071359 1.3712e-05 7.0032e-05
0.0034539 0.0011683 0.071442 1.431e-05 7.0216e-05
0.0034566 0.0011716 0.071523 1.4895e-05 7.0383e-05
0.0034594 0.0011749 0.071604 1.5468e-05 7.0535e-05
0.0034621 0.0011783 0.071688 1.6076e-05 7.0702e-05
0.0034648 0.0011816 0.071774 1.6715e-05 7.088e-05
0.0034676 0.001185 0.071862 1.7387e-05 7.1069e-05
0.0034703 0.0011884 0.07195 1.8045e-05 7.1242e-05
0.003473 0.0011918 0.07204 1.8743e-05 7.1429e-05
0.0034758 0.0011952 0.072134 1.9484e-05 7.1631e-05
0.0034786 0.0011987 0.07223 2.0268e-05 7.1848e-05
0.0034814 0.0012022 0.07233 2.1101e-05 7.208e-05
0.0034841 0.0012057 0.072432 2.1984e-05 7.2327e-05
0.0034869 0.0012093 0.072533 2.2846e-05 7.2556e-05
0.0034897 0.0012127 0.072632 2.3666e-05 7.2756e-05
0.0034924 0.0012162 0.072728 2.4442e-05 7.7252e-05
0.0034952 0.0012196 0.07282 2.5176e-05 8.1671e-05
0.0034979 0.001223 0.072911 2.5875e-05 8.6016e-05
0.0035006 0.0012264 0.072999 2.6544e-05 9.0296e-05
0.0035033 0.0012297 0.07309 2.7249e-05 9.4649e-05
0.0035061 0.0012331 0.073179 2.794e-05 9.8969e-05
