Aquila_chrysaetos Asarcornis_scutulata Aythya_fuligula Branta_canadensis Buceros_rhinoceros
0.00081906 0.0019474 0.0035859 0.0044828 0.0073548
0.00081776 0.001944 0.003583 0.0044829 0.007359
0.00081648 0.0019407 0.0035801 0.0044831 0.0073633
0.0008152 0.0019373 0.0035772 0.0044832 0.0073675
0.00081394 0.001934 0.0035742 0.0044834 0.0073718
0.00081267 0.0019306 0.0035713 0.0044836 0.0073761
0.00081144 0.0019273 0.0035684 0.0044838 0.0073803
0.00081027 0.001924 0.0035656 0.0044841 0.0073846
0.00080906 0.0019207 0.0035627 0.0044843 0.0073889
0.00080783 0.0019174 0.0035598 0.0044845 0.0073932
0.00080665 0.0019141 0.0035569 0.0044848 0.0073996
0.00080552 0.0019108 0.0035541 0.0044851 0.007408
0.00080435 0.0019075 0.0035512 0.0044854 0.0074152
0.00080316 0.0019042 0.0035483 0.0044857 0.0074758
0.00080203 0.0019009 0.0035454 0.004486 0.0075497
0.00080094 0.0018977 0.0035426 0.0044864 0.0076375
0.00079982 0.0018944 0.0035397 0.0044868 0.0077169
0.00079875 0.0018912 0.0035369 0.0044872 0.0078116
0.00079772 0.001888 0.0035341 0.0044877 0.0078423
0.00079675 0.0018848 0.0035313 0.0044882 0.00788
0.00079583 0.0018817 0.0035286 0.0044888 0.0079248
0.00079488 0.0018785 0.0035258 0.0044894 0.0079653
0.0007939 0.0018754 0.003523 0.0044899 0.0080018
0.00079296 0.0018722 0.0035203 0.0044905 0.008012
0.000792 0.001869 0.0035175 0.0044911 0.0080208
0.00079101 0.0018658 0.0035147 0.0044916 0.0080285
0.00079007 0.0018627 0.0035119 0.0044922 0.0080388
0.00078911 0.0018595 0.0035091 0.0044928 0.0080477
0.00078811 0.0018563 0.0035063 0.0044933 0.0080554
0.00078716 0.0018531 0.0035035 0.0044939 0.0080652
0.00078626 0.00185 0.0035007 0.0044946 0.0080777
0.00078541 0.0018469 0.003498 0.0044953 0.0080936
0.0007846 0.0018438 0.0034953 0.0044961 0.0081129
0.00078158 0.0018316 0.0034846 0.0044994 0.0082098
0.0007808 0.0018165 0.0034819 0.0045003 0.0082217
0.00077999 0.0018015 0.0034793 0.0045013 0.0082321
0.00077915 0.0017864 0.0034766 0.0045022 0.0082413
0.00077836 0.0017714 0.003474 0.0045032 0.0082383
0.00077762 0.0017565 0.0034714 0.0045042 0.0082372
0.00077693 0.0017417 0.0034689 0.0045054 0.0082284
0.00077622 0.001727 0.0034663 0.0045065 0.0082183
0.00077554 0.0017123 0.0034638 0.0045076 0.0082106
0.00077492 0.0016978 0.0034613 0.0045087 0.0082052
0.00077435 0.0016834 0.0034589 0.0045099 0.0082016
0.00077374 0.0016689 0.0034564 0.004511 0.008197
0.00077311 0.0016543 0.0034539 0.0045121 0.0081914
0.00077253 0.0016399 0.0034514 0.0045133 0.0081879
0.000772 0.0016254 0.0034489 0.0045144 0.008168
0.00077151 0.001611 0.0034464 0.0045156 0.0081517
0.00077108 0.0015967 0.003444 0.0045169 0.0081384
0.00077069 0.0015825 0.0034416 0.0045182 0.0081277
0.00077035 0.0015683 0.0034392 0.0045195 0.0080904
0.00076998 0.0015541 0.0034367 0.0045209 0.0080492
0.00076967 0.00154 0.0034344 0.0045223 0.0079236
0.00076932 0.0015259 0.0034319 0.0045237 0.0077848
0.00076894 0.0015117 0.0034295 0.004525 0.0076315
0.00076861 0.0014976 0.0034271 0.0045264 0.0075029
0.00076825 0.0014835 0.0034247 0.0045277 0.0073608
0.00076786 0.0014694 0.0034223 0.0045292 0.0072038
0.00076744 0.0014553 0.0034199 0.0045305 0.0070324
0.00076707 0.0014413 0.0034175 0.004532 0.0065139
0.00076667 0.0014273 0.0034151 0.0045334 0.0064325
0.00076624 0.0014132 0.0034126 0.0045348 0.0063436
0.00076578 0.001399 0.0034102 0.0045361 0.0062464
0.00076537 0.001385 0.0034077 0.0045375 0.0061644
0.00076493 0.0013709 0.0034053 0.0045389 0.0060747
0.00076455 0.0013569 0.0034029 0.0045403 0.0060018
0.00076413 0.0013429 0.0034004 0.0045417 0.0059221
0.00076376 0.0013289 0.003398 0.0045432 0.0058548
0.00076344 0.0013151 0.0033956 0.0045447 0.0057981
0.00076315 0.0013013 0.0033933 0.0045463 0.0057502
0.00076284 0.001302 0.0033908 0.004548 0.00571
0.00076249 0.0013027 0.0033883 0.0045496 0.0056655
0.00076212 0.0013033 0.0033857 0.0045512 0.0056156
0.00076172 0.001304 0.0033832 0.0045527 0.0055604
0.00076129 0.0013046 0.0033807 0.0045543 0.0054993
0.00076083 0.0013053 0.0033781 0.0045559 0.0054319
0.00076042 0.0013059 0.0033756 0.0045575 0.0053765
0.00076006 0.0013066 0.0033731 0.0045592 0.0053311
0.00075975 0.0013074 0.0033707 0.004561 0.0052936
0.00075941 0.0013081 0.0033682 0.0045628 0.0052529
0.00075906 0.0013087 0.0033657 0.0045645 0.0052094
0.00075378 0.0013095 0.0033632 0.0045663 0.0050513
0.00074847 0.0013101 0.0033607 0.004568 0.0048849
0.00074323 0.0013108 0.0033583 0.0045698 0.004737
0.00073807 0.0013116 0.0033558 0.0045717 0.0045893
0.00073288 0.0013123 0.0033533 0.0045735 0.0044417
0.00072768 0.001313 0.0033509 0.0045753 0.0042942
0.00072254 0.0013137 0.0033484 0.0045772 0.0041469
0.00071738 0.0013144 0.003346 0.004579 0.0039997
0.00071228 0.0013151 0.0033435 0.0045809 0.0038527
0.00070723 0.0013158 0.0033411 0.0045828 0.0037058
0.00070217 0.0013165 0.0033386 0.0045847 0.003559
0.00069718 0.0013172 0.0033362 0.0045867 0.0034124
0.00069217 0.0013179 0.0033337 0.0045886 0.0032659
0.00068723 0.0013187 0.0033313 0.0045906 0.0031196
0.00068236 0.0013194 0.0033289 0.0045926 0.0029734
0.00067757 0.0013202 0.0033265 0.0045947 0.0028273
0.00067286 0.0013209 0.0033241 0.0045968 0.0026814
0.00066824 0.0013217 0.0033218 0.004599 0.0025356
0.00066358 0.0013225 0.0033194 0.0046011 0.00239
0.00065888 0.0013233 0.003317 0.0046032 0.0022445
0.00065425 0.001324 0.0033147 0.0046054 0.0020991
0.00064971 0.0013248 0.0033123 0.0046076 0.0019539
0.00064523 0.0013257 0.00331 0.0046099 0.0018088
0.00064073 0.0013265 0.0033077 0.0046121 0.0016639
0.00063619 0.0013272 0.0033053 0.0046144 0.0015191
0.00063173 0.001328 0.003303 0.0046023 0.0013744
0.00062724 0.0013288 0.0033006 0.0045903 0.0012299
0.00062284 0.0013296 0.0032983 0.0045783 0.0011067
0.00061839 0.0013304 0.003296 0.0045663 0.00097479
0.0006139 0.0013312 0.0032936 0.0045543 0.00083069
0.00060937 0.0013319 0.0032912 0.0045422 0.00067242
0.00060478 0.0013327 0.0032889 0.0045303 0.0004941
0.00060029 0.0013335 0.0032865 0.0045182 0.00034769
0.0005959 0.0013342 0.0032842 0.0045063 0.00022745
0.00059147 0.001335 0.0032818 0.0044944 0.00020932
0.00058713 0.0013358 0.0032795 0.0044823 0.00019444
0.00058287 0.0013366 0.0032772 0.0044704 0.00018158
0.00057859 0.0013374 0.0032749 0.0044584 0.00016826
0.00057437 0.0013382 0.0032726 0.0044465 0.00015641
0.00057013 0.001339 0.0032702 0.0044345 0.00014416
0.00056594 0.0013398 0.0032679 0.0044227 0.00013323
0.00056182 0.0013406 0.0032656 0.0044109 0.00012351
0.00055768 0.0013414 0.0032634 0.0043991 0.00011348
0.00055358 0.0013422 0.0032611 0.0043874 0.0001044
0.00054947 0.001343 0.0032588 0.0043756 9.5013e-05
0.00054541 0.0013439 0.0032565 0.0043639 8.6645e-05
0.00054141 0.0013447 0.0032542 0.0043523 7.9186e-05
0.00053745 0.0013455 0.003252 0.0043408 7.2429e-05
0.00053348 0.0013464 0.0032497 0.0043293 6.5439e-05
0.00052949 0.0013472 0.0032475 0.0043178 5.8235e-05
0.00052555 0.001348 0.0032452 0.0043063 5.1725e-05
0.0005216 0.0013489 0.0032429 0.0042948 4.5016e-05
0.00051763 0.0013497 0.0032407 0.0042834 3.8096e-05
0.00051373 0.0013505 0.0032384 0.004272 3.2141e-05
0.00050989 0.0013514 0.0032362 0.0042607 2.6926e-05
0.00050602 0.0013522 0.0032339 0.0042495 2.1382e-05
0.00050222 0.0013531 0.0032317 0.0042384 1.6646e-05
0.00049839 0.0013539 0.0032295 0.0042272 1.1513e-05
0.00049451 0.0013547 0.0032272 0.004216 1.0814e-05
0.00049073 0.0013556 0.003225 0.0042047 1.0274e-05
0.00048701 0.0013564 0.0032227 0.0041936 9.8146e-06
0.00048333 0.0013573 0.0032205 0.0041825 9.4122e-06
0.00047971 0.0013582 0.0032183 0.0041714 9.0704e-06
0.00047607 0.0013591 0.0032161 0.0041604 9.6111e-06
0.00047249 0.00136 0.0032139 0.0041494 1.0238e-05
0.00046898 0.0013608 0.0032117 0.0041384 1.0681e-05
0.00046552 0.0013617 0.0032096 0.0041274 1.1206e-05
0.00046203 0.0013626 0.0032074 0.0041165 1.1678e-05
0.00045861 0.0013635 0.0032052 0.0041056 1.1606e-05
0.00045526 0.0013644 0.003203 0.0040948 1.1595e-05
0.00045197 0.0013653 0.0032009 0.0040841 1.1645e-05
0.00044865 0.0013663 0.0031988 0.0040734 1.1655e-05
0.00044531 0.0013673 0.0031967 0.0040626 1.1646e-05
0.00044202 0.0013682 0.0031946 0.0040519 1.1668e-05
0.0004387 0.0013692 0.0031924 0.0040412 1.1672e-05
0.00043544 0.0013701 0.0031903 0.0040306 1.1713e-05
0.00043216 0.0013711 0.0031882 0.0040199 1.1736e-05
0.00042886 0.001372 0.0031861 0.0040092 1.1741e-05
0.00042561 0.001373 0.003184 0.0039986 1.1784e-05
0.00042235 0.0013739 0.0031819 0.003988 1.1809e-05
0.00041908 0.0013749 0.0031798 0.0039774 1.1816e-05
0.00041584 0.0013758 0.0031777 0.0039668 1.1855e-05
0.00041259 0.0013768 0.0031756 0.0039562 1.1875e-05
0.00040932 0.0013777 0.0031734 0.0039456 1.1876e-05
0.0004061 0.0013786 0.0031713 0.0039351 1.1916e-05
0.00040294 0.0013796 0.0031692 0.0039245 1.1924e-05
0.00039983 0.0013805 0.0031671 0.0039141 1.2134e-05
0.00039669 0.0013814 0.003165 0.0039036 1.2294e-05
0.00039352 0.0013824 0.0031629 0.0038931 1.241e-05
0.00039116 0.0013833 0.0031607 0.0038827 1.2605e-05
0.00038884 0.0013843 0.0031586 0.0038723 1.2839e-05
0.0003865 0.0013852 0.0031565 0.0038618 1.3052e-05
0.00038416 0.0013861 0.0031544 0.0038514 1.3244e-05
0.0003818 0.001387 0.0031523 0.003841 1.3416e-05
0.00037943 0.0013879 0.0031501 0.0038305 1.3566e-05
0.00037704 0.0013888 0.003148 0.00382 1.3695e-05
0.00037464 0.0013897 0.0031458 0.0038095 1.3804e-05
0.00037224 0.0013906 0.0031436 0.003799 1.3895e-05
0.00036982 0.0013914 0.0031415 0.0037885 1.3967e-05
0.00036743 0.0013923 0.0031393 0.0037781 1.4075e-05
0.00036502 0.0013931 0.0031371 0.0037676 1.4162e-05
0.00036267 0.001394 0.003135 0.0037572 1.42e-05
0.00036031 0.0013949 0.0031328 0.0037469 1.4218e-05
0.00035797 0.0013958 0.0031307 0.0037365 1.4278e-05
0.00035563 0.0013966 0.0031285 0.0037262 1.432e-05
0.00035328 0.0013975 0.0031263 0.0037158 1.434e-05
0.00035091 0.0013984 0.0031242 0.0037055 1.4343e-05
0.00034854 0.0013992 0.003122 0.0036952 1.4387e-05
0.00034619 0.0014001 0.0031198 0.0036849 1.4468e-05
0.00034384 0.001401 0.0031177 0.0036747 1.4529e-05
0.00034147 0.0014018 0.0031155 0.0036644 1.4568e-05
0.00033913 0.0014027 0.0031134 0.0036542 1.4651e-05
0.00033678 0.0014035 0.0031112 0.0036439 1.6777e-05
0.00033441 0.0014044 0.003109 0.0036337 1.8716e-05
0.00033208 0.0014052 0.0031069 0.0036235 2.1014e-05
0.0003298 0.0014061 0.0031047 0.0036134 2.3818e-05
0.00032758 0.001407 0.0031026 0.0036035 2.7138e-05
0.00032534 0.0014079 0.0031004 0.0035935 3.0351e-05
0.00032314 0.0014087 0.0030983 0.0035835 3.3955e-05
0.00032096 0.0014096 0.0030962 0.0035736 3.7999e-05
0.00031882 0.0014105 0.003094 0.0035638 4.2535e-05
0.00031666 0.0014114 0.0030919 0.003554 4.6918e-05
0.0003145 0.0014123 0.0030898 0.0035441 5.1153e-05
0.00031236 0.0014132 0.0030877 0.0035343 5.5827e-05
0.00031024 0.0014141 0.0030856 0.0035246 6.0985e-05
0.00030815 0.001415 0.0030835 0.0035149 6.6677e-05
0.00030605 0.0014159 0.0030813 0.0035052 7.2201e-05
0.00030394 0.0014168 0.0030792 0.0034955 7.7537e-05
0.00030181 0.0014177 0.0030771 0.0034858 8.2618e-05
0.00029971 0.0014186 0.003075 0.0034762 8.8252e-05
0.0002976 0.0014195 0.0030729 0.0034666 9.3704e-05
0.00029552 0.0014205 0.0030708 0.003457 9.9751e-05
0.00029346 0.0014214 0.0030688 0.0034475 0.00010655
0.0002914 0.0014223 0.0030667 0.003438 0.00011312
0.00028936 0.0014233 0.0030646 0.0034285 0.00011433
0.0002873 0.0014242 0.0030626 0.0034192 0.00011538
0.00028521 0.0014252 0.0030605 0.0034097 0.00011628
0.00028317 0.0014261 0.0030585 0.0034004 0.00011743
0.00028117 0.0014271 0.0030564 0.0033912 0.00011893
0.0002792 0.0014281 0.0030544 0.003382 0.00012065
0.00027725 0.0014292 0.0030524 0.0033729 0.0001226
0.0002753 0.0014302 0.0030504 0.0033637 0.00012447
0.00027337 0.0014312 0.0030484 0.0033546 0.0001266
0.00027147 0.0014322 0.0030465 0.0033456 0.00012903
0.00026959 0.0014333 0.0030445 0.0033366 0.00013178
0.00026771 0.0014343 0.0030425 0.0033276 0.00013443
0.00026585 0.0014354 0.0030406 0.0033187 0.00013743
0.00026401 0.0014364 0.0030386 0.0033098 0.00014076
0.0002622 0.0014375 0.0030367 0.0033009 0.00014447
0.00026036 0.0014386 0.0030348 0.003292 0.0001489
0.00025851 0.0014397 0.0030329 0.0032831 0.00015316
0.00025665 0.0014408 0.0030309 0.0032742 0.00015725
0.00025481 0.0014419 0.003029 0.0032653 0.00016189
0.00025297 0.0014429 0.003027 0.0032564 0.00016638
0.00025115 0.001444 0.0030251 0.0032475 0.00017143
0.00024933 0.0014451 0.0030231 0.0032386 0.00017631
0.00024752 0.0014461 0.0030212 0.0032297 0.00018171
0.00024573 0.0014472 0.0030193 0.0032209 0.00018769
0.00024397 0.0014483 0.0030174 0.0032122 0.00019429
0.00024219 0.0014494 0.0030154 0.0032034 0.00020067
0.00024044 0.0014505 0.0030135 0.0031946 0.00020684
0.00023872 0.0014516 0.0030116 0.0031859 0.00021378
0.00023698 0.0014526 0.0030096 0.0031772 0.00022048
0.00023523 0.0014537 0.0030077 0.0031684 0.00022696
0.0002335 0.0014548 0.0030058 0.0031597 0.0002278
0.0002318 0.0014559 0.0030039 0.003151 0.0002289
0.00023008 0.001457 0.003002 0.0031425 0.00022979
0.0002284 0.0014581 0.0030001 0.003134 0.00023105
0.00022669 0.0014593 0.0029983 0.0031256 0.00023214
0.00022497 0.0014605 0.0029964 0.0031172 0.00023307
0.00022329 0.0014616 0.0029945 0.0031088 0.00023437
0.00022163 0.0014628 0.0029927 0.0031005 0.000236
0.00021995 0.0014639 0.0029908 0.0030922 0.00023744
0.00021826 0.001465 0.0029889 0.0030838 0.00023868
0.00021654 0.0014662 0.0029871 0.0030754 0.00023973
0.00021485 0.0014673 0.0029852 0.0030671 0.00024113
0.00021314 0.0014685 0.0029833 0.0030587 0.00024232
0.00021141 0.0014696 0.0029814 0.0030503 0.00024339
0.00020972 0.0014707 0.0029796 0.0030419 0.00024489
0.000208 0.0014719 0.0029777 0.0030336 0.00024616
0.00020632 0.001473 0.0029758 0.0030253 0.00024615
0.00020462 0.0014741 0.0029739 0.003017 0.00024598
0.0002029 0.0014753 0.0029721 0.0030087 0.00024566
0.00020121 0.0014765 0.0029702 0.0030005 0.0002456
0.00019954 0.0014776 0.0029684 0.0029924 0.00024572
0.0001979 0.0014788 0.0029666 0.0029843 0.00024604
0.00019624 0.00148 0.0029648 0.0029762 0.0002463
0.00019458 0.0014812 0.0029629 0.0029681 0.0002465
0.00019293 0.0014824 0.0029611 0.00296 0.00024287
0.00019128 0.0014836 0.0029593 0.0029519 0.00023911
0.00018965 0.0014848 0.0029575 0.0029439 0.00023581
0.00018806 0.001486 0.0029557 0.002936 0.00023308
0.0001865 0.0014873 0.0029539 0.0029281 0.00023091
0.00018493 0.0014885 0.0029521 0.0029202 0.00022855
0.00018338 0.0014897 0.0029503 0.0029123 0.00022662
0.00018182 0.001491 0.0029486 0.0029045 0.00022454
0.00018029 0.0014922 0.0029468 0.0028967 0.00022283
0.0001788 0.0014935 0.002945 0.0028888 0.0002168
0.00017734 0.0014947 0.0029433 0.0028811 0.00021189
0.00017586 0.001496 0.0029415 0.0028733 0.00020644
0.00017437 0.0014973 0.0029398 0.0028654 0.0002008
0.00017289 0.0014986 0.002938 0.0028577 0.00019579
0.00017141 0.0014999 0.0029363 0.0028499 0.00019052
0.00016994 0.0015012 0.0029346 0.0028421 0.00018589
0.00016852 0.0015025 0.0029328 0.0028344 0.00017158
0.00016712 0.0015038 0.0029311 0.0028267 0.00015983
0.00016576 0.0015051 0.0029294 0.002819 0.00015033
0.00016443 0.0015065 0.0029277 0.0028115 0.00014254
0.00016309 0.0015078 0.002926 0.0028039 0.00013402
0.00016172 0.0015092 0.0029243 0.0027964 0.00012469
0.00016039 0.0015105 0.0029226 0.0027888 0.00011705
0.00015903 0.0015119 0.002921 0.0027814 0.00010858
0.00015766 0.0015132 0.0029193 0.0027739 9.9329e-05
0.00015627 0.0015146 0.0029176 0.0027663 8.9209e-05
0.00015491 0.0015159 0.0029159 0.0027588 8.0905e-05
0.00015358 0.0015173 0.0029142 0.0027514 5.5947e-05
0.00015223 0.0015187 0.0029126 0.002744 5.0291e-05
0.00015091 0.0015201 0.0029109 0.0027367 4.5517e-05
0.00014958 0.0015214 0.0029092 0.0027293 4.4984e-05
0.00014825 0.0015228 0.0029076 0.0027219 4.4537e-05
0.00014692 0.0015242 0.0029059 0.0027145 4.4055e-05
0.0001456 0.0015256 0.0029042 0.0027072 4.3652e-05
0.00014428 0.0015269 0.0029026 0.0026999 4.3218e-05
0.00014295 0.0015283 0.0029009 0.0026925 4.2753e-05
0.00014163 0.0015297 0.0028992 0.0026852 4.2366e-05
0.0001403 0.001531 0.0028975 0.0026779 4.1945e-05
0.00013899 0.0015324 0.0028959 0.0026706 4.1612e-05
0.0001377 0.0015338 0.0028942 0.0026634 3.895e-05
0.0001364 0.0015352 0.0028925 0.0026561 3.617e-05
0.00013512 0.0015366 0.0028909 0.0026489 3.3778e-05
0.00013387 0.001538 0.0028893 0.0026418 3.1815e-05
0.00013261 0.0015395 0.0028877 0.0026347 2.9663e-05
0.00013132 0.001541 0.0028861 0.0026278 2.7306e-05
0.00013007 0.0015425 0.0028845 0.0026208 2.5712e-05
0.00012879 0.001544 0.002883 0.0026139 2.3944e-05
0.00012755 0.0015455 0.0028814 0.002607 2.2489e-05
0.00012633 0.001547 0.0028799 0.0026002 2.13e-05
0.0001251 0.0015486 0.0028783 0.0025933 1.9985e-05
0.0001243 0.0015501 0.0028768 0.0025865 1.8535e-05
0.00012352 0.0015516 0.0028752 0.0025797 1.7348e-05
0.00012272 0.0015531 0.0028737 0.0025728 1.7441e-05
0.00012194 0.0015547 0.0028721 0.002566 1.7591e-05
0.00012115 0.0015562 0.0028706 0.0025592 1.7718e-05
0.00012037 0.0015577 0.002869 0.0025525 1.789e-05
0.00011959 0.0015592 0.0028675 0.0025457 1.8037e-05
0.00011882 0.0015608 0.0028659 0.0025389 1.8243e-05
0.00011803 0.0015623 0.0028644 0.002532 1.8414e-05
0.00011724 0.0015638 0.0028628 0.0025252 1.8551e-05
0.00011646 0.0015653 0.0028612 0.0025184 1.8766e-05
0.00011571 0.0015669 0.0028597 0.0025115 1.8389e-05
0.00011494 0.0015684 0.0028581 0.0025047 1.798e-05
0.00011419 0.0015699 0.0028565 0.0024979 1.7631e-05
0.00011343 0.0015714 0.002855 0.0024911 1.7256e-05
0.00011268 0.0015729 0.0028534 0.0024843 1.6941e-05
0.00011193 0.0015744 0.0028518 0.0024775 1.6604e-05
0.00011118 0.0015759 0.0028503 0.0024708 1.6316e-05
0.00011045 0.0015775 0.0028487 0.0024641 1.6077e-05
0.00010973 0.001579 0.0028472 0.0024574 1.5899e-05
0.00010899 0.0015806 0.0028456 0.0024507 1.5686e-05
0.00010827 0.0015821 0.0028441 0.0024441 1.5545e-05
0.00010758 0.0015837 0.0028426 0.0024375 1.5286e-05
0.00010689 0.0015853 0.0028411 0.002431 1.5097e-05
0.0001062 0.0015869 0.0028396 0.0024245 1.486e-05
0.00010549 0.0015885 0.0028381 0.0024179 1.4573e-05
0.0001048 0.0015901 0.0028366 0.0024114 1.34e-05
0.00010413 0.0015917 0.0028351 0.002405 1.2444e-05
0.00010347 0.0015934 0.0028336 0.0023986 1.1585e-05
0.00010282 0.0015951 0.0028322 0.0023922 1.0808e-05
0.00010216 0.0015967 0.0028307 0.0023858 1e-05
0.00010151 0.0015984 0.0028293 0.0023795 9.2709e-06
0.00010085 0.0016 0.0028278 0.0023732 8.5085e-06
0.00010019 0.0016017 0.0028263 0.0023668 7.7123e-06
9.9532e-05 0.0016033 0.0028249 0.0023605 6.9908e-06
9.8869e-05 0.001605 0.0028234 0.0023541 6.2402e-06
9.8199e-05 0.0016066 0.0028219 0.0023478 5.4566e-06
9.7539e-05 0.0016083 0.0028204 0.0023415 4.7589e-06
9.6888e-05 0.0016099 0.002819 0.0023352 4.126e-06
9.6229e-05 0.0016116 0.0028175 0.0023289 3.4622e-06
9.5586e-05 0.0016132 0.002816 0.0023226 2.9031e-06
9.4953e-05 0.0016149 0.0028146 0.0023163 2.4086e-06
9.4329e-05 0.0016165 0.0028131 0.0023101 1.9579e-06
9.3714e-05 0.0016182 0.0028116 0.0023039 1.5536e-06
9.3109e-05 0.0016199 0.0028102 0.0022977 1.1899e-06
9.2513e-05 0.0016216 0.0028088 0.0022916 8.6227e-07
9.1909e-05 0.0016233 0.0028073 0.0022855 8.9377e-07
9.1299e-05 0.001625 0.0028059 0.0022793 9.1505e-07
9.0672e-05 0.0016267 0.0028044 0.0022731 9.193e-07
9.0064e-05 0.0016284 0.002803 0.002267 9.3864e-07
8.9442e-05 0.0016301 0.0028015 0.0022609 9.4171e-07
8.8806e-05 0.0016317 0.0028 0.0022547 9.2768e-07
8.8188e-05 0.0016334 0.0027986 0.0022485 9.2872e-07
8.7564e-05 0.001635 0.002797 0.0022422 9.2009e-07
8.6947e-05 0.0016366 0.0027955 0.002236 9.159e-07
8.6337e-05 0.0016383 0.0027941 0.0022299 9.1637e-07
8.572e-05 0.0016399 0.0027926 0.0022237 9.0613e-07
8.5111e-05 0.0016416 0.0027911 0.0022175 9.0015e-07
8.4494e-05 0.0016432 0.0027896 0.0022114 8.8439e-07
8.3885e-05 0.0016448 0.0027881 0.0022053 8.7285e-07
8.3269e-05 0.0016465 0.0027866 0.0021991 8.5145e-07
8.2665e-05 0.0016482 0.0027851 0.0021931 8.3863e-07
8.2075e-05 0.0016498 0.0027837 0.002187 8.361e-07
8.1498e-05 0.0016516 0.0027822 0.002181 8.4395e-07
8.0935e-05 0.0016533 0.0027808 0.0021751 8.6305e-07
8.0358e-05 0.001655 0.0027793 0.0021691 8.6547e-07
7.9769e-05 0.0016568 0.0027779 0.0021632 8.7997e-07
7.9196e-05 0.0016585 0.0027765 0.0021573 9.0937e-07
7.8615e-05 0.0016602 0.002775 0.0021513 9.2723e-07
7.8044e-05 0.0016619 0.0027736 0.0021454 9.5342e-07
7.7482e-05 0.0016637 0.0027721 0.0021396 9.8652e-07
7.6928e-05 0.0016654 0.0027707 0.0021337 1.027e-06
7.6382e-05 0.0016672 0.0027693 0.0021279 1.0752e-06
7.5843e-05 0.001669 0.0027679 0.0021221 1.1297e-06
7.5296e-05 0.0016708 0.0027665 0.0021163 1.1737e-06
7.4758e-05 0.0016726 0.0027651 0.0021106 1.2265e-06
7.4214e-05 0.0016743 0.0027637 0.0021048 1.2692e-06
7.3676e-05 0.0016761 0.0027623 0.0020991 1.3188e-06
7.3131e-05 0.0016779 0.0027609 0.0020934 1.3578e-06
7.2592e-05 0.0016797 0.0027595 0.0020875 1.404e-06
7.2047e-05 0.0016815 0.0027581 0.0020817 1.4395e-06
7.1495e-05 0.0016833 0.0027567 0.0020758 1.4642e-06
7.0951e-05 0.0016851 0.0027553 0.00207 1.4986e-06
7.04e-05 0.0016869 0.0027539 0.0020641 1.5221e-06
6.9857e-05 0.0016887 0.0027525 0.0020583 1.5556e-06
6.9308e-05 0.0016905 0.0027511 0.0020526 1.5786e-06
6.8764e-05 0.0016923 0.0027498 0.0020468 1.6096e-06
6.8227e-05 0.0016942 0.0027484 0.0020411 1.6488e-06
6.7696e-05 0.001696 0.002747 0.0020354 1.6965e-06
6.7171e-05 0.0016979 0.0027457 0.0020298 1.7533e-06
6.6639e-05 0.0016998 0.0027443 0.0020241 1.7992e-06
6.6113e-05 0.0017017 0.002743 0.0020185 1.8545e-06
6.5581e-05 0.0017035 0.0027416 0.0020128 1.8984e-06
6.5056e-05 0.0017054 0.0027403 0.0020072 1.9545e-06
6.4536e-05 0.0017073 0.0027389 0.0020016 2.021e-06
6.401e-05 0.0017092 0.0027376 0.001996 2.0757e-06
6.3492e-05 0.0017111 0.0027362 0.0019905 2.1439e-06
6.298e-05 0.001713 0.0027349 0.001985 2.2267e-06
6.2462e-05 0.0017149 0.0027336 0.0019794 2.2971e-06
6.1951e-05 0.0017169 0.0027323 0.0019739 2.3828e-06
6.1445e-05 0.0017188 0.0027309 0.0019685 2.4822e-06
6.0946e-05 0.0017208 0.0027296 0.001963 2.5992e-06
6.0454e-05 0.0017227 0.0027284 0.0019576 2.7353e-06
5.9956e-05 0.0017247 0.0027271 0.0019522 2.8587e-06
5.9464e-05 0.0017267 0.0027258 0.0019468 2.9985e-06
5.8964e-05 0.0017287 0.0027245 0.0019414 3.1244e-06
5.847e-05 0.0017307 0.0027232 0.0019361 3.2676e-06
5.797e-05 0.0017326 0.0027219 0.0019307 3.3965e-06
5.7476e-05 0.0017346 0.0027206 0.0019253 3.5483e-06
5.6993e-05 0.0017366 0.0027193 0.00192 3.3879e-06
5.6518e-05 0.0017387 0.0027181 0.0019148 3.2547e-06
5.6034e-05 0.0017407 0.0027168 0.0019095 3.1008e-06
5.5539e-05 0.0017427 0.0027155 0.0019043 2.9811e-06
5.5057e-05 0.0017448 0.0027143 0.001899 2.8317e-06
5.4589e-05 0.0017468 0.002713 0.0018938 2.7229e-06
5.4109e-05 0.0017489 0.0027118 0.0018887 2.916e-06
5.3618e-05 0.001751 0.0027106 0.0018835 3.0801e-06
5.3117e-05 0.0017531 0.0027093 0.0018783 3.2196e-06
5.2627e-05 0.0017551 0.0027081 0.0018731 3.397e-06
5.2129e-05 0.0017572 0.0027068 0.001868 3.5511e-06
5.162e-05 0.0017592 0.0027055 0.0018628 3.6812e-06
5.1121e-05 0.0017613 0.0027043 0.0018576 3.8446e-06
5.0629e-05 0.0017634 0.0027031 0.0018525 4.0352e-06
5.0129e-05 0.0017655 0.0027018 0.0018474 4.2082e-06
4.9637e-05 0.0017676 0.0027006 0.0018423 4.4136e-06
4.9138e-05 0.0017697 0.0026993 0.0018372 4.6019e-06
4.8633e-05 0.0017717 0.0026981 0.0018321 4.773e-06
4.8137e-05 0.0017738 0.0026968 0.001827 4.9848e-06
4.7647e-05 0.001776 0.0026956 0.0018219 5.2318e-06
4.7149e-05 0.0017781 0.0026944 0.0018169 5.4533e-06
4.6642e-05 0.0017802 0.0026931 0.0018118 5.6469e-06
4.6125e-05 0.0017822 0.0026919 0.0018067 5.8133e-06
4.562e-05 0.0017843 0.0026906 0.0018016 5.9493e-06
4.5124e-05 0.0017864 0.0026893 0.0017965 6.1304e-06
4.464e-05 0.0017885 0.0026881 0.0017915 6.373e-06
4.4168e-05 0.0017906 0.0026869 0.0017865 6.6859e-06
4.3685e-05 0.0017927 0.0026856 0.0017815 7.3449e-06
4.3192e-05 0.0017948 0.0026844 0.0017765 7.9365e-06
4.271e-05 0.001797 0.0026831 0.0017715 8.6679e-06
4.2238e-05 0.0017991 0.0026819 0.0017666 9.5387e-06
4.1755e-05 0.0018013 0.0026807 0.0017616 1.0315e-05
4.1283e-05 0.0018034 0.0026795 0.0017567 1.1268e-05
4.082e-05 0.0018056 0.0026783 0.0017518 1.2402e-05
4.0368e-05 0.0018079 0.0026771 0.001747 1.3778e-05
3.9925e-05 0.0018101 0.002676 0.0017423 1.5379e-05
3.9488e-05 0.0018124 0.0026748 0.0017375 1.7472e-05
3.9046e-05 0.0018147 0.0026737 0.0017327 1.948e-05
3.8608e-05 0.001817 0.0026725 0.0017279 2.1743e-05
3.8174e-05 0.0018193 0.0026714 0.0017232 2.4243e-05
3.7734e-05 0.0018216 0.0026703 0.0017184 2.6655e-05
3.7298e-05 0.0018239 0.0026692 0.0017137 2.9318e-05
3.6856e-05 0.0018262 0.002668 0.0017089 4.2717e-05
3.6417e-05 0.0018285 0.0026669 0.0017042 5.7499e-05
3.5972e-05 0.0018308 0.0026658 0.0016995 7.1857e-05
3.5531e-05 0.0018332 0.0026646 0.0016948 8.77e-05
3.5083e-05 0.0018355 0.0026635 0.0016901 0.00010303
3.4641e-05 0.0018378 0.0026624 0.0016854 0.00012023
3.4203e-05 0.0018401 0.0026613 0.0016807 0.00013956
3.3773e-05 0.0018425 0.0026601 0.0016761 0.00015769
3.3348e-05 0.0018448 0.002659 0.0016714 0.0001783
3.293e-05 0.0018472 0.0026579 0.0016668 0.00018356
3.2505e-05 0.0018496 0.0026568 0.0016622 0.0001886
3.2074e-05 0.0018519 0.0026557 0.0016576 0.00019345
3.1637e-05 0.0018543 0.0026545 0.0016529 0.00019812
3.1204e-05 0.0018566 0.0026534 0.0016483 0.00020339
3.0766e-05 0.001859 0.0026523 0.0016437 0.00020848
3.0321e-05 0.0018613 0.0026512 0.0016391 0.0002134
2.9881e-05 0.0018637 0.00265 0.0016344 0.00021894
2.9434e-05 0.001866 0.0026489 0.0016298 0.0002243
2.8977e-05 0.0018684 0.0026478 0.0016253 0.00022569
2.8512e-05 0.0018708 0.0026466 0.0016207 0.00022696
2.804e-05 0.0018731 0.0026455 0.0016161 0.00022813
2.7574e-05 0.0018755 0.0026444 0.0016115 0.00022959
2.7101e-05 0.0018779 0.0026432 0.0016069 0.00023094
2.6621e-05 0.0018802 0.0026421 0.0016023 0.00023219
2.6132e-05 0.0018825 0.0026409 0.0015977 0.00023327
2.5635e-05 0.0018848 0.0026397 0.0015931 0.00023423
2.5145e-05 0.0018872 0.0026386 0.0015885 0.0002355
2.4663e-05 0.0018895 0.0026374 0.0015839 0.00023716
2.4175e-05 0.0018919 0.0026363 0.0015793 0.00023873
2.3681e-05 0.0018942 0.0026351 0.0015748 0.00024022
2.3192e-05 0.0018966 0.002634 0.0015702 0.00024198
2.2706e-05 0.001899 0.0026328 0.0015657 0.00024402
2.2223e-05 0.0019014 0.0026317 0.0015612 0.00024634
2.1734e-05 0.0019038 0.0026306 0.0015567 0.00024857
2.125e-05 0.0019062 0.0026294 0.0015522 0.00025113
2.0769e-05 0.0019086 0.0026283 0.0015478 0.00025407
2.0294e-05 0.0019111 0.0026272 0.0015433 0.00025751
1.9827e-05 0.0019135 0.0026261 0.0015389 0.00026061
1.9367e-05 0.001916 0.002625 0.0015345 0.00026431
1.8914e-05 0.0019184 0.0026239 0.0015301 0.00026485
1.8452e-05 0.001921 0.0026228 0.0015258 0.00026273
1.7995e-05 0.0019235 0.0026218 0.0015215 0.00026096
1.7544e-05 0.0019261 0.0026207 0.0015172 0.00025954
1.7086e-05 0.0019286 0.0026197 0.001513 0.00025799
1.662e-05 0.0019311 0.0026186 0.0015087 0.0002563
1.6967e-05 0.0019337 0.0026175 0.0015043 0.00025436
1.7317e-05 0.0019362 0.0026164 0.0015 0.00025274
1.7668e-05 0.0019387 0.0026154 0.0014958 0.00025134
1.8014e-05 0.0019413 0.0026143 0.0014915 0.00024985
1.8354e-05 0.0019438 0.0026132 0.0014872 0.0002483
1.8697e-05 0.0019464 0.0026121 0.0014829 0.000247
1.9034e-05 0.0019489 0.0026111 0.0014787 0.00024562
1.9365e-05 0.0019514 0.00261 0.0014744 0.00024417
1.9692e-05 0.0019539 0.0026089 0.0014701 0.00024265
2.002e-05 0.0019565 0.0026078 0.0014658 0.00023341
2.0351e-05 0.001959 0.0026067 0.0014616 0.00022518
2.0684e-05 0.0019616 0.0026056 0.0014574 0.00021774
2.1011e-05 0.0019642 0.0026046 0.0014531 0.00021005
2.1332e-05 0.0019667 0.0026035 0.0014489 0.00020208
2.1648e-05 0.0019693 0.0026024 0.0014447 0.00019388
2.1958e-05 0.0019718 0.0026013 0.0014404 0.00018542
2.2271e-05 0.0019743 0.0026002 0.0014362 0.0001779
2.2579e-05 0.0019769 0.0025991 0.0014319 0.00017011
2.288e-05 0.0019794 0.002598 0.0014277 0.00016208
2.3177e-05 0.0019819 0.0025968 0.0014234 0.0001538
2.3468e-05 0.0019844 0.0025957 0.0014191 0.00014527
2.3761e-05 0.001987 0.0025946 0.0014149 0.00013767
2.4056e-05 0.0019895 0.0025935 0.0014107 0.0001308
2.4353e-05 0.0019921 0.0025924 0.0014065 0.00012457
2.4651e-05 0.0019947 0.0025913 0.0014023 0.00011894
2.4944e-05 0.0019972 0.0025902 0.0013981 0.00011311
2.5239e-05 0.0019998 0.0025891 0.0013939 0.00010792
2.5529e-05 0.0020024 0.002588 0.0013897 0.00010257
2.5822e-05 0.002005 0.0025869 0.0013856 9.7805e-05
2.6117e-05 0.0020076 0.0025858 0.0013815 9.3577e-05
2.6416e-05 0.0020103 0.0025847 0.0013774 8.991e-05
2.6708e-05 0.0020129 0.0025837 0.0013733 8.5997e-05
2.7005e-05 0.0020156 0.0025826 0.0013692 8.265e-05
2.7293e-05 0.0020182 0.0025815 0.0013651 7.8977e-05
2.7583e-05 0.0020208 0.0025804 0.001361 7.567e-05
2.7875e-05 0.0020235 0.0025794 0.0013569 7.2683e-05
2.8169e-05 0.0020262 0.0025783 0.0013529 6.9985e-05
2.8464e-05 0.0020289 0.0025773 0.0013489 6.7549e-05
2.8762e-05 0.0020316 0.0025762 0.0013449 6.5352e-05
2.9055e-05 0.0020343 0.0025752 0.0013409 6.3064e-05
2.935e-05 0.0020371 0.0025741 0.0013369 6.1036e-05
2.9648e-05 0.0020398 0.0025731 0.0013329 5.9244e-05
2.9949e-05 0.0020426 0.0025721 0.001329 5.7634e-05
3.0244e-05 0.0020453 0.0025711 0.001325 5.5957e-05
3.0533e-05 0.0020481 0.00257 0.0013211 5.4212e-05
3.0824e-05 0.0020508 0.002569 0.0013171 5.2646e-05
3.111e-05 0.0020536 0.002568 0.0013132 5.102e-05
3.1398e-05 0.0020564 0.0025669 0.0013093 4.9562e-05
3.1688e-05 0.0020591 0.0025659 0.0013053 4.8259e-05
3.1981e-05 0.002062 0.0025649 0.0013015 4.7093e-05
3.2268e-05 0.0020647 0.0025639 0.0012976 4.5875e-05
3.2557e-05 0.0020676 0.0025629 0.0012937 4.4787e-05
3.284e-05 0.0020704 0.0025618 0.0012898 4.3649e-05
3.3127e-05 0.0020732 0.0025608 0.0012859 4.2656e-05
3.3419e-05 0.002076 0.0025598 0.0012821 4.1828e-05
3.3717e-05 0.0020789 0.0025588 0.0012783 4.115e-05
3.4007e-05 0.0020818 0.0025579 0.0012745 4.0404e-05
3.4287e-05 0.0020846 0.0025568 0.0012706 3.9547e-05
3.4557e-05 0.0020874 0.0025558 0.0012668 3.8579e-05
3.4834e-05 0.0020903 0.0025548 0.0012629 3.7783e-05
3.5101e-05 0.0020932 0.0025538 0.0012591 3.687e-05
3.5362e-05 0.002096 0.0025528 0.0012552 3.5907e-05
3.5617e-05 0.0020989 0.0025518 0.0012513 3.4893e-05
3.5875e-05 0.0021017 0.0025508 0.0012474 3.3992e-05
3.6126e-05 0.0021046 0.0025497 0.0012436 3.3047e-05
3.6382e-05 0.0021075 0.0025487 0.0012397 3.2222e-05
3.6639e-05 0.0021104 0.0025477 0.0012359 3.149e-05
3.6891e-05 0.0021133 0.0025467 0.0012321 3.072e-05
3.7137e-05 0.0021161 0.0025457 0.0012282 2.991e-05
3.7387e-05 0.002119 0.0025447 0.0012243 2.9207e-05
3.764e-05 0.0021219 0.0025437 0.0012205 2.86e-05
3.7897e-05 0.0021248 0.0025427 0.0012167 2.8081e-05
3.8148e-05 0.0021277 0.0025416 0.0012129 2.7532e-05
3.8403e-05 0.0021306 0.0025406 0.0012091 2.7068e-05
3.8652e-05 0.0021336 0.0025396 0.0012052 2.657e-05
3.891e-05 0.0021365 0.0025386 0.0012015 2.6208e-05
3.9159e-05 0.0021394 0.0025376 0.0011977 2.5779e-05
3.9398e-05 0.0021423 0.0025366 0.0011939 2.526e-05
3.9626e-05 0.0021452 0.0025355 0.0011901 2.4656e-05
3.9864e-05 0.0021481 0.0025345 0.0011864 2.4197e-05
4.0092e-05 0.0021509 0.0025334 0.0011826 2.3659e-05
4.0329e-05 0.0021539 0.0025323 0.0011789 2.3256e-05
4.0569e-05 0.0021568 0.0025313 0.0011752 2.2919e-05
4.0814e-05 0.0021597 0.0025303 0.0011715 2.2651e-05
4.1052e-05 0.0021627 0.0025293 0.0011679 2.2356e-05
4.1294e-05 0.0021657 0.0025283 0.0011642 2.2114e-05
4.1539e-05 0.0021687 0.0025273 0.0011606 2.193e-05
4.1778e-05 0.0021717 0.0025263 0.0011571 2.1725e-05
4.2012e-05 0.0021747 0.0025253 0.0011535 2.1497e-05
4.224e-05 0.0021777 0.0025243 0.0011499 2.1244e-05
4.2462e-05 0.0021807 0.0025232 0.0011463 2.0968e-05
4.2688e-05 0.0021837 0.0025222 0.0011427 2.0751e-05
4.2919e-05 0.0021867 0.0025212 0.0011391 2.0591e-05
4.3143e-05 0.0021897 0.0025202 0.0011355 2.0407e-05
4.3361e-05 0.0021927 0.0025192 0.001132 2.0201e-05
4.3574e-05 0.0021957 0.0025181 0.0011284 1.9972e-05
4.3796e-05 0.0021905 0.0025176 0.0011248 1.9839e-05
4.4021e-05 0.0021854 0.0025171 0.0011213 1.9753e-05
4.4239e-05 0.0021802 0.0025166 0.0011177 1.9644e-05
4.4453e-05 0.002175 0.0025161 0.0011142 1.9513e-05
4.467e-05 0.0021699 0.0025156 0.0011106 1.9433e-05
4.4891e-05 0.0021647 0.0025151 0.0011071 1.9406e-05
4.5102e-05 0.0021596 0.0025147 0.0011036 1.8691e-05
4.5304e-05 0.0021545 0.0025142 0.0011001 1.789e-05
4.5513e-05 0.0021494 0.0025137 0.0010966 1.7221e-05
4.5711e-05 0.0021444 0.0025132 0.0010932 1.6467e-05
4.59e-05 0.0021393 0.0025128 0.0010897 1.5622e-05
4.6078e-05 0.0021342 0.0025123 0.0010862 1.4726e-05
4.6263e-05 0.0021292 0.0025118 0.0010828 1.3975e-05
4.6439e-05 0.0021241 0.0025113 0.0010793 1.3133e-05
4.6621e-05 0.002119 0.0025108 0.0010758 1.036e-05
4.6811e-05 0.002114 0.0025104 0.0010724 8.015e-06
4.6992e-05 0.002109 0.0025099 0.001069 5.4895e-06
4.718e-05 0.002104 0.0025094 0.0010656 3.3088e-06
4.7358e-05 0.002099 0.002509 0.0010621 3.013e-06
4.7546e-05 0.002094 0.0025085 0.0010587 2.7746e-06
4.7743e-05 0.0020891 0.0025081 0.0010554 2.8251e-06
4.7948e-05 0.0020842 0.0025077 0.001052 2.9024e-06
4.8161e-05 0.0020793 0.0025073 0.0010487 3.0076e-06
4.8383e-05 0.0020745 0.0025069 0.0010455 3.1499e-06
4.8594e-05 0.0020698 0.0025065 0.0010422 3.0538e-06
4.88e-05 0.002065 0.0025061 0.0010389 2.9427e-06
4.901e-05 0.0020602 0.0025058 0.0010356 2.8508e-06
4.9223e-05 0.0020555 0.0025054 0.0010323 2.7735e-06
4.944e-05 0.0020508 0.0025051 0.0010291 2.7128e-06
4.9652e-05 0.0020461 0.0025047 0.0010258 2.6402e-06
4.9868e-05 0.0020414 0.0025044 0.0010226 2.5836e-06
5.0089e-05 0.0020367 0.002504 0.0010194 2.5422e-06
5.0314e-05 0.0020321 0.0025037 0.0010162 2.5155e-06
5.0544e-05 0.0020274 0.0025034 0.001013 2.503e-06
5.0767e-05 0.0020228 0.0025031 0.0010098 2.4785e-06
5.0985e-05 0.0020182 0.0025027 0.0010066 2.4426e-06
5.1207e-05 0.0020136 0.0024822 0.0010035 2.4208e-06
5.1424e-05 0.002009 0.0024616 0.0010003 2.387e-06
5.1644e-05 0.0020043 0.0024411 0.00099709 2.367e-06
5.1859e-05 0.0019997 0.0024205 0.00099388 2.3358e-06
5.2079e-05 0.0019951 0.0024 0.00099069 2.3182e-06
5.2303e-05 0.0019905 0.0023795 0.00098753 2.314e-06
5.2532e-05 0.0019859 0.0023591 0.00098438 2.3235e-06
5.2769e-05 0.0019814 0.0023388 0.00098126 2.3533e-06
5.2997e-05 0.0019769 0.0023184 0.00097812 2.3641e-06
5.3214e-05 0.0019723 0.002298 0.00097495 2.4385e-06
5.344e-05 0.0019678 0.0022777 0.00097182 2.5393e-06
5.3674e-05 0.0019633 0.0022574 0.00096872 2.6691e-06
5.3898e-05 0.0019587 0.0022371 0.00096559 2.7735e-06
5.4133e-05 0.0019543 0.0022169 0.0009625 2.9193e-06
5.4358e-05 0.0019498 0.0021967 0.00095939 3.0418e-06
5.4593e-05 0.0019453 0.0021765 0.00095631 2.9069e-06
5.4836e-05 0.0019409 0.0021565 0.00095326 2.7998e-06
5.5069e-05 0.0019364 0.0021363 0.00095019 2.6702e-06
5.5311e-05 0.001932 0.0021163 0.00094714 2.5705e-06
5.5542e-05 0.0019276 0.0020962 0.00094407 2.4436e-06
5.5781e-05 0.0019232 0.0020762 0.00094104 2.3681e-06
5.601e-05 0.0019187 0.0020562 0.00093798 2.2668e-06
5.6247e-05 0.0019144 0.0020363 0.00093495 2.1911e-06
5.6493e-05 0.00191 0.0020164 0.00093195 2.1389e-06
5.673e-05 0.0019056 0.0019965 0.00092893 2.0682e-06
5.6973e-05 0.0019013 0.0019766 0.00092594 2.0128e-06
5.7224e-05 0.001897 0.0019568 0.00092296 1.9748e-06
5.7466e-05 0.0018927 0.0019371 0.00092 1.9219e-06
5.7701e-05 0.0018883 0.0019173 0.00091703 1.8542e-06
5.7943e-05 0.001884 0.0018975 0.00091405 1.8036e-06
5.819e-05 0.0018797 0.0018778 0.00091108 1.7656e-06
5.8431e-05 0.0018754 0.0018581 0.00090811 1.7135e-06
5.8678e-05 0.0018711 0.0018384 0.00090515 1.6766e-06
5.8915e-05 0.0018669 0.0018188 0.00090222 1.6578e-06
5.9141e-05 0.0018626 0.0017991 0.00089927 1.6204e-06
5.9357e-05 0.0018584 0.0017796 0.00089635 1.562e-06
5.9582e-05 0.0018542 0.0017601 0.00089346 1.5224e-06
5.9795e-05 0.0018499 0.0017406 0.00089055 1.4599e-06
6.0017e-05 0.0018457 0.0017211 0.00088766 1.4157e-06
6.0251e-05 0.0018416 0.0017017 0.00088481 1.2916e-06
6.0497e-05 0.0018375 0.0016824 0.00088199 1.1945e-06
6.0754e-05 0.0018334 0.0016632 0.0008792 1.1205e-06
6.1023e-05 0.0018294 0.001644 0.00087644 1.0667e-06
6.1304e-05 0.0018254 0.0016249 0.00087371 1.0315e-06
6.1594e-05 0.0018214 0.0016059 0.00087101 1.0096e-06
6.1873e-05 0.0018174 0.0015868 0.00086829 9.6991e-07
6.2162e-05 0.0018135 0.0015678 0.0008656 9.483e-07
6.246e-05 0.0018096 0.0015489 0.00086293 9.3896e-07
6.2771e-05 0.0018057 0.00153 0.00086029 9.4309e-07
6.3071e-05 0.0018018 0.0015112 0.00085764 9.3134e-07
6.3359e-05 0.0017979 0.0014922 0.00085496 9.0247e-07
6.3638e-05 0.001794 0.0014734 0.0008523 8.8544e-07
6.3909e-05 0.0017901 0.0014545 0.00084964 8.5839e-07
6.4187e-05 0.0017862 0.0014357 0.00084699 8.3749e-07
6.4471e-05 0.0017824 0.0014169 0.00084433 8.0668e-07
6.4748e-05 0.0017785 0.0013981 0.00084167 7.6598e-07
6.503e-05 0.0017746 0.0013793 0.00083901 7.2952e-07
6.5316e-05 0.0017707 0.0013605 0.00083635 6.9694e-07
6.5607e-05 0.0017668 0.0013418 0.00083369 6.6788e-07
6.5905e-05 0.001763 0.0013231 0.00083106 6.4371e-07
6.6208e-05 0.0017591 0.0013244 0.00082841 6.0892e-07
6.652e-05 0.0017552 0.0013256 0.00082578 5.8128e-07
6.6841e-05 0.0017513 0.0013269 0.00082318 5.6112e-07
6.7175e-05 0.0017475 0.0013282 0.00082055 5.5151e-07
6.7497e-05 0.0017436 0.0013295 0.0008179 5.2719e-07
6.7832e-05 0.0017397 0.0013307 0.00081528 5.131e-07
6.818e-05 0.0017358 0.001332 0.00081264 5.0868e-07
6.8542e-05 0.001732 0.0013332 0.00081003 5.1371e-07
6.8917e-05 0.0017282 0.0013345 0.00080745 5.2835e-07
6.9305e-05 0.0017244 0.0013358 0.0008049 5.5327e-07
6.9682e-05 0.0017206 0.0013371 0.00080233 5.6439e-07
7.0073e-05 0.0017169 0.0013384 0.00079979 5.8618e-07
7.0478e-05 0.0017131 0.0013397 0.00079728 6.1949e-07
7.0897e-05 0.0017095 0.001341 0.00079479 6.656e-07
7.1331e-05 0.0017058 0.0013423 0.00079234 7.2632e-07
7.1778e-05 0.0017022 0.0013436 0.00078991 6.707e-07
7.2215e-05 0.0016987 0.001345 0.00078751 8.1416e-07
7.2665e-05 0.0016951 0.0013463 0.00078509 9.884e-07
7.3104e-05 0.0016915 0.0013476 0.00078265 1.139e-06
7.3555e-05 0.0016879 0.0013489 0.00078023 1.3175e-06
7.4018e-05 0.0016843 0.0013503 0.00077784 1.529e-06
7.4494e-05 0.0016807 0.0013516 0.00077543 1.7794e-06
7.4984e-05 0.0016772 0.0013529 0.00077305 1.8035e-06
7.5491e-05 0.0016737 0.0013543 0.00077069 1.8518e-06
7.601e-05 0.0016702 0.0013556 0.00076831 1.9215e-06
7.6515e-05 0.0016667 0.0013569 0.00076592 1.9684e-06
7.7009e-05 0.0016632 0.0013583 0.00076354 2.0373e-06
7.7515e-05 0.0016598 0.0013596 0.00076119 2.13e-06
7.8009e-05 0.0016563 0.001361 0.00075882 2.1986e-06
7.8518e-05 0.0016529 0.0013623 0.00075642 2.2992e-06
7.9014e-05 0.0016494 0.0013636 0.00075401 2.3747e-06
7.9499e-05 0.0016459 0.0013649 0.00075158 2.4276e-06
7.9996e-05 0.0016424 0.0013662 0.00074917 2.5057e-06
8.0478e-05 0.0016388 0.0013675 0.00074674 2.5587e-06
8.0972e-05 0.0016354 0.0013688 0.00074433 2.636e-06
8.1454e-05 0.0016318 0.00137 0.0007419 2.6914e-06
8.195e-05 0.0016284 0.0013713 0.00073949 2.7734e-06
8.2431e-05 0.0016249 0.0013726 0.00073707 2.8396e-06
8.292e-05 0.0016214 0.0013739 0.00073466 2.922e-06
8.3402e-05 0.0016179 0.0013751 0.00073224 2.9913e-06
8.3893e-05 0.0016144 0.0013764 0.00072983 3.0783e-06
8.4391e-05 0.001611 0.0013777 0.00072744 3.1842e-06
8.4898e-05 0.0016075 0.0013789 0.00072506 3.3104e-06
8.5411e-05 0.0016041 0.0013802 0.00072269 3.4545e-06
8.5933e-05 0.0016007 0.0013815 0.00072034 3.6227e-06
8.6448e-05 0.0015973 0.0013828 0.00071797 3.7761e-06
8.6972e-05 0.0015939 0.0013841 0.00071559 3.9559e-06
8.7489e-05 0.0015905 0.0013853 0.00071321 4.1204e-06
8.8015e-05 0.0015871 0.0013866 0.00071084 4.3131e-06
8.8535e-05 0.0015837 0.0013879 0.00070845 4.4909e-06
8.9048e-05 0.0015803 0.0013891 0.00070606 4.6541e-06
8.9568e-05 0.001577 0.0013904 0.00070369 4.8404e-06
9.0097e-05 0.0015736 0.0013916 0.00070132 5.057e-06
9.0619e-05 0.0015702 0.0013929 0.00069895 5.2578e-06
9.1149e-05 0.0015668 0.0013941 0.00069658 5.4872e-06
9.1671e-05 0.0015635 0.0013954 0.00069423 5.6966e-06
9.2204e-05 0.0015601 0.0013967 0.00069187 5.9471e-06
9.2755e-05 0.0015568 0.0013979 0.00068953 6.2692e-06
9.3291e-05 0.0015535 0.0013992 0.00068718 6.5392e-06
9.3813e-05 0.0015501 0.0014004 0.0006848 6.7654e-06
9.4353e-05 0.0015468 0.0014016 0.00068245 6.6446e-06
9.491e-05 0.0015435 0.0014029 0.00068012 6.5774e-06
9.5453e-05 0.0015401 0.0014041 0.00067778 6.4702e-06
0.00010559 0.0014768 0.0014265 0.00063281 4.2464e-06
0.00010612 0.0014735 0.0014277 0.00063043 4.1232e-06
0.00010666 0.0014702 0.0014288 0.00062807 4.0429e-06
0.00010875 0.0014568 0.0014333 0.00061853 3.5743e-06
0.00010929 0.0014535 0.0014344 0.00061616 3.4876e-06
0.00010984 0.0014503 0.0014356 0.00061382 3.4375e-06
0.00010922 0.001447 0.0014367 0.0006115 3.4232e-06
0.00010859 0.0014438 0.0014379 0.00060921 3.1145e-06
0.00010796 0.0014406 0.001439 0.0006069 2.8932e-06
0.00010733 0.0014374 0.0014402 0.00060461 2.7123e-06
0.00010669 0.0014342 0.0014413 0.00060234 2.5123e-06
0.00010605 0.001431 0.0014424 0.00060005 2.4637e-06
0.00010541 0.0014277 0.0014436 0.00059778 2.4598e-06
0.00010476 0.0014245 0.0014447 0.00059549 2.3801e-06
0.00010411 0.0014213 0.0014458 0.00059319 2.277e-06
0.00010346 0.001418 0.0014469 0.0005909 2.2051e-06
0.00010281 0.0014148 0.001448 0.0005886 2.118e-06
0.00010215 0.0014115 0.0014491 0.00058628 2.06e-06
0.00010149 0.0014083 0.0014502 0.00058398 2.0286e-06
0.00010082 0.001405 0.0014512 0.00058166 1.9745e-06
0.00010015 0.0014017 0.0014523 0.00057932 2.3115e-06
9.948e-05 0.0013985 0.0014534 0.000577 2.7212e-06
9.8806e-05 0.0013952 0.0014544 0.00057471 3.218e-06
9.8128e-05 0.001392 0.0014555 0.00057244 3.8203e-06
9.7447e-05 0.0013888 0.0014566 0.00057019 4.533e-06
9.6782e-05 0.0013856 0.0014577 0.00056796 4.7096e-06
9.6133e-05 0.0013825 0.0014588 0.00056575 4.5955e-06
9.5471e-05 0.0013793 0.0014599 0.00056356 4.451e-06
9.4827e-05 0.0013762 0.001461 0.0005614 4.3526e-06
9.4202e-05 0.0013732 0.0014622 0.00055925 3.8415e-06
9.3563e-05 0.0013701 0.0014633 0.00055709 3.1983e-06
9.2939e-05 0.001367 0.0014644 0.00055495 2.6541e-06
9.2334e-05 0.001364 0.0014656 0.00055283 2.2074e-06
9.1743e-05 0.001361 0.0014667 0.00055072 8.0555e-07
9.1139e-05 0.001358 0.0014679 0.0005486 6.0096e-07
9.0554e-05 0.001355 0.0014691 0.0005465 4.3074e-07
8.9955e-05 0.0013521 0.0014702 0.00054438 3.4593e-07
8.9371e-05 0.0013491 0.0014714 0.00054228 2.7205e-07
8.8804e-05 0.0013462 0.0014726 0.0005402 2.0939e-07
8.8252e-05 0.0013433 0.0014738 0.00053814 1.5365e-07
8.7717e-05 0.0013404 0.001475 0.0005361 1.0506e-07
8.7256e-05 0.0013376 0.0014762 0.00053405 1.2933e-07
8.6783e-05 0.0013346 0.0014773 0.00053197 1.4527e-07
8.6324e-05 0.0013318 0.0014785 0.00052992 1.626e-07
8.5878e-05 0.0013289 0.0014797 0.00052788 1.8177e-07
8.542e-05 0.001326 0.0014809 0.00052582 1.9088e-07
8.4978e-05 0.0013232 0.0014821 0.00052379 2.037e-07
8.4552e-05 0.0013203 0.0014833 0.00052174 2.206e-07
8.4138e-05 0.0013175 0.0014845 0.00051971 2.406e-07
8.3737e-05 0.0013147 0.0014856 0.0005177 2.6443e-07
8.3324e-05 0.0013118 0.0014868 0.00051567 2.7665e-07
8.2927e-05 0.001309 0.001488 0.00051366 2.9461e-07
8.2544e-05 0.0013063 0.0014892 0.00051167 3.1901e-07
8.2149e-05 0.0013035 0.0014905 0.00050971 3.2974e-07
8.1766e-05 0.0013008 0.0014917 0.00050776 3.4527e-07
8.1395e-05 0.0012981 0.0014929 0.00050583 3.6602e-07
8.1036e-05 0.0012954 0.0014942 0.00050391 3.9256e-07
8.0692e-05 0.0012928 0.0014955 0.00050202 4.2817e-07
8.0362e-05 0.0012901 0.0014967 0.00050011 4.7405e-07
8.002e-05 0.0012874 0.001498 0.00049818 5.0508e-07
7.9665e-05 0.0012848 0.0014992 0.00049627 5.45e-07
7.9323e-05 0.0012822 0.0015005 0.00049437 5.9417e-07
7.8969e-05 0.0012795 0.0015017 0.00049246 6.289e-07
7.8627e-05 0.0012769 0.001503 0.00049057 6.7825e-07
7.8299e-05 0.0012743 0.0015042 0.0004887 7.4271e-07
7.7983e-05 0.0012717 0.0015055 0.00048684 8.2109e-07
7.7655e-05 0.0012691 0.0015068 0.00048496 8.8238e-07
7.7315e-05 0.0012665 0.001508 0.0004831 9.2707e-07
7.6987e-05 0.001264 0.0015093 0.00048126 9.8519e-07
7.6647e-05 0.0012614 0.0015106 0.0004794 1.0254e-06
7.632e-05 0.0012589 0.0015119 0.00047755 1.0837e-06
7.6008e-05 0.0012563 0.0015131 0.0004757 1.0107e-06
7.5709e-05 0.0012537 0.0015144 0.00047385 9.5717e-07
7.5424e-05 0.0012512 0.0015157 0.00047203 9.2079e-07
7.5126e-05 0.0012487 0.0015169 0.00047019 8.66e-07
7.4817e-05 0.0012462 0.0015182 0.00046837 7.9417e-07
7.452e-05 0.0012437 0.0015195 0.00046656 7.3637e-07
7.4211e-05 0.0012412 0.0015208 0.00046477 8.8783e-07
7.3891e-05 0.0012388 0.0015221 0.00046296 1.0193e-06
7.3584e-05 0.0012363 0.0015234 0.00046117 1.1779e-06
7.3266e-05 0.0012338 0.0015247 0.00045937 1.3153e-06
7.296e-05 0.0012314 0.001526 0.00045758 1.4794e-06
7.2648e-05 0.0012289 0.0015273 0.00045579 1.6301e-06
7.2343e-05 0.0012265 0.0015286 0.000454 1.7993e-06
7.2043e-05 0.0012241 0.0015299 0.00045222 1.989e-06
7.175e-05 0.0012216 0.0015312 0.00045045 2.2019e-06
7.1451e-05 0.0012192 0.0015325 0.00044867 2.3999e-06
6.6143e-05 0.0011796 0.0015522 0.00041938 4.6103e-06
6.5791e-05 0.0011771 0.0015534 0.00041751 4.7272e-06
6.5446e-05 0.0011746 0.0015546 0.00041566 4.8695e-06
6.5094e-05 0.0011721 0.0015558 0.00041379 4.9974e-06
6.4737e-05 0.0011696 0.001557 0.00041192 5.1111e-06
6.4385e-05 0.0011672 0.0015582 0.00041005 5.251e-06
6.404e-05 0.0011647 0.0015593 0.0004082 5.4191e-06
6.3701e-05 0.0011622 0.0015605 0.00040635 5.6176e-06
6.3355e-05 0.0011597 0.0015617 0.00040449 5.7993e-06
6.3003e-05 0.0011573 0.0015629 0.00040262 5.9619e-06
6.2656e-05 0.0011548 0.0015641 0.00040076 6.154e-06
6.2315e-05 0.0011523 0.0015653 0.00039891 6.3785e-06
6.1979e-05 0.0011499 0.0015664 0.00039707 6.639e-06
6.1637e-05 0.0011474 0.0015676 0.00039521 6.8782e-06
6.13e-05 0.001145 0.0015688 0.00039336 7.1552e-06
6.0954e-05 0.0011425 0.00157 0.00039153 7.3964e-06
6.0598e-05 0.0011401 0.0015712 0.00038968 7.6055e-06
6.0253e-05 0.0011377 0.0015724 0.00038785 7.8786e-06
5.9919e-05 0.0011353 0.0015736 0.00038604 7.7678e-06
5.9572e-05 0.0011329 0.0015747 0.0003842 8.025e-06
5.9233e-05 0.0011305 0.0015759 0.00038238 8.3343e-06
5.8904e-05 0.0011281 0.0015771 0.00038057 8.7125e-06
5.858e-05 0.0011257 0.0015783 0.00037877 9.1464e-06
5.8262e-05 0.0011234 0.0015796 0.00037697 9.641e-06
5.7949e-05 0.001121 0.0015808 0.00037519 1.0202e-05
5.7631e-05 0.0011187 0.001582 0.00037339 1.0736e-05
5.7306e-05 0.0011163 0.0015832 0.00037159 1.1243e-05
5.6986e-05 0.001114 0.0015844 0.00036979 1.1819e-05
5.6672e-05 0.0011117 0.0015856 0.000368 1.2473e-05
5.6364e-05 0.0011093 0.0015868 0.00036622 1.3212e-05
5.6049e-05 0.001107 0.001588 0.00036442 1.3918e-05
5.5739e-05 0.0011047 0.0015893 0.00036264 1.4716e-05
5.5434e-05 0.0011024 0.0015905 0.00036086 1.5601e-05
5.5132e-05 0.0011001 0.0015917 0.00035909 1.6581e-05
5.4825e-05 0.0010978 0.0015929 0.00035731 1.7525e-05
5.4522e-05 0.0010955 0.0015941 0.00035553 1.8589e-05
5.4214e-05 0.0010932 0.0015953 0.00035375 1.961e-05
5.39e-05 0.0010909 0.0015965 0.00035195 2.0593e-05
5.3589e-05 0.0010886 0.0015977 0.00035017 2.1683e-05
5.3272e-05 0.0010862 0.0015989 0.00034837 2.2722e-05
5.2949e-05 0.0010839 0.0016001 0.00034656 2.3717e-05
5.262e-05 0.0010816 0.0016013 0.00034474 2.467e-05
5.2296e-05 0.0010792 0.0016024 0.00034293 2.5749e-05
5.1977e-05 0.0010769 0.0016036 0.00034113 2.6969e-05
5.1652e-05 0.0010746 0.0016048 0.00033932 2.814e-05
5.1332e-05 0.0010723 0.001606 0.00033751 2.8046e-05
5.1016e-05 0.00107 0.0016071 0.00033571 2.8005e-05
5.0703e-05 0.0010677 0.0016083 0.00033392 2.8016e-05
5.0385e-05 0.0010654 0.0016095 0.00033211 2.8003e-05
5.006e-05 0.0010631 0.0016107 0.0003303 2.7968e-05
4.9741e-05 0.0010608 0.0016118 0.00032849 2.7994e-05
4.9427e-05 0.0010585 0.001613 0.00032669 2.6965e-05
4.9117e-05 0.0010562 0.0016142 0.0003249 2.6059e-05
4.8812e-05 0.001054 0.0016154 0.00032312 2.5249e-05
4.85e-05 0.0010517 0.0016166 0.00032132 2.4399e-05
4.8192e-05 0.0010494 0.0016177 0.00031951 2.3513e-05
4.7879e-05 0.0010471 0.0016189 0.0003177 2.2586e-05
4.756e-05 0.0010448 0.00162 0.00031587 2.1606e-05
4.7245e-05 0.0010425 0.0016212 0.00031406 2.0741e-05
4.6925e-05 0.0010402 0.0016223 0.00031223 1.9837e-05
4.6607e-05 0.0010379 0.0016235 0.00031041 1.9025e-05
4.6284e-05 0.0010356 0.0016246 0.00030857 1.8178e-05
4.5955e-05 0.0010333 0.0016257 0.00030673 1.7294e-05
4.563e-05 0.001031 0.0016269 0.0003049 1.6498e-05
4.5298e-05 0.0010287 0.001628 0.00030305 1.5665e-05
4.4971e-05 0.0010264 0.0016291 0.00030121 1.493e-05
4.4648e-05 0.0010241 0.0016303 0.00029938 1.427e-05
4.4318e-05 0.0010218 0.0016314 0.00029755 1.3577e-05
4.3992e-05 0.0010195 0.0016325 0.00029573 1.2955e-05
4.3659e-05 0.0010172 0.0016337 0.0002939 1.2297e-05
4.332e-05 0.001015 0.0016348 0.00029205 1.1601e-05
4.2973e-05 0.0010126 0.0016359 0.0002902 1.0856e-05
4.2631e-05 0.0010103 0.001637 0.00028835 1.0198e-05
4.2283e-05 0.001008 0.0016381 0.00028649 9.5109e-06
4.1938e-05 0.0010057 0.0016392 0.00028464 8.8905e-06
4.1588e-05 0.0010034 0.0016403 0.00028278 8.2435e-06
4.1242e-05 0.0010011 0.0016414 0.00028092 7.6694e-06
4.089e-05 0.00099883 0.0016425 0.00027906 7.07e-06
4.0543e-05 0.00099653 0.0016436 0.0002772 6.5378e-06
4.019e-05 0.00099423 0.0016447 0.00027533 5.9794e-06
3.9841e-05 0.00099194 0.0016458 0.00027347 5.4831e-06
3.9496e-05 0.00098965 0.0016469 0.00027162 5.0355e-06
3.9155e-05 0.00098738 0.001648 0.00026977 4.6382e-06
3.8807e-05 0.0009851 0.0016491 0.00026791 4.2193e-06
3.8463e-05 0.00098283 0.0016502 0.00026606 3.8394e-06
3.8122e-05 0.00098057 0.0016513 0.00026421 3.4949e-06
3.7784e-05 0.00097831 0.0016524 0.00026236 3.1825e-06
3.7441e-05 0.00097605 0.0016535 0.00026051 2.853e-06
3.7091e-05 0.00097378 0.0016546 0.00025864 2.5061e-06
3.6745e-05 0.00097151 0.0016557 0.00025678 2.19e-06
3.6401e-05 0.00096926 0.0016568 0.00025493 1.9017e-06
3.6052e-05 0.00096699 0.0016579 0.00025307 1.5957e-06
3.5707e-05 0.00096474 0.001659 0.00025121 1.3224e-06
3.5365e-05 0.00096247 0.0016601 0.00024936 1.0746e-06
3.5017e-05 0.00096019 0.0016611 0.00024749 8.0876e-07
3.4673e-05 0.00095793 0.0016622 0.00024564 5.7023e-07
3.4333e-05 0.00095567 0.0016633 0.00024379 3.5145e-07
3.3987e-05 0.00095341 0.0016644 0.00024193 3.6561e-07
3.3644e-05 0.00095115 0.0016655 0.00024007 3.8109e-07
3.3306e-05 0.00094891 0.0016665 0.00023822 4.0015e-07
3.2972e-05 0.00094669 0.0016676 0.00023638 4.2269e-07
3.2644e-05 0.00094447 0.0016687 0.00023455 4.493e-07
3.2307e-05 0.00094228 0.0016699 0.00023273 4.6355e-07
3.1976e-05 0.0009401 0.001671 0.00023092 4.8424e-07
3.1651e-05 0.00093794 0.0016721 0.00022912 5.1135e-07
3.1317e-05 0.0009358 0.0016733 0.00022732 5.4539e-07
3.0977e-05 0.00093365 0.0016744 0.00022552 5.7005e-07
3.064e-05 0.0009315 0.0016755 0.00022372 5.974e-07
3.0296e-05 0.00092934 0.0016767 0.00022191 6.1533e-07
2.9947e-05 0.00092718 0.0016778 0.0002201 6.243e-07
2.9592e-05 0.000925 0.0016789 0.00021827 6.2424e-07
2.9242e-05 0.00092284 0.00168 0.00021645 6.2934e-07
2.8883e-05 0.00092066 0.0016811 0.00021461 6.2237e-07
2.8519e-05 0.00091847 0.0016822 0.00021277 6.0603e-07
2.8157e-05 0.00091628 0.0016833 0.00021093 5.9248e-07
2.779e-05 0.00091409 0.0016844 0.00020908 5.6962e-07
2.7426e-05 0.00091191 0.0016855 0.00020724 5.5065e-07
2.7065e-05 0.00090974 0.0016866 0.0002054 5.352e-07
2.6706e-05 0.00090758 0.0016877 0.00020357 5.217e-07
2.6351e-05 0.00090543 0.0016888 0.00020174 5.1141e-07
2.5999e-05 0.00090326 0.0016899 0.00019991 5.0373e-07
2.5641e-05 0.00090109 0.001691 0.00019808 4.8703e-07
2.5286e-05 0.00089893 0.0016921 0.00019625 4.733e-07
2.4933e-05 0.00089677 0.0016932 0.00019442 4.6108e-07
2.4584e-05 0.00089463 0.0016943 0.0001926 4.5142e-07
2.4237e-05 0.0008925 0.0016955 0.00019079 4.4419e-07
2.3885e-05 0.00089035 0.0016966 0.00018896 4.2822e-07
2.3526e-05 0.0008882 0.0016977 0.00018713 4.035e-07
2.3163e-05 0.00088604 0.0016987 0.00018528 3.6988e-07
2.2789e-05 0.00088385 0.0016998 0.00018342 4.848e-07
2.2406e-05 0.00088164 0.0017009 0.00018154 5.8732e-07
2.2026e-05 0.00087945 0.0017019 0.00017967 7.0137e-07
2.165e-05 0.00087727 0.001703 0.00017781 8.2735e-07
2.1276e-05 0.0008751 0.001704 0.00017595 9.6343e-07
2.0905e-05 0.00087293 0.0017051 0.00017409 1.114e-06
2.0535e-05 0.00087078 0.0017062 0.00017224 1.2776e-06
2.0168e-05 0.00086863 0.0017073 0.00017039 1.4559e-06
1.9802e-05 0.00086649 0.0017084 0.00016854 1.6505e-06
1.943e-05 0.00086435 0.0017095 0.00016668 1.832e-06
1.9062e-05 0.00086221 0.0017105 0.00016483 2.0353e-06
1.8696e-05 0.00086008 0.0017116 0.00016298 2.2639e-06
1.8332e-05 0.00085796 0.0017127 0.00016114 2.5202e-06
1.797e-05 0.00085585 0.0017138 0.0001593 2.8019e-06
1.761e-05 0.00085375 0.0017149 0.00015746 3.1118e-06
1.7244e-05 0.00085164 0.001716 0.00015561 3.4051e-06
1.6873e-05 0.00084952 0.0017171 0.00015375 3.6821e-06
1.6503e-05 0.0008474 0.0017182 0.0001519 3.9884e-06
1.6136e-05 0.0008453 0.0017193 0.00015005 4.3339e-06
1.5763e-05 0.00084318 0.0017204 0.00014819 4.6598e-06
1.5392e-05 0.00084108 0.0017215 0.00014634 5.028e-06
1.5023e-05 0.00083898 0.0017226 0.00014449 4.9185e-06
1.4649e-05 0.00083688 0.0017237 0.00014263 4.7937e-06
1.4278e-05 0.00083478 0.0017248 0.00014077 4.6936e-06
1.3907e-05 0.0008327 0.0017259 0.00013892 4.6128e-06
1.3538e-05 0.00083062 0.001727 0.00013707 4.5505e-06
1.317e-05 0.00082855 0.0017281 0.00013522 4.51e-06
1.2804e-05 0.00082648 0.0017292 0.00013338 4.4868e-06
1.2433e-05 0.00082441 0.0017303 0.00013153 4.4496e-06
1.2055e-05 0.00082233 0.0017314 0.00012966 4.3984e-06
1.168e-05 0.00082025 0.0017325 0.0001278 4.369e-06
1.1307e-05 0.00081819 0.0017337 0.00012595 4.3603e-06
1.0928e-05 0.00081612 0.0017348 0.00012408 4.3386e-06
1.1004e-05 0.00081405 0.0017359 0.00012222 4.3338e-06
1.1075e-05 0.00081197 0.001737 0.00012035 4.3159e-06
1.1145e-05 0.0008099 0.0017381 0.00011848 4.3186e-06
1.121e-05 0.00080783 0.0017392 0.0001166 4.3083e-06
1.1275e-05 0.00080576 0.0017402 0.00011473 4.3147e-06
1.1339e-05 0.0008037 0.0017414 0.00011286 4.3416e-06
1.1403e-05 0.00080164 0.0017425 0.00011099 4.3856e-06
1.1461e-05 0.00079958 0.0017436 0.00010911 4.4155e-06
1.1514e-05 0.00079751 0.0017447 0.00010722 4.4319e-06
1.157e-05 0.00079545 0.0017458 0.00010535 4.1365e-06
1.1619e-05 0.00079338 0.0017468 0.00010345 4.3257e-06
1.1668e-05 0.00079129 0.0017479 0.00010155 4.2081e-06
1.1711e-05 0.00078918 0.001749 9.963e-05 4.0694e-06
1.1754e-05 0.00078709 0.00175 9.7715e-05 3.9505e-06
1.1792e-05 0.00078498 0.0017511 9.579e-05 3.8181e-06
1.1829e-05 0.00078288 0.0017522 9.3867e-05 3.7041e-06
1.1861e-05 0.00078077 0.0017532 9.1935e-05 3.5758e-06
1.1888e-05 0.00077865 0.0017542 8.9994e-05 3.433e-06
1.1914e-05 0.00077653 0.0017553 8.8055e-05 3.3126e-06
1.1941e-05 0.00077441 0.0017563 8.6107e-05 3.2156e-06
1.1962e-05 0.00077227 0.0017573 8.4148e-05 3.1033e-06
1.1983e-05 0.00077015 0.0017584 8.2193e-05 3.0093e-06
1.1999e-05 0.00076801 0.0017594 8.0227e-05 2.9009e-06
1.2014e-05 0.00076588 0.0017604 7.8264e-05 2.8083e-06
1.2029e-05 0.00076374 0.0017614 7.629e-05 2.734e-06
1.2039e-05 0.00076158 0.0017624 7.4308e-05 2.6469e-06
1.2044e-05 0.00075942 0.0017634 7.2316e-05 2.5469e-06
1.2049e-05 0.00075726 0.0017644 7.0327e-05 2.4636e-06
1.2048e-05 0.0007551 0.0017654 6.8329e-05 2.3677e-06
1.2042e-05 0.00075292 0.0017664 6.6321e-05 2.259e-06
1.2037e-05 0.00075076 0.0017674 6.4316e-05 2.1666e-06
1.203e-05 0.0007486 0.0017684 6.2315e-05 2.0892e-06
1.2024e-05 0.00074645 0.0017694 6.0317e-05 2.0258e-06
1.2017e-05 0.00074431 0.0017704 5.8322e-05 1.9757e-06
1.201e-05 0.00074218 0.0017714 5.6328e-05 1.9354e-06
1.2002e-05 0.00074006 0.0017724 5.4338e-05 1.9077e-06
1.1996e-05 0.00073795 0.0017734 5.4795e-05 1.897e-06
1.1984e-05 0.00073583 0.0017745 5.5242e-05 1.8748e-06
1.1972e-05 0.00073372 0.0017755 5.5686e-05 1.8641e-06
1.196e-05 0.00073162 0.0017765 5.6128e-05 1.8648e-06
1.1942e-05 0.00072951 0.0017775 5.656e-05 1.8548e-06
1.1924e-05 0.00072741 0.0017786 5.6989e-05 1.8536e-06
1.1905e-05 0.00072531 0.0017796 5.7413e-05 1.8612e-06
1.1881e-05 0.0007232 0.0017806 5.7829e-05 1.8575e-06
1.1857e-05 0.0007211 0.0017816 5.8241e-05 1.8626e-06
1.1827e-05 0.00071899 0.0017827 5.8644e-05 1.8561e-06
1.1796e-05 0.00071688 0.0017837 5.9043e-05 1.8587e-06
1.1765e-05 0.00071478 0.0017847 5.9439e-05 1.8737e-06
1.1728e-05 0.0007127 0.0017858 5.9835e-05 1.944e-06
1.1684e-05 0.00071061 0.0017868 6.0221e-05 2.0001e-06
1.164e-05 0.00070852 0.0017878 6.0603e-05 2.0668e-06
1.1591e-05 0.00070644 0.0017889 6.0976e-05 2.1216e-06
1.1537e-05 0.00070435 0.0017899 6.134e-05 2.1651e-06
1.1482e-05 0.00070227 0.0017909 6.17e-05 2.2194e-06
1.1422e-05 0.00070018 0.001792 6.2051e-05 2.2615e-06
1.1357e-05 0.00069807 0.001793 6.2393e-05 2.2914e-06
1.1291e-05 0.00069597 0.001794 6.2732e-05 2.3356e-06
1.1226e-05 0.00069389 0.001795 6.3069e-05 2.3969e-06
1.1163e-05 0.00069182 0.0017961 6.3406e-05 2.4894e-06
1.1102e-05 0.00068977 0.0017971 6.3743e-05 2.6166e-06
1.1043e-05 0.00068774 0.0017982 6.408e-05 2.526e-06
1.0985e-05 0.00068569 0.0017993 6.4405e-05 2.4618e-06
1.0929e-05 0.00068366 0.0018003 6.473e-05 2.4274e-06
1.0867e-05 0.00068164 0.0018014 6.5055e-05 2.3708e-06
1.0797e-05 0.0006796 0.0018025 6.5368e-05 2.2895e-06
1.072e-05 0.00067755 0.0018035 6.568e-05 2.1851e-06
1.0643e-05 0.0006755 0.0018046 6.599e-05 2.0986e-06
1.0566e-05 0.00067347 0.0018057 6.6297e-05 2.0268e-06
1.0488e-05 0.00067144 0.0018067 6.6601e-05 1.9659e-06
1.0405e-05 0.0006694 0.0018078 6.6895e-05 1.893e-06
1.0321e-05 0.00066736 0.0018089 6.7186e-05 1.8305e-06
1.0232e-05 0.00066532 0.0018099 6.7467e-05 1.757e-06
1.0142e-05 0.00066328 0.001811 6.7746e-05 1.6938e-06
1.0047e-05 0.00066123 0.0018121 6.8014e-05 1.6168e-06
9.9443e-06 0.00065919 0.0018131 6.8282e-05 1.5144e-06
9.8439e-06 0.00065713 0.0018142 6.8538e-05 1.4382e-06
9.7456e-06 0.00065509 0.0018152 6.8794e-05 1.3851e-06
9.6489e-06 0.00065307 0.0018163 6.9049e-05 1.3493e-06
9.5532e-06 0.00065106 0.0018174 6.9304e-05 1.3292e-06
9.4513e-06 0.00064903 0.0018185 6.9547e-05 1.2936e-06
9.3431e-06 0.00064702 0.0018196 6.978e-05 1.242e-06
9.2352e-06 0.00064502 0.0018206 7.0011e-05 1.2031e-06
9.1286e-06 0.00064303 0.0018218 7.0242e-05 1.1797e-06
9.0221e-06 0.00064106 0.0018229 7.0471e-05 1.1668e-06
8.9097e-06 0.00063907 0.001824 7.0689e-05 1.1391e-06
8.7981e-06 0.00063709 0.0018251 7.0907e-05 1.1245e-06
8.6803e-06 0.0006351 0.0018262 7.1113e-05 1.0955e-06
8.5635e-06 0.00063312 0.0018273 7.1319e-05 1.0799e-06
8.4397e-06 0.00063112 0.0018284 7.1513e-05 1.0451e-06
8.3159e-06 0.00062913 0.0018295 7.1705e-05 1.0201e-06
8.1927e-06 0.00062716 0.0018306 7.1896e-05 1.0063e-06
8.0645e-06 0.00062517 0.0018317 7.2077e-05 9.8234e-07
7.9356e-06 0.00062319 0.0018329 7.2256e-05 9.6514e-07
7.8061e-06 0.00062122 0.001834 7.2432e-05 9.5441e-07
7.6715e-06 0.00061924 0.0018351 7.2599e-05 9.3382e-07
7.5363e-06 0.00061726 0.0018362 7.2763e-05 9.1956e-07
7.4e-06 0.00061529 0.0018373 7.2924e-05 9.098e-07
7.2587e-06 0.00061331 0.0018385 7.3076e-05 8.9024e-07
7.1162e-06 0.00061134 0.0018396 7.3224e-05 8.7497e-07
6.9687e-06 0.00060936 0.0018407 7.3363e-05 8.4985e-07
6.8205e-06 0.00060738 0.0018418 7.3499e-05 8.3075e-07
6.6717e-06 0.00060541 0.0018429 7.3633e-05 8.176e-07
6.5226e-06 0.00060343 0.001844 7.3756e-05 8.1142e-07
6.3733e-06 0.00060145 0.0018452 7.3878e-05 8.128e-07
6.2175e-06 0.0005995 0.0018463 7.4001e-05 7.9913e-07
6.0625e-06 0.00059755 0.0018474 7.4123e-05 7.9671e-07
5.9074e-06 0.00059562 0.0018486 7.4243e-05 8.0188e-07
5.7461e-06 0.00059367 0.0018497 7.4352e-05 7.9369e-07
5.5786e-06 0.00059174 0.0018509 7.446e-05 1.0876e-06
5.4051e-06 0.00058978 0.001852 7.4558e-05 1.354e-06
5.2316e-06 0.00058784 0.0018532 7.4654e-05 1.6608e-06
5.0314e-06 0.00058592 0.0018544 7.475e-05 1.7147e-06
4.8257e-06 0.00058398 0.0018555 7.4836e-05 1.7547e-06
4.6144e-06 0.00058202 0.0018567 7.4912e-05 1.781e-06
4.3976e-06 0.00058006 0.0018578 7.4986e-05 1.7936e-06
4.1803e-06 0.0005781 0.0018589 7.5058e-05 1.8173e-06
3.9628e-06 0.00057615 0.0018601 7.5127e-05 1.8555e-06
3.7397e-06 0.00057421 0.0018612 7.5195e-05 1.9077e-06
3.5108e-06 0.00057226 0.0018624 7.5252e-05 1.9443e-06
3.2825e-06 0.00057031 0.0018635 7.5309e-05 2.0009e-06
3.0476e-06 0.00056839 0.0018647 7.3764e-05 2.0367e-06
2.8134e-06 0.00056647 0.0018659 7.2225e-05 2.0954e-06
2.5801e-06 0.00056457 0.0018671 7.069e-05 2.1776e-06
2.3481e-06 0.00056269 0.0018683 6.9161e-05 2.2915e-06
2.1093e-06 0.00056078 0.0018695 6.7617e-05 2.3769e-06
2.0796e-06 0.00055889 0.0018707 6.608e-05 2.4957e-06
2.048e-06 0.00055702 0.001872 6.4548e-05 2.6455e-06
2.0109e-06 0.00055512 0.0018732 6.3002e-05 2.7666e-06
1.9718e-06 0.00055324 0.0018744 6.146e-05 2.8624e-06
1.9274e-06 0.00055134 0.0018756 5.9905e-05 2.9337e-06
1.8814e-06 0.00054945 0.0018768 5.8357e-05 3.0422e-06
1.834e-06 0.00054759 0.0018781 5.6795e-05 3.1926e-06
1.7847e-06 0.00054574 0.0018793 5.5237e-05 3.3809e-06
1.7339e-06 0.00054387 0.0018806 5.3666e-05 3.624e-06
1.6812e-06 0.00054201 0.0018818 5.2099e-05 3.9187e-06
1.6265e-06 0.00054017 0.0018831 5.0536e-05 4.2733e-06
1.5663e-06 0.0005383 0.0018843 4.8959e-05 4.5814e-06
1.5006e-06 0.00053645 0.0018856 4.7368e-05 4.8503e-06
1.4336e-06 0.00053462 0.0018869 4.5784e-05 5.19e-06
1.3645e-06 0.0005328 0.0018882 4.4204e-05 5.5996e-06
1.2939e-06 0.000531 0.0018895 4.263e-05 6.107e-06
1.2212e-06 0.0005292 0.0018908 4.1061e-05 6.7171e-06
1.2685e-06 0.00052739 0.0018921 3.9477e-05 7.4697e-06
1.3139e-06 0.0005256 0.0018935 3.79e-05 8.3913e-06
1.3574e-06 0.00052378 0.0018948 3.631e-05 8.6498e-06
1.3955e-06 0.00052198 0.0018961 3.4725e-05 8.8823e-06
1.4317e-06 0.0005202 0.0018974 3.3146e-05 8.7219e-06
1.4626e-06 0.0005184 0.0018988 3.1539e-05 8.518e-06
1.4912e-06 0.00051661 0.0019001 2.9938e-05 8.4455e-06
1.5177e-06 0.00051484 0.0019015 2.8341e-05 8.4224e-06
1.5423e-06 0.00051307 0.0019028 2.6748e-05 8.4571e-06
1.5616e-06 0.00051133 0.0019042 2.5161e-05 8.4702e-06
1.579e-06 0.00050959 0.0019056 2.3579e-05 8.5419e-06
1.5943e-06 0.00050784 0.001907 2.3654e-05 8.665e-06
1.6041e-06 0.00050607 0.0019084 2.3719e-05 8.7475e-06
1.6086e-06 0.00050428 0.0019098 2.3773e-05 8.794e-06
1.6078e-06 0.00050247 0.0019111 2.3817e-05 8.8048e-06
1.8414e-06 0.00050068 0.0019124 2.3857e-05 8.8758e-06
2.0762e-06 0.00049887 0.0019138 2.3886e-05 9.0104e-06
2.3116e-06 0.00049708 0.0019151 2.3912e-05 9.2017e-06
2.5401e-06 0.00049526 0.0019165 2.3927e-05 9.3491e-06
2.7692e-06 0.00049346 0.0019178 2.3937e-05 9.5559e-06
2.9989e-06 0.00049166 0.0019192 2.3944e-05 9.8275e-06
3.2302e-06 0.00048985 0.0019205 2.394e-05 9.6832e-06
3.4632e-06 0.00048806 0.0019219 2.3933e-05 8.9313e-06
3.6971e-06 0.00048628 0.0019232 2.3922e-05 8.3023e-06
3.9328e-06 0.00048451 0.0019246 2.3908e-05 7.7955e-06
4.1696e-06 0.00048275 0.001926 2.389e-05 7.3766e-06
4.4076e-06 0.00048098 0.0019274 2.3861e-05 7.0335e-06
4.6383e-06 0.00047922 0.0019288 2.3828e-05 6.637e-06
4.8712e-06 0.00047743 0.0019302 2.3784e-05 6.3243e-06
5.0967e-06 0.00047567 0.0019316 2.373e-05 6.0725e-06
5.3151e-06 0.00047388 0.001933 2.3666e-05 5.7737e-06
5.5262e-06 0.00047207 0.0019343 2.359e-05 5.4211e-06
5.7385e-06 0.00047028 0.0019357 2.3511e-05 5.1319e-06
5.9436e-06 0.00046847 0.0019371 2.5225e-05 4.7965e-06
6.1416e-06 0.00046667 0.0019385 2.6947e-05 4.4117e-06
6.34e-06 0.00046488 0.0019398 2.8671e-05 4.0837e-06
6.5384e-06 0.00046309 0.0019412 3.0397e-05 3.7969e-06
6.7366e-06 0.00046132 0.0019426 3.2125e-05 3.5461e-06
6.9345e-06 0.00045954 0.0019441 3.3854e-05 3.3263e-06
7.1316e-06 0.00045778 0.0019455 3.5584e-05 3.1296e-06
7.3235e-06 0.000456 0.0019469 3.7304e-05 2.9164e-06
7.5162e-06 0.0004542 0.0019483 3.9027e-05 2.7372e-06
7.7015e-06 0.00045239 0.0019497 4.0736e-05 2.5249e-06
7.8891e-06 0.00045056 0.001951 4.2431e-05 2.3576e-06
8.0792e-06 0.00044874 0.0019524 4.4111e-05 2.2305e-06
8.2718e-06 0.00044694 0.0019538 4.5799e-05 2.1367e-06
8.4669e-06 0.00044515 0.0019552 4.7493e-05 2.0724e-06
8.6546e-06 0.00044334 0.0019566 4.9174e-05 2.1218e-06
8.8449e-06 0.00044155 0.001958 5.0861e-05 1.9697e-06
9.0369e-06 0.00043976 0.0019594 5.2554e-05 1.8466e-06
9.2308e-06 0.00043796 0.0019608 5.4233e-05 1.7501e-06
9.4175e-06 0.00043617 0.0019623 5.592e-05 1.6305e-06
9.6071e-06 0.0004344 0.0019637 5.7614e-05 1.5396e-06
9.7985e-06 0.00043264 0.0019652 5.9316e-05 1.4696e-06
9.9824e-06 0.00043089 0.0019666 6.1025e-05 1.3775e-06
1.0168e-05 0.00042915 0.0019681 6.2741e-05 1.3054e-06
1.0346e-05 0.0004274 0.0019696 6.4442e-05 1.2097e-06
1.0527e-05 0.00042563 0.0019711 6.6129e-05 1.1372e-06
1.0712e-05 0.00042387 0.0019725 6.7824e-05 1.085e-06
1.0888e-05 0.00042209 0.001974 6.9504e-05 1.0134e-06
1.1057e-05 0.0004203 0.0019754 7.117e-05 9.2169e-07
1.1229e-05 0.00041852 0.0019769 7.2844e-05 8.5032e-07
1.1394e-05 0.00041674 0.0019784 7.4523e-05 7.6065e-07
1.1562e-05 0.00041499 0.0019798 7.6211e-05 6.8964e-07
1.1733e-05 0.00041324 0.0019814 7.7907e-05 6.3453e-07
1.1896e-05 0.00041151 0.0019829 7.9612e-05 5.6309e-07
1.2061e-05 0.00040978 0.0019844 8.1323e-05 5.0332e-07
1.2219e-05 0.00040807 0.001986 8.304e-05 4.2808e-07
1.2381e-05 0.00040637 0.0019875 8.4766e-05 3.6633e-07
1.2534e-05 0.00040465 0.0019891 8.6478e-05 2.8864e-07
1.2691e-05 0.00040294 0.0019907 8.8197e-05 2.231e-07
1.2852e-05 0.00040125 0.0019922 8.9926e-05 1.6713e-07
1.3004e-05 0.00039956 0.0019938 9.1662e-05 1.9889e-07
1.316e-05 0.00039789 0.0019955 9.3407e-05 2.3454e-07
1.3317e-05 0.00039623 0.0019971 9.5159e-05 2.7508e-07
1.3478e-05 0.00039458 0.0019988 9.692e-05 3.2391e-07
1.3643e-05 0.00039294 0.0020004 9.8691e-05 3.8291e-07
1.38e-05 0.00039131 0.0020021 0.00010047 4.266e-07
1.3949e-05 0.00038967 0.0020038 0.00010224 4.571e-07
1.4102e-05 0.00038803 0.0020055 0.00010401 4.961e-07
1.4256e-05 0.00038641 0.0020072 0.00010579 5.4273e-07
1.4403e-05 0.00038476 0.0020089 0.00010756 5.7516e-07
1.4553e-05 0.00038313 0.0020106 0.00010934 6.1837e-07
1.4696e-05 0.00038151 0.0020123 0.00011112 6.7103e-07
1.4832e-05 0.00037987 0.002014 0.00011289 7.0873e-07
1.4961e-05 0.00037821 0.0020157 0.00011464 7.3268e-07
1.5092e-05 0.00037657 0.0020173 0.0001164 7.6632e-07
1.5215e-05 0.00037493 0.0020191 0.00011818 7.836e-07
1.5339e-05 0.0003733 0.0020208 0.00011995 8.0805e-07
1.5457e-05 0.00037166 0.0020225 0.00012172 8.205e-07
1.5576e-05 0.00037002 0.0020242 0.00012349 8.3905e-07
1.5694e-05 0.00036839 0.0020259 0.00012526 8.6168e-07
1.5813e-05 0.00036675 0.0020277 0.00012703 8.8858e-07
1.5926e-05 0.00036511 0.0020294 0.00012879 9.057e-07
1.604e-05 0.00036346 0.0020311 0.00013056 9.2901e-07
1.6154e-05 0.00036182 0.0020329 0.00013233 9.5892e-07
1.6263e-05 0.00036017 0.0020346 0.00013409 9.7889e-07
1.6372e-05 0.00035853 0.0020363 0.00013585 1.0056e-06
1.6481e-05 0.00035688 0.0020381 0.00013762 1.0381e-06
1.6584e-05 0.00035522 0.0020398 0.00013937 1.0574e-06
1.6689e-05 0.00035357 0.0020416 0.00014113 1.0855e-06
1.6796e-05 0.00035192 0.0020433 0.0001429 1.0957e-06
1.6907e-05 0.00035029 0.0020451 0.00014468 9.4797e-07
1.702e-05 0.00034866 0.0020469 0.00014646 8.2144e-07
1.7126e-05 0.00034704 0.0020487 0.00014826 7.1282e-07
1.7233e-05 0.00034543 0.0020505 0.00015005 6.1278e-07
1.7334e-05 0.0003438 0.0020523 0.00015184 5.0207e-07
1.743e-05 0.00034216 0.0020541 0.00015363 5.9907e-07
1.7526e-05 0.00034052 0.0020559 0.00015542 7.0329e-07
1.7622e-05 0.00033889 0.0020577 0.00015722 8.1585e-07
1.8552e-05 0.00033726 0.0020595 0.00015902 9.4241e-07
1.9475e-05 0.00033562 0.0020613 0.00016081 1.0572e-06
2.0405e-05 0.00033398 0.0020631 0.00016261 1.1821e-06
2.1341e-05 0.00033234 0.0020649 0.00016441 1.3184e-06
2.2271e-05 0.00033069 0.0020667 0.00016619 1.4424e-06
2.3209e-05 0.00032905 0.0020686 0.00016799 1.5818e-06
2.4155e-05 0.0003274 0.0020704 0.00016978 1.7356e-06
2.5094e-05 0.00032575 0.0020722 0.00017157 1.8764e-06
2.6026e-05 0.00032408 0.002074 0.00017334 2.0043e-06
2.6967e-05 0.00032242 0.0020758 0.00017512 2.1499e-06
2.7902e-05 0.00032075 0.0020776 0.00017689 2.2823e-06
2.8829e-05 0.00031906 0.0020794 0.00017866 2.4012e-06
2.9742e-05 0.00031736 0.0020812 0.0001804 2.4942e-06
3.0673e-05 0.00031567 0.002083 0.00018216 2.3736e-06
3.159e-05 0.00031399 0.0020848 0.00018393 2.2859e-06
3.1752e-05 0.0003123 0.0020866 0.00018568 2.1729e-06
3.1918e-05 0.00031059 0.0020884 0.00018744 2.0803e-06
3.2085e-05 0.00030888 0.0020902 0.00018921 1.9997e-06
3.2254e-05 0.00030717 0.002092 0.00019098 1.9301e-06
3.2417e-05 0.00030546 0.0020937 0.00019273 1.8487e-06
3.2584e-05 0.00030374 0.0020955 0.0001945 1.7805e-06
3.2751e-05 0.00030203 0.0020973 0.00019626 1.7012e-06
3.2921e-05 0.00030032 0.0020992 0.00019803 1.6318e-06
3.3093e-05 0.00029861 0.002101 0.00019981 1.5716e-06
3.3266e-05 0.0002969 0.0021028 0.00020158 1.52e-06
3.3441e-05 0.00029519 0.0021046 0.00020336 1.4765e-06
3.3611e-05 0.00029348 0.0021064 0.00020513 1.4226e-06
3.3783e-05 0.00029176 0.0021083 0.0002069 1.3788e-06
3.395e-05 0.00029003 0.0021101 0.00020867 1.3242e-06
3.4119e-05 0.00028831 0.0021119 0.00021044 1.277e-06
3.429e-05 0.00028659 0.0021138 0.00021221 1.2366e-06
3.4463e-05 0.00028487 0.0021156 0.00021399 1.205e-06
3.464e-05 0.00028315 0.0021175 0.00021577 1.1815e-06
3.4819e-05 0.00028143 0.0021193 0.00021756 1.1659e-06
3.5002e-05 0.00027972 0.0021212 0.00021935 1.158e-06
3.5186e-05 0.000278 0.0021231 0.00022115 1.1558e-06
3.5374e-05 0.00027629 0.0021249 0.00022295 1.1611e-06
3.5564e-05 0.00027459 0.0021268 0.00022476 1.174e-06
3.5758e-05 0.00027288 0.0021287 0.00022657 1.1947e-06
3.5954e-05 0.00027118 0.0021307 0.00022839 1.2236e-06
3.6145e-05 0.00026946 0.0021326 0.00023019 1.242e-06
3.634e-05 0.00026775 0.0021345 0.00023201 1.2688e-06
3.6537e-05 0.00026604 0.0021364 0.00023383 1.3046e-06
3.6737e-05 0.00026433 0.0021383 0.00023565 1.3495e-06
3.694e-05 0.00026263 0.0021403 0.00023748 1.4019e-06
3.7137e-05 0.00026091 0.0021422 0.0002393 1.4434e-06
3.7336e-05 0.00025919 0.0021441 0.00024112 1.4927e-06
3.7538e-05 0.00025747 0.0021461 0.00024295 1.5502e-06
3.7744e-05 0.00025576 0.002148 0.00024479 1.6205e-06
3.7942e-05 0.00025404 0.0021499 0.00024661 1.6774e-06
3.8145e-05 0.00025231 0.0021519 0.00024844 1.7472e-06
3.8338e-05 0.00025057 0.0021538 0.00025025 1.795e-06
3.8521e-05 0.00024882 0.0021557 0.00025205 1.8228e-06
3.8694e-05 0.00024705 0.0021576 0.00025383 1.8292e-06
3.8875e-05 0.00024529 0.0021595 0.00025563 1.8595e-06
3.9047e-05 0.00024353 0.0021615 0.00025744 1.8682e-06
3.9208e-05 0.00024176 0.0021634 0.00025923 1.8555e-06
3.9378e-05 0.00024 0.0021653 0.00026104 1.869e-06
3.9555e-05 0.00023825 0.0021673 0.00026286 1.9023e-06
3.9722e-05 0.00023648 0.0021692 0.00026466 1.9156e-06
3.988e-05 0.00023469 0.0021711 0.00026645 1.9089e-06
4.0046e-05 0.00023291 0.0021731 0.00026825 1.9265e-06
4.022e-05 0.00023114 0.002175 0.00027007 1.9691e-06
4.0403e-05 0.00022938 0.002177 0.0002719 2.0383e-06
4.0595e-05 0.00022763 0.002179 0.00027375 1.9149e-06
4.0794e-05 0.00022589 0.002181 0.00027561 1.8173e-06
4.0982e-05 0.00022412 0.002183 0.00027745 1.6949e-06
4.1162e-05 0.00022235 0.002185 0.00027927 1.5487e-06
4.1347e-05 0.00022057 0.002187 0.00028111 1.4264e-06
4.1538e-05 0.00021881 0.002189 0.00028296 1.3254e-06
4.172e-05 0.00021702 0.002191 0.00028479 1.2027e-06
4.191e-05 0.00021525 0.002193 0.00028664 1.1045e-06
4.2107e-05 0.00021808 0.002195 0.00028847 1.0257e-06
4.2294e-05 0.00022089 0.0021969 0.00029031 1.0287e-06
4.2487e-05 0.00022372 0.0021989 0.00029217 1.0435e-06
4.2688e-05 0.00022655 0.0022009 0.00029404 1.0736e-06
4.288e-05 0.00022937 0.0022028 0.0002959 1.0873e-06
4.3077e-05 0.0002322 0.0022048 0.00029776 1.1112e-06
4.3268e-05 0.00023503 0.0022068 0.00029964 1.1228e-06
4.3452e-05 0.00023786 0.0022088 0.0003015 1.1241e-06
4.364e-05 0.00024069 0.0022108 0.00030338 1.1328e-06
4.3831e-05 0.00024352 0.0022128 0.00030525 1.1472e-06
4.4024e-05 0.00024636 0.0022148 0.00030714 1.1675e-06
4.4223e-05 0.0002492 0.0022168 0.00030903 1.1972e-06
4.4412e-05 0.00025203 0.0022188 0.0003109 1.2098e-06
4.4609e-05 0.00025487 0.0022209 0.00031276 1.2407e-06
4.4815e-05 0.00025772 0.0022229 0.00031463 1.2874e-06
4.503e-05 0.00026058 0.002225 0.00031652 1.3551e-06
4.5235e-05 0.00026343 0.002227 0.00031839 1.4041e-06
4.5445e-05 0.00026629 0.0022291 0.00032027 1.4662e-06
4.5649e-05 0.00026913 0.0022311 0.00032214 1.5161e-06
4.5856e-05 0.00027198 0.0022332 0.00032401 1.5744e-06
4.6057e-05 0.00027482 0.0022352 0.00032588 1.6215e-06
4.6251e-05 0.00027765 0.0022372 0.00032773 1.6575e-06
4.6441e-05 0.00028046 0.0022393 0.00032958 1.6825e-06
4.6624e-05 0.00028327 0.0022413 0.00033142 1.697e-06
4.681e-05 0.00028608 0.0022433 0.00033326 1.7198e-06
4.7001e-05 0.0002889 0.0022453 0.00033511 1.7534e-06
4.7195e-05 0.00029172 0.0022474 0.00033697 1.7985e-06
4.7384e-05 0.00029453 0.0022494 0.00033882 1.8309e-06
4.7575e-05 0.00029735 0.0022514 0.00034068 1.8723e-06
4.7761e-05 0.00030015 0.0022535 0.00034252 1.903e-06
4.795e-05 0.00030295 0.0022555 0.00034436 1.943e-06
4.8142e-05 0.00030574 0.0022575 0.0003462 1.9928e-06
4.8337e-05 0.00030855 0.0022596 0.00034805 2.0527e-06
4.8525e-05 0.00031134 0.0022616 0.00034988 2.1009e-06
4.8709e-05 0.00031412 0.0022636 0.00035171 2.1373e-06
4.8895e-05 0.00031691 0.0022656 0.00035355 2.1841e-06
4.9084e-05 0.00031969 0.0022677 0.00035538 2.2418e-06
4.9268e-05 0.00032247 0.0022697 0.00035721 2.2874e-06
4.9456e-05 0.00032526 0.0022717 0.00035905 2.3472e-06
4.9648e-05 0.00032805 0.0022738 0.0003609 2.4188e-06
4.9834e-05 0.00033083 0.0022758 0.00036273 2.4781e-06
5.0014e-05 0.00033359 0.0022778 0.00036455 2.5258e-06
5.0197e-05 0.00033637 0.0022798 0.00036638 2.5857e-06
5.0374e-05 0.00033913 0.0022819 0.00036821 2.634e-06
5.0546e-05 0.00034189 0.0022839 0.00037002 2.6707e-06
5.0722e-05 0.00034465 0.0022859 0.00037184 2.7228e-06
5.0892e-05 0.0003474 0.0022879 0.00037365 2.7624e-06
5.1065e-05 0.00035015 0.0022899 0.00037547 2.8147e-06
5.1243e-05 0.0003529 0.002292 0.0003773 2.8833e-06
5.1415e-05 0.00035563 0.002294 0.00037911 2.9392e-06
5.159e-05 0.00035837 0.002296 0.00038093 3.0087e-06
5.1758e-05 0.00036109 0.002298 0.00038275 3.0653e-06
5.1932e-05 0.00036383 0.0023 0.00038457 3.1394e-06
5.2108e-05 0.00036656 0.002302 0.00038639 3.2284e-06
5.2289e-05 0.00036931 0.002304 0.00038823 3.3368e-06
5.2464e-05 0.00037204 0.002306 0.00039005 3.4324e-06
5.2644e-05 0.00037478 0.0023081 0.00039189 3.5485e-06
5.2818e-05 0.00037751 0.0023101 0.00039371 3.6506e-06
5.2986e-05 0.00038023 0.0023121 0.00039552 3.7397e-06
5.3158e-05 0.00038296 0.0023141 0.00039734 3.85e-06
5.3335e-05 0.00038569 0.0023162 0.00039917 3.983e-06
5.3507e-05 0.00038841 0.0023182 0.00040099 4.1023e-06
5.3672e-05 0.00039112 0.0023202 0.00040281 4.2071e-06
5.3831e-05 0.00039382 0.0023222 0.00040461 4.2975e-06
5.3984e-05 0.00039651 0.0023242 0.0004064 4.3745e-06
5.4132e-05 0.00039919 0.0023262 0.00040818 4.4366e-06
5.4283e-05 0.00040188 0.0023282 0.00040997 4.5169e-06
5.4437e-05 0.00040457 0.0023302 0.00041177 4.6159e-06
5.4586e-05 0.00040725 0.0023322 0.00041355 4.7013e-06
5.4738e-05 0.00040993 0.0023342 0.00041535 4.806e-06
5.4884e-05 0.00041261 0.0023362 0.00041713 4.897e-06
5.5025e-05 0.00041527 0.0023381 0.0004189 4.9742e-06
5.517e-05 0.00041794 0.0023401 0.00042069 5.0757e-06
5.532e-05 0.00042062 0.0023421 0.00042248 5.2028e-06
5.5473e-05 0.0004233 0.0023441 0.00042427 5.3522e-06
5.5631e-05 0.00042599 0.0023462 0.00042608 5.5306e-06
5.5783e-05 0.00042867 0.0023482 0.00042788 5.693e-06
5.594e-05 0.00043136 0.0023502 0.00042968 5.8882e-06
5.6105e-05 0.00043406 0.0023522 0.0004315 6.1331e-06
5.628e-05 0.00043677 0.0023543 0.00043334 6.4468e-06
5.6445e-05 0.00043947 0.0023563 0.00043516 6.72e-06
5.6621e-05 0.00044219 0.0023584 0.000437 7.0706e-06
5.6791e-05 0.00044489 0.0023604 0.00043883 7.4011e-06
5.6965e-05 0.0004476 0.0023625 0.00044067 7.771e-06
5.7142e-05 0.00045032 0.0023646 0.00044252 8.184e-06
5.7313e-05 0.00045302 0.0023666 0.00044435 8.574e-06
5.7488e-05 0.00045573 0.0023687 0.00044619 9.0096e-06
5.7666e-05 0.00045845 0.0023708 0.00044804 9.4951e-06
5.7839e-05 0.00046115 0.0023728 0.00044988 9.9575e-06
5.8006e-05 0.00046385 0.0023749 0.00045171 1.0397e-05
5.8177e-05 0.00046655 0.002377 0.00045355 1.0181e-05
5.8343e-05 0.00046924 0.002379 0.00045538 9.9453e-06
5.8512e-05 0.00047194 0.0023811 0.00045722 9.744e-06
5.8685e-05 0.00047465 0.0023832 0.00045906 9.5753e-06
5.8863e-05 0.00047736 0.0023853 0.00046091 9.4438e-06
5.9046e-05 0.00048008 0.0023873 0.00046277 8.2419e-06
5.9222e-05 0.00048278 0.0023894 0.00046463 8.126e-06
5.9404e-05 0.0004855 0.0023915 0.00046649 8.0425e-06
5.959e-05 0.00048822 0.0023936 0.00046836 7.985e-06
5.9769e-05 0.00049095 0.0023957 0.00047023 7.9102e-06
5.9953e-05 0.00049369 0.0023979 0.00047212 7.8663e-06
6.0132e-05 0.00049641 0.0024 0.000474 7.8054e-06
6.0315e-05 0.00049915 0.0024021 0.00047589 7.7761e-06
6.051e-05 0.0005019 0.0024043 0.0004778 7.801e-06
6.0716e-05 0.00050467 0.0024064 0.00047972 7.8807e-06
6.0911e-05 0.00050746 0.0024086 0.00048163 8.0095e-06
6.1097e-05 0.00051026 0.0024108 0.00048356 8.1076e-06
6.1274e-05 0.00051304 0.002413 0.00048547 8.1788e-06
6.1442e-05 0.00051584 0.0024152 0.00048739 8.2992e-06
6.1616e-05 0.00051864 0.0024174 0.00048933 8.4585e-06
6.1797e-05 0.00052146 0.0024197 0.00049128 8.6642e-06
6.1984e-05 0.00052429 0.0024219 0.00049324 8.9101e-06
6.2176e-05 0.00052713 0.0024242 0.00049521 9.1953e-06
6.2371e-05 0.00052997 0.0024264 0.00049719 9.52e-06
6.2572e-05 0.00053282 0.0024287 0.00049918 9.8953e-06
6.2778e-05 0.00053568 0.002431 0.00050118 1.0326e-05
6.299e-05 0.00053855 0.0024333 0.00050319 1.0817e-05
6.3195e-05 0.00054141 0.0024355 0.00050519 1.1283e-05
6.3406e-05 0.00054428 0.0024378 0.00050719 1.1814e-05
6.3622e-05 0.00054716 0.0024401 0.00050921 1.2417e-05
6.3844e-05 0.00055004 0.0024425 0.00051124 1.3101e-05
6.406e-05 0.00055292 0.0024448 0.00051326 1.3756e-05
6.4281e-05 0.0005558 0.0024471 0.0005153 1.4501e-05
6.4507e-05 0.00055869 0.0024494 0.00051734 1.5345e-05
6.474e-05 0.00056159 0.0024517 0.00051939 1.6298e-05
6.4978e-05 0.0005645 0.0024541 0.00052145 1.7372e-05
6.522e-05 0.00056742 0.0024564 0.00052352 1.8561e-05
6.5466e-05 0.00057035 0.0024588 0.0005256 1.8579e-05
6.5717e-05 0.00057328 0.0024612 0.00052769 1.8638e-05
6.5962e-05 0.0005762 0.0024636 0.00052977 1.8676e-05
6.62e-05 0.00057911 0.0024659 0.00053184 1.8691e-05
6.6444e-05 0.00058203 0.0024683 0.00053392 1.8756e-05
6.6694e-05 0.00058496 0.0024707 0.00053601 1.8872e-05
6.695e-05 0.0005879 0.002473 0.00053811 1.904e-05
6.7199e-05 0.00059083 0.0024754 0.0005402 1.9184e-05
6.7454e-05 0.00059377 0.0024778 0.0005423 1.9382e-05
6.7703e-05 0.00059669 0.0024802 0.00054439 1.9557e-05
6.7946e-05 0.00059961 0.0024826 0.00054647 1.9711e-05
6.8195e-05 0.00060254 0.002485 0.00054857 1.9919e-05
6.8449e-05 0.00060547 0.0024874 0.00055067 1.9178e-05
6.8709e-05 0.00060842 0.0024898 0.00055279 1.8515e-05
6.8972e-05 0.00061137 0.0024922 0.00055491 1.7923e-05
6.923e-05 0.00061431 0.0024946 0.00055702 1.7301e-05
6.9493e-05 0.00061726 0.002497 0.00055915 1.6757e-05
6.9763e-05 0.0006202 0.0024994 0.00056126 1.6286e-05
7.0026e-05 0.00062313 0.0025018 0.00056336 1.5788e-05
7.0295e-05 0.00062607 0.0025042 0.00056548 1.5357e-05
7.0559e-05 0.000629 0.0025066 0.00056758 1.4901e-05
7.0827e-05 0.00063193 0.002509 0.0005697 1.45e-05
7.1101e-05 0.00063488 0.0025114 0.00057183 1.4157e-05
7.1369e-05 0.00063781 0.0025138 0.00057394 1.3792e-05
7.1631e-05 0.00064076 0.0025162 0.00057607 1.3483e-05
7.1897e-05 0.00064371 0.0025187 0.00057821 1.3217e-05
7.217e-05 0.00064668 0.0025211 0.00058036 1.2997e-05
7.2454e-05 0.00064966 0.0025236 0.00058253 1.2852e-05
7.2727e-05 0.00065262 0.002526 0.00058468 1.2664e-05
7.2767e-05 0.00065561 0.0025285 0.00058685 1.2544e-05
7.2801e-05 0.00065858 0.0025309 0.00058901 1.2404e-05
7.284e-05 0.00066156 0.0025334 0.00059119 1.2305e-05
7.2885e-05 0.00066455 0.0025359 0.00059337 1.2245e-05
7.2934e-05 0.00066755 0.0025384 0.00059557 1.2219e-05
7.2989e-05 0.00067056 0.0025409 0.00059777 1.2231e-05
7.3039e-05 0.00067358 0.0025434 0.00059997 1.2225e-05
7.3094e-05 0.00067661 0.0025459 0.00060218 1.2258e-05
7.3142e-05 0.00067963 0.0025484 0.00060438 1.2272e-05
7.3195e-05 0.00068266 0.0025509 0.00060659 1.232e-05
7.3242e-05 0.00068567 0.0025534 0.00060879 1.2348e-05
7.3294e-05 0.0006887 0.0025559 0.000611 1.241e-05
7.3339e-05 0.00069171 0.0025584 0.0006132 1.2451e-05
7.3388e-05 0.00069473 0.0025609 0.00061541 1.2526e-05
7.3431e-05 0.00069775 0.0025634 0.00061761 1.2581e-05
7.3468e-05 0.00070075 0.0025659 0.00061979 1.2619e-05
7.3511e-05 0.00070376 0.0025685 0.000622 1.2696e-05
7.356e-05 0.00070678 0.002571 0.00062421 1.2815e-05
7.3614e-05 0.00070982 0.0025735 0.00062644 1.2133e-05
7.3673e-05 0.00071286 0.0025761 0.00062867 1.1519e-05
7.3726e-05 0.00071589 0.0025786 0.0006309 1.0876e-05
7.3783e-05 0.00071893 0.0025811 0.00063314 1.0296e-05
7.3834e-05 0.00072196 0.0025837 0.00063536 9.6879e-06
7.3891e-05 0.000725 0.0025862 0.0006376 9.1503e-06
7.3953e-05 0.00072806 0.0025888 0.00063985 8.6762e-06
7.4009e-05 0.0007311 0.0025913 0.00064209 8.1792e-06
7.406e-05 0.00073413 0.0025938 0.00064433 7.6586e-06
7.4104e-05 0.00073715 0.0025964 0.00064655 7.1098e-06
7.4154e-05 0.00074018 0.0025989 0.00064878 6.6139e-06
7.4196e-05 0.0007432 0.0026014 0.00065101 6.0927e-06
7.4233e-05 0.00074621 0.002604 0.00065322 5.5478e-06
7.4276e-05 0.00074923 0.0026065 0.00065545 5.063e-06
7.4324e-05 0.00075226 0.002609 0.00065769 4.632e-06
7.4378e-05 0.00075531 0.0026116 0.00065994 4.249e-06
7.4438e-05 0.00075836 0.0026142 0.00066221 3.9089e-06
7.4504e-05 0.00076143 0.0026167 0.00066448 3.6074e-06
7.4574e-05 0.00076448 0.0026193 0.00066677 3.3351e-06
7.4639e-05 0.00076752 0.0026218 0.00066905 3.0453e-06
7.4697e-05 0.00077055 0.0026244 0.00067132 2.7376e-06
7.476e-05 0.00077359 0.0026269 0.0006736 2.4633e-06
7.4818e-05 0.00077662 0.0026295 0.00067587 2.1719e-06
7.4869e-05 0.00077964 0.002632 0.00067814 1.863e-06
7.4914e-05 0.00078265 0.0026346 0.00068039 1.5378e-06
7.4965e-05 0.00078567 0.0026371 0.00068265 1.2453e-06
7.501e-05 0.00078868 0.0026396 0.00068491 9.3656e-07
7.5044e-05 0.00079167 0.0026421 0.00068715 9.4125e-07
7.5068e-05 0.00079464 0.0026446 0.00068937 9.3021e-07
7.5101e-05 0.00079763 0.0026471 0.00069161 9.31e-07
7.5144e-05 0.00080064 0.0026497 0.00069387 9.4356e-07
7.5176e-05 0.00080363 0.0026522 0.00069611 9.3981e-07
7.5217e-05 0.00080664 0.0026547 0.00069837 9.4675e-07
7.5248e-05 0.00080967 0.0026573 0.00070065 9.3785e-07
7.5268e-05 0.00081268 0.0026598 0.00070292 9.1819e-07
7.5297e-05 0.00081571 0.0026624 0.00070521 9.0852e-07
7.5315e-05 0.00081872 0.0026649 0.00070748 8.8365e-07
7.5324e-05 0.00082176 0.0026675 0.00070977 8.4406e-07
7.5339e-05 0.0008248 0.00267 0.00071207 8.1177e-07
7.5363e-05 0.00082786 0.0026726 0.0007144 7.8827e-07
7.538e-05 0.00083091 0.0026752 0.00071671 7.5492e-07
7.5403e-05 0.00083398 0.0026778 0.00071904 7.2707e-07
7.543e-05 0.00083705 0.0026804 0.00072138 7.0269e-07
7.5452e-05 0.00084011 0.002683 0.0007237 6.6884e-07
7.5466e-05 0.00084316 0.0026856 0.00072602 6.2548e-07
7.5475e-05 0.00084623 0.0026882 0.00072836 5.8734e-07
7.5476e-05 0.00084928 0.0026908 0.00073068 5.391e-07
7.547e-05 0.00085232 0.0026933 0.00073299 4.7975e-07
7.5456e-05 0.00085537 0.0026959 0.00073531 4.0902e-07
7.5448e-05 0.00085843 0.0026985 0.00073765 3.4322e-07
7.5433e-05 0.00086148 0.0027011 0.00073997 2.6665e-07
7.5424e-05 0.00086455 0.0027037 0.00074231 1.9541e-07
7.5424e-05 0.00086763 0.0027063 0.00074467 1.3047e-07
7.5413e-05 0.0008707 0.0027089 0.00074701 1.5324e-07
7.5415e-05 0.00087379 0.0027115 0.00074938 1.7963e-07
7.5422e-05 0.00087689 0.0027142 0.00075177 2.0542e-07
7.5422e-05 0.00087998 0.0027168 0.00075414 2.23e-07
7.5417e-05 0.00088306 0.0027194 0.0007565 2.326e-07
7.5417e-05 0.00088615 0.002722 0.00075888 2.424e-07
7.5422e-05 0.00088925 0.0027247 0.00076127 2.5146e-07
7.5421e-05 0.00089234 0.0027273 0.00076364 2.5238e-07
7.5424e-05 0.00089545 0.00273 0.00076603 2.5257e-07
7.5421e-05 0.00089854 0.0027326 0.00076841 2.4465e-07
7.5412e-05 0.00090162 0.0027352 0.00077078 2.2843e-07
7.5408e-05 0.00090471 0.0027378 0.00077317 2.1146e-07
7.5397e-05 0.00090779 0.0027405 0.00077554 1.8661e-07
7.5393e-05 0.00091089 0.0027431 0.00077793 1.6175e-07
7.5394e-05 0.00091399 0.0027458 0.00078033 1.3654e-07
7.5389e-05 0.00091709 0.0027484 0.00078272 1.032e-07
7.5377e-05 0.00092018 0.002751 0.0007851 1.6298e-07
7.537e-05 0.00092327 0.0027537 0.00078749 2.2401e-07
7.5369e-05 0.00092638 0.0027563 0.0007899 2.8819e-07
7.5362e-05 0.00092948 0.002759 0.0007923 3.4366e-07
7.536e-05 0.00093259 0.0027616 0.00079471 4.0138e-07
7.5362e-05 0.00093571 0.0027643 0.00079713 4.6193e-07
7.5369e-05 0.00093884 0.002767 0.00079957 5.2592e-07
7.5381e-05 0.00094198 0.0027696 0.00080202 5.9575e-07
7.54e-05 0.00094514 0.0027723 0.00080448 6.7234e-07
7.5412e-05 0.00094829 0.002775 0.00080694 7.3786e-07
7.5418e-05 0.00095143 0.0027777 0.00080938 7.934e-07
7.5417e-05 0.00095455 0.0027804 0.00081182 8.3902e-07
7.5423e-05 0.00095769 0.0027831 0.00081427 8.9148e-07
7.5434e-05 0.00096084 0.0027858 0.00081673 9.518e-07
7.545e-05 0.00096401 0.0027885 0.00081921 1.0183e-06
7.5471e-05 0.00096718 0.0027912 0.0008217 1.0916e-06
7.5485e-05 0.00097034 0.0027939 0.00082418 1.1543e-06
7.5493e-05 0.0009735 0.0027966 0.00082665 1.2068e-06
7.5506e-05 0.00097666 0.0027993 0.00082913 1.2664e-06
7.5523e-05 0.00097984 0.002802 0.00083163 1.3336e-06
7.5534e-05 0.000983 0.0028047 0.00083412 1.3899e-06
7.555e-05 0.00098618 0.0028075 0.00083661 1.4542e-06
7.5559e-05 0.00098934 0.0028102 0.0008391 1.5097e-06
7.5575e-05 0.00099252 0.0028129 0.00084161 1.5762e-06
7.5584e-05 0.00099569 0.0028156 0.0008441 1.6314e-06
7.5599e-05 0.00099887 0.0028183 0.00084661 1.6982e-06
7.5619e-05 0.0010021 0.0028211 0.00084913 1.7748e-06
7.5643e-05 0.0010053 0.0028238 0.00085167 1.8619e-06
7.5661e-05 0.0010085 0.0028266 0.00085419 1.9377e-06
7.5673e-05 0.0010117 0.0028293 0.00085671 2.0023e-06
7.5679e-05 0.0010148 0.002832 0.00085922 2.0558e-06
7.5691e-05 0.001018 0.0028348 0.00086174 2.1228e-06
7.571e-05 0.0010212 0.0028375 0.00086428 2.2041e-06
7.5733e-05 0.0010244 0.0028403 0.00086683 2.3009e-06
7.5762e-05 0.0010277 0.0028431 0.0008694 2.4109e-06
7.5784e-05 0.0010309 0.0028458 0.00087196 2.5085e-06
7.5817e-05 0.0010341 0.0028486 0.00087454 2.6346e-06
7.5862e-05 0.0010374 0.0028514 0.00087715 2.8021e-06
7.5896e-05 0.0010406 0.0028542 0.00087975 2.9413e-06
7.5942e-05 0.0010439 0.002857 0.00088232 3.1238e-06
7.5999e-05 0.0010472 0.0028599 0.00088492 3.3479e-06
7.6067e-05 0.0010505 0.0028627 0.00088754 3.6198e-06
7.6553e-05 0.0010736 0.0028826 0.00090606 5.8694e-06
7.66e-05 0.0010768 0.0028854 0.00090867 5.9444e-06
7.6657e-05 0.0010801 0.0028882 0.00091131 6.062e-06
7.6724e-05 0.0010834 0.002891 0.00091397 6.2255e-06
7.6805e-05 0.0010867 0.0028939 0.00091661 6.4499e-06
7.6898e-05 0.00109 0.0028967 0.00091928 6.7422e-06
7.7558e-05 0.0011133 0.0029168 0.00093811 9.1965e-06
7.7631e-05 0.0011166 0.0029196 0.00094076 9.4839e-06
7.7714e-05 0.0011199 0.0029224 0.0009434 9.8416e-06
7.7808e-05 0.0011232 0.0029253 0.00094606 1.0281e-05
7.7897e-05 0.0011265 0.0029281 0.00094872 1.0715e-05
7.7984e-05 0.0011298 0.0029309 0.00095138 1.1143e-05
7.8067e-05 0.001133 0.0029338 0.00095403 1.1565e-05
7.8146e-05 0.0011363 0.0029366 0.00095668 1.1982e-05
7.8222e-05 0.0011396 0.0029394 0.00095932 1.2392e-05
7.8294e-05 0.0011428 0.0029422 0.00096196 1.2798e-05
7.8354e-05 0.0011461 0.002945 0.00096458 1.3143e-05
7.8425e-05 0.0011494 0.0029478 0.00096722 1.3575e-05
7.8485e-05 0.0011526 0.0029506 0.00096985 1.3952e-05
7.8557e-05 0.0011559 0.0029535 0.0009725 1.4438e-05
7.8619e-05 0.0011591 0.0029563 0.00097513 1.4865e-05
7.869e-05 0.0011624 0.0029591 0.0009778 1.4746e-05
7.8751e-05 0.0011657 0.0029619 0.00098044 1.4582e-05
7.882e-05 0.001169 0.0029648 0.0009831 1.4471e-05
7.8895e-05 0.0011723 0.0029676 0.00098578 1.4403e-05
7.8963e-05 0.0011755 0.0029704 0.00098844 1.4314e-05
7.9025e-05 0.0011788 0.0029733 0.0009911 1.4204e-05
7.9093e-05 0.0011821 0.0029761 0.00099378 1.4139e-05
7.9154e-05 0.0011854 0.0029789 0.00099644 1.4052e-05
7.921e-05 0.0011887 0.0029817 0.0009991 1.3946e-05
7.9259e-05 0.0011919 0.0029845 0.0010017 1.3821e-05
7.9313e-05 0.0011952 0.0029874 0.0010044 1.3732e-05
7.9361e-05 0.0011984 0.0029902 0.0010071 1.3623e-05
7.9402e-05 0.0012017 0.002993 0.0010097 1.3493e-05
7.945e-05 0.0012049 0.0029958 0.0010124 1.3407e-05
7.9491e-05 0.0012082 0.0029986 0.001015 1.33e-05
7.9526e-05 0.0012114 0.0030014 0.0010176 1.3175e-05
7.9566e-05 0.0012147 0.0030042 0.0010203 1.3085e-05
7.96e-05 0.0012179 0.003007 0.0010229 1.2975e-05
7.9638e-05 0.0012212 0.0030098 0.0010256 1.29e-05
7.9682e-05 0.0012245 0.0030127 0.0010283 1.2859e-05
7.9719e-05 0.0012277 0.0030155 0.0010309 1.2799e-05
7.9749e-05 0.001231 0.0030183 0.0010336 1.2719e-05
7.9786e-05 0.0012343 0.0030211 0.0010362 1.2679e-05
7.9816e-05 0.0012375 0.0030239 0.0010389 1.2618e-05
8.1079e-05 0.0012408 0.0030268 0.0010416 1.2615e-05
8.2324e-05 0.0012441 0.0030296 0.0010442 1.2569e-05
8.3561e-05 0.0012474 0.0030325 0.0010469 1.2502e-05
8.4791e-05 0.0012507 0.0030353 0.0010495 1.2416e-05
8.6032e-05 0.001254 0.0030382 0.0010522 1.2364e-05
8.7266e-05 0.0012573 0.003041 0.0010548 1.2293e-05
8.8492e-05 0.0012606 0.0030438 0.0010575 1.2202e-05
8.973e-05 0.0012638 0.0030467 0.0010601 1.2144e-05
9.096e-05 0.0012671 0.0030495 0.0010628 1.2068e-05
9.2173e-05 0.0012704 0.0030523 0.0010654 1.195e-05
9.3414e-05 0.0012737 0.0030552 0.001068 1.1906e-05
9.4644e-05 0.001277 0.003058 0.0010707 1.1836e-05
9.5865e-05 0.0012802 0.0030608 0.0010733 1.1742e-05
9.71e-05 0.0012835 0.0030637 0.001076 1.1686e-05
9.8324e-05 0.0012868 0.0030665 0.0010786 1.1605e-05
9.9536e-05 0.00129 0.0030693 0.0010812 1.1495e-05
0.00010073 0.0012933 0.0030721 0.0010839 1.1448e-05
0.00010195 0.0012966 0.003075 0.0010865 1.1455e-05
0.00010315 0.0012999 0.0030778 0.0010892 1.1425e-05
0.00010438 0.0013032 0.0030807 0.0010918 1.1459e-05
0.00010563 0.0013065 0.0030836 0.0010945 1.1557e-05
0.00010691 0.0013099 0.0030865 0.0010971 1.171e-05
0.00010817 0.0013133 0.0030894 0.0010998 1.1842e-05
0.00010943 0.0013166 0.0030923 0.0011024 1.1956e-05
0.00011071 0.00132 0.0030952 0.0011051 1.2111e-05
0.00011197 0.0013233 0.0030981 0.0011078 1.2247e-05
0.00011325 0.0013267 0.003101 0.0011104 1.2425e-05
0.00011455 0.0013301 0.0031039 0.0011131 1.2647e-05
0.00011587 0.0013335 0.0031068 0.0011158 1.2917e-05
0.00011717 0.0013369 0.0031097 0.0011186 1.3165e-05
0.00011847 0.0013402 0.0031127 0.0011212 1.3393e-05
0.00011979 0.0013436 0.0031156 0.001124 1.3669e-05
0.0001211 0.001347 0.0031185 0.0011267 1.3922e-05
0.00012242 0.0013504 0.0031215 0.0011294 1.4218e-05
0.00012373 0.0013538 0.0031244 0.0011321 1.4493e-05
0.00012504 0.0013572 0.0031273 0.0011348 1.4745e-05
0.00012636 0.0013606 0.0031302 0.0011375 1.505e-05
0.0001277 0.001364 0.0031332 0.0011402 1.5412e-05
0.00012903 0.0013674 0.0031361 0.001143 1.5751e-05
0.00013037 0.0013708 0.0031391 0.0011457 1.6141e-05
0.00013171 0.0013742 0.003142 0.0011484 1.6507e-05
0.00013304 0.0013776 0.0031449 0.0011512 1.6846e-05
0.00013435 0.001381 0.0031478 0.0011539 1.713e-05
0.00013564 0.0013844 0.0031507 0.0011565 1.7361e-05
0.00013697 0.0013877 0.0031537 0.0011593 1.7697e-05
0.00013827 0.0013911 0.0031566 0.0011619 1.7973e-05
0.00013959 0.0013945 0.0031595 0.0011647 1.83e-05
0.0001409 0.0013978 0.0031624 0.0011673 1.8602e-05
0.00014222 0.0014012 0.0031653 0.0011701 1.8956e-05
0.00014356 0.0014046 0.0031682 0.0011728 1.9376e-05
0.00014493 0.001408 0.0031712 0.0011755 1.9867e-05
0.0001463 0.0014115 0.0031742 0.0011783 2.0427e-05
0.0001477 0.0014149 0.0031771 0.0011811 2.1072e-05
0.00014911 0.0014184 0.0031801 0.0011839 2.181e-05
0.00015054 0.0014219 0.0031831 0.0011867 2.2635e-05
0.00015196 0.0014254 0.0031861 0.0011896 2.3425e-05
0.00015337 0.0014288 0.0031891 0.0011924 2.4181e-05
0.00015481 0.0014323 0.0031921 0.0011952 2.4098e-05
0.00015628 0.0014358 0.0031951 0.0011981 2.3207e-05
0.00015773 0.0014393 0.0031981 0.0012009 2.2215e-05
0.00015922 0.0014429 0.0032012 0.0012038 2.142e-05
0.00016069 0.0014464 0.0032042 0.0012066 2.0536e-05
0.00016214 0.0014499 0.0032072 0.0012095 1.9555e-05
0.00016362 0.0014534 0.0032103 0.0012124 1.8764e-05
0.00016508 0.0014569 0.0032133 0.0012152 1.7873e-05
0.00016658 0.0014604 0.0032163 0.0012181 1.7159e-05
0.00016811 0.001464 0.0032194 0.001221 1.6595e-05
0.00016963 0.0014675 0.0032224 0.0012239 1.5958e-05
0.00017112 0.0014711 0.0032255 0.0012268 1.6291e-05
0.00017264 0.0014747 0.0032286 0.0012297 1.6718e-05
0.00017414 0.0014783 0.0032317 0.0012326 1.7079e-05
0.00017568 0.0014819 0.0032348 0.0012355 1.7377e-05
0.00017725 0.0014855 0.0032379 0.0012384 1.7765e-05
0.0001788 0.0014891 0.0032409 0.0012413 1.812e-05
0.00018035 0.0014926 0.003244 0.0012442 1.8447e-05
0.00018189 0.0014962 0.0032471 0.0012471 1.8749e-05
0.00018344 0.0014998 0.0032501 0.00125 1.9112e-05
0.00018499 0.0015033 0.0032532 0.0012528 1.9449e-05
0.00018656 0.0015069 0.0032563 0.0012557 1.9851e-05
0.00018812 0.0015105 0.0032594 0.0012586 2.0223e-05
0.00018968 0.0015141 0.0032624 0.0012615 2.0572e-05
0.00019125 0.0015177 0.0032655 0.0012644 2.099e-05
0.00019284 0.0015213 0.0032686 0.0012673 2.1469e-05
0.00019443 0.0015249 0.0032717 0.0012702 2.1919e-05
0.000196 0.0015284 0.0032748 0.0012731 2.2344e-05
0.00019757 0.001532 0.0032778 0.001276 2.2743e-05
0.00019916 0.0015356 0.0032809 0.001279 2.3214e-05
0.00020074 0.0015392 0.003284 0.0012819 2.3657e-05
0.00020231 0.0015428 0.0032871 0.0012848 2.4071e-05
0.00020387 0.0015464 0.0032902 0.0012877 2.4457e-05
0.00020545 0.00155 0.0032933 0.0012907 2.4916e-05
0.00020702 0.0015536 0.0032964 0.0012936 2.5346e-05
0.00020862 0.0015572 0.0032995 0.0012965 2.5854e-05
0.00021023 0.0015609 0.0033026 0.0012995 2.6446e-05
0.00021187 0.0015645 0.0033057 0.0013024 2.7132e-05
0.0002135 0.0015681 0.0033088 0.0013054 2.7782e-05
0.00021512 0.0015717 0.0033119 0.0013083 2.8401e-05
0.00021676 0.0015753 0.003315 0.0013113 2.9116e-05
0.00021843 0.001579 0.0033181 0.0013142 2.9922e-05
0.00022011 0.0015826 0.0033212 0.0013172 3.0826e-05
0.00022178 0.0015863 0.0033244 0.0013202 3.1704e-05
0.00022348 0.0015899 0.0033275 0.0013232 3.2706e-05
0.0002252 0.0015936 0.0033307 0.0013262 3.3845e-05
0.00022694 0.0015973 0.0033338 0.0013293 3.5137e-05
0.00022871 0.001601 0.003337 0.0013324 3.6598e-05
0.0002305 0.0016048 0.0033402 0.0013355 3.8253e-05
0.00023228 0.0016085 0.0033434 0.0013385 3.9826e-05
0.00023404 0.0016122 0.0033466 0.0013416 4.1249e-05
0.00023577 0.001616 0.0033498 0.0013447 4.2491e-05
0.00023748 0.0016197 0.0033529 0.0013477 4.3605e-05
0.00023917 0.0016234 0.0033561 0.0013508 4.4603e-05
0.00024083 0.001627 0.0033592 0.0013538 4.5504e-05
0.00024252 0.0016307 0.0033624 0.0013568 4.6525e-05
0.0002442 0.0016344 0.0033656 0.0013599 4.7497e-05
