Cariama_cristata Casuarius_casuarius Cathartes_aura Chlamydotis_macqueenii Chloebia_gouldiae
0.00010033 0.00025392 0.78887 8.8635e-06 0.00054823
9.4344e-05 0.00025246 0.78962 8.1252e-06 0.00054663
8.8569e-05 0.00025102 0.79037 7.4409e-06 0.00054509
8.2712e-05 0.00024956 0.79111 6.7369e-06 0.00054352
7.711e-05 0.00024813 0.79187 6.0955e-06 0.00054202
7.1367e-05 0.00024668 0.79263 5.4212e-06 0.00054048
6.5937e-05 0.00024526 0.79339 4.8211e-06 0.00053902
6.088e-05 0.00024386 0.79417 4.3034e-06 0.00053765
5.5614e-05 0.00024245 0.79494 3.7418e-06 0.00053623
5.0157e-05 0.00024102 0.7957 3.1384e-06 0.00053476
4.5078e-05 0.00023962 0.79648 2.6186e-06 0.0005334
4.0299e-05 0.00023824 0.79727 2.1605e-06 0.00053211
3.5328e-05 0.00023685 0.79806 1.6645e-06 0.00053077
3.0177e-05 0.00023544 0.79884 1.6053e-06 0.00053431
2.5384e-05 0.00023405 0.79963 1.5581e-06 0.00053799
2.0876e-05 0.0002327 0.80044 1.52e-06 0.0005418
2.0357e-05 0.00023132 0.80124 1.474e-06 0.00054553
1.9881e-05 0.00022997 0.80205 1.4368e-06 0.0005494
1.9444e-05 0.00022864 0.80285 1.4079e-06 0.00055342
1.9056e-05 0.00022734 0.80365 1.3883e-06 0.00055762
1.8704e-05 0.00022606 0.80446 1.376e-06 0.00056197
1.8314e-05 0.00022481 0.80527 1.3575e-06 0.00056648
1.7885e-05 0.00022353 0.80607 1.3348e-06 0.0005709
1.7493e-05 0.00022228 0.80688 1.3194e-06 0.00057549
1.706e-05 0.00022102 0.80769 1.2971e-06 0.00057998
1.6589e-05 0.00021974 0.80849 1.2687e-06 0.00058438
1.6163e-05 0.00021849 0.80931 1.2489e-06 0.00058498
1.5695e-05 0.00021722 0.81012 1.2223e-06 0.00058553
1.5189e-05 0.00021593 0.81094 1.1894e-06 0.00058603
1.472e-05 0.00021467 0.81178 1.1637e-06 0.00058661
1.4285e-05 0.00021343 0.81262 1.1448e-06 0.00058726
1.3892e-05 0.00021221 0.81346 1.1339e-06 0.00058507
1.353e-05 0.00021102 0.81431 1.1293e-06 0.00058297
1.216e-05 0.00020633 0.81777 1.1317e-06 0.00057504
1.1827e-05 0.00020518 0.81864 1.0432e-06 0.00057299
1.1461e-05 0.00020401 0.81952 9.4562e-07 0.00057089
1.1061e-05 0.00020286 0.82038 8.385e-07 0.00056873
1.0696e-05 0.0002017 0.82127 7.4677e-07 0.00056669
1.0359e-05 0.00020056 0.82216 6.6627e-07 0.00056474
1.0052e-05 0.00019944 0.82307 5.9747e-07 0.00056291
9.7141e-06 0.00019834 0.82397 5.2129e-07 0.00056102
9.4005e-06 0.00019727 0.82489 4.5417e-07 0.00055922
9.1163e-06 0.00019621 0.82581 3.9653e-07 0.00055753
8.8541e-06 0.00019518 0.82676 3.4568e-07 0.00055592
8.559e-06 0.00019413 0.82769 3.6872e-07 0.00055442
8.2331e-06 0.00019307 0.82862 3.8739e-07 0.00055288
7.9351e-06 0.00019203 0.82957 4.1069e-07 0.00055143
7.6634e-06 0.00019101 0.83053 3.8937e-07 0.00055008
7.4114e-06 0.00019001 0.8315 3.7169e-07 0.00054882
7.178e-06 0.00018903 0.83249 3.5735e-07 0.0005475
6.9623e-06 0.00018806 0.83349 3.4612e-07 0.00054626
6.7682e-06 0.00018712 0.83451 3.3855e-07 0.00054516
6.5445e-06 0.00018616 0.83551 3.2671e-07 0.000544
6.3417e-06 0.00018523 0.83654 3.1842e-07 0.00054294
6.1095e-06 0.00018431 0.83756 3.0589e-07 0.00054182
6.7684e-06 0.00018338 0.83857 2.8907e-07 0.0005408
7.4647e-06 0.00018247 0.83959 2.7508e-07 0.00053973
8.1187e-06 0.00018155 0.84061 2.5684e-07 0.00053875
8.7313e-06 0.00018061 0.84162 2.3427e-07 0.00053772
9.3067e-06 0.00017965 0.84263 2.0755e-07 0.00053677
9.9176e-06 0.00017872 0.84365 1.839e-07 0.00053589
1.0487e-05 0.00017777 0.84466 1.5588e-07 0.00053496
1.102e-05 0.00017681 0.84567 1.2369e-07 0.00053399
1.1516e-05 0.00017583 0.84667 8.7168e-08 0.00053297
1.2046e-05 0.00017488 0.84769 5.4027e-08 0.00053203
1.2539e-05 0.00017391 0.8487 5.6044e-08 0.00053105
1.3075e-05 0.00017296 0.84973 5.8509e-08 0.00053015
1.3574e-05 0.000172 0.85075 5.8401e-08 0.00052919
1.4109e-05 0.00017106 0.85178 5.8449e-08 0.00052831
1.4682e-05 0.00017013 0.85283 5.8658e-08 0.00052749
1.4487e-05 0.00016922 0.85389 5.903e-08 0.00052675
1.4318e-05 0.00016833 0.85495 5.9574e-08 0.00052596
1.4114e-05 0.00016742 0.85599 5.7415e-08 0.00052513
1.3873e-05 0.0001665 0.85704 9.167e-08 0.00052424
1.3596e-05 0.00016557 0.85807 1.2151e-07 0.0005233
1.3282e-05 0.00016466 0.8591 1.471e-07 0.0005223
1.2931e-05 0.00016374 0.86012 1.6861e-07 0.00052126
1.2615e-05 0.00016283 0.86116 1.9345e-07 0.0005203
1.2333e-05 0.00016195 0.86221 2.2212e-07 0.00051942
1.089e-05 0.00016108 0.86328 2.5519e-07 0.00051863
1.1008e-05 0.00016021 0.86434 2.84e-07 0.0005178
1.11e-05 0.00015932 0.8654 3.0907e-07 0.00051694
1.1214e-05 0.00015845 0.86647 3.3792e-07 0.00051615
1.1305e-05 0.00015757 0.86755 3.6336e-07 0.00051533
1.1407e-05 0.0001567 0.86863 3.9113e-07 0.00051456
1.1497e-05 0.00015585 0.86971 4.1732e-07 0.00051384
1.1574e-05 0.00015498 0.87079 4.4191e-07 0.00051311
1.164e-05 0.00015412 0.87188 4.6492e-07 0.00051235
1.1693e-05 0.00015326 0.87296 4.8634e-07 0.00051164
1.1734e-05 0.00015239 0.87405 5.0617e-07 0.00051092
1.1763e-05 0.00015153 0.87514 5.2441e-07 0.00051023
1.178e-05 0.00015069 0.87622 5.4107e-07 0.00050958
1.1784e-05 0.00014983 0.87731 5.5614e-07 0.00050892
1.1777e-05 0.00014899 0.87841 5.6961e-07 0.00050831
1.1757e-05 0.00014814 0.8795 5.815e-07 0.00050768
1.1725e-05 0.0001473 0.88059 5.9181e-07 0.0005071
1.1681e-05 0.00014646 0.88169 6.0052e-07 0.00050656
1.1625e-05 0.00014562 0.88279 6.0765e-07 0.00050609
1.1557e-05 0.0001448 0.88388 6.1318e-07 0.00050567
1.1476e-05 0.000144 0.88498 6.1713e-07 0.00050532
1.1383e-05 0.00014318 0.88608 6.1949e-07 0.00050494
1.1278e-05 0.00014236 0.88718 6.2027e-07 0.00050452
1.1161e-05 0.00014155 0.88829 6.1945e-07 0.00050416
1.1032e-05 0.00014075 0.88939 6.1705e-07 0.00050386
1.0891e-05 0.00013996 0.8905 6.1306e-07 0.00050361
1.0737e-05 0.00013917 0.8916 6.0748e-07 0.00050333
1.0571e-05 0.00013836 0.89271 6.0031e-07 0.00050302
1.0393e-05 0.00013757 0.89382 5.9156e-07 0.00050278
1.0203e-05 0.00013677 0.89493 5.8121e-07 0.00050251
1.0033e-05 0.00013599 0.89605 5.7474e-07 0.00049801
9.8362e-06 0.00013519 0.89717 5.6426e-07 0.00049345
9.609e-06 0.00013438 0.89829 5.4911e-07 0.0004888
9.3502e-06 0.00013357 0.8994 5.2902e-07 0.00048406
9.058e-06 0.00013276 0.9005 5.0367e-07 0.00048459
8.7938e-06 0.00013195 0.90159 4.8374e-07 0.0004852
8.5562e-06 0.00013115 0.9027 4.6875e-07 0.0004859
8.2887e-06 0.00013035 0.90381 4.4923e-07 0.00048655
8.0471e-06 0.00012956 0.90411 4.3443e-07 0.00048728
7.8203e-06 0.00012878 0.90441 4.2245e-07 0.00048807
7.5747e-06 0.000128 0.90472 4.0782e-07 0.00048884
7.3383e-06 0.00012722 0.90503 3.9504e-07 0.0004896
7.0835e-06 0.00012644 0.90534 3.7967e-07 0.00049034
6.8372e-06 0.00012567 0.90565 3.6604e-07 0.00049113
6.5992e-06 0.00012491 0.90597 3.5406e-07 0.00049196
6.3437e-06 0.00012414 0.90628 3.3964e-07 0.00049284
6.0931e-06 0.00012338 0.9066 3.2633e-07 0.00049375
5.8244e-06 0.00012261 0.90692 3.1051e-07 0.00049465
5.5631e-06 0.00012186 0.90725 2.9617e-07 0.0004956
5.3089e-06 0.00012111 0.90758 2.8322e-07 0.0004966
5.0586e-06 0.00012037 0.90791 2.7113e-07 0.00049769
4.7905e-06 0.00011962 0.90824 2.566e-07 0.00049876
4.5051e-06 0.00011887 0.90857 2.3971e-07 0.00049981
4.2235e-06 0.00011812 0.90891 2.2367e-07 0.00050091
3.9248e-06 0.00011737 0.90924 2.0529e-07 0.000502
3.6087e-06 0.00011662 0.90958 1.8453e-07 0.00050306
3.3044e-06 0.00011585 0.90992 1.658e-07 0.00050076
3.0083e-06 0.00011509 0.91026 1.4846e-07 0.00049853
2.6904e-06 0.00011433 0.91061 1.2814e-07 0.00049627
2.384e-06 0.00011358 0.91096 1.0963e-07 0.0004941
2.053e-06 0.00011281 0.9113 8.78e-08 0.00049188
1.6972e-06 0.00011204 0.91165 6.2545e-08 0.00048961
1.8085e-06 0.00011126 0.912 6.9469e-08 0.00048745
1.92e-06 0.00011048 0.91236 7.6562e-08 0.00048537
2.0293e-06 0.00010972 0.91272 8.3532e-08 0.00048336
2.1384e-06 0.00010896 0.91309 9.0703e-08 0.00048141
2.2305e-06 0.0001082 0.91346 9.5581e-08 0.00047944
2.3229e-06 0.00010745 0.91383 1.0075e-07 0.00047754
2.4191e-06 0.00010671 0.91421 1.0675e-07 0.00047573
2.5174e-06 0.00010598 0.91459 1.1339e-07 0.00047399
2.5951e-06 0.00010524 0.91498 1.1716e-07 0.00047221
2.6758e-06 0.00010452 0.91536 1.217e-07 0.00047039
2.762e-06 0.00010381 0.91576 1.2743e-07 0.00046865
2.8541e-06 0.00010311 0.91616 1.3444e-07 0.00046701
2.9241e-06 0.0001024 0.91656 1.3833e-07 0.00046545
2.9781e-06 0.00010168 0.91696 1.4004e-07 0.00046387
3.0299e-06 0.00010097 0.91736 1.4175e-07 0.00046235
3.0657e-06 0.00010026 0.91776 1.413e-07 0.0004608
3.101e-06 9.9555e-05 0.91817 1.4112e-07 0.00045931
3.1203e-06 9.8844e-05 0.91857 1.3877e-07 0.00045779
3.1241e-06 9.8127e-05 0.91898 1.3432e-07 0.00045627
3.1274e-06 9.7418e-05 0.91939 1.3013e-07 0.00045479
3.1147e-06 9.6704e-05 0.9198 1.2378e-07 0.0004533
3.0865e-06 9.5985e-05 0.92021 1.1533e-07 0.00045179
3.0561e-06 9.5272e-05 0.92063 1.0686e-07 0.00045032
3.0097e-06 9.4554e-05 0.92104 9.6236e-08 0.00044884
2.9473e-06 9.3831e-05 0.92145 8.3452e-08 0.00044734
2.8846e-06 9.3115e-05 0.92187 7.0908e-08 0.0004459
2.8025e-06 9.2391e-05 0.92229 5.5696e-08 0.00044441
2.6985e-06 9.1653e-05 0.9227 6.8169e-08 0.00044289
3.2209e-06 9.0933e-05 0.92312 7.7551e-08 0.00044097
3.7117e-06 9.0227e-05 0.92355 8.4094e-08 0.000439
4.1688e-06 8.9535e-05 0.92396 8.8379e-08 0.00043713
4.635e-06 8.885e-05 0.92438 9.2415e-08 0.00043532
5.0819e-06 8.8159e-05 0.9248 9.438e-08 0.0004335
5.5097e-06 8.7462e-05 0.92522 9.4276e-08 0.00043165
5.9182e-06 8.6761e-05 0.92564 9.2104e-08 0.00042978
6.3077e-06 8.6054e-05 0.92605 8.7862e-08 0.00042789
6.6774e-06 8.5342e-05 0.92647 8.1498e-08 0.00042599
7.0285e-06 8.4625e-05 0.92689 7.3084e-08 0.00042406
7.3613e-06 8.3902e-05 0.92731 6.2636e-08 0.00042212
7.6759e-06 8.3175e-05 0.92772 5.0149e-08 0.00042015
7.9982e-06 8.2454e-05 0.92814 3.7401e-08 0.00041824
8.301e-06 8.1727e-05 0.92856 2.2553e-08 0.00041631
8.5735e-06 8.1011e-05 0.92898 2.6378e-08 0.00041433
8.8269e-06 8.0291e-05 0.9294 2.8316e-08 0.00041233
9.0909e-06 7.9577e-05 0.92982 2.9485e-08 0.00041038
9.3367e-06 7.8859e-05 0.93024 7.6478e-08 0.00040842
9.5644e-06 7.8135e-05 0.93067 1.2079e-07 0.00040644
9.774e-06 7.7407e-05 0.93109 1.6243e-07 0.00040444
9.9944e-06 7.6686e-05 0.93152 2.0678e-07 0.00040251
1.0223e-05 7.597e-05 0.93195 2.5347e-07 0.00040062
1.0432e-05 7.525e-05 0.93238 2.972e-07 0.00039871
1.0622e-05 7.4524e-05 0.93281 3.3812e-07 0.00039678
1.0825e-05 7.3805e-05 0.93324 3.8228e-07 0.00039492
1.1006e-05 7.308e-05 0.93368 4.2292e-07 0.00039302
1.1156e-05 7.2369e-05 0.93411 4.5835e-07 0.00039123
1.1329e-05 7.1645e-05 0.93455 4.4512e-07 0.00038953
1.153e-05 7.0934e-05 0.93499 4.3628e-07 0.00038792
1.1056e-05 7.0234e-05 0.93544 4.308e-07 0.00038639
1.0562e-05 6.9529e-05 0.9359 4.228e-07 0.00038485
1.0086e-05 6.883e-05 0.93635 4.1652e-07 0.00038335
9.6264e-06 6.8139e-05 0.93681 4.1191e-07 0.0003819
9.1835e-06 6.7453e-05 0.93728 4.0894e-07 0.00038051
8.7202e-06 6.6763e-05 0.93775 4.0343e-07 0.00037909
8.2365e-06 6.6067e-05 0.93821 3.9537e-07 0.00037766
7.7648e-06 6.5377e-05 0.93868 3.8846e-07 0.00037627
7.3042e-06 6.4692e-05 0.93916 3.8268e-07 0.00037492
6.8542e-06 6.4011e-05 0.93964 3.7797e-07 0.00037361
6.3853e-06 6.3326e-05 0.94012 3.7085e-07 0.00037229
5.8964e-06 6.2636e-05 0.94059 3.612e-07 0.00037094
5.3841e-06 6.1939e-05 0.94107 3.4861e-07 0.00036958
4.8834e-06 6.1247e-05 0.94155 3.3725e-07 0.00036826
4.363e-06 6.055e-05 0.94204 3.2338e-07 0.00036692
3.854e-06 5.9859e-05 0.94252 3.107e-07 0.00036556
3.3585e-06 5.9174e-05 0.94301 2.9947e-07 0.00036426
2.843e-06 5.8484e-05 0.9435 2.8571e-07 0.00036293
2.3426e-06 5.7801e-05 0.944 2.736e-07 0.00036166
1.811e-06 5.713e-05 0.94449 2.5763e-07 0.00036035
1.8512e-06 5.6471e-05 0.94499 3.0793e-07 0.00035868
1.8925e-06 5.5822e-05 0.94548 3.6463e-07 0.00035709
1.9373e-06 5.5184e-05 0.94599 3.6787e-07 0.00035559
1.9792e-06 5.4552e-05 0.9465 3.726e-07 0.00035414
2.0177e-06 5.3924e-05 0.94702 3.786e-07 0.00035273
2.0406e-06 5.3292e-05 0.94753 3.8204e-07 0.0003513
2.0607e-06 5.2665e-05 0.94806 3.8701e-07 0.00034992
2.0781e-06 5.2043e-05 0.94858 3.9354e-07 0.00034859
2.0928e-06 5.1427e-05 0.94911 4.0169e-07 0.00034731
2.0921e-06 5.0816e-05 0.94965 4.0728e-07 0.000346
2.0886e-06 5.0211e-05 0.95018 4.1453e-07 0.00034475
2.081e-06 4.9609e-05 0.95072 4.2301e-07 0.00034353
2.0697e-06 4.9012e-05 0.95127 4.329e-07 0.00034235
2.0625e-06 4.8423e-05 0.95183 4.4667e-07 0.00034124
2.0396e-06 4.7829e-05 0.95238 4.5769e-07 0.00034011
2.0011e-06 4.723e-05 0.95293 4.6603e-07 0.00033896
1.9602e-06 4.6637e-05 0.95349 4.7641e-07 0.00033779
1.9043e-06 4.6038e-05 0.95405 4.8426e-07 0.00033661
1.8455e-06 4.5445e-05 0.95461 4.941e-07 0.00033548
2.5767e-06 4.4847e-05 0.95518 5.0127e-07 0.00033432
3.3243e-06 4.4252e-05 0.95575 5.0994e-07 0.00033321
4.0894e-06 4.3661e-05 0.95632 5.2016e-07 0.00033213
4.873e-06 4.3074e-05 0.9569 5.3199e-07 0.00033108
5.6341e-06 4.2482e-05 0.95748 5.4113e-07 0.00033003
6.3729e-06 4.1896e-05 0.95806 5.4757e-07 0.00032895
7.1305e-06 4.1312e-05 0.95864 5.5565e-07 0.00032791
7.8656e-06 4.0725e-05 0.95922 5.6102e-07 0.00032686
8.5782e-06 4.0132e-05 0.9598 5.6369e-07 0.00032578
9.316e-06 3.9544e-05 0.96039 5.6861e-07 0.00032476
1.0084e-05 3.8961e-05 0.96098 5.762e-07 0.00032377
1.0811e-05 3.8388e-05 0.96157 5.792e-07 0.00032286
1.1589e-05 3.7824e-05 0.96217 5.8694e-07 0.00032202
1.234e-05 3.7267e-05 0.96277 5.9025e-07 0.00032114
1.3051e-05 3.6703e-05 0.96337 5.8931e-07 0.00032022
1.3814e-05 3.6146e-05 0.96349 5.9295e-07 0.00031937
1.462e-05 3.5596e-05 0.96363 6.0006e-07 0.00031857
1.5383e-05 3.5038e-05 0.96376 6.0276e-07 0.00031774
1.6102e-05 3.4473e-05 0.96389 6.0087e-07 0.00031687
1.6778e-05 3.3899e-05 0.96402 5.9435e-07 0.00031597
1.7501e-05 3.3332e-05 0.96415 5.9191e-07 0.00031513
1.8177e-05 3.2756e-05 0.96428 5.8447e-07 0.00031424
1.8805e-05 3.2172e-05 0.96441 5.7196e-07 0.00031332
1.949e-05 3.1596e-05 0.96455 5.6455e-07 0.00031247
2.0127e-05 3.1012e-05 0.96468 5.5213e-07 0.00031157
2.0823e-05 3.0436e-05 0.96482 5.4471e-07 0.00031064
2.1474e-05 2.9853e-05 0.96496 5.3273e-07 0.00030967
2.2082e-05 2.9276e-05 0.96509 5.1614e-07 0.00030866
2.2735e-05 2.869e-05 0.96523 5.0326e-07 0.00030762
2.3414e-05 2.8108e-05 0.96537 4.9212e-07 0.00030662
2.4127e-05 2.752e-05 0.96552 4.8308e-07 0.00030565
2.4815e-05 2.6937e-05 0.96566 4.7138e-07 0.00030468
2.5478e-05 2.6349e-05 0.9658 4.5702e-07 0.00030368
2.6174e-05 2.5764e-05 0.96595 4.4467e-07 0.00030273
2.6846e-05 2.5175e-05 0.9661 4.2967e-07 0.00030176
2.7552e-05 2.4591e-05 0.96625 4.1671e-07 0.00030084
2.7202e-05 2.4012e-05 0.9664 4.0704e-07 0.00029987
2.6902e-05 2.3426e-05 0.96656 4.012e-07 0.00029898
2.6569e-05 2.2833e-05 0.96672 3.9192e-07 0.00029806
2.6274e-05 2.2246e-05 0.96689 3.8537e-07 0.00029719
2.5949e-05 2.1653e-05 0.96705 3.7569e-07 0.00029629
2.5661e-05 2.1066e-05 0.96721 3.6857e-07 0.00029545
2.5423e-05 2.0468e-05 0.96738 3.6515e-07 0.00029468
2.5233e-05 1.9878e-05 0.96756 3.6535e-07 0.00029397
2.4999e-05 1.9279e-05 0.96773 3.6126e-07 0.00029322
2.4737e-05 1.8674e-05 0.9679 3.5408e-07 0.00029246
2.4497e-05 1.8073e-05 0.96808 3.4833e-07 0.00029173
2.4231e-05 1.7467e-05 0.96825 3.3969e-07 0.00029098
2.399e-05 1.6865e-05 0.96843 3.3267e-07 0.00029027
2.3796e-05 1.627e-05 0.96861 3.2906e-07 0.00028962
2.3648e-05 1.5684e-05 0.9688 3.2877e-07 0.00028903
2.3544e-05 1.5105e-05 0.96899 3.3182e-07 0.00028851
2.3485e-05 1.4534e-05 0.96918 3.3828e-07 0.00028804
2.3387e-05 1.3955e-05 0.96937 3.4084e-07 0.00028755
2.3252e-05 1.3369e-05 0.96957 3.395e-07 0.00028702
2.3161e-05 1.279e-05 0.96976 3.4159e-07 0.00028655
2.3029e-05 1.2203e-05 0.96996 3.3949e-07 0.00028605
2.2859e-05 1.2276e-05 0.97015 3.3348e-07 0.00028551
2.2651e-05 1.2343e-05 0.97034 3.2353e-07 0.00028503
2.2488e-05 1.2411e-05 0.97054 3.1704e-07 0.00028462
2.2368e-05 1.2482e-05 0.97074 3.1386e-07 0.00028426
2.2207e-05 1.2546e-05 0.97094 3.079e-07 0.00028387
2.2082e-05 1.2611e-05 0.97115 3.0446e-07 0.00028345
2.1919e-05 1.2671e-05 0.97135 2.9723e-07 0.00028299
2.1774e-05 1.2731e-05 0.97155 2.9088e-07 0.00028256
2.1606e-05 1.2786e-05 0.97176 2.8211e-07 0.00028213
2.1454e-05 1.284e-05 0.97197 2.7411e-07 0.00028171
2.1282e-05 1.2891e-05 0.97217 2.6378e-07 0.00028129
2.109e-05 1.2938e-05 0.97238 2.5114e-07 0.00028086
2.0912e-05 1.2984e-05 0.97259 2.3924e-07 0.00028045
2.0714e-05 1.3026e-05 0.9728 2.2493e-07 0.00028003
2.0535e-05 1.3067e-05 0.97302 2.1169e-07 0.00027964
2.0377e-05 1.3109e-05 0.97323 1.9948e-07 0.00027929
2.0195e-05 1.3146e-05 0.97345 1.8475e-07 0.00027892
2.0041e-05 1.3184e-05 0.97367 1.7161e-07 0.00027859
1.9927e-05 1.3223e-05 0.97389 1.6076e-07 0.00027569
1.9778e-05 1.3257e-05 0.97411 1.4657e-07 0.00027273
1.9593e-05 1.3285e-05 0.97434 1.2898e-07 0.00026971
1.9447e-05 1.3315e-05 0.97456 1.1363e-07 0.00026682
1.9263e-05 1.334e-05 0.97479 9.4814e-08 0.00026386
1.9117e-05 1.3366e-05 0.97502 7.7988e-08 0.00026102
1.901e-05 1.3393e-05 0.97525 6.2848e-08 0.00025829
1.8866e-05 1.3415e-05 0.97548 7.738e-08 0.0002555
1.8687e-05 1.3432e-05 0.97571 8.8887e-08 0.00025265
1.8546e-05 1.345e-05 0.97595 1.0188e-07 0.00024992
1.8367e-05 1.3462e-05 0.97618 1.1166e-07 0.00024713
1.8211e-05 1.3475e-05 0.97642 1.2207e-07 0.00024441
1.8034e-05 1.3484e-05 0.97666 2.6362e-07 0.00024167
1.7871e-05 1.3491e-05 0.9769 4.1559e-07 0.000239
1.7686e-05 1.3495e-05 0.97714 5.6141e-07 0.0002363
1.752e-05 1.3499e-05 0.97711 7.2087e-07 0.00023366
1.7329e-05 1.3498e-05 0.97708 8.7179e-07 0.000231
1.711e-05 1.3493e-05 0.97704 1.0144e-06 0.0002283
1.6921e-05 1.3488e-05 0.97701 1.1761e-06 0.00022569
1.6769e-05 1.3485e-05 0.97699 1.3635e-06 0.00022303
1.6593e-05 1.3478e-05 0.97696 1.5427e-06 0.00022033
1.6432e-05 1.347e-05 0.97694 1.7374e-06 0.0002177
1.6251e-05 1.3458e-05 0.97691 1.9251e-06 0.00021505
1.6086e-05 1.3446e-05 0.97689 2.1302e-06 0.00021247
1.5901e-05 1.343e-05 0.97686 2.3286e-06 0.00020986
1.5728e-05 1.3413e-05 0.97684 2.5427e-06 0.00020731
1.5569e-05 1.3396e-05 0.97682 2.7746e-06 0.00020481
1.5431e-05 1.3379e-05 0.9765 2.7984e-06 0.00020239
1.5265e-05 1.3357e-05 0.97617 2.8162e-06 0.00019993
1.5126e-05 1.3336e-05 0.97585 2.8446e-06 0.00019756
1.5019e-05 1.3316e-05 0.97554 2.886e-06 0.00019513
1.4935e-05 1.3298e-05 0.97523 2.9385e-06 0.00019279
1.4818e-05 1.3273e-05 0.97492 2.9823e-06 0.00019039
1.4669e-05 1.3244e-05 0.9746 3.0173e-06 0.00018795
1.4552e-05 1.3216e-05 0.97429 3.067e-06 0.00018561
1.4469e-05 1.3181e-05 0.97399 3.1327e-06 0.00018321
1.4396e-05 1.3145e-05 0.97369 3.2064e-06 0.00018086
1.4334e-05 1.3109e-05 0.9734 3.2884e-06 0.00017857
1.4252e-05 1.3069e-05 0.9731 3.3658e-06 0.00017625
1.4181e-05 1.3028e-05 0.97281 3.2561e-06 0.00017406
1.4091e-05 1.2983e-05 0.97251 3.1409e-06 0.00017186
1.398e-05 1.2934e-05 0.97222 3.0202e-06 0.00016963
1.3879e-05 1.2885e-05 0.97193 2.9095e-06 0.00016746
1.376e-05 1.2831e-05 0.97164 2.7939e-06 0.00016526
1.3621e-05 1.2774e-05 0.97135 2.6729e-06 0.00016305
1.3496e-05 1.2716e-05 0.97106 2.5636e-06 0.00016089
1.3381e-05 1.2657e-05 0.97078 2.4635e-06 0.00015878
1.3245e-05 1.2595e-05 0.97049 2.3581e-06 0.00015665
1.3134e-05 1.2533e-05 0.97021 2.2677e-06 0.00015459
1.3037e-05 1.2471e-05 0.96993 2.1876e-06 0.00015258
1.295e-05 1.2408e-05 0.96966 2.1145e-06 0.00015062
1.2876e-05 1.2345e-05 0.96939 2.0495e-06 0.00014871
1.2814e-05 1.2282e-05 0.96912 1.9919e-06 0.00014684
1.2764e-05 1.2218e-05 0.96886 1.9414e-06 0.00014502
1.2693e-05 1.215e-05 0.9686 1.8864e-06 0.00014318
1.2603e-05 1.2078e-05 0.96833 1.8272e-06 0.00014132
1.2478e-05 1.2008e-05 0.96807 1.7586e-06 0.00013942
1.2384e-05 1.1939e-05 0.9678 1.7033e-06 0.0001376
1.2258e-05 1.1865e-05 0.96754 1.6398e-06 0.00013585
1.2098e-05 1.1785e-05 0.96728 1.5671e-06 0.00013406
1.1967e-05 1.1924e-05 0.96638 1.5075e-06 0.00013235
1.1817e-05 1.2059e-05 0.96549 1.4441e-06 0.00013062
1.1676e-05 1.2193e-05 0.9646 1.386e-06 0.00012893
1.1544e-05 1.2327e-05 0.96371 1.3331e-06 0.00012727
1.1392e-05 1.2456e-05 0.96283 1.2763e-06 0.0001256
1.1248e-05 1.2585e-05 0.96195 1.2244e-06 0.00012396
1.1085e-05 1.271e-05 0.96108 1.1687e-06 0.00012231
1.093e-05 1.2835e-05 0.96021 1.1176e-06 0.00012069
1.0756e-05 1.2955e-05 0.95934 1.0628e-06 0.00011905
1.0598e-05 1.3076e-05 0.95847 1.015e-06 0.00011739
1.0461e-05 1.3198e-05 0.95762 9.7453e-07 0.00011579
1.0343e-05 1.3321e-05 0.95678 9.4087e-07 0.00011424
1.0245e-05 1.3446e-05 0.95595 9.1378e-07 0.00011274
1.0116e-05 1.3565e-05 0.95512 8.8028e-07 0.00011121
1.0007e-05 1.3685e-05 0.9543 8.5313e-07 0.00010974
9.9222e-06 1.3807e-05 0.95349 8.3311e-07 0.00010833
9.8161e-06 1.3924e-05 0.95267 8.0935e-07 0.0001069
9.7228e-06 1.4042e-05 0.95187 7.8969e-07 0.00010551
9.639e-06 1.416e-05 0.95107 7.7323e-07 0.00010415
9.5643e-06 1.4278e-05 0.95029 7.5984e-07 0.00010283
9.4986e-06 1.4396e-05 0.94951 7.4938e-07 0.00010154
9.4386e-06 1.4513e-05 0.94873 7.4111e-07 0.00010028
9.3603e-06 1.4627e-05 0.94796 7.2997e-07 9.9009e-05
9.2906e-06 1.474e-05 0.94719 7.2162e-07 9.7767e-05
9.2033e-06 1.485e-05 0.94642 7.1055e-07 9.6514e-05
9.1215e-06 1.4959e-05 0.94566 7.0159e-07 9.5286e-05
9.0213e-06 1.5064e-05 0.94489 6.8978e-07 9.4046e-05
8.9267e-06 1.5168e-05 0.94414 6.8004e-07 9.2832e-05
8.8138e-06 1.5269e-05 0.94338 6.6748e-07 9.1604e-05
8.6825e-06 1.5365e-05 0.94262 6.5207e-07 9.0365e-05
8.5596e-06 1.5462e-05 0.94187 6.3931e-07 8.9155e-05
8.4184e-06 1.5554e-05 0.94112 6.2374e-07 8.7933e-05
8.2854e-06 1.5647e-05 0.94037 6.1072e-07 8.6741e-05
8.1347e-06 1.5735e-05 0.93963 5.9503e-07 8.5538e-05
7.9893e-06 1.5823e-05 0.93889 5.8126e-07 8.4359e-05
7.8487e-06 1.5911e-05 0.93816 5.6932e-07 8.321e-05
7.7129e-06 1.5998e-05 0.93743 5.5914e-07 8.2085e-05
7.5816e-06 1.6085e-05 0.93671 5.5066e-07 8.0983e-05
7.4329e-06 1.6168e-05 0.93599 5.3959e-07 7.987e-05
7.2886e-06 1.625e-05 0.93527 5.3017e-07 7.8781e-05
7.1264e-06 1.6329e-05 0.93456 5.1806e-07 7.7679e-05
6.971e-06 1.6407e-05 0.93385 5.0808e-07 7.6604e-05
6.8197e-06 1.6485e-05 0.93314 4.9965e-07 7.5552e-05
6.6504e-06 1.6559e-05 0.93244 4.8855e-07 7.4488e-05
6.4877e-06 1.6633e-05 0.93174 4.7948e-07 7.3451e-05
6.3311e-06 1.6708e-05 0.93105 4.7235e-07 7.2438e-05
6.1569e-06 1.6778e-05 0.93036 4.6259e-07 7.1415e-05
5.9886e-06 1.6848e-05 0.92968 4.5474e-07 7.0417e-05
5.8235e-06 1.6918e-05 0.929 4.4825e-07 6.9439e-05
5.6639e-06 1.6988e-05 0.92833 4.4359e-07 6.845e-05
5.5094e-06 1.7058e-05 0.92767 4.4069e-07 6.7486e-05
6.6282e-06 1.7124e-05 0.927 4.3532e-07 6.6511e-05
7.7792e-06 1.719e-05 0.92634 4.3121e-07 6.5556e-05
8.9034e-06 1.7252e-05 0.92568 4.2453e-07 6.459e-05
1.0061e-05 1.7313e-05 0.92503 4.1908e-07 6.3644e-05
1.1191e-05 1.7371e-05 0.92437 4.1105e-07 6.2687e-05
1.2365e-05 1.7428e-05 0.92372 4.0478e-07 6.1753e-05
1.3605e-05 1.7487e-05 0.92308 4.0136e-07 6.0853e-05
1.4905e-05 1.7547e-05 0.92245 4.0017e-07 5.998e-05
1.616e-05 1.7602e-05 0.92181 3.9561e-07 5.9089e-05
1.7355e-05 1.7659e-05 0.92117 3.8685e-07 5.8231e-05
1.8487e-05 1.771e-05 0.92053 3.7361e-07 5.7348e-05
1.9706e-05 1.7764e-05 0.9199 3.6431e-07 5.6504e-05
2.0889e-05 1.7812e-05 0.91927 3.5091e-07 5.5699e-05
2.2017e-05 1.7862e-05 0.91863 3.3344e-07 5.4872e-05
2.3098e-05 1.7914e-05 0.91799 3.1214e-07 5.563e-05
2.297e-05 1.7967e-05 0.91735 2.9421e-07 5.5369e-05
2.2811e-05 1.8016e-05 0.91672 2.7282e-07 5.5096e-05
2.2621e-05 1.8059e-05 0.91608 3.2556e-07 5.4809e-05
2.2462e-05 1.8104e-05 0.91545 3.8423e-07 5.4508e-05
2.2323e-05 1.8149e-05 0.91483 4.4772e-07 5.4221e-05
2.2162e-05 1.819e-05 0.91421 5.074e-07 5.3925e-05
2.2025e-05 1.8226e-05 0.91359 5.7295e-07 5.3643e-05
2.1865e-05 1.8258e-05 0.91297 6.3476e-07 5.3353e-05
2.1684e-05 1.8286e-05 0.91236 6.9287e-07 5.3054e-05
2.1532e-05 1.8315e-05 0.91175 7.5841e-07 5.2772e-05
2.1402e-05 1.8344e-05 0.91116 8.303e-07 5.2504e-05
2.1245e-05 1.8369e-05 0.91056 8.969e-07 5.2224e-05
2.1057e-05 1.8389e-05 0.90996 9.5772e-07 5.196e-05
2.0839e-05 1.8403e-05 0.90936 1.0129e-06 5.1683e-05
2.0586e-05 1.8413e-05 0.90876 1.0618e-06 5.1391e-05
2.0366e-05 1.8423e-05 0.90817 1.119e-06 5.1122e-05
2.0188e-05 1.8437e-05 0.90758 1.1886e-06 5.0876e-05
2.0051e-05 1.8452e-05 0.907 1.2712e-06 5.0653e-05
1.9876e-05 1.847e-05 0.90642 1.3453e-06 5.0412e-05
1.9666e-05 1.8481e-05 0.90584 1.4113e-06 5.0155e-05
1.9496e-05 1.8495e-05 0.90527 1.4907e-06 4.9921e-05
1.9359e-05 1.8511e-05 0.9047 1.5828e-06 4.9706e-05
1.9183e-05 1.8521e-05 0.90414 1.6647e-06 4.9473e-05
1.9047e-05 1.8534e-05 0.90358 1.7625e-06 4.9263e-05
1.8942e-05 1.8548e-05 0.90173 1.8755e-06 4.9131e-05
1.8874e-05 1.8564e-05 0.89991 2.008e-06 4.902e-05
1.8833e-05 1.8582e-05 0.89811 2.1577e-06 4.8924e-05
1.8819e-05 1.8601e-05 0.89633 2.3268e-06 4.8845e-05
1.8783e-05 1.8616e-05 0.89455 2.4891e-06 4.8756e-05
1.8765e-05 1.8631e-05 0.89279 2.468e-06 4.8679e-05
1.876e-05 1.8646e-05 0.89104 2.4523e-06 4.8611e-05
1.8735e-05 1.8656e-05 0.88928 2.4327e-06 4.8534e-05
1.8722e-05 1.8667e-05 0.88754 2.4183e-06 4.8467e-05
1.8689e-05 1.8673e-05 0.8858 2.4e-06 4.8391e-05
1.8669e-05 1.8679e-05 0.88407 2.3868e-06 4.8324e-05
1.8628e-05 1.8681e-05 0.88234 2.3701e-06 4.8249e-05
1.8601e-05 1.8684e-05 0.88062 2.3585e-06 4.8183e-05
1.8554e-05 1.8682e-05 0.8789 2.3431e-06 4.8109e-05
1.8523e-05 1.8681e-05 0.8772 2.3339e-06 4.8046e-05
1.851e-05 1.8679e-05 0.87551 2.331e-06 4.7994e-05
1.8467e-05 1.868e-05 0.87381 2.3219e-06 4.7928e-05
1.8445e-05 1.8681e-05 0.87213 2.3201e-06 4.7877e-05
1.8447e-05 1.8683e-05 0.87047 2.1548e-06 4.7838e-05
1.8426e-05 1.8681e-05 0.86881 1.9825e-06 4.7791e-05
1.8383e-05 1.8674e-05 0.86714 1.8033e-06 4.7736e-05
2.1212e-05 1.8664e-05 0.86547 1.6174e-06 4.7672e-05
2.4159e-05 1.8654e-05 0.86382 1.4473e-06 4.7619e-05
2.7058e-05 1.8639e-05 0.86216 1.2708e-06 4.7558e-05
2.991e-05 1.8621e-05 0.8605 1.088e-06 4.7489e-05
3.2882e-05 1.8603e-05 0.85886 9.2003e-07 4.7431e-05
3.5807e-05 1.858e-05 0.85721 7.4621e-07 4.7365e-05
3.861e-05 1.856e-05 0.85556 5.5744e-07 4.7316e-05
4.1342e-05 1.8534e-05 0.8539 5.5296e-07 4.7256e-05
4.4014e-05 1.8505e-05 0.85223 5.4529e-07 4.7187e-05
4.6827e-05 1.8476e-05 0.85059 5.4067e-07 4.7131e-05
4.9579e-05 1.8443e-05 0.84894 5.329e-07 4.7066e-05
5.2269e-05 1.8405e-05 0.84729 5.2193e-07 4.6991e-05
5.4862e-05 1.8361e-05 0.84562 5.0664e-07 4.6933e-05
5.7384e-05 1.8313e-05 0.84396 4.8772e-07 4.6865e-05
6.0059e-05 1.8267e-05 0.84231 4.7241e-07 4.6812e-05
6.2913e-05 1.8222e-05 0.84068 4.6089e-07 4.6773e-05
6.5717e-05 1.8173e-05 0.83906 4.4668e-07 4.6726e-05
6.8474e-05 1.8119e-05 0.83743 4.2982e-07 4.6671e-05
7.1352e-05 1.8066e-05 0.83581 4.1494e-07 4.6626e-05
7.4358e-05 1.8014e-05 0.83421 4.0191e-07 4.6592e-05
7.7476e-05 1.796e-05 0.83262 3.9016e-07 4.6566e-05
8.0547e-05 1.7903e-05 0.83103 3.7595e-07 4.6533e-05
8.3754e-05 1.7847e-05 0.82945 3.6343e-07 4.651e-05
8.7108e-05 1.779e-05 0.82789 3.5258e-07 4.6498e-05
9.0651e-05 1.7734e-05 0.82634 3.4398e-07 4.65e-05
9.4048e-05 1.7673e-05 0.82479 3.3118e-07 4.6485e-05
9.7665e-05 1.7613e-05 0.82325 3.2111e-07 4.6487e-05
0.00010152 1.7554e-05 0.82174 3.1361e-07 4.6506e-05
0.00010559 1.7497e-05 0.82024 3.0818e-07 4.6539e-05
0.00010989 1.744e-05 0.81875 3.0449e-07 4.6584e-05
0.00011445 1.7385e-05 0.81729 3.0306e-07 4.6646e-05
0.0001189 1.7325e-05 0.81582 2.9858e-07 4.6697e-05
0.00012323 1.726e-05 0.81434 2.9101e-07 4.6736e-05
0.00012739 1.7198e-05 0.81286 2.7942e-07 4.6759e-05
0.00013176 1.7136e-05 0.81139 2.6934e-07 4.6795e-05
0.00013629 1.7074e-05 0.80993 2.6e-07 4.6838e-05
0.00014075 1.7008e-05 0.80847 2.4827e-07 4.6874e-05
0.00014516 1.6939e-05 0.80701 2.3422e-07 4.6902e-05
0.00014976 1.6869e-05 0.80556 2.2127e-07 4.694e-05
0.00015429 1.6795e-05 0.80411 2.0593e-07 4.699e-05
0.00015876 1.6717e-05 0.80266 1.8828e-07 4.7032e-05
0.00016317 1.6635e-05 0.80121 1.6833e-07 4.7067e-05
0.00016778 1.6554e-05 0.79977 1.4944e-07 4.7112e-05
0.0001726 1.6472e-05 0.79834 1.3147e-07 4.7168e-05
0.00017761 1.639e-05 0.79692 1.1394e-07 4.7233e-05
0.00018254 1.6304e-05 0.79551 9.4115e-08 4.7289e-05
0.0001874 1.6214e-05 0.79409 7.1978e-08 4.7337e-05
0.00019219 1.612e-05 0.79266 4.7601e-08 4.7378e-05
0.00019691 1.6022e-05 0.79124 5.7936e-08 4.7412e-05
0.00020186 1.5925e-05 0.78983 6.816e-08 4.7455e-05
0.00020673 1.5823e-05 0.78842 7.631e-08 4.7491e-05
0.00021153 1.572e-05 0.787 8.2438e-08 4.752e-05
0.00021626 1.5614e-05 0.78559 8.6554e-08 4.754e-05
0.00022093 1.5504e-05 0.78417 8.866e-08 4.7553e-05
0.00022582 1.539e-05 0.78277 9.0662e-08 4.7577e-05
0.0002309 1.5275e-05 0.78137 9.2348e-08 4.6069e-05
0.00023618 1.5159e-05 0.77999 9.3725e-08 4.4588e-05
0.00024167 1.5043e-05 0.77862 9.4802e-08 4.3135e-05
0.00024707 1.4923e-05 0.77725 9.381e-08 4.1668e-05
0.00025273 1.4804e-05 0.77589 9.2739e-08 4.0234e-05
0.00025831 1.468e-05 0.77452 8.9653e-08 3.8787e-05
0.00026415 1.4556e-05 0.77317 8.6477e-08 3.7372e-05
0.00027027 1.4432e-05 0.77184 8.3212e-08 3.5988e-05
0.00027671 1.4314e-05 0.77051 8.005e-08 3.464e-05
0.00028299 1.419e-05 0.76918 7.4469e-08 3.327e-05
0.00028966 1.4067e-05 0.76787 6.919e-08 3.194e-05
0.00029608 1.3939e-05 0.76655 6.1703e-08 3.0582e-05
0.00030277 1.3811e-05 0.76524 5.3863e-08 2.9249e-05
0.00030971 1.3682e-05 0.76395 4.5573e-08 2.794e-05
0.00031693 1.3552e-05 0.76266 3.6784e-08 2.6655e-05
0.00032443 1.3422e-05 0.76138 2.7442e-08 2.5392e-05
0.00033223 1.3292e-05 0.76011 1.7493e-08 2.4151e-05
0.00033992 1.3157e-05 0.75885 2.6762e-08 2.29e-05
0.00034797 1.3023e-05 0.75759 3.5549e-08 2.1675e-05
0.00035638 1.2888e-05 0.75634 4.3924e-08 2.0475e-05
0.0003568 1.275e-05 0.75511 5.1765e-08 1.9295e-05
0.00035717 1.2607e-05 0.75387 5.761e-08 1.8105e-05
0.0003575 1.246e-05 0.75263 6.146e-08 1.6903e-05
0.00035793 1.231e-05 0.7514 6.4811e-08 1.5722e-05
0.00035831 1.2155e-05 0.75017 6.619e-08 1.453e-05
0.00035881 1.2e-05 0.74895 6.7079e-08 1.3359e-05
0.00035288 1.1845e-05 0.74774 6.7524e-08 1.2209e-05
0.00034718 1.1689e-05 0.74654 6.7466e-08 1.1077e-05
0.00034139 1.1528e-05 0.74534 6.5407e-08 9.9352e-06
0.00033582 1.1368e-05 0.74415 6.2839e-08 8.8118e-06
0.00033017 1.1203e-05 0.74295 5.8271e-08 7.6775e-06
0.00032478 1.1038e-05 0.74177 5.3382e-08 6.5659e-06
0.00031971 1.0874e-05 0.7406 4.8464e-08 6.515e-06
0.00031494 1.0711e-05 0.73945 4.3467e-08 6.4571e-06
0.00031004 1.0542e-05 0.73829 3.6209e-08 6.3919e-06
0.00030491 1.0376e-05 0.73715 5.1878e-08 6.3176e-06
0.00029958 1.0204e-05 0.736 6.4581e-08 6.2347e-06
0.00029458 1.0033e-05 0.73487 7.803e-08 6.1551e-06
0.00028938 9.8564e-06 0.73373 8.8475e-08 6.067e-06
0.00028408 9.6757e-06 0.73259 9.674e-08 5.9729e-06
0.0002787 9.4908e-06 0.73145 1.0284e-07 5.8728e-06
0.00027353 9.3054e-06 0.73031 1.0881e-07 5.7734e-06
0.00026827 9.116e-06 0.72918 1.1266e-07 5.6682e-06
0.00026326 8.9264e-06 0.72805 1.1662e-07 5.5643e-06
0.00025844 8.7323e-06 0.72694 1.2046e-07 5.4608e-06
0.00025354 8.5341e-06 0.72582 1.2217e-07 5.3516e-06
0.00024857 8.332e-06 0.7247 1.2175e-07 5.2366e-06
0.00024382 8.1259e-06 0.72359 1.2147e-07 5.1158e-06
0.00023929 7.9195e-06 0.7225 1.2132e-07 4.9963e-06
0.00023496 7.7128e-06 0.72141 1.2131e-07 4.8779e-06
0.00023057 8.1228e-06 0.72032 1.1922e-07 4.754e-06
0.00022638 8.5342e-06 0.71924 1.1727e-07 4.6312e-06
0.00022212 8.9412e-06 0.71816 1.1316e-07 4.5026e-06
0.0002182 9.3413e-06 0.71707 1.1039e-07 4.3787e-06
0.00021411 9.735e-06 0.71598 1.5992e-07 4.6915e-06
0.00020983 1.0122e-05 0.71488 2.0384e-07 4.993e-06
0.00020536 1.0502e-05 0.71377 2.424e-07 5.2832e-06
0.00020123 1.0886e-05 0.71268 2.8694e-07 5.5832e-06
0.00019694 1.1264e-05 0.71158 3.2632e-07 5.8727e-06
0.00019297 1.1634e-05 0.70804 3.7221e-07 6.1724e-06
0.00018918 1.2006e-05 0.70453 4.2143e-07 6.4761e-06
0.00018558 1.238e-05 0.70106 4.7509e-07 6.7851e-06
0.00018191 1.2749e-05 0.69757 5.2534e-07 7.0871e-06
0.00017838 1.3119e-05 0.69412 5.7903e-07 7.3926e-06
0.00017502 1.349e-05 0.69069 6.3737e-07 7.703e-06
0.0001716 1.3857e-05 0.68726 6.925e-07 8.007e-06
0.00016814 1.422e-05 0.68382 7.4443e-07 8.3046e-06
0.00016461 1.4579e-05 0.68038 7.9298e-07 8.5957e-06
0.00016102 1.4934e-05 0.67694 8.384e-07 8.8805e-06
0.0001576 1.529e-05 0.67352 8.8845e-07 9.1701e-06
0.00015434 1.5647e-05 0.67014 9.4354e-07 9.4647e-06
0.00015102 1.6e-05 0.66675 9.9509e-07 9.7526e-06
0.00014765 1.6349e-05 0.66335 1.0434e-06 1.0034e-05
0.00014422 1.6694e-05 0.65995 1.0882e-06 1.0309e-05
0.00013256 1.7044e-05 0.6566 1.1431e-06 1.0597e-05
0.00012134 1.7394e-05 0.65328 1.2029e-06 1.0889e-05
0.00010997 1.774e-05 0.64994 1.2589e-06 1.1174e-05
9.8462e-05 1.8082e-05 0.64661 1.3113e-06 1.1452e-05
8.743e-05 1.8425e-05 0.6433 1.3696e-06 1.1736e-05
7.6874e-05 1.877e-05 0.64002 1.4346e-06 1.2026e-05
7.5524e-05 1.9109e-05 0.63673 1.4918e-06 1.2326e-05
7.4096e-05 1.9441e-05 0.63341 1.5412e-06 1.2614e-05
7.277e-05 1.9776e-05 0.63014 1.5999e-06 1.2912e-05
7.1366e-05 2.0115e-05 0.62684 1.6506e-06 1.3197e-05
6.9883e-05 2.0446e-05 0.62353 1.6934e-06 1.347e-05
6.8315e-05 2.0771e-05 0.6202 1.7285e-06 1.3733e-05
6.6858e-05 2.11e-05 0.6169 1.7726e-06 1.4004e-05
6.5318e-05 2.1421e-05 0.61359 1.8089e-06 1.4264e-05
6.3887e-05 2.1747e-05 0.61031 1.8546e-06 1.4534e-05
6.2559e-05 2.2076e-05 0.60708 1.9104e-06 1.4814e-05
6.1169e-05 2.2399e-05 0.60383 1.9593e-06 1.5083e-05
5.9868e-05 2.2725e-05 0.60062 2.0176e-06 1.5362e-05
5.8503e-05 2.3044e-05 0.59739 2.0684e-06 1.5629e-05
5.7253e-05 2.3369e-05 0.59421 2.1324e-06 1.5432e-05
5.5934e-05 2.3698e-05 0.59101 2.1879e-06 1.5223e-05
5.471e-05 2.4031e-05 0.58784 2.1399e-06 1.5023e-05
5.3574e-05 2.4368e-05 0.58472 2.1019e-06 1.4832e-05
5.2537e-05 2.4709e-05 0.58164 2.0751e-06 1.4652e-05
5.1437e-05 2.5044e-05 0.57843 2.0408e-06 1.4765e-05
5.0302e-05 2.5375e-05 0.57522 2.002e-06 1.4871e-05
4.9224e-05 2.5707e-05 0.57204 1.9697e-06 1.4982e-05
4.8191e-05 2.6041e-05 0.56888 1.9424e-06 1.5096e-05
4.721e-05 2.6377e-05 0.56575 1.9208e-06 1.5214e-05
4.6202e-05 2.6709e-05 0.56261 1.8958e-06 1.5326e-05
4.5245e-05 2.7042e-05 0.5595 1.8764e-06 1.5443e-05
4.4336e-05 2.7378e-05 0.55642 1.8625e-06 1.5564e-05
4.3475e-05 2.7716e-05 0.55337 1.8539e-06 1.569e-05
4.2659e-05 2.8057e-05 0.55034 1.8506e-06 1.582e-05
4.1815e-05 2.8392e-05 0.54731 1.8438e-06 1.5944e-05
4.0944e-05 2.8724e-05 0.54427 1.8336e-06 1.6062e-05
4.0119e-05 2.9058e-05 0.54126 1.8287e-06 1.6184e-05
3.9266e-05 2.9387e-05 0.53825 1.8202e-06 1.63e-05
3.8456e-05 2.9719e-05 0.53526 1.817e-06 1.642e-05
3.7621e-05 3.0046e-05 0.53226 1.8104e-06 1.6534e-05
3.6828e-05 3.0376e-05 0.5293 1.809e-06 1.6653e-05
3.6076e-05 3.0708e-05 0.52635 1.8128e-06 1.6777e-05
3.5364e-05 3.1042e-05 0.52344 1.822e-06 1.6906e-05
3.4707e-05 3.1381e-05 0.52056 1.8388e-06 1.7043e-05
3.4007e-05 3.1713e-05 0.51766 1.8496e-06 1.717e-05
3.3256e-05 3.2037e-05 0.51475 1.8534e-06 1.7307e-05
3.2564e-05 3.2367e-05 0.51188 1.8657e-06 1.7452e-05
3.193e-05 3.2701e-05 0.50903 1.8865e-06 1.7607e-05
3.1248e-05 3.3008e-05 0.50618 1.9003e-06 1.7751e-05
3.0633e-05 3.3306e-05 0.50336 1.9248e-06 1.7904e-05
2.9975e-05 3.3597e-05 0.50053 1.9427e-06 1.8047e-05
2.9377e-05 3.3893e-05 0.49774 1.9706e-06 1.8201e-05
2.8827e-05 3.4183e-05 0.49498 2.0072e-06 1.8363e-05
2.8234e-05 3.4465e-05 0.49221 2.037e-06 1.8515e-05
2.7693e-05 3.4753e-05 0.48947 2.0766e-06 1.8677e-05
2.7103e-05 3.5033e-05 0.48671 2.1077e-06 1.8827e-05
2.6563e-05 3.5319e-05 0.48399 2.149e-06 1.8986e-05
2.5973e-05 3.5598e-05 0.48125 2.1816e-06 1.9133e-05
2.5433e-05 3.5881e-05 0.47854 2.2245e-06 1.929e-05
2.4939e-05 3.617e-05 0.47587 2.2817e-06 1.946e-05
2.4409e-05 3.6453e-05 0.47318 2.332e-06 1.9619e-05
2.391e-05 3.6739e-05 0.47052 2.3903e-06 1.9785e-05
2.3447e-05 3.7029e-05 0.46789 2.4591e-06 1.996e-05
2.2955e-05 3.7322e-05 0.46525 2.5218e-06 2.0126e-05
2.2432e-05 3.7609e-05 0.4626 2.5785e-06 2.0283e-05
2.1946e-05 3.7901e-05 0.45998 2.6458e-06 2.0449e-05
2.1487e-05 3.8195e-05 0.45738 2.7224e-06 2.0622e-05
2.1e-05 3.8483e-05 0.45478 2.7927e-06 2.0786e-05
2.0545e-05 3.8776e-05 0.4522 2.8745e-06 2.0958e-05
2.013e-05 3.9074e-05 0.44966 2.835e-06 2.1141e-05
1.9676e-05 3.9364e-05 0.4471 2.7871e-06 2.1313e-05
1.9179e-05 3.9647e-05 0.44452 2.7295e-06 2.1471e-05
1.8722e-05 3.9935e-05 0.44198 2.6842e-06 2.1641e-05
1.8222e-05 4.0215e-05 0.43942 2.6291e-06 2.1797e-05
1.7761e-05 4.0488e-05 0.43689 2.586e-06 2.1965e-05
1.7347e-05 4.0767e-05 0.4344 2.3726e-06 2.2119e-05
1.6977e-05 4.1039e-05 0.43194 2.1902e-06 2.2287e-05
1.6648e-05 4.1317e-05 0.42952 2.0349e-06 2.2469e-05
1.636e-05 4.1602e-05 0.42714 1.9028e-06 2.2666e-05
1.6111e-05 4.1894e-05 0.42478 1.7911e-06 2.2877e-05
1.5891e-05 4.2191e-05 0.42246 1.6944e-06 2.31e-05
1.5634e-05 4.248e-05 0.42012 1.5864e-06 2.331e-05
1.5407e-05 4.2776e-05 0.41781 1.4929e-06 2.3532e-05
1.5208e-05 4.3077e-05 0.41553 1.4122e-06 2.3766e-05
1.5044e-05 4.3372e-05 0.41328 1.1308e-06 2.4016e-05
1.4847e-05 4.3658e-05 0.41102 8.275e-07 2.4253e-05
1.4613e-05 4.3937e-05 0.40874 7.9496e-07 2.4476e-05
1.4407e-05 4.4221e-05 0.40649 7.6835e-07 2.4712e-05
1.4181e-05 4.4501e-05 0.40424 7.3857e-07 2.494e-05
1.3969e-05 4.4783e-05 0.40201 7.1225e-07 2.5176e-05
1.3738e-05 4.5061e-05 0.39977 6.8284e-07 2.5405e-05
1.3486e-05 4.5334e-05 0.39753 6.5033e-07 2.5626e-05
1.3245e-05 4.561e-05 0.39531 6.2048e-07 2.5853e-05
1.3015e-05 4.5887e-05 0.3931 5.931e-07 2.6086e-05
1.2795e-05 4.6167e-05 0.39091 5.6803e-07 2.6326e-05
1.259e-05 4.645e-05 0.38874 5.4576e-07 2.6574e-05
1.2362e-05 4.6728e-05 0.38656 5.2015e-07 2.6814e-05
1.2153e-05 4.701e-05 0.38441 4.9821e-07 2.7064e-05
1.1967e-05 4.7297e-05 0.38228 4.8002e-07 2.7328e-05
1.181e-05 4.7592e-05 0.38018 4.6666e-07 2.7608e-05
1.1619e-05 4.7878e-05 0.37807 4.4845e-07 2.7874e-05
1.1458e-05 4.8172e-05 0.37599 4.3489e-07 2.8157e-05
1.1325e-05 4.8473e-05 0.37394 4.2567e-07 2.8458e-05
1.1219e-05 4.8782e-05 0.37192 4.2055e-07 2.8777e-05
1.114e-05 4.9098e-05 0.36993 4.1942e-07 2.9116e-05
1.1088e-05 4.9422e-05 0.36796 4.2227e-07 2.9474e-05
1.1006e-05 4.9738e-05 0.36599 4.2097e-07 2.9817e-05
1.0951e-05 5.0062e-05 0.36404 4.2367e-07 3.018e-05
1.0921e-05 5.0394e-05 0.36212 3.7537e-07 3.0565e-05
1.0918e-05 5.0734e-05 0.36023 3.3404e-07 3.0971e-05
1.0941e-05 5.1065e-05 0.35836 2.9875e-07 3.1399e-05
1.099e-05 5.1404e-05 0.35653 2.6867e-07 3.1849e-05
1.1008e-05 5.1752e-05 0.35468 2.3399e-07 3.2318e-05
1.1054e-05 5.2107e-05 0.35286 2.0412e-07 3.2811e-05
1.1069e-05 5.2471e-05 0.35102 1.6982e-07 3.3324e-05
1.1105e-05 5.2841e-05 0.34922 1.3909e-07 3.3857e-05
1.1161e-05 5.3219e-05 0.34743 1.1139e-07 3.4412e-05
1.1239e-05 5.3603e-05 0.34566 8.6282e-08 3.4988e-05
1.1344e-05 5.3994e-05 0.34392 6.3945e-08 3.5592e-05
1.1477e-05 5.4377e-05 0.34221 4.3863e-08 3.6175e-05
1.1641e-05 5.472e-05 0.34052 2.5105e-08 3.6782e-05
1.1773e-05 5.5054e-05 0.33885 2.7732e-08 3.7369e-05
1.1854e-05 5.5396e-05 0.33721 6.1031e-08 3.7979e-05
1.1958e-05 5.5745e-05 0.33558 9.7549e-08 3.8613e-05
1.2028e-05 5.6085e-05 0.33395 1.2952e-07 3.9226e-05
1.2127e-05 5.6434e-05 0.33234 1.3052e-07 3.9869e-05
1.2195e-05 5.679e-05 0.33072 1.9638e-07 3.976e-05
1.2232e-05 5.7137e-05 0.32909 2.5602e-07 3.9635e-05
1.2292e-05 5.7492e-05 0.32748 3.2304e-07 3.9496e-05
1.2318e-05 5.7838e-05 0.32586 3.8297e-07 3.9342e-05
1.2365e-05 5.819e-05 0.32426 4.5026e-07 3.9204e-05
1.2383e-05 5.8535e-05 0.32265 5.1125e-07 3.9051e-05
1.2424e-05 5.8887e-05 0.32106 5.8052e-07 3.8915e-05
1.2433e-05 5.9231e-05 0.31947 6.4533e-07 3.8699e-05
1.2453e-05 5.9578e-05 0.31788 7.1548e-07 3.8493e-05
1.2454e-05 5.9921e-05 0.31629 7.8187e-07 3.8279e-05
1.2466e-05 6.0268e-05 0.31472 8.5423e-07 3.8075e-05
1.249e-05 6.0618e-05 0.31316 9.3313e-07 3.788e-05
1.2526e-05 6.0973e-05 0.31161 1.0192e-06 3.7695e-05
1.257e-05 6.1331e-05 0.31008 1.1117e-06 3.7518e-05
1.2627e-05 6.1693e-05 0.30856 1.2129e-06 3.7351e-05
1.2664e-05 6.2051e-05 0.30704 1.3096e-06 3.7175e-05
1.2714e-05 6.2413e-05 0.30553 1.4157e-06 3.701e-05
1.2745e-05 6.277e-05 0.30402 1.5172e-06 3.6837e-05
1.279e-05 6.3132e-05 0.30252 1.6287e-06 3.6674e-05
1.2816e-05 6.3489e-05 0.30102 1.7358e-06 3.6504e-05
1.2823e-05 6.3842e-05 0.29951 1.8384e-06 3.6326e-05
1.2839e-05 6.4197e-05 0.29802 1.9494e-06 3.6156e-05
1.2867e-05 6.4558e-05 0.29654 2.0713e-06 3.5994e-05
1.2876e-05 6.4913e-05 0.29506 2.1883e-06 3.5826e-05
1.2895e-05 6.5272e-05 0.2936 2.3156e-06 3.5666e-05
1.2893e-05 6.5626e-05 0.29212 2.4367e-06 3.5497e-05
1.2908e-05 6.5986e-05 0.29067 2.5722e-06 3.5339e-05
1.2952e-05 6.6334e-05 0.28923 2.7325e-06 3.5196e-05
1.2962e-05 6.6673e-05 0.28779 2.8774e-06 3.5038e-05
1.2938e-05 6.7004e-05 0.28633 3.0078e-06 3.4864e-05
1.2943e-05 6.7344e-05 0.2849 3.1629e-06 3.4676e-05
1.2978e-05 6.7693e-05 0.28348 3.3462e-06 3.4505e-05
1.2979e-05 6.8034e-05 0.28206 3.5122e-06 3.4319e-05
1.1369e-05 7.3837e-05 0.25552 6.9083e-06 3.0412e-05
1.1204e-05 7.4109e-05 0.25415 7.1086e-06 3.019e-05
1.1067e-05 7.4391e-05 0.2528 7.3478e-06 2.9985e-05
1.0323e-05 7.5468e-05 0.24737 8.2502e-06 2.9086e-05
1.0146e-05 7.5742e-05 0.24604 8.5159e-06 2.8872e-05
9.9943e-06 7.6026e-05 0.24472 8.8298e-06 2.8675e-05
9.8685e-06 7.6319e-05 0.24342 9.2049e-06 2.8494e-05
9.7678e-06 7.6603e-05 0.24215 9.2749e-06 2.8329e-05
9.6915e-06 7.6897e-05 0.24089 9.1372e-06 2.8181e-05
9.6341e-06 7.7201e-05 0.23964 9.0325e-06 2.8045e-05
9.5455e-06 7.7514e-05 0.23839 8.9103e-06 2.7895e-05
9.4356e-06 7.7792e-05 0.23713 8.7701e-06 2.7732e-05
9.3445e-06 7.8078e-05 0.23588 8.6625e-06 2.7581e-05
9.2719e-06 7.8354e-05 0.23465 8.2022e-06 2.7444e-05
9.1705e-06 7.8622e-05 0.23342 7.706e-06 2.7294e-05
9.0925e-06 7.8899e-05 0.2322 7.2819e-06 2.7159e-05
8.9838e-06 7.9187e-05 0.23097 6.8566e-06 2.701e-05
8.8982e-06 7.9484e-05 0.22976 6.4301e-06 2.6876e-05
8.8352e-06 7.9791e-05 0.22857 6.0025e-06 2.6758e-05
8.7419e-06 8.0089e-05 0.22737 5.5736e-06 2.6625e-05
8.6181e-06 8.0378e-05 0.22616 5.1436e-06 2.6479e-05
8.5164e-06 8.0676e-05 0.22497 4.7124e-06 2.6348e-05
8.4358e-06 8.0984e-05 0.2238 4.28e-06 2.6203e-05
8.3759e-06 8.1302e-05 0.22264 3.8464e-06 2.6074e-05
8.3326e-06 8.1609e-05 0.2215 3.4116e-06 2.5956e-05
8.3056e-06 8.1925e-05 0.22037 2.9757e-06 2.585e-05
8.2949e-06 8.2248e-05 0.21926 2.5385e-06 2.5756e-05
8.2566e-06 8.2563e-05 0.21814 2.1002e-06 2.565e-05
8.2392e-06 8.2888e-05 0.21704 1.7231e-06 2.5558e-05
8.2427e-06 8.3201e-05 0.21595 1.3986e-06 2.548e-05
8.2167e-06 8.3504e-05 0.21486 1.0461e-06 2.5417e-05
8.2068e-06 8.3816e-05 0.21378 7.3557e-07 2.5365e-05
8.2176e-06 8.4136e-05 0.21272 4.6775e-07 2.5327e-05
8.2446e-06 8.4465e-05 0.21167 2.3135e-07 2.53e-05
8.244e-06 8.4804e-05 0.21061 1.9939e-07 2.526e-05
8.2644e-06 8.5153e-05 0.20957 1.7175e-07 2.5234e-05
8.2572e-06 8.5493e-05 0.20852 1.399e-07 2.5196e-05
8.2658e-06 8.5843e-05 0.20749 1.1118e-07 2.5169e-05
8.2951e-06 8.6202e-05 0.20647 8.5784e-08 2.5156e-05
8.3407e-06 8.6571e-05 0.20546 6.2578e-08 2.513e-05
8.4077e-06 8.6951e-05 0.20447 4.1718e-08 2.5119e-05
8.4446e-06 8.7321e-05 0.20348 4.7066e-08 2.5094e-05
8.4544e-06 8.7682e-05 0.20247 4.9934e-08 2.5082e-05
8.4806e-06 8.8052e-05 0.20148 5.2857e-08 2.5082e-05
8.5231e-06 8.8432e-05 0.2005 5.5877e-08 2.5093e-05
8.5398e-06 8.8803e-05 0.19952 5.6466e-08 2.5093e-05
8.5773e-06 8.9185e-05 0.19855 5.7429e-08 2.5106e-05
8.6363e-06 8.9578e-05 0.19759 5.8834e-08 2.5133e-05
8.7123e-06 8.998e-05 0.19665 6.0412e-08 2.5171e-05
8.8058e-06 9.0392e-05 0.19572 6.2193e-08 2.5221e-05
8.871e-06 9.0795e-05 0.19478 6.1375e-08 2.5285e-05
8.9588e-06 9.1209e-05 0.19386 6.1074e-08 2.536e-05
9.0698e-06 9.1635e-05 0.19295 6.1285e-08 2.545e-05
9.15e-06 9.205e-05 0.19204 5.8776e-08 2.5527e-05
9.2484e-06 9.2476e-05 0.19113 5.6459e-08 2.5619e-05
9.3653e-06 9.2911e-05 0.19024 5.4291e-08 2.5723e-05
9.5011e-06 9.3356e-05 0.18936 5.2234e-08 2.5838e-05
9.6619e-06 9.3812e-05 0.18849 5.0547e-08 2.5966e-05
9.8487e-06 9.4281e-05 0.18764 4.9191e-08 2.6079e-05
1.0003e-05 9.474e-05 0.18678 8.2442e-08 2.6178e-05
1.0178e-05 9.5208e-05 0.18593 1.1903e-07 2.629e-05
1.0374e-05 9.5687e-05 0.18509 1.5947e-07 2.6413e-05
1.054e-05 9.6156e-05 0.18424 1.9538e-07 2.6523e-05
1.0728e-05 9.6636e-05 0.18341 2.3558e-07 2.6621e-05
1.0944e-05 9.7105e-05 0.18259 2.8193e-07 2.6735e-05
1.1184e-05 9.7585e-05 0.18178 3.3413e-07 2.686e-05
1.1392e-05 9.8055e-05 0.18097 3.8069e-07 2.6972e-05
1.1569e-05 9.8515e-05 0.18014 4.2183e-07 2.7072e-05
1.1769e-05 9.8986e-05 0.17933 4.6863e-07 2.7184e-05
1.1935e-05 9.9446e-05 0.17852 5.0946e-07 2.7283e-05
1.2132e-05 9.9897e-05 0.17772 5.5781e-07 2.7368e-05
1.2359e-05 0.00010036 0.17692 6.1481e-07 2.7469e-05
1.2619e-05 0.00010084 0.17615 6.1131e-07 2.7585e-05
1.2912e-05 0.0001013 0.17538 6.1295e-07 2.7716e-05
1.3169e-05 0.00010176 0.17461 6.0954e-07 2.7833e-05
1.3393e-05 0.0001022 0.17383 6.0145e-07 2.7938e-05
1.3644e-05 0.00010266 0.17306 5.9905e-07 2.8055e-05
1.3862e-05 0.00010313 0.17229 5.9199e-07 2.8187e-05
1.4049e-05 0.00010359 0.17151 5.8061e-07 2.8308e-05
1.4266e-05 0.00010407 0.17074 5.7383e-07 2.8442e-05
1.4453e-05 0.00010453 0.16997 5.6277e-07 2.8565e-05
1.467e-05 0.00010501 0.16921 5.5622e-07 2.8702e-05
1.4867e-05 0.00010548 0.16845 5.4691e-07 2.8832e-05
1.5079e-05 0.00010596 0.1677 5.398e-07 2.8969e-05
1.5306e-05 0.00010644 0.16695 5.348e-07 2.9114e-05
1.555e-05 0.00010693 0.16621 5.319e-07 2.9267e-05
1.5774e-05 0.00010742 0.16546 5.2633e-07 2.9412e-05
1.7578e-05 0.0001148 0.15359 2.0343e-07 3.1156e-05
1.7617e-05 0.00011525 0.15285 1.7327e-07 3.1243e-05
1.7672e-05 0.00011571 0.15213 1.4481e-07 3.1339e-05
2.0991e-05 0.00011617 0.1514 1.745e-07 3.1427e-05
2.4263e-05 0.00011663 0.15067 2.0175e-07 3.1509e-05
2.7671e-05 0.0001171 0.14994 2.3073e-07 3.1599e-05
3.1222e-05 0.00011757 0.14923 2.6169e-07 3.1696e-05
3.4921e-05 0.00011805 0.14852 2.9486e-07 3.1802e-05
3.8565e-05 0.00011852 0.14781 3.2532e-07 3.19e-05
4.2142e-05 0.00011899 0.14709 3.5279e-07 3.199e-05
4.5864e-05 0.00011947 0.14639 3.824e-07 3.2088e-05
4.974e-05 0.00011995 0.14568 4.1441e-07 3.2193e-05
5.3778e-05 0.00012044 0.14499 4.4914e-07 3.2306e-05
5.7746e-05 0.00012092 0.14429 4.8071e-07 3.2412e-05
6.188e-05 0.00012141 0.1436 5.1512e-07 3.2525e-05
6.5884e-05 0.00012189 0.14291 5.4491e-07 3.2626e-05
6.9773e-05 0.00012236 0.14221 5.7041e-07 3.2716e-05
7.3932e-05 0.00012285 0.14152 6.014e-07 3.2821e-05
7.836e-05 0.00012332 0.14084 6.3793e-07 3.2939e-05
8.2609e-05 0.00012378 0.14016 6.6854e-07 3.3043e-05
8.7071e-05 0.00012425 0.13948 7.0355e-07 3.3158e-05
8.7749e-05 0.00012473 0.13881 7.4444e-07 3.3286e-05
8.8487e-05 0.00012522 0.13815 7.8965e-07 3.3423e-05
8.9286e-05 0.00012572 0.13749 7.4412e-07 3.3568e-05
9.0148e-05 0.00012622 0.13684 7.028e-07 3.3722e-05
9.0977e-05 0.00012672 0.13619 6.5825e-07 3.3869e-05
9.1773e-05 0.00012721 0.13553 6.1045e-07 3.4008e-05
9.2632e-05 0.00012771 0.13489 5.6668e-07 3.4156e-05
9.3555e-05 0.00012822 0.13424 5.2661e-07 3.4297e-05
9.4544e-05 0.00012873 0.13361 4.8991e-07 3.4446e-05
9.55e-05 0.00012924 0.13297 4.5021e-07 3.4588e-05
9.6522e-05 0.00012976 0.13234 4.1366e-07 3.4739e-05
9.7602e-05 0.00013029 0.13171 3.7935e-07 3.4896e-05
9.874e-05 0.00013082 0.13109 3.4709e-07 3.5061e-05
9.9847e-05 0.00013134 0.13047 3.1216e-07 3.5219e-05
0.00010103 0.00013187 0.12985 2.7971e-07 3.5385e-05
0.00010217 0.0001324 0.12923 2.445e-07 3.5544e-05
0.00010328 0.00013292 0.12861 2.0665e-07 3.5696e-05
0.00010445 0.00013345 0.128 1.7061e-07 3.5855e-05
0.00010558 0.00013395 0.12738 1.9723e-07 3.6006e-05
0.00010668 0.00013444 0.12676 2.2132e-07 3.6149e-05
0.00010774 0.00013492 0.12614 2.429e-07 3.6284e-05
0.00010887 0.00013542 0.12553 2.6604e-07 3.6429e-05
0.00011008 0.00013592 0.12492 2.9091e-07 3.6582e-05
0.00011126 0.00013641 0.12431 3.1319e-07 3.6728e-05
0.00011251 0.00013692 0.1237 3.3734e-07 3.6867e-05
0.00011383 0.00013742 0.1231 3.6301e-07 3.7012e-05
0.00011521 0.00013794 0.12251 3.9035e-07 3.7165e-05
0.00011656 0.00013845 0.12191 4.1509e-07 3.7311e-05
0.00011788 0.00013896 0.12132 4.3725e-07 3.7449e-05
0.00011927 0.00013947 0.12072 4.6171e-07 3.7597e-05
0.00012076 0.00013999 0.12014 4.8871e-07 3.7754e-05
0.00012233 0.00014052 0.11955 5.1842e-07 3.7921e-05
0.00012398 0.00014106 0.11898 5.5041e-07 3.8095e-05
0.00012559 0.00014159 0.1184 5.7946e-07 3.8277e-05
0.00012716 0.00014211 0.11782 6.0571e-07 3.8452e-05
0.00012869 0.00014263 0.11723 6.2905e-07 3.8618e-05
0.00013018 0.00014316 0.11665 6.4946e-07 3.8777e-05
0.00013176 0.00014369 0.11607 6.7275e-07 3.8946e-05
0.00013329 0.00014423 0.11549 6.9314e-07 3.9106e-05
0.00013491 0.00014476 0.11491 7.1586e-07 3.9275e-05
0.00013649 0.00014529 0.11433 7.358e-07 3.9436e-05
0.00013803 0.00014582 0.11375 7.5281e-07 3.9589e-05
0.00013965 0.00014635 0.11318 7.722e-07 3.975e-05
0.00014122 0.00014688 0.1126 7.8864e-07 3.9903e-05
0.00014289 0.00014742 0.11203 8.0822e-07 4.0066e-05
0.00014465 0.00014796 0.11146 8.304e-07 4.0237e-05
0.00014636 0.0001485 0.11089 8.4951e-07 4.04e-05
0.00014816 0.00014904 0.11033 8.7138e-07 4.0571e-05
0.0001499 0.0001496 0.10976 1.2143e-06 4.0752e-05
0.0001516 0.00015014 0.1092 1.5452e-06 4.0924e-05
0.00015324 0.00015068 0.10863 1.8614e-06 4.1086e-05
0.00015498 0.00015123 0.10806 2.2063e-06 4.1257e-05
0.00015667 0.00015177 0.1075 2.5418e-06 4.1422e-05
0.00015846 0.00015232 0.10693 2.903e-06 4.1594e-05
0.0001602 0.00015287 0.10637 3.2545e-06 4.1759e-05
0.00016205 0.00015342 0.10581 3.6382e-06 4.1935e-05
0.00016386 0.00015397 0.10526 4.0118e-06 4.2102e-05
0.00016577 0.00015453 0.1047 4.4197e-06 4.228e-05
0.00016764 0.00015508 0.10415 4.8157e-06 4.2451e-05
0.00016962 0.00015564 0.1036 5.2483e-06 4.2631e-05
0.0001717 0.0001562 0.10305 5.2919e-06 4.282e-05
0.0001739 0.00015678 0.10251 5.3462e-06 4.302e-05
0.00017605 0.00015735 0.10197 5.3954e-06 4.3212e-05
0.0001783 0.00015793 0.10143 5.4538e-06 4.3412e-05
0.00018065 0.00015851 0.1009 5.5218e-06 4.3621e-05
0.00018311 0.0001591 0.10037 5.5998e-06 4.3838e-05
0.00018553 0.00015969 0.099839 5.6728e-06 4.4048e-05
0.0001879 0.00016027 0.099307 5.7409e-06 4.425e-05
0.00019037 0.00016086 0.09878 5.819e-06 4.4461e-05
0.00019297 0.00016146 0.098256 5.9079e-06 4.4681e-05
0.0001955 0.00016205 0.097731 5.9909e-06 4.4893e-05
0.00019819 0.00016265 0.097211 6.0877e-06 4.5116e-05
0.000201 0.00016325 0.096696 6.1972e-06 4.535e-05
0.00020375 0.00016386 0.096179 6.2998e-06 4.5574e-05
0.00020665 0.00016447 0.095666 6.4177e-06 4.5811e-05
0.0002097 0.00016509 0.095159 6.5494e-06 4.6058e-05
0.00021268 0.0001657 0.094649 6.6742e-06 4.6316e-05
0.0002158 0.00016633 0.094144 6.8136e-06 4.6584e-05
0.00021912 0.00016696 0.093645 6.7062e-06 4.6867e-05
0.00022262 0.0001676 0.093151 6.6147e-06 4.7164e-05
0.00022634 0.00016826 0.092662 6.5386e-06 4.7476e-05
0.00022991 0.00016891 0.092169 6.4508e-06 4.781e-05
0.00023373 0.00016957 0.091683 6.3812e-06 4.8162e-05
0.00023781 0.00017024 0.091203 6.3287e-06 4.8533e-05
0.00024216 0.00017093 0.090729 6.2923e-06 4.8923e-05
0.00024644 0.00017161 0.090253 6.2503e-06 4.9304e-05
0.00025089 0.0001723 0.089782 6.2182e-06 4.9696e-05
0.00025527 0.00017298 0.089308 6.1806e-06 5.0079e-05
0.00025958 0.00017366 0.088834 6.1379e-06 5.0453e-05
0.00026383 0.00017433 0.088358 6.0901e-06 5.082e-05
0.00026831 0.00017502 0.087888 6.0553e-06 5.1201e-05
0.00027265 0.00017569 0.087414 6.0115e-06 5.1569e-05
0.00027692 0.00017636 0.08694 5.9622e-06 5.1928e-05
0.00028137 0.00017503 0.086469 5.9229e-06 5.2299e-05
0.00028575 0.0001737 0.085997 5.8781e-06 5.266e-05
0.00029035 0.00017238 0.085529 5.8446e-06 5.3035e-05
0.00029516 0.00017108 0.085065 5.822e-06 5.3424e-05
0.00030018 0.00016978 0.084605 5.8084e-06 5.3825e-05
0.00030544 0.0001685 0.08415 5.8056e-06 5.424e-05
0.00031093 0.00016724 0.083698 5.8128e-06 5.4642e-05
0.00031634 0.00016596 0.083245 5.8148e-06 5.5035e-05
0.00032201 0.00016471 0.082796 5.8275e-06 5.5442e-05
0.00032791 0.00016346 0.082351 5.5316e-06 5.5841e-05
0.00033409 0.00016222 0.081909 5.2619e-06 5.6254e-05
0.00034055 0.000161 0.081472 5.0161e-06 5.6682e-05
0.00034693 0.00015977 0.081033 4.7618e-06 5.7101e-05
0.0003532 0.00015854 0.080594 4.4987e-06 5.7511e-05
0.00035939 0.0001573 0.080153 4.2263e-06 5.7912e-05
0.00036531 0.00015604 0.079708 3.9288e-06 5.8293e-05
0.00037099 0.00015477 0.07926 3.6056e-06 5.8655e-05
0.00037698 0.00015352 0.078816 3.3133e-06 5.9033e-05
0.00038326 0.00015227 0.078376 3.0469e-06 5.9403e-05
0.0003898 0.00015104 0.07794 2.7998e-06 5.9784e-05
0.00039665 0.00014982 0.077508 2.5736e-06 6.0179e-05
0.00040376 0.00014862 0.077079 2.3638e-06 6.0587e-05
0.00041116 0.00014742 0.076654 2.1691e-06 6.1007e-05
0.00041886 0.00014623 0.076232 1.9884e-06 6.144e-05
0.00042645 0.00014504 0.075809 1.8015e-06 6.1864e-05
0.0004344 0.00014386 0.075389 1.6304e-06 6.2303e-05
0.00044271 0.00014269 0.074974 1.4734e-06 6.2758e-05
0.00045141 0.00014154 0.074562 1.3295e-06 6.1839e-05
0.00046045 0.00014039 0.074153 1.1957e-06 6.0939e-05
0.00046984 0.00013926 0.073748 1.0711e-06 6.0057e-05
0.00047912 0.00013812 0.073341 9.4185e-07 5.9166e-05
0.00048828 0.00013697 0.072933 8.0785e-07 5.8264e-05
0.00049781 0.00013583 0.072529 6.8279e-07 5.7381e-05
0.00050777 0.00013471 0.072128 5.6753e-07 5.6519e-05
0.0005176 0.00013358 0.071726 4.4754e-07 5.5647e-05
0.00052787 0.00013246 0.071328 3.3669e-07 5.4796e-05
0.00053862 0.00013135 0.070933 2.341e-07 5.3966e-05
0.00054922 0.00013024 0.070538 2.3959e-07 5.3126e-05
0.00056031 0.00012913 0.070145 2.4599e-07 5.2305e-05
0.00057183 0.00012804 0.069756 2.5297e-07 5.1502e-05
0.00058379 0.00012696 0.06937 2.6057e-07 5.0715e-05
0.0005963 0.00012588 0.068987 2.6922e-07 4.9947e-05
0.00060929 0.00012482 0.068608 2.7859e-07 4.9195e-05
0.00062211 0.00012375 0.068227 2.8556e-07 4.8433e-05
0.00063477 0.00012268 0.067845 2.9012e-07 4.7661e-05
0.000648 0.00012161 0.067467 2.9583e-07 4.6908e-05
0.00066183 0.00012056 0.067092 3.0271e-07 4.6173e-05
0.00067551 0.0001195 0.066716 3.0727e-07 4.5429e-05
0.00068971 0.00011845 0.066343 3.1263e-07 4.4699e-05
0.00070375 0.0001174 0.065969 3.1565e-07 4.3961e-05
0.00071843 0.00011635 0.065599 3.1991e-07 4.3241e-05
0.00073294 0.0001153 0.065228 3.2182e-07 4.2512e-05
0.00074801 0.00011426 0.064859 3.2458e-07 4.1797e-05
0.00076376 0.00011323 0.064494 3.286e-07 4.1099e-05
0.00078012 0.00011221 0.064132 3.3351e-07 4.0415e-05
0.00079628 0.00011118 0.063769 3.3596e-07 3.9721e-05
0.00081224 0.00011015 0.063404 3.3599e-07 3.9019e-05
0.00083234 0.00010917 0.063037 3.4465e-07 3.8342e-05
0.00085169 0.00010818 0.062666 3.4907e-07 3.7644e-05
0.00087223 0.00010721 0.062299 3.5598e-07 3.697e-05
0.00089232 0.00010623 0.061931 3.5972e-07 3.6281e-05
0.00091319 0.00010525 0.061566 3.6451e-07 3.5606e-05
0.00093384 0.00010427 0.061199 3.6692e-07 3.4923e-05
0.00095527 0.0001033 0.060836 3.7032e-07 3.4253e-05
0.00097644 0.00010232 0.060471 3.7123e-07 3.3573e-05
0.00099735 0.00010134 0.060105 3.6965e-07 3.2884e-05
0.0010192 0.00010037 0.059742 3.6956e-07 3.2182e-05
0.0010422 9.9387e-05 0.059384 3.7127e-07 3.1499e-05
0.0010648 9.8401e-05 0.059023 3.7029e-07 3.0804e-05
0.0010884 9.7424e-05 0.058666 3.7064e-07 3.0125e-05
0.0011116 9.644e-05 0.058308 3.6837e-07 2.9436e-05
0.0011358 9.5465e-05 0.057952 3.6721e-07 2.8759e-05
0.0011611 9.4484e-05 0.0576 3.6762e-07 2.8099e-05
0.0011861 9.3497e-05 0.057247 3.6554e-07 2.743e-05
0.0012108 9.2505e-05 0.056893 3.6097e-07 2.6751e-05
0.0012366 9.1522e-05 0.056541 3.5782e-07 2.6088e-05
0.0012621 9.0533e-05 0.056189 3.5219e-07 2.5415e-05
0.0012873 8.9539e-05 0.055836 3.4407e-07 2.4733e-05
0.0013136 8.8554e-05 0.055486 3.3736e-07 2.4066e-05
0.0013411 8.7579e-05 0.055138 3.3201e-07 2.3413e-05
0.0013698 8.6613e-05 0.054794 3.2797e-07 2.2795e-05
0.0013998 8.5656e-05 0.054453 3.2522e-07 2.2189e-05
0.001431 8.4706e-05 0.054115 3.2333e-07 2.1594e-05
0.0014636 8.3766e-05 0.05378 3.2276e-07 2.1012e-05
0.001498 8.2838e-05 0.053449 3.243e-07 2.0447e-05
0.0015321 8.1904e-05 0.053116 3.2336e-07 1.9873e-05
0.0015676 8.0979e-05 0.052787 3.2369e-07 1.9312e-05
0.0016048 8.0063e-05 0.05246 3.2527e-07 1.8761e-05
0.0016416 7.9141e-05 0.052133 3.2451e-07 1.8204e-05
0.0016797 7.8227e-05 0.051808 3.246e-07 1.7655e-05
0.0017194 7.7319e-05 0.051486 3.2552e-07 1.7115e-05
0.0017585 7.6407e-05 0.051162 3.2401e-07 1.6568e-05
0.0017992 7.5501e-05 0.050841 3.2333e-07 1.6029e-05
0.0018393 7.4589e-05 0.050519 3.2016e-07 1.5499e-05
0.001881 7.3684e-05 0.050199 3.1789e-07 1.4978e-05
0.0019247 7.2789e-05 0.049883 3.17e-07 1.4467e-05
0.0019669 7.1906e-05 0.049571 3.1228e-07 1.3942e-05
0.0020083 7.1016e-05 0.049257 3.0473e-07 1.3407e-05
0.0020514 7.0133e-05 0.048946 2.9805e-07 1.2881e-05
0.002094 6.9245e-05 0.048634 2.8892e-07 1.2346e-05
0.0021361 6.8352e-05 0.048321 2.7745e-07 1.1804e-05
0.0021798 6.7465e-05 0.048011 2.6678e-07 1.127e-05
0.002223 6.6603e-05 0.047699 2.5365e-07 1.0728e-05
0.0022657 6.5735e-05 0.047386 2.3807e-07 1.0178e-05
0.0023103 6.4876e-05 0.047076 2.2372e-07 9.6382e-06
0.002357 6.4025e-05 0.046769 2.1071e-07 9.1096e-06
0.0024074 6.3163e-05 0.046467 2.0041e-07 8.5995e-06
0.0024617 6.2315e-05 0.04617 1.926e-07 8.1071e-06
0.0025195 6.148e-05 0.045876 1.8653e-07 7.6288e-06
0.0025811 6.0656e-05 0.045587 1.8211e-07 7.1641e-06
0.0026474 5.9846e-05 0.045302 1.7978e-07 6.7151e-06
0.0027116 5.9048e-05 0.045021 1.7415e-07 6.2786e-06
0.0027734 5.8236e-05 0.044737 1.6499e-07 5.8283e-06
0.0028332 5.7413e-05 0.044451 1.5248e-07 5.3647e-06
0.002896 5.6599e-05 0.044168 1.4081e-07 4.9097e-06
0.0029616 5.5792e-05 0.043887 1.2969e-07 4.4618e-06
0.0030297 5.499e-05 0.043609 1.1871e-07 4.0193e-06
0.003097 5.4183e-05 0.043329 1.0553e-07 3.5696e-06
0.0031669 5.3382e-05 0.043052 9.244e-08 3.1252e-06
0.003236 5.2575e-05 0.042774 7.723e-08 2.674e-06
0.0033079 5.1775e-05 0.042498 6.2114e-08 2.2282e-06
0.0033785 5.0968e-05 0.04222 4.4587e-08 1.774e-06
0.0034466 5.0174e-05 0.04194 5.2616e-08 1.7463e-06
0.0035199 4.9394e-05 0.041664 6.1373e-08 1.7191e-06
0.0035988 4.8624e-05 0.041393 7.106e-08 1.6854e-06
0.0036828 4.7844e-05 0.041125 8.2134e-08 1.6514e-06
0.0037722 4.7075e-05 0.040861 9.4125e-08 1.6172e-06
0.0038594 4.6298e-05 0.040595 1.0339e-07 1.577e-06
0.0039443 4.5512e-05 0.040327 1.0991e-07 1.5307e-06
0.0040338 4.4735e-05 0.040062 1.1701e-07 1.484e-06
0.0041293 4.3968e-05 0.0398 1.2525e-07 1.4372e-06
0.0042298 4.321e-05 0.039542 1.3416e-07 1.3893e-06
0.0043281 4.2443e-05 0.039282 1.404e-07 1.3357e-06
0.0044324 4.1687e-05 0.039025 1.4778e-07 1.2814e-06
0.0045342 4.0923e-05 0.038766 1.5235e-07 1.2213e-06
0.0046425 4.1242e-05 0.038511 1.5818e-07 1.1607e-06
0.004747 4.1554e-05 0.038254 1.6069e-07 1.0934e-06
0.0048567 4.187e-05 0.038 1.6398e-07 1.0251e-06
0.0048823 4.219e-05 0.03775 1.6838e-07 9.5584e-07
0.0049076 4.2506e-05 0.037498 1.7055e-07 8.8155e-07
0.0049341 4.2825e-05 0.037248 1.7319e-07 8.0551e-07
0.0049618 4.3147e-05 0.037001 1.7632e-07 7.277e-07
0.0049892 4.3465e-05 0.036753 1.7722e-07 6.4485e-07
0.0050179 4.3785e-05 0.036506 1.7863e-07 5.602e-07
0.0050478 4.41e-05 0.036262 1.8026e-07 4.7337e-07
0.0050773 4.4411e-05 0.036017 1.7966e-07 3.8151e-07
0.0051079 4.4723e-05 0.035774 1.7927e-07 2.8743e-07
0.0051382 4.5039e-05 0.035529 1.7662e-07 3.3023e-07
0.0051699 4.5358e-05 0.035287 1.7451e-07 3.7022e-07
0.0052031 4.568e-05 0.035047 1.7295e-07 4.0743e-07
0.0052381 4.6006e-05 0.03481 1.7215e-07 4.4206e-07
0.005275 4.6337e-05 0.034575 1.7221e-07 4.7423e-07
0.0053107 4.6674e-05 0.034338 1.6907e-07 5.0455e-07
0.0053489 4.7018e-05 0.034104 1.6745e-07 5.3296e-07
0.0053892 4.7366e-05 0.033873 1.6668e-07 5.5898e-07
0.0054284 4.7708e-05 0.03364 1.6302e-07 5.7964e-07
0.0054665 4.8055e-05 0.033405 1.5636e-07 5.9485e-07
0.0055035 4.8395e-05 0.033169 1.4676e-07 6.047e-07
0.0055428 4.874e-05 0.032935 1.3825e-07 6.1231e-07
0.0055543 4.9092e-05 0.032699 1.3333e-07 6.1797e-07
0.0055655 4.9439e-05 0.032462 1.2595e-07 6.1856e-07
0.0055764 4.9779e-05 0.032223 1.1611e-07 6.141e-07
0.0055871 5.0115e-05 0.031984 1.038e-07 6.0459e-07
0.0055984 5.0453e-05 0.031746 9.1843e-08 5.9239e-07
0.0056105 5.0797e-05 0.031511 8.0431e-08 5.7777e-07
0.0056235 5.1145e-05 0.031274 6.9321e-08 5.606e-07
0.0056361 5.1486e-05 0.031035 5.5711e-08 5.3824e-07
0.0056498 5.1834e-05 0.0308 4.2813e-08 5.1381e-07
0.0056628 5.2188e-05 0.030562 5.4145e-08 6.4656e-07
0.005677 5.2549e-05 0.030333 6.6137e-08 7.8001e-07
0.0056924 5.2917e-05 0.030106 7.8985e-08 9.1428e-07
0.0056916 5.3293e-05 0.029883 9.3393e-08 1.0504e-06
0.0056903 5.366e-05 0.029658 1.0451e-07 1.1791e-06
0.0056899 5.4036e-05 0.029437 1.1734e-07 1.3098e-06
0.0056903 5.4419e-05 0.029218 1.3161e-07 1.4416e-06
0.0056902 5.4794e-05 0.028997 1.4241e-07 1.5659e-06
0.0056897 5.516e-05 0.028774 1.4998e-07 1.683e-06
0.0056888 5.5518e-05 0.028549 1.5436e-07 1.7929e-06
0.0056887 5.5885e-05 0.028328 1.6062e-07 1.9049e-06
0.0056896 5.6243e-05 0.028109 1.6889e-07 2.0191e-06
0.0056912 5.6593e-05 0.027894 1.7879e-07 2.1349e-06
0.0056936 5.6952e-05 0.027682 1.911e-07 2.2532e-06
0.0056969 5.7317e-05 0.027473 2.0545e-07 2.3732e-06
0.0056851 5.7692e-05 0.027267 2.2208e-07 2.4849e-06
0.0056726 5.8058e-05 0.027058 2.3473e-07 2.5887e-06
0.0056596 5.8432e-05 0.026848 2.4373e-07 2.6947e-06
0.0056478 5.8815e-05 0.026641 2.5567e-07 2.7917e-06
0.0056371 5.9205e-05 0.026436 2.7008e-07 2.8904e-06
0.0056275 5.9604e-05 0.026235 2.8799e-07 2.9921e-06
0.0056188 6.0011e-05 0.026036 3.0897e-07 3.0957e-06
0.0056112 6.0428e-05 0.025841 3.3427e-07 3.2032e-06
0.0056045 6.0854e-05 0.025648 3.1903e-07 3.314e-06
0.0055989 6.1289e-05 0.025459 3.0747e-07 3.4284e-06
0.0055927 6.1715e-05 0.025267 2.9162e-07 3.5465e-06
0.0055875 6.2133e-05 0.025079 2.7929e-07 3.6684e-06
0.0055819 6.2559e-05 0.024889 2.6307e-07 3.7825e-06
0.0055771 6.2976e-05 0.024701 2.4947e-07 3.9005e-06
0.005573 6.3401e-05 0.024515 2.3828e-07 4.0214e-06
0.0055699 6.3816e-05 0.024333 2.2995e-07 4.1467e-06
0.0055663 6.4242e-05 0.024149 2.1895e-07 4.2638e-06
0.0055637 6.4677e-05 0.023968 2.1063e-07 4.3853e-06
0.0055619 6.512e-05 0.023789 2.0513e-07 4.5115e-06
0.0055598 6.5554e-05 0.023608 1.9593e-07 4.6288e-06
0.0055572 6.5979e-05 0.023425 1.8324e-07 4.7379e-06
0.0055542 6.6396e-05 0.023241 1.6698e-07 4.8388e-06
0.0055521 6.6823e-05 0.023059 1.533e-07 4.9443e-06
0.0055509 6.6452e-05 0.022881 1.4188e-07 5.0544e-06
0.0055504 6.6088e-05 0.022704 1.3194e-07 5.1681e-06
0.0055494 6.5717e-05 0.022526 1.1855e-07 5.2856e-06
0.0055492 6.5353e-05 0.02235 1.0656e-07 5.4068e-06
0.0055497 6.4996e-05 0.022176 9.5778e-08 5.532e-06
0.0055511 6.4631e-05 0.022005 8.6447e-08 5.6627e-06
0.0055534 6.4275e-05 0.021837 7.8354e-08 5.7991e-06
0.0055564 6.3926e-05 0.021671 7.0935e-08 5.94e-06
0.0055445 6.3586e-05 0.021508 6.4423e-08 6.0714e-06
0.0055337 6.3254e-05 0.021347 5.8331e-08 6.2073e-06
0.0055238 6.2929e-05 0.021187 5.2554e-08 6.3479e-06
0.0055133 6.2613e-05 0.021027 4.4001e-08 6.4789e-06
0.005504 6.2305e-05 0.020868 3.6024e-08 6.6162e-06
0.0054956 6.2005e-05 0.020712 2.8156e-08 6.7583e-06
0.0054866 6.1696e-05 0.020554 1.8192e-08 6.9072e-06
0.0054771 6.1395e-05 0.020394 2.3696e-08 7.0463e-06
0.0054685 6.1102e-05 0.020236 2.8903e-08 7.1905e-06
0.0054593 6.0799e-05 0.020077 3.1674e-08 7.3249e-06
0.0054496 6.0506e-05 0.019915 3.2027e-08 7.4495e-06
0.0054046 6.0217e-05 0.019756 3.1913e-08 7.5782e-06
0.0053618 5.9934e-05 0.019598 3.1147e-08 7.7097e-06
0.0053209 5.9643e-05 0.019441 2.9704e-08 7.8439e-06
0.0052819 5.9356e-05 0.019286 2.7543e-08 7.9808e-06
0.0052443 5.9073e-05 0.019132 2.4515e-08 8.1194e-06
0.0052063 5.8784e-05 0.018976 1.9586e-08 8.2518e-06
0.0051704 5.8501e-05 0.018823 1.4103e-08 8.3885e-06
0.005133 5.8228e-05 0.018668 2.1858e-08 8.5151e-06
0.0050984 5.7962e-05 0.018515 2.9725e-08 8.6491e-06
0.0050664 5.7705e-05 0.018365 3.7885e-08 8.7907e-06
0.0050368 5.7456e-05 0.018217 4.6525e-08 8.94e-06
0.0050094 5.7214e-05 0.018071 5.5844e-08 9.0974e-06
0.0049809 5.6964e-05 0.017924 6.2333e-08 9.2612e-06
0.0049545 5.6722e-05 0.017779 6.9591e-08 9.4335e-06
0.0049299 5.6486e-05 0.017636 7.7401e-08 9.6126e-06
0.004907 5.6257e-05 0.017494 8.5895e-08 9.7987e-06
0.0048831 5.6035e-05 0.017355 9.1486e-08 9.9395e-06
0.0048611 5.5805e-05 0.017218 9.823e-08 1.0089e-05
0.0048406 5.5566e-05 0.017083 1.0584e-07 1.0245e-05
0.0048192 5.532e-05 0.016947 1.1033e-07 1.0409e-05
0.0047992 5.5079e-05 0.016812 1.1573e-07 1.0563e-05
0.0047784 5.483e-05 0.016675 1.9463e-07 1.0706e-05
0.0047593 5.4589e-05 0.016541 2.853e-07 1.0474e-05
0.0047417 5.4355e-05 0.016408 3.0709e-07 1.0228e-05
0.0047233 5.4113e-05 0.016274 3.2592e-07 9.9939e-06
0.0047042 5.3863e-05 0.016139 3.4181e-07 9.7481e-06
0.0046865 5.3621e-05 0.016005 3.6182e-07 9.5126e-06
0.0046682 5.337e-05 0.01587 3.7882e-07 9.2655e-06
0.0046514 5.3128e-05 0.015737 3.5286e-07 9.0286e-06
0.004636 5.2892e-05 0.015607 3.3155e-07 8.8014e-06
0.00462 5.2665e-05 0.015474 3.0586e-07 8.5837e-06
0.0046051 5.2443e-05 0.015344 2.8367e-07 8.3732e-06
0.0045897 5.2228e-05 0.015212 2.5721e-07 8.1525e-06
0.0045755 5.202e-05 0.015082 2.3486e-07 7.9408e-06
0.0045607 5.1804e-05 0.01495 2.0805e-07 7.7182e-06
0.0045472 5.1596e-05 0.01482 1.8506e-07 7.5044e-06
0.0045349 5.1395e-05 0.014693 1.6537e-07 7.2991e-06
0.004522 5.1187e-05 0.014564 1.419e-07 7.081e-06
0.0045102 5.0985e-05 0.014436 1.2082e-07 6.8513e-06
0.0044993 5.0789e-05 0.014311 1.0176e-07 6.6313e-06
0.0044895 5.06e-05 0.014187 8.4946e-08 6.4195e-06
0.0044808 5.0418e-05 0.014065 6.9987e-08 6.2155e-06
0.0044715 5.0243e-05 0.013942 8.6328e-08 6.0174e-06
0.0044617 5.0061e-05 0.013817 9.9586e-08 5.8101e-06
0.0044529 4.9885e-05 0.013694 1.1432e-07 5.609e-06
0.0044449 4.9713e-05 0.013572 1.3037e-07 5.4126e-06
0.0044364 4.9534e-05 0.013449 1.4312e-07 5.2224e-06
0.0044288 4.9362e-05 0.013327 1.5784e-07 5.038e-06
0.0044219 4.9194e-05 0.013208 1.7425e-07 4.8578e-06
0.0044146 4.9018e-05 0.013086 1.872e-07 4.6688e-06
0.004407 4.8837e-05 0.012964 1.9694e-07 4.4715e-06
0.0044001 4.8661e-05 0.012842 2.0842e-07 4.2786e-06
0.0043928 4.8478e-05 0.01272 2.1614e-07 4.0761e-06
0.004386 4.8298e-05 0.012598 2.2507e-07 3.8765e-06
0.004379 4.8112e-05 0.012476 2.3117e-07 4.1148e-06
0.0043725 4.793e-05 0.012354 2.3825e-07 4.356e-06
0.0043665 4.7749e-05 0.012233 2.4591e-07 4.5991e-06
0.0043609 4.757e-05 0.012113 2.5418e-07 4.8441e-06
0.0043552 4.7387e-05 0.011992 2.6008e-07 5.0829e-06
0.00435 4.7207e-05 0.011872 2.6699e-07 5.3247e-06
0.0043452 4.7028e-05 0.011753 2.7458e-07 5.5686e-06
0.0043402 4.6845e-05 0.011633 2.7977e-07 5.8063e-06
0.0043358 4.6664e-05 0.011514 2.8607e-07 6.0471e-06
0.0043317 4.6486e-05 0.011396 2.9323e-07 6.2906e-06
0.0043274 4.6301e-05 0.011276 2.9733e-07 6.526e-06
0.0043236 4.612e-05 0.011158 3.0293e-07 6.7656e-06
0.0043197 4.5932e-05 0.011037 3.0474e-07 6.9953e-06
0.0043165 4.575e-05 0.010918 3.0974e-07 7.215e-06
0.004314 4.5573e-05 0.0108 3.1701e-07 7.4408e-06
0.004312 4.54e-05 0.010683 3.2665e-07 7.6728e-06
0.0043105 4.5229e-05 0.010567 3.3744e-07 7.9079e-06
0.0043089 4.5054e-05 0.01045 3.4576e-07 8.1366e-06
0.0043071 4.4875e-05 0.010333 3.516e-07 8.359e-06
0.0043057 4.4697e-05 0.010216 3.585e-07 8.5842e-06
0.0043047 4.4521e-05 0.0101 3.6653e-07 8.8124e-06
0.0043041 4.4348e-05 0.0099854 3.765e-07 9.0455e-06
0.0043035 4.4171e-05 0.0098696 3.839e-07 9.2721e-06
0.0043032 4.3996e-05 0.0097545 3.9243e-07 9.5016e-06
0.0043033 4.3822e-05 0.00964 4.0215e-07 9.7341e-06
0.0043033 4.3644e-05 0.0095248 4.093e-07 9.9601e-06
0.0043037 4.3468e-05 0.0094104 4.1815e-07 1.019e-05
0.0043045 4.3294e-05 0.0092966 4.2836e-07 1.0414e-05
0.0043052 4.3115e-05 0.0091821 4.3599e-07 1.0631e-05
0.0043057 4.2933e-05 0.0090669 4.4103e-07 1.0841e-05
0.0043067 4.2752e-05 0.0089525 4.4785e-07 1.1056e-05
0.0043076 4.2567e-05 0.0088373 4.5208e-07 1.1264e-05
0.0043083 4.2378e-05 0.0087214 4.5367e-07 1.1466e-05
0.0043086 4.2181e-05 0.0086073 4.5074e-07 1.1657e-05
0.0043097 4.199e-05 0.0084948 4.5195e-07 1.1857e-05
0.0042967 4.1805e-05 0.0083838 4.5733e-07 1.2068e-05
0.0042832 4.1613e-05 0.0082715 4.5852e-07 1.2268e-05
0.0042706 4.1424e-05 0.0081602 4.622e-07 1.2474e-05
0.0042585 4.1238e-05 0.0080494 4.6726e-07 1.2684e-05
0.0042471 4.1052e-05 0.0079393 4.7368e-07 1.2898e-05
0.0042354 4.0863e-05 0.0078284 4.775e-07 1.3104e-05
0.0042244 4.0675e-05 0.0077182 4.832e-07 1.3316e-05
0.0042132 4.0489e-05 0.0076074 4.864e-07 1.3521e-05
0.0042026 4.0305e-05 0.0074971 4.9102e-07 1.373e-05
0.0041925 4.0122e-05 0.0073874 4.9706e-07 1.3943e-05
0.0041829 3.9941e-05 0.0072782 5.0458e-07 1.4159e-05
0.0041738 3.9761e-05 0.0071695 5.1363e-07 1.4379e-05
0.0041646 3.9577e-05 0.0070602 5.2013e-07 1.4593e-05
0.0041076 3.9395e-05 0.0069515 5.2872e-07 1.4812e-05
0.0040499 3.9209e-05 0.0068422 5.3462e-07 1.5024e-05
0.0039943 3.9024e-05 0.0067333 5.4212e-07 1.5241e-05
0.0039408 3.8841e-05 0.006625 5.5124e-07 1.5461e-05
0.0038896 3.866e-05 0.0065173 5.626e-07 1.5687e-05
0.0038406 3.848e-05 0.0064103 5.7628e-07 1.5919e-05
0.0037937 3.8303e-05 0.006304 5.924e-07 1.6156e-05
0.0037488 3.8129e-05 0.0061982 6.1107e-07 1.64e-05
0.0037056 3.7955e-05 0.006093 6.3183e-07 1.6648e-05
0.0036642 3.7784e-05 0.0059884 6.5542e-07 1.6889e-05
0.0036246 3.7614e-05 0.0058844 6.8205e-07 1.7137e-05
0.0035868 3.7447e-05 0.005781 7.1193e-07 1.739e-05
0.0035505 3.7282e-05 0.0056782 7.4527e-07 1.7651e-05
0.0035139 3.7112e-05 0.0055747 7.7554e-07 1.7904e-05
0.0034788 3.6944e-05 0.0054718 8.0945e-07 1.8164e-05
0.0034452 3.6778e-05 0.0053695 8.4729e-07 1.843e-05
0.0034132 3.6614e-05 0.0052678 8.8936e-07 1.8703e-05
0.0033823 3.6452e-05 0.0051665 9.3507e-07 1.8982e-05
0.003351 3.6285e-05 0.0050645 9.774e-07 1.9253e-05
0.0033209 3.6119e-05 0.0049629 1.0236e-06 1.953e-05
0.003292 3.5955e-05 0.0048618 1.0739e-06 1.9813e-05
0.0032644 3.5793e-05 0.0047613 1.1301e-06 2.0103e-05
0.0032364 3.5625e-05 0.0048318 1.1819e-06 2.0385e-05
0.0032096 3.5461e-05 0.0049028 1.2398e-06 2.0676e-05
0.0031818 3.5288e-05 0.0049727 1.2898e-06 2.0982e-05
0.003182 3.5109e-05 0.0050415 1.3326e-06 2.1274e-05
0.0031818 3.4923e-05 0.0051092 1.368e-06 2.1553e-05
0.0031691 3.4742e-05 0.0051778 1.3232e-06 2.1848e-05
0.0031557 3.4554e-05 0.0052453 1.2705e-06 2.2128e-05
0.0031418 3.4358e-05 0.0053116 1.2097e-06 2.2394e-05
0.003129 3.4168e-05 0.0053789 1.1598e-06 2.2676e-05
0.0031171 3.3982e-05 0.0054469 1.1183e-06 2.2944e-05
0.0031048 3.38e-05 0.0055138 1.0701e-06 2.3198e-05
0.0030919 3.3623e-05 0.0055797 1.0149e-06 2.344e-05
0.0030801 3.3451e-05 0.0056465 9.696e-07 2.3697e-05
0.0030694 3.3285e-05 0.0057142 9.3323e-07 2.3971e-05
0.0030596 3.3123e-05 0.0057829 9.0492e-07 2.4261e-05
0.0030508 3.2954e-05 0.0058525 8.8404e-07 2.4536e-05
0.0030183 3.2779e-05 0.0059229 8.6888e-07 2.5374e-05
0.0029845 3.2608e-05 0.0059921 8.4777e-07 2.6175e-05
0.0029495 3.2431e-05 0.0060603 8.2113e-07 2.6956e-05
0.0029166 3.2257e-05 0.0061292 7.997e-07 2.7762e-05
0.0028856 3.2086e-05 0.0061987 7.8327e-07 2.8593e-05
0.0028535 3.192e-05 0.0062672 7.6144e-07 2.9404e-05
0.0028236 3.1759e-05 0.0063366 7.4563e-07 3.0246e-05
0.0027956 3.1601e-05 0.0064068 7.3481e-07 3.1116e-05
0.0027665 3.1436e-05 0.0064758 7.1848e-07 3.1964e-05
0.0027391 3.1275e-05 0.0065455 7.0666e-07 3.2838e-05
0.0027136 3.1117e-05 0.0066162 7.0015e-07 3.3747e-05
0.0026873 3.0954e-05 0.0066858 6.8881e-07 3.4634e-05
0.0026623 3.0792e-05 0.006756 6.8102e-07 3.5545e-05
0.0026369 3.0626e-05 0.0068254 6.6973e-07 3.6443e-05
0.0026111 3.0455e-05 0.0068941 6.5557e-07 3.733e-05
0.0025864 3.0286e-05 0.0069632 6.4406e-07 3.8238e-05
0.0025627 3.0118e-05 0.0070327 6.3453e-07 3.9163e-05
0.0025399 2.9951e-05 0.0071025 6.2693e-07 4.0106e-05
0.0025183 2.9786e-05 0.0071729 6.222e-07 4.1073e-05
0.0024959 2.9614e-05 0.0072421 6.1276e-07 4.2017e-05
0.0024751 2.9447e-05 0.0073124 6.0854e-07 4.3001e-05
0.0024557 2.9283e-05 0.0073836 6.0845e-07 4.402e-05
0.0024377 2.9124e-05 0.0074558 6.1349e-07 4.5081e-05
0.0024191 2.8958e-05 0.007527 6.1387e-07 4.6114e-05
0.0024015 2.8794e-05 0.0075987 6.1727e-07 4.7177e-05
0.0023836 2.8625e-05 0.0076697 6.1765e-07 4.8226e-05
0.0023664 2.8457e-05 0.0077411 6.1982e-07 4.9296e-05
0.002349 2.8285e-05 0.0078118 6.1925e-07 5.0354e-05
0.0023313 2.8109e-05 0.0078818 6.1593e-07 5.1401e-05
0.0023134 2.7928e-05 0.0079512 6.0986e-07 5.2437e-05
0.0022953 2.7744e-05 0.0080199 6.0117e-07 5.3462e-05
0.0022779 2.756e-05 0.0080889 5.9429e-07 5.3161e-05
0.0022613 2.7377e-05 0.0081585 5.897e-07 5.2873e-05
0.0022455 2.7196e-05 0.0082285 5.8739e-07 5.2597e-05
0.0022294 2.701e-05 0.0082978 5.8235e-07 5.2333e-05
0.002214 2.6825e-05 0.0083676 5.7901e-07 5.208e-05
0.0021984 2.6637e-05 0.0084366 5.7308e-07 5.1819e-05
0.0021834 2.6449e-05 0.008506 5.6883e-07 5.1568e-05
0.002169 2.6262e-05 0.0085758 5.6624e-07 5.1326e-05
0.0021552 2.6076e-05 0.008646 5.6527e-07 5.1095e-05
0.0021412 2.5885e-05 0.0087155 5.6162e-07 5.0855e-05
0.002127 2.569e-05 0.0087843 5.5526e-07 5.0607e-05
0.0021133 2.5496e-05 0.0088535 5.5053e-07 5.0369e-05
0.0021003 2.5303e-05 0.008923 5.474e-07 5.014e-05
0.002087 2.5105e-05 0.0089919 5.4158e-07 4.9903e-05
0.0020744 2.4909e-05 0.0090613 5.3789e-07 4.9677e-05
0.0020623 2.4713e-05 0.0091311 5.3575e-07 4.9462e-05
0.00205 2.4513e-05 0.0092002 5.3094e-07 4.9238e-05
0.0020376 2.4309e-05 0.0092686 5.2359e-07 4.9006e-05
0.0020256 2.4105e-05 0.0093375 5.1838e-07 4.8764e-05
0.0020136 2.3897e-05 0.0094056 5.1062e-07 4.8515e-05
0.0020013 2.3685e-05 0.0094732 5.0033e-07 4.8257e-05
0.0019897 2.3475e-05 0.0095413 4.9208e-07 4.8012e-05
0.0019779 2.326e-05 0.0096087 4.8118e-07 4.7758e-05
0.0019666 2.3046e-05 0.0096765 4.7175e-07 4.7514e-05
0.0019558 2.2833e-05 0.0097448 4.6425e-07 4.7281e-05
0.0019449 2.2615e-05 0.0098124 4.5413e-07 4.704e-05
0.0019344 2.2399e-05 0.0098805 4.4539e-07 4.6808e-05
0.0019238 2.2178e-05 0.0099478 4.3404e-07 4.6568e-05
0.0019137 2.1958e-05 0.010016 4.2452e-07 4.634e-05
0.0019041 2.1738e-05 0.010084 4.1628e-07 4.612e-05
0.0018949 2.1519e-05 0.010153 4.0973e-07 4.5912e-05
0.0018856 2.1297e-05 0.010221 4.0074e-07 4.5696e-05
0.0018768 2.1075e-05 0.01029 3.934e-07 4.5491e-05
0.0018678 2.0849e-05 0.010358 3.8352e-07 4.5278e-05
0.0018588 2.0618e-05 0.010425 3.7119e-07 4.5057e-05
0.0018502 2.0389e-05 0.010493 3.6048e-07 4.4847e-05
0.001842 2.0161e-05 0.010562 3.5132e-07 4.4649e-05
0.0018338 1.9929e-05 0.01063 3.3975e-07 4.4461e-05
0.0018253 1.9692e-05 0.010697 3.2565e-07 4.4265e-05
0.0018168 1.9457e-05 0.010763 3.0903e-07 4.4061e-05
0.0018081 1.9218e-05 0.010829 2.8999e-07 4.385e-05
0.0017994 1.8975e-05 0.010895 2.685e-07 4.3631e-05
0.001791 1.8732e-05 0.01096 2.4814e-07 4.3421e-05
0.0017829 1.8489e-05 0.011026 2.2878e-07 4.3219e-05
0.0017748 1.8243e-05 0.011092 2.0705e-07 4.301e-05
0.0017671 1.7997e-05 0.011158 1.8623e-07 4.2809e-05
0.0017592 1.7747e-05 0.011223 1.6306e-07 4.2601e-05
0.0017512 1.7492e-05 0.011287 1.3753e-07 4.2385e-05
0.0017436 1.7239e-05 0.011352 1.1327e-07 4.218e-05
0.0017365 1.6986e-05 0.011418 9.0086e-08 4.1985e-05
0.0017297 1.6734e-05 0.011484 6.744e-08 4.1799e-05
0.0017233 1.6483e-05 0.011551 4.5536e-08 4.1622e-05
0.0017168 1.6228e-05 0.011617 5.6403e-08 4.1439e-05
0.0017107 1.5973e-05 0.011684 6.7271e-08 4.1266e-05
0.0017051 1.5721e-05 0.011751 7.8796e-08 4.1108e-05
0.0017001 1.5473e-05 0.01182 9.1642e-08 4.0969e-05
0.0016948 1.5218e-05 0.011888 1.0152e-07 4.0817e-05
0.0016739 1.557e-05 0.011957 1.1296e-07 4.0683e-05
0.0016528 1.5917e-05 0.012026 1.2225e-07 4.0543e-05
0.0016324 1.6266e-05 0.012095 1.3159e-07 4.041e-05
0.0016128 1.6615e-05 0.012164 1.4103e-07 4.0284e-05
0.001593 1.696e-05 0.012233 1.4826e-07 4.0151e-05
0.0015739 1.7306e-05 0.012302 1.5562e-07 4.0026e-05
0.0015556 1.7653e-05 0.012371 1.6315e-07 3.9908e-05
0.001537 1.7995e-05 0.01244 1.6853e-07 3.9783e-05
0.0015182 1.8334e-05 0.012509 1.7175e-07 3.9651e-05
0.0015003 1.8674e-05 0.012578 1.7546e-07 3.9528e-05
0.0014821 1.9009e-05 0.012646 1.7694e-07 3.9398e-05
0.0014646 1.9346e-05 0.012715 1.7862e-07 3.9275e-05
0.0014478 1.9683e-05 0.012784 1.8051e-07 3.916e-05
0.0014317 2.0022e-05 0.012854 1.8293e-07 3.9054e-05
0.0014163 2.0364e-05 0.012924 1.8589e-07 3.8957e-05
0.0014008 2.0702e-05 0.012994 1.866e-07 3.8853e-05
0.0013859 2.1041e-05 0.013065 1.8788e-07 3.8758e-05
0.0013716 2.1381e-05 0.013136 1.8942e-07 3.8671e-05
0.0013571 2.1704e-05 0.013208 1.8869e-07 3.8592e-05
0.0013433 2.2028e-05 0.01328 1.8854e-07 3.8524e-05
0.0013292 2.2348e-05 0.013352 1.8612e-07 3.8447e-05
0.0013159 2.2669e-05 0.013424 1.8435e-07 3.838e-05
0.0013035 2.2984e-05 0.013498 1.846e-07 3.8298e-05
0.0012921 2.3303e-05 0.013573 1.8686e-07 3.8234e-05
0.0012814 2.3627e-05 0.013647 1.9068e-07 3.8153e-05
0.0012704 2.3944e-05 0.01372 1.9147e-07 3.806e-05
0.0012591 2.4256e-05 0.013791 1.894e-07 3.7955e-05
0.0012485 2.4571e-05 0.013864 1.8891e-07 3.7835e-05
0.0012385 2.4889e-05 0.013938 1.8925e-07 3.7725e-05
0.0012291 2.521e-05 0.014012 1.9068e-07 3.7628e-05
0.0011834 2.5533e-05 0.014088 1.9271e-07 3.754e-05
0.0011395 2.5858e-05 0.014163 1.9519e-07 3.746e-05
0.0010972 2.6184e-05 0.01424 1.98e-07 3.7387e-05
0.0010567 2.6513e-05 0.014317 2.0146e-07 3.7324e-05
0.0010179 2.6843e-05 0.014395 2.0559e-07 3.7269e-05
0.00098082 2.7175e-05 0.014474 2.1042e-07 3.7224e-05
0.00094324 2.7503e-05 0.014552 2.1296e-07 3.7171e-05
0.00090726 2.7833e-05 0.014631 2.1622e-07 3.7126e-05
0.00087281 2.8166e-05 0.01471 2.2022e-07 3.7091e-05
0.00083981 2.85e-05 0.014791 2.25e-07 3.7064e-05
0.00080647 2.883e-05 0.01487 2.2755e-07 3.703e-05
0.00077454 2.9163e-05 0.01495 2.3089e-07 3.7005e-05
0.00074397 2.9497e-05 0.015032 2.3506e-07 3.6989e-05
0.00071469 2.9834e-05 0.015113 2.4009e-07 3.6981e-05
0.00068665 3.0174e-05 0.015196 2.4601e-07 3.6983e-05
0.00065963 3.0515e-05 0.015279 2.5251e-07 3.6991e-05
0.0006336 3.0857e-05 0.015363 2.5962e-07 3.7006e-05
0.00060852 3.1201e-05 0.015448 2.6738e-07 3.7028e-05
0.00058313 3.1541e-05 0.015532 2.7276e-07 3.7043e-05
0.00055744 3.1876e-05 0.015615 2.7576e-07 3.705e-05
0.00053283 3.2214e-05 0.015698 2.798e-07 3.7066e-05
0.00050926 3.2554e-05 0.015783 2.8492e-07 3.7091e-05
0.00048669 3.2897e-05 0.015869 2.9116e-07 3.7124e-05
0.00046385 3.3235e-05 0.015953 2.9499e-07 3.715e-05
0.00044197 3.3576e-05 0.016039 2.9997e-07 3.7185e-05
0.00041982 3.3912e-05 0.016124 3.0253e-07 3.7213e-05
0.00039744 3.4244e-05 0.016208 3.0278e-07 3.7234e-05
0.000376 3.4579e-05 0.016293 3.0418e-07 3.7263e-05
0.00035547 3.4916e-05 0.016379 3.0675e-07 3.7302e-05
0.00033568 3.5255e-05 0.016465 3.101e-07 3.7347e-05
0.00031661 3.5596e-05 0.016552 3.1425e-07 3.7399e-05
0.0002973 3.5932e-05 0.016639 3.1598e-07 3.7444e-05
0.00027881 3.6271e-05 0.016726 3.1892e-07 3.7498e-05
0.00026109 3.6606e-05 0.016814 3.2311e-07 3.7561e-05
0.00024316 3.6936e-05 0.016901 3.2486e-07 3.7616e-05
0.00022598 3.7269e-05 0.01699 3.2788e-07 3.768e-05
0.00020861 3.7597e-05 0.017077 3.2854e-07 3.7737e-05
0.00019188 3.7927e-05 0.017165 3.3006e-07 3.7801e-05
0.00017584 3.8261e-05 0.017254 3.3287e-07 3.7874e-05
0.00015962 3.8589e-05 0.017343 3.3332e-07 3.7939e-05
0.0001441 3.8921e-05 0.017432 3.3508e-07 3.8014e-05
0.00012913 3.9255e-05 0.017522 3.3775e-07 3.8097e-05
0.00011476 3.9591e-05 0.017613 3.4161e-07 3.8187e-05
0.00010135 3.9934e-05 0.017705 3.4863e-07 3.8295e-05
8.7479e-05 4.0269e-05 0.017796 3.5176e-07 3.8389e-05
7.4453e-05 4.0179e-05 0.017886 3.577e-07 3.85e-05
6.1256e-05 4.0084e-05 0.017975 3.6111e-07 3.8602e-05
4.8608e-05 3.9991e-05 0.018065 3.6595e-07 3.8714e-05
3.6485e-05 3.99e-05 0.018155 3.7226e-07 3.8835e-05
2.4794e-05 3.9811e-05 0.018247 3.7964e-07 3.8964e-05
1.3586e-05 3.9723e-05 0.018339 3.8859e-07 3.9102e-05
1.2455e-05 3.9631e-05 0.018431 3.9512e-07 3.9233e-05
1.1364e-05 3.9542e-05 0.018524 4.0326e-07 3.9373e-05
1.0247e-05 3.9447e-05 0.018615 4.0885e-07 3.9505e-05
9.1629e-06 3.9355e-05 0.018708 4.1571e-07 3.9646e-05
8.0515e-06 3.9257e-05 0.0188 4.1993e-07 3.9779e-05
6.9726e-06 3.9161e-05 0.018893 4.2544e-07 3.9919e-05
5.8665e-06 3.9061e-05 0.018984 4.2831e-07 4.0052e-05
4.7909e-06 3.8962e-05 0.019077 4.3242e-07 4.0192e-05
3.6894e-06 3.8858e-05 0.019169 4.3396e-07 4.0324e-05
3.7574e-06 3.875e-05 0.01926 4.3304e-07 4.0449e-05
3.8264e-06 3.8644e-05 0.019352 4.3383e-07 4.0584e-05
3.8966e-06 3.854e-05 0.019445 4.3632e-07 4.0729e-05
3.968e-06 3.8438e-05 0.019539 4.4054e-07 4.0883e-05
4.0387e-06 3.8338e-05 0.019634 4.4604e-07 4.1046e-05
4.0931e-06 3.8233e-05 0.019728 4.4894e-07 4.12e-05
4.1468e-06 3.8129e-05 0.019823 4.5314e-07 4.1363e-05
4.1841e-06 3.802e-05 0.019917 4.5475e-07 4.1517e-05
4.2229e-06 3.7914e-05 0.020012 4.5815e-07 4.1682e-05
4.2632e-06 3.7809e-05 0.020106 4.6336e-07 4.1857e-05
4.2875e-06 3.7701e-05 0.020199 4.6609e-07 4.2024e-05
4.2958e-06 3.7588e-05 0.020292 4.6634e-07 4.2184e-05
4.2881e-06 3.7476e-05 0.020383 4.641e-07 4.2337e-05
4.2799e-06 3.7365e-05 0.020476 4.6318e-07 4.2498e-05
4.2552e-06 3.725e-05 0.020568 4.5967e-07 4.265e-05
4.2144e-06 3.7131e-05 0.020659 6.2048e-07 4.2812e-05
4.1751e-06 3.7014e-05 0.020751 7.9504e-07 4.2983e-05
4.1374e-06 3.6898e-05 0.020844 9.8472e-07 4.3165e-05
4.101e-06 3.6785e-05 0.020938 1.191e-06 4.3357e-05
4.066e-06 3.6673e-05 0.021034 1.4155e-06 4.356e-05
4.0323e-06 3.6563e-05 0.02113 1.66e-06 4.3773e-05
3.998e-06 3.6454e-05 0.021227 1.6833e-06 4.3996e-05
3.9473e-06 3.6341e-05 0.021323 1.703e-06 4.421e-05
3.8802e-06 3.6223e-05 0.021418 1.7192e-06 4.4416e-05
3.8142e-06 3.6108e-05 0.021515 1.7406e-06 4.4633e-05
3.7319e-06 3.5988e-05 0.02161 1.7584e-06 4.4842e-05
3.6331e-06 3.5863e-05 0.021705 1.7727e-06 4.5043e-05
3.5185e-06 3.5735e-05 0.021799 1.7837e-06 4.5237e-05
3.4049e-06 3.5608e-05 0.021895 1.7999e-06 4.5441e-05
3.2753e-06 3.5477e-05 0.021989 1.8127e-06 4.5638e-05
3.1225e-06 3.5339e-05 0.022082 1.8186e-06 4.5819e-05
2.9465e-06 3.5194e-05 0.022174 1.8177e-06 4.5984e-05
2.7781e-06 3.5053e-05 0.022267 1.8251e-06 4.6168e-05
2.6164e-06 3.4915e-05 0.022362 1.8408e-06 4.6369e-05
2.4313e-06 3.4771e-05 0.022455 1.8494e-06 4.6553e-05
2.2516e-06 3.4631e-05 0.02255 1.8658e-06 4.6754e-05
2.0493e-06 3.4483e-05 0.022644 1.8781e-06 4.694e-05
1.8256e-06 3.433e-05 0.022736 1.8842e-06 4.7112e-05
1.6066e-06 3.418e-05 0.02283 1.8977e-06 4.7299e-05
1.8337e-06 3.4023e-05 0.022922 1.9047e-06 4.7472e-05
2.0394e-06 3.386e-05 0.023013 1.9053e-06 4.7631e-05
2.2469e-06 3.3699e-05 0.023105 1.9119e-06 4.7802e-05
2.4589e-06 3.3541e-05 0.023199 1.9257e-06 4.7988e-05
2.6542e-06 3.3379e-05 0.023291 1.9357e-06 4.8166e-05
2.8509e-06 3.3218e-05 0.023385 1.9513e-06 4.8354e-05
3.0473e-06 3.3059e-05 0.02348 1.9715e-06 4.8552e-05
3.2272e-06 3.2895e-05 0.023574 1.988e-06 4.8742e-05
3.3904e-06 3.2727e-05 0.023667 2.0008e-06 4.8924e-05
3.556e-06 3.256e-05 0.023759 2.0195e-06 4.9117e-05
3.7039e-06 3.2389e-05 0.02385 2.034e-06 4.9302e-05
3.8333e-06 3.2213e-05 0.02394 2.0438e-06 4.9498e-05
3.9439e-06 3.2032e-05 0.024029 2.0489e-06 4.9684e-05
4.0561e-06 3.1853e-05 0.02412 2.0595e-06 4.9882e-05
4.15e-06 3.1668e-05 0.024209 2.0655e-06 5.0069e-05
4.2469e-06 3.1486e-05 0.024299 2.0778e-06 5.0269e-05
4.3504e-06 3.1307e-05 0.024391 2.0981e-06 5.0485e-05
4.431e-06 3.1121e-05 0.024482 2.1116e-06 5.0686e-05
4.5242e-06 3.0952e-05 0.024571 2.1363e-06 5.0911e-05
4.6187e-06 3.0784e-05 0.024661 2.1665e-06 5.1145e-05
4.6961e-06 3.0612e-05 0.02475 2.1927e-06 5.1371e-05
4.7569e-06 3.0435e-05 0.024839 2.2152e-06 5.1589e-05
4.8206e-06 3.026e-05 0.024928 2.2441e-06 5.1799e-05
4.885e-06 3.0086e-05 0.025019 2.2784e-06 5.2019e-05
4.9325e-06 2.9908e-05 0.025108 2.3088e-06 5.223e-05
4.9806e-06 2.973e-05 0.025199 2.3445e-06 5.2451e-05
5.0118e-06 2.9549e-05 0.025289 2.3763e-06 5.2664e-05
5.0268e-06 2.9363e-05 0.025378 2.4045e-06 5.2868e-05
5.0423e-06 2.9178e-05 0.025468 2.4381e-06 5.3083e-05
5.0415e-06 2.8989e-05 0.025557 2.4681e-06 5.329e-05
5.0436e-06 2.88e-05 0.025647 2.5049e-06 5.3509e-05
5.0484e-06 2.8614e-05 0.025739 2.5489e-06 5.374e-05
5.0359e-06 2.8422e-05 0.025829 3.2153e-06 5.3962e-05
5.0067e-06 2.8227e-05 0.025919 3.864e-06 5.4195e-05
4.9783e-06 2.8032e-05 0.02601 4.5637e-06 5.4438e-05
4.9526e-06 2.7839e-05 0.026102 5.3275e-06 5.4694e-05
4.9107e-06 2.7642e-05 0.026193 6.073e-06 5.496e-05
4.8692e-06 2.7445e-05 0.026285 6.8766e-06 5.5237e-05
4.8282e-06 2.7249e-05 0.026378 7.7431e-06 5.5524e-05
4.7877e-06 2.7054e-05 0.026471 8.6777e-06 5.5822e-05
4.7496e-06 2.6861e-05 0.026566 9.6986e-06 5.6134e-05
4.7141e-06 2.6669e-05 0.026663 1.0814e-05 5.6458e-05
4.6617e-06 2.6472e-05 0.026758 1.19e-05 5.6774e-05
4.5927e-06 2.6272e-05 0.026852 1.2957e-05 5.7082e-05
4.5069e-06 2.6067e-05 0.026946 1.3987e-05 5.738e-05
4.4235e-06 2.5863e-05 0.027041 1.5112e-05 5.7693e-05
4.3425e-06 2.5661e-05 0.027137 1.6342e-05 5.8019e-05
4.2614e-06 2.5459e-05 0.027234 1.654e-05 5.8356e-05
4.1802e-06 2.5258e-05 0.027332 1.6759e-05 5.8704e-05
4.0825e-06 2.5053e-05 0.027429 1.6969e-05 5.9044e-05
3.9686e-06 2.4844e-05 0.027526 1.7171e-05 5.9376e-05
3.8546e-06 2.4635e-05 0.027623 1.7395e-05 5.9719e-05
3.7402e-06 2.4427e-05 0.027721 1.7643e-05 6.0074e-05
3.6093e-06 2.4215e-05 0.027819 1.7881e-05 6.0419e-05
3.478e-06 2.4003e-05 0.027918 1.8143e-05 6.0777e-05
3.3307e-06 2.3787e-05 0.028015 1.8397e-05 6.1126e-05
3.1848e-06 2.3573e-05 0.028114 1.868e-05 6.149e-05
3.9459e-06 2.3354e-05 0.028212 1.8952e-05 6.1868e-05
4.7304e-06 2.3137e-05 0.028312 1.9255e-05 6.2261e-05
5.5343e-06 2.292e-05 0.028412 1.9588e-05 6.2667e-05
6.3589e-06 2.2703e-05 0.028514 1.9951e-05 6.3085e-05
7.1617e-06 2.2483e-05 0.028614 2.0303e-05 6.3495e-05
7.9428e-06 2.2258e-05 0.028714 2.0645e-05 6.3896e-05
8.7022e-06 2.2029e-05 0.028813 2.0975e-05 6.4288e-05
9.4881e-06 2.1802e-05 0.028913 2.1343e-05 6.4696e-05
1.0302e-05 2.1575e-05 0.029015 2.175e-05 6.5119e-05
1.1145e-05 2.135e-05 0.029118 2.22e-05 6.5558e-05
1.2013e-05 2.1125e-05 0.029221 2.269e-05 6.6011e-05
1.2857e-05 2.0896e-05 0.029324 2.3166e-05 6.6454e-05
1.3753e-05 2.067e-05 0.029429 2.3714e-05 6.6922e-05
1.4718e-05 2.0448e-05 0.029537 2.4359e-05 6.7421e-05
1.5633e-05 2.022e-05 0.029642 2.4957e-05 6.79e-05
1.6619e-05 1.9995e-05 0.02975 2.5661e-05 6.8411e-05
1.7668e-05 1.9764e-05 0.02986 2.6468e-05 6.8948e-05
1.8785e-05 1.9536e-05 0.029972 2.7392e-05 6.9513e-05
2.6971e-05 1.7903e-05 0.030767 3.4944e-05 7.3629e-05
2.6953e-05 1.7665e-05 0.030882 3.5226e-05 7.4183e-05
2.6973e-05 1.7429e-05 0.030999 3.5567e-05 7.4767e-05
2.7034e-05 1.7197e-05 0.031118 3.5971e-05 7.5327e-05
2.7143e-05 1.6967e-05 0.03124 3.5933e-05 7.5921e-05
2.73e-05 1.6741e-05 0.031364 3.5944e-05 7.655e-05
2.8476e-05 1.5117e-05 0.032244 3.6329e-05 8.1119e-05
2.8568e-05 1.4869e-05 0.032367 3.6356e-05 8.174e-05
2.87e-05 1.4624e-05 0.032492 3.6425e-05 8.2391e-05
2.8873e-05 1.4382e-05 0.032615 3.6537e-05 8.3073e-05
2.9034e-05 1.4136e-05 0.032738 3.6648e-05 8.3752e-05
2.9184e-05 1.3887e-05 0.03286 3.6758e-05 8.4427e-05
2.9321e-05 1.3635e-05 0.032982 3.6867e-05 8.5099e-05
2.9447e-05 1.338e-05 0.033104 3.6974e-05 8.5768e-05
2.9561e-05 1.3122e-05 0.033226 3.708e-05 8.6434e-05
2.9663e-05 1.286e-05 0.033347 3.7185e-05 8.7096e-05
2.972e-05 1.2593e-05 0.033471 3.7261e-05 8.7733e-05
2.982e-05 1.2328e-05 0.033597 3.7382e-05 8.8403e-05
2.9878e-05 1.2056e-05 0.033722 3.7477e-05 8.9047e-05
2.9988e-05 1.1788e-05 0.033849 3.7626e-05 8.9729e-05
3.0057e-05 1.1514e-05 0.033975 3.7748e-05 9.039e-05
3.0167e-05 1.1242e-05 0.034103 3.7917e-05 9.1082e-05
3.0238e-05 1.0965e-05 0.034229 3.806e-05 9.1752e-05
3.034e-05 1.0688e-05 0.034357 3.824e-05 9.2448e-05
3.0467e-05 1.0412e-05 0.034486 3.8454e-05 9.3165e-05
3.057e-05 1.0132e-05 0.034615 3.8656e-05 9.3872e-05
3.0651e-05 9.8471e-06 0.034742 3.8846e-05 9.4567e-05
3.0757e-05 9.7156e-06 0.034872 3.9071e-05 9.5285e-05
3.0841e-05 9.5801e-06 0.035 3.9284e-05 9.5992e-05
3.0901e-05 9.4406e-06 0.035127 3.9485e-05 9.6689e-05
3.094e-05 9.2973e-06 0.035254 3.9676e-05 9.7375e-05
3.0999e-05 9.1531e-06 0.035382 3.9896e-05 9.808e-05
3.1036e-05 9.0049e-06 0.035509 4.0105e-05 9.8774e-05
3.1049e-05 8.8527e-06 0.035635 4.0302e-05 9.9458e-05
3.1088e-05 8.7001e-06 0.035763 4.0534e-05 0.00010016
3.1104e-05 8.5435e-06 0.03589 4.0754e-05 0.00010086
3.1099e-05 8.383e-06 0.036016 4.0963e-05 0.00010154
3.1114e-05 8.2217e-06 0.036144 4.1203e-05 0.00010225
3.1106e-05 8.0563e-06 0.03627 4.1431e-05 0.00010294
3.1119e-05 7.8901e-06 0.036398 4.0994e-05 0.00010365
3.1152e-05 7.723e-06 0.036527 4.0597e-05 0.00010439
3.1162e-05 7.5519e-06 0.036655 4.0185e-05 0.00010511
3.115e-05 7.3769e-06 0.036783 3.9758e-05 0.00010582
3.1163e-05 7.2013e-06 0.036912 3.9377e-05 0.00010655
3.1152e-05 7.0217e-06 0.03704 3.898e-05 0.00010727
3.1181e-05 6.8425e-06 0.03717 3.8643e-05 0.00010803
3.1167e-05 6.658e-06 0.037298 3.827e-05 0.00010876
3.113e-05 6.4695e-06 0.037426 3.7882e-05 0.00010947
3.1071e-05 6.277e-06 0.037553 3.7479e-05 0.00011018
3.1031e-05 6.0836e-06 0.037681 3.7115e-05 0.00011091
3.0969e-05 5.8863e-06 0.037808 3.6736e-05 0.00011162
3.0884e-05 5.685e-06 0.037934 3.6343e-05 0.00011233
3.082e-05 5.4828e-06 0.038062 3.5986e-05 0.00011305
3.0733e-05 5.2767e-06 0.038189 3.5617e-05 0.00011377
3.0605e-05 5.0648e-06 0.038314 3.5211e-05 0.00011446
3.0529e-05 4.8475e-06 0.038442 3.4879e-05 0.00011519
3.0425e-05 4.6258e-06 0.038569 3.4528e-05 0.00011591
3.0294e-05 4.3999e-06 0.038694 3.4158e-05 0.00011661
3.0188e-05 4.1734e-06 0.038822 3.3829e-05 0.00011734
3.0054e-05 3.9425e-06 0.038948 3.3481e-05 0.00011805
2.9889e-05 3.7071e-06 0.039073 3.3109e-05 0.00011875
2.977e-05 3.7921e-06 0.0392 3.2801e-05 0.00011948
2.969e-05 3.8761e-06 0.03933 3.2543e-05 0.00012027
2.9572e-05 3.9554e-06 0.039458 3.2259e-05 0.00012102
2.9502e-05 4.0342e-06 0.039589 3.2031e-05 0.00012182
2.9477e-05 4.1127e-06 0.039722 3.1855e-05 0.00012267
2.949e-05 4.1903e-06 0.039858 3.172e-05 0.00012355
2.948e-05 4.2641e-06 0.039993 3.1574e-05 0.00012442
2.9447e-05 4.3341e-06 0.040127 3.1417e-05 0.00012527
2.9439e-05 4.4026e-06 0.040262 3.129e-05 0.00012611
2.9408e-05 4.4672e-06 0.040397 3.1153e-05 0.00012694
2.9403e-05 4.5303e-06 0.040533 3.1045e-05 0.00012779
2.9421e-05 4.5919e-06 0.040671 3.0964e-05 0.00012864
2.9465e-05 4.6519e-06 0.040811 3.091e-05 0.00012951
2.9486e-05 4.7081e-06 0.040949 3.0847e-05 0.00013036
2.9484e-05 4.7606e-06 0.041087 3.0775e-05 0.00013125
2.9508e-05 4.8115e-06 0.041226 3.0729e-05 0.00013216
2.951e-05 4.8587e-06 0.041365 3.0675e-05 0.00013306
2.9532e-05 4.9041e-06 0.041505 3.0644e-05 0.00013398
2.9532e-05 4.9458e-06 0.041644 3.0604e-05 0.00013489
2.9509e-05 4.9837e-06 0.041783 3.0554e-05 0.00013579
2.9512e-05 5.0201e-06 0.041923 3.0531e-05 0.00013672
2.9539e-05 5.0549e-06 0.042064 3.0534e-05 0.00013768
2.9544e-05 5.086e-06 0.042205 3.0532e-05 0.00013862
2.957e-05 5.1153e-06 0.042348 3.0552e-05 0.0001396
2.9573e-05 5.1409e-06 0.042489 3.0564e-05 0.00014055
2.9553e-05 5.1627e-06 0.04263 3.0565e-05 0.0001415
2.9492e-05 5.1837e-06 0.042768 3.0543e-05 0.00014242
2.9391e-05 5.1999e-06 0.042905 3.0498e-05 0.00014331
2.9339e-05 5.2158e-06 0.043045 3.0499e-05 0.00014425
2.9244e-05 5.2269e-06 0.043183 3.0476e-05 0.00014516
2.9171e-05 5.2363e-06 0.043323 3.0475e-05 0.00014609
2.9074e-05 5.2419e-06 0.043461 3.0465e-05 0.00014702
2.8997e-05 5.2457e-06 0.043602 3.0478e-05 0.00014796
2.8945e-05 5.248e-06 0.043743 3.0517e-05 0.00014894
2.8918e-05 5.2489e-06 0.043887 3.0583e-05 0.00014995
2.8912e-05 5.248e-06 0.044031 3.0006e-05 0.00015099
2.893e-05 5.2457e-06 0.044178 2.9484e-05 0.00015206
2.8973e-05 5.2418e-06 0.044326 2.9012e-05 0.00015316
2.9036e-05 5.2342e-06 0.044476 2.8581e-05 0.00015429
2.9077e-05 5.2229e-06 0.044625 2.8135e-05 0.00015541
2.9096e-05 5.2078e-06 0.044773 2.7676e-05 0.00015651
2.915e-05 5.1917e-06 0.044924 2.7275e-05 0.00015766
2.9255e-05 5.1708e-06 0.045078 2.6944e-05 0.00015877
2.932e-05 5.1452e-06 0.045229 2.6581e-05 0.00015986
2.9435e-05 5.1193e-06 0.045384 2.6283e-05 0.000161
2.951e-05 5.0888e-06 0.045537 2.5955e-05 0.00016211
2.9546e-05 5.0537e-06 0.045689 2.5596e-05 0.00016319
2.9631e-05 5.0182e-06 0.045843 2.53e-05 0.00016433
2.9673e-05 4.9779e-06 0.045996 2.4972e-05 0.00016543
2.9766e-05 4.9374e-06 0.046151 2.4704e-05 0.0001665
2.9911e-05 4.8966e-06 0.04631 2.4491e-05 0.00016763
3.0014e-05 4.8509e-06 0.046467 2.4252e-05 0.00016881
3.0077e-05 4.8005e-06 0.046623 2.3985e-05 0.00016996
3.0182e-05 4.7494e-06 0.04678 2.3765e-05 0.00017117
3.0242e-05 5.0874e-06 0.046936 2.3516e-05 0.00017234
3.3167e-05 5.4191e-06 0.047096 2.3234e-05 0.00017357
3.6276e-05 5.7529e-06 0.047258 2.2999e-05 0.00017485
3.9323e-05 6.0822e-06 0.047419 2.2751e-05 0.00017612
4.2315e-05 6.4072e-06 0.047579 2.249e-05 0.00017737
4.5256e-05 6.728e-06 0.047739 2.2218e-05 0.0001786
4.8323e-05 7.0494e-06 0.0479 2.1977e-05 0.00017987
5.1339e-05 7.3666e-06 0.04806 2.1725e-05 0.00018113
5.4486e-05 7.6843e-06 0.048222 2.1504e-05 0.00018243
5.7586e-05 7.998e-06 0.048383 2.1273e-05 0.00018371
6.0639e-05 8.3077e-06 0.048544 2.1032e-05 0.00018498
6.383e-05 8.618e-06 0.048706 1.9609e-05 0.00018628
6.7139e-05 8.9284e-06 0.04887 1.8291e-05 0.00018762
7.0395e-05 9.2347e-06 0.049033 1.6937e-05 0.00018895
7.3603e-05 9.5369e-06 0.049196 1.5552e-05 0.00019026
7.6764e-05 9.8351e-06 0.049357 1.4134e-05 0.00019156
8.0064e-05 1.0134e-05 0.049521 1.2836e-05 0.0001929
8.331e-05 1.0433e-05 0.049683 1.1503e-05 0.00019422
8.6503e-05 1.0729e-05 0.049845 1.0135e-05 0.00019553
8.9643e-05 1.102e-05 0.050006 8.7306e-06 0.00019682
9.2924e-05 1.1311e-05 0.050168 7.4448e-06 0.00019815
9.6152e-05 1.1599e-05 0.05033 6.1248e-06 0.00019947
9.9524e-05 1.1887e-05 0.050494 4.9158e-06 0.00020082
0.00010305 1.2176e-05 0.050659 3.8086e-06 0.00020222
0.00010673 1.2466e-05 0.050827 2.7948e-06 0.00020366
0.00011036 1.2741e-05 0.050993 1.753e-06 0.00020508
0.00011392 1.3011e-05 0.051159 1.6544e-06 0.00020648
0.00011766 1.3283e-05 0.051327 1.5649e-06 0.00020793
0.00012153 1.3554e-05 0.051496 1.4824e-06 0.00020942
0.00012556 1.3826e-05 0.051667 1.4063e-06 0.00021094
0.00012952 1.4093e-05 0.051837 1.326e-06 0.00021244
0.00013367 1.4361e-05 0.052009 1.253e-06 0.00021399
0.00013799 1.463e-05 0.052183 1.1867e-06 0.00021558
0.00014252 1.49e-05 0.052359 1.1267e-06 0.00021721
0.00014725 1.5171e-05 0.052537 1.0725e-06 0.0002189
0.0001522 1.5442e-05 0.052717 1.0237e-06 0.00022063
0.00015705 1.5709e-05 0.052896 9.7082e-07 0.00022233
0.00016173 1.597e-05 0.053073 9.1095e-07 0.000224
0.00016621 1.6225e-05 0.053247 8.4302e-07 0.00022562
0.00017052 1.6473e-05 0.05342 8.8845e-07 0.0002272
0.00017466 1.6715e-05 0.053591 1.2666e-06 0.00022875
0.00017867 1.6952e-05 0.05376 1.6219e-06 0.00023026
0.00018285 1.7189e-05 0.053931 2.0053e-06 0.00023181
0.00018696 1.7422e-05 0.0541 2.3772e-06 0.00023334
