Phalacrocorax_carbo Phoenicopterus_ruber Podilymbus_podiceps Pterocles_gutturalis Pygoscelis_adeliae
0.00014946 0.00025857 1.8437e-05 2.1391e-05 5.3221e-05
0.00014716 0.00025598 1.7562e-05 2.0764e-05 5.0624e-05
0.00014501 0.00025349 1.6728e-05 2.0173e-05 4.8111e-05
0.00014281 0.00025096 1.5879e-05 1.9569e-05 4.5566e-05
0.00014079 0.00024856 1.5078e-05 1.9007e-05 4.312e-05
0.00013867 0.00024608 1.4251e-05 1.8422e-05 4.0619e-05
0.00013678 0.00024376 1.3482e-05 1.7889e-05 3.8242e-05
0.00013514 0.00024161 1.2783e-05 1.7414e-05 3.6012e-05
0.00013336 0.00023936 1.2045e-05 1.6925e-05 3.3699e-05
0.00013145 0.00023702 1.1273e-05 1.6406e-05 3.131e-05
0.0001298 0.00023486 1.057e-05 1.5945e-05 2.9071e-05
0.00012835 0.00023285 9.9221e-06 1.5529e-05 2.6952e-05
0.00012678 0.00023075 9.2396e-06 1.51e-05 2.4756e-05
0.00012509 0.00022856 8.5248e-06 1.4645e-05 2.2488e-05
0.00012364 0.00022654 7.8749e-06 1.4242e-05 2.0363e-05
0.00012238 0.00022467 7.2758e-06 1.3879e-05 1.8353e-05
0.00012099 0.00022271 6.6443e-06 1.3491e-05 1.6268e-05
0.00011979 0.00022088 6.062e-06 1.3142e-05 1.4295e-05
0.00011876 0.00021919 5.5248e-06 1.2829e-05 1.2428e-05
0.0001179 0.00021764 5.0363e-06 1.2553e-05 1.0677e-05
0.0001145 0.00021622 4.5857e-06 1.2308e-05 9.0191e-06
0.00011097 0.00021473 4.1129e-06 1.2045e-05 7.4494e-06
0.00010723 0.00021314 4.0869e-06 1.1764e-05 5.8271e-06
0.00010387 0.00021167 4.0692e-06 1.1513e-05 4.2895e-06
0.00010028 0.00021013 4.0437e-06 1.1243e-05 4.0974e-06
9.6483e-05 0.00020851 4.0111e-06 1.0955e-05 3.8915e-06
9.3137e-05 0.00020704 3.9885e-06 1.0701e-05 3.6989e-06
8.9559e-05 0.00020549 3.958e-06 1.0429e-05 3.4915e-06
8.5762e-05 0.00020386 3.9202e-06 1.0138e-05 3.2945e-06
8.2358e-05 0.00020236 3.8908e-06 9.8773e-06 3.1073e-06
7.9308e-05 0.00020097 3.8695e-06 9.6437e-06 2.9293e-06
7.6632e-05 0.00019972 3.8579e-06 9.4397e-06 2.7622e-06
7.4239e-05 0.00019857 3.8543e-06 9.2588e-06 2.6031e-06
6.5843e-05 0.00019449 3.1463e-06 8.6277e-06 1.9737e-06
6.3967e-05 0.00019356 2.9814e-06 8.046e-06 1.8153e-06
6.1967e-05 0.00019257 2.8063e-06 8.0169e-06 1.6451e-06
5.9836e-05 0.00019153 2.6204e-06 8.4033e-06 1.4629e-06
5.797e-05 0.0001906 2.452e-06 8.4887e-06 1.2897e-06
5.6306e-05 0.00018976 2.2969e-06 8.5902e-06 1.1228e-06
5.4856e-05 0.00018904 2.1565e-06 8.5073e-06 9.6334e-07
5.3306e-05 0.00018825 2.0071e-06 8.4141e-06 1.0295e-06
5.1928e-05 0.00018756 1.8693e-06 8.3365e-06 1.0972e-06
5.0746e-05 0.00018697 1.7445e-06 7.9675e-06 1.168e-06
4.9702e-05 0.00018647 1.6295e-06 7.6341e-06 1.2409e-06
4.8569e-05 0.00018955 1.5024e-06 7.2779e-06 1.3039e-06
4.7354e-05 0.00019253 1.367e-06 6.9004e-06 1.3574e-06
4.6302e-05 0.00019573 1.2438e-06 6.5648e-06 1.4144e-06
4.4547e-05 0.00019629 1.1335e-06 6.2669e-06 1.4749e-06
4.2981e-05 0.00019695 1.0313e-06 5.9978e-06 1.5379e-06
4.1584e-05 0.0001977 9.3681e-07 5.7552e-06 1.6037e-06
4.0341e-05 0.00019661 8.5036e-07 5.5366e-06 1.6724e-06
3.9274e-05 0.00019564 7.7153e-07 5.3438e-06 1.7458e-06
3.812e-05 0.0001946 6.8614e-07 5.1364e-06 1.8085e-06
3.7118e-05 0.00019368 6.0798e-07 4.9534e-06 1.876e-06
3.7532e-05 0.00019269 5.2342e-07 4.7563e-06 1.9329e-06
3.7893e-05 0.00019163 5.4317e-07 4.5444e-06 1.9791e-06
3.8329e-05 0.00019066 5.6508e-07 4.3534e-06 2.0286e-06
3.8712e-05 0.00018963 5.8269e-07 4.1481e-06 2.0674e-06
3.9043e-05 0.00018854 5.9606e-07 3.9278e-06 2.0957e-06
3.9328e-05 0.00018738 6.0548e-07 3.6935e-06 2.1139e-06
3.9686e-05 0.00018632 6.1699e-07 3.4816e-06 2.1354e-06
3.9993e-05 0.00018519 6.2426e-07 3.2545e-06 2.1463e-06
4.0254e-05 0.000184 6.2758e-07 3.0133e-06 2.1472e-06
4.0471e-05 0.00018275 6.2695e-07 2.7573e-06 2.1381e-06
4.0758e-05 0.00018161 6.2839e-07 2.5251e-06 2.1322e-06
4.1e-05 0.00018356 6.2499e-07 2.2786e-06 2.1164e-06
4.1327e-05 0.00018568 6.2432e-07 2.0587e-06 2.1052e-06
4.1608e-05 0.00018772 6.197e-07 1.8253e-06 2.084e-06
4.1963e-05 0.0001899 6.1714e-07 1.6132e-06 2.0659e-06
4.2396e-05 0.00019224 6.1661e-07 1.4203e-06 2.051e-06
4.2912e-05 0.00019473 6.1811e-07 1.2449e-06 2.0391e-06
4.3518e-05 0.00019739 6.2167e-07 6.8777e-07 2.0302e-06
4.4061e-05 0.00019994 6.2101e-07 6.0649e-07 2.0108e-06
4.4545e-05 0.00020239 6.1736e-07 6.2416e-07 1.9809e-06
4.4971e-05 0.00020473 6.0949e-07 6.3791e-07 2.3465e-06
4.5342e-05 0.00020697 5.9739e-07 6.4777e-07 2.6937e-06
4.5658e-05 0.00020912 5.8104e-07 6.5379e-07 3.0229e-06
4.5133e-05 0.00021145 5.6744e-07 6.6329e-07 3.3718e-06
4.4706e-05 0.00021396 5.5642e-07 6.7635e-07 3.7418e-06
4.437e-05 0.00021666 5.4783e-07 6.9305e-07 4.134e-06
4.3989e-05 0.00021928 5.3555e-07 7.0624e-07 4.509e-06
4.3568e-05 0.00022182 5.1987e-07 7.1626e-07 4.8689e-06
4.3227e-05 0.00022453 5.061e-07 7.2938e-07 5.2125e-06
4.2854e-05 0.00022719 4.8925e-07 7.3968e-07 5.5432e-06
4.2533e-05 0.00022996 4.7316e-07 7.5178e-07 5.8853e-06
4.2207e-05 0.00023287 4.5774e-07 7.6254e-07 6.2222e-06
4.1877e-05 0.00023573 4.3974e-07 7.7196e-07 6.5541e-06
4.1542e-05 0.00023856 4.1926e-07 7.8004e-07 6.8808e-06
4.1203e-05 0.00024149 3.9902e-07 7.8678e-07 7.2025e-06
4.0859e-05 0.00024439 3.7631e-07 7.9218e-07 7.5191e-06
4.0511e-05 0.0002474 3.5381e-07 7.9623e-07 7.8306e-06
4.0158e-05 0.00025052 3.3147e-07 7.9895e-07 8.1371e-06
3.9801e-05 0.00025361 3.0667e-07 8.0033e-07 8.4384e-06
3.9439e-05 0.00025684 2.8242e-07 8.0036e-07 8.7347e-06
3.9072e-05 0.00026002 2.5556e-07 7.9905e-07 9.0258e-06
3.8701e-05 0.00026335 2.2923e-07 7.9641e-07 9.3119e-06
3.8325e-05 0.00026684 2.0342e-07 7.9242e-07 9.5929e-06
3.7945e-05 0.00027052 1.7821e-07 7.8709e-07 9.8689e-06
3.756e-05 0.00027441 1.5396e-07 7.8043e-07 1.014e-05
3.7171e-05 0.00027855 1.3054e-07 7.7242e-07 1.0405e-05
3.6777e-05 0.00028252 1.5562e-07 7.6307e-07 1.0666e-05
3.6379e-05 0.00028637 1.7766e-07 7.5238e-07 1.0922e-05
3.5976e-05 0.00029045 2.0023e-07 7.4035e-07 1.1172e-05
3.5568e-05 0.00029474 2.2341e-07 7.2698e-07 1.1418e-05
3.5156e-05 0.00029926 2.4728e-07 7.1227e-07 1.1658e-05
3.4739e-05 0.00030367 2.6805e-07 6.9621e-07 1.1893e-05
3.4318e-05 0.00030797 2.8575e-07 6.7882e-07 1.2123e-05
3.3892e-05 0.00031254 3.0461e-07 6.6009e-07 1.2349e-05
3.3462e-05 0.000317 3.204e-07 6.4001e-07 1.2569e-05
3.3099e-05 0.00032173 3.3729e-07 6.2282e-07 1.2807e-05
3.2701e-05 0.00032634 3.5099e-07 6.0242e-07 1.3029e-05
3.2256e-05 0.00033079 3.6119e-07 5.7827e-07 1.3234e-05
3.1761e-05 0.00033614 3.7725e-07 5.5016e-07 1.3419e-05
3.1211e-05 0.0003413 3.8949e-07 5.1785e-07 1.3586e-05
3.0752e-05 0.00034683 4.0369e-07 4.8964e-07 1.3774e-05
3.0377e-05 0.00035277 4.1998e-07 4.6517e-07 1.3987e-05
2.9958e-05 0.00035853 4.326e-07 4.3706e-07 1.4181e-05
2.9618e-05 0.0003647 4.4737e-07 4.1251e-07 1.4398e-05
2.9333e-05 0.0003712 4.6332e-07 3.9e-07 1.4633e-05
2.9029e-05 0.00037762 4.7668e-07 3.6533e-07 1.4857e-05
2.8766e-05 0.00038431 4.9066e-07 3.4195e-07 1.5094e-05
2.8485e-05 0.00039092 5.0206e-07 3.1646e-07 1.5321e-05
2.8243e-05 0.00039781 5.141e-07 2.9215e-07 1.556e-05
2.804e-05 0.00040499 5.268e-07 2.6893e-07 1.503e-05
2.7821e-05 0.0004121 5.3699e-07 2.4373e-07 1.4487e-05
2.7634e-05 0.00041945 5.4751e-07 2.1919e-07 1.3962e-05
2.7429e-05 0.00042672 5.5544e-07 1.9262e-07 1.3424e-05
2.7262e-05 0.0004343 5.6408e-07 1.6697e-07 1.2906e-05
2.713e-05 0.00044219 5.7344e-07 1.4214e-07 1.2408e-05
2.7027e-05 0.00045036 5.832e-07 1.1773e-07 1.1924e-05
2.6908e-05 0.00045844 5.9034e-07 9.1357e-08 1.1429e-05
2.6774e-05 0.00046643 5.9495e-07 1.0807e-07 1.0923e-05
2.5117e-05 0.00047471 5.9996e-07 1.2478e-07 1.0431e-05
2.3423e-05 0.0004829 6.0245e-07 1.397e-07 9.9289e-06
2.169e-05 0.00049101 6.0238e-07 1.5283e-07 9.4155e-06
2.0118e-05 0.00049956 6.039e-07 1.6671e-07 8.9268e-06
1.8675e-05 0.00050853 6.0663e-07 1.8121e-07 8.4586e-06
1.7168e-05 0.00051731 6.0609e-07 1.934e-07 7.9736e-06
1.5806e-05 0.00052659 6.0732e-07 2.0662e-07 7.5129e-06
1.4366e-05 0.00053561 6.0484e-07 2.1724e-07 7.0323e-06
1.2842e-05 0.00054438 5.9863e-07 2.2525e-07 6.5312e-06
1.2704e-05 0.00055283 5.8821e-07 2.3037e-07 6.4082e-06
1.2595e-05 0.00056172 5.792e-07 2.362e-07 6.2936e-06
1.2509e-05 0.00057098 5.7092e-07 2.4238e-07 6.1845e-06
1.2449e-05 0.00058068 5.6376e-07 2.4921e-07 6.0825e-06
1.2372e-05 0.00059022 5.5367e-07 2.5392e-07 5.9708e-06
1.2323e-05 0.00060023 5.4476e-07 2.5937e-07 5.8663e-06
1.2307e-05 0.00060299 5.3821e-07 2.2914e-07 5.7718e-06
1.232e-05 0.00060594 5.3304e-07 2.0085e-07 5.6853e-06
1.2309e-05 0.00060878 5.2424e-07 1.6941e-07 5.5863e-06
1.2329e-05 0.00061183 5.1697e-07 1.3995e-07 5.4957e-06
1.2386e-05 0.00061512 5.1161e-07 1.1264e-07 5.4152e-06
1.2478e-05 0.00061867 5.0813e-07 8.7176e-08 5.3444e-06
1.2544e-05 0.00062301 5.1107e-07 9.7087e-08 5.2606e-06
1.2597e-05 0.00062728 5.1143e-07 1.0525e-07 5.1686e-06
1.2669e-05 0.00063173 5.1201e-07 1.1312e-07 5.0797e-06
1.2727e-05 0.00063612 5.1004e-07 1.1924e-07 4.9827e-06
1.2807e-05 0.00064071 5.0862e-07 1.2525e-07 4.89e-06
1.2875e-05 0.00064524 5.0465e-07 1.2952e-07 4.7892e-06
1.2931e-05 0.00064971 4.9821e-07 1.3209e-07 4.6807e-06
1.3009e-05 0.00065439 4.9232e-07 1.3456e-07 4.5765e-06
1.3074e-05 0.00065901 4.8388e-07 1.3528e-07 4.4642e-06
1.3126e-05 0.00066358 4.7297e-07 1.3431e-07 4.3441e-06
1.3198e-05 0.00066832 4.6225e-07 1.3305e-07 4.2269e-06
1.3257e-05 0.000673 4.4899e-07 1.3005e-07 4.1017e-06
1.3302e-05 0.00067762 4.3318e-07 1.2531e-07 3.9684e-06
1.3371e-05 0.00068246 4.1794e-07 1.2048e-07 3.8393e-06
1.3418e-05 0.00068716 3.9946e-07 1.1355e-07 3.7023e-06
1.3437e-05 0.0006917 3.7724e-07 1.0424e-07 3.5526e-06
1.3427e-05 0.00069606 3.5098e-07 9.2392e-08 3.4137e-06
1.4129e-05 0.00070026 3.2089e-07 7.8115e-08 3.2827e-06
1.901e-05 0.00070426 2.8648e-07 9.3338e-08 3.1384e-06
2.422e-05 0.00070843 2.5255e-07 1.0849e-07 2.9969e-06
2.9318e-05 0.00071255 2.1601e-07 1.2184e-07 2.8474e-06
3.4308e-05 0.00071661 1.7686e-07 1.3339e-07 2.69e-06
3.9191e-05 0.0007206 1.351e-07 1.4316e-07 2.5247e-06
4.3969e-05 0.00072455 9.0712e-08 1.5114e-07 2.3515e-06
4.8633e-05 0.00072839 1.0107e-07 1.5729e-07 2.17e-06
5.3203e-05 0.00073217 1.0923e-07 1.6169e-07 1.9808e-06
5.7684e-05 0.00073591 1.1521e-07 1.6435e-07 1.7838e-06
6.2077e-05 0.0007396 1.1902e-07 1.6527e-07 1.579e-06
6.6758e-05 0.00074345 1.2196e-07 1.6603e-07 1.377e-06
7.1332e-05 0.00074723 1.2267e-07 1.6498e-07 1.1668e-06
7.5645e-05 0.00075087 1.2058e-07 2.2669e-07 1.2199e-06
7.986e-05 0.00075445 1.1626e-07 2.8575e-07 1.2661e-06
8.4399e-05 0.00075822 1.1125e-07 3.4787e-07 1.3117e-06
8.8851e-05 0.00076193 1.0406e-07 4.075e-07 1.3507e-06
9.3216e-05 0.0007656 9.4696e-08 4.6466e-07 1.3831e-06
9.7497e-05 0.00076921 8.3158e-08 5.1937e-07 1.4088e-06
0.00010211 0.00077301 7.0924e-08 5.7721e-07 1.4339e-06
0.00010702 0.00077698 5.7791e-08 6.3774e-07 1.4579e-06
0.00011183 0.00078088 4.2458e-08 6.9555e-07 1.4751e-06
0.00011655 0.00078471 5.9604e-08 7.5079e-07 1.4855e-06
0.00012163 0.00078873 7.614e-08 8.0959e-07 1.4955e-06
0.00012656 0.00079267 9.0306e-08 8.6511e-07 1.4982e-06
0.00013122 0.00079646 1.0165e-07 9.1564e-07 1.4917e-06
0.00013252 0.00080054 1.1293e-07 9.719e-07 1.487e-06
0.00013406 0.00080496 1.2458e-07 1.0358e-06 1.4852e-06
0.0001358 0.0008097 1.3633e-07 1.0283e-06 1.4851e-06
0.0001375 0.00081437 1.4584e-07 1.0186e-06 1.4783e-06
0.00013936 0.00081927 1.5487e-07 1.011e-06 1.471e-06
0.00014137 0.0008244 1.6345e-07 1.0056e-06 1.4632e-06
0.00014356 0.00082977 1.716e-07 1.0023e-06 1.4548e-06
0.0001457 0.00083507 1.7746e-07 9.9671e-07 1.4396e-06
0.00014778 0.00084029 1.8103e-07 9.8873e-07 1.4176e-06
0.00015001 0.00084573 1.8397e-07 9.8238e-07 1.3943e-06
0.0001524 0.00085137 1.8629e-07 9.7763e-07 1.3698e-06
0.00015497 0.00085724 1.8799e-07 9.7446e-07 1.3439e-06
0.00015747 0.00086304 1.8746e-07 9.6908e-07 1.3115e-06
0.00015992 0.00086876 1.8462e-07 9.6133e-07 1.2722e-06
0.00016227 0.00087438 1.7929e-07 9.508e-07 1.2255e-06
0.00016481 0.00088022 1.7342e-07 9.4199e-07 1.1777e-06
0.00016729 0.000886 1.6525e-07 9.3087e-07 1.1231e-06
0.00016702 0.00089201 1.5653e-07 9.2148e-07 1.0674e-06
0.00016686 0.00089829 1.474e-07 9.1418e-07 1.0111e-06
0.00016666 0.00090449 1.3596e-07 9.0449e-07 9.4791e-07
0.00016656 0.00091101 1.2422e-07 8.9719e-07 8.8446e-07
0.00016639 0.0009173 1.0951e-07 8.8593e-07 8.1202e-07
0.00016612 0.00092327 1.3693e-07 8.7035e-07 9.4119e-07
0.00016599 0.00092964 1.6538e-07 8.5833e-07 1.0742e-06
0.00016387 0.00093649 1.9552e-07 8.5045e-07 1.2131e-06
0.00016193 0.00094365 2.2607e-07 8.4449e-07 1.3535e-06
0.00016014 0.00095111 2.5693e-07 8.4015e-07 1.4953e-06
0.0001583 0.00095846 2.8521e-07 8.3348e-07 1.6295e-06
0.00015661 0.00096614 3.1403e-07 8.2864e-07 1.7656e-06
0.00015507 0.00097416 3.4349e-07 8.2563e-07 1.9039e-06
0.00015367 0.00098253 3.7365e-07 8.244e-07 2.0445e-06
0.00015222 0.00099079 4.0122e-07 1.0387e-06 2.1775e-06
0.00015091 0.00099942 4.2956e-07 1.2667e-06 2.3129e-06
0.0001497 0.0010084 4.5839e-07 1.5071e-06 2.45e-06
0.0001486 0.0010176 4.8785e-07 1.7613e-06 2.589e-06
0.00014445 0.0010275 5.1972e-07 1.8311e-06 2.7163e-06
0.0001402 0.0010373 5.4879e-07 1.8975e-06 2.8356e-06
0.00013584 0.0010469 5.7511e-07 1.9606e-06 2.947e-06
0.00013181 0.0010569 6.0263e-07 2.0291e-06 3.0616e-06
0.00012769 0.0010669 6.2753e-07 2.0946e-06 3.1687e-06
0.00012388 0.0010772 6.5361e-07 2.1655e-06 3.2787e-06
0.00011997 0.0010875 6.7694e-07 2.2331e-06 3.3809e-06
0.00011632 0.0010981 7.0106e-07 2.3053e-06 3.485e-06
0.00011289 0.0011091 7.2602e-07 2.3824e-06 3.591e-06
0.00010967 0.0011099 7.521e-07 2.4645e-06 3.6991e-06
0.00010638 0.0011106 7.7539e-07 2.5432e-06 3.7994e-06
0.00010302 0.0011114 7.9591e-07 2.6184e-06 3.8918e-06
9.9864e-05 0.0011122 8.1736e-07 2.6987e-06 3.9863e-06
9.6636e-05 0.001113 8.3601e-07 2.7756e-06 4.073e-06
9.3333e-05 0.0011137 8.5189e-07 2.8489e-06 4.1519e-06
9.0274e-05 0.0011146 8.6923e-07 2.9288e-06 4.2343e-06
8.7464e-05 0.0011157 8.8842e-07 3.0164e-06 4.3213e-06
8.4477e-05 0.0011166 9.0317e-07 3.0964e-06 4.396e-06
8.1842e-05 0.0011178 9.2155e-07 3.1887e-06 4.4801e-06
7.9052e-05 0.0011188 9.3565e-07 3.2736e-06 4.5523e-06
7.6107e-05 0.0011198 9.456e-07 3.3514e-06 4.6129e-06
7.3499e-05 0.001121 9.5905e-07 3.4414e-06 4.6826e-06
7.1137e-05 0.0011224 9.7509e-07 3.5418e-06 4.7588e-06
6.8637e-05 0.0011237 9.8682e-07 3.6343e-06 4.823e-06
6.5982e-05 0.0011248 9.9411e-07 3.7189e-06 4.875e-06
6.3162e-05 0.0011259 9.9692e-07 3.7955e-06 4.9146e-06
6.0636e-05 0.0011271 1.0028e-06 3.8834e-06 4.9621e-06
5.7931e-05 0.0011282 1.0039e-06 3.9623e-06 4.9963e-06
5.5036e-05 0.0011292 1.0001e-06 4.0325e-06 5.0171e-06
5.2492e-05 0.0011304 1.0003e-06 4.1161e-06 5.0481e-06
4.9768e-05 0.0011315 9.9567e-07 4.1908e-06 5.0658e-06
4.7373e-05 0.0011329 9.9497e-07 4.2793e-06 5.0936e-06
4.4829e-05 0.0011341 9.898e-07 4.3596e-06 5.1091e-06
4.2129e-05 0.0011352 9.8017e-07 4.4317e-06 5.1122e-06
3.9693e-05 0.0011314 9.7394e-07 4.5149e-06 5.1224e-06
3.7413e-05 0.0011277 9.6889e-07 4.6051e-06 5.1356e-06
3.53e-05 0.0011243 9.654e-07 4.7039e-06 5.1527e-06
3.3136e-05 0.0011208 9.5909e-07 4.7986e-06 5.1618e-06
3.092e-05 0.0011172 9.4997e-07 4.8892e-06 5.163e-06
2.8862e-05 0.0011138 9.4236e-07 4.9884e-06 5.168e-06
2.6755e-05 0.0011104 9.3192e-07 5.0834e-06 5.1651e-06
2.4803e-05 0.0011072 9.2307e-07 5.1876e-06 5.1663e-06
2.3048e-05 0.0011042 9.1708e-07 5.3061e-06 5.1752e-06
2.1498e-05 0.0011015 9.1463e-07 5.4425e-06 5.194e-06
1.9876e-05 0.0010988 9.085e-07 5.5709e-06 5.2023e-06
1.8407e-05 0.0010962 9.0487e-07 5.7144e-06 5.2175e-06
1.6881e-05 0.0010936 8.9785e-07 5.8507e-06 5.2231e-06
1.5495e-05 0.0010912 8.9323e-07 6.0023e-06 5.2354e-06
1.4276e-05 0.0010891 8.9225e-07 6.1762e-06 5.2581e-06
1.3204e-05 0.0010872 8.9488e-07 6.3743e-06 5.2914e-06
1.2052e-05 0.0010852 8.9285e-07 6.5578e-06 5.3138e-06
1.0851e-05 0.0010832 8.8742e-07 6.733e-06 5.3265e-06
9.7349e-06 0.0010812 8.8334e-07 6.9218e-06 5.3431e-06
8.5773e-06 0.0010793 8.7606e-07 7.1031e-06 5.3505e-06
7.5056e-06 0.0010774 8.7035e-07 7.2996e-06 5.3625e-06
6.5596e-06 0.0010759 8.6817e-07 7.5233e-06 5.385e-06
5.7246e-06 0.0010746 8.6952e-07 7.7772e-06 5.4181e-06
4.9875e-06 0.0010735 8.7442e-07 8.0644e-06 5.4621e-06
4.337e-06 0.0010727 8.0107e-07 8.1069e-06 5.5171e-06
3.6416e-06 0.0010718 7.2186e-07 8.1402e-06 5.5593e-06
3.618e-06 0.0010708 6.3666e-07 8.1645e-06 5.5887e-06
3.6137e-06 0.00107 5.586e-07 8.2047e-06 5.6292e-06
3.5917e-06 0.0010691 4.7419e-07 8.2348e-06 5.6559e-06
3.5533e-06 0.0010681 4.9039e-07 8.2557e-06 5.6698e-06
3.4984e-06 0.0010669 5.0278e-07 8.2675e-06 5.6709e-06
3.463e-06 0.001066 5.1762e-07 8.0769e-06 5.683e-06
3.4468e-06 0.0010653 5.3504e-07 7.9112e-06 5.7062e-06
3.4129e-06 0.0010645 5.483e-07 7.7312e-06 5.7156e-06
3.3945e-06 0.0010639 5.6354e-07 7.5715e-06 5.7338e-06
3.4004e-06 0.0010638 5.8564e-07 7.3992e-06 5.7608e-06
3.4136e-06 0.0010638 6.0845e-07 7.2386e-06 5.7911e-06
3.4176e-06 0.0010639 6.2857e-07 7.0726e-06 5.8133e-06
3.4283e-06 0.001064 6.4932e-07 6.9174e-06 5.8385e-06
3.4303e-06 0.0010641 6.6749e-07 6.7574e-06 5.8559e-06
3.4235e-06 0.0010641 6.8306e-07 6.5927e-06 5.8656e-06
3.4235e-06 0.0010643 6.9929e-07 6.4384e-06 5.8783e-06
3.4144e-06 0.0010644 7.1281e-07 6.279e-06 5.8829e-06
3.4139e-06 0.0010646 7.2746e-07 6.1317e-06 5.8919e-06
3.4226e-06 0.001065 7.4334e-07 5.9962e-06 5.9056e-06
3.4212e-06 0.0010654 7.5629e-07 5.8549e-06 5.9106e-06
3.4325e-06 0.0010659 7.7131e-07 5.728e-06 5.9228e-06
3.4621e-06 0.0010666 7.8969e-07 5.6189e-06 5.946e-06
3.476e-06 0.0010673 8.0384e-07 5.7856e-06 5.9565e-06
3.4741e-06 0.0010678 8.1381e-07 5.9408e-06 5.9544e-06
3.4904e-06 0.0010686 8.2712e-07 6.1178e-06 5.9631e-06
3.49e-06 0.0010692 8.36e-07 6.282e-06 5.9586e-06
3.5075e-06 0.0010701 8.4818e-07 6.4685e-06 5.9646e-06
3.5435e-06 0.0010712 8.6384e-07 6.68e-06 5.9817e-06
3.5631e-06 0.0010722 8.7514e-07 6.8778e-06 5.9858e-06
3.5665e-06 0.0010731 8.8209e-07 7.0622e-06 5.9769e-06
3.5887e-06 0.0010742 8.9258e-07 7.2721e-06 5.9792e-06
3.5936e-06 0.0010752 8.9849e-07 7.467e-06 5.9677e-06
3.61e-06 0.0010764 9.0631e-07 7.6796e-06 5.9624e-06
3.6167e-06 0.0010775 9.1126e-07 7.8858e-06 5.9487e-06
3.6312e-06 0.0010787 9.173e-07 8.1061e-06 5.9386e-06
3.6356e-06 0.0010799 9.2039e-07 8.3195e-06 5.9198e-06
3.6504e-06 0.0010813 9.2515e-07 8.2704e-06 5.9063e-06
3.6531e-06 0.0010825 9.2648e-07 8.2153e-06 5.8827e-06
3.6436e-06 0.0010837 9.2437e-07 8.1541e-06 5.849e-06
3.6495e-06 0.0010851 9.2508e-07 8.1066e-06 5.8241e-06
3.6743e-06 0.0010868 9.2938e-07 8.0749e-06 5.81e-06
3.6884e-06 0.0010884 9.3057e-07 8.038e-06 5.7868e-06
3.7113e-06 0.0010901 9.3307e-07 8.0096e-06 5.7677e-06
3.7247e-06 0.0010918 9.3272e-07 7.9768e-06 5.7403e-06
3.7476e-06 0.0010937 9.3384e-07 7.9527e-06 5.7174e-06
3.7614e-06 0.0010955 9.3224e-07 7.9248e-06 5.6866e-06
3.7829e-06 0.0010974 9.3164e-07 7.9042e-06 5.659e-06
3.8128e-06 0.0010995 9.3222e-07 7.8914e-06 5.6349e-06
3.8553e-06 0.0011018 9.3483e-07 7.8889e-06 5.6168e-06
3.8846e-06 0.001104 9.3384e-07 7.8798e-06 5.5883e-06
3.9301e-06 0.0011064 9.3563e-07 7.8833e-06 5.5679e-06
3.9958e-06 0.0011091 9.4096e-07 7.9014e-06 5.5578e-06
4.0775e-06 0.0011121 9.4882e-07 7.9313e-06 5.5548e-06
4.1421e-06 0.0011149 9.5237e-07 7.9525e-06 5.5394e-06
4.1893e-06 0.0011175 9.515e-07 7.9649e-06 5.5114e-06
4.2587e-06 0.0011205 9.5444e-07 7.9928e-06 5.4942e-06
4.3514e-06 0.0011191 9.6201e-07 8.0367e-06 5.4878e-06
4.4545e-06 0.0011178 9.7074e-07 8.0887e-06 5.4846e-06
4.5678e-06 0.0011166 9.8054e-07 8.1484e-06 5.4841e-06
4.6713e-06 0.0011154 9.8762e-07 8.2041e-06 5.4759e-06
4.7854e-06 0.0011032 9.9604e-07 8.2678e-06 5.4706e-06
4.8891e-06 0.0010909 1.0016e-06 8.3271e-06 5.4572e-06
4.9825e-06 0.0010784 1.0044e-06 8.3821e-06 5.4358e-06
5.0864e-06 0.0010664 1.0083e-06 8.4451e-06 5.4172e-06
5.1805e-06 0.0010543 1.0094e-06 8.504e-06 5.3908e-06
5.2641e-06 0.001042 1.0077e-06 8.5585e-06 5.3565e-06
4.8836e-06 0.0010302 1.0076e-06 8.6228e-06 5.3263e-06
4.5256e-06 0.0010188 1.0087e-06 8.6956e-06 5.299e-06
4.1528e-06 0.0010073 1.0068e-06 8.7635e-06 5.2635e-06
3.8182e-06 0.00099647 9.1298e-07 8.8466e-06 5.2359e-06
3.5091e-06 0.00098616 8.2394e-07 8.9415e-06 5.2132e-06
3.2176e-06 0.00097621 7.3803e-07 9.0457e-06 5.1932e-06
2.9457e-06 0.00096668 6.558e-07 9.1614e-06 5.1771e-06
2.6919e-06 0.00095753 5.7696e-07 9.2891e-06 5.1648e-06
2.4549e-06 0.00094876 5.0129e-07 9.4294e-06 5.1564e-06
2.5134e-06 0.00093987 4.2214e-07 9.5636e-06 5.1395e-06
2.5628e-06 0.00093086 3.3961e-07 9.6924e-06 5.1145e-06
3.1897e-06 0.0009214 3.4812e-07 9.808e-06 5.0761e-06
3.8983e-06 0.00091258 3.5829e-07 9.9458e-06 5.0479e-06
4.5615e-06 0.00090348 3.6497e-07 1.0072e-05 5.0073e-06
5.1763e-06 0.00089404 3.6798e-07 1.0184e-05 4.9771e-06
5.3139e-06 0.00088524 3.7266e-07 1.0319e-05 4.9568e-06
5.4408e-06 0.00087635 3.749e-07 1.0449e-05 4.9288e-06
5.5799e-06 0.00086777 3.7707e-07 1.059e-05 4.9032e-06
5.7319e-06 0.0008595 3.7918e-07 1.0742e-05 4.88e-06
5.8726e-06 0.00085113 3.7883e-07 1.0889e-05 4.8489e-06
6.0265e-06 0.00084306 3.784e-07 1.1048e-05 4.8201e-06
6.1689e-06 0.00083489 3.755e-07 1.12e-05 4.7834e-06
6.3249e-06 0.00082701 3.7252e-07 1.1366e-05 4.749e-06
6.4692e-06 0.00081903 3.6706e-07 1.1525e-05 4.7066e-06
6.242e-06 0.00081145 3.623e-07 1.1425e-05 4.6698e-06
6.0426e-06 0.00080432 3.5857e-07 1.1341e-05 4.6401e-06
5.8695e-06 0.00079761 3.5585e-07 1.1274e-05 4.6173e-06
5.7229e-06 0.00079131 3.5424e-07 1.1223e-05 4.602e-06
5.5524e-06 0.00078477 3.4898e-07 1.1161e-05 4.5736e-06
5.4078e-06 0.00077863 3.448e-07 1.1114e-05 4.5525e-06
5.2922e-06 0.00077293 3.4217e-07 1.1087e-05 4.5408e-06
5.1631e-06 0.00076712 3.3683e-07 1.1054e-05 4.52e-06
5.0511e-06 0.0007616 3.3192e-07 1.1032e-05 4.5038e-06
4.9528e-06 0.00075632 3.2713e-07 1.0605e-05 4.4909e-06
4.8675e-06 0.00075128 3.2246e-07 1.0206e-05 4.4813e-06
4.7948e-06 0.00074647 3.1787e-07 9.8339e-06 4.4749e-06
4.7317e-06 0.00074184 3.1307e-07 9.483e-06 4.4705e-06
4.6585e-06 0.00073715 3.0584e-07 9.1235e-06 4.4583e-06
4.5972e-06 0.00073267 2.9867e-07 8.7881e-06 4.4492e-06
4.5264e-06 0.0007281 4.1839e-07 8.4452e-06 4.4326e-06
4.4648e-06 0.00072371 5.4235e-07 8.1219e-06 4.418e-06
4.3932e-06 0.00071926 6.6245e-07 7.7906e-06 4.3955e-06
4.3306e-06 0.00071499 6.6147e-07 7.4781e-06 4.3751e-06
4.2582e-06 0.00071067 6.5785e-07 7.1579e-06 4.3468e-06
4.1759e-06 0.00070628 6.5158e-07 6.8299e-06 4.3108e-06
4.1048e-06 0.00070209 6.4621e-07 6.5234e-06 4.2779e-06
4.0238e-06 0.00069785 6.3819e-07 6.2094e-06 4.2372e-06
3.9538e-06 0.0006938 6.3105e-07 5.9159e-06 4.1995e-06
3.8744e-06 0.00068969 6.2135e-07 5.6158e-06 4.1544e-06
3.8035e-06 0.00068575 6.1214e-07 5.3325e-06 4.1111e-06
3.7408e-06 0.00068197 6.0339e-07 5.065e-06 4.0696e-06
3.6859e-06 0.00067835 5.9507e-07 4.8124e-06 4.0299e-06
3.6386e-06 0.00067488 5.8717e-07 4.5739e-06 3.9918e-06
3.5824e-06 0.00067135 5.7675e-07 4.3298e-06 3.9463e-06
3.5336e-06 0.00066798 5.6672e-07 4.0991e-06 3.9025e-06
3.4755e-06 0.00066455 5.5407e-07 3.8624e-06 3.851e-06
3.4267e-06 0.00066129 5.4219e-07 3.641e-06 3.8022e-06
3.385e-06 0.00065817 5.3064e-07 3.4318e-06 3.7549e-06
3.334e-06 0.00065501 5.1651e-07 3.2168e-06 3.7001e-06
3.292e-06 0.000652 5.0306e-07 3.0157e-06 3.6478e-06
3.2587e-06 0.00064914 4.9026e-07 2.8275e-06 3.5981e-06
3.2163e-06 0.00064624 4.7489e-07 2.634e-06 3.5408e-06
3.1825e-06 0.00064349 4.6014e-07 2.4528e-06 3.486e-06
3.1552e-06 0.00064087 4.4562e-07 2.2814e-06 3.4326e-06
2.6395e-06 0.0006384 4.3166e-07 2.121e-06 3.3816e-06
2.1573e-06 0.00063606 4.1819e-07 1.9707e-06 3.3328e-06
1.6606e-06 0.00063369 4.0227e-07 1.8162e-06 3.2768e-06
1.1903e-06 0.00063143 3.8647e-07 1.6699e-06 3.2219e-06
7.0465e-07 0.00062913 3.6814e-07 1.5192e-06 3.1595e-06
2.4412e-07 0.00062694 3.4992e-07 1.3762e-06 3.0981e-06
2.0551e-07 0.00062471 3.2917e-07 1.2289e-06 3.0292e-06
1.6619e-07 0.00062262 3.0886e-07 1.0908e-06 2.9626e-06
1.2741e-07 0.00062071 2.897e-07 9.6432e-07 2.9007e-06
8.8058e-08 0.00061058 2.7126e-07 8.4699e-07 2.8422e-06
4.1309e-08 0.00060024 2.498e-07 7.2367e-07 2.7743e-06
4.2127e-08 0.00058957 2.248e-07 7.2712e-07 2.8772e-06
3.6293e-08 0.00057837 2.6001e-07 7.2662e-07 2.968e-06
2.779e-08 0.00056792 2.9789e-07 7.2983e-07 3.0667e-06
5.3042e-08 0.00055714 3.3182e-07 7.2937e-07 3.1568e-06
7.2065e-08 0.00054603 3.619e-07 7.2533e-07 3.2357e-06
8.4268e-08 0.00053463 3.8845e-07 7.1797e-07 3.304e-06
9.4743e-08 0.0005239 4.1704e-07 7.1371e-07 3.3788e-06
9.8548e-08 0.00051292 4.4228e-07 7.0641e-07 3.4437e-06
2.213e-07 0.00050166 4.6405e-07 6.9591e-07 3.4984e-06
3.5193e-07 0.00049099 4.8744e-07 6.8798e-07 3.5581e-06
4.8843e-07 0.00048076 5.1176e-07 6.8169e-07 3.6206e-06
6.159e-07 0.00047039 5.3327e-07 6.7303e-07 3.6751e-06
7.5093e-07 0.00046047 5.5605e-07 6.6628e-07 3.7332e-06
8.771e-07 0.00045044 5.761e-07 6.5727e-07 3.7835e-06
9.9446e-07 0.00044028 5.9341e-07 6.4598e-07 3.8258e-06
1.1219e-06 0.00043064 6.1253e-07 6.3709e-07 3.8734e-06
1.2575e-06 0.0004214 6.3282e-07 6.2979e-07 3.9241e-06
1.3816e-06 0.00041198 6.4987e-07 6.198e-07 3.9656e-06
1.4936e-06 0.00040235 6.6344e-07 6.0685e-07 3.9971e-06
1.5934e-06 0.00039249 6.7353e-07 5.9089e-07 4.0187e-06
1.68e-06 0.00038237 6.7983e-07 5.7156e-07 4.0293e-06
1.7782e-06 0.0003728 6.8828e-07 5.5496e-07 4.046e-06
1.8927e-06 0.00036378 6.9905e-07 5.4165e-07 4.0711e-06
2.025e-06 0.00035535 7.1287e-07 5.3146e-07 4.1045e-06
2.1412e-06 0.00035472 7.2158e-07 5.1786e-07 4.1261e-06
2.2417e-06 0.00035402 7.2618e-07 5.008e-07 4.1361e-06
2.3608e-06 0.00034984 7.3459e-07 4.8693e-07 4.1547e-06
2.4964e-06 0.00034591 7.4548e-07 4.7545e-07 4.1799e-06
2.6137e-06 0.00034183 7.5191e-07 4.6037e-07 4.1926e-06
2.7519e-06 0.00033804 7.6155e-07 4.4822e-07 4.214e-06
2.9092e-06 0.00033449 7.7375e-07 4.3827e-07 4.2421e-06
2.8385e-06 0.00033118 7.8916e-07 4.3086e-07 4.2787e-06
2.7802e-06 0.00032808 8.0687e-07 4.2513e-07 4.3211e-06
2.7338e-06 0.00032515 8.2695e-07 4.2104e-07 4.3693e-06
2.6779e-06 0.00032217 8.4411e-07 4.1483e-07 4.4094e-06
2.6302e-06 0.00031934 8.6282e-07 4.0961e-07 4.453e-06
2.5883e-06 0.00031662 8.8256e-07 4.0497e-07 4.4988e-06
2.5376e-06 0.00031385 8.9949e-07 3.9833e-07 4.5368e-06
2.4924e-06 0.00031119 9.1745e-07 3.9222e-07 4.5769e-06
2.4382e-06 0.00030851 9.3253e-07 3.8408e-07 4.6091e-06
2.3894e-06 0.00030594 9.4866e-07 3.7647e-07 4.6433e-06
2.3323e-06 0.00030333 9.6208e-07 3.6693e-07 4.6701e-06
2.2804e-06 0.00030082 9.7658e-07 3.579e-07 4.699e-06
2.2199e-06 0.00029827 9.8824e-07 3.4688e-07 4.72e-06
2.1662e-06 0.00029585 1.0015e-06 3.3665e-07 4.7445e-06
2.1192e-06 0.00029354 1.0165e-06 3.2722e-07 4.7727e-06
2.0596e-06 0.00029115 1.0274e-06 3.151e-07 4.7899e-06
2.0086e-06 0.00028889 1.0406e-06 3.0409e-07 4.8123e-06
1.9657e-06 0.00028677 1.0563e-06 2.9413e-07 4.8399e-06
1.9139e-06 0.00028461 1.0688e-06 2.8213e-07 4.8592e-06
1.8532e-06 0.0002824 1.0784e-06 2.6809e-07 4.8703e-06
1.7839e-06 0.00028016 1.085e-06 2.5207e-07 4.8734e-06
1.7208e-06 0.00027803 1.0935e-06 2.3676e-07 4.8802e-06
1.6493e-06 0.00027586 1.099e-06 2.1949e-07 4.8791e-06
1.5694e-06 0.00027366 1.1017e-06 2.0027e-07 4.8701e-06
1.4953e-06 0.00027156 1.1061e-06 1.8169e-07 4.7807e-06
1.4131e-06 0.00026943 1.1077e-06 1.612e-07 4.6834e-06
1.404e-06 0.00026189 1.114e-06 1.7992e-07 4.5734e-06
1.3854e-06 0.00025421 1.1168e-06 1.9636e-07 4.4535e-06
1.358e-06 0.00024641 1.1163e-06 2.107e-07 4.3243e-06
1.3362e-06 0.00023897 1.1182e-06 2.2594e-07 4.2016e-06
1.3056e-06 0.00023142 1.1169e-06 2.3904e-07 4.0697e-06
1.2662e-06 0.00022374 1.1123e-06 2.5002e-07 3.9285e-06
1.215e-06 0.00021584 1.1033e-06 2.5901e-07 3.7752e-06
1.1539e-06 0.00020777 1.0906e-06 2.6569e-07 3.6114e-06
1.1e-06 0.00020013 1.081e-06 2.7349e-07 3.4555e-06
1.0536e-06 0.00019293 1.0747e-06 2.8272e-07 3.3082e-06
9.9945e-07 0.00018564 1.0655e-06 2.9e-07 3.1528e-06
9.3758e-07 0.00017826 1.0534e-06 2.9537e-07 2.9894e-06
8.7902e-07 0.00017118 1.043e-06 3.0128e-07 2.83e-06
8.2341e-07 0.00016437 1.0343e-06 3.0778e-07 2.6743e-06
7.6936e-07 0.00015779 1.0267e-06 3.1459e-07 2.5208e-06
7.0808e-07 0.00015114 1.0164e-06 3.1954e-07 2.3598e-06
6.4928e-07 0.00014476 1.0076e-06 3.2511e-07 2.2021e-06
5.9279e-07 0.00013862 1.0006e-06 3.3137e-07 2.0477e-06
5.3982e-07 0.00013279 9.959e-07 3.388e-07 1.8981e-06
4.7574e-07 0.00012675 9.8651e-07 3.4314e-07 1.7363e-06
4.1617e-07 0.00012104 9.8007e-07 3.4903e-07 1.5806e-06
3.6046e-07 0.00011565 9.7655e-07 3.5652e-07 1.4304e-06
3.072e-07 0.00011053 9.7546e-07 3.6537e-07 1.2844e-06
2.5542e-07 0.00010564 9.7651e-07 3.7546e-07 1.1415e-06
2.0574e-07 0.00010102 9.8037e-07 3.8732e-07 1.0028e-06
1.4813e-07 9.6291e-05 9.8064e-07 3.9663e-07 8.5517e-07
8.2469e-08 9.1465e-05 9.7729e-07 4.0339e-07 6.9858e-07
8.9406e-08 8.6468e-05 9.6924e-07 4.0689e-07 7.4359e-07
9.3589e-08 8.1685e-05 9.6304e-07 4.1149e-07 7.8742e-07
9.448e-08 7.7062e-05 9.5786e-07 4.1665e-07 8.292e-07
8.9426e-08 7.2383e-05 9.4988e-07 4.198e-07 8.6441e-07
7.8502e-08 6.7655e-05 9.3921e-07 5.9132e-07 8.932e-07
6.4593e-08 6.3109e-05 9.3001e-07 7.7349e-07 9.2051e-07
1.2581e-07 5.8508e-05 9.1801e-07 9.5088e-07 9.4123e-07
1.805e-07 5.3858e-05 9.0332e-07 1.1239e-06 9.5553e-07
2.2869e-07 4.9159e-05 8.8594e-07 1.2928e-06 9.634e-07
2.7665e-07 4.464e-05 8.7003e-07 1.3015e-06 9.6979e-07
3.2464e-07 4.0295e-05 8.5554e-07 1.313e-06 9.7472e-07
3.7212e-07 3.6093e-05 8.4196e-07 1.3265e-06 9.776e-07
4.1273e-07 3.184e-05 8.2561e-07 1.3376e-06 9.7392e-07
4.465e-07 2.7536e-05 8.0648e-07 1.3461e-06 9.6367e-07
4.7361e-07 2.3186e-05 7.8468e-07 1.3523e-06 9.4698e-07
4.9409e-07 1.8789e-05 7.6021e-07 1.3561e-06 9.2385e-07
5.1482e-07 1.456e-05 7.3712e-07 1.3626e-06 8.9926e-07
5.2868e-07 1.4182e-05 7.1038e-07 1.3665e-06 8.6809e-07
5.3584e-07 1.379e-05 8.4828e-07 1.3681e-06 8.3045e-07
5.3633e-07 1.3387e-05 9.8231e-07 1.3673e-06 7.8637e-07
5.3015e-07 1.2973e-05 1.1125e-06 1.364e-06 7.3583e-07
5.2426e-07 1.2575e-05 1.2491e-06 1.3635e-06 6.8384e-07
5.178e-07 1.219e-05 1.3913e-06 1.3652e-06 6.2976e-07
5.1074e-07 1.1818e-05 1.5393e-06 1.3689e-06 5.7352e-07
5.0305e-07 1.1457e-05 1.6935e-06 1.3748e-06 5.1506e-07
4.8856e-07 1.1086e-05 1.8433e-06 1.3782e-06 6.7188e-07
4.7418e-07 1.0728e-05 2.0009e-06 1.3843e-06 8.302e-07
4.5319e-07 1.0361e-05 2.1543e-06 1.388e-06 9.8138e-07
4.3224e-07 1.0007e-05 2.3159e-06 1.3945e-06 1.1342e-06
4.1131e-07 9.6676e-06 2.4864e-06 1.4038e-06 1.2891e-06
3.9102e-07 9.3441e-06 2.668e-06 1.4166e-06 1.2464e-06
3.6276e-07 9.005e-06 2.8418e-06 1.4258e-06 1.1957e-06
3.358e-07 8.6843e-06 3.0291e-06 1.4393e-06 1.1458e-06
2.9974e-07 8.4234e-06 3.2549e-06 1.4481e-06 1.3617e-06
2.6282e-07 8.1712e-06 3.4916e-06 1.4594e-06 1.5808e-06
2.247e-07 7.9267e-06 3.7394e-06 1.473e-06 1.803e-06
1.8523e-07 7.6897e-06 3.9986e-06 1.4889e-06 2.0286e-06
1.4424e-07 7.4598e-06 4.2699e-06 1.5073e-06 2.2578e-06
1.0157e-07 7.2369e-06 4.554e-06 1.5281e-06 2.4909e-06
1.4381e-07 7.0046e-06 4.832e-06 1.5464e-06 2.7159e-06
1.8496e-07 6.781e-06 5.1258e-06 1.5679e-06 2.9466e-06
2.2524e-07 6.5658e-06 5.4362e-06 1.5927e-06 3.1833e-06
2.642e-07 6.3574e-06 5.4221e-06 1.6201e-06 3.4247e-06
2.9656e-07 6.1393e-06 5.404e-06 1.6448e-06 3.6574e-06
3.2232e-07 5.9117e-06 5.3817e-06 1.6669e-06 3.8815e-06
3.469e-07 5.6902e-06 5.3646e-06 1.6917e-06 4.1106e-06
7.4718e-07 5.4595e-06 5.3436e-06 1.7139e-06 4.3312e-06
1.1691e-06 5.2348e-06 5.3277e-06 1.739e-06 4.557e-06
1.2184e-06 5.0159e-06 5.3169e-06 1.767e-06 4.7884e-06
1.2703e-06 4.8023e-06 5.3111e-06 1.798e-06 5.0252e-06
1.3144e-06 4.5793e-06 5.3012e-06 1.8262e-06 5.2532e-06
1.3612e-06 4.3615e-06 5.2962e-06 1.8574e-06 5.4868e-06
1.4e-06 4.1343e-06 5.2872e-06 1.8858e-06 5.7115e-06
1.4432e-06 3.9139e-06 5.2842e-06 1.9181e-06 5.9441e-06
1.4935e-06 3.7032e-06 5.2895e-06 1.9559e-06 6.1887e-06
1.5518e-06 3.5018e-06 5.3032e-06 1.9997e-06 6.4461e-06
1.5993e-06 3.2884e-06 5.3108e-06 2.039e-06 6.6906e-06
1.6329e-06 3.4905e-06 5.3089e-06 2.0722e-06 6.9179e-06
1.6535e-06 3.6783e-06 5.299e-06 2.0998e-06 7.1292e-06
1.6824e-06 3.5852e-06 5.2995e-06 2.1334e-06 7.3539e-06
1.6983e-06 3.4794e-06 5.2919e-06 2.1615e-06 7.5624e-06
1.7058e-06 3.3649e-06 5.28e-06 2.1864e-06 7.7614e-06
1.7049e-06 3.2417e-06 5.2638e-06 2.2083e-06 7.9508e-06
1.7074e-06 3.1207e-06 5.2527e-06 2.2336e-06 8.1468e-06
1.7019e-06 2.9914e-06 5.2376e-06 2.256e-06 8.3337e-06
1.701e-06 2.8652e-06 5.2284e-06 2.2826e-06 8.5291e-06
1.7033e-06 2.7407e-06 5.2241e-06 2.3125e-06 8.7312e-06
1.6975e-06 2.6079e-06 5.2158e-06 2.3395e-06 8.924e-06
1.6837e-06 2.4669e-06 5.2034e-06 2.3636e-06 9.1076e-06
1.6745e-06 2.3288e-06 5.1971e-06 2.3919e-06 9.3001e-06
1.6698e-06 2.1933e-06 5.1966e-06 2.4247e-06 9.5018e-06
1.6697e-06 2.0602e-06 5.2021e-06 2.462e-06 9.7129e-06
1.6618e-06 1.9193e-06 5.2038e-06 2.4964e-06 9.915e-06
1.6585e-06 1.7807e-06 5.2114e-06 2.5355e-06 1.0127e-05
1.647e-06 1.6339e-06 5.215e-06 2.5715e-06 1.0329e-05
1.6469e-06 1.4946e-06 5.2299e-06 2.6185e-06 1.0552e-05
1.6341e-06 1.3436e-06 5.2371e-06 2.6592e-06 1.0758e-05
1.6075e-06 1.4494e-06 5.2323e-06 2.6932e-06 1.0945e-05
1.567e-06 1.5438e-06 5.219e-06 2.7206e-06 1.1114e-05
1.5381e-06 1.6435e-06 5.217e-06 2.7571e-06 1.1303e-05
1.4964e-06 1.7322e-06 5.2073e-06 2.7875e-06 1.1475e-05
1.4659e-06 1.8265e-06 5.209e-06 2.7097e-06 1.1668e-05
1.4391e-06 1.9215e-06 5.2163e-06 2.6378e-06 1.1871e-05
1.417e-06 2.0183e-06 5.2302e-06 2.5724e-06 1.2086e-05
1.3868e-06 2.1071e-06 5.2398e-06 2.5034e-06 1.2291e-05
1.3592e-06 2.1961e-06 5.2543e-06 2.4392e-06 1.2504e-05
1.3353e-06 2.2866e-06 5.2748e-06 2.3803e-06 1.2729e-05
1.304e-06 2.3695e-06 5.2916e-06 2.3185e-06 1.2944e-05
1.2652e-06 2.4447e-06 5.3046e-06 2.2537e-06 1.315e-05
1.2186e-06 2.512e-06 5.3135e-06 2.1855e-06 1.3346e-05
1.1644e-06 2.5717e-06 5.3187e-06 2.1144e-06 1.3533e-05
1.114e-06 2.6328e-06 5.3299e-06 2.0486e-06 1.3731e-05
1.067e-06 2.6955e-06 5.3472e-06 1.988e-06 1.3941e-05
1.0124e-06 2.7502e-06 5.3604e-06 1.9242e-06 1.414e-05
9.5028e-07 2.7973e-06 5.3698e-06 1.8575e-06 1.433e-05
8.806e-07 2.8366e-06 5.3754e-06 1.7877e-06 1.4511e-05
8.2002e-07 2.8824e-06 5.3923e-06 1.7272e-06 1.4715e-05
7.614e-07 2.9292e-06 5.4145e-06 1.6706e-06 1.4929e-05
6.9524e-07 2.9679e-06 5.4327e-06 1.611e-06 1.5132e-05
6.2153e-07 2.9988e-06 5.4468e-06 1.5484e-06 1.5326e-05
5.5054e-07 3.0313e-06 5.467e-06 1.4903e-06 1.5532e-05
4.8214e-07 3.0658e-06 5.4938e-06 1.4367e-06 1.5752e-05
5.5213e-07 3.0887e-06 5.5125e-06 1.3774e-06 1.5952e-05
6.1109e-07 3.0997e-06 5.5232e-06 1.3123e-06 1.6133e-05
6.7497e-07 3.1153e-06 5.5429e-06 1.2536e-06 1.6333e-05
7.2751e-07 3.1189e-06 5.5544e-06 1.1914e-06 1.6513e-05
7.6892e-07 3.1135e-06 5.5576e-06 1.1232e-06 1.6674e-05
7.9916e-07 3.6928e-06 5.5515e-06 1.0488e-06 1.6816e-05
8.3426e-07 4.3048e-06 5.3256e-06 9.8127e-07 1.6977e-05
8.5818e-07 4.8906e-06 5.0858e-06 9.0767e-07 1.7118e-05
8.8719e-07 5.507e-06 4.8652e-06 8.4084e-07 1.7279e-05
9.2161e-07 6.1562e-06 4.6625e-06 7.8019e-07 1.746e-05
9.46e-07 6.7825e-06 4.4495e-06 7.1491e-07 1.7625e-05
9.7501e-07 7.4392e-06 4.252e-06 6.5488e-07 1.7808e-05
9.935e-07 8.0712e-06 4.0437e-06 5.9005e-07 1.7973e-05
1.0196e-06 8.7449e-06 3.8552e-06 5.3197e-07 1.8164e-05
1.0344e-06 9.3908e-06 3.6551e-06 4.6887e-07 1.8335e-05
1.0552e-06 1.0073e-05 3.4711e-06 4.1112e-07 1.8528e-05
1.0819e-06 1.0793e-05 3.3017e-06 3.5801e-07 1.8742e-05
1.1167e-06 1.1561e-05 3.1482e-06 3.0997e-07 1.8983e-05
1.1332e-06 1.1691e-05 3.0113e-06 3.2751e-07 1.9203e-05
1.1416e-06 1.181e-05 2.8692e-06 3.4289e-07 1.9411e-05
1.153e-06 1.194e-05 2.7352e-06 3.5924e-07 1.9634e-05
1.1663e-06 1.2077e-05 2.6073e-06 3.7627e-07 1.987e-05
1.1826e-06 1.2225e-05 2.4864e-06 3.9436e-07 2.012e-05
1.1915e-06 1.2363e-05 2.3615e-06 4.1047e-07 2.036e-05
1.2035e-06 1.2511e-05 2.2433e-06 4.2769e-07 2.0616e-05
1.2186e-06 1.267e-05 2.1315e-06 4.461e-07 2.0887e-05
1.2368e-06 1.284e-05 2.0256e-06 4.6577e-07 2.1174e-05
1.2583e-06 1.3021e-05 1.9254e-06 4.8681e-07 2.1478e-05
1.2721e-06 1.3191e-05 1.8212e-06 5.0569e-07 2.1771e-05
1.2785e-06 1.3352e-05 1.7134e-06 5.2252e-07 2.2053e-05
1.2882e-06 1.3524e-05 1.6111e-06 5.4075e-07 2.2352e-05
1.2903e-06 1.3685e-05 1.5049e-06 5.5681e-07 2.2639e-05
1.2956e-06 1.3858e-05 1.404e-06 5.7433e-07 2.2944e-05
1.2936e-06 1.4021e-05 1.2995e-06 5.8977e-07 2.3239e-05
1.2949e-06 1.4196e-05 1.2e-06 6.0671e-07 2.355e-05
1.2995e-06 1.4383e-05 1.1052e-06 6.2524e-07 2.388e-05
1.3077e-06 1.4582e-05 1.0149e-06 6.4548e-07 2.4229e-05
1.3223e-06 1.48e-05 9.3075e-07 6.6859e-07 2.4558e-05
1.326e-06 1.5001e-05 8.427e-07 6.8828e-07 2.4868e-05
1.3178e-06 1.518e-05 8.8011e-07 7.0421e-07 2.5154e-05
1.3169e-06 1.5381e-05 9.2124e-07 7.2331e-07 2.5469e-05
1.3232e-06 1.5602e-05 9.6635e-07 7.4576e-07 2.5814e-05
1.3176e-06 1.5804e-05 1.0064e-06 7.643e-07 2.6134e-05
1.3216e-06 1.6032e-05 1.0518e-06 7.8717e-07 2.6491e-05
1.3145e-06 1.6243e-05 1.0924e-06 8.064e-07 2.6827e-05
1.3158e-06 1.6477e-05 1.1379e-06 8.2966e-07 2.7196e-05
1.3235e-06 1.6111e-05 1.1878e-06 8.5633e-07 2.7594e-05
1.3201e-06 1.5724e-05 1.2327e-06 8.7924e-07 2.7971e-05
1.324e-06 1.5365e-05 1.2825e-06 9.0608e-07 2.8379e-05
1.3152e-06 1.4981e-05 1.3265e-06 9.2837e-07 2.876e-05
1.3138e-06 1.4623e-05 1.3754e-06 9.5472e-07 2.9175e-05
1.2996e-06 1.424e-05 1.4183e-06 9.7645e-07 2.9561e-05
1.2927e-06 1.3884e-05 1.4663e-06 1.0023e-06 2.9981e-05
1.293e-06 1.3552e-05 1.5197e-06 1.0325e-06 3.0436e-05
1.2827e-06 1.3202e-05 1.5681e-06 1.0589e-06 3.0869e-05
1.2765e-06 1.2868e-05 1.6202e-06 1.0883e-06 3.1327e-05
1.2757e-06 1.2554e-05 1.677e-06 1.1215e-06 3.1817e-05
1.2657e-06 1.2225e-05 1.7295e-06 1.1514e-06 3.2288e-05
1.2466e-06 1.1881e-05 1.7778e-06 1.1781e-06 3.393e-05
1.2328e-06 1.1556e-05 1.8309e-06 1.2086e-06 3.5652e-05
1.2227e-06 1.1246e-05 1.8879e-06 1.2424e-06 3.7446e-05
1.2035e-06 1.0922e-05 1.9407e-06 1.2729e-06 3.9203e-05
1.1893e-06 1.0615e-05 1.9984e-06 1.3074e-06 4.1045e-05
1.1817e-06 1.0329e-05 2.0627e-06 1.2669e-06 4.2993e-05
1.1627e-06 1.0023e-05 2.1208e-06 1.2214e-06 4.488e-05
1.1314e-06 9.6959e-06 2.1721e-06 1.1704e-06 4.6697e-05
1.107e-06 9.3899e-06 2.2301e-06 1.1253e-06 4.8622e-05
1.0701e-06 9.0623e-06 2.2811e-06 1.0745e-06 5.0475e-05
1.04e-06 8.7553e-06 2.339e-06 1.0294e-06 5.2438e-05
1.0181e-06 8.4748e-06 2.2839e-06 9.9062e-07 5.4539e-05
1.0043e-06 8.2166e-06 2.2369e-06 9.5763e-07 5.6787e-05
9.9819e-07 7.9794e-06 2.1977e-06 9.3002e-07 5.7319e-05
9.9972e-07 7.7622e-06 2.1659e-06 9.0743e-07 5.7909e-05
1.0089e-06 7.5638e-06 2.1411e-06 8.9011e-07 5.856e-05
1.024e-06 7.3801e-06 2.122e-06 8.7643e-07 5.9265e-05
1.0271e-06 7.1783e-06 2.0989e-06 8.5841e-07 5.9929e-05
1.0362e-06 6.991e-06 2.0813e-06 8.44e-07 6.0649e-05
1.0514e-06 6.8174e-06 2.0691e-06 8.3304e-07 6.1426e-05
1.0747e-06 6.6601e-06 2.0635e-06 8.2623e-07 6.2273e-05
1.0867e-06 6.4872e-06 2.0522e-06 8.1558e-07 6.3082e-05
1.0867e-06 6.2972e-06 2.0348e-06 8.0075e-07 6.3847e-05
1.0927e-06 6.1202e-06 2.0227e-06 7.8923e-07 6.4671e-05
1.0911e-06 5.9336e-06 2.0073e-06 7.7537e-07 6.5477e-05
1.0923e-06 5.7541e-06 1.9949e-06 7.6337e-07 6.6325e-05
1.0858e-06 5.5651e-06 1.9792e-06 7.4905e-07 6.7154e-05
1.0717e-06 5.3666e-06 1.9603e-06 7.3243e-07 6.7965e-05
1.0593e-06 5.1733e-06 1.9438e-06 7.1719e-07 6.8811e-05
1.0483e-06 4.9849e-06 1.9295e-06 7.0326e-07 6.9693e-05
1.0388e-06 4.8012e-06 1.9176e-06 6.9061e-07 7.0612e-05
1.0319e-06 4.6238e-06 1.9086e-06 6.7964e-07 7.1577e-05
1.0167e-06 4.4359e-06 1.8959e-06 6.6611e-07 7.2517e-05
1.0059e-06 4.2567e-06 1.8873e-06 6.5492e-07 7.3517e-05
1e-06 4.0869e-06 1.8831e-06 6.4625e-07 7.4582e-05
1.0018e-06 3.9315e-06 1.7574e-06 6.4106e-07 7.5736e-05
9.9178e-07 3.761e-06 1.6225e-06 6.3204e-07 7.6838e-05
9.8936e-07 3.6027e-06 1.4999e-06 6.2645e-07 7.8031e-05
9.9455e-07 3.4559e-06 1.3887e-06 6.2422e-07 7.932e-05
1.0074e-06 3.3198e-06 1.2877e-06 6.253e-07 8.0712e-05
1.028e-06 3.1938e-06 1.196e-06 6.297e-07 8.2212e-05
1.0568e-06 3.0774e-06 1.1129e-06 6.375e-07 8.3827e-05
1.0743e-06 2.9483e-06 1.0234e-06 6.4177e-07 8.5383e-05
1.1001e-06 2.8284e-06 9.4201e-07 6.4948e-07 8.7057e-05
1.1348e-06 2.7173e-06 8.6802e-07 6.6074e-07 8.8858e-05
1.1789e-06 2.6144e-06 8.0076e-07 6.7568e-07 9.0794e-05
1.233e-06 2.5192e-06 7.3963e-07 6.945e-07 9.2872e-05
1.2981e-06 2.4314e-06 6.8408e-07 7.1745e-07 9.3214e-05
1.9209e-06 2.33e-06 7.3445e-07 7.3651e-07 9.352e-05
2.6236e-06 2.2356e-06 7.9001e-07 7.5985e-07 9.3891e-05
3.2817e-06 2.1297e-06 8.4047e-07 7.7923e-07 9.4226e-05
4.0116e-06 2.0287e-06 8.9529e-07 8.0218e-07 9.4616e-05
4.8217e-06 1.9325e-06 9.5484e-07 8.289e-07 9.5063e-05
5.7218e-06 1.8407e-06 1.0195e-06 8.5965e-07 9.5472e-05
6.7412e-06 1.7546e-06 1.091e-06 8.9572e-07 9.5949e-05
7.0335e-06 1.6739e-06 1.1701e-06 9.3757e-07 9.6383e-05
7.3652e-06 1.5966e-06 1.2558e-06 9.8459e-07 9.6875e-05
7.6647e-06 1.508e-06 1.3345e-06 1.0263e-06 9.7325e-05
7.933e-06 1.4334e-06 1.4282e-06 1.0601e-06 9.7834e-05
8.2397e-06 1.3615e-06 1.5298e-06 1.0989e-06 9.8405e-05
8.5151e-06 1.2787e-06 1.6238e-06 1.1325e-06 9.8933e-05
8.8387e-06 1.2e-06 1.7278e-06 1.1724e-06 9.8204e-05
9.1325e-06 1.1109e-06 1.8244e-06 1.2074e-06 9.7433e-05
9.3975e-06 1.266e-06 1.9134e-06 1.2376e-06 9.6617e-05
9.703e-06 1.4267e-06 2.0107e-06 1.273e-06 9.587e-05
9.9758e-06 1.5746e-06 2.1e-06 1.3031e-06 9.5074e-05
1.0288e-05 1.7279e-06 2.1973e-06 1.3382e-06 9.4342e-05
1.0572e-05 1.8696e-06 2.2877e-06 1.3687e-06 9.3571e-05
1.0899e-05 2.0184e-06 2.2603e-06 1.4045e-06 9.2865e-05
1.1196e-05 2.1551e-06 2.2269e-06 1.4353e-06 9.2117e-05
1.1519e-05 2.294e-06 2.1968e-06 1.4693e-06 9.1411e-05
1.1828e-05 2.4246e-06 2.1633e-06 1.5006e-06 9.0686e-05
1.2166e-05 2.5578e-06 2.1333e-06 1.5353e-06 9.0003e-05
1.2537e-05 2.6939e-06 2.1066e-06 1.5736e-06 8.9362e-05
1.2254e-05 2.8331e-06 2.0832e-06 1.6157e-06 8.876e-05
1.1994e-05 2.9743e-06 2.0623e-06 1.6609e-06 8.8192e-05
1.1761e-05 3.1191e-06 2.0446e-06 1.7103e-06 8.7663e-05
1.1515e-05 3.2555e-06 2.0237e-06 1.7568e-06 8.7117e-05
1.1295e-05 3.3959e-06 2.0061e-06 1.8078e-06 8.6611e-05
1.1062e-05 3.5279e-06 1.9853e-06 1.8559e-06 8.6088e-05
1.0854e-05 3.664e-06 1.9677e-06 1.9086e-06 8.5604e-05
1.0634e-05 3.792e-06 1.9471e-06 1.9584e-06 8.5104e-05
1.0402e-05 3.9117e-06 1.9233e-06 2.0055e-06 8.459e-05
1.0189e-05 4.034e-06 1.9019e-06 2.0563e-06 8.4106e-05
9.9993e-06 4.1604e-06 1.8835e-06 2.1118e-06 8.3658e-05
9.7976e-06 4.2784e-06 1.862e-06 2.1644e-06 8.3196e-05
9.6156e-06 4.3998e-06 1.843e-06 2.2214e-06 8.2765e-05
9.4189e-06 4.5119e-06 1.8205e-06 2.2747e-06 8.2315e-05
9.2483e-06 4.63e-06 1.8016e-06 2.3343e-06 8.1907e-05
8.4718e-06 4.7602e-06 1.7889e-06 2.4041e-06 8.1562e-05
7.6353e-06 4.8754e-06 1.7702e-06 2.4665e-06 8.1177e-05
6.7356e-06 4.9757e-06 1.7456e-06 2.5218e-06 8.0753e-05
5.942e-06 5.088e-06 1.7271e-06 2.5873e-06 8.039e-05
5.242e-06 5.2129e-06 1.7145e-06 2.664e-06 8.0088e-05
5.2549e-06 5.3224e-06 1.6961e-06 2.7328e-06 7.9748e-05
5.0189e-06 6.6273e-06 1.1271e-06 1.8035e-06 7.3472e-05
4.9852e-06 6.6581e-06 1.0865e-06 1.7518e-06 7.1472e-05
4.9754e-06 6.7022e-06 1.051e-06 1.7083e-06 6.9607e-05
4.8324e-06 6.7869e-06 8.7816e-07 1.504e-06 6.1863e-05
4.812e-06 6.8125e-06 8.3706e-07 1.4586e-06 6.0049e-05
4.8143e-06 6.8514e-06 8.0046e-07 1.4203e-06 5.8355e-05
4.8423e-06 6.9038e-06 7.6814e-07 1.3888e-06 5.6777e-05
4.8951e-06 6.9702e-06 7.398e-07 1.3636e-06 5.5307e-05
4.6599e-06 6.6675e-06 7.1538e-07 1.2278e-06 5.3938e-05
4.4532e-06 6.3825e-06 6.937e-07 1.1043e-06 5.2651e-05
4.2215e-06 6.0729e-06 7.9185e-07 9.7152e-07 5.1308e-05
3.964e-06 5.7441e-06 8.8331e-07 8.289e-07 4.9908e-05
3.7354e-06 5.4334e-06 9.8192e-07 6.9891e-07 4.859e-05
2.9163e-06 5.1396e-06 1.0883e-06 5.803e-07 4.735e-05
2.0433e-06 4.8283e-06 1.1877e-06 5.8105e-07 4.6185e-05
1.2701e-06 4.5371e-06 1.297e-06 5.8498e-07 4.5102e-05
1.1754e-06 4.2271e-06 1.3984e-06 5.852e-07 4.397e-05
1.0934e-06 3.9365e-06 1.5101e-06 5.8862e-07 4.2919e-05
1.024e-06 3.6663e-06 1.6332e-06 5.9526e-07 4.1943e-05
9.4119e-07 3.3781e-06 1.7511e-06 5.9818e-07 4.0921e-05
8.4452e-07 3.356e-06 1.8162e-06 5.9738e-07 3.9853e-05
7.5877e-07 3.3413e-06 1.8896e-06 5.9973e-07 3.886e-05
6.825e-07 3.3337e-06 1.9716e-06 6.052e-07 3.7935e-05
6.1454e-07 3.3334e-06 2.063e-06 6.1386e-07 3.7075e-05
5.5244e-07 3.3387e-06 2.1631e-06 6.2526e-07 3.6175e-05
4.9549e-07 3.3496e-06 2.2725e-06 6.3949e-07 3.5329e-05
4.4302e-07 3.3662e-06 2.3921e-06 6.567e-07 3.4537e-05
3.8022e-07 3.3708e-06 2.5063e-06 6.7024e-07 3.3709e-05
3.2308e-07 3.3829e-06 2.6333e-06 6.8756e-07 3.2942e-05
2.7074e-07 3.4028e-06 2.7743e-06 7.0892e-07 3.2233e-05
2.4107e-07 3.4099e-06 2.9053e-06 7.2612e-07 3.1487e-05
2.1238e-07 3.4227e-06 3.0483e-06 7.4664e-07 3.0789e-05
1.8532e-07 3.4433e-06 3.2071e-06 7.7155e-07 3.0143e-05
1.5854e-07 3.4698e-06 3.3801e-06 8.0025e-07 2.954e-05
1.2358e-07 3.4842e-06 3.5427e-06 8.2484e-07 2.8908e-05
8.9615e-08 3.5066e-06 3.7231e-06 8.5426e-07 2.8329e-05
1.1709e-07 3.5169e-06 3.8926e-06 8.7947e-07 2.7722e-05
1.4401e-07 3.533e-06 4.0775e-06 9.0872e-07 2.7154e-05
1.7156e-07 3.557e-06 4.2822e-06 9.4324e-07 2.6631e-05
1.9928e-07 3.5883e-06 4.297e-06 9.825e-07 2.6145e-05
2.2851e-07 3.6278e-06 4.3222e-06 1.028e-06 2.57e-05
2.5081e-07 3.6542e-06 4.3393e-06 1.0682e-06 2.5226e-05
2.6487e-07 3.6687e-06 4.3493e-06 1.1038e-06 2.4727e-05
2.7951e-07 3.6894e-06 4.3678e-06 1.1445e-06 2.4262e-05
2.9487e-07 3.7163e-06 4.395e-06 1.1906e-06 2.383e-05
3.0216e-07 3.7318e-06 4.4155e-06 1.2322e-06 2.3375e-05
3.1116e-07 3.7553e-06 4.4463e-06 1.2805e-06 2.2958e-05
3.2215e-07 3.7872e-06 4.4879e-06 1.3364e-06 2.2578e-05
3.3425e-07 3.8257e-06 4.5388e-06 1.3991e-06 2.2227e-05
3.4762e-07 3.8711e-06 4.4286e-06 1.4692e-06 2.1905e-05
3.5223e-07 3.9041e-06 4.3092e-06 1.5333e-06 2.156e-05
3.5928e-07 3.9459e-06 4.2041e-06 1.6067e-06 2.1248e-05
3.6887e-07 3.9969e-06 4.1122e-06 1.6904e-06 2.0968e-05
3.6917e-07 4.0381e-06 4.0108e-06 1.7668e-06 2.0664e-05
3.7092e-07 4.0864e-06 3.9202e-06 1.852e-06 2.0386e-05
3.7411e-07 4.1418e-06 3.8397e-06 1.9471e-06 2.0134e-05
3.7878e-07 4.2047e-06 3.7689e-06 2.0528e-06 1.9906e-05
3.8616e-07 4.2773e-06 3.7091e-06 2.1724e-06 1.9706e-05
3.9638e-07 4.3602e-06 3.6598e-06 2.3076e-06 1.9534e-05
3.9716e-07 4.4291e-06 3.6024e-06 2.4326e-06 1.934e-05
3.9959e-07 4.5058e-06 3.5535e-06 2.5712e-06 1.9169e-05
4.0359e-07 4.5906e-06 3.5126e-06 2.7245e-06 1.9019e-05
3.9876e-07 4.6624e-06 3.4648e-06 2.8679e-06 1.885e-05
3.9564e-07 4.7426e-06 3.4251e-06 3.0271e-06 1.8703e-05
3.9602e-07 4.8339e-06 3.3948e-06 3.0441e-06 1.8581e-05
3.9806e-07 4.9343e-06 3.372e-06 3.0689e-06 1.8481e-05
3.9116e-07 5.021e-06 3.3425e-06 3.0875e-06 1.8361e-05
3.7532e-07 5.0941e-06 3.3062e-06 3.1e-06 1.8223e-05
3.61e-07 5.176e-06 3.2772e-06 3.1201e-06 1.8105e-05
3.3743e-07 5.2435e-06 3.241e-06 3.1335e-06 1.7966e-05
3.1659e-07 5.3226e-06 3.2139e-06 3.1564e-06 1.7853e-05
2.9815e-07 5.4138e-06 3.1955e-06 3.1889e-06 1.7764e-05
2.8182e-07 5.5174e-06 3.1858e-06 3.1058e-06 1.77e-05
2.6735e-07 5.634e-06 3.1846e-06 3.0349e-06 1.7659e-05
2.4398e-07 5.7352e-06 3.1762e-06 2.9559e-06 1.7598e-05
2.1207e-07 5.8221e-06 3.1614e-06 2.8694e-06 1.7519e-05
1.8098e-07 5.9192e-06 3.1536e-06 2.7931e-06 1.7459e-05
2.4167e-07 6.0021e-06 3.1392e-06 2.7095e-06 1.7381e-05
2.933e-07 6.0717e-06 3.1189e-06 2.619e-06 1.7286e-05
3.486e-07 6.1528e-06 3.1063e-06 2.5396e-06 1.7213e-05
3.9469e-07 6.2207e-06 3.0877e-06 2.4537e-06 1.7123e-05
4.4485e-07 6.3002e-06 3.0768e-06 2.3784e-06 1.7054e-05
4.8795e-07 6.3707e-06 3.0624e-06 2.2997e-06 1.6975e-05
5.3194e-07 6.4466e-06 3.052e-06 2.2268e-06 1.6908e-05
5.7707e-07 6.5281e-06 3.0458e-06 2.1596e-06 1.6852e-05
6.2358e-07 6.6153e-06 3.0437e-06 2.0976e-06 1.6808e-05
6.6292e-07 6.6934e-06 3.0381e-06 2.0325e-06 1.6754e-05
5.5274e-07 7.1207e-06 2.6778e-06 7.8439e-07 1.5117e-05
5.0804e-07 7.1107e-06 2.646e-06 7.0178e-07 1.4988e-05
4.6436e-07 7.1063e-06 2.6181e-06 6.2387e-07 1.487e-05
4.1385e-07 7.0934e-06 2.5869e-06 5.4313e-07 1.4742e-05
3.5652e-07 7.0718e-06 2.5524e-06 4.5954e-07 1.4606e-05
3.0005e-07 7.0558e-06 2.5218e-06 3.8047e-07 1.448e-05
2.4416e-07 7.0455e-06 2.495e-06 3.0555e-07 1.4365e-05
1.8853e-07 7.0409e-06 2.4719e-06 2.3448e-07 1.4261e-05
1.2611e-07 7.0273e-06 2.4454e-06 1.6062e-07 1.4147e-05
1.569e-07 7.0038e-06 2.4151e-06 1.6381e-07 1.4022e-05
1.8599e-07 6.9856e-06 2.3883e-06 1.6701e-07 1.3907e-05
2.1357e-07 6.9726e-06 2.3649e-06 1.7025e-07 1.3802e-05
2.3984e-07 6.9651e-06 2.3449e-06 1.7355e-07 1.3707e-05
2.5943e-07 6.9479e-06 2.3213e-06 1.7496e-07 1.3601e-05
2.7776e-07 6.936e-06 2.3011e-06 1.7644e-07 1.3506e-05
2.8811e-07 6.9109e-06 2.2755e-06 1.7557e-07 1.3395e-05
2.9073e-07 6.8733e-06 2.2449e-06 1.7245e-07 1.3269e-05
2.9443e-07 6.8474e-06 2.2207e-06 1.7022e-07 1.3162e-05
2.9884e-07 6.8322e-06 2.2022e-06 1.687e-07 1.3072e-05
4.826e-07 6.8014e-06 2.1774e-06 1.6456e-07 1.2965e-05
6.7896e-07 6.7783e-06 2.1569e-06 1.6077e-07 1.287e-05
8.9269e-07 6.765e-06 2.1417e-06 1.5755e-07 1.279e-05
1.1194e-06 6.7574e-06 2.1298e-06 1.544e-07 1.272e-05
1.3601e-06 6.7554e-06 2.1211e-06 1.5127e-07 1.266e-05
1.616e-06 6.7588e-06 2.1155e-06 1.4814e-07 1.2609e-05
1.8607e-06 6.7533e-06 2.1068e-06 1.4324e-07 1.2549e-05
2.0946e-06 6.7389e-06 2.0947e-06 1.3658e-07 1.2479e-05
2.344e-06 6.7299e-06 2.0858e-06 1.2989e-07 1.2419e-05
2.6104e-06 6.7262e-06 2.0799e-06 1.2316e-07 1.2367e-05
2.8953e-06 6.7279e-06 2.0772e-06 1.1634e-07 1.2325e-05
3.1681e-06 6.7206e-06 2.0711e-06 1.0778e-07 1.2274e-05
3.4604e-06 6.7187e-06 2.0681e-06 9.9118e-08 1.2231e-05
3.7699e-06 6.7205e-06 2.0675e-06 9.0135e-08 1.2196e-05
4.0979e-06 6.7261e-06 2.0692e-06 8.0806e-08 1.2167e-05
4.4138e-06 6.7231e-06 2.0678e-06 6.9799e-08 1.2129e-05
4.7532e-06 6.7255e-06 2.0695e-06 5.8587e-08 1.2101e-05
5.0792e-06 6.719e-06 2.0679e-06 8.2552e-08 1.2062e-05
5.3927e-06 6.7039e-06 2.0633e-06 1.0469e-07 1.2016e-05
5.7265e-06 6.6927e-06 2.061e-06 1.2703e-07 1.1976e-05
6.0452e-06 6.6719e-06 2.0553e-06 1.4738e-07 1.1926e-05
6.3504e-06 6.6423e-06 2.0463e-06 1.6583e-07 1.1866e-05
6.6421e-06 6.6037e-06 2.0341e-06 1.8239e-07 1.1798e-05
6.9583e-06 6.5704e-06 2.025e-06 1.9942e-07 1.1738e-05
7.3007e-06 6.5425e-06 2.0188e-06 2.17e-07 1.1687e-05
7.6289e-06 6.5056e-06 2.0094e-06 2.3266e-07 1.1627e-05
7.4396e-06 6.474e-06 2.003e-06 2.4892e-07 1.1575e-05
7.2661e-06 6.446e-06 1.9989e-06 2.6556e-07 1.153e-05
7.1077e-06 6.4217e-06 1.9971e-06 2.8263e-07 1.1492e-05
6.9383e-06 6.3888e-06 1.9922e-06 2.978e-07 1.1444e-05
6.7579e-06 6.3474e-06 1.9843e-06 3.1106e-07 1.1388e-05
6.5955e-06 6.3112e-06 1.9793e-06 3.2509e-07 1.1341e-05
6.4507e-06 6.2802e-06 1.9773e-06 3.3997e-07 1.1302e-05
6.3223e-06 6.2542e-06 1.9783e-06 3.5574e-07 1.1271e-05
6.2067e-06 6.2317e-06 1.9815e-06 3.7214e-07 1.1247e-05
6.08e-06 6.2003e-06 1.9815e-06 3.865e-07 1.1214e-05
5.9426e-06 6.1604e-06 1.9784e-06 3.9888e-07 1.1171e-05
5.7939e-06 6.1115e-06 1.9721e-06 4.0921e-07 1.112e-05
5.6337e-06 6.0538e-06 1.9625e-06 4.175e-07 1.1059e-05
5.4895e-06 6.001e-06 1.9559e-06 4.2673e-07 1.1007e-05
5.3341e-06 5.9395e-06 1.946e-06 4.3393e-07 1.0946e-05
5.1913e-06 5.8813e-06 1.9385e-06 4.4177e-07 1.089e-05
5.0381e-06 5.8147e-06 1.9278e-06 4.4765e-07 1.0826e-05
4.8739e-06 5.7394e-06 1.914e-06 4.5149e-07 1.0754e-05
4.722e-06 5.6673e-06 1.9024e-06 4.5598e-07 1.0687e-05
4.5591e-06 5.5865e-06 1.8877e-06 4.5842e-07 1.0611e-05
4.4108e-06 5.5105e-06 1.8758e-06 4.6186e-07 1.0544e-05
4.2737e-06 5.4378e-06 1.8661e-06 4.6597e-07 1.0483e-05
4.1258e-06 5.3562e-06 1.8531e-06 4.6801e-07 1.0412e-05
3.989e-06 5.278e-06 1.8425e-06 4.7076e-07 1.0348e-05
3.8406e-06 5.1903e-06 1.8283e-06 4.7131e-07 1.0274e-05
3.6805e-06 5.0933e-06 1.8107e-06 4.6966e-07 1.019e-05
3.5065e-06 4.9857e-06 1.7891e-06 4.6555e-07 1.0095e-05
3.3463e-06 4.8829e-06 1.7704e-06 4.6248e-07 1.0008e-05
3.1763e-06 4.7717e-06 1.7486e-06 4.5743e-07 9.9124e-06
3.0165e-06 4.6636e-06 1.729e-06 4.5305e-07 9.8227e-06
2.8471e-06 4.5471e-06 1.7064e-06 4.4671e-07 9.7245e-06
2.69e-06 4.435e-06 1.6865e-06 4.4134e-07 9.634e-06
2.5233e-06 4.3146e-06 1.6637e-06 4.3402e-07 9.535e-06
2.3683e-06 4.1985e-06 1.6435e-06 4.2767e-07 9.4437e-06
2.2034e-06 4.0738e-06 1.6202e-06 4.1928e-07 9.3434e-06
2.0495e-06 3.9532e-06 1.5996e-06 4.1183e-07 9.2508e-06
1.9041e-06 3.8355e-06 1.581e-06 4.0504e-07 9.1641e-06
1.7681e-06 3.7215e-06 1.565e-06 3.9914e-07 9.0848e-06
1.6228e-06 3.5991e-06 1.5459e-06 3.9122e-07 8.9966e-06
1.4844e-06 3.4789e-06 1.5287e-06 3.8384e-07 8.9138e-06
1.3524e-06 3.3609e-06 1.5133e-06 3.7698e-07 8.8363e-06
1.2262e-06 3.2449e-06 1.4996e-06 3.7061e-07 8.7642e-06
1.0916e-06 3.1208e-06 1.4831e-06 3.6233e-07 8.6836e-06
9.4857e-07 2.9886e-06 1.4637e-06 3.5213e-07 8.5947e-06
8.1113e-07 2.8584e-06 1.446e-06 3.4241e-07 8.511e-06
6.7879e-07 2.7301e-06 1.4301e-06 3.3315e-07 8.4324e-06
5.3772e-07 3.1221e-06 1.4101e-06 3.2189e-07 8.345e-06
4.0351e-07 3.0945e-06 1.3926e-06 3.1147e-07 8.2649e-06
2.7434e-07 3.0683e-06 1.3772e-06 3.0162e-07 8.191e-06
3.0413e-07 3.0336e-06 1.3584e-06 2.8966e-07 8.1074e-06
3.3373e-07 3.0012e-06 1.3422e-06 2.7851e-07 8.0312e-06
3.6259e-07 2.97e-06 1.3279e-06 2.6781e-07 7.9608e-06
3.8456e-07 2.9305e-06 1.3104e-06 2.551e-07 7.8811e-06
4.0596e-07 2.8922e-06 1.2948e-06 2.4285e-07 7.8073e-06
4.28e-07 2.8568e-06 1.282e-06 2.3143e-07 7.7416e-06
4.5077e-07 2.8241e-06 1.2719e-06 2.2072e-07 7.6839e-06
4.7454e-07 2.794e-06 1.2644e-06 2.1071e-07 7.6341e-06
4.8934e-07 2.7531e-06 1.2523e-06 1.981e-07 7.5712e-06
5.0624e-07 2.7163e-06 1.2437e-06 1.865e-07 7.5184e-06
5.2536e-07 2.6834e-06 1.2384e-06 1.7578e-07 7.4754e-06
5.4684e-07 2.6542e-06 1.2362e-06 1.6583e-07 7.4419e-06
5.6128e-07 2.6169e-06 1.2311e-06 1.5402e-07 7.3997e-06
5.7552e-07 2.5801e-06 1.2274e-06 1.4222e-07 7.3619e-06
5.8272e-07 2.5353e-06 1.2207e-06 1.2857e-07 7.3155e-06
5.8314e-07 2.4828e-06 1.2112e-06 1.1312e-07 7.2608e-06
5.7674e-07 2.4226e-06 1.1988e-06 9.5864e-08 7.1978e-06
5.715e-07 2.3644e-06 1.1887e-06 7.8984e-08 7.1418e-06
5.5772e-07 2.2964e-06 1.1747e-06 9.6743e-08 7.0742e-06
5.3692e-07 2.2204e-06 1.1577e-06 1.1266e-07 6.998e-06
5.1597e-07 2.1448e-06 1.1421e-06 1.2859e-07 6.9262e-06
4.8803e-07 2.0613e-06 1.1236e-06 1.4267e-07 6.8459e-06
4.6056e-07 1.9791e-06 1.1071e-06 1.5701e-07 6.7713e-06
4.3335e-07 1.8978e-06 1.0923e-06 1.7166e-07 6.7023e-06
4.0548e-07 1.8166e-06 1.0788e-06 1.8643e-07 6.6372e-06
3.7761e-07 1.7361e-06 1.0671e-06 2.0163e-07 6.5775e-06
3.4933e-07 1.656e-06 1.057e-06 2.1725e-07 6.5226e-06
3.1429e-07 1.5681e-06 1.0439e-06 2.3093e-07 6.4593e-06
2.7897e-07 1.4808e-06 1.0326e-06 2.4516e-07 6.4012e-06
2.4253e-07 1.3932e-06 1.0224e-06 2.5972e-07 6.3468e-06
2.054e-07 1.3057e-06 1.0139e-06 2.7494e-07 6.2974e-06
1.6739e-07 1.2184e-06 1.0069e-06 2.9087e-07 6.253e-06
2.4435e-07 1.1225e-06 1.2545e-06 3.0483e-07 6.2003e-06
3.1419e-07 1.019e-06 1.4963e-06 3.1682e-07 6.1393e-06
3.7685e-07 9.0783e-07 1.7323e-06 3.2681e-07 6.07e-06
4.517e-07 1.0057e-06 1.9494e-06 3.3363e-07 6.0127e-06
5.1535e-07 1.093e-06 2.1542e-06 3.3828e-07 5.9669e-06
5.8185e-07 1.1808e-06 2.3716e-06 3.4386e-07 5.9272e-06
6.5102e-07 1.2688e-06 2.6011e-06 3.5023e-07 5.8925e-06
7.2176e-07 1.3561e-06 2.8409e-06 3.5702e-07 5.8609e-06
7.9557e-07 1.4435e-06 3.0938e-06 3.6458e-07 5.8338e-06
8.7157e-07 1.5304e-06 3.3582e-06 3.7262e-07 5.8097e-06
9.5006e-07 1.6169e-06 3.6346e-06 3.8116e-07 5.7886e-06
1.0314e-06 1.703e-06 3.9239e-06 3.9023e-07 5.7705e-06
1.1177e-06 1.7946e-06 4.2379e-06 3.9735e-07 5.7554e-06
1.2092e-06 1.8872e-06 4.5693e-06 4.0536e-07 5.7447e-06
1.3061e-06 1.9809e-06 4.9191e-06 4.1427e-07 5.7383e-06
1.4092e-06 2.0759e-06 5.2886e-06 4.2413e-07 5.7362e-06
1.5172e-06 2.1711e-06 5.6754e-06 4.3464e-07 5.737e-06
1.6305e-06 2.2669e-06 6.0805e-06 4.4584e-07 5.7408e-06
1.7354e-06 2.355e-06 6.4781e-06 4.5507e-07 5.7368e-06
1.832e-06 2.4354e-06 6.8681e-06 4.6232e-07 5.725e-06
1.9342e-06 2.5163e-06 7.2769e-06 4.7027e-07 5.7161e-06
2.0441e-06 2.599e-06 7.7089e-06 4.793e-07 5.7116e-06
2.1451e-06 2.6736e-06 8.1321e-06 4.8625e-07 5.6989e-06
2.2543e-06 2.7501e-06 8.5796e-06 4.9431e-07 5.6905e-06
2.3724e-06 2.8285e-06 9.0527e-06 5.0351e-07 5.6864e-06
2.4812e-06 2.8988e-06 9.5163e-06 5.1063e-07 5.6742e-06
2.5992e-06 2.9711e-06 1.0007e-05 5.189e-07 5.6663e-06
2.725e-06 3.0444e-06 1.0521e-05 5.2801e-07 5.6612e-06
2.859e-06 3.1188e-06 1.106e-05 5.3798e-07 5.659e-06
3.0042e-06 3.1955e-06 1.163e-05 5.4922e-07 5.6611e-06
3.1587e-06 3.2734e-06 1.2228e-05 5.614e-07 5.666e-06
3.3032e-06 3.3432e-06 1.2815e-05 5.7144e-07 5.6628e-06
3.4376e-06 3.4048e-06 1.339e-05 5.7935e-07 5.6516e-06
3.5842e-06 3.4689e-06 1.3999e-05 5.886e-07 5.6446e-06
3.7438e-06 3.5356e-06 1.4644e-05 5.9923e-07 5.6419e-06
3.8935e-06 3.5944e-06 1.5277e-05 6.078e-07 5.6314e-06
4.0542e-06 3.6547e-06 1.5941e-05 6.1738e-07 5.6237e-06
4.2048e-06 3.707e-06 1.6595e-05 6.249e-07 5.6084e-06
4.3697e-06 3.762e-06 1.7286e-05 6.3385e-07 5.5972e-06
4.5244e-06 3.8091e-06 1.7966e-05 6.4073e-07 5.5783e-06
4.6909e-06 3.8577e-06 1.8679e-05 6.4866e-07 5.5623e-06
4.8731e-06 3.9091e-06 1.9434e-05 6.5807e-07 5.5504e-06
5.0687e-06 3.9623e-06 2.0227e-05 6.6862e-07 5.5413e-06
5.2528e-06 4.0071e-06 2.1005e-05 6.7695e-07 5.5242e-06
5.4259e-06 4.0438e-06 2.1769e-05 6.8315e-07 5.4991e-06
5.3835e-06 4.0917e-06 2.2621e-05 7.1046e-07 5.4849e-06
5.3203e-06 4.1262e-06 2.3429e-05 7.3348e-07 5.4571e-06
5.2763e-06 4.1668e-06 2.4302e-05 7.5974e-07 5.4367e-06
5.2179e-06 4.1971e-06 2.5148e-05 7.829e-07 5.4063e-06
5.1698e-06 4.2294e-06 2.6038e-05 8.0771e-07 5.3787e-06
5.1121e-06 4.2536e-06 2.6913e-05 8.3029e-07 5.3434e-06
5.0642e-06 4.2801e-06 2.6953e-05 8.5453e-07 5.3109e-06
5.0062e-06 4.2983e-06 2.6987e-05 8.7639e-07 5.2703e-06
4.938e-06 4.3081e-06 2.7013e-05 8.9589e-07 5.2217e-06
4.8822e-06 4.3212e-06 2.7056e-05 9.1764e-07 5.1773e-06
4.8402e-06 4.3384e-06 2.7117e-05 9.421e-07 5.1379e-06
4.7871e-06 4.3467e-06 2.717e-05 9.6392e-07 5.0883e-06
4.745e-06 4.3579e-06 2.7239e-05 9.8797e-07 5.0424e-06
4.6923e-06 4.3603e-06 2.7301e-05 1.0094e-06 4.9881e-06
4.6493e-06 4.3649e-06 2.7376e-05 1.0329e-06 4.9367e-06
4.6183e-06 4.373e-06 2.7469e-05 1.0591e-06 4.8894e-06
4.5774e-06 4.3728e-06 2.7555e-05 1.0828e-06 4.8342e-06
4.5266e-06 4.3643e-06 2.7635e-05 1.104e-06 4.7711e-06
4.487e-06 4.3589e-06 2.7731e-05 1.1278e-06 4.7117e-06
4.4375e-06 4.3452e-06 2.782e-05 1.1492e-06 4.6444e-06
4.3782e-06 4.3232e-06 2.7902e-05 1.168e-06 4.5691e-06
4.33e-06 4.3044e-06 2.7314e-05 1.1895e-06 4.4976e-06
4.2925e-06 4.2887e-06 2.676e-05 1.2137e-06 4.4296e-06
4.2657e-06 4.2761e-06 2.6239e-05 1.2407e-06 4.3652e-06
4.2494e-06 4.2666e-06 2.575e-05 1.1551e-06 4.3041e-06
4.2412e-06 4.2589e-06 2.5286e-05 1.074e-06 4.2451e-06
4.2437e-06 4.2545e-06 2.4851e-05 9.9792e-07 4.1896e-06
4.2613e-06 4.2568e-06 2.3126e-05 9.2823e-07 4.1397e-06
4.269e-06 4.2507e-06 2.1372e-05 8.5548e-07 4.0819e-06
4.2872e-06 4.2476e-06 1.9713e-05 7.8706e-07 4.0273e-06
4.316e-06 4.2477e-06 1.8143e-05 7.2266e-07 3.9756e-06
4.3356e-06 4.2397e-06 1.655e-05 6.5561e-07 3.9165e-06
4.3636e-06 4.2334e-06 1.5031e-05 5.9162e-07 3.8591e-06
4.4e-06 4.2289e-06 1.3581e-05 5.3049e-07 3.8033e-06
4.4266e-06 4.2162e-06 1.2108e-05 4.6663e-07 3.7399e-06
4.4618e-06 4.2052e-06 1.0702e-05 4.055e-07 3.6781e-06
4.4869e-06 4.1857e-06 9.2709e-06 3.4158e-07 3.6085e-06
4.521e-06 4.1681e-06 7.9071e-06 2.8035e-07 3.5405e-06
4.567e-06 4.154e-06 6.6201e-06 2.2235e-07 3.4757e-06
4.5953e-06 4.1251e-06 6.4456e-06 2.2416e-07 3.417e-06
4.6115e-06 4.0867e-06 6.2638e-06 2.2391e-07 3.3497e-06
4.6366e-06 4.0502e-06 6.0916e-06 2.2371e-07 3.2838e-06
4.6519e-06 4.0053e-06 5.9139e-06 2.2166e-07 3.2102e-06
4.6578e-06 3.9525e-06 5.7311e-06 2.1781e-07 3.1293e-06
4.6725e-06 3.9013e-06 5.5576e-06 2.14e-07 3.0497e-06
4.6771e-06 3.8418e-06 5.3785e-06 2.0833e-07 2.9624e-06
4.6717e-06 3.7738e-06 5.1939e-06 2.0079e-07 2.8675e-06
4.6779e-06 3.709e-06 5.0204e-06 1.9355e-07 2.7751e-06
4.6969e-06 3.6479e-06 4.8584e-06 1.867e-07 2.6856e-06
4.7389e-06 3.5955e-06 4.7139e-06 1.8114e-07 2.6034e-06
4.8048e-06 3.5515e-06 4.5855e-06 1.7678e-07 2.5279e-06
4.8911e-06 3.5138e-06 4.4699e-06 1.7322e-07 2.4573e-06
4.9988e-06 3.4821e-06 4.3662e-06 1.7043e-07 2.3913e-06
5.1339e-06 3.4583e-06 4.2759e-06 1.6872e-07 2.3313e-06
5.2488e-06 3.9839e-06 4.174e-06 1.6409e-07 2.2606e-06
5.3421e-06 4.4847e-06 4.0624e-06 1.5681e-07 2.1785e-06
5.416e-06 4.9636e-06 3.9418e-06 1.4702e-07 2.0858e-06
5.5052e-06 5.4606e-06 3.8297e-06 1.3748e-07 1.9952e-06
5.6086e-06 5.9745e-06 3.7248e-06 1.2801e-07 1.9059e-06
5.7236e-06 6.5025e-06 3.6255e-06 1.1836e-07 1.8168e-06
5.8277e-06 7.0184e-06 3.522e-06 1.0694e-07 1.7205e-06
5.9437e-06 7.5489e-06 3.424e-06 9.5317e-08 1.6243e-06
6.0495e-06 8.0678e-06 3.322e-06 8.1973e-08 1.5211e-06
6.1682e-06 8.6026e-06 3.2256e-06 6.8434e-08 1.4181e-06
6.2732e-06 9.1218e-06 3.124e-06 5.2974e-08 1.3072e-06
6.3366e-06 9.7552e-06 3.0495e-06 6.2704e-08 1.3176e-06
6.4287e-06 1.0433e-05 2.9853e-06 7.2921e-08 1.3306e-06
6.5511e-06 1.1157e-05 2.9308e-06 8.3755e-08 1.3461e-06
6.7001e-06 1.1924e-05 2.8839e-06 9.5027e-08 1.3631e-06
6.876e-06 1.2733e-05 2.8441e-06 1.0681e-07 1.3815e-06
7.0333e-06 1.3517e-05 2.7987e-06 1.164e-07 1.3916e-06
7.1719e-06 1.4276e-05 2.7475e-06 1.2378e-07 1.3932e-06
7.3329e-06 1.507e-05 2.7021e-06 1.3141e-07 1.3952e-06
7.1021e-06 1.5105e-05 2.6651e-06 1.397e-07 1.399e-06
6.8955e-06 1.5154e-05 2.6332e-06 1.4829e-07 1.4029e-06
6.6713e-06 1.5188e-05 2.5963e-06 1.5475e-07 1.3989e-06
6.4752e-06 1.5239e-05 2.5656e-06 1.6182e-07 1.396e-06
6.2603e-06 1.5275e-05 2.5298e-06 1.6666e-07 1.3849e-06
6.0742e-06 1.533e-05 2.5002e-06 1.7221e-07 1.3752e-06
5.863e-06 1.5364e-05 2.464e-06 1.7514e-07 1.356e-06
5.6742e-06 1.5413e-05 2.4326e-06 1.7844e-07 1.337e-06
5.5095e-06 1.5479e-05 2.4067e-06 1.8233e-07 1.3188e-06
5.3334e-06 1.5534e-05 2.3774e-06 1.844e-07 1.2939e-06
5.1733e-06 1.56e-05 2.3518e-06 1.866e-07 1.2681e-06
5.0286e-06 1.5603e-05 2.3104e-06 1.8893e-07 1.2416e-06
4.873e-06 1.5594e-05 2.2656e-06 1.8945e-07 1.2084e-06
4.732e-06 1.5598e-05 2.2245e-06 1.9011e-07 1.1743e-06
4.6025e-06 1.561e-05 2.1864e-06 1.907e-07 1.1388e-06
4.4624e-06 1.5611e-05 2.145e-06 1.8949e-07 1.0965e-06
4.3332e-06 1.5622e-05 2.1063e-06 1.882e-07 1.0527e-06
4.1934e-06 1.5621e-05 2.0643e-06 1.8509e-07 1.0021e-06
4.0669e-06 1.5633e-05 2.0258e-06 1.8213e-07 9.5063e-07
3.9533e-06 1.5656e-05 1.9909e-06 1.7933e-07 8.9826e-07
3.8536e-06 1.5693e-05 1.9599e-06 1.7684e-07 8.4535e-07
3.7682e-06 1.5744e-05 1.9331e-06 1.7472e-07 7.9206e-07
3.6653e-06 1.5777e-05 1.9007e-06 1.7011e-07 7.3012e-07
3.5812e-06 1.583e-05 1.8738e-06 1.6632e-07 6.6902e-07
3.5103e-06 1.5898e-05 1.851e-06 1.6287e-07 6.073e-07
3.4249e-06 1.5949e-05 1.8233e-06 1.5717e-07 5.3768e-07
3.324e-06 1.5984e-05 1.7906e-06 1.4913e-07 4.5993e-07
3.2082e-06 1.6002e-05 1.7529e-06 1.3881e-07 3.7415e-07
3.1073e-06 1.6036e-05 1.7198e-06 1.2899e-07 2.8825e-07
3.0531e-06 1.5993e-05 1.669e-06 1.2242e-07 3.1606e-07
2.9877e-06 1.5937e-05 1.6141e-06 1.1389e-07 3.3733e-07
2.9111e-06 1.5868e-05 1.555e-06 1.0341e-07 3.5208e-07
2.8232e-06 1.5786e-05 1.4919e-06 1.3855e-07 3.6033e-07
2.7443e-06 1.5715e-05 1.4323e-06 1.75e-07 3.6558e-07
2.6762e-06 1.5659e-05 1.3769e-06 2.1345e-07 3.6825e-07
2.6176e-06 1.5617e-05 1.3252e-06 2.5393e-07 3.6831e-07
2.547e-06 1.556e-05 1.2691e-06 2.9145e-07 5.9587e-07
2.4893e-06 1.5521e-05 1.218e-06 3.3208e-07 8.3126e-07
2.4165e-06 1.5463e-05 1.1613e-06 3.6883e-07 1.0758e-06
2.357e-06 1.5424e-05 1.1097e-06 4.0905e-07 1.3303e-06
2.3102e-06 1.5405e-05 1.0628e-06 4.531e-07 1.5955e-06
2.2783e-06 1.5408e-05 1.0213e-06 5.0239e-07 1.8753e-06
2.231e-06 1.5391e-05 9.7434e-07 5.4688e-07 2.1393e-06
2.1984e-06 1.5397e-05 9.3259e-07 5.9691e-07 2.1626e-06
2.1772e-06 1.5422e-05 8.9474e-07 6.5199e-07 2.1891e-06
2.1408e-06 1.5426e-05 8.5164e-07 7.0183e-07 2.205e-06
2.0904e-06 1.5412e-05 8.0357e-07 7.4701e-07 2.2108e-06
2.0257e-06 1.5379e-05 7.5045e-07 7.8764e-07 2.2066e-06
1.9755e-06 1.5369e-05 7.0242e-07 8.3412e-07 2.2071e-06
1.939e-06 1.5382e-05 6.5903e-07 8.8705e-07 2.2125e-06
1.9131e-06 1.5414e-05 6.1904e-07 9.4585e-07 2.2212e-06
1.8999e-06 1.5469e-05 5.83e-07 1.0124e-06 2.2348e-06
1.8968e-06 1.5544e-05 5.4981e-07 1.0861e-06 2.2518e-06
1.9037e-06 1.5638e-05 5.1926e-07 1.1677e-06 2.2723e-06
1.8962e-06 1.5711e-05 4.8417e-07 1.2423e-06 2.3018e-06
1.8754e-06 1.5761e-05 5.3896e-07 1.3109e-06 2.5212e-06
1.8672e-06 1.5837e-05 5.3303e-07 1.3888e-06 2.7536e-06
1.8688e-06 1.5934e-05 5.2887e-07 1.4753e-06 2.9973e-06
1.8828e-06 1.6054e-05 5.2706e-07 1.5731e-06 3.2558e-06
1.9069e-06 1.6196e-05 5.27e-07 1.6814e-06 3.5274e-06
1.944e-06 1.6363e-05 5.2928e-07 1.6884e-06 3.5213e-06
1.9947e-06 1.6556e-05 5.3394e-07 1.7019e-06 3.5228e-06
2.0598e-06 1.6776e-05 5.41e-07 1.722e-06 3.5318e-06
2.1096e-06 1.6974e-05 5.4401e-07 1.7366e-06 3.5288e-06
1.9774e-06 1.7199e-05 5.4944e-07 1.758e-06 3.5333e-06
1.8287e-06 1.7404e-05 5.5106e-07 1.7743e-06 3.5266e-06
1.6959e-06 1.7632e-05 5.5451e-07 1.701e-06 3.526e-06
1.5776e-06 1.7886e-05 4.9449e-07 1.6357e-06 3.531e-06
1.4754e-06 1.7586e-05 4.3965e-07 1.5793e-06 3.5436e-06
1.3574e-06 1.7258e-05 4.7096e-07 1.5171e-06 3.5449e-06
1.2546e-06 1.6961e-05 5.0547e-07 1.4633e-06 3.5537e-06
1.1628e-06 1.669e-05 5.4268e-07 1.416e-06 3.5683e-06
1.0562e-06 1.6394e-05 5.7527e-07 1.3627e-06 3.5707e-06
1.1729e-06 1.6076e-05 6.0361e-07 1.3039e-06 3.562e-06
2.0578e-06 1.5737e-05 6.2777e-07 1.2393e-06 4.1443e-06
3.0574e-06 1.5427e-05 6.5528e-07 1.1829e-06 4.5277e-06
4.1875e-06 1.5148e-05 6.8638e-07 1.1338e-06 4.5631e-06
5.4426e-06 1.4891e-05 7.205e-07 1.0905e-06 4.6059e-06
6.6139e-06 1.4611e-05 7.4981e-07 1.0417e-06 4.6357e-06
6.9486e-06 1.4355e-05 7.8224e-07 9.9831e-07 4.6729e-06
7.3262e-06 1.412e-05 8.1799e-07 9.6002e-07 4.7176e-06
7.7604e-06 1.3911e-05 8.5825e-07 9.2745e-07 4.7723e-06
7.7801e-06 1.373e-05 8.2909e-07 9.0016e-07 4.8373e-06
7.8255e-06 1.3568e-05 8.0312e-07 8.7692e-07 4.9104e-06
7.9028e-06 1.3429e-05 7.8096e-07 8.5836e-07 4.9943e-06
8.0075e-06 1.3309e-05 7.6164e-07 8.4342e-07 4.8817e-06
8.1407e-06 1.3206e-05 7.4503e-07 8.3196e-07 4.7781e-06
8.2485e-06 1.3084e-05 7.2383e-07 8.1626e-07 4.6606e-06
7.9944e-06 1.2984e-05 7.0605e-07 8.0478e-07 4.5543e-06
7.7754e-06 1.2901e-05 6.9078e-07 7.9659e-07 4.4565e-06
7.5276e-06 1.2799e-05 6.7105e-07 9.1884e-07 4.345e-06
7.25e-06 1.2676e-05 6.468e-07 1.0324e-06 4.2198e-06
7.008e-06 1.2572e-05 6.2509e-07 1.0516e-06 4.1032e-06
6.7369e-06 1.2448e-05 5.989e-07 1.0679e-06 3.9729e-06
6.4358e-06 1.2304e-05 5.6819e-07 1.0796e-06 3.8289e-06
6.166e-06 1.2175e-05 5.3952e-07 1.0947e-06 3.6918e-06
5.92e-06 1.2057e-05 5.1217e-07 1.1126e-06 3.5595e-06
5.6955e-06 1.195e-05 4.8599e-07 1.1332e-06 3.4315e-06
5.4905e-06 1.1854e-05 4.6079e-07 1.1566e-06 3.3073e-06
5.3005e-06 1.1765e-05 4.3609e-07 1.1822e-06 3.1854e-06
5.0981e-06 1.1665e-05 4.0868e-07 1.2052e-06 3.0554e-06
4.9188e-06 1.158e-05 3.8276e-07 1.2321e-06 2.931e-06
4.7151e-06 1.1475e-05 3.527e-07 1.254e-06 2.7937e-06
4.5429e-06 1.139e-05 3.2515e-07 1.2818e-06 2.6655e-06
4.3995e-06 1.1325e-05 2.9989e-07 1.3157e-06 2.5457e-06
4.2825e-06 1.1278e-05 2.7667e-07 1.3564e-06 2.4339e-06
4.19e-06 1.1251e-05 2.5529e-07 1.4042e-06 2.3296e-06
4.0774e-06 1.1206e-05 2.3016e-07 1.4463e-06 2.2133e-06
3.9886e-06 1.1179e-05 2.0677e-07 1.4958e-06 2.1043e-06
3.9182e-06 1.1167e-05 1.8442e-07 1.552e-06 2.0002e-06
3.8655e-06 1.1171e-05 1.6297e-07 1.5272e-06 1.9009e-06
3.8335e-06 1.1205e-05 1.4364e-07 1.3929e-06 1.8075e-06
3.8217e-06 1.1257e-05 1.2527e-07 1.2733e-06 1.7198e-06
3.5312e-06 1.0984e-05 1.1795e-07 8.8189e-07 1.5887e-06
3.2124e-06 1.0689e-05 1.0765e-07 8.3108e-07 1.4458e-06
2.9264e-06 1.0415e-05 9.7303e-08 7.8548e-07 1.3081e-06
2.613e-06 1.012e-05 8.3987e-08 7.3466e-07 1.1588e-06
2.3369e-06 9.8489e-06 7.0886e-08 6.899e-07 1.0161e-06
2.0937e-06 9.601e-06 5.7883e-08 6.5063e-07 8.7953e-07
1.8264e-06 9.3275e-06 7.4376e-08 6.0656e-07 7.3172e-07
1.534e-06 9.0332e-06 8.7906e-08 5.5757e-07 7.8353e-07
1.2744e-06 8.7623e-06 1.0171e-07 5.1406e-07 8.268e-07
1.3087e-06 8.4728e-06 1.1264e-07 4.6617e-07 8.6155e-07
1.3534e-06 8.2058e-06 1.2391e-07 4.2345e-07 8.9766e-07
1.409e-06 7.9603e-06 1.3561e-07 3.8534e-07 9.3527e-07
1.452e-06 7.6969e-06 1.4438e-07 3.4322e-07 9.6421e-07
1.504e-06 7.4506e-06 1.5328e-07 3.0464e-07 9.9371e-07
1.5432e-06 7.1865e-06 1.5923e-07 2.6215e-07 1.0146e-06
1.5941e-06 6.9428e-06 1.6569e-07 2.2378e-07 1.0371e-06
1.6309e-06 6.6802e-06 1.6905e-07 1.813e-07 1.0505e-06
1.6799e-06 6.4372e-06 1.7294e-07 1.4268e-07 1.0655e-06
1.7418e-06 6.2128e-06 1.774e-07 1.0742e-07 1.0823e-06
1.7902e-06 5.9718e-06 1.7886e-07 1.1368e-07 1.0904e-06
1.8491e-06 5.7454e-06 1.8056e-07 1.2039e-07 1.0992e-06
1.9194e-06 5.5329e-06 1.8249e-07 1.276e-07 1.1088e-06
2.0074e-06 5.3367e-06 1.8504e-07 1.3573e-07 1.1202e-06
2.1121e-06 5.1558e-06 1.8823e-07 1.4488e-07 1.1335e-06
2.2002e-06 4.9574e-06 2.7837e-07 1.5141e-07 1.1375e-06
2.2737e-06 4.7438e-06 3.6285e-07 1.5553e-07 1.1329e-06
2.3617e-06 4.5436e-06 4.5358e-07 1.6043e-07 1.1295e-06
2.4627e-06 4.3537e-06 5.5007e-07 1.6588e-07 1.1264e-06
2.5481e-06 4.149e-06 6.4035e-07 1.6886e-07 1.1147e-06
2.6504e-06 3.9571e-06 7.3811e-07 1.7276e-07 1.1042e-06
2.7675e-06 3.7747e-06 8.4263e-07 1.7729e-07 1.0941e-06
2.8683e-06 3.5782e-06 9.4053e-07 1.7934e-07 1.0754e-06
2.9543e-06 3.3685e-06 1.0325e-06 1.7904e-07 1.0484e-06
3.0555e-06 3.1685e-06 1.1314e-06 1.7939e-07 1.0219e-06
3.1374e-06 3.3633e-06 1.2202e-06 1.7709e-07 9.9706e-07
3.2311e-06 3.5651e-06 1.3145e-06 1.7509e-07 9.7159e-07
3.3124e-06 3.7556e-06 1.4038e-06 1.7101e-07 9.3865e-07
3.4042e-06 3.9522e-06 1.4981e-06 1.6707e-07 9.0459e-07
3.5043e-06 4.153e-06 1.5964e-06 1.6301e-07 8.6859e-07
3.613e-06 4.3582e-06 1.6988e-06 1.5879e-07 8.3058e-07
3.7119e-06 4.5542e-06 1.7974e-06 1.5279e-07 7.86e-07
3.822e-06 4.7566e-06 1.9014e-06 1.4683e-07 7.3994e-07
3.9414e-06 4.9637e-06 2.01e-06 1.4068e-07 6.918e-07
4.0507e-06 5.1616e-06 2.1147e-06 1.3277e-07 6.371e-07
4.1723e-06 5.3664e-06 2.2253e-06 1.2484e-07 5.8083e-07
4.3049e-06 5.5769e-06 2.3413e-06 1.1674e-07 5.225e-07
4.4229e-06 5.775e-06 2.4512e-06 1.0657e-07 4.6344e-07
4.5562e-06 5.9819e-06 2.5686e-06 9.6494e-08 4.0292e-07
4.6766e-06 6.173e-06 2.6777e-06 1.2238e-07 4.8083e-07
4.8245e-06 6.3808e-06 2.7995e-06 1.5057e-07 5.6031e-07
4.9947e-06 6.6017e-06 2.9317e-06 1.8059e-07 6.402e-07
5.189e-06 6.836e-06 3.0751e-06 2.1267e-07 7.207e-07
5.399e-06 7.0781e-06 3.2261e-06 2.4585e-07 7.9999e-07
5.5974e-06 7.3104e-06 3.3723e-06 2.7689e-07 8.7255e-07
5.7841e-06 7.5328e-06 3.5139e-06 3.0579e-07 9.3837e-07
5.986e-06 7.7625e-06 3.6627e-06 3.3575e-07 1.0029e-06
6.2041e-06 7.9999e-06 3.8193e-06 3.6686e-07 1.0661e-06
6.4456e-06 8.249e-06 3.9865e-06 3.9997e-07 1.1294e-06
6.6743e-06 8.4879e-06 4.1487e-06 4.3082e-07 1.1858e-06
6.9202e-06 8.7345e-06 4.3189e-06 4.6295e-07 1.2409e-06
7.1844e-06 8.9892e-06 4.4977e-06 4.9647e-07 1.2949e-06
7.4356e-06 9.2337e-06 4.6711e-06 5.2769e-07 1.342e-06
7.7099e-06 9.4888e-06 4.8552e-06 5.6086e-07 1.3887e-06
8.0053e-06 9.753e-06 5.0489e-06 5.9571e-07 1.4345e-06
8.287e-06 1.0007e-05 5.237e-06 6.2821e-07 1.4735e-06
8.5551e-06 1.025e-05 5.4198e-06 6.5836e-07 1.5055e-06
8.8483e-06 1.0505e-05 5.6139e-06 6.9064e-07 1.5372e-06
9.1277e-06 1.0749e-05 5.8025e-06 7.2056e-07 1.5621e-06
9.3928e-06 1.0982e-05 5.9853e-06 7.4806e-07 1.58e-06
9.6277e-06 1.1196e-05 6.1555e-06 7.7125e-07 1.5881e-06
9.9084e-06 1.1432e-05 6.346e-06 7.9898e-07 1.5994e-06
1.0239e-05 1.1692e-05 6.5584e-06 8.3161e-07 1.614e-06
1.054e-05 1.1933e-05 6.7584e-06 8.6005e-07 1.6192e-06
1.0876e-05 1.219e-05 6.9739e-06 8.9166e-07 1.6252e-06
1.1238e-05 1.2457e-05 7.2008e-06 9.2533e-07 1.6302e-06
1.1628e-05 1.2734e-05 7.4395e-06 9.6111e-07 1.6342e-06
1.2001e-05 1.3e-05 7.672e-06 9.9437e-07 1.6313e-06
1.2408e-05 1.3279e-05 7.919e-06 1.0304e-06 1.6282e-06
1.2799e-05 1.3548e-05 8.1601e-06 1.0641e-06 1.6183e-06
1.3221e-05 1.3828e-05 8.4138e-06 1.1e-06 1.6075e-06
1.3673e-05 1.4119e-05 8.6807e-06 1.1383e-06 1.5955e-06
1.4158e-05 1.4422e-05 8.6001e-06 1.1792e-06 1.5826e-06
1.4678e-05 1.4737e-05 8.5269e-06 1.2227e-06 1.5686e-06
1.5181e-05 1.5041e-05 8.4493e-06 1.2637e-06 1.5479e-06
1.5728e-05 1.536e-05 8.3806e-06 1.3082e-06 1.5269e-06
1.6256e-05 1.5668e-05 8.3071e-06 1.3499e-06 1.4991e-06
1.6821e-05 1.5988e-05 8.2408e-06 1.3945e-06 1.4702e-06
1.7427e-05 1.6321e-05 8.1816e-06 1.4421e-06 1.4402e-06
1.8084e-05 1.6671e-05 8.1307e-06 1.4937e-06 1.4097e-06
1.8796e-05 1.7037e-05 8.0881e-06 1.5495e-06 1.3787e-06
1.9566e-05 1.742e-05 8.0536e-06 1.6096e-06 1.3472e-06
2.0398e-05 1.7822e-05 8.0271e-06 1.6745e-06 1.315e-06
2.1287e-05 1.8239e-05 8.007e-06 1.7435e-06 1.2816e-06
2.2248e-05 1.8675e-05 7.9949e-06 1.8176e-06 1.2474e-06
2.2164e-05 1.9131e-05 7.9905e-06 1.8973e-06 1.2125e-06
2.2111e-05 1.9608e-05 7.9939e-06 1.983e-06 1.1768e-06
2.2089e-05 1.9215e-05 8.0059e-06 2.0749e-06 1.1402e-06
2.2051e-05 1.8811e-05 8.0134e-06 2.1633e-06 1.097e-06
2.2044e-05 1.8425e-05 8.0287e-06 2.2583e-06 1.0528e-06
2.2067e-05 1.8057e-05 8.0519e-06 2.3603e-06 1.0076e-06
2.212e-05 1.7707e-05 8.083e-06 2.4697e-06 9.6148e-07
2.2199e-05 1.737e-05 8.1208e-06 2.5858e-06 9.1425e-07
2.2263e-05 1.7021e-05 8.154e-06 2.6978e-06 8.6037e-07
2.1257e-05 1.6686e-05 8.1939e-06 2.8167e-06 8.0473e-07
2.0315e-05 1.6364e-05 8.2406e-06 2.9429e-06 7.473e-07
1.9447e-05 1.606e-05 8.2965e-06 3.0791e-06 6.8887e-07
1.8546e-05 1.5741e-05 8.3466e-06 3.2097e-06 6.2336e-07
1.7715e-05 1.5439e-05 8.4056e-06 3.3505e-06 5.567e-07
1.6817e-05 1.5113e-05 8.4539e-06 3.4805e-06 4.8105e-07
1.5857e-05 1.4765e-05 8.4926e-06 3.601e-06 3.9675e-07
1.4823e-05 1.4392e-05 8.5206e-06 3.7114e-06 3.0274e-07
1.3916e-05 1.4051e-05 8.5641e-06 3.8381e-06 2.1046e-07
1.2939e-05 1.3685e-05 8.597e-06 3.9543e-06 1.0954e-07
1.1888e-05 1.3295e-05 8.6193e-06 4.0604e-06 1.0865e-07
1.0964e-05 1.2935e-05 8.6571e-06 4.1828e-06 1.0454e-07
1.0136e-05 1.2601e-05 8.4626e-06 4.3201e-06 9.6867e-08
9.2506e-06 1.2245e-05 8.2548e-06 4.4474e-06 1.6795e-07
8.3057e-06 1.1868e-05 8.0335e-06 4.565e-06 2.3121e-07
7.4732e-06 1.152e-05 7.836e-06 4.7003e-06 2.9429e-07
6.7399e-06 1.12e-05 7.6608e-06 4.8551e-06 3.5748e-07
6.0942e-06 1.0906e-05 7.5061e-06 5.0314e-06 4.2105e-07
5.5259e-06 1.0637e-05 7.3706e-06 5.2315e-06 4.8529e-07
5.016e-06 9.5522e-06 7.2525e-06 5.2489e-06 5.4953e-07
5.0929e-06 9.522e-06 7.1177e-06 5.2581e-06 6.0676e-07
5.1511e-06 9.4758e-06 6.972e-06 5.2597e-06 6.5565e-07
5.2281e-06 9.4418e-06 6.8404e-06 5.2709e-06 7.0415e-07
5.3253e-06 9.4202e-06 6.7224e-06 5.2917e-06 7.5251e-07
5.4025e-06 9.3823e-06 6.5938e-06 5.3048e-06 7.9232e-07
5.5048e-06 9.3601e-06 6.4812e-06 5.3297e-06 8.33e-07
5.6306e-06 9.3512e-06 6.382e-06 5.3653e-06 8.7406e-07
5.734e-06 9.3251e-06 6.272e-06 5.3924e-06 9.0616e-07
5.8596e-06 9.3113e-06 6.1743e-06 5.4296e-06 9.3835e-07
6.0136e-06 9.3127e-06 6.0905e-06 5.4792e-06 9.7166e-07
6.1464e-06 9.2984e-06 5.9976e-06 5.521e-06 9.9642e-07
6.3e-06 9.2943e-06 5.9146e-06 5.572e-06 1.0207e-06
6.4387e-06 9.2786e-06 5.8255e-06 5.6197e-06 1.0377e-06
6.566e-06 9.2533e-06 5.7318e-06 5.6635e-06 1.0481e-06
6.71e-06 9.2355e-06 5.6459e-06 5.7149e-06 1.0572e-06
6.8682e-06 9.2232e-06 5.5662e-06 5.7729e-06 1.0645e-06
7.0414e-06 9.2164e-06 5.4926e-06 5.8375e-06 1.0699e-06
7.2363e-06 9.2185e-06 5.427e-06 5.9115e-06 1.0745e-06
7.4074e-06 9.2047e-06 5.3529e-06 5.9767e-06 1.0705e-06
7.6157e-06 9.2074e-06 5.2917e-06 6.0573e-06 1.0681e-06
7.8575e-06 9.2233e-06 5.241e-06 6.1516e-06 1.0663e-06
8.1431e-06 9.2557e-06 5.2023e-06 6.2634e-06 1.0662e-06
8.4115e-06 9.2722e-06 5.1557e-06 6.3651e-06 1.0575e-06
8.7103e-06 9.2983e-06 5.1166e-06 6.4789e-06 1.0481e-06
8.9929e-06 9.3141e-06 5.0729e-06 6.5872e-06 1.0319e-06
9.2974e-06 9.3354e-06 5.0343e-06 6.7042e-06 1.0137e-06
9.5877e-06 9.3473e-06 4.9916e-06 6.8166e-06 9.8901e-07
9.864e-06 9.3497e-06 4.9448e-06 6.9244e-06 9.5767e-07
1.0126e-05 9.3427e-06 4.8939e-06 7.0276e-06 9.197e-07
1.0376e-05 9.3267e-06 4.8392e-06 7.1267e-06 8.7526e-07
1.0647e-05 9.3162e-06 4.7896e-06 6.9716e-06 8.2895e-07
1.0946e-05 9.3131e-06 4.746e-06 6.8287e-06 7.8128e-07
1.1273e-05 9.3173e-06 4.7084e-06 6.6972e-06 7.3219e-07
1.1585e-05 9.3121e-06 4.6667e-06 6.5609e-06 6.7665e-07
1.1922e-05 9.3123e-06 4.6298e-06 6.434e-06 6.1906e-07
1.2245e-05 9.3035e-06 4.5891e-06 6.3026e-06 5.5505e-07
1.2594e-05 9.3003e-06 4.5532e-06 6.1803e-06 4.8893e-07
1.297e-05 9.3024e-06 4.5218e-06 6.0667e-06 4.2071e-07
1.3375e-05 9.3101e-06 4.4949e-06 5.9614e-06 3.5023e-07
1.3763e-05 9.3083e-06 4.4641e-06 5.8516e-06 2.7325e-07
1.4135e-05 9.2971e-06 4.4295e-06 5.7373e-06 3.4101e-07
1.4536e-05 9.2913e-06 4.3993e-06 5.6312e-06 4.0629e-07
1.4968e-05 9.291e-06 4.3735e-06 5.5329e-06 4.6916e-07
1.5384e-05 9.2813e-06 4.3438e-06 5.4303e-06 5.2557e-07
1.5837e-05 9.2789e-06 4.3196e-06 5.3367e-06 5.8014e-07
1.6325e-05 9.282e-06 4.2996e-06 5.2504e-06 6.3242e-07
1.6794e-05 9.2756e-06 4.2759e-06 5.1599e-06 6.7821e-07
1.7247e-05 9.2602e-06 4.2485e-06 5.0656e-06 7.1762e-07
1.7735e-05 9.2504e-06 4.2254e-06 4.9786e-06 7.5481e-07
1.8206e-05 9.2316e-06 4.1988e-06 4.8878e-06 7.8562e-07
1.8661e-05 9.2039e-06 4.1686e-06 4.7932e-06 8.1005e-07
1.9158e-05 9.1834e-06 4.1436e-06 4.707e-06 8.3277e-07
1.9636e-05 9.1535e-06 4.1148e-06 4.6167e-06 8.4899e-07
2.0152e-05 9.129e-06 4.0903e-06 4.5332e-06 8.6297e-07
2.0715e-05 9.1118e-06 4.0709e-06 4.4575e-06 8.7529e-07
2.1258e-05 9.0852e-06 4.0477e-06 4.3779e-06 8.8109e-07
2.1842e-05 9.0639e-06 4.0286e-06 4.3045e-06 8.8468e-07
2.2405e-05 9.0333e-06 4.0057e-06 4.2273e-06 8.8176e-07
2.3019e-05 9.0098e-06 3.9879e-06 4.1575e-06 8.7717e-07
2.3679e-05 8.9916e-06 3.9741e-06 4.0934e-06 8.7037e-07
2.4397e-05 8.9806e-06 3.9653e-06 4.0361e-06 8.619e-07
2.5094e-05 8.9606e-06 3.9529e-06 3.9755e-06 8.4703e-07
2.585e-05 8.9477e-06 3.9456e-06 3.9214e-06 8.3048e-07
2.6583e-05 8.9254e-06 3.9344e-06 3.8638e-06 8.0741e-07
2.7295e-05 8.8942e-06 3.9204e-06 3.8029e-06 7.7797e-07
2.8069e-05 8.87e-06 3.9114e-06 3.7485e-06 7.4681e-07
2.7814e-05 8.853e-06 3.9072e-06 3.7002e-06 7.1391e-07
2.7542e-05 8.827e-06 3.8996e-06 3.6488e-06 6.7464e-07
2.7252e-05 8.7916e-06 3.8882e-06 3.5938e-06 6.2887e-07
2.6945e-05 8.7469e-06 3.873e-06 3.5354e-06 5.7661e-07
2.6621e-05 8.6932e-06 3.8544e-06 3.4738e-06 5.1796e-07
2.6281e-05 8.6306e-06 3.8322e-06 3.4088e-06 6.7489e-07
2.5974e-05 8.5733e-06 3.814e-06 3.3491e-06 8.3231e-07
2.57e-05 8.5211e-06 3.7997e-06 3.2944e-06 9.904e-07
2.541e-05 8.46e-06 3.7819e-06 3.2365e-06 1.1413e-06
2.5152e-05 8.404e-06 3.768e-06 3.1835e-06 1.293e-06
2.4878e-05 8.3391e-06 3.7506e-06 3.1273e-06 1.4376e-06
2.4589e-05 8.2654e-06 3.7297e-06 3.068e-06 1.5749e-06
2.4337e-05 8.1985e-06 3.7137e-06 3.0145e-06 1.7142e-06
2.4121e-05 8.1385e-06 3.7024e-06 2.9666e-06 1.8556e-06
2.3933e-05 8.0833e-06 3.6949e-06 2.9231e-06 1.9983e-06
2.378e-05 8.0348e-06 3.6921e-06 2.8848e-06 2.1436e-06
2.3611e-05 7.9772e-06 3.6857e-06 2.8433e-06 2.2812e-06
2.3478e-05 7.9268e-06 3.6843e-06 2.8073e-06 2.4221e-06
2.3392e-05 7.8877e-06 3.6903e-06 2.7786e-06 2.5693e-06
2.3361e-05 7.8627e-06 3.7052e-06 2.7585e-06 2.7254e-06
2.3298e-05 7.8232e-06 3.7134e-06 2.7326e-06 2.8697e-06
2.2493e-05 7.7984e-06 3.7311e-06 2.7155e-06 3.0237e-06
2.1664e-05 7.7646e-06 3.7451e-06 2.6955e-06 3.17e-06
2.089e-05 7.7354e-06 3.763e-06 2.6792e-06 3.3188e-06
2.0165e-05 7.7107e-06 3.7848e-06 2.6664e-06 3.4702e-06
1.9418e-05 7.6769e-06 3.8029e-06 2.6507e-06 3.6136e-06
1.8719e-05 7.6475e-06 3.8249e-06 2.6385e-06 3.7598e-06
1.8066e-05 7.6226e-06 3.8509e-06 2.6298e-06 3.9088e-06
1.7394e-05 7.589e-06 3.8734e-06 2.6184e-06 4.0501e-06
1.6702e-05 7.5467e-06 3.8923e-06 2.6042e-06 4.1837e-06
1.6062e-05 7.5104e-06 3.9162e-06 2.5944e-06 4.3091e-06
1.5402e-05 7.4651e-06 3.9364e-06 2.5815e-06 4.4265e-06
1.4784e-05 7.4242e-06 3.9606e-06 2.5722e-06 4.5468e-06
1.4206e-05 7.3875e-06 3.9889e-06 2.5663e-06 4.6701e-06
1.3673e-05 7.3569e-06 4.0223e-06 2.5646e-06 4.798e-06
1.3181e-05 7.3322e-06 4.0611e-06 2.5672e-06 4.9308e-06
1.2672e-05 7.2984e-06 4.096e-06 2.5667e-06 5.0686e-06
1.2202e-05 7.2705e-06 4.1362e-06 2.5706e-06 5.2118e-06
1.1764e-05 7.2468e-06 4.181e-06 2.5779e-06 5.3588e-06
1.1308e-05 7.214e-06 4.2217e-06 2.5822e-06 5.4974e-06
1.0888e-05 7.1871e-06 4.268e-06 2.5908e-06 5.6416e-06
1.0452e-05 7.151e-06 4.3104e-06 2.5964e-06 5.7772e-06
1.0051e-05 7.1212e-06 4.3587e-06 2.6065e-06 5.919e-06
9.7064e-06 7.1048e-06 4.4181e-06 2.5003e-06 6.0745e-06
9.4119e-06 7.1018e-06 4.489e-06 2.407e-06 6.2442e-06
9.1567e-06 7.1095e-06 4.5702e-06 2.3239e-06 6.429e-06
8.877e-06 7.1041e-06 4.6441e-06 2.2344e-06 6.6006e-06
8.5749e-06 7.0866e-06 4.7117e-06 2.1391e-06 6.7602e-06
8.3117e-06 7.0799e-06 4.7896e-06 2.0539e-06 6.9322e-06
8.0755e-06 7.0803e-06 4.8755e-06 1.9756e-06 7.113e-06
7.8674e-06 7.089e-06 4.9707e-06 1.9046e-06 7.3045e-06
7.6801e-06 7.1036e-06 5.0735e-06 1.8388e-06 7.5042e-06
7.5105e-06 7.1231e-06 5.1836e-06 1.7776e-06 7.7111e-06
7.3565e-06 7.1468e-06 5.3005e-06 1.7202e-06 7.9249e-06
7.2206e-06 7.1764e-06 5.426e-06 1.6675e-06 8.1475e-06
7.1018e-06 7.2117e-06 5.5604e-06 1.6189e-06 8.3793e-06
6.9995e-06 7.2529e-06 5.7042e-06 1.5744e-06 8.6207e-06
6.8859e-06 7.2851e-06 5.8429e-06 1.527e-06 8.8525e-06
6.7884e-06 7.3231e-06 5.9913e-06 1.4836e-06 9.0941e-06
6.7065e-06 7.3671e-06 6.1497e-06 1.4438e-06 9.3459e-06
6.6396e-06 7.4171e-06 6.3187e-06 1.4075e-06 9.6082e-06
6.5625e-06 7.4585e-06 6.4828e-06 1.3686e-06 9.8612e-06
6.5003e-06 7.5059e-06 6.6579e-06 1.3332e-06 1.0125e-05
6.4525e-06 7.5594e-06 6.8446e-06 1.301e-06 1.04e-05
6.4189e-06 7.6192e-06 7.0433e-06 1.2719e-06 1.0687e-05
6.3993e-06 7.6854e-06 7.2547e-06 1.2457e-06 1.0986e-05
6.3909e-06 7.7562e-06 7.4773e-06 1.2218e-06 1.1295e-05
6.3938e-06 7.8318e-06 7.7116e-06 1.2001e-06 1.1614e-05
6.4077e-06 7.9123e-06 7.9581e-06 1.1805e-06 1.1944e-05
6.4111e-06 7.9835e-06 8.1982e-06 1.1584e-06 1.2263e-05
6.4038e-06 8.0455e-06 8.4319e-06 1.1338e-06 1.2572e-05
6.4104e-06 8.1141e-06 8.6805e-06 1.1118e-06 1.2895e-05
6.431e-06 8.1896e-06 8.9447e-06 1.0924e-06 1.3231e-05
6.4656e-06 8.2719e-06 9.2253e-06 1.0755e-06 1.3582e-05
6.4896e-06 8.3449e-06 9.4989e-06 1.0561e-06 1.3922e-05
6.5277e-06 8.4249e-06 9.7896e-06 1.0391e-06 1.4277e-05
6.5551e-06 8.4956e-06 1.0073e-05 1.0197e-06 1.4622e-05
6.5725e-06 8.5573e-06 1.035e-05 9.9795e-07 1.4956e-05
6.6042e-06 8.6261e-06 1.0645e-05 9.786e-07 1.5305e-05
6.6502e-06 8.7021e-06 1.0958e-05 9.6153e-07 1.567e-05
6.708e-06 8.7834e-06 1.1287e-05 9.4616e-07 1.6048e-05
6.7779e-06 8.8703e-06 1.1634e-05 9.3244e-07 1.644e-05
6.8368e-06 8.9478e-06 1.1972e-05 9.1636e-07 1.682e-05
6.9109e-06 9.0334e-06 1.1893e-05 9.0239e-07 1.7217e-05
7.0005e-06 9.1269e-06 1.1146e-05 8.9046e-07 1.7632e-05
7.0791e-06 9.2109e-06 1.0385e-05 8.7621e-07 1.8036e-05
7.1734e-06 9.3026e-06 9.6654e-06 8.6396e-07 1.8458e-05
7.2573e-06 9.3852e-06 8.9336e-06 8.4951e-07 1.8868e-05
7.3544e-06 9.4736e-06 8.2352e-06 8.3655e-07 1.9294e-05
7.4681e-06 9.5701e-06 7.574e-06 8.255e-07 1.9739e-05
7.571e-06 9.6573e-06 6.9017e-06 8.1226e-07 2.0173e-05
7.6913e-06 9.7527e-06 6.2654e-06 8.0091e-07 2.0627e-05
7.8263e-06 9.8545e-06 5.6582e-06 7.9096e-07 2.1098e-05
7.9785e-06 9.964e-06 5.0815e-06 7.8263e-07 2.1588e-05
8.165e-06 1.0091e-05 4.5533e-06 6.9249e-07 2.2117e-05
8.3275e-06 1.0201e-05 4.0003e-06 5.9593e-07 2.2617e-05
8.4659e-06 1.0273e-05 3.3849e-06 6.0079e-07 2.6021e-05
8.5919e-06 1.0335e-05 2.7576e-06 6.0347e-07 2.9383e-05
8.737e-06 1.0405e-05 2.1629e-06 6.075e-07 3.2874e-05
8.902e-06 1.0484e-05 1.5989e-06 6.1289e-07 3.6501e-05
9.0841e-06 1.0569e-05 1.0597e-06 6.1926e-07 4.0248e-05
9.2877e-06 1.0663e-05 5.4816e-07 6.2703e-07 4.414e-05
9.4794e-06 1.0746e-05 5.0134e-07 6.3274e-07 4.7992e-05
9.6935e-06 1.0837e-05 4.5616e-07 6.3988e-07 5.1994e-05
9.8945e-06 1.0918e-05 4.0814e-07 6.4485e-07 5.5949e-05
1.0115e-05 1.1007e-05 3.6127e-07 6.5094e-07 6.0038e-05
1.0322e-05 1.1085e-05 3.1151e-07 6.548e-07 6.4291e-05
1.055e-05 1.1171e-05 2.6281e-07 6.5977e-07 6.4954e-05
1.0763e-05 1.1243e-05 2.9778e-07 6.625e-07 6.5654e-05
1.0996e-05 1.1323e-05 3.332e-07 6.6631e-07 6.6387e-05
1.1216e-05 1.1392e-05 3.6599e-07 6.6795e-07 6.7102e-05
1.1424e-05 1.1452e-05 3.9624e-07 6.6751e-07 6.7802e-05
1.1656e-05 1.1522e-05 4.2736e-07 6.6854e-07 6.854e-05
1.1915e-05 1.16e-05 4.5943e-07 6.7104e-07 6.9318e-05
1.2201e-05 1.1687e-05 4.9256e-07 6.7503e-07 7.0136e-05
1.2512e-05 1.1782e-05 5.2642e-07 6.8011e-07 7.0989e-05
1.2807e-05 1.1867e-05 5.5755e-07 6.8301e-07 7.1825e-05
1.3128e-05 1.1959e-05 5.8945e-07 6.8701e-07 7.2696e-05
1.3433e-05 1.2041e-05 6.1861e-07 6.8882e-07 7.3549e-05
1.377e-05 1.2133e-05 6.4905e-07 6.9216e-07 7.4446e-05
1.414e-05 1.2234e-05 6.8086e-07 6.9703e-07 7.5387e-05
1.4495e-05 1.2326e-05 7.1e-07 6.998e-07 7.6311e-05
1.4835e-05 1.2408e-05 7.3646e-07 7.0048e-07 7.7218e-05
1.516e-05 1.2481e-05 7.6026e-07 6.9906e-07 7.8109e-05
1.5514e-05 1.2561e-05 7.8498e-07 6.9877e-07 7.9037e-05
1.5851e-05 1.2631e-05 8.0692e-07 6.9628e-07 7.9946e-05
1.6174e-05 1.2692e-05 8.2617e-07 6.9168e-07 8.0838e-05
1.653e-05 1.2762e-05 8.4684e-07 6.8862e-07 8.1775e-05
1.6923e-05 1.2843e-05 8.6899e-07 6.8707e-07 8.276e-05
1.7354e-05 1.2933e-05 8.9269e-07 6.8704e-07 8.3794e-05
1.7825e-05 1.3033e-05 9.1801e-07 6.8852e-07 8.4877e-05
1.834e-05 1.3144e-05 9.4504e-07 6.9153e-07 8.6013e-05
1.8893e-05 1.3263e-05 9.7336e-07 6.9568e-07 8.7195e-05
1.9427e-05 1.3372e-05 9.9879e-07 6.9763e-07 8.8355e-05
1.9941e-05 1.3471e-05 1.0213e-06 6.974e-07 8.9494e-05
2.0503e-05 1.358e-05 1.0457e-06 6.987e-07 9.0688e-05
2.1044e-05 1.3678e-05 1.0671e-06 6.9781e-07 9.186e-05
2.1565e-05 1.3767e-05 1.0857e-06 6.9472e-07 9.3011e-05
2.2069e-05 1.3846e-05 1.1015e-06 6.8954e-07 9.4143e-05
2.262e-05 1.3935e-05 1.1191e-06 6.859e-07 9.533e-05
2.3152e-05 1.4015e-05 1.1339e-06 6.8011e-07 9.6496e-05
2.3783e-05 1.4076e-05 1.144e-06 6.7072e-07 9.7762e-05
2.4366e-05 1.4119e-05 1.1494e-06 6.5771e-07 9.8977e-05
2.5029e-05 1.418e-05 1.1583e-06 6.4757e-07 0.00010028
2.578e-05 1.4258e-05 1.1706e-06 6.4019e-07 0.00010167
2.6473e-05 1.4318e-05 1.1782e-06 6.2915e-07 0.00010317
2.7252e-05 1.4395e-05 1.1889e-06 6.2057e-07 0.00010476
2.7973e-05 1.4453e-05 1.1948e-06 6.0845e-07 0.00010629
2.8647e-05 1.4494e-05 1.1965e-06 5.9308e-07 0.00010777
2.9402e-05 1.4551e-05 1.2011e-06 5.8003e-07 0.00010934
3.0103e-05 1.4591e-05 1.2012e-06 5.6358e-07 0.00011085
3.0756e-05 1.4614e-05 1.197e-06 5.4382e-07 0.00011232
3.1475e-05 1.4648e-05 1.1949e-06 5.2579e-07 0.00011385
3.2277e-05 1.4698e-05 1.1956e-06 5.0985e-07 0.00011547
3.3052e-05 1.4738e-05 1.1933e-06 4.9172e-07 0.00011707
3.3896e-05 1.4788e-05 1.1929e-06 4.7492e-07 0.00011874
3.4802e-05 1.4847e-05 1.1939e-06 4.5901e-07 0.00012047
3.568e-05 1.4895e-05 1.1919e-06 4.4098e-07 0.00012217
3.6532e-05 1.4933e-05 1.187e-06 4.2084e-07 0.00012385
3.746e-05 1.4982e-05 1.1841e-06 4.0199e-07 0.00012561
3.8355e-05 1.502e-05 1.178e-06 3.8089e-07 0.00012733
3.9211e-05 1.5045e-05 1.1685e-06 3.573e-07 0.00012901
4.0029e-05 1.5058e-05 1.1555e-06 3.3118e-07 0.00013066
4.0919e-05 1.508e-05 1.1443e-06 3.0626e-07 0.00013238
4.1772e-05 1.5091e-05 1.1297e-06 2.7893e-07 0.00013407
4.2708e-05 1.5114e-05 1.1173e-06 2.5296e-07 0.00013583
4.3753e-05 1.5152e-05 1.1077e-06 2.2875e-07 0.00013771
4.473e-05 1.5174e-05 1.0937e-06 2.015e-07 0.00013951
4.4746e-05 1.5218e-05 1.084e-06 1.7683e-07 0.00014147
4.4803e-05 1.5272e-05 1.0758e-06 1.5277e-07 0.0001435
4.4839e-05 1.5315e-05 1.0645e-06 1.2668e-07 0.00014549
4.4857e-05 1.5347e-05 1.0505e-06 1.5016e-07 0.00014746
4.4921e-05 1.5392e-05 1.0382e-06 1.7439e-07 0.00014952
4.5025e-05 1.5445e-05 1.0272e-06 1.9913e-07 0.00015166
4.5109e-05 1.5488e-05 1.0132e-06 2.2185e-07 0.00015377
4.5231e-05 1.554e-05 1.0004e-06 2.4512e-07 0.00015595
4.5334e-05 1.5581e-05 9.8476e-07 2.6637e-07 0.0001581
4.542e-05 1.5612e-05 9.6638e-07 2.8569e-07 0.00016023
4.5544e-05 1.5652e-05 9.4913e-07 3.0557e-07 0.00016243
4.565e-05 1.5683e-05 9.2916e-07 3.2352e-07 0.00016461
4.5804e-05 1.5724e-05 9.1077e-07 3.4241e-07 0.00016688
4.6005e-05 1.5777e-05 8.9391e-07 3.6234e-07 0.00016925
4.6184e-05 1.5819e-05 8.7413e-07 3.8013e-07 0.00017159
4.6344e-05 1.5851e-05 8.5156e-07 3.9588e-07 0.00017389
4.6544e-05 1.5892e-05 8.3005e-07 4.1237e-07 0.00017628
4.6794e-05 1.5944e-05 8.0998e-07 4.2999e-07 0.00017877
4.7025e-05 1.5987e-05 7.8724e-07 4.4561e-07 0.00018124
4.7299e-05 1.6038e-05 7.6542e-07 4.6204e-07 0.00018379
4.7615e-05 1.6099e-05 7.4449e-07 4.7934e-07 0.00018644
4.7976e-05 1.6169e-05 7.244e-07 4.9758e-07 0.00018918
4.8392e-05 1.6251e-05 7.0554e-07 5.172e-07 0.00019205
4.8865e-05 1.6345e-05 6.8787e-07 5.383e-07 0.00019503
4.9315e-05 1.6428e-05 6.6749e-07 5.5721e-07 0.00019798
4.9742e-05 1.65e-05 6.4439e-07 5.7395e-07 0.00020088
5.0147e-05 1.6562e-05 6.1856e-07 5.8851e-07 0.00020375
4.9209e-05 1.6636e-05 5.939e-07 6.0456e-07 0.00020674
4.835e-05 1.6722e-05 5.7031e-07 6.2218e-07 0.00020986
4.7555e-05 1.6818e-05 5.4733e-07 6.41e-07 0.00021309
4.6821e-05 1.6923e-05 5.2489e-07 6.6108e-07 0.00021644
4.8067e-05 1.7018e-05 4.9979e-07 6.7891e-07 0.00021974
4.9282e-05 1.7103e-05 4.7213e-07 6.9461e-07 0.00022301
5.0583e-05 1.7197e-05 4.45e-07 7.1207e-07 0.00022639
5.1976e-05 1.7302e-05 4.1832e-07 7.3088e-07 0.0002299
5.3332e-05 1.7395e-05 3.8901e-07 7.4741e-07 0.00023336
5.4783e-05 1.7499e-05 3.6012e-07 7.6534e-07 0.00023695
5.6199e-05 1.7592e-05 3.2871e-07 7.8109e-07 0.00024049
5.7733e-05 1.7698e-05 2.9803e-07 7.9873e-07 0.00024419
5.9227e-05 1.7794e-05 2.6475e-07 8.1408e-07 0.00024784
6.0844e-05 1.7902e-05 2.3213e-07 8.3138e-07 0.00025164
6.2573e-05 1.802e-05 1.9972e-07 8.5021e-07 0.00025557
6.4421e-05 1.8149e-05 1.6745e-07 8.7064e-07 0.00025965
6.6228e-05 1.8268e-05 1.3274e-07 8.8883e-07 0.00026368
6.7994e-05 1.8376e-05 9.558e-08 9.048e-07 0.00026767
6.972e-05 1.8474e-05 1.1143e-07 9.1854e-07 0.00027162
7.1588e-05 1.8584e-05 1.2683e-07 9.3439e-07 0.00027573
7.3607e-05 1.8708e-05 1.4182e-07 9.5242e-07 0.00028001
7.5789e-05 1.8846e-05 1.5646e-07 9.727e-07 0.00028447
7.8119e-05 1.8994e-05 1.7056e-07 9.948e-07 0.00028908
8.0396e-05 1.9132e-05 1.8237e-07 1.0145e-06 0.00029365
8.2941e-05 1.9293e-05 1.946e-07 1.0384e-06 0.00029849
8.5842e-05 1.9481e-05 2.0777e-07 1.0676e-06 0.00030368
8.8571e-05 1.9649e-05 2.1777e-07 1.0923e-06 0.0003087
9.1682e-05 1.9846e-05 2.2878e-07 1.1227e-06 0.00031408
9.5157e-05 2.0067e-05 2.4047e-07 1.1579e-06 0.00031979
9.9038e-05 2.0314e-05 2.5291e-07 1.1983e-06 0.00032584
0.0001299 2.2153e-05 3.1007e-07 1.5017e-06 0.00037123
0.00013491 2.2432e-05 3.1404e-07 1.4633e-06 0.00037817
0.00014051 2.2741e-05 3.1896e-07 1.4306e-06 0.00037999
0.00014674 2.3078e-05 3.2483e-07 1.4033e-06 0.00038196
0.00015382 2.3453e-05 3.3221e-07 1.3822e-06 0.00038384
0.00016184 2.3866e-05 3.4107e-07 1.3669e-06 0.0003859
0.00022522 2.691e-05 3.7443e-07 1.2695e-06 0.00040155
0.00023379 2.7303e-05 3.7019e-07 1.2471e-06 0.00040368
0.00024331 2.7729e-05 3.6701e-07 1.2292e-06 0.00040598
0.00025389 2.8191e-05 3.6493e-07 1.2156e-06 0.00040848
0.00026449 2.8647e-05 3.6099e-07 1.2007e-06 0.00041098
0.00027508 2.9099e-05 3.5521e-07 1.1845e-06 0.00041347
0.00028569 2.9545e-05 3.4757e-07 1.167e-06 0.00041597
0.0002963 2.9986e-05 3.3808e-07 1.1481e-06 0.00041846
0.00030691 3.0422e-05 3.2674e-07 1.1279e-06 0.00042095
0.00031753 3.0852e-05 3.1354e-07 1.1064e-06 0.00042344
0.00032749 3.1243e-05 3.8191e-07 1.0801e-06 0.00042581
0.00033858 3.1671e-05 4.5485e-07 1.0581e-06 0.00042837
0.00034907 3.221e-05 5.4141e-07 1.0318e-06 0.00043082
0.00036094 3.28e-05 6.3546e-07 1.0106e-06 0.00043349
0.00037218 3.3359e-05 7.2342e-07 9.8526e-07 0.00043605
0.00037551 3.3965e-05 7.2972e-07 9.6396e-07 0.00043881
0.00037864 3.4541e-05 7.3199e-07 9.3851e-07 0.00044146
0.00038208 3.5151e-05 7.3575e-07 9.16e-07 0.00044426
0.00038582 3.579e-05 7.405e-07 8.9563e-07 0.00044719
0.00038946 3.6414e-05 7.4255e-07 8.7288e-07 0.00045008
0.00039301 3.7022e-05 7.419e-07 8.4774e-07 0.00045293
0.00039687 3.7661e-05 7.4232e-07 8.2481e-07 0.00045592
0.00040064 3.8284e-05 7.4005e-07 7.9951e-07 0.00045886
0.00040431 3.8891e-05 7.3509e-07 7.7184e-07 0.00046176
0.00040791 3.9484e-05 7.2753e-07 7.4191e-07 0.00046462
0.00041177 4.0103e-05 7.2062e-07 7.1366e-07 0.0004676
0.00041553 4.0706e-05 7.1102e-07 6.8305e-07 0.00047054
0.0004192 4.1293e-05 6.9872e-07 6.5007e-07 0.00047343
0.00042319 4.1912e-05 6.8748e-07 6.1923e-07 0.00047646
0.00042709 4.2515e-05 6.7355e-07 5.8604e-07 0.00047945
0.00043089 4.3103e-05 6.5703e-07 5.5062e-07 0.0004824
0.00043498 4.3717e-05 6.4113e-07 5.1678e-07 0.00048547
0.00043897 4.4316e-05 6.2256e-07 4.8062e-07 0.0004885
0.00044325 4.4942e-05 6.046e-07 4.46e-07 0.00049165
0.00044784 4.5595e-05 5.8719e-07 4.1277e-07 0.00049493
0.00045232 4.6231e-05 5.6712e-07 3.7728e-07 0.00049817
0.00045669 4.6852e-05 5.4439e-07 3.395e-07 0.00050135
0.00046143 4.7506e-05 5.2259e-07 3.0353e-07 0.00050469
0.00046605 4.8142e-05 4.9803e-07 2.6519e-07 0.00050798
0.00047121 4.7799e-05 4.7588e-07 2.2967e-07 0.00051148
0.00047604 4.7424e-05 4.4971e-07 1.9041e-07 0.00051525
0.00048076 4.7034e-05 4.2082e-07 1.4883e-07 0.00051897
0.00048537 4.6629e-05 3.8935e-07 1.6493e-07 0.00052264
0.0004903 4.6248e-05 3.5835e-07 1.8116e-07 0.00052645
0.00049513 4.5852e-05 3.2472e-07 1.9551e-07 0.00053022
0.00049984 4.5441e-05 2.8845e-07 2.0798e-07 0.00053393
0.00050488 4.5052e-05 2.5264e-07 2.2062e-07 0.00053778
0.00050982 4.465e-05 2.1425e-07 2.3139e-07 0.00054159
0.00051445 4.4217e-05 1.7189e-07 2.3941e-07 0.00054526
0.0005152 4.3834e-05 1.3221e-07 2.4914e-07 0.0005454
0.00051587 4.3433e-05 8.9604e-08 2.5673e-07 0.0005455
0.00051647 4.3007e-05 9.8314e-08 2.6221e-07 0.00054556
0.00051724 4.2607e-05 1.063e-07 2.6812e-07 0.0005457
0.00051793 4.2189e-05 1.1192e-07 2.719e-07 0.0005458
0.00051853 4.1749e-05 1.1503e-07 2.7334e-07 0.00054585
0.0005194 4.1354e-05 1.1812e-07 2.7629e-07 0.00054604
0.00051712 4.0995e-05 1.2095e-07 2.8036e-07 0.00054636
0.00051468 4.0603e-05 1.9685e-07 2.8179e-07 0.0005466
0.00051262 4.0255e-05 2.7821e-07 2.8479e-07 0.00054321
0.0005109 3.9948e-05 3.6559e-07 2.8937e-07 0.00054006
0.00050945 3.9676e-05 4.5838e-07 2.9512e-07 0.0005371
0.00050793 3.939e-05 5.4771e-07 2.9894e-07 0.00053409
0.00050635 3.9089e-05 6.3364e-07 3.0084e-07 0.00053104
0.00050497 3.8813e-05 7.2329e-07 3.0328e-07 0.00052813
0.00050356 3.8522e-05 8.0951e-07 3.038e-07 0.00052518
0.00050233 3.8255e-05 8.9963e-07 3.0486e-07 0.00052237
0.00050129 3.8011e-05 9.9394e-07 3.0647e-07 0.00051969
0.00050043 3.779e-05 1.0927e-06 3.0863e-07 0.00051715
0.00049951 3.7555e-05 1.1879e-06 3.0886e-07 0.00051457
0.00049854 3.8164e-05 1.5241e-06 4.4101e-07 0.0005185
0.00049774 3.8804e-05 1.8782e-06 5.8116e-07 0.00052262
0.0004969 3.9429e-05 2.2256e-06 7.1757e-07 0.00052669
0.0004962 4.0081e-05 2.5886e-06 8.6097e-07 0.00053091
0.00049545 4.0718e-05 2.9448e-06 1.0006e-06 0.00053508
0.00049465 4.134e-05 3.2936e-06 1.1361e-06 0.0005392
0.00049403 4.1993e-05 3.6614e-06 1.2803e-06 0.00054351
0.00049357 4.2679e-05 4.0493e-06 1.4337e-06 0.000548
0.00049306 4.335e-05 4.4298e-06 1.583e-06 0.00055245
0.00049269 4.405e-05 4.8284e-06 1.7406e-06 0.00055706
0.00049228 4.4733e-05 5.2192e-06 1.8939e-06 0.00056162
0.00049181 4.54e-05 5.6013e-06 2.0424e-06 0.00056611
0.0004912 4.6031e-05 5.9645e-06 2.1814e-06 0.00057045
0.00049045 4.6628e-05 6.3099e-06 2.3112e-06 0.00057464
0.00048999 4.7284e-05 6.6903e-06 2.4575e-06 0.00057916
0.00048938 4.7902e-05 7.0503e-06 2.5934e-06 0.00058351
0.00048893 4.855e-05 7.4287e-06 2.7377e-06 0.00058803
0.00048842 4.9181e-05 7.7988e-06 2.8775e-06 0.00059249
0.00048805 4.8445e-05 8.1888e-06 3.0257e-06 0.00059713
0.00048784 4.7745e-05 8.6014e-06 3.1843e-06 0.00060197
0.0004878 4.7081e-05 9.0381e-06 3.3543e-06 0.00060702
0.00048791 4.6446e-05 9.4973e-06 3.3297e-06 0.00061228
0.00048818 4.5844e-05 9.9832e-06 3.3103e-06 0.00061776
0.00048861 4.5273e-05 1.0497e-05 3.2961e-06 0.00062348
0.00048919 4.4729e-05 1.1037e-05 3.286e-06 0.0006294
0.00048972 4.417e-05 1.1566e-05 3.2729e-06 0.00063527
0.0004902 4.3597e-05 1.2086e-05 3.2568e-06 0.00064106
0.0004909 4.3064e-05 1.2646e-05 3.2475e-06 0.00064718
0.0004919 4.0915e-05 1.3272e-05 3.2477e-06 0.00065375
0.00049276 3.8691e-05 1.3868e-05 3.2416e-06 0.00066011
0.00049393 3.6614e-05 1.4526e-05 3.2449e-06 0.00066694
0.00049495 3.4468e-05 1.5154e-05 3.2421e-06 0.00067355
0.00049583 3.2251e-05 1.5754e-05 3.2334e-06 0.00067996
0.00049702 3.0175e-05 1.6414e-05 3.2338e-06 0.00068684
0.00049805 2.8022e-05 1.7041e-05 3.2276e-06 0.00069347
0.00049939 2.6009e-05 1.7733e-05 3.2307e-06 0.00070059
0.00050108 2.4128e-05 1.8496e-05 3.2431e-06 0.00070822
0.00050261 2.2181e-05 1.9224e-05 3.2494e-06 0.00071562
0.00050397 2.0167e-05 1.9917e-05 3.2495e-06 0.00072278
0.00050563 1.8265e-05 2.0672e-05 3.2575e-06 0.00073039
0.00050711 1.8116e-05 2.137e-05 3.2586e-06 0.00073772
0.00050841 1.7944e-05 2.2031e-05 3.2528e-06 0.0007448
0.00050999 1.7795e-05 2.275e-05 3.2548e-06 0.00075231
0.00051149 1.7633e-05 2.3451e-05 3.2531e-06 0.0007597
0.00051293 1.7459e-05 2.4137e-05 3.2479e-06 0.000767
0.0005143 1.7273e-05 2.481e-05 3.2396e-06 0.0007742
0.00051586 1.7101e-05 2.5522e-05 3.2362e-06 0.00078171
0.00051737 1.6918e-05 2.6222e-05 3.2296e-06 0.00078913
0.00051908 1.6749e-05 2.6963e-05 3.228e-06 0.00079686
0.00052073 1.6569e-05 2.7692e-05 3.2235e-06 0.00080452
0.00052232 1.6378e-05 2.8408e-05 3.216e-06 0.00081209
0.00052413 1.6203e-05 2.8389e-05 3.2137e-06 0.00081999
0.00052613 1.6037e-05 2.8384e-05 3.2153e-06 0.00082818
0.00052806 1.5861e-05 2.8371e-05 3.2139e-06 0.00083627
0.00052993 1.5675e-05 2.8353e-05 3.2095e-06 0.00084428
0.00053174 1.5479e-05 2.8328e-05 3.2023e-06 0.00085221
0.00053377 1.5295e-05 2.832e-05 3.1999e-06 0.00086047
0.00055816 1.51e-05 2.8305e-05 3.1944e-06 0.00086864
0.00058204 1.4895e-05 2.8283e-05 3.1858e-06 0.00087671
0.00060544 1.4678e-05 2.8254e-05 3.1741e-06 0.00088469
0.00063063 1.4475e-05 2.8242e-05 3.1673e-06 0.000893
0.00065531 1.426e-05 2.8223e-05 3.1574e-06 0.00090122
0.00068187 1.4058e-05 2.822e-05 3.1523e-06 0.00090978
0.00068694 1.3869e-05 2.8233e-05 3.152e-06 0.0009187
0.00069244 1.3691e-05 2.8263e-05 3.1566e-06 0.00091918
0.00069781 1.3502e-05 2.8286e-05 3.1581e-06 0.00091961
0.00070306 1.3304e-05 2.8302e-05 3.1566e-06 0.00092002
0.00070876 1.3117e-05 2.8336e-05 3.1601e-06 0.00092038
0.00071487 1.2939e-05 2.8383e-05 3.1675e-06 0.00092084
0.00072141 1.277e-05 2.8444e-05 3.1789e-06 0.00092141
0.0007278 1.2591e-05 2.8498e-05 3.1872e-06 0.00092194
0.00073472 1.2423e-05 2.8569e-05 3.2004e-06 0.00092259
0.00074221 1.2265e-05 2.8657e-05 3.2186e-06 0.00092336
0.00075029 1.2118e-05 2.8762e-05 3.2418e-06 0.00092426
0.00075081 1.1981e-05 2.8885e-05 3.2702e-06 0.00092528
0.00075154 1.1855e-05 2.9026e-05 3.3041e-06 0.00092643
0.00075218 1.1717e-05 2.9158e-05 3.334e-06 0.00092753
0.00075266 1.2513e-05 2.9266e-05 3.7793e-06 0.00092853
0.00075295 1.4749e-05 2.9849e-05 4.1978e-06 0.00092941
0.00075307 1.6911e-05 3.0402e-05 4.5937e-06 0.00093019
0.00075304 1.9006e-05 3.0927e-05 4.9686e-06 0.00093087
0.00075286 2.1041e-05 3.1429e-05 5.3257e-06 0.00093146
0.00075286 2.3147e-05 3.1959e-05 5.7045e-06 0.00093217
0.00075279 2.5223e-05 3.2478e-05 6.0744e-06 0.00093283
