Nestor_notabilis Nettapus_auritus Nipponia_nippon Nothoprocta_perdicaria Opisthocomus_hoazin
4.8683e-05 0.00020352 1.3818e-05 0.18219 6.8041e-05
4.6702e-05 0.00020144 1.2677e-05 0.17988 6.6251e-05
4.4779e-05 0.00019935 1.1568e-05 0.17781 6.4459e-05
4.2833e-05 0.00019727 1.0446e-05 0.17565 6.2666e-05
4.0957e-05 0.00019518 9.3628e-06 0.17377 6.087e-05
3.9041e-05 0.00019309 8.2577e-06 0.17173 5.9073e-05
3.7211e-05 0.000191 7.1999e-06 0.17003 5.7274e-05
3.5484e-05 0.0001889 6.1991e-06 0.1687 5.5473e-05
3.3698e-05 0.00018681 6.0808e-06 0.17013 5.367e-05
3.1859e-05 0.00018471 5.9548e-06 0.17137 5.1866e-05
3.0124e-05 0.00018274 5.8384e-06 0.17299 5.0227e-05
2.8473e-05 0.00018088 5.7295e-06 0.17498 4.8723e-05
2.6768e-05 0.00017895 5.6126e-06 0.17672 4.7128e-05
2.5012e-05 0.00017698 5.4881e-06 0.17826 4.5457e-05
2.3356e-05 0.00017514 5.3729e-06 0.18023 4.3947e-05
2.1785e-05 0.0001734 5.2652e-06 0.18262 3.9138e-05
2.016e-05 0.00017438 5.1495e-06 0.18474 3.8465e-05
1.8615e-05 0.00017544 5.041e-06 0.18642 3.7857e-05
1.7144e-05 0.00017658 4.9395e-06 0.18849 3.7308e-05
1.5757e-05 0.00017781 4.8463e-06 0.19108 3.6824e-05
1.4325e-05 0.00017912 4.7596e-06 0.19418 3.6393e-05
1.285e-05 0.00018039 4.6658e-06 0.19788 3.5929e-05
1.1328e-05 0.0001816 4.565e-06 0.20255 3.5433e-05
9.878e-06 0.0001829 4.4707e-06 0.20808 3.4988e-05
9.7366e-06 0.00018413 4.369e-06 0.21305 3.4507e-05
9.583e-06 0.00018531 4.2604e-06 0.21758 3.3994e-05
9.4438e-06 0.0001866 4.1596e-06 0.22309 3.3542e-05
9.2908e-06 0.00018782 4.0514e-06 0.22805 3.3053e-05
9.1254e-06 0.000189 3.9363e-06 0.23255 3.2532e-05
8.9719e-06 0.00019026 3.8276e-06 0.23789 3.2063e-05
8.83e-06 0.00019162 3.7251e-06 0.2442 3.1643e-05
8.7019e-06 0.00019308 3.6299e-06 0.25188 3.1283e-05
8.5846e-06 0.00019283 3.5404e-06 0.26093 3.0967e-05
8.1442e-06 0.0001921 3.1959e-06 0.27222 2.988e-05
8.0384e-06 0.00019197 3.1116e-06 0.2756 2.9643e-05
7.9211e-06 0.0001919 3.021e-06 0.27864 2.938e-05
7.7922e-06 0.00019179 3.1861e-06 0.28233 2.909e-05
7.6759e-06 0.00018975 3.361e-06 0.28562 2.8848e-05
7.5695e-06 0.00018783 3.5446e-06 0.2883 2.8643e-05
7.475e-06 0.00018602 3.7393e-06 0.29164 2.8481e-05
7.3693e-06 0.00018432 3.9256e-06 0.29465 2.8292e-05
7.273e-06 0.00018271 4.1213e-06 0.29825 2.8139e-05
7.188e-06 0.00018122 4.329e-06 0.30141 2.8027e-05
7.112e-06 0.00017981 4.5472e-06 0.30519 2.7949e-05
7.0242e-06 0.00017834 4.7555e-06 0.30857 2.7845e-05
6.9255e-06 0.00017682 4.9549e-06 0.31162 2.7718e-05
6.8379e-06 0.00017541 5.1669e-06 0.31539 2.7631e-05
6.7611e-06 0.00017394 5.2856e-06 0.31989 2.7283e-05
6.6927e-06 0.00017255 5.412e-06 0.32524 2.6976e-05
6.6326e-06 0.00017125 5.5463e-06 0.33158 2.6708e-05
6.5806e-06 0.00017003 5.689e-06 0.33908 2.6477e-05
6.5387e-06 0.0001689 5.8423e-06 0.34835 2.6289e-05
6.4855e-06 0.00016772 5.9867e-06 0.35671 2.6074e-05
6.4422e-06 0.00016663 6.1418e-06 0.36686 2.59e-05
6.3877e-06 0.00016549 6.288e-06 0.37027 2.5701e-05
6.322e-06 0.00016429 6.4253e-06 0.3733 2.5474e-05
6.2641e-06 0.00016316 6.5715e-06 0.37724 2.5283e-05
6.1951e-06 0.00016199 6.7087e-06 0.38027 2.5065e-05
6.1148e-06 0.00016089 6.8371e-06 0.38255 2.4821e-05
6.024e-06 0.00015974 6.9574e-06 0.38459 2.4552e-05
5.9414e-06 0.00015867 7.0865e-06 0.38709 2.4319e-05
5.8475e-06 0.00015755 7.2067e-06 0.38929 2.4059e-05
5.7431e-06 0.00015638 7.3189e-06 0.39124 2.4742e-05
5.628e-06 0.00015517 7.4232e-06 0.39295 2.5388e-05
5.5211e-06 0.00015403 7.5361e-06 0.3951 2.6095e-05
5.4038e-06 0.00015285 7.6409e-06 0.39699 2.6764e-05
5.2965e-06 0.00015175 7.7563e-06 0.39943 2.6794e-05
5.1786e-06 0.00015061 7.8635e-06 0.4016 2.6802e-05
5.0687e-06 0.00014955 7.9796e-06 0.40426 2.6841e-05
4.9663e-06 0.00014855 8.1048e-06 0.40748 2.6914e-05
4.8712e-06 0.00014469 8.2395e-06 0.41135 2.702e-05
4.7833e-06 0.00014102 8.384e-06 0.41597 2.7161e-05
4.6847e-06 0.00013724 8.5189e-06 0.42011 2.7275e-05
4.5753e-06 0.00013334 8.6445e-06 0.4238 2.7364e-05
4.9087e-06 0.00012932 8.7608e-06 0.4271 2.7427e-05
5.2267e-06 0.00012553 8.868e-06 0.43003 2.7466e-05
5.5296e-06 0.0001216 8.9662e-06 0.43262 2.7479e-05
5.8505e-06 0.00011789 9.0754e-06 0.43618 2.7531e-05
6.1904e-06 0.00011438 9.1959e-06 0.44096 2.7621e-05
6.55e-06 0.00011106 9.3279e-06 0.44728 2.7752e-05
6.8955e-06 0.00010766 9.4518e-06 0.45303 2.7861e-05
7.2286e-06 0.00010418 9.5686e-06 0.45837 2.7952e-05
7.5789e-06 0.00010088 9.6953e-06 0.46471 2.8077e-05
7.9184e-06 9.7513e-05 9.8154e-06 0.47068 2.8184e-05
8.2691e-06 9.4262e-05 9.9419e-06 0.4774 2.8314e-05
8.6161e-06 9.1121e-05 1.0066e-05 0.48494 2.8467e-05
8.9593e-06 8.7946e-05 1.0189e-05 0.49221 2.861e-05
9.2988e-06 8.4742e-05 1.0309e-05 0.49873 2.8742e-05
9.6345e-06 8.1627e-05 1.0427e-05 0.50592 2.8894e-05
9.9664e-06 7.8483e-05 1.0542e-05 0.51288 2.9036e-05
1.0295e-05 7.5427e-05 1.0656e-05 0.52055 2.9197e-05
1.0619e-05 7.2456e-05 1.0768e-05 0.52899 2.9377e-05
1.094e-05 6.9457e-05 1.0877e-05 0.53716 2.9548e-05
1.1256e-05 6.6559e-05 1.0984e-05 0.53918 2.9743e-05
1.157e-05 6.3627e-05 1.1089e-05 0.5411 2.9927e-05
1.1879e-05 6.0796e-05 1.1192e-05 0.54333 3.0136e-05
1.2185e-05 5.8066e-05 1.1293e-05 0.54545 3.0373e-05
1.2486e-05 5.544e-05 1.1392e-05 0.54794 3.0641e-05
1.2784e-05 5.2928e-05 1.1489e-05 0.5509 3.0946e-05
1.3079e-05 5.0533e-05 1.1583e-05 0.55083 3.1292e-05
1.3369e-05 4.8077e-05 1.1675e-05 0.55061 3.1612e-05
1.3656e-05 4.5567e-05 1.1766e-05 0.55599 3.1912e-05
1.3939e-05 4.3159e-05 1.1854e-05 0.56219 3.2246e-05
1.4218e-05 4.0847e-05 1.194e-05 0.56933 3.1881e-05
1.4494e-05 3.8626e-05 1.2023e-05 0.5775 3.1552e-05
1.4765e-05 3.6359e-05 1.2105e-05 0.58515 3.1201e-05
1.5033e-05 3.4044e-05 1.2185e-05 0.59231 3.083e-05
1.5298e-05 3.1836e-05 1.2262e-05 0.5939 3.05e-05
1.5558e-05 2.9582e-05 1.2337e-05 0.59534 3.015e-05
1.5836e-05 2.7428e-05 1.2422e-05 0.59716 2.984e-05
1.6101e-05 2.5227e-05 1.25e-05 0.59879 2.9507e-05
1.635e-05 2.2965e-05 1.2568e-05 0.60021 2.9145e-05
1.6582e-05 2.0637e-05 1.2628e-05 0.61124 2.8751e-05
1.6798e-05 1.8435e-05 1.2677e-05 0.63535 2.8325e-05
1.7035e-05 1.6153e-05 1.2739e-05 0.65712 2.7953e-05
1.7295e-05 1.3993e-05 1.2814e-05 0.68349 2.763e-05
1.7524e-05 1.3748e-05 1.2879e-05 0.7071 2.728e-05
1.7777e-05 1.3485e-05 1.2958e-05 0.7357 2.6979e-05
1.8045e-05 1.3236e-05 1.3045e-05 0.76857 2.6711e-05
1.8305e-05 1.2978e-05 1.3127e-05 0.80025 2.6431e-05
1.8578e-05 1.273e-05 1.2708e-05 0.83566 2.6176e-05
1.8842e-05 1.2474e-05 1.2283e-05 0.86984 2.5909e-05
1.9118e-05 1.2227e-05 1.1871e-05 0.908 2.5667e-05
1.9408e-05 1.199e-05 1.1474e-05 0.94218 2.5449e-05
1.9689e-05 1.1745e-05 1.107e-05 0.97529 2.522e-05
1.9982e-05 1.1506e-05 1.0678e-05 0.98207 2.5011e-05
2.0265e-05 1.126e-05 1.0279e-05 0.98863 2.479e-05
2.0562e-05 1.1023e-05 9.894e-06 0.99617 2.4593e-05
2.0873e-05 1.0794e-05 9.5212e-06 0.99773 2.4417e-05
2.1196e-05 1.0572e-05 9.1587e-06 0.99803 2.426e-05
2.1509e-05 1.0342e-05 8.79e-06 0.99833 2.4092e-05
2.1813e-05 1.0104e-05 8.4156e-06 0.99862 2.3914e-05
2.213e-05 9.8732e-06 8.0513e-06 0.99896 2.3754e-05
2.2438e-05 9.6346e-06 7.6814e-06 0.99929 2.3584e-05
2.2738e-05 9.3885e-06 7.3057e-06 0.99962 2.3404e-05
2.3057e-05 9.1542e-06 6.9462e-06 0.99969 2.3253e-05
2.3396e-05 8.9296e-06 6.6003e-06 0.99967 2.3127e-05
2.372e-05 8.7169e-06 6.2451e-06 0.99964 2.2984e-05
2.4066e-05 8.5155e-06 5.9058e-06 0.99962 2.2871e-05
2.4395e-05 8.3018e-06 5.5553e-06 0.99959 2.2737e-05
2.4707e-05 8.0758e-06 5.1934e-06 0.99957 2.2583e-05
2.4998e-05 7.8278e-06 4.7962e-06 0.99954 2.2402e-05
2.5308e-05 7.5901e-06 4.4144e-06 0.99954 2.2247e-05
2.5633e-05 7.3594e-06 4.044e-06 0.99955 2.2113e-05
2.5976e-05 7.1372e-06 3.6867e-06 0.99941 2.2002e-05
2.6308e-05 6.9062e-06 3.3218e-06 0.99927 2.1877e-05
2.666e-05 6.6838e-06 2.97e-06 0.99916 2.1776e-05
2.7038e-05 6.4485e-06 2.6341e-06 0.99903 2.1705e-05
2.7439e-05 6.2232e-06 2.3113e-06 0.99893 2.1659e-05
2.7822e-05 5.9857e-06 1.9781e-06 0.99882 2.1594e-05
2.823e-05 5.7585e-06 1.6584e-06 0.9984 2.1555e-05
2.8669e-05 5.543e-06 1.3535e-06 0.99804 2.1547e-05
2.9139e-05 5.3386e-06 1.0625e-06 0.99776 2.1569e-05
2.9643e-05 5.1219e-06 1.044e-06 0.99745 2.157e-05
3.0137e-05 4.8978e-06 1.0225e-06 0.99713 2.1561e-05
3.0648e-05 4.678e-06 1.0008e-06 0.99686 2.1568e-05
3.1148e-05 4.4511e-06 9.7599e-07 0.99657 2.1565e-05
3.1669e-05 4.2296e-06 9.5134e-07 0.99634 2.158e-05
3.218e-05 4.0013e-06 9.2365e-07 0.9961 2.1586e-05
3.2681e-05 3.7662e-06 8.9302e-07 0.99585 2.1582e-05
3.3203e-05 3.5365e-06 8.6248e-07 0.99566 2.1598e-05
3.3714e-05 3.2996e-06 8.2892e-07 0.99546 2.1603e-05
3.4215e-05 3.056e-06 7.9241e-07 0.99526 2.1599e-05
3.4734e-05 2.8162e-06 7.5564e-07 0.99509 2.1611e-05
3.5243e-05 2.5694e-06 7.1584e-07 0.99492 2.1613e-05
3.574e-05 2.3155e-06 6.7302e-07 0.99475 2.1605e-05
3.626e-05 2.0668e-06 6.303e-07 0.99462 2.1616e-05
3.6761e-05 1.8084e-06 5.8387e-07 0.99447 2.1611e-05
4.0696e-05 1.5591e-06 6.4581e-07 0.99429 2.1585e-05
4.4502e-05 1.2974e-06 7.0278e-07 0.99409 2.174e-05
4.8205e-05 1.0468e-06 9.6571e-07 0.99401 2.1873e-05
5.2133e-05 1.0621e-06 1.2184e-06 0.99387 2.3462e-05
5.6183e-05 1.0757e-06 1.477e-06 0.99378 2.513e-05
6.0192e-05 1.084e-06 1.7308e-06 0.99368 2.6768e-05
6.416e-05 1.0868e-06 1.9798e-06 0.99357 2.8378e-05
6.8088e-05 1.0841e-06 2.224e-06 0.99346 2.9959e-05
7.1975e-05 1.0761e-06 2.4636e-06 0.99335 3.1511e-05
7.5819e-05 1.0625e-06 2.6981e-06 0.99323 3.3033e-05
7.9625e-05 1.0436e-06 2.9281e-06 0.99311 3.4529e-05
8.3395e-05 1.0193e-06 3.1537e-06 0.99298 3.6001e-05
8.7131e-05 9.8976e-07 3.3749e-06 0.99285 3.7447e-05
9.098e-05 9.5848e-07 3.6014e-06 0.99276 3.8964e-05
9.4788e-05 9.2171e-07 3.823e-06 0.99266 4.0451e-05
9.8491e-05 8.8515e-07 4.0352e-06 0.99252 4.1863e-05
0.00010215 8.4313e-07 4.2426e-06 0.99238 4.3248e-05
0.00010595 7.9979e-07 4.4564e-06 0.99229 4.4713e-05
0.0001097 7.5115e-07 4.6659e-06 0.99219 4.6155e-05
0.00011343 6.9722e-07 4.8709e-06 0.99209 4.7572e-05
0.00011712 6.38e-07 5.0717e-06 0.99198 4.8965e-05
0.00012094 5.7744e-07 5.2789e-06 0.99184 5.0442e-05
0.00012488 5.1504e-07 5.4915e-06 0.99174 5.1991e-05
0.00012877 4.4725e-07 5.6994e-06 0.99164 5.3512e-05
0.00013263 5.5056e-07 5.9028e-06 0.99153 5.5008e-05
0.00013663 6.5354e-07 6.1132e-06 0.99147 5.6593e-05
0.00014058 7.5043e-07 6.3179e-06 0.99139 5.814e-05
0.00014442 8.3971e-07 6.5134e-06 0.99126 5.9614e-05
0.00014846 9.3152e-07 6.72e-06 0.99055 6.122e-05
0.00015275 1.0261e-06 6.9405e-06 0.98998 6.1553e-05
0.00015726 1.1228e-06 6.9186e-06 0.98817 6.1944e-05
0.00016174 1.2137e-06 6.8928e-06 0.98629 6.2321e-05
0.00016637 1.3047e-06 6.8709e-06 0.98463 6.2737e-05
0.00017117 1.3959e-06 6.8529e-06 0.98277 6.3194e-05
0.00017615 1.4873e-06 6.8388e-06 0.98112 6.3694e-05
0.00018107 1.5729e-06 6.8205e-06 0.97941 6.4178e-05
0.00018594 1.6528e-06 6.7981e-06 0.97764 6.4645e-05
0.00019096 1.7322e-06 6.7787e-06 0.97605 6.5149e-05
0.00019614 1.8113e-06 6.7623e-06 0.97461 6.569e-05
0.00020147 1.8901e-06 6.7489e-06 0.97332 6.627e-05
0.00020676 1.9633e-06 6.7317e-06 0.97199 6.6834e-05
0.00021199 2.0306e-06 6.7105e-06 0.97062 6.7381e-05
0.00021715 2.0985e-06 6.6845e-06 0.96864 6.7904e-05
0.00022247 2.1666e-06 6.6617e-06 0.96686 6.8469e-05
0.00022774 2.2287e-06 6.635e-06 0.96501 6.9016e-05
0.00023319 2.291e-06 6.6115e-06 0.96298 6.9606e-05
0.00023883 2.3541e-06 6.5919e-06 0.96118 7.0245e-05
0.00024441 2.4111e-06 6.5682e-06 0.95931 7.0865e-05
0.00025022 2.4695e-06 6.5491e-06 0.95769 7.1541e-05
0.00025488 2.5324e-06 6.5229e-06 0.95638 7.2171e-05
0.00025941 2.5862e-06 6.4892e-06 0.95492 7.2753e-05
0.00026379 2.6434e-06 6.4621e-06 0.95371 7.3408e-05
0.00026845 2.7051e-06 6.4427e-06 0.95276 7.4154e-05
0.00027329 2.768e-06 6.4272e-06 0.95195 7.4955e-05
0.00027828 2.8316e-06 6.4149e-06 0.95126 7.581e-05
0.00028323 2.8891e-06 6.3985e-06 0.95053 7.6644e-05
0.00028835 2.9477e-06 6.3859e-06 0.94992 7.7537e-05
0.00029366 3.0076e-06 6.3769e-06 0.94946 7.8493e-05
0.00029916 3.0689e-06 6.3716e-06 0.9491 7.9514e-05
0.00030461 3.124e-06 6.3623e-06 0.94884 8.0512e-05
0.00031025 3.1805e-06 6.3567e-06 0.94869 8.1578e-05
0.00031607 3.2375e-06 6.3538e-06 0.94861 8.2704e-05
0.00032208 3.2954e-06 6.354e-06 0.94862 8.3896e-05
0.00032746 3.2296e-06 6.361e-06 0.94878 8.5202e-05
0.00033278 3.1573e-06 6.3638e-06 0.9489 8.6481e-05
0.00033805 3.0788e-06 6.3626e-06 0.94901 8.7732e-05
0.00034351 2.9942e-06 6.3653e-06 0.94921 8.7429e-05
0.00034892 2.9037e-06 6.3643e-06 0.94939 8.7112e-05
0.00035454 2.8147e-06 6.3669e-06 0.94967 8.6839e-05
0.00036009 2.7196e-06 6.3655e-06 0.94985 8.6548e-05
0.00036582 2.6252e-06 6.3669e-06 0.95012 8.6294e-05
0.00037173 2.5313e-06 6.3711e-06 0.95047 8.6077e-05
0.00037228 2.4381e-06 6.3782e-06 0.95091 8.5894e-05
0.00037281 2.3387e-06 6.3812e-06 0.95133 8.5695e-05
0.00037333 2.2333e-06 6.3804e-06 0.95172 8.5481e-05
0.00037389 2.1283e-06 6.3823e-06 0.9522 8.5302e-05
0.00037443 2.0173e-06 6.3803e-06 0.95266 8.5106e-05
0.00037496 1.9002e-06 6.3743e-06 0.95309 8.4895e-05
0.00037554 1.7845e-06 6.3721e-06 0.95363 8.4726e-05
0.00037619 1.6706e-06 6.3742e-06 0.9543 8.4602e-05
0.00037679 1.5614e-06 6.3695e-06 0.95518 8.4442e-05
0.0003775 1.4564e-06 6.3722e-06 0.95629 8.4349e-05
0.00037815 1.3539e-06 6.3683e-06 0.95632 8.4222e-05
0.00037876 1.2436e-06 6.3581e-06 0.95629 8.4063e-05
0.00037946 1.1367e-06 6.355e-06 0.9564 8.2527e-05
0.00038025 1.0315e-06 6.3574e-06 0.95663 8.1103e-05
0.00038099 9.1842e-07 6.3532e-06 0.9568 7.9615e-05
0.00038168 7.9722e-07 6.3423e-06 0.95715 7.8054e-05
0.00038231 8.5824e-07 6.3245e-06 0.95743 7.6407e-05
0.00038304 9.1987e-07 6.3131e-06 0.95786 7.4896e-05
0.0003837 9.7391e-07 6.2942e-06 0.9582 7.329e-05
0.00038406 1.0204e-06 6.2679e-06 0.95847 7.1594e-05
0.00038452 1.0684e-06 6.2493e-06 0.9589 7.006e-05
0.00038492 1.1088e-06 6.2234e-06 0.95926 6.844e-05
0.00038304 1.1507e-06 6.2052e-06 0.95978 6.6977e-05
0.00038109 1.1854e-06 6.1801e-06 0.96023 6.5441e-05
0.00037988 1.2208e-06 6.1482e-06 0.95985 6.3829e-05
0.00037877 1.2567e-06 6.1221e-06 0.95961 6.2343e-05
0.00037772 1.2914e-06 6.099e-06 0.95944 6.0932e-05
0.00037674 1.3254e-06 6.0797e-06 0.95925 5.9604e-05
0.00037573 1.3539e-06 6.0563e-06 0.95915 5.8249e-05
0.0003747 1.3768e-06 6.0291e-06 0.95903 5.6868e-05
0.00037374 1.3989e-06 6.0054e-06 0.959 5.5566e-05
0.00037276 1.4155e-06 5.9778e-06 0.95894 5.4238e-05
0.00037184 1.4315e-06 5.9539e-06 0.95898 5.2989e-05
0.00037102 1.4484e-06 5.936e-06 0.95914 5.1846e-05
0.00037031 1.4671e-06 5.9255e-06 0.95944 5.0813e-05
0.00036956 1.4792e-06 5.9096e-06 0.95969 4.974e-05
0.00036889 1.4918e-06 5.899e-06 0.96007 4.8752e-05
0.00036818 1.4982e-06 5.8835e-06 0.96041 4.7731e-05
0.00036756 1.5052e-06 5.8732e-06 0.96087 4.6789e-05
0.00036705 1.5042e-06 5.8703e-06 0.96152 4.5944e-05
0.00036663 1.5053e-06 5.8748e-06 0.96237 4.5189e-05
0.00036616 1.4986e-06 5.8721e-06 0.96312 4.4382e-05
0.00036566 1.4855e-06 5.8644e-06 0.96381 4.3545e-05
0.00036522 1.4718e-06 5.86e-06 0.96463 4.276e-05
0.00036474 1.452e-06 5.8511e-06 0.96539 4.1949e-05
0.00036433 1.4318e-06 5.8459e-06 0.9663 4.1191e-05
0.00036403 1.4037e-06 5.848e-06 0.96744 3.8592e-05
0.00036382 1.3776e-06 5.8576e-06 0.96886 3.6227e-05
0.00036371 1.3534e-06 5.8745e-06 0.97061 3.4075e-05
0.0003637 1.3311e-06 5.8989e-06 0.97276 3.2118e-05
0.00036364 1.301e-06 5.9166e-06 0.97472 3.1992e-05
0.00036353 1.2717e-06 5.9275e-06 0.97651 3.1838e-05
0.00036091 1.2348e-06 5.946e-06 0.9787 3.173e-05
0.00035818 1.1996e-06 5.9572e-06 0.98068 3.1594e-05
0.00035537 1.1571e-06 5.9616e-06 0.98249 3.1431e-05
0.00035246 1.1073e-06 5.9593e-06 0.98415 3.1794e-05
0.00034975 1.0591e-06 5.9646e-06 0.98617 3.2211e-05
0.00034721 1.0126e-06 5.9773e-06 0.9868 3.2687e-05
0.0003446 9.5844e-07 5.9827e-06 0.98736 3.3124e-05
0.00034189 9.0493e-07 5.9942e-06 0.98811 3.3611e-05
0.00033934 8.4421e-07 6.0144e-06 0.98879 3.4249e-05
0.00033689 7.8212e-07 6.0375e-06 0.98956 3.4924e-05
0.0003344 7.1454e-07 6.0566e-06 0.9903 3.5583e-05
0.00033199 6.4542e-07 6.0785e-06 0.99114 3.6278e-05
0.00032956 5.7095e-07 6.0966e-06 0.99195 3.6956e-05
0.0003271 4.9112e-07 6.111e-06 0.99274 3.7619e-05
0.00032474 4.0972e-07 6.1281e-06 0.99364 3.8319e-05
0.00032235 3.2287e-07 6.1413e-06 0.99451 3.9003e-05
0.00032006 2.3487e-07 6.1581e-06 0.99549 3.9731e-05
0.00031786 1.4572e-07 6.1786e-06 0.99563 4.0509e-05
0.00031562 1.6367e-07 6.1948e-06 0.99577 4.1266e-05
0.00031351 1.7884e-07 6.2162e-06 0.99569 4.2087e-05
0.00031154 1.918e-07 6.2453e-06 0.99567 4.3002e-05
0.0003095 2.0259e-07 6.2676e-06 0.99564 4.3871e-05
0.00030739 2.109e-07 6.2832e-06 0.99559 4.4694e-05
0.00030543 2.1707e-07 6.3064e-06 0.99517 4.5609e-05
0.0003034 2.1751e-07 6.3224e-06 0.99471 4.6473e-05
0.0003015 2.1577e-07 6.3459e-06 0.99434 4.743e-05
0.00029974 2.119e-07 6.3769e-06 0.99406 4.8491e-05
0.00029785 2.0236e-07 6.4032e-06 0.99377 4.9498e-05
0.00029589 3.0133e-07 6.4225e-06 0.99344 5.0451e-05
0.00029408 4.0194e-07 6.4496e-06 0.99319 5.151e-05
0.00029219 4.9492e-07 6.4693e-06 0.99292 5.251e-05
0.00029039 5.8776e-07 6.4938e-06 0.9927 5.3584e-05
0.00028857 6.7493e-07 6.5141e-06 0.99247 5.4634e-05
0.00028681 7.6106e-07 6.5377e-06 0.99229 5.5743e-05
0.00028503 8.4142e-07 6.5569e-06 0.9921 5.6825e-05
0.00028333 9.2149e-07 6.5804e-06 0.99196 5.7981e-05
0.00028159 9.952e-07 6.5987e-06 0.99181 5.91e-05
0.00027981 1.0625e-06 6.6118e-06 0.99164 6.0182e-05
0.00027814 1.131e-06 6.6315e-06 0.99153 6.1363e-05
0.00027659 1.1916e-06 6.6591e-06 0.9915 6.2671e-05
0.00027501 1.2463e-06 6.6821e-06 0.99146 6.3945e-05
0.0002735 1.3003e-06 6.7088e-06 0.99146 6.5295e-05
0.00027197 1.3486e-06 6.7313e-06 0.99146 6.6617e-05
0.00027051 1.3963e-06 6.7578e-06 0.9915 6.8021e-05
0.00026902 1.4386e-06 6.7804e-06 0.99153 6.9399e-05
0.0002676 1.4799e-06 6.8061e-06 0.99161 7.0851e-05
0.00026624 1.5204e-06 6.8352e-06 0.99173 7.2384e-05
0.00026495 1.5612e-06 6.8694e-06 0.9919 7.3351e-05
0.00026363 1.5954e-06 6.8981e-06 0.99206 7.4281e-05
0.0002624 1.6309e-06 6.9333e-06 0.99228 7.5301e-05
0.00026111 1.6686e-06 6.7157e-06 0.99258 7.5249e-05
0.00025991 1.7075e-06 6.5082e-06 0.99296 7.5246e-05
0.00025866 1.7387e-06 6.2918e-06 0.99331 7.5211e-05
0.00025735 1.7622e-06 6.0658e-06 0.99362 7.5137e-05
0.00025615 1.7885e-06 5.8537e-06 0.99358 7.5132e-05
0.00025505 1.8175e-06 5.6551e-06 0.99361 7.5194e-05
0.00025401 1.8459e-06 5.462e-06 0.99368 7.529e-05
0.00025302 1.8735e-06 5.2741e-06 0.99378 7.5418e-05
0.00025201 1.8956e-06 5.0818e-06 0.99388 7.5532e-05
0.00025105 1.917e-06 4.8945e-06 0.99401 7.5679e-05
0.00025008 1.9327e-06 4.7027e-06 0.99414 7.5811e-05
0.00024908 1.9427e-06 4.5063e-06 0.99427 7.5928e-05
0.00024812 1.925e-06 4.3147e-06 0.99443 7.6077e-05
0.00024716 1.9017e-06 4.1189e-06 0.99459 7.6213e-05
0.00024617 1.8727e-06 3.9185e-06 0.99475 7.6333e-05
0.00024524 1.8437e-06 3.7242e-06 0.99495 7.6493e-05
0.00024435 1.814e-06 3.5346e-06 0.99519 7.6687e-05
0.00024345 1.7784e-06 3.3404e-06 0.99542 7.6864e-05
0.00024262 1.7351e-06 3.1549e-06 0.99536 7.6061e-05
0.00024186 1.6922e-06 2.9755e-06 0.99533 7.5321e-05
0.00024113 1.6484e-06 2.8001e-06 0.99533 7.4626e-05
0.00024046 1.6045e-06 2.6295e-06 0.99533 7.3984e-05
0.00023984 1.5603e-06 2.4635e-06 0.99536 7.3391e-05
0.00023927 1.5157e-06 2.302e-06 0.99543 7.2846e-05
0.00023868 1.4653e-06 2.3325e-06 0.99549 7.2281e-05
0.00023807 1.4092e-06 2.3594e-06 0.99555 7.1697e-05
0.00023741 1.3449e-06 2.3755e-06 0.99567 7.1065e-05
0.00023411 1.2832e-06 2.3954e-06 0.99552 7.0517e-05
0.00023071 1.2138e-06 2.4102e-06 0.99534 6.9926e-05
0.00022719 1.1363e-06 2.4192e-06 0.99515 6.9287e-05
0.00022389 1.0505e-06 2.4322e-06 0.995 6.8732e-05
0.00022055 9.591e-07 2.4418e-06 0.99486 6.816e-05
0.00021732 8.6692e-07 2.4523e-06 0.99475 6.7628e-05
0.00021419 7.7389e-07 2.4636e-06 0.99468 6.7134e-05
0.00021102 6.7519e-07 2.4716e-06 0.99461 6.6623e-05
0.00020795 5.7555e-07 2.4805e-06 0.99457 6.6149e-05
0.00020485 6.6857e-07 2.486e-06 0.99453 6.5659e-05
0.00020184 7.6049e-07 2.4923e-06 0.99452 6.5205e-05
0.00019879 8.4676e-07 2.4952e-06 0.99451 6.4734e-05
0.00019589 9.3351e-07 2.5046e-06 0.99403 6.4315e-05
0.00019313 1.0216e-06 2.5169e-06 0.99363 6.3955e-05
0.00019051 1.1113e-06 2.5323e-06 0.99331 6.3651e-05
0.00018803 1.2034e-06 2.5508e-06 0.99295 6.2087e-05
0.00018547 1.2872e-06 2.5637e-06 0.99254 6.0437e-05
0.00018304 1.373e-06 2.5799e-06 0.99222 5.8922e-05
0.00018077 1.4504e-06 2.6003e-06 0.99111 5.7552e-05
0.00017846 1.5214e-06 2.6168e-06 0.98994 5.6143e-05
0.00017624 1.5931e-06 2.6354e-06 0.98893 5.4827e-05
0.00017411 1.665e-06 2.6556e-06 0.98807 5.3587e-05
0.00017206 1.7372e-06 2.6774e-06 0.98732 5.242e-05
0.00017009 1.8096e-06 2.7008e-06 0.98667 5.132e-05
0.00016818 1.8817e-06 2.7253e-06 0.98609 5.0277e-05
0.00016625 1.9479e-06 2.7464e-06 0.98549 4.9211e-05
0.0001644 2.0145e-06 2.7691e-06 0.98498 4.8209e-05
0.00016252 2.0755e-06 2.7886e-06 0.98445 4.7187e-05
0.0001607 2.1362e-06 2.8091e-06 0.984 4.6216e-05
0.00015886 2.191e-06 2.8261e-06 0.98352 4.5224e-05
0.00015708 2.2456e-06 2.8443e-06 0.98299 4.4283e-05
0.00015528 2.2943e-06 2.8591e-06 0.98244 4.3321e-05
0.00015345 2.3372e-06 2.8704e-06 0.98187 4.2338e-05
0.00015169 2.3806e-06 2.8834e-06 0.98139 4.1413e-05
0.00014991 2.4181e-06 2.893e-06 0.98089 4.0467e-05
0.0001482 2.4561e-06 2.9042e-06 0.98047 3.9577e-05
0.00014647 2.494e-06 2.9121e-06 0.98004 3.867e-05
0.00014479 2.5319e-06 2.9212e-06 0.97967 3.7808e-05
0.00014317 2.5696e-06 2.9314e-06 0.97937 3.6989e-05
0.00014161 2.6073e-06 2.9428e-06 0.97913 3.6212e-05
0.00014009 2.645e-06 2.9553e-06 0.97895 3.5475e-05
0.00013856 2.677e-06 2.9645e-06 0.97876 3.4723e-05
0.00013708 2.7089e-06 2.9749e-06 0.97863 3.4009e-05
0.00013558 2.7349e-06 2.9818e-06 0.97849 3.3278e-05
0.00013414 2.7617e-06 2.9905e-06 0.97841 3.2591e-05
0.00013274 2.7885e-06 3.0003e-06 0.97841 3.194e-05
0.00013133 2.8094e-06 3.0067e-06 0.97839 3.1273e-05
0.00012998 2.831e-06 3.0148e-06 0.97843 3.0646e-05
0.00012867 2.8535e-06 3.0247e-06 0.97731 3.0059e-05
0.00012735 2.8701e-06 3.0311e-06 0.97615 2.9456e-05
0.00012609 2.8875e-06 3.0394e-06 0.97513 2.8891e-05
0.00012486 2.905e-06 3.0488e-06 0.97425 2.8357e-05
0.00012369 2.9235e-06 3.0601e-06 0.97352 2.7858e-05
0.00012257 2.9428e-06 3.0732e-06 0.97289 2.7391e-05
0.00012143 2.9564e-06 3.083e-06 0.97224 2.6913e-05
0.00012034 2.9701e-06 3.094e-06 0.97168 2.6461e-05
0.00011922 2.9779e-06 3.1015e-06 0.9711 2.5996e-05
0.00011815 2.9858e-06 3.1102e-06 0.9706 2.5557e-05
0.00011706 2.9877e-06 3.1155e-06 0.97007 2.5104e-05
0.00011602 2.9907e-06 3.1227e-06 0.96965 2.4683e-05
0.00011504 2.9966e-06 3.1333e-06 0.9691 2.4303e-05
0.00011411 3.0046e-06 3.1466e-06 0.96866 2.3956e-05
0.00011315 3.0051e-06 3.1553e-06 0.96818 2.3589e-05
0.00010982 3.0095e-06 3.1522e-06 0.9679 2.3187e-05
0.00010638 3.0046e-06 3.143e-06 0.96756 2.2753e-05
0.00010314 3.0045e-06 3.1387e-06 0.96736 2.237e-05
9.9803e-05 3.0092e-06 3.1288e-06 0.96709 2.1959e-05
9.6377e-05 3.0053e-06 3.1135e-06 0.96676 2.1521e-05
9.287e-05 2.9934e-06 3.0932e-06 0.96638 2.1059e-05
8.9542e-05 2.9852e-06 3.0767e-06 0.96586 2.0641e-05
8.6145e-05 2.9695e-06 3.0557e-06 0.96529 2.0202e-05
8.2672e-05 3.5074e-06 3.0297e-06 0.96465 1.9739e-05
7.9355e-05 4.0654e-06 3.007e-06 0.96386 1.9316e-05
7.6156e-05 4.6389e-06 2.9862e-06 0.9632 1.8921e-05
7.2915e-05 5.202e-06 2.9617e-06 0.9625 1.8512e-05
6.9799e-05 5.2298e-06 2.9395e-06 0.9588 1.8133e-05
6.6648e-05 5.2509e-06 2.9138e-06 0.95497 1.7741e-05
6.3459e-05 5.2654e-06 2.8845e-06 0.951 1.7337e-05
6.0411e-05 5.2848e-06 2.8582e-06 0.94145 1.6967e-05
5.7473e-05 5.3074e-06 2.8338e-06 0.9329 1.6623e-05
5.4482e-05 5.3221e-06 2.8052e-06 0.92391 1.6262e-05
5.1431e-05 5.3284e-06 2.7721e-06 0.91432 1.5881e-05
4.8316e-05 5.3263e-06 2.7343e-06 0.90408 1.5479e-05
4.5123e-05 5.3147e-06 2.6914e-06 0.89298 1.5055e-05
4.2082e-05 5.309e-06 2.652e-06 0.88352 1.4667e-05
3.9213e-05 5.3108e-06 2.617e-06 0.8757 1.4321e-05
3.6505e-05 5.3203e-06 2.5863e-06 0.86923 1.4015e-05
3.372e-05 5.3197e-06 2.5502e-06 0.86377 1.3685e-05
3.0857e-05 5.3092e-06 2.5088e-06 0.85778 1.3333e-05
2.8157e-05 5.3065e-06 2.4718e-06 0.85286 1.302e-05
2.5589e-05 5.3099e-06 2.4382e-06 0.83796 1.2738e-05
2.5292e-05 5.3026e-06 2.3988e-06 0.82147 1.2432e-05
2.5023e-05 5.303e-06 2.3637e-06 0.80786 1.2161e-05
2.4776e-05 5.3095e-06 2.3317e-06 0.79157 1.1919e-05
2.4555e-05 5.3235e-06 2.3036e-06 0.77804 1.1707e-05
2.4352e-05 5.3425e-06 2.278e-06 0.76637 1.1517e-05
2.4168e-05 5.3522e-06 2.2549e-06 0.75628 1.1348e-05
2.3974e-05 5.3552e-06 2.2282e-06 0.74579 1.1169e-05
2.3794e-05 5.3613e-06 2.203e-06 0.73644 1.1006e-05
2.3624e-05 5.3692e-06 2.1786e-06 0.72618 1.0856e-05
2.3446e-05 5.3707e-06 2.1509e-06 0.71553 1.0696e-05
2.3278e-05 5.3739e-06 2.1239e-06 0.70586 1.0548e-05
2.3101e-05 5.3699e-06 2.0933e-06 0.69582 1.0391e-05
2.2934e-05 5.3677e-06 2.0635e-06 0.68669 1.0246e-05
2.2759e-05 5.3593e-06 2.0304e-06 0.67727 1.0093e-05
2.2594e-05 5.3526e-06 1.9981e-06 0.63142 9.9506e-06
2.2421e-05 5.3395e-06 1.9624e-06 0.58393 9.8e-06
2.226e-05 5.3292e-06 1.928e-06 0.5414 9.6627e-06
2.2111e-05 5.3219e-06 1.8947e-06 0.50339 9.5385e-06
2.1949e-05 6.0803e-06 1.857e-06 0.47091 9.4006e-06
2.1801e-05 6.8658e-06 1.821e-06 0.44239 9.2783e-06
2.1667e-05 7.6799e-06 1.7867e-06 0.42818 9.1711e-06
2.1525e-05 8.4808e-06 1.749e-06 0.41337 9.0552e-06
2.1374e-05 9.2688e-06 1.7078e-06 0.39795 8.9306e-06
2.1214e-05 1.0045e-05 1.6634e-06 0.38195 8.7977e-06
2.1066e-05 1.0845e-05 1.62e-06 0.36767 8.6774e-06
2.091e-05 1.1633e-05 1.5734e-06 0.36664 8.549e-06
2.0746e-05 1.241e-05 1.5235e-06 0.36554 8.4115e-06
2.0593e-05 1.321e-05 1.4747e-06 0.36466 8.286e-06
2.0432e-05 1.3999e-05 1.4226e-06 0.36371 8.1528e-06
2.0289e-05 1.4826e-05 1.4159e-06 0.36307 8.0388e-06
2.0135e-05 1.5636e-05 1.4056e-06 0.36232 7.9141e-06
1.9971e-05 1.6431e-05 1.3918e-06 0.36148 7.7799e-06
1.9822e-05 1.6419e-05 1.379e-06 0.36033 7.6602e-06
1.9662e-05 1.6398e-05 1.3629e-06 0.35908 7.5311e-06
1.9493e-05 1.6368e-05 1.3432e-06 0.35772 7.3924e-06
1.9309e-05 1.6324e-05 1.3193e-06 0.36025 7.2394e-06
1.9114e-05 1.627e-05 1.2916e-06 0.3626 7.0751e-06
1.8935e-05 1.6228e-05 1.2654e-06 0.36541 6.9277e-06
1.8774e-05 1.6201e-05 1.2408e-06 0.36881 6.7982e-06
1.8604e-05 1.6165e-05 1.2132e-06 0.37207 6.6608e-06
1.8427e-05 1.6122e-05 1.1824e-06 0.3752 6.5158e-06
1.8261e-05 1.6087e-05 1.1521e-06 0.37794 6.3815e-06
1.8105e-05 1.6061e-05 1.1221e-06 0.38107 6.2575e-06
1.7957e-05 1.604e-05 1.0921e-06 0.38454 6.1415e-06
1.7802e-05 1.6013e-05 1.0591e-06 0.38789 6.0185e-06
1.7657e-05 1.5993e-05 1.0264e-06 0.39168 5.9052e-06
1.7523e-05 1.5982e-05 9.9407e-07 0.39596 5.8015e-06
1.7402e-05 1.5982e-05 9.6258e-07 0.40092 5.1801e-06
1.7301e-05 1.5967e-05 9.266e-07 0.40735 5.1775e-06
1.7214e-05 1.5966e-05 8.9189e-07 0.41492 5.1865e-06
1.7143e-05 1.5978e-05 8.5837e-07 0.42443 5.2072e-06
1.7084e-05 1.6002e-05 8.2563e-07 0.4354 5.2381e-06
1.7037e-05 1.6036e-05 7.9341e-07 0.44794 5.2785e-06
1.7004e-05 1.6083e-05 7.621e-07 0.46262 5.3309e-06
1.6961e-05 1.612e-05 7.2725e-07 0.4764 5.3738e-06
1.6906e-05 1.6145e-05 6.8884e-07 0.48933 5.4072e-06
1.683e-05 1.6156e-05 6.4604e-07 0.50104 5.4277e-06
1.6765e-05 1.6176e-05 6.0352e-07 0.51427 5.4568e-06
1.6706e-05 1.6203e-05 5.6066e-07 0.52883 5.492e-06
1.6641e-05 1.6222e-05 5.1481e-07 0.54287 5.5203e-06
1.6567e-05 1.6233e-05 4.6603e-07 0.55648 5.5422e-06
1.6503e-05 1.6253e-05 4.1722e-07 0.57168 5.5718e-06
1.6432e-05 1.6265e-05 4.8599e-07 0.58634 5.5945e-06
1.6353e-05 1.6269e-05 5.5173e-07 0.60055 5.6108e-06
1.6267e-05 1.6266e-05 6.1444e-07 0.61431 5.6207e-06
1.619e-05 1.6271e-05 6.7764e-07 0.62744 5.6383e-06
1.6122e-05 1.6285e-05 7.414e-07 0.63995 5.6635e-06
1.6061e-05 1.6305e-05 8.0536e-07 0.65371 5.6948e-06
1.5992e-05 1.6317e-05 8.6615e-07 0.66699 5.7192e-06
1.5916e-05 1.6321e-05 9.2377e-07 0.6798 5.7369e-06
1.5833e-05 1.6318e-05 9.7833e-07 0.69222 5.7481e-06
1.5743e-05 1.6308e-05 1.0297e-06 0.70425 5.7529e-06
1.5661e-05 1.6305e-05 1.0817e-06 0.71769 5.7654e-06
1.5572e-05 1.6295e-05 1.1306e-06 0.73065 5.771e-06
1.5493e-05 1.6277e-05 1.1763e-06 0.74311 5.7702e-06
1.5406e-05 1.6252e-05 1.219e-06 0.75518 5.7628e-06
1.5311e-05 1.6219e-05 1.2586e-06 0.76686 5.749e-06
1.5226e-05 1.6195e-05 1.2988e-06 0.77768 5.743e-06
1.5148e-05 1.6177e-05 1.3393e-06 0.78958 5.743e-06
1.5076e-05 1.6166e-05 1.3801e-06 0.80266 5.7492e-06
1.5011e-05 1.6161e-05 1.4212e-06 0.8146 5.7614e-06
1.4939e-05 1.6148e-05 1.459e-06 0.82613 5.7668e-06
1.4875e-05 1.6143e-05 1.4977e-06 0.839 5.78e-06
1.4804e-05 1.6131e-05 1.5332e-06 0.85148 5.7867e-06
1.4741e-05 1.6127e-05 1.5696e-06 0.86543 5.8012e-06
1.4687e-05 1.6132e-05 1.6069e-06 0.88102 5.8237e-06
1.4643e-05 1.6147e-05 1.6457e-06 0.88494 5.8559e-06
1.4588e-05 1.6151e-05 1.6803e-06 0.88861 5.8784e-06
1.4546e-05 1.6167e-05 1.717e-06 0.89289 5.9126e-06
1.449e-05 1.6168e-05 2.127e-06 0.89679 5.9332e-06
1.4441e-05 1.6175e-05 2.5479e-06 0.90112 5.9605e-06
1.4399e-05 1.619e-05 2.9795e-06 0.90589 5.9943e-06
1.4363e-05 1.621e-05 3.4222e-06 0.90659 6.0345e-06
1.4333e-05 1.6238e-05 3.8763e-06 0.90742 6.0812e-06
1.431e-05 1.6271e-05 4.3424e-06 0.90839 6.1346e-06
1.4279e-05 1.6298e-05 4.8023e-06 0.90931 6.1814e-06
1.4257e-05 1.6332e-05 5.2767e-06 0.91041 6.2367e-06
1.4242e-05 1.6375e-05 5.7663e-06 0.91168 6.3006e-06
1.4234e-05 1.6424e-05 6.2691e-06 0.91291 6.3715e-06
1.4218e-05 1.6466e-05 6.7648e-06 0.91409 6.4353e-06
1.4195e-05 1.65e-05 7.2534e-06 0.91521 6.4919e-06
1.4178e-05 1.654e-05 7.7556e-06 0.9163 6.5559e-06
1.4155e-05 1.6573e-05 8.2511e-06 0.91733 6.613e-06
1.4137e-05 1.6613e-05 8.7606e-06 0.91852 6.6775e-06
1.4127e-05 1.6659e-05 9.2852e-06 0.91963 6.7496e-06
1.4122e-05 1.6713e-05 9.8244e-06 0.92088 6.8293e-06
1.411e-05 1.6758e-05 1.0356e-05 0.92209 6.9016e-06
1.4104e-05 1.681e-05 1.0903e-05 0.92151 6.9819e-06
1.4091e-05 1.6855e-05 1.1442e-05 0.92089 7.0548e-06
1.4086e-05 1.6908e-05 1.1999e-05 0.92041 7.1375e-06
1.4092e-05 1.6973e-05 1.2582e-05 0.91975 7.234e-06
1.411e-05 1.7051e-05 1.3191e-05 0.91901 7.3451e-06
1.4117e-05 1.7118e-05 1.3786e-05 0.91818 7.445e-06
1.4141e-05 1.7169e-05 1.436e-05 0.9172 7.5279e-06
1.4151e-05 1.7205e-05 1.4916e-05 0.9159 7.5964e-06
1.4174e-05 1.7255e-05 1.5499e-05 0.91494 7.68e-06
1.4183e-05 1.7291e-05 1.6063e-05 0.91365 7.7493e-06
1.4185e-05 1.7318e-05 1.6618e-05 0.9123 7.8107e-06
1.4179e-05 1.7335e-05 1.7165e-05 0.91088 7.8641e-06
1.4179e-05 1.736e-05 1.7108e-05 0.90333 7.9259e-06
1.4172e-05 1.7376e-05 1.7046e-05 0.89551 7.9802e-06
1.4173e-05 1.7402e-05 1.6992e-05 0.88851 8.0447e-06
1.418e-05 1.7434e-05 1.6943e-05 0.88084 8.1176e-06
1.418e-05 1.7458e-05 1.689e-05 0.8729 8.1828e-06
1.4172e-05 1.7474e-05 1.6832e-05 0.86468 8.2406e-06
1.4172e-05 1.7482e-05 1.6782e-05 0.85618 8.3088e-06
1.418e-05 1.7499e-05 1.6739e-05 0.84858 8.3876e-06
1.4197e-05 1.7525e-05 1.6704e-05 0.84178 8.4772e-06
1.4205e-05 1.7543e-05 1.6663e-05 0.83477 8.5596e-06
1.4222e-05 1.7569e-05 1.6631e-05 0.82851 8.6532e-06
1.4231e-05 1.7588e-05 1.6593e-05 0.82201 8.7387e-06
1.4257e-05 1.7624e-05 1.657e-05 0.8148 8.8461e-06
1.4269e-05 1.7646e-05 1.6537e-05 0.8069 8.9379e-06
1.4386e-05 1.7687e-05 1.6493e-05 0.79814 9.0132e-06
1.4489e-05 1.7711e-05 1.6439e-05 0.78848 9.0721e-06
1.4608e-05 1.7754e-05 1.6398e-05 0.78053 9.1526e-06
1.4847e-05 1.7783e-05 1.6349e-05 0.77182 9.218e-06
1.4668e-05 1.7831e-05 1.6313e-05 0.7622 9.3055e-06
1.4498e-05 1.7886e-05 1.6284e-05 0.75355 9.4039e-06
1.4339e-05 1.7952e-05 1.6263e-05 0.74589 9.5155e-06
1.4171e-05 1.8026e-05 1.6238e-05 0.73793 9.6187e-06
1.4011e-05 1.8107e-05 1.6218e-05 0.7307 9.732e-06
1.386e-05 1.8197e-05 1.6205e-05 0.72425 9.8577e-06
1.3701e-05 1.828e-05 1.6188e-05 0.71758 9.975e-06
1.3536e-05 1.8355e-05 1.6166e-05 0.7107 1.0085e-05
1.3363e-05 1.8422e-05 1.6139e-05 0.70357 1.0186e-05
1.3182e-05 1.8481e-05 1.6108e-05 0.69621 1.028e-05
1.3011e-05 1.855e-05 1.6084e-05 0.68963 1.0387e-05
1.2849e-05 1.8627e-05 1.6067e-05 0.68377 1.0506e-05
1.2678e-05 1.8697e-05 1.6046e-05 0.67769 1.0617e-05
1.2501e-05 1.8759e-05 1.602e-05 0.67141 1.0721e-05
1.2317e-05 1.8813e-05 1.5989e-05 0.6649 1.0817e-05
1.2149e-05 1.8886e-05 1.5972e-05 0.65758 1.0936e-05
1.1989e-05 1.8967e-05 1.596e-05 0.65097 1.1068e-05
1.1821e-05 1.9039e-05 1.5944e-05 0.6441 1.1191e-05
1.1646e-05 1.9104e-05 1.5923e-05 0.63698 1.1306e-05
1.1479e-05 1.9178e-05 1.591e-05 0.63064 1.1434e-05
1.132e-05 1.9262e-05 1.5904e-05 0.625 1.1577e-05
1.1177e-05 1.9362e-05 1.5875e-05 0.61881 1.1703e-05
1.1021e-05 1.9447e-05 1.5836e-05 0.612 1.1811e-05
1.0876e-05 1.9546e-05 1.5809e-05 0.60618 1.194e-05
1.0718e-05 1.9662e-05 1.5771e-05 0.59927 1.2051e-05
1.0547e-05 1.9761e-05 1.5724e-05 0.59164 1.2145e-05
1.0362e-05 1.9844e-05 1.5666e-05 0.58322 1.2221e-05
1.0189e-05 1.9944e-05 1.562e-05 0.57318 1.2317e-05
1.0003e-05 2.0027e-05 1.5564e-05 0.5621 1.2396e-05
9.8296e-06 2.0126e-05 1.5518e-05 0.55268 1.2496e-05
9.6684e-06 2.0241e-05 1.5484e-05 0.52286 1.2617e-05
9.496e-06 2.0343e-05 1.5442e-05 0.49074 1.2724e-05
9.3343e-06 2.046e-05 1.541e-05 0.46294 1.2851e-05
9.1607e-06 2.0562e-05 1.5369e-05 0.43279 1.2961e-05
9.0016e-06 2.0684e-05 1.5341e-05 0.40777 1.3099e-05
8.8546e-06 2.0828e-05 1.5304e-05 0.38653 1.3218e-05
8.719e-06 2.0988e-05 1.5277e-05 0.3612 1.3361e-05
8.5938e-06 2.1166e-05 1.5261e-05 0.33953 1.3528e-05
8.4811e-06 2.1365e-05 1.5258e-05 0.3215 1.3723e-05
8.3788e-06 2.1259e-05 1.5345e-05 0.30174 1.3947e-05
8.2691e-06 2.1144e-05 1.5426e-05 0.28111 1.416e-05
8.1653e-06 2.1039e-05 1.5514e-05 0.2627 1.4391e-05
8.066e-06 2.0943e-05 1.5609e-05 0.24246 1.4638e-05
7.9722e-06 2.0858e-05 1.5712e-05 0.22434 1.4905e-05
7.872e-06 2.0764e-05 1.581e-05 0.20564 1.5162e-05
7.7773e-06 2.0681e-05 1.5916e-05 0.18888 1.4816e-05
7.6878e-06 2.0608e-05 1.6029e-05 0.17387 1.4492e-05
7.6035e-06 2.0544e-05 1.6151e-05 0.16043 1.419e-05
7.5244e-06 2.0491e-05 1.6281e-05 0.14839 1.3908e-05
7.4386e-06 2.043e-05 1.6405e-05 0.1359 1.3616e-05
7.3465e-06 2.036e-05 1.6525e-05 0.12301 1.3314e-05
7.2595e-06 2.0301e-05 1.6653e-05 0.11147 1.3032e-05
7.1659e-06 2.0234e-05 1.6776e-05 0.099497 1.274e-05
7.0773e-06 2.0158e-05 1.6907e-05 0.088773 1.2468e-05
6.9824e-06 2.0074e-05 1.7034e-05 0.077698 1.2186e-05
6.8924e-06 2e-05 1.7169e-05 0.067775 1.1924e-05
6.8071e-06 1.9936e-05 1.7312e-05 0.058886 1.1679e-05
6.7267e-06 1.9882e-05 1.7465e-05 0.050936 1.1451e-05
6.6537e-06 1.9843e-05 1.763e-05 0.044088 1.1247e-05
6.5712e-06 1.979e-05 1.7786e-05 0.03669 1.1027e-05
6.4781e-06 1.9722e-05 1.7932e-05 0.028586 1.0787e-05
6.3932e-06 1.967e-05 1.8091e-05 0.021686 1.0573e-05
6.3165e-06 1.9634e-05 1.8265e-05 0.015808 1.0383e-05
6.8201e-06 1.9583e-05 1.8427e-05 0.014855 1.0174e-05
7.3533e-06 1.9551e-05 1.8607e-05 0.014082 9.9936e-06
7.8694e-06 1.9506e-05 1.8777e-05 0.013228 9.7973e-06
8.4133e-06 1.9478e-05 1.8964e-05 0.012524 9.6256e-06
8.9816e-06 1.9464e-05 1.9164e-05 0.011737 9.4733e-06
9.5319e-06 1.9437e-05 1.9355e-05 0.01087 9.3062e-06
9.6062e-06 1.9426e-05 1.9561e-05 0.010176 9.1598e-06
9.6677e-06 1.9399e-05 1.9753e-05 0.0093914 8.9954e-06
9.7424e-06 1.9391e-05 1.9961e-05 0.008752 8.8515e-06
9.8042e-06 1.9367e-05 2.0155e-05 0.0080283 8.6898e-06
9.8768e-06 1.9359e-05 2.0365e-05 0.007418 8.548e-06
9.9601e-06 1.9366e-05 2.0592e-05 0.0069216 8.4253e-06
1.0033e-05 1.936e-05 2.0812e-05 0.007129 8.2895e-06
1.0113e-05 1.9365e-05 2.1044e-05 0.0073737 8.1668e-06
1.0202e-05 1.9383e-05 2.129e-05 0.0076664 8.059e-06
1.0282e-05 1.9411e-05 2.1529e-05 0.0074553 7.9409e-06
1.0354e-05 1.9429e-05 2.1759e-05 0.0072179 7.8124e-06
1.0434e-05 1.9436e-05 2.2004e-05 0.0070239 7.6987e-06
1.0521e-05 1.9454e-05 2.2261e-05 0.0068631 7.5966e-06
1.06e-05 1.9461e-05 2.251e-05 0.0066779 7.4846e-06
1.0688e-05 1.948e-05 2.2775e-05 0.006531 7.3862e-06
1.0787e-05 1.9515e-05 2.3058e-05 0.0064289 7.3038e-06
1.0874e-05 1.9535e-05 2.3327e-05 0.0062924 7.2078e-06
1.0948e-05 1.9575e-05 2.3583e-05 0.0061159 7.0964e-06
1.0633e-05 1.963e-05 2.3432e-05 0.005986 7.0015e-06
1.0302e-05 1.967e-05 2.3267e-05 0.0058165 6.891e-06
9.9887e-06 1.9727e-05 2.3118e-05 0.0056093 6.7968e-06
9.696e-06 1.9802e-05 2.2989e-05 0.0054585 6.7215e-06
9.4228e-06 1.9898e-05 2.2877e-05 0.0052678 6.6645e-06
9.1682e-06 2.0014e-05 2.2784e-05 0.0051305 6.6251e-06
8.9313e-06 2.015e-05 2.2708e-05 0.0050415 6.603e-06
8.7113e-06 2.0308e-05 2.265e-05 0.0049974 6.598e-06
8.5045e-06 2.0482e-05 2.2605e-05 0.0049892 6.6071e-06
8.2835e-06 2.064e-05 2.2549e-05 0.0049476 6.6021e-06
8.0756e-06 2.0819e-05 2.2507e-05 0.0049492 6.6111e-06
7.8801e-06 2.1016e-05 2.248e-05 0.0049865 6.6344e-06
7.6993e-06 2.1237e-05 2.2469e-05 0.0049932 6.3626e-06
7.5062e-06 2.144e-05 2.2448e-05 0.0049694 6.0723e-06
7.2995e-06 2.1626e-05 2.2415e-05 0.0049122 5.761e-06
7.1046e-06 2.183e-05 2.2396e-05 0.0048904 5.4749e-06
6.9024e-06 2.2025e-05 2.2371e-05 0.004852 5.1794e-06
6.7071e-06 2.2232e-05 2.2355e-05 0.0048356 4.8997e-06
6.5047e-06 2.2431e-05 2.2334e-05 0.0048029 4.6109e-06
6.2951e-06 2.262e-05 2.2307e-05 0.0047538 4.3129e-06
6.0907e-06 2.2819e-05 2.2287e-05 0.0047224 4.0276e-06
5.8914e-06 2.3009e-05 2.2275e-05 0.0047085 3.7544e-06
5.6969e-06 2.3209e-05 2.227e-05 0.0047119 3.4926e-06
5.5085e-06 2.3421e-05 2.2275e-05 0.0047369 3.2441e-06
5.3122e-06 2.3623e-05 2.2273e-05 0.0047428 2.9854e-06
5.1242e-06 2.3841e-05 2.2282e-05 0.0047774 2.7433e-06
4.945e-06 2.4078e-05 2.2304e-05 0.0048443 2.5178e-06
4.7774e-06 2.4295e-05 2.2343e-05 0.0049565 2.3125e-06
4.5978e-06 2.4494e-05 2.237e-05 0.0050338 2.0917e-06
4.4295e-06 2.4717e-05 2.2414e-05 0.005158 1.8903e-06
4.272e-06 2.4923e-05 2.2475e-05 0.0049721 1.7082e-06
4.1247e-06 2.5154e-05 2.2553e-05 0.0042316 1.5418e-06
3.9869e-06 2.541e-05 2.2649e-05 0.0036201 1.3897e-06
3.8583e-06 2.5693e-05 2.2762e-05 0.0031605 1.2506e-06
3.7386e-06 2.5958e-05 2.2864e-05 0.003225 1.1005e-06
3.6089e-06 2.625e-05 2.2985e-05 0.003326 9.626e-07
3.4693e-06 2.6569e-05 2.3123e-05 0.0031764 8.358e-07
3.3365e-06 2.6918e-05 2.3281e-05 0.003067 7.1892e-07
3.1939e-06 2.7296e-05 2.3457e-05 0.0029262 6.1094e-07
3.0598e-06 2.7706e-05 2.3655e-05 0.0028233 5.1089e-07
2.9159e-06 2.8148e-05 2.3839e-05 0.0027625 4.0206e-07
2.7803e-06 2.8562e-05 2.4044e-05 0.0027332 3.0065e-07
2.6351e-06 2.8956e-05 2.4236e-05 0.0027383 3.1424e-07
2.4961e-06 2.9376e-05 2.4446e-05 0.0027683 3.2815e-07
2.363e-06 2.9825e-05 2.4674e-05 0.0028239 3.4247e-07
2.2354e-06 3.0252e-05 2.4921e-05 0.0029066 3.5731e-07
2.1146e-06 3.0713e-05 2.519e-05 0.0030254 3.735e-07
2.0001e-06 3.121e-05 2.55e-05 0.0031845 3.9117e-07
1.8901e-06 3.1685e-05 2.5831e-05 0.0035385 4.0972e-07
1.7708e-06 3.2206e-05 2.6145e-05 0.0038453 4.2183e-07
1.6428e-06 3.2759e-05 2.6439e-05 0.0040658 5.0723e-07
1.5193e-06 3.3345e-05 2.6755e-05 0.0042371 5.975e-07
1.3866e-06 3.3906e-05 2.7054e-05 0.0043729 6.7899e-07
1.2597e-06 3.4439e-05 2.738e-05 0.0044463 7.6716e-07
1.1263e-06 3.495e-05 2.7691e-05 0.004556 8.469e-07
1.0349e-06 3.5437e-05 2.7986e-05 0.0046347 9.1834e-07
9.4584e-07 3.5957e-05 2.8303e-05 0.0047506 9.9499e-07
1.0432e-06 3.645e-05 2.8604e-05 0.0048318 1.0626e-06
1.1429e-06 3.6974e-05 2.8925e-05 0.004949 1.1352e-06
1.2352e-06 3.7477e-05 2.9233e-05 0.0050361 1.1997e-06
1.3302e-06 3.8012e-05 2.9562e-05 0.0051622 1.2697e-06
1.4155e-06 3.8523e-05 2.9883e-05 0.005252 1.3311e-06
1.5012e-06 3.9056e-05 3.0217e-05 0.0053654 1.3951e-06
1.5814e-06 3.9576e-05 3.0545e-05 0.0054613 1.4535e-06
1.6623e-06 4.0119e-05 3.0888e-05 0.0055829 1.5149e-06
1.744e-06 4.0684e-05 3.1246e-05 0.0057315 1.5793e-06
1.8267e-06 4.1273e-05 3.1621e-05 0.005909 1.6471e-06
1.9096e-06 4.1882e-05 3.2009e-05 0.0061117 1.7173e-06
1.9938e-06 4.2516e-05 3.2415e-05 0.0063483 1.7913e-06
2.0724e-06 4.3138e-05 3.2813e-05 0.0065651 1.8596e-06
2.1525e-06 4.3024e-05 3.3229e-05 0.0068186 1.9321e-06
2.2332e-06 4.29e-05 3.3638e-05 0.0070517 1.9988e-06
2.3156e-06 4.2794e-05 3.4065e-05 0.0073236 2.0698e-06
2.3924e-06 4.2679e-05 3.4485e-05 0.0075757 2.1352e-06
2.4638e-06 4.2554e-05 3.4898e-05 0.0078083 2.195e-06
2.5359e-06 4.2443e-05 3.5326e-05 0.0080726 2.2578e-06
2.6094e-06 4.2348e-05 3.5773e-05 0.0083782 2.325e-06
2.6774e-06 4.2244e-05 3.6212e-05 0.0086627 2.3864e-06
2.7465e-06 4.2154e-05 3.6669e-05 0.008986 2.4516e-06
2.8095e-06 4.208e-05 3.7116e-05 0.0092823 2.5102e-06
2.875e-06 4.1993e-05 3.7585e-05 0.009634 2.5748e-06
2.9464e-06 4.1937e-05 3.7513e-05 0.0096786 2.6503e-06
3.0086e-06 4.1859e-05 3.7426e-05 0.0096794 2.7146e-06
3.0616e-06 4.1759e-05 3.7323e-05 0.0096404 2.7679e-06
3.1205e-06 4.1689e-05 3.7244e-05 0.0096641 2.8321e-06
3.1853e-06 4.165e-05 3.7187e-05 0.0097609 2.9076e-06
3.2409e-06 4.1589e-05 3.7115e-05 0.0098132 2.9718e-06
3.6969e-06 4.0232e-05 3.5777e-05 0.010527 3.7637e-06
3.691e-06 4.0155e-05 3.5712e-05 0.01045 3.7856e-06
3.6912e-06 4.0108e-05 3.5668e-05 0.01047 3.8197e-06
3.6329e-06 3.9807e-05 3.5428e-05 0.010343 3.8914e-06
3.6183e-06 3.9755e-05 3.5386e-05 0.010363 3.9161e-06
3.6097e-06 3.9732e-05 3.5366e-05 0.010448 3.9531e-06
3.6072e-06 3.9738e-05 3.5368e-05 0.010613 3.7709e-06
3.6109e-06 3.9774e-05 3.4944e-05 0.010626 3.6075e-06
3.6047e-06 3.979e-05 3.4553e-05 0.01027 3.4618e-06
3.6032e-06 3.8969e-05 3.4187e-05 0.01 3.3301e-06
3.6081e-06 3.8191e-05 3.3802e-05 0.0098162 3.1847e-06
3.6036e-06 3.7385e-05 3.3406e-05 0.0095875 3.0253e-06
3.6038e-06 3.6621e-05 3.3036e-05 0.0086295 2.8793e-06
3.6086e-06 3.5826e-05 3.269e-05 0.0075557 2.746e-06
3.6047e-06 3.4998e-05 3.2327e-05 0.007457 2.6006e-06
3.6069e-06 3.4221e-05 3.1992e-05 0.0068482 2.4699e-06
3.5998e-06 3.3412e-05 3.164e-05 0.00615 2.3263e-06
3.5988e-06 3.2571e-05 3.1317e-05 0.0055782 2.1969e-06
3.6039e-06 3.178e-05 3.102e-05 0.0051555 2.0819e-06
3.5997e-06 3.0958e-05 3.0706e-05 0.0046726 1.955e-06
3.5861e-06 3.0103e-05 3.0375e-05 0.0041246 1.8158e-06
3.5785e-06 2.9299e-05 3.0071e-05 0.0034346 1.6893e-06
3.5766e-06 2.8541e-05 2.9791e-05 0.0028616 1.574e-06
3.5805e-06 2.7827e-05 2.9535e-05 0.0023857 1.4692e-06
3.4431e-06 2.715e-05 2.93e-05 0.0019805 1.3723e-06
3.3124e-06 2.6509e-05 2.9084e-05 0.0016352 1.2828e-06
3.1883e-06 2.5901e-05 2.8887e-05 0.0013405 1.2001e-06
3.0545e-06 2.5332e-05 2.8676e-05 0.0013829 1.1083e-06
2.9287e-06 2.4799e-05 2.8488e-05 0.0014467 1.0246e-06
2.8104e-06 2.4301e-05 2.7587e-05 0.0013402 9.4833e-07
2.6822e-06 2.378e-05 2.6944e-05 0.0012238 8.6282e-07
2.5597e-06 2.3287e-05 2.6336e-05 0.0011278 7.8285e-07
2.4441e-06 2.2821e-05 2.5766e-05 0.0010538 7.0934e-07
2.3337e-06 2.2382e-05 2.5226e-05 0.00073198 6.4031e-07
2.2143e-06 2.2851e-05 2.4667e-05 0.0007144 7.1366e-07
2.1013e-06 2.3354e-05 2.4143e-05 0.00070908 7.9323e-07
2.2696e-06 2.3835e-05 2.36e-05 0.00068787 8.6458e-07
2.4447e-06 2.3714e-05 2.3086e-05 0.00067573 9.4091e-07
2.6292e-06 2.3616e-05 2.2605e-05 0.00067502 1.0243e-06
2.8029e-06 2.3536e-05 2.215e-05 0.00065012 9.9655e-07
2.9864e-06 2.3478e-05 2.1724e-05 0.00063683 9.7354e-07
3.1805e-06 2.34e-05 2.128e-05 0.00060689 9.4259e-07
3.3641e-06 2.3306e-05 2.0821e-05 0.00056152 9.043e-07
3.5563e-06 2.3231e-05 2.0386e-05 0.00052498 8.695e-07
3.7575e-06 2.3173e-05 1.9975e-05 0.00049618 8.3791e-07
3.9485e-06 2.31e-05 1.955e-05 0.00045349 7.9949e-07
4.1508e-06 2.309e-05 1.9152e-05 0.00042021 7.6516e-07
4.3653e-06 2.3065e-05 1.878e-05 0.00039555 7.3479e-07
4.5905e-06 2.3057e-05 1.843e-05 0.00037653 7.0709e-07
4.8268e-06 2.3071e-05 1.8099e-05 0.00036268 6.8189e-07
5.051e-06 2.3068e-05 1.7755e-05 0.00033531 6.4976e-07
5.2893e-06 2.3087e-05 1.7434e-05 0.00031485 6.2106e-07
5.5426e-06 2.3127e-05 1.7135e-05 0.00030055 5.9552e-07
5.7821e-06 2.3189e-05 1.6822e-05 0.00042852 5.6283e-07
6.0341e-06 2.3269e-05 1.6528e-05 0.00057522 5.3222e-07
6.2993e-06 2.3366e-05 1.6251e-05 0.00074449 5.0348e-07
6.5784e-06 2.3482e-05 1.5991e-05 0.00094075 4.7643e-07
6.8752e-06 2.362e-05 1.575e-05 0.00096214 4.5177e-07
7.1909e-06 2.3741e-05 1.5528e-05 0.0009994 4.2927e-07
7.4908e-06 2.3843e-05 1.5293e-05 0.0010175 4.0166e-07
7.8065e-06 2.3968e-05 1.5073e-05 0.0010484 3.752e-07
8.1385e-06 2.4111e-05 1.4867e-05 0.0010924 3.4968e-07
8.456e-06 2.4238e-05 1.465e-05 0.0011185 3.1809e-07
8.7915e-06 2.4384e-05 1.4448e-05 0.001163 2.8744e-07
9.1488e-06 2.4554e-05 1.4263e-05 0.0011872 2.5824e-07
9.5252e-06 2.4743e-05 1.4091e-05 0.001226 2.2956e-07
9.8855e-06 2.4914e-05 1.3909e-05 0.0012459 2.8723e-07
1.023e-05 2.5105e-05 1.3716e-05 0.0012472 3.3823e-07
1.0593e-05 2.5316e-05 1.3537e-05 0.0012625 3.912e-07
1.0938e-05 2.5508e-05 1.3346e-05 0.0012579 4.3711e-07
1.1307e-05 2.5725e-05 1.3172e-05 0.0012724 4.8628e-07
1.1701e-05 2.5924e-05 1.3013e-05 0.0013058 5.3915e-07
1.2122e-05 2.6145e-05 1.2868e-05 0.0013593 5.962e-07
1.257e-05 2.6391e-05 1.2738e-05 0.0014348 6.5791e-07
1.2997e-05 2.6618e-05 1.2597e-05 0.0014864 7.1162e-07
1.3407e-05 2.6871e-05 1.2447e-05 0.0015176 7.575e-07
1.384e-05 2.7146e-05 1.2308e-05 0.0015708 8.0682e-07
1.4254e-05 2.7445e-05 1.216e-05 0.0016518 8.4867e-07
1.4652e-05 2.7726e-05 1.2002e-05 0.0017126 8.8355e-07
1.5076e-05 2.8034e-05 1.1858e-05 0.0017964 9.2245e-07
1.5483e-05 2.8324e-05 1.1705e-05 0.0018595 9.5432e-07
1.5916e-05 2.864e-05 1.1565e-05 0.0019469 9.9037e-07
1.6339e-05 2.8947e-05 1.142e-05 0.0020208 1.0213e-06
1.6778e-05 2.9269e-05 1.1282e-05 0.0021081 1.0536e-06
1.7233e-05 2.9607e-05 1.115e-05 0.00221 1.0874e-06
1.7706e-05 2.9961e-05 1.1026e-05 0.0023277 1.1228e-06
1.8168e-05 3.0305e-05 1.0897e-05 0.0024311 1.153e-06
2.4981e-05 3.5179e-05 8.4983e-06 0.002979 1.1198e-06
2.5397e-05 3.547e-05 8.339e-06 0.0029737 1.0921e-06
2.5831e-05 3.5779e-05 8.1861e-06 0.0029838 1.0659e-06
2.6256e-05 3.6078e-05 8.0288e-06 0.0029805 1.0348e-06
2.6671e-05 3.6367e-05 7.8672e-06 0.002964 9.9869e-07
2.7105e-05 3.6674e-05 7.7118e-06 0.0029629 9.6403e-07
2.7557e-05 3.6998e-05 7.5625e-06 0.0029771 9.307e-07
2.8028e-05 3.734e-05 7.4191e-06 0.0030069 8.9859e-07
2.8489e-05 3.7671e-05 7.2713e-06 0.0030227 8.6146e-07
2.8938e-05 3.7991e-05 7.1183e-06 0.0030228 8.1964e-07
2.9406e-05 3.8328e-05 6.9709e-06 0.0030376 7.7881e-07
2.9893e-05 3.8682e-05 6.8289e-06 0.0030718 7.3889e-07
3.04e-05 3.9055e-05 6.6923e-06 0.0031295 6.9993e-07
3.0895e-05 3.9416e-05 6.5508e-06 0.0031715 6.5575e-07
3.141e-05 3.9795e-05 6.4146e-06 0.0032297 6.123e-07
3.1906e-05 4.0204e-05 6.2711e-06 0.0032644 5.6373e-07
3.2383e-05 4.0594e-05 6.1208e-06 0.0032771 5.0877e-07
3.2895e-05 4.1018e-05 5.98e-06 0.0033202 4.5706e-07
3.344e-05 4.1473e-05 5.8478e-06 0.0034081 4.0782e-07
3.3956e-05 4.1903e-05 5.7068e-06 0.0034661 3.8438e-07
3.4499e-05 4.2359e-05 5.5724e-06 0.0035466 3.6109e-07
3.5076e-05 4.2845e-05 5.4456e-06 0.0032867 3.3842e-07
3.5678e-05 4.3355e-05 5.3236e-06 0.0030566 3.1517e-07
3.6304e-05 4.3888e-05 5.2063e-06 0.0028527 2.9123e-07
3.6956e-05 4.4444e-05 5.0933e-06 0.0026725 2.6649e-07
3.7596e-05 4.4988e-05 4.9762e-06 0.0024759 2.3725e-07
3.8225e-05 4.5521e-05 4.855e-06 0.0022627 2.035e-07
3.8879e-05 4.6077e-05 4.7381e-06 0.0020721 1.689e-07
3.9559e-05 4.6657e-05 4.6254e-06 0.0019019 1.3334e-07
4.0267e-05 4.6064e-05 4.5166e-06 0.0017499 9.6713e-08
4.0962e-05 4.5459e-05 4.4039e-06 0.0015831 1.293e-07
4.1686e-05 4.4878e-05 4.295e-06 0.0014332 1.6063e-07
4.2433e-05 4.4317e-05 4.1891e-06 0.0012953 1.9044e-07
4.3206e-05 4.3776e-05 4.086e-06 0.0011681 2.1878e-07
4.3966e-05 4.3224e-05 3.9792e-06 0.0010283 2.4277e-07
4.4757e-05 4.2695e-05 3.876e-06 0.00090127 2.6573e-07
4.5535e-05 4.2154e-05 3.7688e-06 0.00076118 2.8404e-07
4.6301e-05 4.1603e-05 3.6579e-06 0.00060855 2.9801e-07
4.7092e-05 4.1071e-05 3.5498e-06 0.00046542 3.1058e-07
4.7931e-05 4.0525e-05 3.4374e-06 0.00051782 3.1899e-07
4.8756e-05 3.9969e-05 3.3211e-06 0.0005599 3.2294e-07
4.9568e-05 3.94e-05 3.2009e-06 0.00059175 3.2244e-07
5.0412e-05 3.8855e-05 3.0843e-06 0.00062731 3.2093e-07
5.129e-05 3.8331e-05 2.971e-06 0.00066702 3.1841e-07
5.2153e-05 3.7796e-05 2.8538e-06 0.00069626 3.1144e-07
5.3051e-05 3.7283e-05 2.74e-06 0.00072994 3.0344e-07
5.3979e-05 3.6787e-05 2.6285e-06 0.00076671 2.9401e-07
5.4938e-05 3.6308e-05 2.5193e-06 0.00080689 2.8314e-07
5.5883e-05 3.5819e-05 2.4065e-06 0.00083669 2.6792e-07
5.6814e-05 3.532e-05 2.2901e-06 0.00085615 2.4836e-07
5.7783e-05 3.4841e-05 2.1767e-06 0.00088093 2.2771e-07
5.7438e-05 3.4383e-05 2.0662e-06 0.000915 2.0592e-07
5.7116e-05 3.3943e-05 1.9584e-06 0.0009552 1.8291e-07
5.6813e-05 3.352e-05 1.8525e-06 0.001 1.5826e-07
5.6499e-05 3.3086e-05 1.7429e-06 0.0010335 1.2924e-07
5.6174e-05 3.2641e-05 1.6298e-06 0.0010562 1.8346e-07
5.5838e-05 3.2186e-05 1.5129e-06 0.0010676 2.3298e-07
5.5491e-05 3.1721e-05 1.6225e-06 0.0010858 2.7782e-07
5.5166e-05 3.1274e-05 1.7346e-06 0.0011107 3.2246e-07
5.483e-05 3.0816e-05 1.843e-06 0.0011243 3.6241e-07
5.4512e-05 3.0374e-05 1.9533e-06 0.0008558 4.0182e-07
5.4184e-05 2.9922e-05 2.0601e-06 0.00092102 4.3663e-07
5.3846e-05 2.946e-05 2.1632e-06 0.00097487 4.6675e-07
5.3525e-05 2.9013e-05 2.2683e-06 0.0010362 4.9629e-07
5.3194e-05 2.8555e-05 2.3696e-06 0.0010859 5.2111e-07
5.2885e-05 2.8116e-05 2.4737e-06 0.0011436 5.4592e-07
5.2593e-05 2.7691e-05 2.5799e-06 0.0012074 5.7026e-07
5.229e-05 2.7284e-05 2.6823e-06 0.0012593 5.8982e-07
5.2006e-05 2.689e-05 2.787e-06 0.0013179 6.09e-07
5.1709e-05 2.6485e-05 2.8876e-06 0.0013632 6.2318e-07
5.14e-05 2.6069e-05 2.9841e-06 0.0013954 6.3238e-07
5.1298e-05 2.564e-05 3.0759e-06 0.00204 6.3617e-07
5.1216e-05 2.5227e-05 3.1707e-06 0.0027556 6.401e-07
5.1124e-05 2.4805e-05 3.262e-06 0.0034409 6.3939e-07
5.1048e-05 2.4396e-05 3.3554e-06 0.0041896 6.3824e-07
5.0963e-05 2.3978e-05 3.4452e-06 0.0049071 6.3246e-07
5.0896e-05 2.3577e-05 3.5381e-06 0.0057058 6.2677e-07
5.082e-05 2.3166e-05 3.6274e-06 0.0064714 6.1646e-07
5.0763e-05 2.2771e-05 3.7198e-06 0.0073251 6.0622e-07
5.0696e-05 2.2366e-05 3.8084e-06 0.0081404 5.9124e-07
5.0648e-05 2.1977e-05 3.9002e-06 0.0090507 5.763e-07
5.0615e-05 2.1601e-05 3.9947e-06 0.009868 5.6095e-07
5.0602e-05 2.1239e-05 4.0927e-06 0.010782 5.4556e-07
5.0578e-05 2.0868e-05 4.1868e-06 0.011632 5.2546e-07
5.057e-05 2.051e-05 4.2835e-06 0.012566 5.0476e-07
5.0577e-05 2.0162e-05 4.383e-06 0.013593 4.8342e-07
5.0599e-05 1.9826e-05 4.4854e-06 0.014722 4.6138e-07
5.0612e-05 1.9481e-05 4.584e-06 0.015807 4.3479e-07
5.0616e-05 1.9128e-05 4.6788e-06 0.016848 4.0365e-07
5.0635e-05 1.8785e-05 4.7765e-06 0.017995 3.7179e-07
5.067e-05 1.8453e-05 4.8773e-06 0.01799 3.3916e-07
5.0695e-05 1.8112e-05 4.9739e-06 0.01796 3.0185e-07
5.0739e-05 1.7785e-05 5.0748e-06 0.017981 2.6432e-07
5.08e-05 1.747e-05 5.1795e-06 0.018046 2.2616e-07
5.085e-05 1.7144e-05 5.2795e-06 0.018083 1.8317e-07
5.092e-05 1.6832e-05 5.3842e-06 0.018172 1.3984e-07
4.959e-05 1.6531e-05 5.4927e-06 0.018306 9.5608e-08
4.8241e-05 1.6221e-05 5.5969e-06 0.018413 1.1976e-07
4.6936e-05 1.5921e-05 5.7049e-06 0.018567 1.4218e-07
4.5683e-05 1.5635e-05 5.8186e-06 0.018782 1.6342e-07
4.4481e-05 1.5363e-05 5.9379e-06 0.019061 1.8352e-07
4.3328e-05 1.5104e-05 6.0632e-06 0.01941 2.0263e-07
4.3649e-05 1.4861e-05 6.1815e-06 0.019705 2.1645e-07
4.3999e-05 1.4633e-05 6.3071e-06 0.020085 2.2974e-07
4.4378e-05 1.442e-05 6.4401e-06 0.02056 2.4255e-07
4.394e-05 1.422e-05 6.3365e-06 0.021139 2.5502e-07
4.349e-05 1.4012e-05 6.2286e-06 0.021682 2.6304e-07
4.3059e-05 1.3812e-05 6.1245e-06 0.022294 2.6954e-07
4.2617e-05 1.3603e-05 6.0161e-06 0.022869 4.9192e-07
4.2164e-05 1.3386e-05 5.9036e-06 0.023412 7.0743e-07
4.1701e-05 1.3161e-05 5.787e-06 0.023922 9.1604e-07
4.1263e-05 1.2948e-05 5.6758e-06 0.024524 1.1351e-06
4.0806e-05 1.2722e-05 5.5581e-06 0.025064 1.3433e-06
4.0338e-05 1.2488e-05 5.436e-06 0.025569 1.5442e-06
3.9889e-05 1.2261e-05 5.3178e-06 0.026144 1.7527e-06
3.9429e-05 1.2026e-05 5.1953e-06 0.026683 1.9538e-06
3.899e-05 1.1801e-05 5.0773e-06 0.027309 2.1647e-06
3.8572e-05 1.1584e-05 4.9637e-06 0.028027 2.3857e-06
3.8171e-05 1.1373e-05 4.8534e-06 0.028831 2.6155e-06
3.7791e-05 1.1171e-05 4.7472e-06 0.029746 2.8568e-06
3.7429e-05 1.0982e-05 4.6447e-06 0.029518 2.8159e-06
3.7056e-05 1.0784e-05 4.5381e-06 0.029259 2.7689e-06
3.6702e-05 1.0595e-05 4.4354e-06 0.029067 2.7266e-06
3.6365e-05 1.0411e-05 4.3357e-06 0.028929 2.6876e-06
3.6045e-05 1.0235e-05 4.2396e-06 0.028855 2.6531e-06
3.5744e-05 1.0066e-05 4.147e-06 0.028842 2.6227e-06
3.5432e-05 9.8891e-06 4.0505e-06 0.028801 2.5865e-06
3.5111e-05 9.7049e-06 3.9501e-06 0.028731 2.5444e-06
3.4779e-05 9.5129e-06 3.8457e-06 0.028632 2.4964e-06
3.4425e-05 9.3065e-06 3.7523e-06 0.028462 2.4368e-06
3.4048e-05 9.0859e-06 3.6519e-06 0.028222 2.3667e-06
3.3692e-05 8.8742e-06 3.5556e-06 0.028057 2.3022e-06
3.3355e-05 8.6702e-06 3.4626e-06 0.027956 2.2423e-06
3.3033e-05 8.4715e-06 3.372e-06 0.027907 2.1854e-06
3.2728e-05 8.2795e-06 3.2844e-06 0.027919 2.1325e-06
3.2438e-05 8.0926e-06 3.1989e-06 0.027982 2.0823e-06
3.216e-05 7.9104e-06 3.1154e-06 0.028096 2.0348e-06
3.1896e-05 7.733e-06 3.034e-06 0.028262 1.9897e-06
3.1624e-05 7.5485e-06 2.9547e-06 0.028402 1.9388e-06
3.1367e-05 7.3701e-06 2.878e-06 0.028605 1.8913e-06
3.1126e-05 7.1976e-06 2.8037e-06 0.028875 1.8471e-06
3.0901e-05 7.0307e-06 2.7317e-06 0.029214 1.8061e-06
3.0688e-05 6.8679e-06 2.6614e-06 0.029615 1.7672e-06
3.0487e-05 6.709e-06 2.5926e-06 0.030081 1.7303e-06
3.0299e-05 6.5434e-06 2.5203e-06 0.030516 1.6881e-06
3.0102e-05 6.371e-06 2.4447e-06 0.030921 1.6407e-06
2.9917e-05 6.2025e-06 2.3706e-06 0.031391 1.5951e-06
2.9747e-05 6.0391e-06 2.2986e-06 0.031946 1.5524e-06
2.9567e-05 5.8686e-06 2.223e-06 0.032465 1.5042e-06
2.9402e-05 5.7031e-06 2.1494e-06 0.033073 1.4586e-06
2.9251e-05 5.5424e-06 2.0778e-06 0.033776 1.4156e-06
2.9091e-05 5.3747e-06 2.0027e-06 0.034439 1.3672e-06
2.8945e-05 5.2116e-06 1.9294e-06 0.035204 1.3212e-06
2.881e-05 5.0517e-06 1.8573e-06 0.036062 1.2767e-06
2.8686e-05 4.895e-06 1.7863e-06 0.03702 1.2336e-06
2.8576e-05 4.7423e-06 1.717e-06 0.038108 1.1924e-06
2.8476e-05 4.5925e-06 1.6486e-06 0.039317 1.1525e-06
2.8368e-05 4.4359e-06 1.5769e-06 0.04047 1.1073e-06
2.8251e-05 4.2725e-06 1.5017e-06 0.041569 1.0568e-06
2.8147e-05 4.1133e-06 1.4281e-06 0.042815 1.0083e-06
2.8057e-05 3.9578e-06 1.3559e-06 0.044221 9.6145e-07
2.7958e-05 3.796e-06 1.2804e-06 0.045572 9.0964e-07
2.787e-05 3.6366e-06 1.2058e-06 0.047069 8.5872e-07
2.7774e-05 3.4708e-06 1.128e-06 0.048506 8.0281e-07
2.7692e-05 3.3085e-06 1.0514e-06 0.050127 7.4844e-07
2.76e-05 3.1398e-06 9.7167e-07 0.051685 9.1129e-07
2.752e-05 2.9734e-06 8.9263e-07 0.053409 1.0792e-06
2.7452e-05 2.8102e-06 8.1473e-07 0.055348 1.254e-06
2.7395e-05 2.649e-06 7.3742e-07 0.05533 1.4348e-06
2.7329e-05 2.4812e-06 6.5682e-07 0.055275 1.6087e-06
2.7255e-05 2.3071e-06 5.73e-07 0.055185 1.7761e-06
2.7205e-05 2.1409e-06 5.2457e-07 0.053917 1.8589e-06
2.7137e-05 1.9641e-06 4.7168e-07 0.052481 1.9314e-06
2.7087e-05 1.7777e-06 4.1972e-07 0.051274 2.0108e-06
2.7025e-05 1.5832e-06 4.7153e-07 0.04997 2.0825e-06
2.6974e-05 1.3908e-06 5.2308e-07 0.048802 2.1575e-06
2.6915e-05 1.1921e-06 5.7169e-07 0.047582 2.2269e-06
2.6866e-05 9.9522e-07 6.2003e-07 0.046487 2.2996e-06
2.6808e-05 7.9189e-07 6.6535e-07 0.045337 2.3663e-06
2.6742e-05 5.8208e-07 7.0763e-07 0.044131 2.4271e-06
2.6688e-05 3.7517e-07 7.5005e-07 0.043071 2.4924e-06
2.6649e-05 3.8281e-07 7.9291e-07 0.041783 2.5635e-06
2.6601e-05 3.8521e-07 8.3253e-07 0.040423 2.6274e-06
2.6564e-05 3.8497e-07 8.7228e-07 0.039214 2.696e-06
2.629e-05 3.7957e-07 9.0887e-07 0.037941 2.7581e-06
2.603e-05 3.7136e-07 9.4539e-07 0.036798 2.8242e-06
2.5784e-05 5.8514e-07 9.8229e-07 0.035439 2.8959e-06
2.553e-05 7.9244e-07 1.0161e-06 0.034019 2.9614e-06
2.5266e-05 9.9329e-07 1.0469e-06 0.032535 3.0208e-06
2.5017e-05 1.197e-06 1.0779e-06 0.031215 3.0855e-06
2.4759e-05 1.3942e-06 1.1058e-06 0.029835 3.144e-06
2.4492e-05 1.5849e-06 1.1307e-06 0.028395 3.1963e-06
2.4239e-05 1.7787e-06 1.1559e-06 0.027112 3.2539e-06
2.4e-05 1.9755e-06 1.1813e-06 0.025971 3.3171e-06
2.3774e-05 2.1758e-06 1.2072e-06 0.024958 3.3859e-06
2.3561e-05 2.3798e-06 1.2334e-06 0.024062 3.4607e-06
2.3359e-05 2.5864e-06 1.2597e-06 0.023256 3.5402e-06
2.3171e-05 2.7973e-06 1.2864e-06 0.022549 3.6263e-06
2.2999e-05 2.9981e-06 1.3145e-06 0.021686 3.7222e-06
2.282e-05 3.192e-06 1.3395e-06 0.020778 3.8113e-06
2.2652e-05 3.39e-06 1.3649e-06 0.019975 3.9074e-06
2.2496e-05 3.5923e-06 1.3909e-06 0.019054 4.0107e-06
2.2333e-05 3.7881e-06 1.4138e-06 0.019523 4.1077e-06
2.218e-05 3.9871e-06 1.4369e-06 0.020053 4.2105e-06
2.0668e-05 3.8377e-06 1.4602e-06 0.020648 4.3194e-06
1.9137e-05 3.6817e-06 1.4803e-06 0.021209 4.4214e-06
1.765e-05 3.528e-06 1.5006e-06 0.021839 4.5297e-06
1.6143e-05 3.879e-06 1.5177e-06 0.022431 4.6308e-06
1.4679e-05 4.2372e-06 1.535e-06 0.023096 4.7386e-06
1.3266e-05 4.6054e-06 1.5531e-06 0.023861 4.8554e-06
1.181e-05 4.6457e-06 1.5666e-06 0.023864 4.9593e-06
1.041e-05 4.6788e-06 1.5765e-06 0.023832 5.0547e-06
9.0486e-06 4.7134e-06 1.5867e-06 0.023848 5.1568e-06
7.725e-06 4.7415e-06 1.5937e-06 0.023837 5.2519e-06
6.3865e-06 4.7635e-06 1.5976e-06 0.023801 5.3403e-06
5.0842e-06 4.787e-06 1.6017e-06 0.023812 5.4355e-06
5.0145e-06 4.804e-06 1.6026e-06 0.02388 5.5234e-06
4.9385e-06 4.8146e-06 1.6004e-06 0.023921 5.6043e-06
4.8662e-06 4.8278e-06 1.5988e-06 0.024021 5.6939e-06
4.7979e-06 4.8441e-06 1.5982e-06 0.024184 5.7936e-06
4.7378e-06 4.8677e-06 1.6002e-06 0.024281 5.6424e-06
4.6859e-06 4.8987e-06 1.6052e-06 0.024485 5.5109e-06
4.6401e-06 4.9356e-06 1.6124e-06 0.024784 5.3948e-06
4.6004e-06 4.9625e-06 1.6215e-06 0.025187 5.2933e-06
4.5682e-06 4.997e-06 1.6335e-06 0.025726 5.2087e-06
4.5422e-06 5.0374e-06 1.6408e-06 0.026397 5.1113e-06
4.5062e-06 5.0672e-06 1.6431e-06 0.026946 4.9998e-06
4.4609e-06 5.103e-06 1.6408e-06 0.027417 4.8752e-06
4.419e-06 5.1422e-06 1.6395e-06 0.027981 4.7606e-06
4.3799e-06 5.1843e-06 1.6389e-06 0.028634 4.6544e-06
4.3424e-06 5.2282e-06 1.6386e-06 0.029367 4.5547e-06
4.2991e-06 5.2657e-06 1.635e-06 0.030061 4.448e-06
4.2573e-06 5.3049e-06 1.6317e-06 0.030839 4.3476e-06
4.2099e-06 5.3379e-06 1.6253e-06 0.031579 4.2407e-06
4.1642e-06 5.373e-06 1.6193e-06 0.032411 4.1402e-06
4.1118e-06 5.4007e-06 1.6097e-06 0.033186 4.0315e-06
4.0495e-06 5.4346e-06 1.6321e-06 0.034165 3.9093e-06
3.9944e-06 5.4584e-06 1.6575e-06 0.034373 3.8026e-06
3.9464e-06 5.4885e-06 1.6859e-06 0.034693 3.7106e-06
3.9037e-06 5.525e-06 1.7166e-06 0.034939 3.6304e-06
3.866e-06 5.5678e-06 1.7498e-06 0.035295 3.5609e-06
3.8204e-06 5.6015e-06 1.7785e-06 0.035593 3.4817e-06
3.7667e-06 5.6261e-06 1.8029e-06 0.035833 3.3926e-06
3.7168e-06 5.6554e-06 1.829e-06 0.035044 3.312e-06
3.6721e-06 5.6915e-06 1.8579e-06 0.034407 3.2421e-06
3.6307e-06 5.7322e-06 1.8885e-06 0.033876 3.1795e-06
3.582e-06 5.7644e-06 1.9149e-06 0.033287 3.1084e-06
3.5377e-06 5.8027e-06 1.9437e-06 0.032818 3.0462e-06
3.4857e-06 5.8341e-06 1.9682e-06 0.032287 2.9752e-06
3.4383e-06 5.8724e-06 1.9951e-06 0.031675 2.9132e-06
3.4114e-06 5.8999e-06 2.0166e-06 0.030967 2.8401e-06
3.3873e-06 5.932e-06 2.0397e-06 0.030371 2.7739e-06
3.3669e-06 5.9698e-06 2.0652e-06 0.029891 2.7153e-06
3.3407e-06 6.0011e-06 2.0872e-06 0.029375 2.6507e-06
3.3163e-06 6.0356e-06 2.1105e-06 0.028939 2.5908e-06
3.2935e-06 6.0734e-06 2.1349e-06 0.028577 2.5355e-06
3.265e-06 6.1047e-06 2.156e-06 0.028184 2.4743e-06
3.2382e-06 6.1393e-06 2.1783e-06 0.027862 2.4175e-06
3.2122e-06 6.1763e-06 2.2014e-06 0.025458 2.364e-06
3.1806e-06 6.2067e-06 2.2212e-06 0.022957 2.3046e-06
3.1497e-06 6.2394e-06 2.2417e-06 0.02068 2.2482e-06
3.113e-06 6.2654e-06 2.2588e-06 0.018643 2.186e-06
3.0779e-06 6.2949e-06 2.2773e-06 0.016821 2.1279e-06
3.0446e-06 6.3282e-06 2.2971e-06 0.015194 2.0739e-06
3.0135e-06 6.3539e-06 2.3187e-06 0.01376 2.0247e-06
2.985e-06 6.3847e-06 2.3424e-06 0.012505 1.9804e-06
2.9482e-06 6.4235e-06 2.3607e-06 0.011456 1.9262e-06
2.9155e-06 6.47e-06 2.3822e-06 0.010573 1.8791e-06
2.8854e-06 6.5217e-06 2.4058e-06 0.0098011 1.8367e-06
2.8477e-06 6.5641e-06 2.4248e-06 0.008961 1.7864e-06
2.8024e-06 6.6128e-06 2.439e-06 0.0082974 2.024e-06
2.7495e-06 6.6522e-06 2.4487e-06 0.007572 2.2493e-06
2.6997e-06 6.6976e-06 2.4608e-06 0.0069457 2.4897e-06
2.6537e-06 6.7506e-06 2.43e-06 0.0064189 2.5268e-06
2.6012e-06 6.7957e-06 2.3953e-06 0.0058528 2.557e-06
2.5424e-06 6.833e-06 2.3566e-06 0.005246 2.5802e-06
2.4771e-06 6.8624e-06 2.314e-06 0.0045968 2.5966e-06
2.4133e-06 6.8956e-06 2.2729e-06 0.0040152 2.6171e-06
2.3516e-06 6.9342e-06 2.234e-06 0.0035044 2.643e-06
2.2916e-06 6.9776e-06 2.1969e-06 0.0030514 2.674e-06
2.2249e-06 7.0123e-06 2.1555e-06 0.0025603 2.6973e-06
2.1614e-06 7.0544e-06 2.1171e-06 0.002139 2.728e-06
2.0897e-06 7.1064e-06 2.0735e-06 0.0017801 2.7489e-06
1.9613e-06 7.1664e-06 2.0329e-06 0.0014742 2.7779e-06
1.8378e-06 7.2345e-06 1.9952e-06 0.0012129 2.8149e-06
1.7204e-06 7.311e-06 1.9612e-06 0.00099662 2.8624e-06
1.5937e-06 7.3754e-06 1.9218e-06 0.00074692 2.8991e-06
1.4728e-06 7.4504e-06 1.8861e-06 0.0005382 2.9463e-06
1.356e-06 7.534e-06 1.853e-06 0.0003572 3.0025e-06
1.2303e-06 7.6054e-06 1.8146e-06 0.00035789 3.0475e-06
1.3183e-06 7.6855e-06 1.7712e-06 0.00054575 3.0822e-06
1.3986e-06 7.7542e-06 1.7228e-06 0.00070904 3.1068e-06
1.4705e-06 7.8339e-06 1.678e-06 0.00072318 3.1423e-06
1.5449e-06 7.9013e-06 1.6366e-06 0.00072024 3.1889e-06
1.6112e-06 7.9776e-06 1.5977e-06 0.00072702 3.2449e-06
1.6827e-06 8.0415e-06 1.562e-06 0.00070678 3.3129e-06
1.7462e-06 8.029e-06 1.5285e-06 0.00066111 3.3912e-06
1.8124e-06 8.0251e-06 1.4972e-06 0.00062832 3.4802e-06
1.8705e-06 8.009e-06 1.4609e-06 0.00061361 3.5569e-06
1.9207e-06 7.9804e-06 1.4199e-06 0.00058346 3.6224e-06
1.9749e-06 7.9626e-06 1.3818e-06 0.00056424 3.7011e-06
2.0321e-06 7.9532e-06 1.3458e-06 0.0005527 3.7911e-06
2.0935e-06 7.9543e-06 1.3125e-06 0.00055102 3.8955e-06
2.1581e-06 7.964e-06 1.2811e-06 0.00056281 3.7942e-06
2.2139e-06 7.9615e-06 1.2522e-06 0.0005849 3.7072e-06
2.2742e-06 7.9696e-06 1.2257e-06 0.00061858 3.6338e-06
2.3393e-06 7.9666e-06 1.2016e-06 0.00062567 3.5735e-06
2.3957e-06 7.9741e-06 1.1727e-06 0.00061644 3.5011e-06
2.457e-06 7.9923e-06 1.149e-06 0.00059075 3.4413e-06
2.5101e-06 7.9984e-06 1.1207e-06 0.0005759 3.3707e-06
2.5669e-06 8.0152e-06 1.0939e-06 0.0005688 3.3138e-06
2.6275e-06 8.0404e-06 1.0685e-06 0.00056927 3.2665e-06
2.6935e-06 8.0743e-06 1.0452e-06 0.00055378 3.2307e-06
2.7511e-06 8.1191e-06 1.0874e-06 0.00054828 3.1845e-06
2.8141e-06 8.1748e-06 1.1322e-06 0.00055988 3.1495e-06
2.8817e-06 8.2183e-06 1.1789e-06 0.00057914 3.1234e-06
2.9402e-06 8.2494e-06 1.2208e-06 0.00058239 3.0862e-06
2.8696e-06 8.2683e-06 1.258e-06 0.00057065 3.0387e-06
2.7903e-06 8.2759e-06 1.2907e-06 0.0005339 2.9808e-06
2.717e-06 8.2944e-06 1.3259e-06 0.0005154 2.934e-06
2.6493e-06 8.3006e-06 1.3641e-06 0.0003629 2.8981e-06
2.5857e-06 8.3156e-06 1.4044e-06 0.00022947 2.8706e-06
2.5131e-06 8.3192e-06 1.4396e-06 0.00023431 2.8323e-06
2.4448e-06 8.3316e-06 1.477e-06 0.00024159 2.8023e-06
2.3803e-06 8.3528e-06 1.5167e-06 0.00025151 2.5421e-06
2.3208e-06 8.3616e-06 1.5596e-06 0.00026971 2.3049e-06
2.266e-06 8.3815e-06 1.6058e-06 0.00029337 2.0886e-06
2.2145e-06 8.4125e-06 1.6547e-06 0.00032134 1.8881e-06
2.1674e-06 8.4546e-06 1.7072e-06 0.00035653 1.7052e-06
2.1233e-06 8.5058e-06 1.7625e-06 0.00039786 1.5353e-06
2.0822e-06 8.5445e-06 1.8209e-06 0.00044642 1.3775e-06
2.0327e-06 8.5923e-06 1.8737e-06 0.00050639 1.2068e-06
1.9873e-06 8.6286e-06 1.9306e-06 0.00057993 1.0502e-06
1.9446e-06 8.6742e-06 1.9907e-06 0.00066613 9.0399e-07
1.8958e-06 8.7072e-06 2.0451e-06 0.00073299 9.4376e-07
1.8388e-06 8.7278e-06 2.0939e-06 0.00081707 9.7549e-07
1.7845e-06 8.7575e-06 2.1459e-06 0.00091716 1.0109e-06
1.7226e-06 8.7747e-06 2.1923e-06 0.001052 1.0382e-06
1.6961e-06 8.8032e-06 2.2331e-06 0.0012166 1.0575e-06
1.6709e-06 8.8394e-06 2.2764e-06 0.0014053 1.0795e-06
1.646e-06 8.8813e-06 2.3216e-06 0.0016161 1.1034e-06
1.6215e-06 8.9289e-06 2.3686e-06 0.0018513 1.1291e-06
1.597e-06 8.9818e-06 2.4173e-06 0.0021131 1.1565e-06
1.572e-06 9.0388e-06 2.4673e-06 0.002399 1.1849e-06
1.5416e-06 9.0884e-06 2.5138e-06 0.0026653 1.2079e-06
1.5122e-06 9.1458e-06 2.563e-06 0.002634 1.2343e-06
1.4752e-06 9.1905e-06 2.6061e-06 0.0025769 1.2524e-06
1.4409e-06 9.2829e-06 2.6539e-06 0.0022162 1.2761e-06
1.4092e-06 9.3882e-06 2.7065e-06 0.0019196 1.3055e-06
1.38e-06 9.5067e-06 2.764e-06 0.0016764 1.3409e-06
1.3531e-06 9.6386e-06 2.8268e-06 0.0014775 1.3828e-06
1.3188e-06 9.7569e-06 2.8834e-06 0.0012455 1.4157e-06
1.2868e-06 9.8889e-06 2.9455e-06 0.0010541 1.4552e-06
1.2562e-06 1.0032e-05 3.0119e-06 0.00089078 1.5001e-06
1.2267e-06 1.0163e-05 3.0829e-06 0.0007511 1.5505e-06
1.1904e-06 1.0308e-05 3.1598e-06 0.00063572 1.5921e-06
1.156e-06 1.0467e-05 3.243e-06 0.0005404 1.641e-06
1.1228e-06 1.0642e-05 3.3337e-06 0.0004243 1.6965e-06
1.0823e-06 1.044e-05 3.4176e-06 0.00046253 1.7423e-06
1.0429e-06 1.025e-05 3.5069e-06 0.00050861 1.7945e-06
9.9621e-07 1.0045e-05 3.5889e-06 0.00053846 1.837e-06
9.5139e-07 9.8274e-06 3.6776e-06 0.00057926 1.8876e-06
9.0827e-07 9.6254e-06 3.7733e-06 0.00064157 1.9468e-06
8.6684e-07 9.4086e-06 3.862e-06 0.00072807 1.996e-06
8.1838e-07 9.1771e-06 3.9436e-06 0.0007949 2.0354e-06
7.7137e-07 8.9615e-06 4.0322e-06 0.00087954 2.0834e-06
7.9106e-07 8.7585e-06 4.1151e-06 0.00094526 2.6542e-06
8.039e-07 8.5702e-06 4.2054e-06 0.0010303 3.279e-06
8.1746e-07 8.3962e-06 4.3036e-06 0.0011377 3.9634e-06
8.2435e-07 8.2358e-06 4.3949e-06 0.0012715 4.6143e-06
8.3128e-07 8.086e-06 4.4926e-06 0.0014305 5.318e-06
8.3183e-07 7.9466e-06 4.5834e-06 0.001544 5.988e-06
8.3313e-07 7.8194e-06 4.6821e-06 0.0016879 6.7233e-06
8.345e-07 7.6794e-06 4.7728e-06 0.0027721 7.4194e-06
8.2947e-07 7.5515e-06 4.8718e-06 0.0031072 8.1838e-06
8.2518e-07 7.4353e-06 4.9791e-06 0.0035289 9.0233e-06
8.9314e-07 7.3282e-06 5.0794e-06 0.0040287 9.8232e-06
9.625e-07 7.2322e-06 5.1866e-06 0.0046365 1.069e-05
1.0335e-06 7.1448e-06 5.3011e-06 0.0053527 1.1629e-05
1.1072e-06 7.068e-06 5.3825e-06 0.006222 1.2661e-05
1.184e-06 7.0014e-06 5.4721e-06 0.0072762 1.3796e-05
1.2529e-06 6.945e-06 5.554e-06 0.0085554 1.4872e-05
1.3147e-06 6.8778e-06 5.6292e-06 0.0097188 1.59e-05
1.3787e-06 6.8192e-06 5.7114e-06 0.011101 1.702e-05
1.4444e-06 6.7674e-06 5.7997e-06 0.012707 1.8226e-05
1.5027e-06 6.7049e-06 5.8811e-06 0.014165 1.9378e-05
1.5638e-06 6.6511e-06 5.9701e-06 0.015911 2.0636e-05
1.6269e-06 6.6041e-06 5.8339e-06 0.017944 2.1994e-05
1.6919e-06 6.5466e-06 5.6903e-06 0.019795 2.3292e-05
1.7591e-06 6.4792e-06 5.5397e-06 0.021496 2.4538e-05
1.8289e-06 6.4188e-06 5.3969e-06 0.023542 2.5884e-05
1.916e-06 6.3685e-06 5.5864e-06 0.025376 2.7154e-05
2.005e-06 6.323e-06 5.7836e-06 0.027464 2.8507e-05
2.0874e-06 6.2692e-06 5.9743e-06 0.029421 2.982e-05
2.1713e-06 6.2193e-06 6.1719e-06 0.031622 3.1212e-05
2.2558e-06 6.1719e-06 6.3751e-06 0.034043 3.2672e-05
2.3418e-06 6.1269e-06 6.5838e-06 0.036705 3.4203e-05
2.4221e-06 6.0752e-06 6.7878e-06 0.039264 3.5707e-05
2.5039e-06 6.027e-06 6.9989e-06 0.042124 3.7296e-05
2.5865e-06 5.9811e-06 7.2159e-06 0.045269 3.7411e-05
2.6635e-06 5.9285e-06 7.4281e-06 0.048294 3.7514e-05
2.7421e-06 5.8793e-06 7.6477e-06 0.051677 3.7643e-05
2.822e-06 5.8327e-06 7.8742e-06 0.055413 3.7795e-05
2.9055e-06 5.7776e-06 8.0932e-06 0.058914 3.7929e-05
2.9917e-06 5.7268e-06 8.3213e-06 0.06288 3.8092e-05
3.0846e-06 5.6826e-06 8.5394e-06 0.066488 3.8229e-05
3.1844e-06 5.6469e-06 8.7728e-06 0.070873 3.8415e-05
3.2892e-06 5.6169e-06 9.0186e-06 0.075979 3.864e-05
3.3851e-06 5.5927e-06 9.2771e-06 0.081924 3.8907e-05
3.483e-06 5.5708e-06 9.544e-06 0.088497 3.92e-05
3.5749e-06 5.5425e-06 9.8055e-06 0.09484 3.9481e-05
3.6609e-06 5.5076e-06 1.0062e-05 0.10096 3.9749e-05
3.7488e-06 5.4748e-06 1.0326e-05 0.1077 4.0043e-05
3.8386e-06 5.4442e-06 1.0598e-05 0.11512 4.0364e-05
3.9322e-06 5.3957e-06 1.0475e-05 0.11656 4.0722e-05
4.0197e-06 5.3663e-06 1.0348e-05 0.11794 4.1065e-05
4.1091e-06 5.3387e-06 1.0225e-05 0.11949 4.1436e-05
4.2005e-06 5.3129e-06 1.0108e-05 0.12122 4.1836e-05
4.2859e-06 5.2806e-06 9.986e-06 0.12287 4.2221e-05
4.3743e-06 5.2512e-06 9.8703e-06 0.12476 4.2641e-05
4.4652e-06 5.2237e-06 9.7597e-06 0.12686 4.3093e-05
4.5499e-06 5.1898e-06 9.6446e-06 0.12888 4.3529e-05
4.6285e-06 5.1494e-06 9.5248e-06 0.13081 4.3952e-05
4.7104e-06 5.1118e-06 9.4111e-06 0.133 4.441e-05
4.7861e-06 5.0678e-06 9.2929e-06 0.13509 4.4854e-05
4.8556e-06 5.0171e-06 9.1699e-06 0.13709 4.5282e-05
4.9148e-06 4.9559e-06 9.0376e-06 0.1386 4.5675e-05
4.9822e-06 4.9024e-06 8.9171e-06 0.1405 4.613e-05
5.0582e-06 4.8565e-06 8.8078e-06 0.14287 4.5873e-05
5.1245e-06 4.8008e-06 8.6903e-06 0.145 4.5586e-05
5.1957e-06 4.7491e-06 8.5801e-06 0.14748 4.5338e-05
5.2695e-06 4.6991e-06 8.4744e-06 0.15024 4.5117e-05
5.3458e-06 4.6506e-06 8.373e-06 0.15328 4.4921e-05
5.4159e-06 4.5958e-06 8.2673e-06 0.15621 4.4712e-05
5.4896e-06 4.5434e-06 8.1669e-06 0.15951 4.4533e-05
5.5574e-06 4.4925e-06 8.0623e-06 0.16315 4.4342e-05
5.6278e-06 4.4429e-06 7.962e-06 0.16716 4.4176e-05
5.7009e-06 4.3948e-06 7.8658e-06 0.17159 4.4034e-05
5.7767e-06 4.3479e-06 7.7736e-06 0.17647 4.2254e-05
5.8554e-06 4.3024e-06 7.6853e-06 0.17699 4.0557e-05
5.928e-06 4.2508e-06 7.593e-06 0.17745 3.8832e-05
6.0046e-06 4.2014e-06 7.5056e-06 0.17808 3.7201e-05
6.075e-06 4.1456e-06 7.4139e-06 0.17865 3.5534e-05
6.1482e-06 4.0911e-06 7.3261e-06 0.17936 3.3944e-05
6.2245e-06 4.0378e-06 7.242e-06 0.18022 3.2428e-05
6.305e-06 3.9866e-06 7.1625e-06 0.18126 3.0994e-05
6.3898e-06 3.9373e-06 7.0876e-06 0.1825 2.9638e-05
6.468e-06 3.89e-06 7.0171e-06 0.18396 2.8355e-05
6.5506e-06 3.8445e-06 6.951e-06 0.18564 2.7142e-05
6.6365e-06 3.8e-06 6.8882e-06 0.18753 2.5986e-05
6.727e-06 3.7573e-06 6.8297e-06 0.18969 2.4892e-05
6.8222e-06 3.7164e-06 6.7753e-06 0.19215 2.3858e-05
6.9223e-06 3.6771e-06 6.725e-06 0.19493 2.2881e-05
7.0273e-06 3.6396e-06 6.6787e-06 0.19807 2.1957e-05
7.1257e-06 3.5958e-06 6.6284e-06 0.20108 2.1014e-05
7.2292e-06 3.5537e-06 6.582e-06 0.20448 2.0123e-05
7.3379e-06 3.5132e-06 6.5396e-06 0.20831 1.928e-05
7.4519e-06 3.4741e-06 6.5011e-06 0.21261 1.8483e-05
7.57e-06 3.4358e-06 6.4655e-06 0.21735 1.7724e-05
7.6814e-06 3.3913e-06 6.4259e-06 0.22191 1.6948e-05
7.797e-06 3.3475e-06 6.3892e-06 0.22604 1.6209e-05
7.917e-06 3.3043e-06 6.3555e-06 0.23061 1.5503e-05
8.0435e-06 3.2629e-06 6.326e-06 0.23578 1.484e-05
8.162e-06 3.2148e-06 6.2918e-06 0.24069 1.4157e-05
8.287e-06 3.1683e-06 6.2617e-06 0.24624 1.3513e-05
8.3993e-06 3.1123e-06 6.224e-06 0.25122 1.2831e-05
8.5e-06 3.0474e-06 6.1794e-06 0.25574 1.2113e-05
8.5882e-06 2.9728e-06 6.1271e-06 0.25979 1.1353e-05
8.689e-06 2.9037e-06 6.0829e-06 0.26476 1.0664e-05
8.8032e-06 2.84e-06 6.0312e-06 0.26922 9.934e-06
8.9047e-06 2.7669e-06 5.9719e-06 0.27321 9.1632e-06
9.0194e-06 2.699e-06 5.9206e-06 0.27811 8.4619e-06
9.1451e-06 2.6347e-06 5.8757e-06 0.28233 7.8148e-06
9.2588e-06 2.5617e-06 5.824e-06 0.28734 7.1345e-06
9.3606e-06 2.4799e-06 5.7653e-06 0.29346 6.9357e-06
9.4759e-06 2.4031e-06 5.7145e-06 0.30091 6.7607e-06
9.6052e-06 2.331e-06 5.6714e-06 0.31077 6.6082e-06
9.749e-06 2.2635e-06 5.6357e-06 0.32273 6.4766e-06
9.9077e-06 2.2003e-06 5.6074e-06 0.33724 6.365e-06
1.0053e-05 2.14e-06 5.5851e-06 0.35048 6.269e-06
1.016e-05 2.0708e-06 5.5555e-06 0.36653 6.158e-06
1.0253e-05 1.9932e-06 5.5193e-06 0.38122 6.0331e-06
1.0358e-05 1.918e-06 5.4884e-06 0.39827 5.9225e-06
1.0473e-05 1.8451e-06 5.4629e-06 0.41819 5.8259e-06
1.0575e-05 1.7638e-06 5.4306e-06 0.44215 5.7156e-06
1.0691e-05 1.6859e-06 5.405e-06 0.47087 5.622e-06
1.0819e-05 1.5998e-06 5.3852e-06 0.495 5.5432e-06
1.0934e-05 1.5175e-06 5.3582e-06 0.5258 5.4502e-06
1.1059e-05 1.4371e-06 5.3366e-06 0.56168 5.3702e-06
1.1199e-05 1.3594e-06 5.3213e-06 0.60462 5.3051e-06
1.1327e-05 1.2739e-06 5.3018e-06 0.64393 5.2278e-06
1.1464e-05 1.1894e-06 5.2865e-06 0.68888 5.1607e-06
1.1592e-05 1.1055e-06 5.2665e-06 0.73148 5.085e-06
1.1713e-05 1.0159e-06 5.2427e-06 0.77257 5.0022e-06
1.1841e-05 9.2612e-07 5.222e-06 0.81846 4.9274e-06
1.1976e-05 8.355e-07 5.2037e-06 0.82787 4.8586e-06
1.2117e-05 7.4398e-07 5.1878e-06 0.83823 4.7958e-06
1.2267e-05 6.5244e-07 5.1756e-06 0.84996 4.7414e-06
1.2532e-05 7.215e-07 5.157e-06 0.86068 4.6751e-06
1.2818e-05 7.8297e-07 5.1454e-06 0.8642 4.6235e-06
1.3123e-05 8.449e-07 5.1393e-06 0.86838 4.5834e-06
1.345e-05 9.0832e-07 5.1399e-06 0.86955 4.5572e-06
1.3759e-05 9.645e-07 5.1342e-06 0.87055 4.5195e-06
1.4083e-05 1.0204e-06 5.1324e-06 0.87177 4.4901e-06
1.4398e-05 1.7385e-06 5.1264e-06 0.87291 4.4536e-06
1.4722e-05 2.4733e-06 5.1227e-06 0.87423 4.4221e-06
1.5038e-05 3.1971e-06 5.1153e-06 0.87549 4.3842e-06
1.5346e-05 3.9101e-06 5.104e-06 0.87669 4.3398e-06
1.5645e-05 4.6122e-06 5.089e-06 0.87784 4.2888e-06
1.5937e-05 5.3044e-06 5.0703e-06 0.87894 4.2317e-06
1.6238e-05 6.0131e-06 5.054e-06 0.87793 4.1797e-06
1.6552e-05 6.7424e-06 5.0406e-06 0.87709 4.1342e-06
1.6879e-05 7.4931e-06 5.0303e-06 0.87641 4.0948e-06
1.7197e-05 1.4644e-05 5.0161e-06 0.87569 4.0484e-06
1.7526e-05 2.1998e-05 5.0042e-06 0.8751 4.0067e-06
1.7847e-05 2.9293e-05 4.9887e-06 0.87448 3.959e-06
1.8179e-05 3.653e-05 4.9754e-06 0.874 3.916e-06
1.8522e-05 4.3972e-05 4.9644e-06 0.86973 3.8775e-06
1.8877e-05 5.1627e-05 4.9555e-06 0.86587 3.8436e-06
1.9247e-05 5.9212e-05 4.9428e-06 0.86187 3.8028e-06
1.9608e-05 6.6727e-05 4.9264e-06 0.85771 3.7556e-06
1.998e-05 7.4457e-05 4.9122e-06 0.85396 3.7129e-06
2.0366e-05 8.2414e-05 4.9002e-06 0.85056 3.6746e-06
2.0742e-05 9.0299e-05 4.8844e-06 0.84704 3.63e-06
2.1134e-05 9.8447e-05 4.8715e-06 0.84391 3.591e-06
2.1539e-05 0.00010683 4.8608e-06 0.8411 3.5563e-06
2.1935e-05 0.00011513 4.8463e-06 0.83818 3.5154e-06
2.2321e-05 0.00012337 4.8283e-06 0.83516 3.4685e-06
2.2722e-05 0.00012486 4.8124e-06 0.81984 3.4261e-06
2.3113e-05 0.00012634 4.793e-06 0.80404 3.3778e-06
2.3496e-05 0.00012779 4.77e-06 0.78773 3.3236e-06
2.3895e-05 0.00012931 4.7499e-06 0.7729 3.2748e-06
2.4285e-05 0.0001308 4.7261e-06 0.75753 3.2199e-06
2.4689e-05 0.00013234 4.7044e-06 0.74355 3.169e-06
2.511e-05 0.00013394 4.6855e-06 0.73104 3.1232e-06
2.5521e-05 0.00013552 4.6629e-06 0.71808 3.0714e-06
2.5946e-05 0.00013715 4.6423e-06 0.70629 3.0233e-06
2.6362e-05 0.00013875 4.6181e-06 0.69408 2.9692e-06
2.6796e-05 0.00014042 4.5966e-06 0.68315 2.9201e-06
2.7245e-05 0.00014215 4.5772e-06 0.67321 2.8745e-06
2.7713e-05 0.00014394 4.5606e-06 0.66433 2.8337e-06
2.8172e-05 0.00014571 4.5404e-06 0.65516 2.7872e-06
2.865e-05 0.00014754 4.523e-06 0.64696 2.7453e-06
2.9117e-05 0.00014935 4.5018e-06 0.63847 2.6974e-06
2.9574e-05 0.00015114 4.4771e-06 0.62969 2.6438e-06
3.0052e-05 0.000153 4.4552e-06 0.62185 2.5947e-06
3.0549e-05 0.00015493 4.436e-06 0.58356 2.5501e-06
3.1037e-05 0.00015683 4.4132e-06 0.54403 2.4998e-06
3.1515e-05 0.00015871 4.3867e-06 0.50307 2.4436e-06
3.1981e-05 0.00016057 4.3565e-06 0.46062 2.3815e-06
3.2439e-05 0.00016241 4.3228e-06 0.41681 2.3137e-06
3.2886e-05 0.00016423 4.2856e-06 0.3716 2.2402e-06
3.335e-05 0.0001661 4.2503e-06 0.33042 2.1701e-06
3.3832e-05 0.00016804 4.217e-06 0.29294 2.103e-06
3.4303e-05 0.00016995 4.1802e-06 0.28893 2.0304e-06
3.4792e-05 0.00017193 4.1453e-06 0.28531 1.9608e-06
3.5271e-05 0.00017388 4.1069e-06 0.28156 1.8856e-06
3.5741e-05 0.00017581 4.065e-06 0.27768 1.8048e-06
3.6231e-05 0.00017782 4.0258e-06 0.27424 1.7281e-06
3.6744e-05 0.0001799 3.9891e-06 0.27119 1.6552e-06
3.7275e-05 0.00018205 3.9543e-06 0.26845 1.5848e-06
3.7829e-05 0.00018428 3.9219e-06 0.26605 1.5178e-06
3.8373e-05 0.00018648 3.886e-06 0.26354 1.4452e-06
3.8941e-05 0.00018877 3.8528e-06 0.26136 1.3763e-06
3.9545e-05 0.00019117 3.8239e-06 0.25957 1.3129e-06
4.0194e-05 0.00019373 3.8004e-06 0.25314 1.2563e-06
4.0817e-05 0.00019622 3.7712e-06 0.24612 1.1915e-06
4.1487e-05 0.00019886 3.7476e-06 0.24052 1.1335e-06
4.2146e-05 0.00020147 3.7204e-06 0.23471 1.0702e-06
4.2827e-05 0.00020417 3.695e-06 0.22944 1.0084e-06
4.3532e-05 0.00020695 3.6711e-06 0.22466 9.4793e-07
4.4225e-05 0.0002097 3.6436e-06 0.21969 8.8213e-07
4.4941e-05 0.00021253 3.6178e-06 0.21518 8.1755e-07
4.5681e-05 0.00021545 3.5936e-06 0.2111 7.5403e-07
4.641e-05 0.00021834 3.5659e-06 0.20688 6.8549e-07
4.7127e-05 0.0002212 3.5348e-06 0.2025 6.1191e-07
4.7874e-05 0.00022417 3.5059e-06 0.19861 5.4009e-07
4.8608e-05 0.0002271 3.4734e-06 0.19456 4.6309e-07
4.9367e-05 0.00023012 3.4425e-06 0.19089 3.8695e-07
5.0152e-05 0.00023324 3.4131e-06 0.18758 3.1149e-07
5.0969e-05 0.00023647 3.3859e-06 0.18463 2.3723e-07
5.1818e-05 0.00023981 3.3608e-06 0.18203 1.6395e-07
5.2654e-05 0.00024312 3.3321e-06 0.17932 1.8914e-07
5.3524e-05 0.00024654 3.3054e-06 0.17692 2.131e-07
5.4423e-05 0.00025007 3.2803e-06 0.17477 2.3556e-07
5.5307e-05 0.00025004 3.2515e-06 0.17252 5.4132e-07
5.6227e-05 0.00025006 3.2248e-06 0.17055 8.6113e-07
5.7131e-05 0.00025006 3.1946e-06 0.16848 1.1722e-06
5.8073e-05 0.0002501 3.1665e-06 0.16668 1.4986e-06
5.8046e-05 0.00025023 3.1432e-06 0.16464 1.5756e-06
5.8056e-05 0.00025043 3.1247e-06 0.16302 1.6613e-06
5.8097e-05 0.00025059 3.1099e-06 0.16173 1.755e-06
5.8118e-05 0.00025081 3.0901e-06 0.16028 1.84e-06
5.8123e-05 0.000251 3.0657e-06 0.15868 1.9171e-06
5.8158e-05 0.00025125 3.045e-06 0.15737 2.002e-06
5.8217e-05 0.00025156 3.0267e-06 0.15627 2.0924e-06
5.8302e-05 0.00025193 3.0111e-06 0.1554 2.1898e-06
5.8407e-05 0.00025235 2.9975e-06 0.15475 2.2925e-06
5.8532e-05 0.00025281 2.9853e-06 0.154 2.4002e-06
5.8674e-05 0.00025331 2.9743e-06 0.15338 2.5125e-06
5.8838e-05 0.00025386 2.9652e-06 0.1526 2.631e-06
5.9023e-05 0.00025447 2.9577e-06 0.15198 2.7561e-06
5.9229e-05 0.00025512 2.952e-06 0.15151 2.888e-06
5.9424e-05 0.00025575 2.9429e-06 0.15099 3.0134e-06
5.9641e-05 0.00025644 2.9354e-06 0.15062 3.1459e-06
5.9879e-05 0.00025717 2.9297e-06 0.15039 3.286e-06
6.014e-05 0.00025796 2.9257e-06 0.1503 3.4342e-06
6.039e-05 0.00025873 2.9183e-06 0.15017 3.5756e-06
6.0663e-05 0.00025956 2.9127e-06 0.15018 3.4234e-06
6.0959e-05 0.0002575 2.9087e-06 0.15033 3.2795e-06
6.1277e-05 0.00025552 2.9065e-06 0.15062 3.1434e-06
6.1619e-05 0.00025362 2.9059e-06 0.15106 3.0148e-06
6.0589e-05 0.00025178 2.9065e-06 0.15163 2.8918e-06
5.9592e-05 0.00025001 2.9081e-06 0.15233 2.774e-06
5.8626e-05 0.0002483 2.9109e-06 0.15317 2.6613e-06
5.7646e-05 0.00024656 2.9102e-06 0.15395 2.5421e-06
5.6651e-05 0.0002448 2.9061e-06 0.15467 2.4165e-06
5.5693e-05 0.00024312 2.9037e-06 0.15556 2.2971e-06
5.4772e-05 0.0002415 2.9029e-06 0.15663 2.1837e-06
5.3886e-05 0.00023995 2.9039e-06 0.15788 2.0759e-06
5.2986e-05 0.00023837 2.9014e-06 0.15907 1.9619e-06
5.212e-05 0.00023686 2.9006e-06 0.16046 1.8533e-06
5.124e-05 0.00023533 2.8963e-06 0.16178 1.7385e-06
5.0348e-05 0.00023378 2.8887e-06 0.16303 1.6178e-06
4.9489e-05 0.0002323 2.8829e-06 0.16449 1.5024e-06
4.8663e-05 0.00023088 2.8787e-06 0.16617 1.3917e-06
4.7864e-05 0.00022951 2.8755e-06 0.16806 1.2844e-06
4.7097e-05 0.00022819 2.8735e-06 0.17018 1.1804e-06
4.6316e-05 0.00022686 2.8681e-06 0.1722 1.0705e-06
4.5565e-05 0.00022558 2.8643e-06 0.1745 9.6461e-07
4.4844e-05 0.00022428 2.8621e-06 0.17671 8.6243e-07
4.4109e-05 0.00022296 2.8566e-06 0.17881 7.5455e-07
4.3404e-05 0.0002217 2.8527e-06 0.18121 6.5013e-07
4.2687e-05 0.00022042 2.8455e-06 0.18351 7.3199e-07
4.1994e-05 0.00021919 2.8393e-06 0.18607 8.1538e-07
4.1328e-05 0.00021802 2.8348e-06 0.18897 9.0142e-07
4.0651e-05 0.00021683 2.827e-06 0.19176 9.8218e-07
4.0001e-05 0.0002157 2.8209e-06 0.19503 1.0658e-06
3.9373e-05 0.00021461 2.8159e-06 0.19864 1.1517e-06
3.8769e-05 0.00021358 2.8123e-06 0.20267 1.2405e-06
3.8205e-05 0.00021263 2.8128e-06 0.20754 1.3373e-06
3.7617e-05 0.00021163 2.808e-06 0.21197 1.4248e-06
3.7066e-05 0.00021071 2.7978e-06 0.21381 1.5198e-06
3.6503e-05 0.00020978 2.7841e-06 0.21556 1.6088e-06
3.5963e-05 0.00020889 2.7721e-06 0.21758 1.7019e-06
3.5445e-05 0.00020805 2.7616e-06 0.21988 1.7995e-06
3.4946e-05 0.00020726 2.7522e-06 0.22245 1.9005e-06
3.4468e-05 0.00020651 2.7444e-06 0.22536 2.0066e-06
3.398e-05 0.00020574 2.7333e-06 0.22794 2.1069e-06
3.3513e-05 0.00020503 2.7237e-06 0.23086 2.2124e-06
3.3036e-05 0.00020429 2.7108e-06 0.23366 2.3117e-06
3.2576e-05 0.0002036 2.699e-06 0.23688 2.4154e-06
3.2105e-05 0.00020289 2.6836e-06 0.23966 2.5126e-06
3.1651e-05 0.00020221 2.6694e-06 0.24285 2.6143e-06
3.1186e-05 0.00020152 2.6517e-06 0.2459 2.7096e-06
3.0738e-05 0.00020087 2.635e-06 0.24928 2.8094e-06
3.0279e-05 0.0002002 2.6148e-06 0.25253 2.9028e-06
2.9811e-05 0.00019952 2.5915e-06 0.25567 2.9903e-06
2.9362e-05 0.00019888 2.5696e-06 0.2592 3.0836e-06
2.8933e-05 0.00019828 2.5492e-06 0.26319 3.1832e-06
2.8521e-05 0.00019773 2.5304e-06 0.26767 3.2893e-06
2.8125e-05 0.00019721 2.5124e-06 0.27261 3.4006e-06
2.7719e-05 0.00019668 2.4911e-06 0.27737 3.5054e-06
2.7327e-05 0.00019619 2.4707e-06 0.28169 3.6157e-06
2.6926e-05 0.00019568 2.4469e-06 0.28666 3.7193e-06
2.6542e-05 0.00019521 2.4246e-06 0.29225 3.8301e-06
2.6175e-05 0.00019478 2.4036e-06 0.2985 3.9485e-06
2.5799e-05 0.00019434 2.3794e-06 0.30455 4.0604e-06
2.5414e-05 0.00019389 2.352e-06 0.3104 4.1659e-06
2.502e-05 0.00019341 2.3213e-06 0.31685 4.265e-06
2.464e-05 0.00019298 2.2915e-06 0.32395 4.3702e-06
2.425e-05 0.00019253 2.2583e-06 0.33079 4.4685e-06
2.3851e-05 0.00019206 2.2219e-06 0.33741 4.5603e-06
2.3469e-05 0.00019163 2.1868e-06 0.34482 4.6599e-06
2.3103e-05 0.00019125 2.1531e-06 0.35311 4.7676e-06
2.2753e-05 0.00019091 2.1207e-06 0.36238 4.8836e-06
2.2417e-05 0.0001906 2.0895e-06 0.37275 5.0083e-06
2.2097e-05 0.00019034 2.0596e-06 0.38434 5.1422e-06
2.1789e-05 0.00019011 2.0304e-06 0.39709 5.2838e-06
2.1471e-05 0.00018987 1.9979e-06 0.40939 5.4181e-06
2.1145e-05 0.00018961 1.962e-06 0.42126 5.5451e-06
2.0833e-05 0.00018939 1.9274e-06 0.43452 5.6818e-06
2.0512e-05 0.00018916 1.8894e-06 0.44731 5.811e-06
2.0182e-05 0.0001889 1.8481e-06 0.45965 5.9329e-06
1.9844e-05 0.00018864 1.8036e-06 0.47161 6.0479e-06
1.952e-05 0.00018841 1.7603e-06 0.48497 6.1727e-06
1.9187e-05 0.00018817 1.7138e-06 0.49788 6.2903e-06
1.8837e-05 0.00018789 1.6709e-06 0.50845 7.4199e-06
1.8468e-05 0.00018758 1.6231e-06 0.518 8.4994e-06
1.8081e-05 0.00018732 1.5779e-06 0.52926 9.667e-06
1.7716e-05 0.00018712 1.5351e-06 0.53277 1.093e-05
1.7333e-05 0.00018689 1.4873e-06 0.55517 1.2134e-05
1.697e-05 0.0001867 1.4416e-06 0.58124 1.3429e-05
1.659e-05 0.00018659 1.3911e-06 0.60504 1.4667e-05
1.6193e-05 0.00018644 1.3361e-06 0.62703 1.5858e-05
1.5817e-05 0.00018634 1.283e-06 0.65249 1.7135e-05
1.5423e-05 0.00018621 1.2252e-06 0.67585 1.836e-05
1.5013e-05 0.00018613 1.1629e-06 0.69742 1.9537e-05
1.4619e-05 0.0001861 1.1018e-06 0.72177 2.0782e-05
1.4244e-05 0.00018612 1.0424e-06 0.74279 2.0949e-05
1.3859e-05 0.00018612 9.7973e-07 0.76303 2.1104e-05
1.3488e-05 0.00018616 9.1787e-07 0.78565 2.128e-05
1.3128e-05 0.00018624 8.563e-07 0.79017 2.1473e-05
1.2759e-05 0.00018629 7.9155e-07 0.79453 2.1656e-05
1.2381e-05 0.00018634 7.2359e-07 0.79873 2.1828e-05
1.2017e-05 0.00018642 6.5643e-07 0.80347 2.2022e-05
1.1664e-05 0.00018648 5.8589e-07 0.80757 2.2204e-05
1.1301e-05 0.00018652 6.4373e-07 0.81112 2.2371e-05
1.0926e-05 0.00018661 6.9804e-07 0.81447 2.2525e-05
1.0563e-05 0.00018673 7.5265e-07 0.81823 2.27e-05
1.019e-05 0.00018683 8.0384e-07 0.8218 2.2861e-05
9.8308e-06 0.00018697 8.5562e-07 0.82586 2.3044e-05
9.4875e-06 0.00018717 9.0873e-07 0.83058 2.3257e-05
9.1295e-06 0.00018733 9.5751e-07 0.83492 2.3449e-05
8.7935e-06 0.00018756 1.0088e-06 0.83611 2.3681e-05
8.467e-06 0.00018783 1.0605e-06 0.83748 2.3933e-05
8.1321e-06 0.00018808 1.1089e-06 0.8388 2.4174e-05
7.7893e-06 0.00018831 1.1541e-06 0.84005 2.4404e-05
7.4576e-06 0.00018859 1.2001e-06 0.84152 2.4659e-05
7.134e-06 0.0001889 1.2464e-06 0.8432 2.4933e-05
6.8026e-06 0.00018919 1.2894e-06 0.8448 2.5197e-05
6.4791e-06 0.00018952 1.3328e-06 0.84661 2.548e-05
6.1478e-06 0.00018983 1.3729e-06 0.84835 2.5753e-05
5.8092e-06 0.00019013 1.4099e-06 0.85002 2.6013e-05
5.4783e-06 0.00019046 1.4473e-06 0.85191 2.6294e-05
5.1402e-06 0.00019078 1.4815e-06 0.85373 2.6564e-05
4.8116e-06 0.00019114 1.5165e-06 0.85577 2.6021e-05
4.4922e-06 0.00019154 1.5523e-06 0.8581 2.5512e-05
4.1647e-06 0.00019191 1.5848e-06 0.86033 2.4987e-05
4.3483e-06 0.00019227 1.6141e-06 0.86248 2.4449e-05
4.5358e-06 0.00019267 1.6438e-06 0.86488 2.394e-05
4.7286e-06 0.00019311 1.6744e-06 0.8676 2.3462e-05
4.9151e-06 0.00019353 1.7018e-06 0.87023 2.2973e-05
5.1057e-06 0.00019399 1.7297e-06 0.87315 2.251e-05
5.3006e-06 0.00019448 1.7579e-06 0.87639 2.2072e-05
5.3653e-06 0.00019501 1.7867e-06 0.87654 2.1658e-05
5.4335e-06 0.00019559 1.8164e-06 0.87684 2.1272e-05
5.5054e-06 0.00019621 1.8471e-06 0.87727 2.0912e-05
5.5711e-06 0.00019681 1.8746e-06 0.8779 2.0541e-05
5.6306e-06 0.00019739 1.8988e-06 0.87848 2.0157e-05
5.6839e-06 0.00019796 1.9197e-06 0.87901 1.9762e-05
5.7408e-06 0.00019858 1.9417e-06 0.87971 1.9393e-05
5.8015e-06 0.00019923 1.9647e-06 0.88056 1.9049e-05
5.8649e-06 0.00019993 1.9882e-06 0.88157 1.8725e-05
5.9311e-06 0.00020067 2.0124e-06 0.88273 1.8421e-05
5.991e-06 0.00020139 2.0332e-06 0.88383 1.8106e-05
6.0449e-06 0.00020209 2.0509e-06 0.88489 1.778e-05
6.1015e-06 0.00020283 2.0692e-06 0.88388 1.7474e-05
6.161e-06 0.00020361 2.0881e-06 0.88302 1.7186e-05
6.2141e-06 0.00020438 2.1038e-06 0.88211 1.6888e-05
6.2702e-06 0.00020518 2.12e-06 0.88134 1.6608e-05
6.3201e-06 0.00020597 2.1331e-06 0.88053 1.6317e-05
6.3742e-06 0.00020681 2.1473e-06 0.87989 1.6048e-05
6.4219e-06 0.00020763 2.1582e-06 0.87919 1.5769e-05
6.4736e-06 0.0002085 2.1703e-06 0.87866 1.551e-05
6.5284e-06 0.00020941 2.183e-06 0.87825 1.5267e-05
6.5863e-06 0.00021036 2.1963e-06 0.87796 1.504e-05
6.638e-06 0.0002113 2.2065e-06 0.87764 1.4804e-05
6.6836e-06 0.00021222 2.2135e-06 0.87728 1.4558e-05
6.7231e-06 0.00021312 2.2173e-06 0.87689 1.4304e-05
6.7669e-06 0.00021407 2.2223e-06 0.87664 1.4068e-05
6.815e-06 0.00021508 2.2285e-06 0.87653 1.3851e-05
6.8674e-06 0.00021614 2.2358e-06 0.87657 1.3651e-05
6.923e-06 0.00021725 2.2439e-06 0.87672 1.3465e-05
6.9724e-06 0.00021833 2.2487e-06 0.87684 1.327e-05
7.0299e-06 0.0002195 2.2562e-06 0.87716 1.31e-05
7.0981e-06 0.00022077 2.2676e-06 0.87773 1.2959e-05
7.1555e-06 0.00022199 2.2739e-06 0.87819 1.28e-05
7.2237e-06 0.00022331 2.2839e-06 0.87891 1.2669e-05
7.3008e-06 0.00022474 2.2968e-06 0.87951 1.2561e-05
7.3869e-06 0.00022626 2.3127e-06 0.88035 1.2476e-05
7.9875e-06 0.00023773 2.4025e-06 0.88835 1.1984e-05
8.0734e-06 0.00023929 2.4124e-06 0.88984 1.1929e-05
8.1691e-06 0.00024096 2.4253e-06 0.89171 1.1894e-05
8.2748e-06 0.00024273 2.4413e-06 0.89397 1.1879e-05
8.3933e-06 0.00024444 2.4613e-06 0.89676 1.1889e-05
8.5247e-06 0.00024626 2.4852e-06 0.90018 1.1923e-05
9.4522e-06 0.00025987 2.6318e-06 0.929 1.2248e-05
9.5611e-06 0.00026175 2.6407e-06 0.93275 1.2268e-05
9.6807e-06 0.00026356 2.6527e-06 0.93716 1.2308e-05
9.8118e-06 0.00026549 2.6679e-06 0.94236 1.2368e-05
9.9389e-06 0.00026741 2.6808e-06 0.94755 1.2425e-05
1.0062e-05 0.00026934 2.6914e-06 0.95274 1.2479e-05
1.0182e-05 0.00027126 2.6998e-06 0.95792 1.2529e-05
1.0297e-05 0.00027317 2.7059e-06 0.96309 1.2576e-05
1.0409e-05 0.00027509 2.7097e-06 0.96826 1.262e-05
1.0516e-05 0.000277 2.7112e-06 0.97342 1.266e-05
1.0611e-05 0.00027884 2.707e-06 0.97809 1.2682e-05
1.0717e-05 0.00027858 2.7062e-06 0.9796 1.2725e-05
1.081e-05 0.00027828 2.7001e-06 0.98099 1.3819e-05
1.0919e-05 0.00027806 2.6981e-06 0.98271 1.502e-05
1.1014e-05 0.0002778 2.691e-06 0.98428 1.6167e-05
1.1122e-05 0.00027761 2.687e-06 0.9856 1.7409e-05
1.1218e-05 0.00027738 2.6779e-06 0.98681 1.8597e-05
1.1322e-05 0.0002772 2.6709e-06 0.98819 1.9863e-05
1.1433e-05 0.00027708 2.6654e-06 0.98838 2.1197e-05
1.1537e-05 0.00027693 2.6564e-06 0.98856 2.2508e-05
1.1634e-05 0.00027677 2.644e-06 0.98873 2.3794e-05
1.1738e-05 0.00027665 2.6332e-06 0.98896 2.5153e-05
1.1835e-05 0.00027652 2.6189e-06 0.98917 2.6487e-05
1.1925e-05 0.00027637 2.6013e-06 0.98938 2.7796e-05
1.2008e-05 0.0002762 2.5804e-06 0.98958 2.9084e-05
1.2097e-05 0.00027607 2.5604e-06 0.98983 3.0434e-05
1.2178e-05 0.00027593 2.5371e-06 0.99007 3.176e-05
1.2253e-05 0.00027576 2.5104e-06 0.99031 3.3061e-05
1.2334e-05 0.00027565 2.4851e-06 0.99059 3.4436e-05
1.2409e-05 0.00027552 2.4565e-06 0.99087 3.5787e-05
1.2477e-05 0.00027537 2.4246e-06 0.99114 3.7114e-05
1.255e-05 0.00027526 2.3937e-06 0.99146 3.8507e-05
1.2616e-05 0.00027513 2.3594e-06 0.99177 3.9875e-05
1.2689e-05 0.00027505 2.326e-06 0.99205 4.131e-05
1.2767e-05 0.000275 2.2935e-06 0.99238 4.2817e-05
1.2838e-05 0.00027494 2.2577e-06 0.99269 4.4295e-05
1.2901e-05 0.00027486 2.2185e-06 0.993 4.5747e-05
1.2972e-05 0.00027483 2.1807e-06 0.99336 4.7283e-05
1.3036e-05 0.00027477 2.1394e-06 0.99371 4.8788e-05
1.3112e-05 0.00027479 2.1009e-06 0.99368 5.0418e-05
1.3174e-05 0.00027476 2.0571e-06 0.99362 5.1969e-05
1.3229e-05 0.00027471 2.0098e-06 0.99355 5.349e-05
1.3276e-05 0.00027465 1.9593e-06 0.99349 5.4985e-05
1.333e-05 0.00027462 1.9096e-06 0.99345 5.6554e-05
1.3376e-05 0.00027458 1.8566e-06 0.99342 5.8095e-05
1.3415e-05 0.00027452 1.8002e-06 0.99338 5.9607e-05
1.3461e-05 0.0002745 1.7446e-06 0.99338 6.1195e-05
1.3499e-05 0.00027446 1.6858e-06 0.99337 6.2755e-05
1.355e-05 0.00027438 1.6218e-06 0.99343 6.4243e-05
1.3586e-05 0.00027438 1.5617e-06 0.99346 6.5887e-05
1.3614e-05 0.00027436 1.4978e-06 0.99348 6.7488e-05
1.3632e-05 0.00027432 1.4301e-06 0.9935 6.9048e-05
1.3659e-05 0.00027432 1.3636e-06 0.99355 7.0701e-05
1.3676e-05 0.0002743 1.2934e-06 0.9936 7.2311e-05
1.3684e-05 0.00027424 1.2189e-06 0.99363 7.3861e-05
1.3705e-05 0.00027427 1.1478e-06 0.99365 7.5562e-05
1.3739e-05 0.00027436 1.079e-06 0.99371 7.7403e-05
1.3761e-05 0.00027441 1.0056e-06 0.99376 7.9168e-05
1.3797e-05 0.00027454 9.3518e-07 0.99386 8.1104e-05
1.3848e-05 0.00027475 8.676e-07 0.99395 8.3225e-05
1.3911e-05 0.00027503 8.0192e-07 0.99409 8.5518e-05
1.3966e-05 0.00027529 7.3299e-07 0.99422 8.777e-05
1.4014e-05 0.00027553 6.6085e-07 0.99435 8.9982e-05
1.407e-05 0.00027581 5.8948e-07 0.99452 9.2324e-05
1.4119e-05 0.00027607 5.1491e-07 0.99469 9.4625e-05
1.4176e-05 0.00027638 4.4103e-07 0.9949 9.7062e-05
1.424e-05 0.00027675 3.6776e-07 0.99516 9.9641e-05
1.4313e-05 0.00027716 2.9501e-07 0.99546 0.00010237
1.4379e-05 0.00027755 2.1913e-07 0.99576 0.00010505
1.4437e-05 0.00027793 2.3858e-07 0.99605 0.00010769
1.4503e-05 0.00027835 2.5699e-07 0.99639 0.00011049
1.4562e-05 0.00027876 2.727e-07 0.99672 0.00011324
1.4628e-05 0.00027921 2.8719e-07 0.99711 0.00011613
1.4686e-05 0.00027965 2.9898e-07 0.99748 0.00011897
1.4737e-05 0.00028006 3.0803e-07 0.99785 0.00012177
1.4796e-05 0.00028053 3.1605e-07 0.99827 0.00012473
1.4864e-05 0.00028105 3.2306e-07 0.99875 0.00012787
1.4925e-05 0.00028154 5.2823e-07 0.99922 0.00013095
1.4992e-05 0.00028209 5.5365e-07 0.99929 0.0001342
1.5052e-05 0.00028262 5.7621e-07 0.99937 0.00013739
1.5104e-05 0.00028312 5.9582e-07 0.99945 0.00014052
1.5143e-05 0.00028358 6.1161e-07 0.99944 0.0001435
1.5168e-05 0.000284 6.236e-07 0.99942 0.00014635
1.521e-05 0.0002845 6.3643e-07 0.99943 0.00014948
1.5237e-05 0.00028495 6.4516e-07 0.99944 0.00015247
1.5272e-05 0.00028545 6.5326e-07 0.99946 0.00015562
1.5299e-05 0.00028594 6.5844e-07 0.99949 0.00015871
1.5333e-05 0.00028646 6.6292e-07 0.99951 0.00016195
1.5376e-05 0.00028704 6.6698e-07 0.99956 0.00016539
1.5427e-05 0.00028767 6.7062e-07 0.99961 0.00016903
1.5485e-05 0.00028835 6.7365e-07 0.99956 0.00017157
1.5552e-05 0.00028908 6.7627e-07 0.99951 0.00017427
1.5628e-05 0.00028987 6.7848e-07 0.99949 0.00017713
1.5711e-05 0.00029071 6.7999e-07 0.99947 0.00018013
1.5787e-05 0.00029153 6.7867e-07 0.99945 0.00018309
1.5855e-05 0.00029233 6.7449e-07 0.99944 0.000186
1.5936e-05 0.0002932 6.7045e-07 0.99944 0.00018782
1.6035e-05 0.00029418 6.6734e-07 0.99945 0.00018985
1.612e-05 0.0002951 6.6039e-07 0.99945 0.00019177
1.6223e-05 0.00029613 6.5443e-07 0.99948 0.0001939
1.6313e-05 0.00029711 6.4468e-07 0.9995 0.00019593
1.6389e-05 0.00029804 6.3116e-07 0.99953 0.00019787
1.6482e-05 0.00029907 6.1848e-07 0.99959 0.00020002
1.6561e-05 0.00030005 6.0184e-07 0.99964 0.00020206
1.6658e-05 0.00030113 5.8608e-07 0.99962 0.00020433
1.6774e-05 0.00030232 5.7115e-07 0.99962 0.00020685
1.6876e-05 0.00030345 5.5243e-07 0.99962 0.00020924
1.6964e-05 0.00030453 5.299e-07 0.99962 0.00021153
1.7067e-05 0.0003057 5.0775e-07 0.99964 0.00021182
1.7154e-05 0.00030681 4.8161e-07 0.99965 0.00021205
1.7226e-05 0.00030786 4.5147e-07 0.99967 0.00021221
1.7313e-05 0.00030902 4.2168e-07 0.99962 0.00021248
1.7391e-05 0.00031015 3.8884e-07 0.99956 0.00021271
1.746e-05 0.00031125 3.5302e-07 0.99951 0.00021292
1.7522e-05 0.00031233 4.2747e-07 0.99946 0.0002131
1.7594e-05 0.00031348 5.0256e-07 0.99943 0.00021334
1.7657e-05 0.0003146 5.7447e-07 0.9994 0.00021357
1.773e-05 0.00031578 6.4708e-07 0.99937 0.00021386
1.7796e-05 0.00031695 7.1659e-07 0.99935 0.00021413
1.7854e-05 0.0003181 7.8299e-07 0.99932 0.00021438
1.7923e-05 0.00031931 8.5026e-07 0.99905 0.0002147
1.7999e-05 0.00032058 9.179e-07 0.99882 0.00021507
1.8067e-05 0.00032182 9.8232e-07 0.99858 0.00021543
1.8128e-05 0.00032305 1.0436e-06 0.99834 0.00021576
1.8182e-05 0.00032425 1.1018e-06 0.99809 0.00021608
1.8246e-05 0.00032553 1.1609e-06 0.99789 0.00021646
1.8301e-05 0.00032686 1.2167e-06 0.99771 0.00021682
1.8349e-05 0.00032818 1.2693e-06 0.99754 0.00021715
1.8389e-05 0.00032947 1.3186e-06 0.99737 0.00021746
1.8439e-05 0.00033083 1.3689e-06 0.99722 0.00021784
1.8481e-05 0.00033217 1.4158e-06 0.99708 0.0002182
1.8532e-05 0.00033358 1.4637e-06 0.99697 0.00021863
1.8594e-05 0.00033506 1.5126e-06 0.99689 0.00021913
1.8665e-05 0.00033651 1.5624e-06 0.99684 0.0002197
1.8728e-05 0.00033794 1.609e-06 0.9968 0.00022024
1.8784e-05 0.00033935 1.6524e-06 0.99675 0.00022077
1.885e-05 0.00034083 1.6968e-06 0.99613 0.00022137
1.8924e-05 0.00034237 1.7419e-06 0.99559 0.00022203
1.9006e-05 0.00034398 1.7876e-06 0.9928 0.00022276
1.908e-05 0.00034556 1.83e-06 0.98993 0.00022346
1.9164e-05 0.00034722 1.8736e-06 0.98736 0.00022424
1.9258e-05 0.00034896 1.9184e-06 0.98507 0.0002251
1.9363e-05 0.00035077 1.9645e-06 0.98302 0.00022605
1.9478e-05 0.00035267 2.012e-06 0.98121 0.00022708
1.9604e-05 0.00035465 2.0609e-06 0.9796 0.00022821
1.9721e-05 0.00035659 2.1061e-06 0.97792 0.00022929
1.9823e-05 0.00035847 2.1461e-06 0.97608 0.0002303
2.1445e-05 0.00036047 2.1807e-06 0.97404 0.00023122
2.3021e-05 0.00036239 2.6132e-06 0.97181 0.00023207
2.4552e-05 0.00036425 3.0323e-06 0.96937 0.00023286
2.6045e-05 0.00036604 5.887e-06 0.96674 0.00023359
2.7583e-05 0.00036791 8.8291e-06 0.96437 0.00023439
2.9102e-05 0.00036975 1.1742e-05 0.96191 0.00023517
