Oriolus_oriolus Oxyura_jamaicensis Parus_major Passer_domesticus Phaethon_lepturus
0.00034305 3.6542e-05 1.832e-05 0.00038102 0.0001748
0.00033988 3.4985e-05 1.5821e-05 0.00037363 0.00017427
0.00033685 3.3428e-05 1.3405e-05 0.00036652 0.00017378
0.00033377 3.1868e-05 1.0956e-05 0.0003593 0.00017327
0.00033087 3.0307e-05 8.6075e-06 0.00035242 0.00016994
0.00032787 2.8745e-05 8.3807e-06 0.00034536 0.00016653
0.00032509 2.7181e-05 8.1693e-06 0.00033872 0.00016333
0.00032257 2.5615e-05 7.9769e-06 0.00031605 0.00015286
0.00031363 2.4048e-05 7.7997e-06 0.00029261 0.00014196
0.00030435 2.2479e-05 8.27e-06 0.00026837 0.00013068
0.00029579 2.1001e-05 8.7743e-06 0.00024583 0.00012024
0.0002878 1.9597e-05 9.3087e-06 0.00022466 0.00011047
0.00027947 1.8145e-05 9.8172e-06 0.00020268 0.00010032
0.00027082 1.665e-05 1.0302e-05 0.00017995 8.9801e-05
0.00026285 1.5243e-05 1.0824e-05 0.00015884 8.0082e-05
0.00025541 1.3905e-05 1.1379e-05 0.00013902 7.0998e-05
0.00024782 1.2515e-05 1.1905e-05 0.00013629 6.1545e-05
0.00024074 1.1193e-05 1.2466e-05 0.00013377 5.271e-05
0.00023413 9.937e-06 1.3062e-05 0.00013143 4.4452e-05
0.00022805 8.7536e-06 1.3703e-05 0.00012931 3.6821e-05
0.00022238 7.6285e-06 1.4385e-05 0.00012735 2.9689e-05
0.00021646 6.4693e-06 1.511e-05 0.00012555 2.8597e-05
0.00021031 5.275e-06 1.5804e-05 0.00012364 2.7463e-05
0.00020458 4.1387e-06 1.6543e-05 0.00012189 2.6405e-05
0.00019859 3.9958e-06 1.7247e-05 0.00012003 2.5301e-05
0.00019238 3.844e-06 1.7922e-05 0.00011806 2.4156e-05
0.00018666 3.702e-06 1.8648e-05 0.00011627 2.3098e-05
0.00018081 3.5504e-06 1.934e-05 0.00011437 2.1995e-05
0.00017473 3.3899e-06 2.0002e-05 0.00011236 2.085e-05
0.00016906 3.2373e-06 2.0708e-05 0.00011051 1.978e-05
0.00016377 3.094e-06 2.146e-05 0.00010881 1.878e-05
0.00015806 2.9596e-06 2.2271e-05 0.00010727 1.7857e-05
0.00015272 2.8324e-06 2.2341e-05 0.00010587 1.6995e-05
0.00013306 2.3373e-06 2.2712e-05 0.00010079 1.3808e-05
0.00013286 2.215e-06 2.2775e-05 9.9403e-05 1.3062e-05
0.00013261 2.0983e-06 2.2818e-05 9.7921e-05 1.2288e-05
0.0001323 1.9739e-06 2.2841e-05 9.6346e-05 1.1484e-05
0.0001321 1.8569e-06 2.2892e-05 9.4927e-05 1.0741e-05
0.00013199 1.745e-06 2.2968e-05 9.3632e-05 1.0047e-05
0.00013198 1.6392e-06 2.3073e-05 9.248e-05 9.4055e-06
0.00013191 1.5377e-06 2.3158e-05 9.1242e-05 8.7392e-06
0.00013193 1.4404e-06 2.3268e-05 9.0121e-05 8.1163e-06
0.00013029 1.3481e-06 2.3408e-05 8.9133e-05 7.5408e-06
0.00012878 1.2594e-06 2.3573e-05 8.8252e-05 7.0027e-06
0.00012718 1.1635e-06 2.3716e-05 8.7051e-05 6.4407e-06
0.00012549 1.061e-06 2.3837e-05 8.5765e-05 5.8565e-06
0.00012397 9.6326e-07 2.3989e-05 8.4617e-05 5.3165e-06
0.0001226 8.584e-07 2.4173e-05 8.3599e-05 4.82e-06
0.00012135 7.5699e-07 2.4384e-05 8.2687e-05 4.3556e-06
0.00012001 6.5874e-07 2.457e-05 8.1687e-05 3.9211e-06
0.00011833 5.6339e-07 2.4784e-05 7.9661e-05 3.5144e-06
0.0001168 4.7163e-07 2.5036e-05 7.7805e-05 3.1382e-06
0.00011514 3.7337e-07 2.5283e-05 7.5841e-05 2.7449e-06
0.00011364 2.785e-07 2.5525e-05 7.4042e-05 2.3808e-06
0.00011206 1.7721e-07 2.5763e-05 7.2138e-05 2.0001e-06
0.00011062 1.7613e-07 2.5995e-05 7.0394e-05 1.6021e-06
0.00010944 1.7361e-07 2.6224e-05 6.8556e-05 1.2292e-06
0.00010813 1.6689e-07 2.6447e-05 6.6874e-05 8.3944e-07
0.00010673 1.5873e-07 2.6666e-05 6.5091e-05 7.8855e-07
0.00010546 1.465e-07 2.688e-05 6.3435e-05 7.3367e-07
0.00010429 1.3281e-07 2.709e-05 6.1899e-05 6.8208e-07
0.00010305 1.8381e-07 2.7274e-05 6.0268e-05 6.2623e-07
0.00010174 2.3005e-07 2.7436e-05 5.8549e-05 5.6637e-07
0.00010036 2.7154e-07 2.7575e-05 5.6741e-05 5.0242e-07
9.9088e-05 3.1291e-07 2.7743e-05 5.5094e-05 4.4193e-07
9.775e-05 3.4952e-07 2.7888e-05 5.336e-05 4.631e-07
9.6544e-05 3.8659e-07 2.8068e-05 5.1767e-05 4.862e-07
9.527e-05 4.1961e-07 2.7602e-05 5.0349e-05 5.0627e-07
9.4106e-05 4.5265e-07 2.7172e-05 4.9033e-05 5.2783e-07
9.3044e-05 4.858e-07 2.6778e-05 4.7815e-05 5.5099e-07
9.2082e-05 5.1932e-07 2.6417e-05 4.6689e-05 5.7584e-07
9.105e-05 4.8058e-07 2.6029e-05 4.5484e-05 6.025e-07
8.9948e-05 4.3656e-07 2.5612e-05 4.4198e-05 6.2573e-07
8.8774e-05 3.8721e-07 2.5167e-05 4.2838e-05 6.4555e-07
8.7525e-05 3.3251e-07 2.4692e-05 4.1629e-05 6.6199e-07
8.6201e-05 2.7894e-07 2.4187e-05 4.0341e-05 6.751e-07
8.4798e-05 3.1318e-07 2.3652e-05 3.8972e-05 6.8488e-07
8.3526e-05 3.4764e-07 2.3161e-05 3.7714e-05 6.9682e-07
8.2375e-05 3.8243e-07 2.2712e-05 3.6559e-05 7.1096e-07
8.1338e-05 4.176e-07 2.2302e-05 3.55e-05 7.2732e-07
8.0244e-05 4.481e-07 2.1868e-05 3.4379e-05 7.4063e-07
7.9101e-05 4.7419e-07 2.1414e-05 3.3202e-05 7.5116e-07
7.8056e-05 5.0028e-07 2.0993e-05 3.2109e-05 7.635e-07
7.697e-05 5.2219e-07 2.0555e-05 3.0969e-05 7.7331e-07
7.595e-05 5.432e-07 2.0139e-05 2.9881e-05 7.8398e-07
7.4993e-05 5.6331e-07 1.9743e-05 2.884e-05 7.9321e-07
7.4009e-05 5.7964e-07 1.9336e-05 2.7767e-05 8.01e-07
7.3002e-05 5.9228e-07 1.8917e-05 2.6663e-05 8.0734e-07
7.2046e-05 6.0366e-07 1.8514e-05 2.5596e-05 8.1225e-07
7.1066e-05 6.1135e-07 1.8101e-05 2.4498e-05 8.1571e-07
7.0136e-05 6.178e-07 1.7703e-05 2.3437e-05 8.1773e-07
6.9253e-05 6.2301e-07 1.7321e-05 2.2411e-05 8.183e-07
6.8348e-05 6.2452e-07 1.6928e-05 2.1354e-05 8.1744e-07
6.7501e-05 6.252e-07 1.6554e-05 2.0342e-05 8.1513e-07
6.6627e-05 6.2202e-07 1.6168e-05 1.9296e-05 8.1138e-07
6.5811e-05 6.1806e-07 1.5801e-05 1.8294e-05 8.0619e-07
6.5053e-05 6.134e-07 1.5453e-05 1.7335e-05 7.9956e-07
6.4356e-05 6.0823e-07 1.5126e-05 1.6423e-05 7.9148e-07
6.3725e-05 6.0288e-07 1.4821e-05 1.5561e-05 7.8197e-07
6.3164e-05 5.9755e-07 1.454e-05 1.4752e-05 7.7101e-07
6.2559e-05 5.8753e-07 1.4241e-05 1.3894e-05 7.5861e-07
6.1914e-05 5.73e-07 1.3924e-05 1.2991e-05 7.4476e-07
6.133e-05 5.5812e-07 1.3627e-05 1.2133e-05 7.2948e-07
6.0803e-05 5.4279e-07 1.3349e-05 1.1315e-05 7.1275e-07
6.033e-05 5.2697e-07 1.309e-05 1.0535e-05 6.9458e-07
5.9809e-05 5.0676e-07 1.2815e-05 9.7138e-06 6.7497e-07
5.9238e-05 4.8215e-07 1.2523e-05 8.8521e-06 6.5392e-07
5.8733e-05 4.575e-07 1.2254e-05 8.0368e-06 6.3142e-07
5.8193e-05 4.285e-07 1.197e-05 7.182e-06 6.0749e-07
5.7714e-05 3.993e-07 1.1706e-05 6.3694e-06 5.8519e-07
5.7199e-05 3.6566e-07 1.1425e-05 5.516e-06 5.6008e-07
5.6639e-05 3.2724e-07 1.1126e-05 5.711e-06 5.3177e-07
5.6031e-05 2.8388e-07 1.0807e-05 5.8733e-06 5.0011e-07
5.5371e-05 2.4102e-07 1.0465e-05 6.0023e-06 4.6493e-07
5.4791e-05 2.7855e-07 1.0151e-05 6.1493e-06 4.3225e-07
5.4288e-05 3.1632e-07 9.863e-06 6.3152e-06 4.0184e-07
5.3725e-05 3.4932e-07 9.556e-06 6.4491e-06 3.683e-07
5.3237e-05 3.7735e-07 9.274e-06 6.6057e-06 3.3692e-07
5.2801e-05 4.0472e-07 9.0081e-06 6.7729e-06 3.0663e-07
5.2344e-05 4.2836e-07 8.7323e-06 6.9178e-06 2.7428e-07
5.1867e-05 4.5088e-07 8.4467e-06 7.0406e-06 2.4246e-07
5.137e-05 4.6968e-07 8.1512e-06 7.1414e-06 2.0861e-07
5.0912e-05 4.8737e-07 7.8675e-06 7.2474e-06 1.7523e-07
5.0493e-05 5.0398e-07 7.5951e-06 7.359e-06 1.4223e-07
5.0056e-05 5.1692e-07 7.3136e-06 7.4732e-06 1.647e-07
4.965e-05 5.2849e-07 7.0408e-06 7.5903e-06 1.8694e-07
4.9224e-05 5.3633e-07 6.7585e-06 7.6851e-06 2.0729e-07
4.8836e-05 5.431e-07 6.4868e-06 7.7859e-06 2.2765e-07
4.8484e-05 5.4882e-07 6.2253e-06 7.893e-06 2.4805e-07
4.8161e-05 5.5319e-07 5.9713e-06 8.0033e-06 2.6832e-07
4.7819e-05 5.5381e-07 5.7082e-06 8.0912e-06 2.8667e-07
4.746e-05 5.5076e-07 5.4363e-06 8.1575e-06 3.0316e-07
4.7131e-05 5.4637e-07 5.172e-06 8.2272e-06 3.1953e-07
4.6784e-05 5.3831e-07 4.8991e-06 8.2753e-06 3.3403e-07
4.6419e-05 5.2655e-07 4.6173e-06 8.3016e-06 3.4665e-07
4.6101e-05 5.1438e-07 4.3492e-06 8.3413e-06 3.5988e-07
4.5825e-05 5.0147e-07 4.0921e-06 8.3913e-06 3.7354e-07
4.5519e-05 4.8824e-07 3.8228e-06 8.4134e-06 3.8485e-07
4.5263e-05 4.7465e-07 3.5668e-06 8.4505e-06 3.9696e-07
4.4971e-05 4.565e-07 3.7384e-06 8.4559e-06 4.0643e-07
4.4644e-05 4.3377e-07 3.8974e-06 8.4293e-06 4.1328e-07
4.2866e-05 5.2834e-07 4.0695e-06 8.4254e-06 4.1719e-07
4.119e-05 6.2465e-07 4.2501e-06 8.4333e-06 4.2162e-07
3.9591e-05 7.2188e-07 4.4368e-06 8.4475e-06 4.2621e-07
3.8078e-05 8.2087e-07 4.6319e-06 8.4719e-06 4.3124e-07
3.6527e-05 9.1497e-07 4.8171e-06 8.4709e-06 4.341e-07
3.506e-05 1.0111e-06 5.0113e-06 8.4808e-06 4.3746e-07
3.3527e-05 1.1007e-06 5.191e-06 8.5082e-06 4.4178e-07
3.2087e-05 1.1929e-06 5.3813e-06 8.5492e-06 4.4682e-07
3.0586e-05 1.2789e-06 5.558e-06 8.5581e-06 4.492e-07
2.9186e-05 1.3678e-06 5.7213e-06 8.5355e-06 4.5239e-07
2.7887e-05 1.4607e-06 5.8983e-06 8.532e-06 4.5673e-07
2.6681e-05 1.5579e-06 6.0895e-06 8.5475e-06 4.6223e-07
2.5566e-05 1.6481e-06 6.2965e-06 8.5834e-06 4.6492e-07
2.4427e-05 1.7339e-06 6.4946e-06 8.5967e-06 4.6564e-07
2.3332e-05 1.8207e-06 6.6991e-06 8.6137e-06 4.6636e-07
2.2214e-05 1.903e-06 6.8948e-06 8.6082e-06 4.6512e-07
2.1146e-05 1.9871e-06 7.0991e-06 8.6095e-06 4.6413e-07
2.0056e-05 2.0668e-06 7.2944e-06 8.5885e-06 4.6118e-07
1.8945e-05 2.1423e-06 7.4813e-06 8.5458e-06 4.5633e-07
1.7883e-05 2.2196e-06 7.677e-06 8.51e-06 4.5173e-07
1.6799e-05 2.2924e-06 7.8637e-06 8.4517e-06 4.4517e-07
1.5694e-05 2.3609e-06 8.0419e-06 8.3718e-06 4.3672e-07
1.463e-05 2.4305e-06 8.227e-06 8.2955e-06 4.2825e-07
1.3544e-05 2.4957e-06 8.4031e-06 8.1968e-06 4.1784e-07
1.2435e-05 2.5563e-06 8.5702e-06 8.0756e-06 4.0547e-07
1.1375e-05 2.619e-06 8.7466e-06 7.9616e-06 3.9335e-07
1.0277e-05 2.6757e-06 8.9099e-06 7.8186e-06 3.788e-07
1.0303e-05 2.7366e-06 9.0573e-06 7.642e-06 4.4322e-07
1.0306e-05 2.79e-06 9.1877e-06 7.4292e-06 5.0329e-07
1.0288e-05 2.8491e-06 9.3026e-06 7.1824e-06 5.5934e-07
1.041e-05 2.9003e-06 9.4754e-06 6.8541e-06 6.1119e-07
1.0542e-05 2.9531e-06 9.6562e-06 6.5319e-06 6.6437e-07
1.0661e-05 3.0013e-06 9.8279e-06 6.1867e-06 7.1521e-07
1.0768e-05 3.0449e-06 9.9904e-06 5.8187e-06 7.6371e-07
1.0862e-05 3.084e-06 1.0144e-05 5.4277e-06 8.0988e-07
1.0943e-05 3.1186e-06 1.0288e-05 5.0137e-06 8.5374e-07
1.1012e-05 3.1484e-06 1.0422e-05 4.5758e-06 8.9519e-07
1.1068e-05 3.1739e-06 1.0548e-05 4.1152e-06 9.3438e-07
1.1112e-05 3.1949e-06 1.0665e-05 3.6321e-06 9.7137e-07
1.1144e-05 3.2116e-06 1.0774e-05 3.1266e-06 1.0062e-06
1.1186e-05 3.2296e-06 1.089e-05 2.6273e-06 1.0421e-06
1.1214e-05 3.2429e-06 1.0996e-05 2.1044e-06 1.0756e-06
1.1221e-05 3.2606e-06 1.1086e-05 2.2052e-06 1.1054e-06
1.1215e-05 3.2737e-06 1.1167e-05 2.2862e-06 1.1328e-06
1.1221e-05 3.2889e-06 1.1258e-05 2.3634e-06 1.1618e-06
1.1215e-05 3.2996e-06 1.134e-05 2.4214e-06 1.1886e-06
1.1197e-05 3.306e-06 1.1413e-05 2.4602e-06 1.2132e-06
1.1167e-05 3.3081e-06 1.1477e-05 2.4799e-06 1.2356e-06
1.1149e-05 3.3122e-06 1.1551e-05 2.4958e-06 1.2595e-06
1.114e-05 3.3176e-06 1.1633e-05 2.5061e-06 1.2846e-06
1.1118e-05 3.3185e-06 1.1705e-05 2.4969e-06 1.3073e-06
1.1084e-05 3.3145e-06 1.1768e-05 2.4684e-06 1.3278e-06
1.1063e-05 3.3127e-06 1.1842e-05 2.4363e-06 1.35e-06
1.1027e-05 3.3059e-06 1.1904e-05 2.3833e-06 1.3695e-06
1.0969e-05 3.2919e-06 1.1951e-05 2.3047e-06 1.3853e-06
1.0936e-05 3.2837e-06 1.2017e-05 2.231e-06 1.4041e-06
1.093e-05 3.2811e-06 1.2103e-05 2.1617e-06 1.4267e-06
1.0943e-05 3.2828e-06 1.1734e-05 2.0936e-06 1.4526e-06
1.0944e-05 3.2802e-06 1.1353e-05 2.0062e-06 1.4761e-06
1.0957e-05 3.2795e-06 1.0989e-05 1.9144e-06 1.5015e-06
1.0981e-05 3.2808e-06 1.064e-05 1.818e-06 1.5287e-06
1.1017e-05 3.2842e-06 1.0305e-05 1.7168e-06 1.5578e-06
1.104e-05 3.283e-06 9.9596e-06 1.5963e-06 1.5845e-06
1.1051e-05 3.2773e-06 9.6039e-06 1.4564e-06 1.6088e-06
1.1071e-05 3.2729e-06 9.2597e-06 1.3101e-06 1.6345e-06
1.11e-05 3.2698e-06 8.9265e-06 1.1571e-06 1.6618e-06
1.1138e-05 3.2679e-06 8.6039e-06 9.9715e-07 1.6906e-06
1.1164e-05 3.2617e-06 8.2719e-06 8.1844e-07 1.717e-06
1.1177e-05 3.251e-06 7.9297e-06 6.205e-07 1.741e-06
1.1176e-05 3.2424e-06 7.575e-06 7.6634e-07 1.7622e-06
1.1184e-05 3.2353e-06 7.2317e-06 9.0427e-07 1.785e-06
1.118e-05 3.2237e-06 6.8784e-06 1.0235e-06 1.8054e-06
1.1163e-05 3.2137e-06 6.5149e-06 1.1239e-06 1.8275e-06
1.1158e-05 3.2057e-06 6.1648e-06 1.2176e-06 1.8518e-06
1.1141e-05 3.1931e-06 5.8043e-06 1.2923e-06 1.8736e-06
1.1137e-05 3.183e-06 5.4585e-06 1.3614e-06 1.898e-06
1.1111e-05 3.1785e-06 5.6267e-06 1.407e-06 1.9181e-06
1.1062e-05 3.1664e-06 5.7796e-06 1.4284e-06 1.9337e-06
1.1041e-05 3.1586e-06 5.9447e-06 1.4471e-06 1.953e-06
1.1044e-05 3.1561e-06 6.1254e-06 1.4655e-06 1.977e-06
1.1059e-05 3.1555e-06 6.3139e-06 1.4773e-06 2.0033e-06
1.1085e-05 3.1566e-06 6.5096e-06 1.4818e-06 2.0316e-06
1.1097e-05 3.153e-06 6.6962e-06 1.4673e-06 2.0574e-06
1.1122e-05 3.1514e-06 6.8911e-06 1.4461e-06 2.0855e-06
1.1158e-05 3.1517e-06 7.0945e-06 1.4182e-06 2.1161e-06
1.1205e-05 3.1539e-06 7.3069e-06 1.3835e-06 2.1492e-06
1.1241e-05 3.1516e-06 7.5102e-06 1.3301e-06 2.1797e-06
1.1288e-05 3.1512e-06 7.7227e-06 1.2697e-06 2.2127e-06
1.1344e-05 3.152e-06 7.9426e-06 1.2012e-06 2.2478e-06
1.1411e-05 3.1542e-06 8.1707e-06 1.1246e-06 2.2851e-06
1.1455e-05 3.2562e-06 8.3638e-06 1.045e-06 2.3279e-06
1.1486e-05 3.3532e-06 8.5473e-06 9.4653e-07 2.368e-06
1.1504e-05 3.4452e-06 8.7214e-06 8.2918e-07 2.4053e-06
1.151e-05 3.5325e-06 8.8862e-06 6.929e-07 2.4455e-06
1.1503e-05 3.6152e-06 9.0424e-06 5.382e-07 2.4833e-06
1.1508e-05 3.7009e-06 9.2078e-06 3.7627e-07 2.524e-06
1.15e-05 3.7818e-06 9.364e-06 5.0148e-07 2.5619e-06
1.1502e-05 3.865e-06 9.5274e-06 6.17e-07 2.6022e-06
1.1513e-05 3.9505e-06 9.6983e-06 7.2302e-07 2.6449e-06
1.1533e-05 4.0384e-06 9.8768e-06 8.1967e-07 2.6901e-06
1.1541e-05 4.1214e-06 1.0046e-05 8.9789e-07 2.7326e-06
1.1536e-05 4.1995e-06 1.0206e-05 9.577e-07 2.7723e-06
1.154e-05 4.2801e-06 1.0374e-05 1.0082e-06 2.8145e-06
1.1532e-05 4.3558e-06 1.0532e-05 1.0402e-06 2.854e-06
1.1511e-05 4.4266e-06 1.0682e-05 1.0539e-06 2.8907e-06
1.1503e-05 4.501e-06 1.0841e-05 1.0595e-06 2.9307e-06
1.1509e-05 4.5795e-06 1.1013e-05 1.0578e-06 2.9746e-06
1.1544e-05 4.6665e-06 1.1206e-05 1.0537e-06 3.015e-06
1.1604e-05 4.7616e-06 1.1421e-05 1.0464e-06 3.0619e-06
1.1642e-05 4.8636e-06 1.1617e-05 1.0165e-06 3.1038e-06
1.1658e-05 4.9577e-06 1.1798e-05 9.6492e-07 3.1411e-06
1.1699e-05 5.0601e-06 1.1999e-05 9.099e-07 3.1845e-06
1.1757e-05 5.169e-06 1.2217e-05 8.4885e-07 3.233e-06
1.1795e-05 5.2696e-06 1.2418e-05 7.6608e-07 3.2765e-06
1.181e-05 5.3616e-06 1.2601e-05 1.0334e-06 3.3149e-06
1.1804e-05 5.443e-06 1.2767e-05 1.2742e-06 3.348e-06
1.1818e-05 5.5319e-06 1.2952e-05 1.5187e-06 3.3869e-06
1.1809e-05 5.6114e-06 1.3117e-05 1.7352e-06 3.42e-06
1.1775e-05 5.6815e-06 1.3263e-05 1.9238e-06 3.4475e-06
1.1767e-05 5.7609e-06 1.3432e-05 2.1195e-06 3.4818e-06
1.1728e-05 5.8309e-06 1.3581e-05 2.2869e-06 3.5104e-06
1.1664e-05 5.9103e-06 1.3712e-05 2.4264e-06 3.5461e-06
1.1578e-05 5.981e-06 1.3824e-05 2.5395e-06 3.5764e-06
1.1469e-05 6.0594e-06 1.392e-05 2.6265e-06 3.6016e-06
1.134e-05 6.1451e-06 1.3999e-05 2.6883e-06 3.6321e-06
1.1221e-05 6.2347e-06 1.4088e-05 2.7457e-06 3.6657e-06
1.1115e-05 6.3291e-06 1.4188e-05 2.8004e-06 3.7031e-06
1.0996e-05 6.4182e-06 1.4278e-05 2.8353e-06 3.7375e-06
1.0865e-05 6.5021e-06 1.4359e-05 2.8503e-06 3.7691e-06
1.0746e-05 6.5908e-06 1.4451e-05 2.8625e-06 3.5848e-06
1.0614e-05 6.6742e-06 1.4534e-05 2.8547e-06 3.3964e-06
1.0495e-05 6.7628e-06 1.4628e-05 2.8446e-06 3.2165e-06
1.0355e-05 6.8598e-06 1.4705e-05 2.8084e-06 3.0484e-06
1.0239e-05 6.9674e-06 1.4805e-05 2.7779e-06 2.8932e-06
1.0105e-05 7.0673e-06 1.489e-05 2.7239e-06 2.7319e-06
9.9894e-06 7.1754e-06 1.4992e-05 2.6714e-06 2.5803e-06
9.8578e-06 7.2765e-06 1.5081e-05 2.5966e-06 2.4235e-06
9.7435e-06 7.3857e-06 1.5187e-05 2.5228e-06 2.2759e-06
9.6865e-06 7.4845e-06 1.5162e-05 2.4589e-06 2.1397e-06
9.6525e-06 7.5948e-06 1.5163e-05 2.4003e-06 2.0141e-06
1.0685e-05 7.6945e-06 1.6409e-05 3.0755e-06 1.8811e-06
1.1687e-05 7.7871e-06 1.7625e-05 3.7198e-06 1.7433e-06
1.2734e-05 7.8853e-06 1.889e-05 4.3801e-06 1.6111e-06
1.3752e-05 7.9768e-06 2.0129e-05 5.0112e-06 1.4745e-06
1.482e-05 8.0746e-06 2.1421e-05 5.6613e-06 1.3439e-06
1.5023e-05 8.1618e-06 2.2807e-05 6.354e-06 1.2229e-06
1.526e-05 8.2607e-06 2.4293e-05 7.0931e-06 1.1108e-06
1.5533e-05 8.3718e-06 2.5886e-05 7.8827e-06 1.0067e-06
1.5843e-05 8.4955e-06 2.7596e-05 7.9194e-06 9.1025e-07
1.6125e-05 8.6081e-06 2.9246e-05 7.9233e-06 8.0836e-07
1.6381e-05 8.7313e-06 3.0838e-05 7.8942e-06 8.2715e-07
1.6674e-05 8.8432e-06 3.2547e-05 7.8865e-06 8.4869e-07
1.6937e-05 8.9682e-06 3.4188e-05 7.8436e-06 8.666e-07
1.7262e-05 9.0828e-06 3.6012e-05 7.7679e-06 8.8115e-07
1.7555e-05 9.1872e-06 3.7757e-05 7.7135e-06 8.9236e-07
1.7889e-05 9.3046e-06 3.963e-05 7.6801e-06 9.0627e-07
1.827e-05 9.4354e-06 4.1641e-05 7.6676e-06 9.2298e-07
1.8619e-05 9.5548e-06 4.3575e-05 7.6203e-06 9.3603e-07
1.9004e-05 9.6854e-06 4.5629e-05 7.5402e-06 9.5129e-07
1.9358e-05 9.8054e-06 4.7612e-05 7.4273e-06 9.6259e-07
1.9732e-05 9.9312e-06 4.9669e-05 7.3178e-06 9.7468e-07
2.0091e-05 1.0051e-05 5.1697e-05 7.1862e-06 9.8459e-07
2.0469e-05 1.0177e-05 5.3797e-05 7.0572e-06 9.9521e-07
2.0832e-05 1.0297e-05 5.5871e-05 6.9068e-06 1.0037e-06
2.1181e-05 1.0411e-05 5.7919e-05 6.7351e-06 1.0102e-06
2.1549e-05 1.0531e-05 6.004e-05 6.5657e-06 1.0173e-06
2.1901e-05 1.0646e-05 6.2132e-05 6.3744e-06 1.0223e-06
2.2277e-05 1.0767e-05 6.4313e-05 6.1884e-06 1.0284e-06
2.268e-05 1.0896e-05 6.6589e-05 6.0079e-06 1.0356e-06
2.3064e-05 1.1017e-05 6.8827e-05 5.8041e-06 1.0405e-06
2.3484e-05 1.1149e-05 7.1189e-05 5.6108e-06 1.0472e-06
2.3955e-05 1.1295e-05 7.3724e-05 5.435e-06 1.0568e-06
2.4392e-05 1.1457e-05 7.6174e-05 5.2283e-06 1.063e-06
2.8213e-05 1.1631e-05 7.8543e-05 4.9905e-06 1.0658e-06
3.234e-05 1.1822e-05 8.1084e-05 4.7699e-06 1.0715e-06
3.6307e-05 1.2e-05 8.3534e-05 4.5171e-06 1.0736e-06
4.0585e-05 1.2195e-05 8.6159e-05 4.2803e-06 1.0784e-06
4.5207e-05 1.2407e-05 8.8974e-05 4.0587e-06 1.0862e-06
4.9658e-05 1.2606e-05 9.1694e-05 3.8067e-06 1.0904e-06
5.3943e-05 1.2793e-05 9.4321e-05 4.3207e-06 1.0912e-06
5.8577e-05 1.2997e-05 9.7141e-05 4.8659e-06 1.0949e-06
6.3025e-05 1.3188e-05 9.9857e-05 8.8007e-06 1.0949e-06
6.7721e-05 1.339e-05 0.00010271 1.2926e-05 1.0966e-06
7.2344e-05 1.3585e-05 0.00010552 1.6982e-05 1.0959e-06
7.7165e-05 1.3789e-05 0.00010844 2.1188e-05 1.0962e-06
8.1905e-05 1.3986e-05 0.00011132 2.5319e-05 1.0941e-06
8.6892e-05 1.4193e-05 0.00011432 2.9638e-05 1.0934e-06
9.1761e-05 1.4392e-05 0.00011727 3.3852e-05 1.09e-06
9.6515e-05 1.4581e-05 0.00012015 3.7963e-05 1.0839e-06
0.0001016 1.4786e-05 0.00012074 4.2331e-05 1.0811e-06
0.0001071 1.4977e-05 0.00012142 4.6524e-05 1.0812e-06
0.0001125 1.516e-05 0.00012207 5.0632e-05 1.0788e-06
0.00011815 1.5352e-05 0.00012278 5.4909e-05 1.0775e-06
0.00012371 1.5538e-05 0.00012346 5.9115e-05 1.0739e-06
0.00012955 1.5734e-05 0.00012419 6.3505e-05 1.0715e-06
0.00013531 1.5923e-05 0.0001249 6.7826e-05 1.067e-06
0.00014131 1.6122e-05 0.00012566 7.2308e-05 1.0633e-06
0.00014757 1.6329e-05 0.00012647 7.7007e-05 1.0605e-06
0.0001542 1.655e-05 0.00012555 8.1954e-05 1.0593e-06
0.00016066 1.6761e-05 0.0001246 8.6769e-05 1.0553e-06
0.00016757 1.6988e-05 0.00012373 9.1891e-05 1.0535e-06
0.00017421 1.7236e-05 0.0001228 9.6815e-05 1.0545e-06
0.00018128 1.75e-05 0.00012195 0.00010203 1.0573e-06
0.00018811 1.7751e-05 0.00012105 0.00010706 1.0569e-06
0.00019468 1.7987e-05 0.00012011 0.0001119 1.0529e-06
0.00020181 1.8246e-05 0.00011925 0.00011713 1.0519e-06
0.00020864 1.8528e-05 0.00011835 0.00012213 1.0539e-06
0.00021577 1.8821e-05 0.00011749 0.00012734 1.0567e-06
0.0002232 1.9126e-05 0.00011667 0.00013274 1.0603e-06
0.00023053 1.9423e-05 0.00011584 0.00013807 1.0617e-06
0.00023695 1.9732e-05 0.00011505 0.00014364 1.064e-06
0.00024328 2.0033e-05 0.00011425 0.00014913 1.0641e-06
0.00024951 2.0327e-05 0.00011343 0.00015453 1.0619e-06
0.00025601 2.0541e-05 0.00011265 0.00016014 1.0606e-06
0.00026242 2.0749e-05 0.00011185 0.00016567 1.0571e-06
0.00026874 2.0949e-05 0.00011103 0.00017112 1.0515e-06
0.00027539 2.1162e-05 0.00011027 0.00017682 1.047e-06
0.00028231 2.1385e-05 0.00010954 0.00018274 1.0433e-06
0.00028913 2.16e-05 0.0001088 0.00018857 1.0373e-06
0.00029643 2.1802e-05 0.00010812 0.00018966 1.0336e-06
0.00030414 2.2016e-05 0.0001075 0.00019086 1.0312e-06
0.00031216 2.2242e-05 0.00010691 0.00019216 1.0296e-06
0.00032058 2.248e-05 0.00010637 0.00019356 1.0291e-06
0.00032942 2.2731e-05 0.00010587 0.00019507 1.0297e-06
0.00033869 2.2996e-05 0.00010542 0.0001967 1.0313e-06
0.0003478 2.3252e-05 0.00010494 0.00019827 1.0306e-06
0.00035679 2.35e-05 0.00010445 0.00019979 1.0277e-06
0.0003654 2.3732e-05 0.00010391 0.00020118 1.0211e-06
0.00037474 2.3988e-05 0.00010345 0.00020277 1.0173e-06
0.00038488 2.4229e-05 0.00010306 0.00020458 1.0101e-06
0.0003946 2.4452e-05 0.00010262 0.00020626 9.9922e-07
0.00040514 2.4659e-05 0.00010226 0.00020815 9.9122e-07
0.00041554 2.4859e-05 0.00010188 0.00020999 9.8107e-07
0.00042639 2.5069e-05 0.00010153 0.00021193 9.7164e-07
0.00043769 2.5291e-05 0.00010122 0.00021399 9.6294e-07
0.00044884 2.5505e-05 0.00010089 0.00021599 9.5206e-07
0.00046045 2.573e-05 0.0001006 0.0002181 9.4186e-07
0.00047177 2.5946e-05 0.00010028 0.00022015 9.2949e-07
0.00048356 2.6173e-05 0.0001 0.00022232 9.1779e-07
0.00049519 2.6392e-05 9.9706e-05 0.00022443 9.039e-07
0.0005065 2.6629e-05 9.9378e-05 0.00022644 8.9161e-07
0.0005186 2.6887e-05 9.9107e-05 0.00022864 8.8127e-07
0.00053154 2.7167e-05 9.8892e-05 0.00023105 8.7287e-07
0.00054541 2.6945e-05 9.8733e-05 0.00023368 8.6646e-07
0.00055872 2.6706e-05 9.8533e-05 0.00023615 8.5652e-07
0.00057299 2.6488e-05 9.839e-05 0.00023885 8.4857e-07
0.00058846 2.6252e-05 9.8313e-05 0.00024183 8.4313e-07
0.00060365 2.6007e-05 9.8214e-05 0.00024472 8.3524e-07
0.00061966 2.5778e-05 9.8158e-05 0.0002478 8.2857e-07
0.00062262 2.5562e-05 9.5839e-05 0.00025105 8.2277e-07
0.00062578 2.536e-05 9.3618e-05 0.00025448 8.1782e-07
0.00062915 2.5171e-05 9.1491e-05 0.0002581 8.137e-07
0.00063269 2.4993e-05 8.944e-05 0.00026187 8.1006e-07
0.00063617 2.4807e-05 8.7359e-05 0.00026557 8.0432e-07
0.00063986 2.4633e-05 8.5366e-05 0.00026947 7.9938e-07
0.00064349 2.4453e-05 8.3346e-05 0.0002733 7.9241e-07
0.00064731 2.4283e-05 8.1398e-05 0.0002773 7.8591e-07
0.00065106 2.4106e-05 7.9422e-05 0.00028122 7.7732e-07
0.000655 2.3939e-05 7.7517e-05 0.00028532 7.6918e-07
0.00065887 2.3765e-05 7.5584e-05 0.00028935 7.5896e-07
0.00066268 2.3584e-05 7.3622e-05 0.0002933 7.4663e-07
0.00066671 2.3414e-05 7.1742e-05 0.00029745 7.3508e-07
0.00067067 2.3238e-05 6.9834e-05 0.00030153 7.2143e-07
0.00067487 2.3074e-05 6.8005e-05 0.00030582 7.0853e-07
0.00067899 2.2919e-05 6.6151e-05 0.00031004 6.9361e-07
0.00068333 2.2774e-05 6.4364e-05 0.00031445 6.7912e-07
0.00068792 2.2638e-05 6.2651e-05 0.00031908 6.6504e-07
0.00069273 2.2512e-05 6.1e-05 0.00032391 6.5133e-07
0.00069777 2.2395e-05 5.9407e-05 0.00032895 6.3796e-07
0.00070274 2.2271e-05 5.7792e-05 0.00033391 6.2261e-07
0.00070794 2.2157e-05 5.6234e-05 0.00033908 6.076e-07
0.00071306 2.2035e-05 5.4652e-05 0.00034417 5.9052e-07
0.00071846 2.1925e-05 5.3136e-05 0.00034951 5.7406e-07
0.00072412 2.1823e-05 5.1673e-05 0.00034822 5.5788e-07
0.00072968 2.1714e-05 5.0187e-05 0.00034687 5.3966e-07
0.00073555 2.1617e-05 4.8764e-05 0.00034567 5.2199e-07
0.00074173 2.1529e-05 4.7399e-05 0.0003446 5.0484e-07
0.00074782 2.1435e-05 4.6012e-05 0.00034348 4.8566e-07
0.00075423 2.1352e-05 4.4683e-05 0.00034249 4.6697e-07
0.00075357 2.1277e-05 4.3402e-05 0.00034162 4.4847e-07
0.00075286 2.1213e-05 4.2098e-05 0.00034069 4.3039e-07
0.00075229 2.1158e-05 4.0849e-05 0.00033989 4.1268e-07
0.00075169 2.1098e-05 3.9581e-05 0.00033905 3.9305e-07
0.00075121 2.1046e-05 3.8358e-05 0.00033831 3.7351e-07
0.00075069 2.0987e-05 3.7114e-05 0.00033752 3.5199e-07
0.00075029 2.0936e-05 3.5914e-05 0.00033684 3.3053e-07
0.00074984 2.0879e-05 3.4693e-05 0.00033611 3.0709e-07
0.00074954 2.0832e-05 3.3523e-05 0.00033551 2.8397e-07
0.00074946 2.08e-05 3.2421e-05 0.00033509 2.6173e-07
0.00074955 2.0781e-05 3.1374e-05 0.00033484 2.3998e-07
0.00074956 2.0752e-05 3.0296e-05 0.00033449 2.1586e-07
0.00074978 2.0187e-05 2.9283e-05 0.00033433 1.8882e-07
0.00074986 1.96e-05 2.8224e-05 0.00033403 2.1148e-07
0.0007502 1.9049e-05 2.7241e-05 0.00033397 2.3535e-07
0.00075042 1.8535e-05 2.6217e-05 0.00033382 2.5651e-07
0.00075052 1.8e-05 2.5154e-05 0.00033354 2.7503e-07
0.00075051 1.7449e-05 2.4054e-05 0.00033317 2.9109e-07
0.00075072 1.6928e-05 2.3022e-05 0.00033299 3.0799e-07
0.00075085 1.6392e-05 2.1958e-05 0.00033271 3.2254e-07
0.00075087 1.5836e-05 2.0861e-05 0.00033234 3.3467e-07
0.00075109 1.5307e-05 1.9821e-05 0.00033187 3.4738e-07
0.00074457 1.4798e-05 1.8824e-05 0.00033153 3.6027e-07
0.00073793 1.4278e-05 1.7807e-05 0.00033113 3.7114e-07
0.00073166 1.378e-05 1.6835e-05 0.00033088 3.8235e-07
0.00072529 1.3272e-05 1.5845e-05 0.00033056 3.916e-07
0.00071881 1.2756e-05 1.4837e-05 0.00033019 3.9886e-07
0.00071276 1.2263e-05 1.3884e-05 0.00032999 4.069e-07
0.00070703 1.1789e-05 1.2969e-05 0.00032993 4.152e-07
0.00070115 1.1302e-05 1.203e-05 0.00032978 4.2124e-07
0.00069509 1.0801e-05 1.2133e-05 0.00032981 4.2489e-07
0.00068883 1.0286e-05 1.2222e-05 0.00032975 4.2614e-07
0.00068222 9.7544e-06 1.2296e-05 0.00032957 4.248e-07
0.00067615 9.2485e-06 1.239e-05 0.00032962 4.243e-07
0.00067059 8.7723e-06 1.2504e-05 0.00032989 4.2508e-07
0.00066551 8.3239e-06 1.2639e-05 0.00033038 4.2713e-07
0.00066021 7.8652e-06 1.2757e-05 0.00033074 4.2644e-07
0.00065468 7.3896e-06 1.2858e-05 0.00033099 4.2302e-07
0.00064963 6.9418e-06 1.2981e-05 0.00033146 4.2091e-07
0.00063469 6.5161e-06 1.3122e-05 0.00033213 4.1972e-07
0.00061912 6.0727e-06 1.3244e-05 0.00033265 4.1564e-07
0.00060477 5.6549e-06 1.3388e-05 0.00033341 4.1285e-07
0.00059137 5.2574e-06 1.3551e-05 0.00033049 4.1095e-07
0.00057899 4.8819e-06 1.3737e-05 0.00032786 4.1022e-07
0.00056737 4.5223e-06 1.3941e-05 0.00032545 4.1014e-07
0.00055645 4.1504e-06 1.4163e-05 0.00032325 4.107e-07
0.00054536 3.7709e-06 1.4375e-05 0.00032098 4.0926e-07
0.00053481 3.4033e-06 1.46e-05 0.00031887 4.0803e-07
0.00052469 3.0448e-06 1.4836e-05 0.0003169 4.0671e-07
0.00051443 2.6795e-06 1.5063e-05 0.00031486 4.0347e-07
0.00050458 2.3229e-06 1.53e-05 0.00031294 4.0014e-07
0.00049459 2.3737e-06 1.5526e-05 0.00031097 3.9485e-07
0.000485 2.4254e-06 1.5764e-05 0.00030912 3.8946e-07
0.0004753 2.4729e-06 1.5992e-05 0.00030721 3.822e-07
0.00046599 2.5213e-06 1.6232e-05 0.00030543 3.7484e-07
0.00045654 2.5653e-06 1.6461e-05 0.00030359 3.6555e-07
0.00044754 2.611e-06 1.6705e-05 0.00030189 3.5637e-07
0.00043898 2.6586e-06 1.6964e-05 0.00030033 3.4731e-07
0.00043 2.6994e-06 1.7206e-05 0.00029866 3.3581e-07
0.00042152 2.7428e-06 1.7467e-05 0.00029716 3.2467e-07
0.00041352 2.789e-06 1.7747e-05 0.00029582 3.1385e-07
0.00040538 2.8305e-06 1.8015e-05 0.00029442 3.0107e-07
0.00039711 2.8673e-06 1.8271e-05 0.00029295 2.8632e-07
0.00038921 2.8995e-06 1.8517e-05 0.00029143 2.6966e-07
0.00038168 2.9337e-06 1.8779e-05 0.00029004 2.5307e-07
0.00037404 2.9634e-06 1.903e-05 0.00028859 2.3457e-07
0.0003663 2.9886e-06 1.927e-05 0.0002871 2.1417e-07
0.00035892 3.0157e-06 1.9526e-05 0.00028573 1.9381e-07
0.00035144 3.0384e-06 1.9772e-05 0.00028431 1.7157e-07
0.00034447 3.0652e-06 2.0044e-05 0.00028308 1.6528e-07
0.00033733 3.0865e-06 2.03e-05 0.00028177 1.57e-07
0.00033005 3.1028e-06 2.0543e-05 0.00028039 1.4682e-07
0.00032319 3.1222e-06 2.0807e-05 0.00027917 1.3646e-07
0.00031618 3.1366e-06 2.1058e-05 0.00027787 1.242e-07
0.00030904 3.1459e-06 2.1295e-05 0.00027651 1.1003e-07
0.00030239 3.1486e-06 2.1559e-05 0.00027534 1.3711e-07
0.00029558 3.1456e-06 2.1808e-05 0.00027409 1.6194e-07
0.00028919 3.1463e-06 2.2082e-05 0.00027301 1.8738e-07
0.00028323 3.1512e-06 2.2379e-05 0.00027208 2.1371e-07
0.00027717 3.1516e-06 2.2665e-05 0.0002711 2.3808e-07
0.00027102 3.1475e-06 2.2939e-05 0.00027007 2.6052e-07
0.00026517 3.1453e-06 2.3231e-05 0.00026916 2.8314e-07
0.00025959 3.145e-06 2.3542e-05 0.00026837 3.0599e-07
0.00025424 3.1459e-06 2.3869e-05 0.00026768 3.2885e-07
0.00024882 3.1425e-06 2.4184e-05 0.00026694 3.4981e-07
0.00024366 3.141e-06 2.452e-05 0.00026631 3.7107e-07
0.00023875 3.1414e-06 2.4875e-05 0.0002658 3.9273e-07
0.00023413 3.1451e-06 2.5258e-05 0.00026544 4.1524e-07
0.0002293 3.1414e-06 2.5614e-05 0.00026496 4.3471e-07
0.0002248 3.1417e-06 2.6003e-05 0.00026464 4.5538e-07
0.00022061 3.1459e-06 2.6424e-05 0.00026449 4.7735e-07
0.00021668 3.1535e-06 2.6876e-05 0.00026448 5.0044e-07
0.00021297 3.164e-06 2.7357e-05 0.00026461 5.2454e-07
0.00020952 3.1784e-06 2.7875e-05 0.00026491 5.5017e-07
0.00020596 3.187e-06 2.8372e-05 0.00026512 5.7321e-07
0.00020231 3.19e-06 2.8849e-05 0.00026525 5.9367e-07
0.00019841 3.1856e-06 2.9297e-05 0.00026526 6.1086e-07
0.00019472 3.1837e-06 2.9772e-05 0.0002654 6.2893e-07
0.00019118 3.183e-06 3.0268e-05 0.00026563 6.474e-07
0.00018759 3.1778e-06 3.0751e-05 0.00026581 6.6379e-07
0.00018395 3.1682e-06 3.1222e-05 0.00026594 6.7818e-07
0.00018048 3.1606e-06 3.1718e-05 0.00026619 6.9328e-07
0.00017696 3.1485e-06 3.2201e-05 0.00026638 7.0629e-07
0.00017338 3.132e-06 3.2671e-05 0.00026653 7.1729e-07
0.00016976 3.1112e-06 3.3129e-05 0.00026663 7.2629e-07
0.00016631 3.0923e-06 3.3613e-05 0.00026685 7.3601e-07
0.00016303 3.0753e-06 3.4124e-05 0.00026718 7.4647e-07
0.00015989 3.0595e-06 3.4657e-05 0.0002676 7.5737e-07
0.0001567 3.0392e-06 3.5177e-05 0.00026797 7.6617e-07
0.00015345 3.0144e-06 3.5683e-05 0.0002683 7.7288e-07
0.00015016 2.9853e-06 3.6176e-05 0.00026857 7.7758e-07
0.00014682 2.9518e-06 3.6656e-05 0.0002688 7.8026e-07
0.00014364 2.9203e-06 3.7164e-05 0.00026914 7.837e-07
0.00014041 2.8842e-06 3.7657e-05 0.00026944 7.8503e-07
0.00013713 2.8437e-06 3.8138e-05 0.00026968 7.8434e-07
0.0001338 2.7989e-06 3.8606e-05 0.00026988 7.8184e-07
0.00013042 2.7498e-06 3.9061e-05 0.00027003 7.7732e-07
0.00012721 2.7025e-06 3.9543e-05 0.0002703 7.7357e-07
0.00012413 2.6564e-06 4.005e-05 0.00027066 7.7025e-07
0.00012117 2.6114e-06 4.058e-05 0.00027112 7.6736e-07
0.00011834 2.5674e-06 4.1135e-05 0.00027167 7.6489e-07
0.00011546 2.5189e-06 4.1676e-05 0.00027217 7.6033e-07
0.00011271 2.4721e-06 4.2247e-05 0.00027279 7.5651e-07
0.00010993 2.4211e-06 4.2804e-05 0.00027336 7.5068e-07
0.00010728 2.3717e-06 4.3392e-05 0.00027405 7.4557e-07
0.00010476 2.3239e-06 4.4014e-05 0.00027486 7.4121e-07
0.00010238 2.2784e-06 4.4674e-05 0.00027582 7.3792e-07
9.9932e-05 2.2274e-06 4.531e-05 0.00027668 7.32e-07
9.7639e-05 2.1792e-06 4.5992e-05 0.00027771 7.2747e-07
9.5246e-05 2.1241e-06 4.6639e-05 0.00027862 7.1982e-07
9.2957e-05 2.0698e-06 4.7317e-05 0.00027964 7.1263e-07
9.0762e-05 2.0163e-06 4.8025e-05 0.00028077 7.0582e-07
8.8659e-05 1.9636e-06 4.8763e-05 0.000282 6.9937e-07
8.6644e-05 1.9114e-06 4.9533e-05 0.00028333 6.9327e-07
8.4713e-05 1.8599e-06 5.0335e-05 0.00028478 6.8751e-07
8.275e-05 1.8041e-06 5.1122e-05 0.00028617 6.7977e-07
8.0883e-05 1.7495e-06 5.1949e-05 0.0002877 6.7265e-07
7.9109e-05 1.696e-06 5.2816e-05 0.00028936 6.6615e-07
7.741e-05 1.643e-06 5.3719e-05 0.00029114 6.5996e-07
7.5679e-05 1.5856e-06 5.4605e-05 0.00029286 6.5171e-07
7.3914e-05 1.524e-06 5.5472e-05 0.00029452 6.4142e-07
7.2225e-05 1.4629e-06 5.6377e-05 0.0002963 6.3147e-07
7.0505e-05 1.3975e-06 5.7264e-05 0.00029803 7.8598e-07
6.8859e-05 1.3327e-06 5.8189e-05 0.00029988 9.4568e-07
6.7285e-05 1.2682e-06 5.9154e-05 0.00030185 1.1109e-06
6.5778e-05 1.2039e-06 6.0158e-05 0.00030395 1.2818e-06
6.424e-05 1.1355e-06 6.1143e-05 0.00030599 1.4489e-06
6.2767e-05 1.0672e-06 6.2168e-05 0.00030816 1.6219e-06
6.1265e-05 9.9472e-07 6.3174e-05 0.00031026 1.791e-06
5.9838e-05 9.2298e-07 6.423e-05 0.00031252 1.9675e-06
5.8505e-05 8.5288e-07 6.5353e-05 0.00031467 2.1542e-06
5.7129e-05 7.843e-07 6.6444e-05 0.00031674 2.3521e-06
5.5705e-05 7.1069e-07 6.7501e-05 0.0003187 2.5433e-06
5.4205e-05 6.3084e-07 6.8507e-05 0.0003205 2.725e-06
5.2633e-05 5.4495e-07 6.9467e-05 0.00032217 2.898e-06
5.1167e-05 4.6095e-07 7.0495e-05 0.00032404 3.0824e-06
5.1706e-05 3.7098e-07 7.1476e-05 0.00032577 3.258e-06
5.2222e-05 2.7672e-07 7.2435e-05 0.00032743 3.4293e-06
5.2717e-05 3.0388e-07 7.3374e-05 0.00032903 3.5964e-06
5.3247e-05 3.2948e-07 7.4354e-05 0.00033076 3.7701e-06
5.3757e-05 3.5142e-07 7.5315e-05 0.00033243 3.9399e-06
5.4308e-05 3.7204e-07 7.6326e-05 0.00033424 4.1177e-06
5.4894e-05 3.911e-07 7.7379e-05 0.00033618 4.3025e-06
5.5459e-05 4.0648e-07 7.8413e-05 0.00033806 4.4831e-06
5.6004e-05 4.1819e-07 7.9426e-05 0.00033988 4.6596e-06
5.6528e-05 4.2621e-07 8.0419e-05 0.00034164 4.8446e-06
5.7095e-05 4.3294e-07 8.1464e-05 0.00034355 5.0386e-06
5.7706e-05 4.3839e-07 8.2561e-05 0.00034561 5.242e-06
5.8296e-05 4.4022e-07 8.364e-05 0.00034762 5.4412e-06
5.8933e-05 4.4078e-07 8.4773e-05 0.00034978 5.6503e-06
5.9546e-05 6.6889e-07 8.5884e-05 0.00035188 5.8546e-06
5.9042e-05 9.086e-07 8.5751e-05 0.00035426 5.8657e-06
5.8492e-05 1.1385e-06 8.5583e-05 0.0003565 5.8707e-06
5.7891e-05 1.3806e-06 8.5376e-05 0.00035856 5.869e-06
5.7238e-05 1.6117e-06 8.5129e-05 0.00036047 5.8605e-06
5.6666e-05 1.6543e-06 8.4946e-05 0.00036265 5.861e-06
5.6048e-05 1.6908e-06 8.4727e-05 0.00036468 5.8554e-06
5.557e-05 1.7309e-06 8.308e-05 0.00036293 5.8587e-06
5.5131e-05 1.7716e-06 8.15e-05 0.00036133 5.8664e-06
5.4735e-05 1.8136e-06 7.9995e-05 0.00035988 5.8793e-06
5.4318e-05 1.8562e-06 7.8464e-05 0.00035838 5.8888e-06
5.3933e-05 1.8992e-06 7.699e-05 0.00035699 5.9022e-06
5.3586e-05 1.9434e-06 7.5581e-05 0.00035575 5.9203e-06
5.3221e-05 1.9834e-06 7.415e-05 0.00035445 5.9355e-06
5.2839e-05 2.0192e-06 7.2699e-05 0.00035311 5.9478e-06
5.2436e-05 2.0507e-06 7.1223e-05 0.0003517 5.9568e-06
5.2016e-05 2.0781e-06 6.9726e-05 0.00035024 5.963e-06
5.1633e-05 2.1066e-06 6.8294e-05 0.00034892 5.9739e-06
5.1288e-05 2.1362e-06 6.6924e-05 0.00034775 5.9895e-06
5.0924e-05 2.1615e-06 6.5531e-05 0.00034651 6.0019e-06
5.0541e-05 2.1826e-06 6.4117e-05 0.00034523 6.0114e-06
5.014e-05 2.1995e-06 6.2681e-05 0.00034388 6.0179e-06
4.9689e-05 2.2203e-06 6.1831e-05 0.00034218 6.0333e-06
4.9271e-05 2.2419e-06 6.1018e-05 0.00034061 6.0528e-06
4.8833e-05 2.2592e-06 6.0187e-05 0.00033898 6.0691e-06
4.8375e-05 2.2721e-06 5.9339e-05 0.00033729 6.0823e-06
4.7956e-05 2.2862e-06 5.8532e-05 0.00033575 6.1003e-06
4.7574e-05 2.3017e-06 5.7767e-05 0.00033435 6.1233e-06
4.7247e-05 2.3204e-06 5.7061e-05 0.00032692 6.1401e-06
4.6879e-05 2.3325e-06 5.6317e-05 0.0003192 6.1505e-06
4.6563e-05 2.3474e-06 5.5626e-05 0.00031194 6.1681e-06
4.6205e-05 2.3654e-06 5.4897e-05 0.0003044 6.1792e-06
4.5807e-05 2.3766e-06 5.4128e-05 0.00029656 6.1838e-06
4.537e-05 2.3812e-06 5.3322e-05 0.00028843 6.1818e-06
4.4987e-05 2.3888e-06 5.2573e-05 0.0002808 6.1872e-06
4.4562e-05 2.3897e-06 5.1783e-05 0.00027287 6.1861e-06
4.419e-05 2.3937e-06 5.1051e-05 0.00026544 6.1925e-06
4.3869e-05 2.4008e-06 5.0373e-05 0.00025848 6.2063e-06
4.3515e-05 2.402e-06 4.9664e-05 0.00025129 6.2148e-06
4.3207e-05 2.4058e-06 4.9003e-05 0.00024452 6.23e-06
4.2865e-05 2.4035e-06 4.831e-05 0.00023751 6.2395e-06
4.2581e-05 2.4054e-06 4.7678e-05 0.00023102 6.258e-06
4.2261e-05 2.4116e-06 4.7011e-05 0.00022427 6.2703e-06
4.199e-05 2.421e-06 4.6395e-05 0.00021795 6.2902e-06
4.1765e-05 2.4335e-06 4.5827e-05 0.00021203 6.3177e-06
4.1596e-05 2.4501e-06 4.5312e-05 0.00020653 6.3544e-06
4.1378e-05 2.5607e-06 4.4765e-05 0.00020082 6.3845e-06
4.1141e-05 2.6661e-06 4.4201e-05 0.00019499 6.411e-06
4.0935e-05 2.7745e-06 4.3669e-05 0.00018942 6.4427e-06
4.0755e-05 2.8852e-06 4.3162e-05 0.00018407 6.4787e-06
4.0605e-05 2.999e-06 4.2684e-05 0.00017896 6.52e-06
4.0439e-05 3.1082e-06 4.2193e-05 0.00017377 6.5582e-06
4.0302e-05 3.2206e-06 4.1731e-05 0.00016881 6.3081e-06
4.0195e-05 3.3365e-06 4.1296e-05 0.00016407 6.0696e-06
4.0117e-05 3.4559e-06 4.0889e-05 0.00015954 5.8421e-06
4.0067e-05 3.579e-06 4.0507e-05 0.00015521 5.6251e-06
4.0001e-05 3.6971e-06 4.0112e-05 0.00015081 5.4034e-06
3.9919e-05 3.8105e-06 3.9705e-05 0.00014634 5.1775e-06
3.9865e-05 3.9277e-06 3.9324e-05 0.00014207 4.9619e-06
3.9795e-05 4.0398e-06 3.8929e-05 0.00013772 4.7417e-06
3.9753e-05 4.147e-06 3.8559e-05 0.00013357 4.5314e-06
3.9696e-05 4.2494e-06 3.8178e-05 0.00012935 4.317e-06
3.9667e-05 4.3556e-06 3.7821e-05 0.00012532 4.1122e-06
3.9667e-05 4.4658e-06 3.7489e-05 0.00012147 3.9165e-06
3.9696e-05 4.5803e-06 3.7181e-05 0.00011779 3.7298e-06
3.9766e-05 4.7015e-06 3.6905e-05 0.00011433 3.5546e-06
3.9806e-05 4.8149e-06 3.6607e-05 0.00011075 3.3719e-06
3.9906e-05 4.9197e-06 3.6345e-05 0.0001074 3.1803e-06
4.0051e-05 5.032e-06 3.6116e-05 0.00010426 3.0013e-06
4.0241e-05 5.1522e-06 3.5921e-05 0.00010134 2.834e-06
4.0396e-05 5.2634e-06 3.57e-05 9.8284e-05 2.6584e-06
4.0598e-05 5.3846e-06 3.5513e-05 9.5432e-05 2.4963e-06
4.0768e-05 5.4976e-06 3.5303e-05 9.2467e-05 2.3271e-06
4.099e-05 5.6198e-06 3.513e-05 8.9713e-05 2.1697e-06
4.1256e-05 5.7497e-06 3.4985e-05 8.7129e-05 2.0216e-06
4.1489e-05 5.8712e-06 3.4819e-05 8.444e-05 1.8668e-06
4.177e-05 5.7556e-06 3.4684e-05 8.1929e-05 1.7218e-06
4.2012e-05 5.6301e-06 3.4523e-05 7.929e-05 1.5688e-06
4.2303e-05 5.5151e-06 3.4394e-05 7.6826e-05 1.4254e-06
4.2553e-05 5.3901e-06 3.4238e-05 7.4235e-05 1.2741e-06
4.2852e-05 5.2734e-06 3.4113e-05 7.1814e-05 1.132e-06
4.3213e-05 5.1647e-06 3.4025e-05 6.9581e-05 9.9842e-07
4.3542e-05 5.0483e-06 3.3917e-05 6.7262e-05 8.5931e-07
4.3907e-05 4.937e-06 3.383e-05 6.5054e-05 7.2602e-07
4.4318e-05 4.8318e-06 3.377e-05 6.2971e-05 5.9925e-07
4.4703e-05 4.7314e-06 3.3693e-05 6.0823e-05 6.0922e-07
4.506e-05 4.6248e-06 3.36e-05 5.8608e-05 6.1677e-07
4.5461e-05 4.5116e-06 3.3533e-05 5.6516e-05 6.2539e-07
4.5901e-05 4.4029e-06 3.3486e-05 5.4522e-05 6.3472e-07
4.6315e-05 4.288e-06 3.3424e-05 5.2465e-05 6.4165e-07
4.6775e-05 4.1787e-06 3.3386e-05 5.052e-05 6.4962e-07
4.7292e-05 4.0761e-06 3.3377e-05 4.8699e-05 6.5908e-07
4.7769e-05 3.9654e-06 3.3346e-05 4.6793e-05 6.6555e-07
4.8201e-05 3.863e-06 3.329e-05 4.4786e-05 6.6878e-07
4.8691e-05 3.7672e-06 3.3264e-05 4.2908e-05 6.7356e-07
4.9135e-05 3.6632e-06 3.3211e-05 4.0929e-05 6.7507e-07
4.9639e-05 3.5656e-06 3.3189e-05 3.9077e-05 6.7813e-07
5.0096e-05 3.4756e-06 3.3142e-05 3.7126e-05 6.8326e-07
5.0625e-05 3.3929e-06 3.313e-05 3.532e-05 6.9051e-07
5.1228e-05 3.3172e-06 3.3154e-05 3.365e-05 6.999e-07
5.1911e-05 3.2482e-06 3.3217e-05 3.2105e-05 7.1149e-07
5.2677e-05 3.1856e-06 3.3318e-05 3.0677e-05 7.2537e-07
5.3517e-05 3.1278e-06 3.3448e-05 2.9341e-05 7.4104e-07
5.4301e-05 3.0623e-06 3.3553e-05 2.7927e-05 7.5329e-07
5.5172e-05 3.0029e-06 3.3688e-05 2.6602e-05 7.6737e-07
5.6123e-05 2.948e-06 3.3855e-05 2.5362e-05 7.8336e-07
5.7175e-05 2.899e-06 3.4061e-05 2.4216e-05 8.019e-07
5.8171e-05 2.8428e-06 3.4242e-05 2.3006e-05 8.1715e-07
5.9106e-05 2.7791e-06 3.4396e-05 2.3529e-05 8.289e-07
5.8669e-05 2.7197e-06 3.4581e-05 2.4101e-05 8.4259e-07
5.821e-05 2.6557e-06 3.4754e-05 2.4644e-05 8.541e-07
5.7793e-05 2.5938e-06 3.4949e-05 2.5217e-05 8.6657e-07
5.7355e-05 2.5273e-06 3.513e-05 2.5761e-05 8.7686e-07
5.6896e-05 2.4562e-06 3.53e-05 2.6276e-05 8.8499e-07
5.6472e-05 2.3864e-06 3.5487e-05 2.6815e-05 8.9373e-07
5.6081e-05 2.312e-06 3.5691e-05 2.7379e-05 9.031e-07
5.5722e-05 2.2389e-06 3.5914e-05 2.7968e-05 9.1311e-07
5.5403e-05 2.1677e-06 3.6158e-05 2.8592e-05 9.2416e-07
5.5059e-05 2.0915e-06 3.6388e-05 2.9181e-05 9.3276e-07
5.4764e-05 2.0182e-06 3.6646e-05 2.9816e-05 9.4299e-07
5.4521e-05 1.9483e-06 3.6936e-05 3.0504e-05 9.5511e-07
5.4351e-05 1.8711e-06 3.727e-05 3.1268e-05 9.7009e-07
5.4137e-05 1.7866e-06 3.7575e-05 3.197e-05 9.814e-07
5.2491e-05 1.7072e-06 3.7923e-05 3.2748e-05 9.9559e-07
5.0983e-05 1.6209e-06 3.8317e-05 3.3608e-05 1.0128e-06
4.9602e-05 1.5395e-06 3.8759e-05 3.4554e-05 1.033e-06
4.8339e-05 1.4626e-06 3.9251e-05 3.5592e-05 1.0565e-06
4.7186e-05 1.39e-06 3.8964e-05 3.6726e-05 1.0106e-06
4.5974e-05 1.3109e-06 3.8649e-05 3.7793e-05 9.6063e-07
4.4868e-05 1.2359e-06 3.8379e-05 3.8961e-05 9.1486e-07
4.3699e-05 1.1648e-06 3.8079e-05 4.0053e-05 8.7298e-07
4.2633e-05 1.0972e-06 3.7822e-05 4.1248e-05 8.3473e-07
4.1662e-05 1.0329e-06 3.7607e-05 4.2554e-05 7.9988e-07
4.0781e-05 9.7165e-07 3.7433e-05 4.3977e-05 7.682e-07
3.985e-05 9.1324e-07 3.7231e-05 4.3825e-05 8.4178e-07
3.9006e-05 1.0166e-06 3.707e-05 4.3746e-05 9.2109e-07
3.823e-05 1.1134e-06 3.6942e-05 4.3727e-05 9.9566e-07
3.7519e-05 1.2137e-06 3.6847e-05 4.3767e-05 1.0751e-06
3.687e-05 1.3178e-06 3.6783e-05 4.3866e-05 1.1598e-06
3.6279e-05 1.4152e-06 3.6752e-05 4.4026e-05 1.2501e-06
3.5754e-05 1.5177e-06 3.6759e-05 4.426e-05 1.3478e-06
3.5185e-05 1.6258e-06 3.6739e-05 4.8843e-05 1.4535e-06
3.4671e-05 1.7269e-06 3.6751e-05 5.3722e-05 1.5663e-06
3.4114e-05 1.8358e-06 3.6736e-05 5.84e-05 1.6726e-06
3.3516e-05 1.9495e-06 3.6696e-05 6.3381e-05 1.7716e-06
3.2973e-05 2.0685e-06 3.6689e-05 6.8684e-05 1.8776e-06
3.2388e-05 2.1794e-06 3.6654e-05 7.3772e-05 1.9772e-06
3.1593e-05 2.2823e-06 3.6658e-05 7.9253e-05 2.0854e-06
3.0753e-05 2.3779e-06 3.6638e-05 8.5179e-05 2.1876e-06
2.9977e-05 2.4662e-06 3.665e-05 9.0864e-05 2.2839e-06
2.9263e-05 2.5594e-06 3.6694e-05 9.6342e-05 2.3874e-06
2.8522e-05 2.6446e-06 3.6713e-05 0.00010162 2.4842e-06
2.7837e-05 2.7345e-06 3.6763e-05 0.00010723 2.588e-06
2.7114e-05 2.8174e-06 3.679e-05 0.00011264 2.6861e-06
2.6447e-05 2.9053e-06 3.6848e-05 0.00011842 2.6672e-06
2.7091e-05 2.9857e-06 3.6883e-05 0.00012398 2.6436e-06
2.6648e-05 3.0685e-06 3.6937e-05 0.00012978 2.6227e-06
2.6187e-05 3.1466e-06 3.6978e-05 0.00013549 2.5991e-06
2.5755e-05 3.2274e-06 3.7041e-05 0.00014145 2.5782e-06
2.5351e-05 3.3109e-06 3.7123e-05 0.00014768 2.56e-06
2.4974e-05 3.3973e-06 3.7227e-05 0.00015419 2.5445e-06
2.4617e-05 3.4858e-06 3.7348e-05 0.00016095 2.531e-06
2.4287e-05 3.5774e-06 3.749e-05 0.00016801 2.5202e-06
2.3941e-05 3.6644e-06 3.762e-05 0.00017497 2.5068e-06
2.362e-05 3.8931e-06 3.7773e-05 0.00018226 2.4961e-06
2.3284e-05 4.1161e-06 3.7913e-05 0.00018945 2.4829e-06
2.2973e-05 4.0354e-06 3.8076e-05 0.00019696 2.4723e-06
2.2647e-05 3.95e-06 3.8227e-05 0.00020439 2.4593e-06
2.2307e-05 3.8599e-06 3.8367e-05 0.00021171 2.4439e-06
2.1986e-05 3.7722e-06 3.8525e-05 0.00021932 2.4311e-06
2.1688e-05 3.6878e-06 3.8705e-05 0.00022727 2.4207e-06
2.1375e-05 3.5987e-06 3.8873e-05 0.00023512 2.408e-06
2.1082e-05 3.5121e-06 3.906e-05 0.00024329 2.3973e-06
2.0772e-05 3.4281e-06 3.9234e-05 0.00025132 2.3838e-06
2.0489e-05 3.3387e-06 3.9434e-05 0.00025977 2.3735e-06
2.024e-05 3.2565e-06 3.9669e-05 0.0002688 2.3683e-06
1.996e-05 3.166e-06 3.9876e-05 0.00027746 2.3583e-06
1.9647e-05 3.0671e-06 4.0053e-05 0.00028577 2.3435e-06
1.9376e-05 2.9754e-06 4.0273e-05 0.00029374 2.3338e-06
1.9145e-05 2.8904e-06 4.0536e-05 0.00030235 2.3293e-06
1.8883e-05 2.7973e-06 4.0769e-05 0.00031062 2.3199e-06
1.3352e-05 6.1032e-07 4.5124e-05 0.00048924 1.9804e-06
1.2992e-05 4.7408e-07 4.5358e-05 0.00049934 1.9548e-06
1.2626e-05 3.4343e-07 4.5637e-05 0.00051027 1.9341e-06
1.1093e-05 3.3527e-07 4.6617e-05 0.00055238 1.8255e-06
1.0735e-05 3.2812e-07 4.6901e-05 0.00056374 1.8009e-06
1.0411e-05 3.2058e-07 4.7232e-05 0.000576 1.7807e-06
1.012e-05 3.1264e-07 4.7614e-05 0.00058925 1.7649e-06
9.8593e-06 3.0428e-07 4.8047e-05 0.00060354 1.7535e-06
9.6287e-06 2.9153e-07 4.8534e-05 0.00061898 1.7464e-06
9.4206e-06 2.7806e-07 4.9068e-05 0.00063545 1.7427e-06
9.1874e-06 2.6372e-07 4.9567e-05 0.00065127 1.7346e-06
8.9312e-06 2.4502e-07 5.0033e-05 0.00066636 1.7222e-06
8.6975e-06 2.2543e-07 5.0546e-05 0.00068246 1.7131e-06
8.4854e-06 2.0132e-07 5.1109e-05 0.00069964 1.7075e-06
8.2511e-06 2.529e-07 5.1638e-05 0.00071624 1.6978e-06
8.1153e-06 3.053e-07 5.2226e-05 0.00073414 1.6923e-06
7.957e-06 3.5249e-07 5.2777e-05 0.00075136 1.6825e-06
7.8211e-06 3.9453e-07 5.3388e-05 0.00076995 1.6768e-06
7.7086e-06 4.3738e-07 5.4063e-05 0.00079001 1.6753e-06
7.5743e-06 4.7504e-07 5.4698e-05 0.00080929 1.6694e-06
7.4179e-06 5.0754e-07 5.5294e-05 0.00082783 1.6592e-06
7.2826e-06 5.4078e-07 5.5952e-05 0.00084781 1.6531e-06
7.1671e-06 5.7485e-07 5.6675e-05 0.00086932 1.6508e-06
7.0708e-06 6.0985e-07 5.7466e-05 0.00089246 1.6525e-06
6.9901e-06 6.4541e-07 5.832e-05 0.00091717 1.6574e-06
6.9246e-06 6.8163e-07 5.9239e-05 0.00094352 1.6656e-06
6.874e-06 7.186e-07 6.0227e-05 0.00097162 1.6771e-06
6.8044e-06 7.5709e-07 6.1171e-05 0.00099878 1.6846e-06
6.7533e-06 7.9726e-07 6.2199e-05 0.0010281 1.6963e-06
6.7202e-06 8.3925e-07 6.2137e-05 0.0010596 1.7123e-06
6.705e-06 8.7554e-07 6.2127e-05 0.0010936 1.7231e-06
6.7039e-06 9.13e-07 6.2159e-05 0.0011299 1.7374e-06
6.7207e-06 9.5172e-07 6.2243e-05 0.001169 1.7561e-06
6.7516e-06 9.9181e-07 6.237e-05 0.0012106 1.7783e-06
6.7625e-06 1.0233e-06 6.248e-05 0.0012507 1.7965e-06
6.7913e-06 1.0569e-06 6.2641e-05 0.0012939 1.8191e-06
6.7968e-06 1.085e-06 6.2771e-05 0.0013357 1.8376e-06
6.8164e-06 1.1147e-06 6.2946e-05 0.0013802 1.8597e-06
6.8539e-06 1.1466e-06 6.3173e-05 0.0014281 1.8865e-06
6.8727e-06 1.1802e-06 6.3368e-05 0.0014745 1.9172e-06
6.9096e-06 1.2162e-06 6.3618e-05 0.0015244 1.9529e-06
6.9263e-06 1.6211e-06 6.3833e-05 0.0015725 1.9839e-06
6.9605e-06 2.0124e-06 6.41e-05 0.0016242 2.0106e-06
7.0094e-06 2.4219e-06 6.4414e-05 0.0016793 2.0414e-06
7.0731e-06 2.8508e-06 6.4776e-05 0.001738 2.0764e-06
7.1193e-06 3.2663e-06 6.5109e-05 0.0017951 2.1073e-06
7.1838e-06 3.3693e-06 6.5498e-05 0.0018564 2.1433e-06
7.2674e-06 3.4644e-06 6.5946e-05 0.0019224 2.1848e-06
7.3669e-06 3.5657e-06 6.6446e-05 0.0019929 2.2311e-06
7.4828e-06 3.6749e-06 6.6999e-05 0.0020679 2.2823e-06
7.6197e-06 3.776e-06 6.762e-05 0.0021488 2.3286e-06
7.7743e-06 3.8853e-06 6.722e-05 0.002235 2.2741e-06
7.9517e-06 4.0033e-06 6.688e-05 0.0023279 2.2257e-06
8.1082e-06 4.1303e-06 6.6506e-05 0.0024177 2.172e-06
8.2881e-06 4.2651e-06 6.619e-05 0.0025145 2.1233e-06
8.4878e-06 4.4079e-06 6.5922e-05 0.0026176 2.0794e-06
8.7081e-06 4.5591e-06 6.57e-05 0.0027275 2.0399e-06
8.9503e-06 4.7212e-06 6.5524e-05 0.0028446 2.0058e-06
9.6998e-06 4.8731e-06 6.4922e-05 0.0029176 1.9767e-06
1.0409e-05 5.0148e-06 6.4278e-05 0.0029879 1.9429e-06
1.1167e-05 5.1673e-06 6.369e-05 0.0030628 1.9132e-06
1.1977e-05 5.329e-06 6.3154e-05 0.0031425 1.8873e-06
1.2749e-05 5.4813e-06 6.2585e-05 0.0032197 1.8572e-06
1.3484e-05 5.6431e-06 6.1979e-05 0.0032944 1.831e-06
1.4281e-05 5.8171e-06 6.1437e-05 0.0033175 1.8095e-06
1.5136e-05 6.0017e-06 6.0947e-05 0.0033422 1.7916e-06
1.5949e-05 6.1751e-06 6.0423e-05 0.0033661 1.7695e-06
1.6723e-05 6.3592e-06 5.9864e-05 0.0033891 1.7434e-06
1.7552e-05 6.5543e-06 5.9356e-05 0.0034137 1.7207e-06
1.8336e-05 6.738e-06 5.8811e-05 0.0034373 1.6937e-06
1.9081e-05 6.9357e-06 5.823e-05 0.0034601 1.6712e-06
1.9894e-05 7.1226e-06 5.7712e-05 0.0034849 1.6529e-06
2.078e-05 7.3214e-06 5.7252e-05 0.0035116 1.6389e-06
2.1744e-05 7.5351e-06 5.6849e-05 0.0035406 1.629e-06
2.2657e-05 7.7365e-06 5.641e-05 0.0035684 1.6147e-06
2.3525e-05 7.9533e-06 5.5938e-05 0.0035952 1.5965e-06
2.446e-05 8.1835e-06 5.5514e-05 0.0036239 1.5817e-06
2.5478e-05 8.4277e-06 5.5145e-05 0.003655 1.5628e-06
2.6453e-05 8.6609e-06 5.4748e-05 0.0036851 1.5403e-06
2.7509e-05 8.9099e-06 5.4399e-05 0.0037174 1.5214e-06
2.8519e-05 9.1477e-06 5.4023e-05 0.0037488 1.4989e-06
2.9613e-05 9.4017e-06 5.3696e-05 0.0037825 1.48e-06
3.0683e-05 9.6492e-06 5.3354e-05 0.0038158 1.4587e-06
3.1806e-05 9.9062e-06 5.304e-05 0.0038506 1.4391e-06
3.2985e-05 1.0173e-05 5.2754e-05 0.003887 1.4212e-06
3.4222e-05 1.045e-05 5.2496e-05 0.0039251 1.405e-06
3.5434e-05 1.072e-05 5.2224e-05 0.0039628 1.3864e-06
5.3703e-05 1.4602e-05 4.7113e-05 0.0045602 8.8113e-07
5.486e-05 1.4834e-05 4.6787e-05 0.0045995 8.4044e-07
5.6079e-05 1.5077e-05 4.6487e-05 0.0046406 8.0124e-07
5.7275e-05 1.5314e-05 4.6175e-05 0.0046812 7.5985e-07
5.8446e-05 1.5544e-05 4.5851e-05 0.0047214 7.1628e-07
5.9682e-05 1.5785e-05 4.5552e-05 0.0047634 6.7415e-07
6.0985e-05 1.6037e-05 4.5279e-05 0.0048074 6.3337e-07
6.2357e-05 1.6301e-05 4.5031e-05 0.0048534 5.9386e-07
6.3702e-05 1.6558e-05 4.4771e-05 0.0048988 5.5213e-07
6.5012e-05 1.6807e-05 4.4494e-05 0.0049436 5.0797e-07
6.6391e-05 1.7067e-05 4.4242e-05 0.0049903 4.6495e-07
6.7842e-05 1.7338e-05 4.4013e-05 0.0050391 4.2299e-07
6.9088e-05 1.7622e-05 4.3808e-05 0.0050901 3.8205e-07
7.0303e-05 1.7898e-05 4.3588e-05 0.0051404 3.388e-07
7.1584e-05 1.8186e-05 4.3392e-05 0.0051929 2.9649e-07
7.2803e-05 1.8494e-05 4.3172e-05 0.0052439 2.5111e-07
7.3971e-05 1.8789e-05 4.293e-05 0.0052936 2.7053e-07
7.5249e-05 1.9108e-05 4.2728e-05 0.0053469 2.9095e-07
7.6635e-05 1.9447e-05 4.2562e-05 0.0054037 3.1232e-07
7.7914e-05 1.9769e-05 4.2366e-05 0.0054584 3.3077e-07
7.9282e-05 2.0109e-05 4.22e-05 0.0055161 3.4976e-07
8.0759e-05 2.0471e-05 4.2067e-05 0.0055775 3.6968e-07
8.2319e-05 2.0848e-05 4.1957e-05 0.0056417 3.8998e-07
8.3965e-05 2.1242e-05 4.1871e-05 0.0057089 4.1067e-07
8.5698e-05 2.1652e-05 4.1806e-05 0.0057792 4.3176e-07
8.7399e-05 2.2054e-05 4.173e-05 0.0058487 4.5086e-07
8.9067e-05 2.2448e-05 4.164e-05 0.0059173 4.6796e-07
9.0824e-05 2.2858e-05 4.1573e-05 0.005989 4.8548e-07
9.2551e-05 2.3286e-05 4.1495e-05 0.0060599 5.0346e-07
9.437e-05 2.3732e-05 4.1439e-05 0.0061341 5.2195e-07
9.6155e-05 2.4169e-05 4.137e-05 0.0062074 5.384e-07
9.8035e-05 2.4624e-05 4.1323e-05 0.006284 5.5538e-07
9.9999e-05 2.5095e-05 4.1295e-05 0.0063636 5.7263e-07
0.00010205 2.5582e-05 4.1284e-05 0.0064462 5.9018e-07
0.00010407 2.6061e-05 4.1262e-05 0.006528 6.0575e-07
0.00010619 2.656e-05 4.1262e-05 0.0066135 6.2194e-07
0.00010828 2.7049e-05 4.1249e-05 0.0066979 6.3607e-07
0.00011033 2.753e-05 4.1225e-05 0.0067815 6.4821e-07
0.00011247 2.8028e-05 4.1219e-05 0.0068683 6.6069e-07
0.00011457 2.8516e-05 4.1199e-05 0.0069539 6.7101e-07
0.00011663 2.8994e-05 4.1167e-05 0.0070385 6.7927e-07
0.00011866 2.9463e-05 4.1123e-05 0.0071221 6.8547e-07
0.00012079 2.9952e-05 4.11e-05 0.0071355 6.923e-07
0.00012303 3.0462e-05 4.1099e-05 0.0071499 6.9978e-07
0.00012524 3.0962e-05 4.1086e-05 0.007164 7.0519e-07
0.00012766 3.1484e-05 4.106e-05 0.0071778 7.1127e-07
0.00013019 3.2024e-05 4.1053e-05 0.0071924 7.1771e-07
0.00013283 3.2582e-05 4.1063e-05 0.0072078 7.2452e-07
0.00013543 3.3132e-05 4.1062e-05 0.0072229 7.2934e-07
0.00013799 3.3673e-05 4.1049e-05 0.0072379 7.3215e-07
0.00014068 3.4236e-05 4.1059e-05 0.0072537 7.3565e-07
0.00014351 3.4823e-05 4.109e-05 0.0072705 7.3987e-07
0.00014649 3.5435e-05 4.1143e-05 0.0072884 7.448e-07
0.0001496 3.6067e-05 4.1214e-05 0.0073071 7.5013e-07
0.00015284 3.6689e-05 4.1304e-05 0.0073267 7.5337e-07
0.00015604 3.7301e-05 4.1382e-05 0.007346 7.5458e-07
0.00015918 3.7903e-05 4.1447e-05 0.007365 7.5371e-07
0.00016227 3.8494e-05 4.1499e-05 0.0073837 7.5073e-07
0.00016551 3.9109e-05 4.1574e-05 0.0074035 7.4846e-07
0.00016871 3.9715e-05 4.1636e-05 0.007423 7.4412e-07
0.00017204 4.0341e-05 4.1716e-05 0.0074434 7.4017e-07
0.00017533 4.0958e-05 4.1785e-05 0.0074635 7.3422e-07
0.00017856 4.1564e-05 4.1842e-05 0.0074833 7.2619e-07
0.00017828 4.2193e-05 4.1916e-05 0.0075041 7.1856e-07
0.00017797 4.281e-05 4.1979e-05 0.0075245 7.0885e-07
0.00017773 4.3453e-05 4.2063e-05 0.0075461 6.9983e-07
0.00017318 4.412e-05 4.2166e-05 0.0075687 6.9119e-07
0.0001685 4.4814e-05 4.2257e-05 0.0075909 6.8046e-07
0.00016401 4.5534e-05 4.2366e-05 0.0076142 6.7012e-07
0.00015945 4.624e-05 4.246e-05 0.0076387 6.5756e-07
0.0001548 4.6932e-05 4.2539e-05 0.0076627 6.428e-07
0.00015004 4.7608e-05 4.2601e-05 0.0076862 7.6689e-07
0.00014552 4.8313e-05 4.2686e-05 0.0077109 8.9585e-07
0.00014095 4.9007e-05 4.276e-05 0.0077354 1.0218e-06
0.00013656 4.9726e-05 4.2852e-05 0.0077609 1.1518e-06
0.00013211 5.0434e-05 4.2932e-05 0.0077861 1.2788e-06
0.00012787 5.1172e-05 4.3035e-05 0.0078126 1.411e-06
0.00012357 5.19e-05 4.3126e-05 0.0078388 1.5401e-06
0.00011947 5.2658e-05 4.324e-05 0.0078663 1.6746e-06
0.0001153 5.3404e-05 4.3342e-05 0.0078935 1.8058e-06
0.00011133 5.4181e-05 4.3466e-05 0.007922 1.9426e-06
0.00010753 5.4987e-05 4.361e-05 0.0079518 2.0844e-06
0.0001039 5.5827e-05 4.3778e-05 0.0079831 2.2325e-06
0.00010022 5.6654e-05 4.3933e-05 0.008014 2.377e-06
9.6684e-05 5.7511e-05 4.4108e-05 0.0080462 2.5267e-06
9.3288e-05 5.8397e-05 4.4302e-05 0.0080798 2.682e-06
9.0027e-05 5.9313e-05 4.4516e-05 0.0081148 2.843e-06
8.6721e-05 6.0218e-05 4.4718e-05 0.0081494 3.0006e-06
8.3368e-05 6.111e-05 4.4908e-05 0.0081835 3.1546e-06
8.0148e-05 6.2034e-05 4.5118e-05 0.0082191 3.3146e-06
7.7056e-05 6.2989e-05 4.5349e-05 0.0082562 3.4807e-06
7.3914e-05 6.393e-05 4.5566e-05 0.0082928 3.6428e-06
7.0924e-05 6.4911e-05 4.5809e-05 0.0083312 3.813e-06
6.8066e-05 6.593e-05 4.6082e-05 0.0083713 3.9905e-06
6.515e-05 6.6932e-05 4.6339e-05 0.0084109 4.1634e-06
6.2379e-05 6.7976e-05 4.6623e-05 0.0084524 4.3451e-06
5.9728e-05 6.906e-05 4.6931e-05 0.0084539 4.5345e-06
5.7192e-05 7.0127e-05 4.7263e-05 0.008456 4.7194e-06
5.4767e-05 7.1234e-05 4.7619e-05 0.0084588 4.9124e-06
5.2472e-05 7.2393e-05 4.6755e-05 0.0084625 4.8791e-06
5.0299e-05 7.3606e-05 4.5935e-05 0.008467 4.8508e-06
4.8244e-05 7.4875e-05 4.516e-05 0.0084723 4.8275e-06
4.6341e-05 7.6213e-05 4.4444e-05 0.0084789 4.7989e-06
4.456e-05 7.7623e-05 4.3778e-05 0.0084865 4.7765e-06
4.2891e-05 7.9107e-05 4.3158e-05 0.0084951 4.7603e-06
4.1328e-05 8.0669e-05 4.2581e-05 0.0085049 4.7499e-06
3.9733e-05 8.2211e-05 4.1989e-05 0.0085144 4.7364e-06
3.8203e-05 8.3804e-05 4.1424e-05 0.0085246 4.7264e-06
3.6642e-05 8.5376e-05 4.0843e-05 0.0085346 4.7132e-06
3.5054e-05 8.6931e-05 4.0248e-05 0.0085443 4.6972e-06
3.3438e-05 8.8467e-05 3.9639e-05 0.0085538 4.6783e-06
3.1904e-05 9.0069e-05 3.9074e-05 0.0085643 4.6641e-06
3.057e-05 9.1635e-05 3.8484e-05 0.0085742 4.6453e-06
2.9208e-05 9.3179e-05 3.7879e-05 0.0085839 4.6235e-06
2.7901e-05 9.4777e-05 3.73e-05 0.0085635 4.6051e-06
2.8427e-05 9.6355e-05 3.6707e-05 0.0085427 4.5837e-06
2.7796e-05 9.7994e-05 3.6143e-05 0.0085231 4.5664e-06
2.7198e-05 9.9697e-05 3.5609e-05 0.0085045 4.5531e-06
2.6628e-05 0.00010146 3.5097e-05 0.0084869 4.5429e-06
2.6091e-05 0.00010328 3.4613e-05 0.0084703 4.5368e-06
2.5583e-05 0.00010329 3.4155e-05 0.0084546 4.5344e-06
2.5056e-05 0.0001033 3.3682e-05 0.0084387 4.529e-06
2.456e-05 0.00010332 3.3235e-05 0.0084237 4.5275e-06
2.4048e-05 0.00010337 3.2776e-05 0.0084085 4.5292e-06
2.3565e-05 0.00010345 3.2342e-05 0.0083942 4.5349e-06
2.311e-05 0.00010355 3.1932e-05 0.0083809 4.5445e-06
2.2638e-05 0.00010364 3.1509e-05 0.0083673 4.5511e-06
2.2149e-05 0.00010372 3.1073e-05 0.0083534 4.5548e-06
2.1643e-05 0.00010379 3.0624e-05 0.0083392 4.5555e-06
2.1098e-05 0.00010383 3.0144e-05 0.0083242 4.5487e-06
2.0516e-05 0.00010385 2.9634e-05 0.0083085 4.5359e-06
1.9969e-05 0.00010389 2.9153e-05 0.0082937 4.5278e-06
1.9403e-05 0.00010397 2.8658e-05 0.0082787 4.5238e-06
1.886e-05 0.00010406 2.8183e-05 0.0082645 4.5229e-06
1.8346e-05 0.00010418 2.7733e-05 0.0082512 4.526e-06
1.7853e-05 0.00010432 2.7302e-05 0.0082387 4.5322e-06
1.7381e-05 0.00010449 2.689e-05 0.0082269 4.5416e-06
1.693e-05 0.00010468 2.6497e-05 0.0082159 4.5542e-06
1.6463e-05 0.00010486 2.6091e-05 0.0082046 4.5632e-06
1.6021e-05 0.00010506 2.5708e-05 0.0081942 4.5762e-06
1.5602e-05 0.00010529 2.5345e-05 0.0081846 4.5931e-06
1.5205e-05 0.00010555 2.5003e-05 0.0081758 4.6141e-06
1.4825e-05 0.00010584 2.4678e-05 0.0081677 4.6384e-06
1.4462e-05 0.00010614 2.4368e-05 0.0081602 4.666e-06
1.4085e-05 0.00010644 2.4048e-05 0.0081525 4.6907e-06
1.3695e-05 0.00010673 2.3716e-05 0.0081447 4.7127e-06
1.332e-05 0.00010704 2.3401e-05 0.0081374 4.738e-06
1.2966e-05 0.00010738 2.3104e-05 0.008131 4.7675e-06
1.2597e-05 0.0001077 2.2795e-05 0.0081243 4.794e-06
1.2246e-05 0.00010806 2.2505e-05 0.0081184 4.8247e-06
1.1914e-05 0.00010845 2.2233e-05 0.0081132 4.8597e-06
1.1568e-05 0.00010882 2.195e-05 0.0081077 4.8917e-06
1.124e-05 0.00010923 2.1684e-05 0.0081031 4.928e-06
1.0926e-05 0.00010966 2.1432e-05 0.008099 4.9679e-06
1.0626e-05 0.00011011 2.1194e-05 0.0080955 5.0114e-06
1.0341e-05 0.0001106 2.0972e-05 0.0080927 5.0595e-06
1.0069e-05 0.00011112 2.0763e-05 0.0080906 5.1115e-06
9.7828e-06 0.00011162 2.0543e-05 0.0080882 5.1602e-06
9.4834e-06 0.00011211 2.0313e-05 0.0080856 5.2059e-06
9.1989e-06 0.00011104 2.0098e-05 0.0080398 5.2562e-06
8.9287e-06 0.00011001 1.9899e-05 0.0079961 5.3114e-06
8.6462e-06 0.00010897 1.969e-05 0.0079518 5.3637e-06
8.3745e-06 0.00010797 1.9493e-05 0.0079093 5.4199e-06
8.0905e-06 0.00010695 1.9287e-05 0.0078663 5.4731e-06
7.8199e-06 0.00010597 1.9095e-05 0.0078253 5.5314e-06
7.5371e-06 0.00010499 1.8894e-05 0.0077838 5.5866e-06
7.2645e-06 0.00010404 1.8704e-05 0.0077439 5.6459e-06
7.0043e-06 0.00010313 1.8529e-05 0.0077058 5.7105e-06
6.7533e-06 0.00010225 1.8366e-05 0.0076693 5.7794e-06
6.4898e-06 0.00010136 1.8192e-05 0.0076322 5.845e-06
6.2141e-06 0.00010046 1.8008e-05 0.0075948 5.9074e-06
6.5466e-06 9.962e-05 1.7762e-05 0.0075602 5.8524e-06
6.8539e-06 9.8747e-05 1.7493e-05 0.0075242 5.7901e-06
7.1824e-06 9.7842e-05 1.7246e-05 0.0074904 5.7354e-06
7.4931e-06 9.6913e-05 1.6985e-05 0.0074558 5.676e-06
7.8153e-06 9.6019e-05 1.6736e-05 0.0074226 5.6209e-06
8.125e-06 9.5112e-05 1.6477e-05 0.007389 5.5627e-06
8.4462e-06 9.4238e-05 1.6231e-05 0.0073568 5.5087e-06
8.754e-06 9.335e-05 1.5974e-05 0.0073242 5.4514e-06
9.0486e-06 9.2448e-05 1.5706e-05 0.0072911 5.3909e-06
9.3583e-06 9.1586e-05 1.5453e-05 0.0072596 5.3355e-06
9.6857e-06 9.0701e-05 1.5216e-05 0.0071041 5.2857e-06
9.9985e-06 8.9799e-05 1.4968e-05 0.0069466 5.2323e-06
9.6519e-06 8.8935e-05 1.4734e-05 0.0067954 5.1835e-06
9.2908e-06 8.8054e-05 1.4488e-05 0.0066422 5.1312e-06
8.9435e-06 8.7208e-05 1.4254e-05 0.0064948 5.083e-06
8.613e-06 8.6345e-05 1.4033e-05 0.006354 5.0397e-06
8.2689e-06 8.5468e-05 1.3803e-05 0.0062115 4.9932e-06
7.9113e-06 8.4577e-05 1.3563e-05 0.0060673 4.9437e-06
7.5692e-06 8.3724e-05 1.3335e-05 0.0059293 4.8987e-06
7.2136e-06 8.2857e-05 1.3098e-05 0.0057896 4.8506e-06
6.8445e-06 8.1977e-05 1.285e-05 0.0056483 4.7994e-06
6.4907e-06 8.1133e-05 1.2616e-05 0.005513 4.7527e-06
6.1513e-06 8.0326e-05 1.2394e-05 0.0053836 4.7105e-06
5.8256e-06 7.9554e-05 1.2184e-05 0.0052597 4.6725e-06
5.513e-06 7.8817e-05 1.1985e-05 0.0051411 4.6389e-06
5.2099e-06 7.8107e-05 1.1796e-05 0.0050269 4.6086e-06
4.919e-06 7.7431e-05 1.1618e-05 0.0049177 4.5825e-06
4.6446e-06 7.6729e-05 1.1457e-05 0.0048146 4.5622e-06
4.3577e-06 7.6014e-05 1.1287e-05 0.0047102 4.5388e-06
4.0813e-06 7.5332e-05 1.1126e-05 0.0046103 4.5195e-06
3.8147e-06 7.4681e-05 1.0977e-05 0.0045147 4.5041e-06
3.5368e-06 7.4019e-05 1.0818e-05 0.004418 4.486e-06
3.266e-06 7.3383e-05 1.0667e-05 0.004325 4.4711e-06
3.0019e-06 7.2773e-05 1.0524e-05 0.0042354 4.4593e-06
2.7261e-06 7.2152e-05 1.0372e-05 0.0041447 4.4445e-06
2.4567e-06 7.1555e-05 1.0227e-05 0.0040574 4.433e-06
2.1933e-06 7.0944e-05 1.009e-05 0.0039734 4.4183e-06
1.9357e-06 7.0357e-05 9.9609e-06 0.0038926 4.407e-06
1.6858e-06 6.9801e-05 9.8412e-06 0.0038154 4.3997e-06
1.4178e-06 6.9288e-05 1.0472e-05 0.0037357 4.387e-06
1.5302e-06 6.876e-05 1.1086e-05 0.0036545 4.3706e-06
1.6429e-06 6.8256e-05 1.1721e-05 0.0035763 4.3574e-06
1.7458e-06 6.774e-05 1.2342e-05 0.0034972 4.3413e-06
1.8392e-06 6.7215e-05 1.2952e-05 0.0034172 4.3224e-06
1.9329e-06 6.6712e-05 1.3581e-05 0.0033402 4.3066e-06
2.0167e-06 6.6197e-05 1.4197e-05 0.0032623 4.2878e-06
2.0906e-06 6.5672e-05 1.48e-05 0.0031834 4.266e-06
2.1663e-06 6.5173e-05 1.5428e-05 0.0031079 4.2482e-06
2.2447e-06 6.4704e-05 1.6086e-05 0.003036 4.2348e-06
2.3317e-06 6.4279e-05 1.6129e-05 0.0029693 4.2287e-06
2.4279e-06 6.3896e-05 1.6196e-05 0.0029074 4.0603e-06
2.5313e-06 6.3549e-05 1.6282e-05 0.0027138 3.9037e-06
2.6424e-06 6.3179e-05 1.585e-05 0.0025322 3.7582e-06
2.7645e-06 6.2851e-05 1.5452e-05 0.0023636 3.6249e-06
2.8699e-06 6.2555e-05 1.5083e-05 0.0022053 3.4842e-06
2.9587e-06 6.2236e-05 1.4689e-05 0.002041 3.335e-06
3.0323e-06 6.195e-05 1.4273e-05 0.0019419 3.178e-06
3.1102e-06 6.1688e-05 1.3877e-05 0.0018474 3.0287e-06
3.1916e-06 6.1447e-05 1.3498e-05 0.001757 2.8862e-06
3.275e-06 6.1224e-05 1.3133e-05 0.0016699 2.7489e-06
3.348e-06 6.0991e-05 1.2757e-05 0.0015818 2.6081e-06
3.4232e-06 6.0776e-05 1.2394e-05 0.001497 2.4723e-06
3.4883e-06 6.0552e-05 1.2021e-05 0.0014112 2.3333e-06
3.5559e-06 6.0346e-05 1.1661e-05 0.0013288 2.1993e-06
3.6117e-06 6.0128e-05 1.1288e-05 0.0012448 2.061e-06
3.6464e-06 5.9941e-05 1.0892e-05 0.0012322 1.9147e-06
3.6924e-06 5.9733e-05 1.0526e-05 0.0012206 1.7795e-06
3.7227e-06 5.9556e-05 1.0139e-05 0.0012086 1.6546e-06
3.7618e-06 5.9409e-05 9.7774e-06 0.0011974 1.5377e-06
3.8097e-06 5.9291e-05 9.438e-06 0.0011869 1.428e-06
3.8435e-06 5.9157e-05 9.082e-06 0.0011761 1.3133e-06
3.8629e-06 5.9005e-05 8.7087e-06 0.0011649 1.1933e-06
3.8913e-06 5.8878e-05 8.3582e-06 0.0011545 1.0793e-06
3.9291e-06 5.8782e-05 8.03e-06 0.0011449 9.7247e-07
3.9731e-06 5.8708e-05 7.7175e-06 0.0011358 8.7056e-07
4.0039e-06 5.862e-05 7.3909e-06 0.0011265 7.6441e-07
4.0432e-06 5.8559e-05 7.083e-06 0.0011178 6.6407e-07
4.0686e-06 5.8481e-05 6.7603e-06 0.0011088 5.593e-07
4.103e-06 5.7437e-05 6.4562e-06 0.0011004 4.6026e-07
4.1205e-06 5.6355e-05 6.1333e-06 0.0010917 4.659e-07
4.1443e-06 5.5321e-05 5.8249e-06 0.0010835 4.7213e-07
4.1763e-06 5.4338e-05 5.5323e-06 0.0010459 4.792e-07
4.1976e-06 5.3342e-05 5.2303e-06 0.0010078 4.843e-07
4.2233e-06 5.2383e-05 4.9386e-06 0.00097132 4.8969e-07
4.2534e-06 5.1461e-05 4.6567e-06 0.00093642 4.9539e-07
4.273e-06 5.0526e-05 4.3656e-06 0.00090109 4.9911e-07
4.297e-06 4.9626e-05 4.0841e-06 0.00086728 5.0315e-07
4.324e-06 4.8756e-05 3.8097e-06 0.00083473 5.0726e-07
4.3404e-06 4.7872e-05 3.5263e-06 0.00080177 5.0941e-07
4.3596e-06 4.7018e-05 3.2497e-06 0.00077003 5.1162e-07
4.3682e-06 4.615e-05 2.9641e-06 0.00073788 5.1184e-07
4.3815e-06 4.5317e-05 2.6871e-06 0.00070712 5.124e-07
4.3997e-06 4.4516e-05 2.4185e-06 0.00067772 5.1335e-07
4.4242e-06 4.3699e-05 2.159e-06 0.00064974 5.1487e-07
4.4557e-06 4.292e-05 1.9088e-06 0.00062319 5.1707e-07
4.4989e-06 4.2189e-05 1.6715e-06 0.0005984 5.1644e-07
4.5531e-06 4.1502e-05 1.4453e-06 0.00057518 5.1705e-07
4.6149e-06 4.0848e-05 1.2263e-06 0.00055313 5.1834e-07
4.6618e-06 4.0173e-05 9.9602e-07 0.0005305 5.1706e-07
4.6933e-06 3.9535e-05 1.0325e-06 0.00050719 5.1312e-07
4.71e-06 3.8876e-05 1.061e-06 0.00048325 5.066e-07
4.7354e-06 3.8251e-05 1.0901e-06 0.00046062 5.0093e-07
4.7716e-06 3.7675e-05 1.1207e-06 0.00043939 5.0092e-07
4.7951e-06 3.7085e-05 1.1441e-06 0.00041775 4.9866e-07
4.8062e-06 3.648e-05 1.1604e-06 0.0003957 4.9419e-07
4.8049e-06 3.5861e-05 1.1696e-06 0.00037324 4.875e-07
4.8088e-06 3.5267e-05 1.1782e-06 0.00035174 4.8112e-07
4.82e-06 3.4702e-05 1.187e-06 0.00033132 4.7535e-07
4.8377e-06 3.4162e-05 1.1956e-06 0.00031186 4.7005e-07
4.8418e-06 3.3607e-05 1.1967e-06 0.00029195 4.6239e-07
4.8561e-06 3.3083e-05 1.199e-06 0.00027322 4.557e-07
4.8536e-06 3.2599e-05 1.1927e-06 0.00025385 4.4619e-07
4.8619e-06 3.2145e-05 1.1877e-06 0.00023567 4.3774e-07
4.8813e-06 3.1721e-05 1.1842e-06 0.0002186 4.3029e-07
4.9148e-06 3.1325e-05 1.1833e-06 0.00020275 4.2423e-07
4.93e-06 3.0908e-05 1.1732e-06 0.00020093 4.1524e-07
4.9595e-06 3.0524e-05 1.1657e-06 0.00019932 4.0761e-07
5.0003e-06 3.0167e-05 1.1595e-06 0.00019789 4.009e-07
5.0227e-06 2.979e-05 1.1443e-06 0.00019633 3.9129e-07
5.0281e-06 2.9439e-05 1.1203e-06 0.00019465 3.7894e-07
5.0165e-06 2.907e-05 1.0877e-06 0.00019286 3.6383e-07
5.0192e-06 2.8732e-05 1.0576e-06 0.00019128 3.5007e-07
5.0363e-06 2.8373e-05 1.0299e-06 0.00018989 3.3757e-07
5.0648e-06 2.804e-05 1.0034e-06 0.00018867 3.2589e-07
5.1079e-06 2.7688e-05 9.7906e-07 0.00018763 3.1532e-07
5.1628e-06 2.7173e-05 9.5569e-07 0.00018675 3.0545e-07
5.2296e-06 2.6689e-05 9.3324e-07 0.00018601 2.9624e-07
5.2777e-06 2.6182e-05 9.0196e-07 0.00018517 2.8428e-07
5.3084e-06 2.5651e-05 8.6225e-07 0.00018422 3.4169e-07
5.3543e-06 2.5157e-05 8.2448e-07 0.00018344 4.0293e-07
5.4123e-06 2.4692e-05 7.8745e-07 0.00018282 4.6752e-07
5.4883e-06 2.4261e-05 7.5201e-07 0.00018236 5.3667e-07
5.5772e-06 2.3856e-05 7.1704e-07 0.00018204 6.0984e-07
5.683e-06 2.3431e-05 6.8366e-07 0.00018156 6.1636e-07
5.759e-06 2.3036e-05 6.5139e-07 0.00018124 6.2482e-07
5.8518e-06 2.2624e-05 6.2006e-07 0.00018109 6.3528e-07
5.9621e-06 2.2242e-05 5.8953e-07 0.0001811 6.4249e-07
6.0906e-06 2.1889e-05 5.5964e-07 0.00018128 6.5174e-07
6.2003e-06 2.1517e-05 5.2193e-07 0.00018137 6.5794e-07
6.3286e-06 2.1174e-05 4.8477e-07 0.00018161 6.6568e-07
6.4724e-06 2.0852e-05 4.4719e-07 0.000182 6.75e-07
6.6364e-06 2.0553e-05 4.0982e-07 0.00018256 6.8647e-07
6.7807e-06 2.0279e-05 3.6483e-07 0.00018302 6.9483e-07
6.9458e-06 2.0028e-05 3.1994e-07 0.00018364 7.0537e-07
7.1326e-06 1.9761e-05 2.7538e-07 0.00018444 7.1762e-07
7.2973e-06 1.9478e-05 2.2306e-07 0.00018513 7.265e-07
7.4476e-06 1.9177e-05 2.6939e-07 0.00018572 7.3224e-07
7.5777e-06 1.886e-05 3.0838e-07 0.00018621 7.3485e-07
7.7295e-06 1.8569e-05 3.4693e-07 0.00018687 7.3968e-07
7.9039e-06 1.826e-05 3.8524e-07 0.00018771 7.4676e-07
8.0975e-06 1.7972e-05 4.2275e-07 0.0001887 7.5559e-07
8.3112e-06 1.7669e-05 4.5958e-07 0.00018984 7.6102e-07
8.5459e-06 1.7386e-05 4.9586e-07 0.00019114 7.6822e-07
8.8029e-06 1.7122e-05 5.3174e-07 0.00019261 7.7721e-07
9.0885e-06 1.6842e-05 5.6817e-07 0.00019428 7.8861e-07
9.4098e-06 1.6585e-05 6.0533e-07 0.00019617 8.0247e-07
9.7579e-06 1.6349e-05 6.4252e-07 0.00019824 8.183e-07
1.0078e-05 1.6134e-05 6.7138e-07 0.00020018 8.3677e-07
9.9245e-06 1.5936e-05 7.003e-07 0.0002023 8.5738e-07
9.7912e-06 1.5723e-05 7.2941e-07 0.00020463 8.8022e-07
9.6341e-06 1.5532e-05 7.5009e-07 0.00020681 8.9938e-07
9.502e-06 1.5328e-05 7.7191e-07 0.00020923 9.2146e-07
9.3895e-06 1.514e-05 7.9403e-07 0.00021187 9.4592e-07
9.2512e-06 1.4938e-05 8.433e-07 0.00021511 9.6661e-07
9.0895e-06 1.4721e-05 8.8369e-07 0.00021817 9.8355e-07
8.9549e-06 1.4521e-05 9.251e-07 0.00022148 1.0029e-06
8.7972e-06 1.4306e-05 9.576e-07 0.00022462 1.0184e-06
8.6162e-06 1.411e-05 9.8123e-07 0.00022759 1.0302e-06
8.4517e-06 1.3928e-05 1.0051e-06 0.00023076 1.044e-06
8.2996e-06 1.3755e-05 1.0285e-06 0.00023413 1.0591e-06
8.1591e-06 1.3593e-05 1.0512e-06 0.00023768 1.0756e-06
8.0292e-06 1.344e-05 1.0733e-06 0.00024143 1.0935e-06
7.9072e-06 1.3293e-05 1.0941e-06 0.00024534 1.1124e-06
7.7726e-06 1.3141e-05 1.1083e-06 0.00024917 1.1289e-06
7.6523e-06 1.3e-05 1.123e-06 0.00025326 1.1475e-06
8.3437e-06 1.2846e-05 1.1287e-06 0.00025715 1.1622e-06
9.0917e-06 1.2745e-05 1.1367e-06 0.0002614 1.1803e-06
9.9011e-06 1.266e-05 1.1471e-06 0.00026602 1.1234e-06
1.0777e-05 1.2589e-05 1.16e-06 0.00027104 1.0713e-06
1.1725e-05 1.2533e-05 1.1759e-06 0.00027152 1.0237e-06
1.2739e-05 1.2465e-05 1.1932e-06 0.00027218 9.7158e-07
1.3836e-05 1.2411e-05 1.2133e-06 0.00027305 9.2381e-07
1.501e-05 1.2369e-05 1.2349e-06 0.0002741 8.7928e-07
1.6268e-05 1.2316e-05 1.2583e-06 0.00027534 8.3778e-07
1.7472e-05 1.2277e-05 1.2729e-06 0.00027646 7.9995e-07
1.8777e-05 1.2253e-05 1.2903e-06 0.0002778 7.6544e-07
2.0173e-05 1.2242e-05 1.3096e-06 0.0002755 7.3339e-07
2.1503e-05 1.2245e-05 1.3096e-06 0.00027351 6.9757e-07
2.2928e-05 1.2259e-05 1.3114e-06 0.00027138 6.6414e-07
2.4285e-05 1.2262e-05 1.3039e-06 0.00026909 6.2696e-07
2.5757e-05 1.2255e-05 1.2993e-06 0.00026705 5.9272e-07
2.7354e-05 1.2261e-05 1.2977e-06 0.00026526 5.612e-07
2.8876e-05 1.2255e-05 1.2867e-06 0.00026333 5.261e-07
3.0326e-05 1.2238e-05 1.2664e-06 0.00026124 4.8737e-07
3.19e-05 1.2235e-05 1.2489e-06 0.0002594 4.5137e-07
3.3405e-05 1.2243e-05 1.2244e-06 0.00025743 4.1203e-07
3.504e-05 1.2265e-05 1.2027e-06 0.0002557 3.7529e-07
3.6816e-05 1.2301e-05 1.1838e-06 0.00024804 3.4091e-07
3.8744e-05 1.2351e-05 1.1675e-06 0.00024095 3.0337e-07
4.081e-05 1.2412e-05 1.1526e-06 0.00023432 2.6753e-07
4.2792e-05 1.2486e-05 1.129e-06 0.00022743 2.2857e-07
4.4943e-05 1.2574e-05 1.108e-06 0.00022106 1.9175e-07
4.6997e-05 1.265e-05 1.0779e-06 0.00021441 1.5165e-07
4.9227e-05 1.2741e-05 1.0502e-06 0.00020826 1.1357e-07
5.1647e-05 1.2848e-05 1.0248e-06 0.00020258 7.7266e-08
5.4273e-05 1.2967e-05 1.0016e-06 0.00019732 8.0214e-08
5.7094e-05 1.3102e-05 9.795e-07 0.00019242 8.2734e-08
5.979e-05 1.325e-05 9.4847e-07 0.00018728 8.4837e-08
6.2717e-05 1.3416e-05 9.1948e-07 0.00018254 8.6716e-08
6.5891e-05 1.3599e-05 8.9238e-07 0.00017817 8.8382e-08
6.6861e-05 1.38e-05 8.6605e-07 0.00017409 8.7913e-08
6.7779e-05 1.3989e-05 8.3151e-07 0.00016984 8.5406e-08
6.8788e-05 1.4195e-05 7.98e-07 0.00016589 8.2562e-08
6.9878e-05 1.4415e-05 7.6462e-07 0.00016219 7.9224e-08
7.1072e-05 1.4622e-05 7.3213e-07 0.00015876 7.3844e-08
7.1955e-05 1.4848e-05 7.0047e-07 0.00015559 6.8139e-08
7.1468e-05 1.5088e-05 6.6864e-07 0.00015263 6.1914e-08
7.0937e-05 1.5316e-05 6.2888e-07 0.00014954 5.3682e-08
7.0364e-05 1.5532e-05 5.8148e-07 0.00014632 4.3492e-08
6.9857e-05 1.5763e-05 5.34e-07 0.00014331 3.2801e-08
6.9298e-05 1.5611e-05 4.7811e-07 0.00014015 4.1773e-08
6.8792e-05 1.547e-05 4.2129e-07 0.00013716 5.0007e-08
6.8255e-05 1.532e-05 5.2526e-07 0.00013407 5.6438e-08
6.7765e-05 1.518e-05 6.2953e-07 0.00013114 6.2076e-08
6.7313e-05 1.5048e-05 7.3324e-07 0.00012832 6.6806e-08
6.6897e-05 1.4922e-05 8.3652e-07 0.00012561 7.0635e-08
6.6461e-05 1.479e-05 9.3306e-07 0.00012285 7.2788e-08
6.6067e-05 1.4667e-05 1.0301e-06 0.00012022 7.414e-08
6.5709e-05 1.4551e-05 1.1269e-06 0.00011769 7.4597e-08
6.5331e-05 1.4429e-05 1.2169e-06 0.00011511 7.3377e-08
6.4994e-05 1.4315e-05 1.3076e-06 0.00011266 7.1359e-08
6.4694e-05 1.4209e-05 1.3986e-06 0.00011031 6.8469e-08
6.4361e-05 1.4093e-05 1.4813e-06 0.00010787 6.3743e-08
6.4076e-05 1.3988e-05 1.5656e-06 0.00010557 5.8289e-08
6.3746e-05 1.3895e-05 1.6401e-06 0.00010315 8.3127e-08
6.3373e-05 1.3818e-05 1.7047e-06 0.00010062 1.0882e-07
6.3058e-05 1.3753e-05 1.7725e-06 9.8247e-05 1.3502e-07
6.28e-05 1.37e-05 1.8435e-06 9.6032e-05 1.6182e-07
6.2577e-05 1.3653e-05 1.9152e-06 9.3913e-05 1.8861e-07
6.2335e-05 1.36e-05 1.98e-06 9.1747e-05 2.1348e-07
6.2073e-05 1.3541e-05 2.0378e-06 8.9532e-05 2.3642e-07
6.1844e-05 1.3489e-05 2.0961e-06 8.7407e-05 2.5932e-07
6.1649e-05 1.3442e-05 2.155e-06 8.5371e-05 2.8222e-07
6.1498e-05 1.3375e-05 2.2162e-06 8.3445e-05 3.0557e-07
6.1327e-05 1.3337e-05 2.2704e-06 8.1473e-05 3.2694e-07
6.1188e-05 1.3305e-05 2.325e-06 7.9579e-05 3.4833e-07
6.108e-05 1.3278e-05 2.3803e-06 7.7762e-05 3.6979e-07
6.0942e-05 1.3246e-05 2.4286e-06 7.5899e-05 3.8926e-07
6.0841e-05 1.322e-05 2.4785e-06 7.4126e-05 4.0908e-07
6.078e-05 1.3201e-05 2.5211e-06 7.2306e-05 4.2906e-07
6.07e-05 1.3176e-05 2.5567e-06 7.0442e-05 4.4705e-07
6.0601e-05 1.3146e-05 2.5852e-06 6.8533e-05 4.6305e-07
6.0574e-05 1.3122e-05 2.6066e-06 6.6713e-05 4.7944e-07
6.0527e-05 1.3093e-05 2.621e-06 6.4849e-05 4.9383e-07
6.046e-05 1.3057e-05 2.6283e-06 6.294e-05 5.0621e-07
6.0349e-05 1.301e-05 3.1712e-06 6.0926e-05 5.1552e-07
6.0306e-05 1.2977e-05 3.7497e-06 5.9071e-05 5.2652e-07
6.0329e-05 1.2958e-05 4.3666e-06 5.7366e-05 5.3926e-07
6.0313e-05 1.2929e-05 4.959e-06 5.5575e-05 5.491e-07
6.0343e-05 1.2909e-05 5.5781e-06 5.3882e-05 5.5977e-07
6.0404e-05 1.2894e-05 6.2161e-06 5.2254e-05 5.7065e-07
6.0496e-05 1.2886e-05 6.8736e-06 5.0687e-05 5.8176e-07
6.0569e-05 1.2871e-05 7.5181e-06 4.9081e-05 5.9084e-07
6.0679e-05 1.2864e-05 8.1869e-06 4.7546e-05 6.0043e-07
6.0771e-05 1.2862e-05 8.8435e-06 4.5973e-05 6.0806e-07
6.0894e-05 1.2866e-05 9.5208e-06 4.4458e-05 6.1592e-07
6.1048e-05 1.2876e-05 1.022e-05 4.2999e-05 6.2404e-07
6.1235e-05 1.2891e-05 1.0941e-05 4.1593e-05 6.3242e-07
6.1453e-05 1.2912e-05 1.1686e-05 4.0239e-05 6.4107e-07
6.1653e-05 1.2928e-05 1.2417e-05 3.885e-05 6.4776e-07
6.1891e-05 1.2951e-05 1.3178e-05 3.7522e-05 6.5502e-07
6.211e-05 1.2967e-05 1.3924e-05 3.6158e-05 6.6024e-07
6.2362e-05 1.299e-05 1.4696e-05 3.4842e-05 6.6576e-07
6.2646e-05 1.3018e-05 1.5492e-05 3.3573e-05 6.7158e-07
6.297e-05 1.3054e-05 1.6322e-05 3.2359e-05 6.78e-07
6.3335e-05 1.3097e-05 1.7184e-05 3.1197e-05 6.8505e-07
6.3742e-05 1.3147e-05 1.8082e-05 3.0085e-05 6.9274e-07
6.4191e-05 1.3205e-05 1.9016e-05 2.9021e-05 7.0108e-07
6.4677e-05 1.3268e-05 1.9982e-05 2.7994e-05 7.0979e-07
6.5143e-05 1.3339e-05 2.0933e-05 2.6937e-05 7.1919e-07
6.5653e-05 1.3418e-05 2.1923e-05 2.5925e-05 7.293e-07
6.6208e-05 1.3505e-05 2.2953e-05 2.4955e-05 7.4013e-07
6.681e-05 1.3599e-05 2.4027e-05 2.4026e-05 7.5172e-07
6.739e-05 1.3687e-05 2.5082e-05 2.3066e-05 7.6122e-07
6.8018e-05 1.3783e-05 2.6181e-05 2.2146e-05 7.7149e-07
6.8694e-05 1.3888e-05 2.7326e-05 2.1263e-05 7.8255e-07
6.9421e-05 1.4e-05 2.8519e-05 2.0416e-05 7.9443e-07
7.0191e-05 1.412e-05 2.9753e-05 1.9598e-05 8.0683e-07
7.0938e-05 1.4233e-05 3.0968e-05 1.8749e-05 8.171e-07
7.1729e-05 1.4352e-05 3.2226e-05 1.7927e-05 8.2791e-07
7.2566e-05 1.4479e-05 3.3528e-05 1.7131e-05 8.3928e-07
7.3464e-05 1.4616e-05 3.4891e-05 1.637e-05 8.5173e-07
7.4331e-05 1.4745e-05 3.6224e-05 1.5574e-05 8.6177e-07
7.5258e-05 1.4883e-05 3.7618e-05 1.4811e-05 8.7286e-07
7.6293e-05 1.5008e-05 3.7875e-05 1.4106e-05 8.8041e-07
7.7269e-05 1.5121e-05 3.8107e-05 1.3353e-05 8.8466e-07
7.818e-05 1.5221e-05 3.831e-05 1.2545e-05 8.8539e-07
7.9199e-05 1.5338e-05 3.8554e-05 1.1796e-05 8.8869e-07
8.0125e-05 1.5472e-05 3.877e-05 1.0993e-05 8.8846e-07
8.0988e-05 1.5593e-05 3.8957e-05 1.0137e-05 8.8472e-07
8.1958e-05 1.5731e-05 3.9186e-05 9.3389e-06 8.8354e-07
8.3022e-05 1.5885e-05 3.9451e-05 8.4876e-06 8.8433e-07
8.4026e-05 1.6025e-05 3.969e-05 7.5865e-06 8.8185e-07
8.497e-05 1.6154e-05 3.9902e-05 6.6348e-06 8.7607e-07
8.6026e-05 1.63e-05 4.0157e-05 5.7432e-06 8.7285e-07
8.7202e-05 1.6465e-05 4.0455e-05 4.907e-06 8.7218e-07
8.8504e-05 1.6649e-05 4.08e-05 4.1215e-06 8.7403e-07
8.9731e-05 1.6853e-05 4.1113e-05 4.2437e-06 8.7844e-07
9.1068e-05 1.7075e-05 4.1468e-05 4.3347e-06 8.8484e-07
9.2328e-05 1.7281e-05 4.179e-05 4.6211e-06 8.8771e-07
9.3521e-05 1.7473e-05 4.2085e-05 4.8759e-06 8.8729e-07
9.4815e-05 1.7682e-05 4.2414e-05 5.1423e-06 8.8859e-07
9.6217e-05 1.7907e-05 4.2781e-05 5.4219e-06 8.9169e-07
9.7545e-05 1.8117e-05 4.3119e-05 5.6684e-06 8.9143e-07
9.9005e-05 1.8348e-05 4.3502e-05 5.9338e-06 8.9354e-07
0.00010059 1.8565e-05 4.3926e-05 6.2158e-06 8.9766e-07
0.00010209 1.8803e-05 4.4318e-05 6.4622e-06 8.9824e-07
0.00010371 1.906e-05 4.475e-05 6.7237e-06 9.0062e-07
0.00010548 1.9338e-05 4.523e-05 7.0066e-06 9.0537e-07
0.00010717 1.9602e-05 4.568e-05 7.2558e-06 9.0684e-07
0.00010897 1.9881e-05 4.6166e-05 7.5176e-06 9.0975e-07
0.00011072 2.0177e-05 4.6633e-05 7.7529e-06 9.1013e-07
0.00011244 2.0466e-05 4.7084e-05 7.9653e-06 9.0836e-07
0.00011425 2.0768e-05 4.7566e-05 8.1858e-06 9.0752e-07
0.00011615 2.1082e-05 4.8073e-05 8.4113e-06 9.073e-07
0.00011814 2.1408e-05 4.8606e-05 8.6423e-06 9.0769e-07
0.00012025 2.175e-05 4.9175e-05 8.8853e-06 9.0928e-07
0.00012222 2.2074e-05 4.9712e-05 1.1499e-05 9.0756e-07
0.00012439 2.238e-05 5.0307e-05 1.4303e-05 9.0846e-07
0.00012673 2.2708e-05 5.0954e-05 1.7278e-05 9.1138e-07
0.00012928 2.3063e-05 5.1665e-05 2.0472e-05 9.1692e-07
0.00013173 2.3402e-05 5.234e-05 2.3529e-05 9.1915e-07
0.00013433 2.3759e-05 5.3059e-05 2.6737e-05 9.2274e-07
0.00013687 2.4105e-05 5.3758e-05 2.988e-05 9.2402e-07
0.00013953 2.4465e-05 5.4489e-05 3.3133e-05 9.2592e-07
0.00014214 2.4816e-05 5.5203e-05 3.633e-05 9.2567e-07
0.00014471 2.5159e-05 5.5901e-05 3.9473e-05 9.2327e-07
0.00014723 2.5494e-05 5.6583e-05 4.256e-05 9.1874e-07
0.00014971 2.5821e-05 5.7249e-05 4.5598e-05 9.1214e-07
0.00015231 2.6162e-05 5.7947e-05 4.8745e-05 9.0615e-07
0.00015504 2.6519e-05 5.8683e-05 5.2027e-05 9.0111e-07
0.00015791 2.6892e-05 5.9459e-05 5.5449e-05 8.9699e-07
0.00016093 2.7255e-05 6.0276e-05 5.902e-05 8.9074e-07
0.00016409 2.7633e-05 6.1129e-05 6.272e-05 8.8506e-07
0.0001672 2.8002e-05 6.1965e-05 6.6364e-05 8.7734e-07
0.00017044 2.8364e-05 6.2838e-05 7.0141e-05 8.7018e-07
0.00017383 2.874e-05 6.3748e-05 7.4058e-05 8.6359e-07
0.00017736 2.913e-05 6.4697e-05 7.8119e-05 8.5755e-07
0.00018084 2.9512e-05 6.5627e-05 8.2113e-05 8.4938e-07
0.00018426 2.9888e-05 6.6538e-05 8.6042e-05 8.3908e-07
0.00018783 3.0279e-05 6.7488e-05 9.0117e-05 8.2933e-07
0.00019155 2.9879e-05 6.8478e-05 9.4344e-05 8.2012e-07
0.00019522 2.9471e-05 6.9449e-05 9.8502e-05 8.0878e-07
0.00019907 2.9081e-05 7.0469e-05 0.00010285 7.9829e-07
0.00020309 2.8706e-05 7.1532e-05 0.00010735 7.883e-07
0.00020704 2.8322e-05 7.2574e-05 0.00011179 7.762e-07
0.00021094 2.793e-05 7.3598e-05 0.00011616 7.6207e-07
0.00021501 2.7556e-05 7.4666e-05 0.00012069 7.4845e-07
0.00021903 2.7175e-05 7.5716e-05 0.00012517 7.3281e-07
0.00022299 2.6786e-05 7.6747e-05 0.00012957 7.1513e-07
0.00022715 2.6413e-05 7.7831e-05 0.00013418 6.9826e-07
0.00023125 2.6033e-05 7.8893e-05 0.00013871 6.7929e-07
0.00023491 2.5666e-05 8.0001e-05 0.00014341 6.6077e-07
0.00023875 2.5316e-05 8.1164e-05 0.00014833 6.4299e-07
0.00024253 2.4957e-05 8.2305e-05 0.00015317 6.2313e-07
0.00024648 2.4612e-05 8.3494e-05 0.0001582 6.0367e-07
0.00025037 2.4258e-05 8.4661e-05 0.00016315 5.8214e-07
0.00025446 2.3921e-05 8.5886e-05 0.00016833 5.6128e-07
0.00025872 2.3595e-05 8.7161e-05 0.0001737 5.4077e-07
0.00026321 2.3285e-05 8.8497e-05 0.00017932 5.2085e-07
0.00026763 2.2968e-05 8.9813e-05 0.00018487 4.9896e-07
0.00027228 2.2665e-05 9.1192e-05 0.00019066 4.7763e-07
0.00027686 2.2354e-05 9.2547e-05 0.00019637 4.5427e-07
0.00028138 2.2035e-05 9.3881e-05 0.000202 4.2894e-07
0.00028612 2.1731e-05 9.528e-05 0.00020789 4.0414e-07
0.00029111 2.1441e-05 9.6745e-05 0.00020775 3.7984e-07
0.00029603 2.1144e-05 9.8189e-05 0.00020756 4.5491e-07
0.00030088 2.0839e-05 9.9608e-05 0.00020734 5.2746e-07
0.00030565 2.0527e-05 0.000101 0.00020706 5.975e-07
0.00031036 2.0207e-05 0.00010238 0.00020674 6.6518e-07
0.00031501 1.988e-05 0.00010373 0.00020638 7.3049e-07
0.00031986 1.9565e-05 0.00010514 0.0002061 7.9755e-07
0.00032492 1.9262e-05 0.0001066 0.0002059 8.6646e-07
0.00032991 1.8951e-05 0.00010804 0.00020566 9.3296e-07
0.00033512 1.8652e-05 0.00010955 0.0002055 1.0014e-06
0.00034025 1.8345e-05 0.00011103 0.0002053 1.0674e-06
0.00034533 1.8032e-05 0.00011248 0.00020505 1.1309e-06
0.00035066 1.7732e-05 0.00011191 0.00020491 1.1971e-06
0.00035626 1.7444e-05 0.00011138 0.00020486 1.2659e-06
0.0003621 1.7168e-05 0.00011089 0.00020489 1.337e-06
0.00036824 1.6903e-05 0.00011044 0.00020501 1.411e-06
0.00037429 1.6631e-05 0.00010998 0.00020509 1.4824e-06
0.00038066 1.6372e-05 0.00010956 0.00020528 1.5572e-06
0.00038749 1.6131e-05 0.00010919 0.00020561 1.6371e-06
0.00039489 1.5909e-05 0.00010688 0.0002061 1.7239e-06
0.00040202 1.5674e-05 0.00010448 0.0002065 1.8054e-06
0.00040977 1.546e-05 0.00010226 0.00020708 1.8944e-06
0.00041742 1.5239e-05 0.00010001 0.00020762 1.9805e-06
0.00042539 1.5027e-05 9.7833e-05 0.00020823 2.0698e-06
0.0004337 1.4823e-05 9.5739e-05 0.00020894 2.1624e-06
0.00044189 1.4613e-05 9.3614e-05 0.00020959 2.2519e-06
0.00045043 1.441e-05 9.1565e-05 0.00021033 2.3449e-06
0.00045932 1.4216e-05 8.959e-05 0.00021116 2.4415e-06
0.00046811 1.4015e-05 8.7589e-05 0.00021194 2.5351e-06
0.00047679 1.3809e-05 8.5562e-05 0.00021268 2.6259e-06
0.0004859 1.3612e-05 8.362e-05 0.00021352 2.7212e-06
0.00049489 1.3409e-05 8.165e-05 0.00021431 2.8134e-06
0.00050425 1.3213e-05 7.975e-05 0.00021519 2.9093e-06
0.00051401 1.3025e-05 7.7918e-05 0.00021616 3.0092e-06
0.00052424 1.2846e-05 7.6164e-05 0.00021724 3.114e-06
0.00053498 1.2676e-05 7.4484e-05 0.00021843 3.224e-06
0.00054557 1.25e-05 7.2778e-05 0.00021957 3.3307e-06
0.00054681 1.2332e-05 7.1145e-05 0.00021556 3.4429e-06
0.00054817 1.2171e-05 6.9571e-05 0.00021172 3.5597e-06
0.00054948 1.2019e-05 6.7972e-05 0.00020807 3.673e-06
0.00055094 1.1876e-05 6.6441e-05 0.0002046 3.7921e-06
0.00055234 1.1726e-05 6.4885e-05 0.00020106 3.9077e-06
0.0005539 1.1584e-05 6.3398e-05 0.0001977 4.0295e-06
0.00055532 1.1458e-05 6.1848e-05 0.00019417 4.1629e-06
0.00055699 1.1346e-05 6.0409e-05 0.00019093 4.3085e-06
0.00055888 1.1222e-05 5.9059e-05 0.00018792 4.2984e-06
0.00056067 1.1109e-05 5.7664e-05 0.0001848 4.2836e-06
0.00056237 1.0987e-05 5.6228e-05 0.00018156 4.2644e-06
0.00056038 1.0876e-05 5.4881e-05 0.00017855 4.2514e-06
0.00055856 1.0774e-05 5.36e-05 0.00017572 4.2428e-06
0.00055692 1.0681e-05 5.2388e-05 0.00017306 4.2391e-06
0.00055543 1.0595e-05 5.1228e-05 0.00017055 4.2393e-06
0.00055407 1.0514e-05 5.0116e-05 0.00016816 4.2429e-06
0.00055283 1.044e-05 4.9045e-05 0.00016587 4.2495e-06
0.00055173 1.0371e-05 4.8022e-05 0.00016372 4.26e-06
0.00055077 1.0309e-05 4.7044e-05 0.00016168 4.2742e-06
0.00054994 1.0254e-05 4.611e-05 0.00015976 4.2922e-06
0.00054906 1.0192e-05 4.5157e-05 0.00015778 4.3073e-06
0.00054832 1.0137e-05 4.4247e-05 0.00015593 4.3263e-06
0.0005477 1.0088e-05 4.3379e-05 0.00015418 4.3491e-06
0.00054722 1.0045e-05 4.2549e-05 0.00015253 4.3759e-06
0.00054669 9.9971e-06 4.1704e-05 0.00015085 4.3999e-06
0.00053842 9.9549e-06 4.0897e-05 0.00014926 4.4279e-06
0.00053055 9.9191e-06 4.0128e-05 0.00014778 4.4599e-06
0.00052305 9.8891e-06 3.9394e-05 0.0001464 4.496e-06
0.00051591 9.8651e-06 3.8694e-05 0.00014511 4.5363e-06
0.00050907 9.8456e-06 3.8023e-05 0.0001439 4.3438e-06
0.00050252 9.8308e-06 3.7378e-05 0.00014277 4.1586e-06
0.00049624 9.8205e-06 3.676e-05 0.00014171 3.9804e-06
0.00048986 9.8047e-06 3.6127e-05 0.00014061 3.7981e-06
0.00048339 9.7833e-06 3.5479e-05 0.00013946 3.6117e-06
0.00047723 9.7678e-06 3.4862e-05 0.0001384 3.4335e-06
0.00047138 9.7581e-06 3.4274e-05 0.00013743 3.2632e-06
0.00046581 9.7542e-06 3.3716e-05 0.00013654 3.1005e-06
0.00046016 9.7448e-06 3.3144e-05 0.00013561 3.204e-06
0.00045479 9.7411e-06 3.26e-05 0.0001346 3.3128e-06
0.00044933 9.732e-06 3.2043e-05 0.00013355 3.4183e-06
0.00044381 9.7176e-06 3.1473e-05 0.00013247 3.5207e-06
0.00043855 9.709e-06 3.093e-05 0.00013146 3.6284e-06
0.00043356 9.7062e-06 3.0415e-05 0.00013054 3.7418e-06
0.00042878 9.7079e-06 2.9921e-05 0.00012969 3.8598e-06
0.0004242 9.7141e-06 2.9448e-05 0.00012891 3.9829e-06
0.00041956 9.7147e-06 2.8961e-05 0.00012808 4.1024e-06
0.00041515 9.7212e-06 2.8499e-05 0.00012733 4.2281e-06
0.00041096 9.7221e-06 2.8062e-05 0.00012666 4.3602e-06
0.00040671 9.7176e-06 2.7611e-05 0.00012595 4.4887e-06
0.00040268 9.7188e-06 2.7184e-05 0.00012532 4.6239e-06
0.00039858 9.7148e-06 2.6745e-05 0.00012465 4.7557e-06
0.00039467 9.7153e-06 2.6325e-05 0.00012404 4.8931e-06
0.00039096 9.7216e-06 2.5927e-05 0.00012351 5.0377e-06
0.0003872 9.7226e-06 2.5517e-05 0.00012294 5.1787e-06
0.00038363 9.7295e-06 2.513e-05 0.00012244 5.3272e-06
0.00038023 9.741e-06 2.476e-05 0.00012201 5.4821e-06
0.00037701 9.7578e-06 2.4409e-05 0.00012164 5.6446e-06
0.00037407 9.7858e-06 2.4092e-05 0.0001214 5.8214e-06
0.00037098 9.804e-06 2.3753e-05 0.00012108 5.9893e-06
0.00036776 9.8322e-06 2.3389e-05 0.00011972 6.1471e-06
0.00036447 9.8546e-06 2.3013e-05 0.00011831 6.3007e-06
0.00036136 9.883e-06 2.2657e-05 0.00011699 6.4625e-06
0.00035842 9.9173e-06 2.232e-05 0.00011576 6.6329e-06
0.00035562 9.9563e-06 2.1999e-05 0.0001146 6.8107e-06
0.00035298 1.0001e-05 2.1696e-05 0.00011351 6.9979e-06
0.0003503 1.0041e-05 2.1382e-05 0.00011239 7.1809e-06
0.00034777 1.0087e-05 2.1087e-05 0.00011135 7.3736e-06
0.00034519 1.0127e-05 2.078e-05 0.00011027 7.5618e-06
0.00034274 1.0172e-05 2.0488e-05 0.00010926 7.4749e-06
0.00034024 1.0211e-05 2.0184e-05 0.0001082 7.3843e-06
0.00033788 1.0256e-05 1.9895e-05 0.00010721 7.2991e-06
0.00033545 1.0294e-05 1.9595e-05 0.00010617 7.2103e-06
0.00033316 1.0338e-05 1.9308e-05 0.0001052 7.1267e-06
0.00033081 1.0376e-05 1.901e-05 0.00010419 7.0396e-06
0.00032842 1.0408e-05 1.8702e-05 0.00010314 6.9491e-06
0.00032618 1.0447e-05 1.8411e-05 0.00010216 6.865e-06
0.00032407 1.0492e-05 1.8136e-05 0.00010126 6.787e-06
0.0003221 1.0543e-05 1.7877e-05 0.00010043 6.715e-06
0.00032023 1.0599e-05 1.763e-05 9.9658e-05 6.6478e-06
0.00031833 1.065e-05 1.7372e-05 9.8847e-05 6.5772e-06
0.00031653 1.0705e-05 1.7127e-05 9.8093e-05 6.5113e-06
0.00031468 1.0755e-05 1.6872e-05 9.7301e-05 6.4419e-06
0.00031296 1.0811e-05 1.6631e-05 9.6576e-05 6.3783e-06
0.00031137 1.0874e-05 1.6404e-05 9.5919e-05 6.3201e-06
0.00030973 1.0932e-05 1.6168e-05 9.5226e-05 6.2589e-06
0.00030806 1.0984e-05 1.5923e-05 9.4497e-05 6.1945e-06
0.00030635 1.103e-05 1.5667e-05 9.3733e-05 6.127e-06
0.00030474 1.1082e-05 1.5423e-05 9.3024e-05 6.064e-06
0.00030309 1.1128e-05 1.5168e-05 9.2276e-05 5.9976e-06
0.0003014 1.1169e-05 1.4925e-05 9.1584e-05 5.9281e-06
0.00029983 1.1216e-05 1.4696e-05 9.0955e-05 5.864e-06
0.00029837 1.127e-05 1.448e-05 9.039e-05 5.8052e-06
0.00029703 1.1331e-05 1.4278e-05 8.9888e-05 5.7515e-06
0.00029579 1.1398e-05 1.4087e-05 8.9446e-05 5.703e-06
0.00029466 1.1472e-05 1.3909e-05 8.9066e-05 5.6593e-06
0.00029361 1.1552e-05 1.3741e-05 8.8734e-05 5.6197e-06
0.00029253 1.1626e-05 1.3563e-05 8.8367e-05 5.5769e-06
0.00029142 1.1694e-05 1.3376e-05 8.7963e-05 5.5309e-06
0.0002904 1.1769e-05 1.32e-05 8.7618e-05 5.4897e-06
0.00028935 1.1838e-05 1.3014e-05 8.7238e-05 5.4453e-06
0.00028826 1.1902e-05 1.2819e-05 8.682e-05 5.3978e-06
0.00028714 1.196e-05 1.2614e-05 8.6369e-05 5.3473e-06
0.00028612 1.2025e-05 1.2422e-05 8.5978e-05 5.3016e-06
0.00028507 1.2084e-05 1.222e-05 8.5551e-05 5.2529e-06
0.00028393 1.2132e-05 1.2e-05 8.5051e-05 5.1976e-06
0.00028269 1.217e-05 1.1761e-05 8.4479e-05 5.136e-06
0.00028161 1.222e-05 1.1543e-05 8.4e-05 5.0822e-06
0.00027645 1.2281e-05 1.1343e-05 8.3612e-05 5.0357e-06
0.00027108 1.233e-05 1.1125e-05 8.3149e-05 4.9829e-06
0.00026606 1.2391e-05 1.0924e-05 8.277e-05 4.9369e-06
0.00026083 1.2464e-05 1.0706e-05 8.232e-05 4.8848e-06
0.00025543 1.2528e-05 1.0471e-05 8.1806e-05 4.8273e-06
0.00025036 1.2602e-05 1.0253e-05 8.1372e-05 4.7762e-06
0.0002451 1.2666e-05 1.0018e-05 8.0869e-05 4.7194e-06
0.00023966 1.2741e-05 9.7676e-06 8.0302e-05 4.657e-06
0.0002345 1.2825e-05 9.5294e-06 7.9799e-05 4.5998e-06
0.00022964 1.2919e-05 9.3062e-06 7.9372e-05 4.5486e-06
0.00022471 1.3008e-05 9.0732e-06 7.8907e-05 4.4943e-06
0.00022001 1.3103e-05 8.8508e-06 7.85e-05 4.4443e-06
0.00021551 1.3205e-05 8.6365e-06 7.8137e-05 4.3979e-06
0.00021093 1.3301e-05 8.4129e-06 7.774e-05 4.3484e-06
0.00020629 1.3391e-05 8.18e-06 7.7307e-05 4.2959e-06
0.00020187 1.3489e-05 7.9574e-06 7.6931e-05 4.2478e-06
0.00019737 1.3581e-05 7.7248e-06 7.6516e-05 4.1964e-06
0.0001931 1.3665e-05 7.5027e-06 7.6159e-05 4.1411e-06
0.00018873 1.3757e-05 7.2693e-06 7.5757e-05 4.0818e-06
0.00018457 1.3857e-05 7.0451e-06 7.5408e-05 4.0268e-06
0.00018031 1.395e-05 6.8102e-06 7.5016e-05 3.968e-06
0.00017628 1.4052e-05 6.5855e-06 7.4682e-05 3.9139e-06
0.00017249 1.4165e-05 6.3738e-06 7.4423e-05 3.8655e-06
0.00016856 1.4267e-05 6.1474e-06 7.4099e-05 3.8118e-06
0.00016496 1.4386e-05 5.9413e-06 7.3877e-05 3.7659e-06
0.00016152 1.4512e-05 5.7421e-06 7.37e-05 3.7234e-06
0.00015802 1.4632e-05 5.5338e-06 7.3488e-05 3.6779e-06
0.00015446 1.4746e-05 5.317e-06 7.3242e-05 3.6295e-06
0.00015112 1.4868e-05 5.0916e-06 7.2962e-05 3.5851e-06
0.00014791 1.4998e-05 4.8723e-06 7.2725e-05 3.5436e-06
0.00014466 1.5122e-05 5.285e-06 7.8762e-05 3.4993e-06
0.00014153 1.5252e-05 5.7095e-06 8.5021e-05 3.4579e-06
0.00013836 1.5377e-05 6.1234e-06 9.1189e-05 3.4137e-06
0.00013514 1.5495e-05 6.5275e-06 9.7276e-05 3.3667e-06
0.00013205 1.5621e-05 6.9437e-06 0.00010359 3.3227e-06
0.00012891 1.574e-05 7.3499e-06 0.00010982 3.2759e-06
0.00012593 1.5869e-05 7.7714e-06 0.00011632 3.2328e-06
0.00012309 1.6007e-05 8.209e-06 0.00012312 3.1931e-06
0.0001202 1.8189e-05 8.6349e-06 0.0001298 3.1505e-06
0.00011743 2.0348e-05 9.075e-06 0.00013675 3.105e-06
0.00011478 2.2573e-05 9.5293e-06 0.00014396 3.0624e-06
0.00011226 2.4878e-05 1.0001e-05 0.00015148 3.0231e-06
0.00010984 2.7161e-05 1.0489e-05 0.0001593 2.9812e-06
0.00010753 2.9513e-05 1.0992e-05 0.0001674 2.9419e-06
0.00010531 3.1938e-05 1.1512e-05 0.00017582 2.9051e-06
0.00010318 3.4437e-05 1.2049e-05 0.00018455 2.8709e-06
0.00010116 3.7025e-05 1.2607e-05 0.00019367 2.8397e-06
9.9245e-05 3.9708e-05 1.3189e-05 0.0002032 2.8116e-06
9.7292e-05 4.2361e-05 1.3757e-05 0.0002126 2.7807e-06
9.5302e-05 4.4987e-05 1.4314e-05 0.00022187 2.7472e-06
9.3275e-05 4.7584e-05 1.4857e-05 0.00023101 2.711e-06
9.135e-05 4.7964e-05 1.5423e-05 0.00024056 2.6778e-06
8.9521e-05 4.8365e-05 1.6014e-05 0.00025054 2.6475e-06
8.7771e-05 4.8785e-05 1.6624e-05 0.0002609 2.6194e-06
8.6516e-05 4.9223e-05 1.7256e-05 0.00027166 2.5936e-06
8.5233e-05 4.9651e-05 1.7875e-05 0.00028227 2.5651e-06
8.3923e-05 5.0071e-05 1.8481e-05 0.00029276 2.5341e-06
8.2675e-05 5.0509e-05 1.9109e-05 0.00030364 2.506e-06
8.1486e-05 5.0966e-05 1.9759e-05 0.00031495 2.48e-06
8.0269e-05 5.1413e-05 2.0396e-05 0.0003261 2.4513e-06
7.9109e-05 5.188e-05 2.1055e-05 0.00033768 2.4248e-06
7.7925e-05 5.2338e-05 2.1701e-05 0.00034912 2.3958e-06
7.6807e-05 5.2819e-05 2.2376e-05 0.00036108 2.3694e-06
7.5754e-05 5.329e-05 2.308e-05 0.00037357 2.3405e-06
7.4762e-05 5.3785e-05 2.3815e-05 0.00038663 2.3141e-06
7.382e-05 5.4301e-05 2.4577e-05 0.00040019 2.2897e-06
7.2927e-05 5.4838e-05 2.5366e-05 0.00041427 2.2673e-06
7.2012e-05 5.5365e-05 2.6141e-05 0.00042819 2.2425e-06
7.1074e-05 5.5883e-05 2.6902e-05 0.00044194 2.2152e-06
7.0113e-05 5.6391e-05 2.7649e-05 0.00045554 2.1855e-06
6.921e-05 5.6924e-05 2.8429e-05 0.00046975 2.1583e-06
6.8362e-05 5.7484e-05 2.9244e-05 0.0004846 2.1335e-06
6.7568e-05 5.807e-05 3.0094e-05 0.00050012 2.1111e-06
6.6818e-05 5.868e-05 3.0977e-05 0.00051624 2.0905e-06
6.6045e-05 5.9279e-05 3.1843e-05 0.00053216 2.0674e-06
6.5348e-05 5.992e-05 3.2767e-05 0.00054912 2.0497e-06
6.4738e-05 6.0612e-05 3.3763e-05 0.00056742 2.0368e-06
6.4079e-05 6.1277e-05 3.472e-05 0.00058509 2.0197e-06
6.3504e-05 6.1997e-05 3.5752e-05 0.00060414 2.0073e-06
6.2999e-05 6.2772e-05 3.6858e-05 0.00060955 1.9986e-06
6.2559e-05 6.3598e-05 3.8036e-05 0.0006154 1.9938e-06
5.9879e-05 6.3273e-05 4.6841e-05 0.00061352 1.9623e-06
5.9429e-05 6.3196e-05 4.8032e-05 0.00061303 1.9581e-06
5.9041e-05 6.315e-05 4.9304e-05 0.00061282 1.9576e-06
5.8605e-05 6.3133e-05 5.0521e-05 0.00061242 1.9608e-06
5.8242e-05 6.3094e-05 5.1834e-05 0.00061233 1.9686e-06
5.7949e-05 6.309e-05 5.3248e-05 0.00061256 1.9809e-06
5.6221e-05 6.3242e-05 6.3798e-05 0.00061619 2.0676e-06
5.5915e-05 6.3236e-05 6.5239e-05 0.00061651 2.0716e-06
5.5664e-05 6.3211e-05 6.6773e-05 0.00061709 2.0792e-06
5.5468e-05 6.3216e-05 6.8407e-05 0.00061794 2.0906e-06
5.5266e-05 6.3218e-05 7.0038e-05 0.00061878 2.1007e-06
5.5057e-05 6.3218e-05 7.1665e-05 0.00061961 2.1093e-06
5.4842e-05 6.3215e-05 7.3289e-05 0.00062042 2.1164e-06
5.4621e-05 6.3209e-05 7.491e-05 0.00062122 2.1222e-06
5.4393e-05 6.3201e-05 7.6527e-05 0.00062202 2.1266e-06
5.4158e-05 6.319e-05 7.8141e-05 0.0006228 2.1295e-06
5.388e-05 6.3157e-05 7.9686e-05 0.00062339 2.1279e-06
5.3657e-05 6.3156e-05 8.1336e-05 0.00062426 2.1301e-06
5.3389e-05 6.3135e-05 8.2916e-05 0.00062495 2.128e-06
5.3187e-05 6.3148e-05 8.4622e-05 0.00062595 2.1307e-06
5.2946e-05 6.3142e-05 8.6264e-05 0.00062679 2.1292e-06
5.2759e-05 6.3174e-05 8.8016e-05 0.0006279 2.1315e-06
5.2534e-05 6.3187e-05 8.9705e-05 0.00062885 2.1296e-06
5.2351e-05 6.3223e-05 9.1482e-05 0.00063002 2.1305e-06
5.2201e-05 6.3278e-05 9.3338e-05 0.00063137 2.1335e-06
5.2032e-05 6.3324e-05 9.5165e-05 0.00063265 2.1341e-06
5.1845e-05 6.3361e-05 9.6964e-05 0.00063386 2.1321e-06
5.1692e-05 6.3418e-05 9.8844e-05 0.00063526 2.1324e-06
5.1521e-05 6.3465e-05 0.0001007 0.00063659 2.1302e-06
5.1331e-05 6.3503e-05 0.00010252 0.00063784 2.1255e-06
5.1124e-05 6.3533e-05 0.00010432 0.00063904 2.1185e-06
5.0945e-05 6.358e-05 0.00010619 0.00064039 2.1131e-06
5.0748e-05 6.3617e-05 0.00010803 0.00064167 2.1053e-06
5.0533e-05 6.3645e-05 0.00010984 0.00064289 2.095e-06
5.0351e-05 6.3693e-05 0.00011174 0.00064429 2.0869e-06
5.0151e-05 6.3732e-05 0.0001136 0.00064562 2.0763e-06
4.9934e-05 6.3763e-05 0.00011544 0.00064689 2.0633e-06
4.9746e-05 6.381e-05 0.00011735 0.00064832 2.0521e-06
4.9539e-05 6.3848e-05 0.00011924 0.00064968 2.0383e-06
4.936e-05 6.3902e-05 0.00012119 0.0006512 2.0263e-06
4.9209e-05 6.3974e-05 0.00012323 0.0006529 2.0159e-06
4.9039e-05 6.4036e-05 0.00012523 0.00065452 2.0031e-06
4.8852e-05 6.4089e-05 0.0001272 0.00065607 1.9877e-06
4.8697e-05 6.4162e-05 0.00012927 0.00065781 1.9746e-06
4.8523e-05 6.4225e-05 0.0001313 0.00065948 1.9588e-06
4.8398e-05 6.4317e-05 0.00013346 0.00066142 1.9465e-06
4.8233e-05 6.4387e-05 0.00013553 0.00066319 1.93e-06
4.805e-05 6.4448e-05 0.00013758 0.00066487 1.9108e-06
4.7848e-05 6.45e-05 0.00013959 0.00066648 2.1743e-06
4.7675e-05 6.4569e-05 0.00014169 0.00066827 2.4474e-06
4.7483e-05 6.4629e-05 0.00014375 0.00066998 2.7156e-06
4.7272e-05 6.4679e-05 0.00014578 0.00067161 2.9788e-06
4.7089e-05 6.4747e-05 0.00014789 0.00067342 3.2518e-06
4.6889e-05 6.4805e-05 0.00014998 0.00067515 3.52e-06
4.8914e-05 6.4843e-05 0.00015198 0.00067671 3.7815e-06
5.1112e-05 6.4917e-05 0.00015415 0.00067862 4.0646e-06
5.326e-05 6.4979e-05 0.00015627 0.00068043 4.3407e-06
5.5359e-05 6.503e-05 0.00015835 0.00068214 4.6102e-06
5.7558e-05 6.51e-05 0.00016052 0.00068405 4.8918e-06
5.9707e-05 6.5157e-05 0.00016265 0.00068586 5.1665e-06
6.1792e-05 6.52e-05 0.00016472 0.00068754 5.433e-06
6.4045e-05 6.5277e-05 0.00016695 0.00068955 5.7195e-06
6.6451e-05 6.5381e-05 0.00016932 0.00069185 6.0244e-06
6.877e-05 6.5467e-05 0.00017162 0.00069399 6.3181e-06
7.1275e-05 6.5588e-05 0.00017409 0.00069647 6.6342e-06
7.398e-05 6.5742e-05 0.00017673 0.00069931 6.974e-06
7.6866e-05 6.5926e-05 0.00017954 0.00070247 7.0246e-06
7.9704e-05 6.6099e-05 0.00018232 0.00070553 7.0717e-06
8.2497e-05 6.6264e-05 0.00018505 0.00070852 7.1154e-06
8.5426e-05 6.6446e-05 0.0001879 0.00071174 7.1648e-06
8.8309e-05 6.6618e-05 0.00019072 0.00071488 7.2107e-06
9.1334e-05 6.6812e-05 0.00019366 0.00071826 7.2624e-06
9.431e-05 6.7027e-05 0.00019656 0.00072155 7.3198e-06
9.7433e-05 6.7263e-05 0.0001996 0.00072508 7.3832e-06
0.00010051 6.749e-05 0.00020259 0.00072853 7.4431e-06
0.00010353 6.7708e-05 0.00020554 0.0007319 7.4996e-06
0.00010671 6.7948e-05 0.00020862 0.00073552 7.5622e-06
0.00010984 6.8179e-05 0.00021167 0.00073905 7.6215e-06
0.00011311 6.8428e-05 0.00021484 0.0007428 7.6858e-06
0.00011633 6.8668e-05 0.00021796 0.00074647 7.7468e-06
0.00011949 6.8899e-05 0.00022105 0.00075005 7.8043e-06
0.00012282 6.9152e-05 0.00022427 0.00075389 7.8679e-06
0.00012631 6.9427e-05 0.00022764 0.00075799 7.9379e-06
0.00012975 6.9693e-05 0.00023096 0.000762 8.0044e-06
0.00013334 6.9979e-05 0.00023441 0.00076624 8.0764e-06
0.00013687 7.0255e-05 0.00023783 0.00077039 8.1449e-06
0.00014035 7.0521e-05 0.00024119 0.00077445 8.2095e-06
0.00014369 7.0773e-05 0.00024443 0.00077828 8.2668e-06
0.00014689 7.1003e-05 0.00024756 0.00078189 8.3169e-06
0.00015038 7.1273e-05 0.00025093 0.00078594 8.3785e-06
0.00015371 7.1519e-05 0.00025424 0.00078976 8.4322e-06
0.0001572 7.1786e-05 0.00025769 0.00079381 8.4915e-06
0.00016063 7.2042e-05 0.00026109 0.00079776 8.5471e-06
0.0001642 7.2317e-05 0.00026462 0.00080195 8.6082e-06
0.00016796 7.2617e-05 0.00026831 0.00080642 8.6758e-06
0.00017191 7.294e-05 0.00027216 0.00081117 8.7501e-06
0.00017604 7.3284e-05 0.00027617 0.00081619 8.8305e-06
0.00018037 7.3654e-05 0.00028036 0.00082151 8.918e-06
0.00018492 7.4048e-05 0.00028473 0.00082715 9.0127e-06
0.00018966 7.4465e-05 0.00028927 0.00083306 9.1135e-06
0.00019434 7.4871e-05 0.00029376 0.00083888 9.2108e-06
0.00019896 7.5268e-05 0.0002982 0.00084459 9.3044e-06
0.00020387 7.5698e-05 0.00030288 0.00085074 9.4081e-06
0.00020857 7.5294e-05 0.0003074 0.00085658 9.5261e-06
0.00021309 7.4864e-05 0.00031176 0.00086214 9.6356e-06
0.00021801 7.4481e-05 0.00031645 0.00086827 9.7598e-06
0.00022274 7.4074e-05 0.00032099 0.00087414 9.8754e-06
0.0002273 7.3652e-05 0.00032538 0.00087975 9.9827e-06
0.00023224 7.3275e-05 0.00033011 0.00087839 1.0105e-05
0.00023698 7.2874e-05 0.00033466 0.00087681 1.0217e-05
0.00024151 7.2518e-05 0.00033904 0.00087502 1.0344e-05
0.00024644 7.2205e-05 0.0003399 0.00087362 1.026e-05
0.00025118 7.1865e-05 0.0003407 0.00087202 1.0167e-05
0.00025573 7.1502e-05 0.00034143 0.00087022 1.0066e-05
0.00026063 7.1176e-05 0.00033984 0.00086876 9.9767e-06
0.00026531 7.0823e-05 0.00033817 0.00086708 9.878e-06
0.00027046 7.0444e-05 0.00033666 0.00086579 9.77e-06
0.00027156 7.0108e-05 0.00033528 0.00086482 9.6738e-06
0.00027261 6.9759e-05 0.00033387 0.00086375 9.5728e-06
0.00027362 6.9399e-05 0.00033242 0.00086259 9.4674e-06
0.0002746 6.9028e-05 0.00033633 0.00086135 9.358e-06
0.00027567 6.8681e-05 0.00034042 0.00086033 9.2563e-06
0.00027671 6.8323e-05 0.00034445 0.00085923 9.1506e-06
0.00027785 6.799e-05 0.00034867 0.00085835 9.0526e-06
0.00027896 6.7647e-05 0.00035284 0.00085739 8.9509e-06
0.00028003 6.7295e-05 0.00035696 0.00085637 8.8455e-06
0.00028121 6.6967e-05 0.00036127 0.00085557 8.123e-06
0.00028248 6.6659e-05 0.00036574 0.00085496 7.4281e-06
0.00028371 6.634e-05 0.00037016 0.00085427 6.7228e-06
0.0002849 6.6013e-05 0.00037453 0.00087556 6.7119e-06
0.00028607 6.5676e-05 0.00037885 0.0008966 6.698e-06
0.00028733 6.5362e-05 0.00038336 0.00091861 6.6893e-06
0.00028856 6.5071e-05 0.00038781 0.00094033 6.6772e-06
0.00028976 6.477e-05 0.0003922 0.00096178 6.6619e-06
0.00029091 6.4459e-05 0.00039654 0.00098296 6.6434e-06
0.00029217 6.4171e-05 0.00040107 0.0010051 6.6299e-06
0.0002934 6.3872e-05 0.00040555 0.001027 6.6132e-06
0.00029473 6.3596e-05 0.00041022 0.0010498 6.6016e-06
0.00029617 6.3341e-05 0.00041511 0.0010737 6.595e-06
0.00029772 6.3077e-05 0.00042021 0.0010987 6.5935e-06
0.00029924 6.2803e-05 0.00042525 0.0011233 6.5888e-06
0.00030072 6.2521e-05 0.00043023 0.0011477 6.5809e-06
0.00030231 6.226e-05 0.00043543 0.0011732 6.5781e-06
0.00030401 6.2018e-05 0.00044083 0.0011997 6.5795e-06
0.00030581 6.1793e-05 0.00044644 0.0012033 6.5851e-06
0.00030756 6.1558e-05 0.00045198 0.0012067 6.5873e-06
0.00030944 6.1344e-05 0.00045776 0.0012105 6.5947e-06
0.00031146 6.1151e-05 0.00046379 0.0012146 6.607e-06
0.0003136 6.0978e-05 0.00047009 0.001219 6.6245e-06
0.00031588 6.0825e-05 0.00047667 0.0012237 6.6471e-06
0.00031831 6.0693e-05 0.00048354 0.0012287 6.675e-06
0.00032068 6.0549e-05 0.0004903 0.0012337 6.699e-06
0.00032292 6.0385e-05 0.00049684 0.0012383 6.7166e-06
0.00032504 6.0252e-05 0.00050314 0.0012426 6.7271e-06
0.00032705 6.1782e-05 0.00050923 0.0012467 6.7312e-06
0.00033397 6.3266e-05 0.00051513 0.0012505 6.7289e-06
0.00034067 6.4712e-05 0.00052085 0.0012541 7.1968e-06
0.00034766 6.6206e-05 0.00052681 0.001258 7.684e-06
0.00035456 6.7682e-05 0.00053268 0.0012618 8.1632e-06
