Ficedula_albicollis Fulmarus_glacialis Galbula_dea Gavia_stellata Geococcyx_californianus
0.00070552 0.0001038 2.5343e-05 1.0001e-05 2.5663e-05
0.00070215 9.9303e-05 2.2492e-05 8.1835e-06 2.4919e-05
0.000699 9.4913e-05 1.9805e-05 6.414e-06 2.4236e-05
0.00069577 9.0478e-05 1.7057e-05 4.6251e-06 2.3531e-05
0.00069279 8.6175e-05 1.4501e-05 2.8947e-06 2.2897e-05
0.00068968 8.1796e-05 1.1842e-05 2.6975e-06 2.2225e-05
0.00068689 7.758e-05 9.4141e-06 2.5074e-06 2.1637e-05
0.00068447 7.3561e-05 7.2493e-06 2.3263e-06 2.1142e-05
0.00068238 6.9429e-05 6.9513e-06 2.135e-06 2.0598e-05
0.00068011 6.5194e-05 6.6242e-06 1.9342e-06 2.0007e-05
0.0006782 6.1159e-05 6.3402e-06 1.7425e-06 1.951e-05
0.00067659 5.7286e-05 6.0892e-06 1.5575e-06 1.9083e-05
0.00067479 5.3307e-05 5.8094e-06 1.3628e-06 1.8613e-05
0.00067282 5.2827e-05 5.4963e-06 1.3839e-06 1.8078e-05
0.0006712 5.2393e-05 5.224e-06 1.4071e-06 1.7648e-05
0.00066319 5.1994e-05 4.9826e-06 1.4318e-06 1.7281e-05
0.00065476 5.156e-05 5.2637e-06 1.4496e-06 1.6874e-05
0.00064701 5.1163e-05 5.2163e-06 1.4689e-06 1.6528e-05
0.00063991 5.08e-05 5.189e-06 1.4896e-06 1.6235e-05
0.00061695 5.048e-05 5.186e-06 1.5126e-06 1.5998e-05
0.00059577 5.0194e-05 5.2045e-06 1.5373e-06 1.5802e-05
0.00057622 4.9872e-05 5.2004e-06 1.5554e-06 1.5583e-05
0.00055583 4.9518e-05 5.1737e-06 1.567e-06 1.5338e-05
0.000537 4.9197e-05 5.1667e-06 1.5802e-06 1.5135e-05
0.00051726 4.8843e-05 5.1349e-06 1.5865e-06 1.4906e-05
0.00049669 4.8458e-05 5.0836e-06 1.5864e-06 1.4651e-05
0.00047794 4.8113e-05 5.0562e-06 1.5887e-06 1.4446e-05
0.00045828 4.7734e-05 5.0064e-06 1.5841e-06 1.4209e-05
0.00043777 4.7318e-05 4.9367e-06 1.573e-06 1.3947e-05
0.00041883 4.6936e-05 4.8868e-06 1.5634e-06 1.3727e-05
0.00040134 4.6588e-05 4.8561e-06 1.5553e-06 1.3546e-05
0.00038542 4.6279e-05 4.8488e-06 1.5496e-06 1.2863e-05
0.00037073 4.6003e-05 4.8604e-06 1.5454e-06 1.227e-05
0.00031726 4.5001e-05 4.9649e-06 1.5161e-06 1.0262e-05
0.00030324 4.4769e-05 4.6497e-06 1.5047e-06 9.6726e-06
0.00028861 4.4508e-05 4.3065e-06 1.4868e-06 9.0357e-06
0.00027335 4.4216e-05 3.9344e-06 1.4626e-06 8.3476e-06
0.00025945 4.3961e-05 3.6057e-06 1.4406e-06 7.7514e-06
0.00024662 4.3738e-05 3.3094e-06 1.4201e-06 7.2336e-06
0.00023494 4.3552e-05 3.0522e-06 1.4017e-06 6.7951e-06
0.00022275 4.3336e-05 2.771e-06 1.377e-06 6.3203e-06
0.00021149 4.315e-05 2.517e-06 1.3536e-06 5.9081e-06
0.00020126 4.3e-05 2.2924e-06 1.3323e-06 5.5596e-06
0.00019182 4.288e-05 2.0895e-06 1.3122e-06 5.2581e-06
0.0001819 4.2728e-05 1.8641e-06 1.2854e-06 4.9269e-06
0.00017104 4.2546e-05 1.6177e-06 1.2523e-06 4.5673e-06
0.00016116 4.2401e-05 1.3977e-06 1.2213e-06 4.2632e-06
0.00015217 4.2291e-05 1.2015e-06 1.1922e-06 4.0067e-06
0.00014386 4.221e-05 1.0222e-06 1.1641e-06 3.7851e-06
0.00013515 4.2158e-05 8.5765e-07 1.137e-06 3.5943e-06
0.0001271 4.2134e-05 7.0629e-07 1.1108e-06 3.4306e-06
0.00011978 4.2145e-05 5.6932e-07 1.0863e-06 3.295e-06
0.00011209 4.2125e-05 4.1611e-07 1.0553e-06 3.1433e-06
0.00010508 4.214e-05 2.762e-07 1.0259e-06 3.0226e-06
9.7729e-05 4.2123e-05 2.8434e-07 9.9005e-07 2.8869e-06
9.103e-05 4.2076e-05 4.502e-07 9.4777e-07 2.7353e-06
8.4022e-05 4.2056e-05 6.2913e-07 9.063e-07 2.6055e-06
7.7738e-05 4.2006e-05 7.9031e-07 8.5841e-07 2.4605e-06
7.1138e-05 4.1924e-05 9.3432e-07 8.0405e-07 2.2992e-06
5.0565e-05 4.1813e-05 1.0629e-06 7.4353e-07 2.1225e-06
3.1561e-05 4.1731e-05 1.2034e-06 6.839e-07 1.9697e-06
2.8659e-05 4.1618e-05 1.3269e-06 7.7652e-07 1.8005e-06
2.5622e-05 4.1475e-05 1.4344e-06 8.6245e-07 1.6156e-06
2.2445e-05 4.1304e-05 1.5269e-06 9.4174e-07 1.414e-06
1.9508e-05 4.1162e-05 1.6304e-06 1.0229e-06 1.2385e-06
1.6435e-05 4.0991e-05 1.7187e-06 1.0974e-06 1.0473e-06
1.3632e-05 4.0855e-05 1.8216e-06 1.1749e-06 4.5363e-07
1.1142e-05 4.069e-05 1.9089e-06 1.2456e-06 3.6663e-07
8.8372e-06 4.0554e-05 2.0084e-06 1.3184e-06 2.902e-07
6.7036e-06 4.0446e-05 2.1212e-06 1.3934e-06 2.2475e-07
4.7272e-06 4.0366e-05 2.2484e-06 1.4709e-06 1.6692e-07
4.4809e-06 4.0314e-05 2.3915e-06 1.5511e-06 1.1565e-07
4.208e-06 4.0231e-05 2.5152e-06 1.6237e-06 1.1821e-07
3.908e-06 4.0117e-05 2.6201e-06 1.6889e-06 1.1745e-07
3.5802e-06 3.9972e-05 2.7064e-06 1.7467e-06 1.1334e-07
3.7868e-06 3.9795e-05 2.7719e-06 1.7971e-06 1.0587e-07
3.9697e-06 3.9588e-05 2.8195e-06 1.8402e-06 1.4227e-07
4.1741e-06 3.9415e-05 2.8841e-06 1.8867e-06 1.8417e-07
4.4014e-06 3.9275e-05 2.9665e-06 1.9366e-06 2.3256e-07
4.6531e-06 3.9168e-05 3.0673e-06 1.9899e-06 2.8851e-07
4.882e-06 3.9035e-05 3.1514e-06 2.0365e-06 3.3872e-07
5.0907e-06 3.8877e-05 3.2207e-06 2.0769e-06 3.8402e-07
5.3203e-06 3.875e-05 3.3059e-06 2.1199e-06 4.3752e-07
5.5317e-06 3.8602e-05 3.3778e-06 2.1571e-06 4.8649e-07
5.7557e-06 3.8471e-05 3.4592e-06 2.1952e-06 5.4011e-07
5.9929e-06 3.8331e-05 3.5348e-06 2.2296e-06 5.921e-07
6.2155e-06 3.8182e-05 3.6043e-06 2.2604e-06 6.4247e-07
6.4242e-06 3.8025e-05 3.668e-06 2.2875e-06 6.9121e-07
6.6428e-06 3.786e-05 3.7256e-06 2.311e-06 7.3832e-07
6.8476e-06 3.7685e-05 3.7774e-06 2.3308e-06 7.838e-07
7.0626e-06 3.7502e-05 3.8231e-06 2.347e-06 8.2766e-07
7.2884e-06 3.7311e-05 3.863e-06 2.3596e-06 8.6989e-07
7.5e-06 3.7111e-05 3.8969e-06 2.3685e-06 9.1049e-07
7.7269e-06 3.6902e-05 3.9248e-06 2.3737e-06 9.4947e-07
7.9379e-06 3.6684e-05 3.9468e-06 2.3754e-06 9.8682e-07
8.1653e-06 3.6458e-05 3.9628e-06 2.3733e-06 1.0225e-06
8.4106e-06 3.6224e-05 3.9729e-06 2.3677e-06 1.0566e-06
8.6769e-06 3.598e-05 3.977e-06 2.3584e-06 1.0891e-06
8.9697e-06 3.5728e-05 3.9752e-06 2.3454e-06 1.1199e-06
9.2933e-06 3.5468e-05 3.9675e-06 2.3288e-06 1.1492e-06
9.589e-06 3.5199e-05 3.9538e-06 2.3086e-06 1.1767e-06
9.8597e-06 3.4921e-05 3.9341e-06 2.2847e-06 1.2027e-06
1.0156e-05 3.4635e-05 3.9085e-06 2.2571e-06 1.227e-06
1.048e-05 3.434e-05 3.877e-06 2.226e-06 1.2498e-06
1.0832e-05 3.4036e-05 3.8395e-06 2.1911e-06 1.2708e-06
1.1158e-05 3.3724e-05 3.796e-06 2.1527e-06 1.2903e-06
1.1458e-05 3.3403e-05 3.7466e-06 2.1106e-06 1.3081e-06
1.1794e-05 3.3073e-05 3.6913e-06 2.0648e-06 1.3243e-06
1.2104e-05 3.2735e-05 3.63e-06 2.0154e-06 1.3389e-06
1.2448e-05 3.2422e-05 3.5839e-06 1.9684e-06 1.361e-06
1.2764e-05 3.2086e-05 3.5225e-06 1.915e-06 1.3774e-06
1.3049e-05 3.1721e-05 3.4431e-06 1.8546e-06 1.387e-06
1.3301e-05 3.1327e-05 3.3447e-06 1.7868e-06 1.3897e-06
1.3519e-05 3.0903e-05 3.2214e-06 1.7114e-06 1.4111e-06
1.3779e-05 3.0511e-05 3.1193e-06 1.6399e-06 1.4428e-06
1.4083e-05 3.0153e-05 3.0375e-06 1.5721e-06 1.4856e-06
1.4354e-05 2.9767e-05 2.9381e-06 1.4973e-06 1.5236e-06
1.4022e-05 2.9413e-05 2.8577e-06 1.426e-06 1.5735e-06
1.3722e-05 2.9079e-05 2.7889e-06 1.3562e-06 1.6324e-06
1.3404e-05 2.873e-05 2.7099e-06 1.2815e-06 1.6871e-06
1.3068e-05 2.8396e-05 2.6388e-06 1.2072e-06 1.7491e-06
1.2715e-05 2.8046e-05 2.5577e-06 1.1281e-06 1.8069e-06
1.2385e-05 2.771e-05 2.484e-06 1.0492e-06 1.8724e-06
1.2078e-05 2.7388e-05 2.4175e-06 9.7061e-07 1.9462e-06
1.1754e-05 2.7052e-05 2.3417e-06 8.8733e-07 2.0157e-06
1.1447e-05 2.6726e-05 2.2708e-06 8.0365e-07 2.0925e-06
1.1124e-05 2.6385e-05 2.1902e-06 7.1519e-07 2.1646e-06
1.0821e-05 2.6057e-05 2.1162e-06 6.2681e-07 2.2459e-06
1.0539e-05 2.5743e-05 2.0484e-06 5.3841e-07 2.3371e-06
1.0271e-05 2.5438e-05 1.9848e-06 4.4939e-07 2.4371e-06
9.9879e-06 2.5118e-05 1.9117e-06 5.1655e-07 2.5319e-06
1.0969e-05 2.4784e-05 1.8295e-06 5.7925e-07 2.6219e-06
1.1993e-05 2.446e-05 1.7514e-06 6.408e-07 2.7211e-06
1.2994e-05 2.4122e-05 1.6643e-06 6.9788e-07 2.8154e-06
1.3972e-05 2.3768e-05 1.5679e-06 7.5047e-07 2.9047e-06
1.5021e-05 2.3435e-05 1.4807e-06 8.0331e-07 3.0095e-06
1.6138e-05 2.3117e-05 1.4003e-06 8.5604e-07 3.1292e-06
1.7211e-05 2.2778e-05 1.3079e-06 9.0338e-07 3.2395e-06
1.837e-05 2.246e-05 1.2243e-06 9.5133e-07 3.3689e-06
1.9472e-05 2.2118e-05 1.1271e-06 9.9336e-07 3.4858e-06
2.052e-05 2.1753e-05 1.0162e-06 1.0295e-06 3.5909e-06
2.1675e-05 2.1357e-05 9.3169e-07 1.0591e-06 3.6744e-06
2.2912e-05 2.0979e-05 8.5269e-07 1.0888e-06 3.7728e-06
2.4216e-05 2.0613e-05 7.7641e-07 1.1179e-06 3.8838e-06
2.5606e-05 2.0262e-05 7.0387e-07 1.147e-06 4.0111e-06
2.6954e-05 1.9894e-05 6.2174e-07 1.171e-06 4.1301e-06
2.8393e-05 1.954e-05 5.4325e-07 1.1951e-06 4.2669e-06
2.9759e-05 1.9207e-05 5.8702e-07 1.2201e-06 4.4284e-06
3.1228e-05 1.889e-05 6.3339e-07 1.2458e-06 4.6136e-06
3.2628e-05 1.8551e-05 6.6884e-07 1.2653e-06 4.7835e-06
3.3963e-05 1.8229e-05 7.0744e-07 1.2857e-06 4.7674e-06
3.5422e-05 1.7927e-05 7.5091e-07 1.3074e-06 4.7679e-06
3.7017e-05 1.7645e-05 7.9974e-07 1.3306e-06 4.7849e-06
3.8764e-05 1.734e-05 8.3654e-07 1.3474e-06 4.785e-06
4.0473e-05 1.702e-05 8.6502e-07 1.3595e-06 4.7798e-06
4.2265e-05 1.6707e-05 8.9382e-07 1.3708e-06 4.7834e-06
4.4019e-05 1.6379e-05 9.1435e-07 1.3775e-06 4.7818e-06
4.5874e-05 1.6062e-05 9.3631e-07 1.3838e-06 4.7906e-06
4.769e-05 1.573e-05 9.4999e-07 1.3854e-06 4.7943e-06
4.9471e-05 1.5384e-05 9.5565e-07 1.3825e-06 4.7933e-06
5.1356e-05 1.5048e-05 9.6278e-07 1.3793e-06 4.8027e-06
5.3201e-05 1.4697e-05 9.6163e-07 1.3714e-06 4.807e-06
5.5011e-05 1.4333e-05 9.5245e-07 1.3589e-06 4.8067e-06
5.691e-05 1.3976e-05 9.4365e-07 1.3456e-06 4.8149e-06
5.8769e-05 1.3604e-05 9.2658e-07 1.3277e-06 4.8181e-06
6.0588e-05 1.3219e-05 9.0122e-07 1.3051e-06 4.8163e-06
6.2518e-05 1.2842e-05 8.7742e-07 1.2822e-06 4.8249e-06
6.4372e-05 1.2447e-05 8.4317e-07 1.2537e-06 4.8251e-06
6.6132e-05 1.3088e-05 7.5589e-07 1.2189e-06 4.7657e-06
6.7788e-05 1.3696e-05 8.4477e-07 1.1773e-06 4.6929e-06
6.9355e-05 1.4273e-05 9.2046e-07 1.1294e-06 4.6076e-06
6.9476e-05 1.4823e-05 1.006e-06 1.0748e-06 4.5442e-06
6.9643e-05 1.5382e-05 1.0942e-06 1.0195e-06 4.4906e-06
6.9784e-05 1.5927e-05 1.1735e-06 9.5957e-07 4.4318e-06
6.9901e-05 1.6457e-05 1.2438e-06 8.9494e-07 4.3676e-06
6.9992e-05 1.6971e-05 1.3053e-06 8.2562e-07 4.298e-06
7.0058e-05 1.7471e-05 1.3579e-06 7.516e-07 4.2231e-06
7.0095e-05 1.7954e-05 1.4014e-06 8.8177e-07 4.1422e-06
7.0109e-05 1.8423e-05 1.4362e-06 1.0069e-06 4.056e-06
7.0099e-05 1.8878e-05 1.4624e-06 1.1272e-06 3.9647e-06
7.0066e-05 1.9318e-05 1.4801e-06 1.2425e-06 3.8681e-06
7.0076e-05 1.9768e-05 1.5e-06 1.3584e-06 3.7817e-06
7.006e-05 2.0202e-05 1.5108e-06 1.4692e-06 3.6895e-06
6.999e-05 2.0611e-05 1.5082e-06 1.5724e-06 3.6162e-06
6.9893e-05 2.1005e-05 1.4966e-06 1.6706e-06 3.5375e-06
6.9849e-05 2.1411e-05 1.4884e-06 1.7699e-06 3.4695e-06
6.9782e-05 2.1802e-05 1.4717e-06 1.8644e-06 3.3968e-06
6.9691e-05 2.218e-05 1.4465e-06 1.9539e-06 3.3194e-06
6.9578e-05 2.2543e-05 1.4128e-06 2.0386e-06 3.2372e-06
6.9516e-05 2.2919e-05 1.3826e-06 2.1246e-06 3.1656e-06
6.9497e-05 2.3305e-05 1.3542e-06 2.2112e-06 3.1023e-06
6.9453e-05 2.3675e-05 1.317e-06 2.2927e-06 3.0341e-06
6.9386e-05 2.4031e-05 1.2714e-06 2.3692e-06 2.9612e-06
6.9372e-05 2.4401e-05 1.2291e-06 2.4472e-06 2.8983e-06
6.9326e-05 2.4753e-05 1.177e-06 2.5196e-06 2.8293e-06
6.9226e-05 2.5079e-05 1.1594e-06 2.5844e-06 2.7498e-06
6.922e-05 2.5428e-05 1.1481e-06 2.653e-06 2.6853e-06
6.9307e-05 2.5807e-05 1.1449e-06 2.7267e-06 2.637e-06
6.9474e-05 2.6211e-05 1.1477e-06 2.8047e-06 2.6014e-06
6.9617e-05 2.6599e-05 1.1422e-06 2.8775e-06 2.5615e-06
6.9812e-05 2.7002e-05 1.1388e-06 2.9521e-06 2.5293e-06
7.006e-05 2.742e-05 1.138e-06 3.0285e-06 2.5047e-06
7.0361e-05 2.7853e-05 1.1393e-06 3.1068e-06 2.4872e-06
7.0637e-05 2.827e-05 1.1321e-06 3.1799e-06 2.4656e-06
7.0887e-05 2.8671e-05 1.1164e-06 3.2478e-06 2.4397e-06
7.1182e-05 2.9085e-05 1.1017e-06 3.3168e-06 2.4198e-06
7.1522e-05 2.951e-05 1.0879e-06 3.387e-06 2.4056e-06
7.1909e-05 2.9948e-05 1.0749e-06 3.4584e-06 2.3971e-06
7.2272e-05 3.0371e-05 1.0538e-06 3.5248e-06 2.3848e-06
7.2609e-05 3.0778e-05 1.0242e-06 3.5859e-06 2.3683e-06
7.2911e-05 3.1165e-05 9.8515e-07 3.641e-06 2.3466e-06
7.3263e-05 3.1567e-05 9.4727e-07 3.6975e-06 2.3309e-06
7.3588e-05 3.1952e-05 9.0101e-07 3.7489e-06 2.3112e-06
7.3888e-05 3.2351e-05 8.5587e-07 3.8017e-06 2.2975e-06
7.4244e-05 3.2768e-05 8.1261e-07 3.857e-06 2.2907e-06
7.4573e-05 3.3167e-05 7.6086e-07 3.9067e-06 2.2796e-06
7.4966e-05 3.3587e-05 7.1152e-07 3.9595e-06 2.2762e-06
7.5284e-05 3.3978e-05 6.5018e-07 4.0039e-06 2.2886e-06
7.5538e-05 3.4337e-05 7.7444e-07 4.0396e-06 2.292e-06
7.5878e-05 3.4725e-05 9.091e-07 4.0802e-06 2.1753e-06
7.6322e-05 3.5148e-05 1.0584e-06 4.1271e-06 2.0786e-06
7.6825e-05 3.4162e-05 1.2151e-06 4.1765e-06 1.992e-06
7.7385e-05 3.3201e-05 1.3788e-06 4.2278e-06 1.9138e-06
7.7916e-05 3.2221e-05 1.532e-06 4.2737e-06 1.8308e-06
7.8509e-05 3.1268e-05 1.6938e-06 4.322e-06 1.7567e-06
7.9166e-05 3.0341e-05 1.8649e-06 4.3729e-06 1.6906e-06
7.9889e-05 2.944e-05 2.0461e-06 4.4263e-06 1.6322e-06
8.0583e-05 2.8521e-05 2.2166e-06 4.4743e-06 1.5695e-06
8.1344e-05 2.7626e-05 2.3978e-06 4.5249e-06 1.5139e-06
8.2163e-05 2.6751e-05 2.5881e-06 4.5773e-06 1.4639e-06
8.3046e-05 2.5896e-05 2.7889e-06 4.6318e-06 1.4194e-06
8.3783e-05 2.5007e-05 3.0125e-06 4.6769e-06 1.366e-06
8.4489e-05 2.4099e-05 3.2236e-06 4.7164e-06 1.3083e-06
8.5163e-05 2.3172e-05 3.4226e-06 4.7503e-06 1.2464e-06
8.5806e-05 2.2271e-05 3.6366e-06 4.7871e-06 1.1913e-06
8.6423e-05 2.1352e-05 3.8393e-06 4.8187e-06 1.1325e-06
8.7107e-05 2.0457e-05 4.057e-06 4.853e-06 1.0799e-06
8.7761e-05 1.9544e-05 4.2625e-06 4.8818e-06 1.0234e-06
8.8473e-05 1.8649e-05 4.4807e-06 4.9124e-06 9.7167e-07
8.9243e-05 1.7772e-05 4.7122e-06 4.9449e-06 9.2438e-07
9.0075e-05 1.6912e-05 4.5094e-06 4.9793e-06 8.8122e-07
9.0876e-05 1.6034e-05 4.2944e-06 5.0082e-06 8.3449e-07
9.1646e-05 1.5139e-05 4.067e-06 5.0317e-06 7.8417e-07
9.2478e-05 1.4261e-05 3.8523e-06 5.057e-06 7.3786e-07
9.3279e-05 1.3366e-05 3.6255e-06 5.0769e-06 6.8803e-07
9.4048e-05 1.2454e-05 3.3864e-06 5.0913e-06 6.3462e-07
9.4893e-05 1.1563e-05 3.1631e-06 5.1087e-06 5.8613e-07
9.5825e-05 1.0695e-05 2.9565e-06 5.1296e-06 5.4267e-07
9.69e-05 9.7968e-06 2.9468e-06 5.1419e-06 5.1302e-07
9.8121e-05 8.9354e-06 2.9529e-06 5.1611e-06 4.8933e-07
9.9257e-05 8.0451e-06 2.9432e-06 5.172e-06 4.607e-07
0.00010032 7.1267e-06 2.9184e-06 5.1749e-06 4.2716e-07
0.00010153 6.2439e-06 2.9087e-06 5.1844e-06 3.9929e-07
0.00010286 5.3871e-06 2.9101e-06 5.1988e-06 3.7523e-07
0.00010411 4.5025e-06 2.8959e-06 5.2048e-06 3.4654e-07
0.00010527 3.5884e-06 2.8657e-06 5.2023e-06 3.1288e-07
0.00010636 3.5519e-06 2.819e-06 5.191e-06 2.7401e-07
0.00010758 3.5171e-06 2.7856e-06 5.1856e-06 2.3997e-07
0.0001087 3.4664e-06 2.7346e-06 5.1709e-06 2.0047e-07
0.00010974 4.0926e-06 2.6657e-06 5.1468e-06 1.5521e-07
0.00011093 4.7439e-06 2.6136e-06 5.1301e-06 1.16e-07
0.00011203 5.3685e-06 2.5438e-06 5.1041e-06 1.2331e-07
0.00011303 6.019e-06 2.4924e-06 5.0856e-06 1.3249e-07
0.00011396 6.6446e-06 2.4249e-06 5.0584e-06 1.3836e-07
0.00011481 7.2455e-06 2.3413e-06 5.0226e-06 1.4006e-07
0.0001156 7.8657e-06 2.2695e-06 4.992e-06 1.4292e-07
0.00011645 8.496e-06 2.2031e-06 4.9636e-06 1.4597e-07
0.00011739 9.1393e-06 2.1431e-06 4.9382e-06 1.4948e-07
0.0001183 9.7675e-06 2.0735e-06 4.9072e-06 1.507e-07
0.00011917 1.0381e-05 1.9943e-06 4.8708e-06 1.4962e-07
0.00012012 1.1007e-05 1.9212e-06 4.8373e-06 1.4899e-07
0.00012104 1.1618e-05 1.8386e-06 4.7982e-06 1.4605e-07
0.00012206 1.2243e-05 1.7622e-06 4.7621e-06 1.4361e-07
0.00012299 1.2892e-05 1.6961e-06 4.7314e-06 1.4248e-07
0.00012407 1.3571e-05 1.642e-06 4.7074e-06 1.4309e-07
0.0001251 1.4228e-05 1.5757e-06 4.6763e-06 1.4086e-07
0.00012624 1.4909e-05 1.5177e-06 4.65e-06 1.3971e-07
0.00012734 1.5569e-05 1.4486e-06 4.617e-06 1.359e-07
0.00012855 1.6253e-05 1.3871e-06 4.5886e-06 1.331e-07
0.0001292 1.6972e-05 1.3365e-06 4.5671e-06 1.3205e-07
0.00013 1.7728e-05 1.296e-06 4.5524e-06 1.3273e-07
0.00013071 1.8451e-05 1.2413e-06 4.5286e-06 1.2998e-07
0.00013138 1.9153e-05 1.1758e-06 4.4983e-06 1.2457e-07
0.00013213 1.9872e-05 1.1137e-06 4.4705e-06 1.1948e-07
0.00013283 2.0572e-05 1.0415e-06 4.4364e-06 1.1186e-07
0.00013362 2.1292e-05 9.7319e-07 4.4053e-06 1.0466e-07
0.00013456 2.205e-05 9.1384e-07 4.3808e-06 9.896e-08
0.00013567 2.2849e-05 8.6259e-07 4.3628e-06 9.4623e-08
0.00013695 2.3691e-05 8.1876e-07 4.3514e-06 9.1543e-08
0.00013842 2.4577e-05 7.8174e-07 4.3465e-06 8.9644e-08
0.00013979 2.543e-05 7.3282e-07 4.3334e-06 8.4768e-08
0.00014106 2.6251e-05 6.7186e-07 4.8512e-06 7.6889e-08
0.00014252 2.7116e-05 6.1764e-07 5.3973e-06 7.0179e-08
0.00014387 2.7945e-05 5.5082e-07 5.9235e-06 6.0346e-08
0.00014547 2.874e-05 4.7195e-07 6.4321e-06 8.0144e-08
0.00014695 2.9504e-05 3.808e-07 6.9234e-06 9.6481e-08
0.00014863 3.0311e-05 2.968e-07 7.4424e-06 1.1519e-07
0.00015052 3.1165e-05 2.1873e-07 7.9907e-06 1.3676e-07
0.00015229 3.1982e-05 2.4795e-07 8.5186e-06 1.5426e-07
0.00015425 3.2838e-05 2.7742e-07 9.0718e-06 1.7414e-07
0.0001561 3.374e-05 2.9884e-07 9.679e-06 1.9015e-07
0.00015806 3.4666e-05 3.1811e-07 1.0303e-05 2.0701e-07
0.00015997 3.5572e-05 3.2996e-07 1.0917e-05 2.2137e-07
0.000162 3.6501e-05 3.3953e-07 1.1547e-05 2.3654e-07
0.00016398 3.7412e-05 3.4182e-07 1.2168e-05 2.4928e-07
0.00016592 3.8305e-05 3.3684e-07 1.278e-05 2.596e-07
0.00016798 3.9221e-05 3.2959e-07 1.3408e-05 2.7078e-07
0.00016999 4.0118e-05 3.1492e-07 1.4027e-05 2.7941e-07
0.00017213 4.1042e-05 2.9859e-07 1.4666e-05 2.8939e-07
0.00017443 4.1996e-05 2.8064e-07 1.5325e-05 3.0089e-07
0.00017667 4.2929e-05 2.5501e-07 1.5974e-05 3.096e-07
0.0001791 4.3901e-05 2.2878e-07 1.665e-05 3.2072e-07
0.00018181 4.4929e-05 2.0332e-07 1.7366e-05 3.3574e-07
0.00018438 4.592e-05 2.8527e-07 1.806e-05 3.4655e-07
0.00018682 4.6873e-05 3.5503e-07 1.8731e-05 3.5319e-07
0.00018954 4.7882e-05 4.3005e-07 1.9441e-05 3.6374e-07
0.00019211 4.8851e-05 4.9324e-07 2.0127e-05 3.6986e-07
0.00019496 4.9876e-05 5.6194e-07 2.0853e-05 3.7988e-07
0.00019812 5.0961e-05 6.3728e-07 2.1622e-05 3.9414e-07
0.00020112 5.2005e-05 7.0043e-07 2.2366e-05 4.0394e-07
0.00020398 5.3008e-05 7.5157e-07 2.3085e-05 4.0931e-07
0.00020714 5.4073e-05 8.0955e-07 2.3848e-05 4.1901e-07
0.00021014 5.5094e-05 8.5479e-07 2.4584e-05 4.2209e-07
0.00021335 5.6155e-05 9.031e-07 2.535e-05 4.2767e-07
0.0002165 5.7194e-05 9.4278e-07 2.6103e-05 4.3043e-07
0.00021983 5.8264e-05 9.8363e-07 2.688e-05 4.3479e-07
0.00022308 5.9311e-05 1.0156e-06 2.7644e-05 4.3624e-07
0.00022655 6.0396e-05 1.0508e-06 2.8437e-05 4.3994e-07
0.00022992 6.1452e-05 1.0759e-06 2.9212e-05 4.4021e-07
0.00023317 6.2479e-05 1.0909e-06 2.9969e-05 4.3703e-07
0.00023673 6.3559e-05 1.1123e-06 3.0767e-05 4.3737e-07
0.00024068 6.4706e-05 1.1415e-06 3.1613e-05 4.4211e-07
0.00024454 6.5827e-05 1.1611e-06 3.2444e-05 4.4375e-07
0.00024863 6.6984e-05 1.1828e-06 3.3303e-05 4.4725e-07
0.00025264 6.8119e-05 1.1959e-06 3.415e-05 4.4797e-07
0.0002569 6.9293e-05 1.2114e-06 3.5026e-05 4.5071e-07
0.00026108 7.0446e-05 1.2177e-06 3.5891e-05 4.508e-07
0.00026548 7.1632e-05 1.2254e-06 3.6782e-05 4.5243e-07
0.00027013 7.2854e-05 1.235e-06 3.7701e-05 4.5579e-07
0.00027511 7.4127e-05 1.2487e-06 3.866e-05 4.4988e-07
0.00027994 7.5364e-05 1.2516e-06 3.9597e-05 4.4025e-07
0.00028517 7.6665e-05 1.2608e-06 4.0582e-05 4.3424e-07
0.00029016 7.8041e-05 1.2557e-06 4.1626e-05 4.1914e-07
0.00029555 7.948e-05 1.2561e-06 4.272e-05 4.0737e-07
0.0003007 8.0871e-05 1.2439e-06 4.3781e-05 3.9115e-07
0.00030561 8.2212e-05 1.2189e-06 4.4808e-05 3.703e-07
0.00031105 8.3637e-05 1.2026e-06 4.5901e-05 3.5421e-07
0.0003162 8.5149e-05 1.1948e-06 4.7062e-05 3.4246e-07
0.00032163 8.6703e-05 1.1885e-06 4.8259e-05 3.3206e-07
0.00032734 8.83e-05 1.1834e-06 4.9492e-05 3.2281e-07
0.00033295 8.9875e-05 1.1701e-06 5.071e-05 3.1104e-07
0.00033892 9.1492e-05 1.1579e-06 5.1966e-05 3.0041e-07
0.00034477 9.3085e-05 1.1373e-06 5.3205e-05 2.8717e-07
0.00035053 9.4654e-05 1.1081e-06 5.4429e-05 2.7134e-07
0.00035658 9.6265e-05 1.0801e-06 5.569e-05 2.5656e-07
0.00036253 9.7854e-05 1.0372e-06 5.6936e-05 2.393e-07
0.00036838 9.9417e-05 9.8573e-07 5.8166e-05 2.1944e-07
0.00037459 0.00010103 9.368e-07 5.9441e-05 2.011e-07
0.00038111 0.0001027 8.8894e-07 6.0755e-05 1.8367e-07
0.00038751 0.00010433 8.3239e-07 6.2052e-05 1.6363e-07
0.0003888 0.00010605 7.8125e-07 6.3416e-05 1.3477e-07
0.00039025 0.00010783 7.3248e-07 6.4833e-05 1.0833e-07
0.00039184 0.00010966 6.8403e-07 6.6294e-05 8.2824e-08
0.00039359 0.00011155 6.3672e-07 6.7806e-05 5.8473e-08
0.00039551 0.00011351 5.9029e-07 6.9372e-05 3.5047e-08
0.0003976 0.00011552 5.4454e-07 7.0993e-05 1.2343e-08
0.00039962 0.00011751 4.9042e-07 7.2592e-05 1.2777e-08
0.00040158 0.00011946 4.2807e-07 7.4171e-05 1.1322e-08
0.00040338 0.00012135 5.114e-07 7.5697e-05 7.6237e-09
0.00040547 0.0001212 5.4678e-07 7.7319e-05 3.2776e-09
0.00040789 0.00012102 5.7132e-07 7.8893e-05 4.7858e-09
0.00041012 0.00012077 8.9624e-07 8.0415e-05 1.879e-08
0.00041269 0.00012059 1.2579e-06 8.0638e-05 3.3767e-08
0.00041519 0.00012039 1.6065e-06 8.085e-05 4.66e-08
0.00041786 0.00012022 1.9721e-06 8.1082e-05 5.9199e-08
0.0004207 0.00012008 1.9671e-06 8.1334e-05 7.165e-08
0.00042348 0.00011992 1.9529e-06 8.1576e-05 8.1893e-08
0.00042643 0.00011979 1.9418e-06 8.1837e-05 9.2021e-08
0.00042932 0.00011964 1.92e-06 8.2088e-05 9.9925e-08
0.00043238 0.00011951 1.9013e-06 8.2358e-05 1.0776e-07
0.00043538 0.00011937 1.8734e-06 8.2618e-05 1.1334e-07
0.00043824 0.00011927 1.8526e-06 8.1667e-05 1.196e-07
0.00044141 0.00011922 1.8406e-06 8.0767e-05 1.2698e-07
0.0004449 0.00011923 1.8375e-06 7.9916e-05 1.3564e-07
0.00044876 0.00011929 1.8436e-06 7.9117e-05 1.4646e-07
0.00045238 0.0001193 1.8344e-06 7.8282e-05 1.5363e-07
0.00045638 0.00011937 1.8345e-06 7.7498e-05 1.6245e-07
0.00046084 0.00011951 1.8465e-06 7.6771e-05 1.7369e-07
0.00046519 0.00011961 1.8479e-06 7.6026e-05 1.8221e-07
0.00046985 0.00011976 1.8553e-06 7.5318e-05 1.9191e-07
0.00047482 0.00011995 1.8674e-06 7.4642e-05 2.0254e-07
0.00048011 0.00012017 1.8842e-06 7.3995e-05 2.1419e-07
0.00048573 0.00012042 1.9056e-06 7.3377e-05 2.2694e-07
0.00049164 0.00012071 1.9301e-06 7.2784e-05 2.4049e-07
0.00049744 0.00012097 1.9455e-06 7.2178e-05 2.5153e-07
0.00050361 0.00012127 1.9657e-06 7.1601e-05 2.6383e-07
0.00050967 0.00012155 1.9771e-06 7.1013e-05 2.737e-07
0.00051605 0.00012187 1.9917e-06 7.0447e-05 2.8447e-07
0.00052232 0.00012216 1.997e-06 6.987e-05 2.9269e-07
0.00052891 0.00012248 2.0058e-06 6.9316e-05 3.0187e-07
0.00053539 0.00012277 2.0053e-06 6.8751e-05 3.0847e-07
0.00054175 0.00012305 1.9955e-06 6.8173e-05 3.1252e-07
0.0005485 0.00012337 1.9907e-06 6.7623e-05 3.1833e-07
0.00055514 0.00012366 1.9766e-06 6.706e-05 3.2157e-07
0.00056217 0.00012399 1.9673e-06 6.6525e-05 3.2625e-07
0.00056909 0.0001243 1.9481e-06 6.5978e-05 3.2843e-07
0.00057636 0.00012464 1.9321e-06 6.5454e-05 3.3165e-07
0.00058407 0.00012501 1.9194e-06 6.4951e-05 3.3592e-07
0.00059217 0.00012541 1.9098e-06 6.4469e-05 3.4125e-07
0.00060069 0.00012585 1.9033e-06 6.4007e-05 3.4768e-07
0.00060907 0.00012626 1.888e-06 6.3536e-05 3.516e-07
0.00061788 0.0001267 1.8758e-06 6.3085e-05 3.5665e-07
0.00062655 0.00012713 1.8544e-06 6.2623e-05 3.5908e-07
0.00063572 0.00012759 1.8375e-06 6.2184e-05 3.6311e-07
0.00064535 0.00012808 1.8236e-06 6.1765e-05 3.6832e-07
0.00065483 0.00012855 1.8006e-06 6.1336e-05 3.7088e-07
0.00066486 0.00012906 1.782e-06 6.093e-05 3.7512e-07
0.00066554 0.00012961 1.7677e-06 6.0546e-05 3.8106e-07
0.00066615 0.00013014 1.7443e-06 6.0151e-05 3.8434e-07
0.00066695 0.0001307 1.7252e-06 5.9779e-05 3.8936e-07
0.00066791 0.0001313 1.7088e-06 5.9425e-05 3.9568e-07
0.0006688 0.00013194 1.6966e-06 5.9093e-05 4.0386e-07
0.00066988 0.00013262 1.6884e-06 5.8782e-05 4.1395e-07
0.00067091 0.00013329 1.6716e-06 5.8462e-05 4.2144e-07
0.00067209 0.00013398 1.6572e-06 5.8159e-05 4.3036e-07
0.00067321 0.00013465 1.634e-06 5.7847e-05 4.3656e-07
0.0006745 0.00013536 1.6132e-06 5.7551e-05 4.4423e-07
0.00067572 0.00013605 1.5834e-06 5.7245e-05 4.4915e-07
0.00067714 0.00013678 1.5576e-06 5.696e-05 4.5618e-07
0.00067883 0.00013757 1.5394e-06 5.6705e-05 4.6677e-07
0.00068077 0.00013841 1.5267e-06 5.6473e-05 4.8039e-07
0.00068258 0.00013922 1.5027e-06 5.6226e-05 4.9014e-07
0.0006847 0.00013997 1.4866e-06 5.5955e-05 5.053e-07
0.00068663 0.00014067 1.456e-06 5.5662e-05 5.1524e-07
0.00068893 0.00014145 1.4356e-06 5.5404e-05 5.3054e-07
0.00069105 0.00014219 1.4018e-06 5.5126e-05 5.4095e-07
0.000693 0.00014287 1.3547e-06 5.4826e-05 5.4662e-07
0.00069481 0.00014351 1.2952e-06 5.4508e-05 5.4797e-07
0.00069694 0.00014423 1.2439e-06 5.4222e-05 5.5375e-07
0.00069893 0.0001449 1.1812e-06 5.3919e-05 5.5555e-07
0.0007008 0.00014554 1.1065e-06 5.3599e-05 5.5316e-07
0.00070293 0.00014623 1.0383e-06 5.3306e-05 5.545e-07
0.00069927 0.00014697 9.7339e-07 5.3034e-05 5.5838e-07
0.00069552 0.00014769 8.993e-07 5.275e-05 5.5916e-07
0.00069206 0.00014845 8.2917e-07 5.2489e-05 5.629e-07
0.00068852 0.0001492 7.502e-07 5.2217e-05 5.6368e-07
0.00068489 0.00014991 6.6233e-07 5.1935e-05 5.6149e-07
0.000667 0.00015069 5.7969e-07 5.1679e-05 5.6298e-07
0.00065008 0.00015152 4.9952e-07 5.1443e-05 5.6712e-07
0.00063275 0.00015231 4.0944e-07 5.1193e-05 5.6764e-07
0.0006149 0.00015306 4.7768e-07 5.0927e-05 5.6417e-07
0.0005965 0.00015378 5.3579e-07 5.0645e-05 5.5667e-07
0.00057743 0.00015445 5.8313e-07 5.0345e-05 5.4464e-07
0.00056 0.00015519 6.3404e-07 5.0073e-05 4.5697e-07
0.00054412 0.00015601 6.9098e-07 4.9835e-05 3.8185e-07
0.00052964 0.00015692 7.5474e-07 4.9629e-05 3.1738e-07
0.00051452 0.00015777 8.0632e-07 4.9403e-05 3.3052e-07
0.00049875 0.00015857 8.4587e-07 4.9157e-05 3.5129e-07
0.0004844 0.00015946 8.9254e-07 4.8944e-05 3.7708e-07
0.00047116 0.00016043 9.4572e-07 4.8759e-05 4.0869e-07
0.00045727 0.00016134 9.8563e-07 4.8552e-05 4.3478e-07
0.00044462 0.00016233 1.0335e-06 4.8378e-05 4.6693e-07
0.00043296 0.0001634 1.0888e-06 4.823e-05 5.0469e-07
0.00042232 0.00016457 1.153e-06 4.8111e-05 5.4984e-07
0.00041244 0.0001658 1.2236e-06 4.8016e-05 6.0132e-07
0.00040325 0.00016711 1.3012e-06 4.682e-05 6.5994e-07
0.00039389 0.0001684 1.3695e-06 4.5608e-05 7.1463e-07
0.00038506 0.00016974 1.4423e-06 4.4438e-05 7.7504e-07
0.00037665 0.00017113 1.5183e-06 4.3302e-05 8.4041e-07
0.0003681 0.00017249 1.5852e-06 4.2151e-05 9.0189e-07
0.00035995 0.0001739 1.6552e-06 4.1033e-05 9.6853e-07
0.00035166 0.00017528 1.7159e-06 3.9899e-05 1.0311e-06
0.00034376 0.00017672 1.7799e-06 3.8798e-05 1.099e-06
0.00033574 0.00017812 1.8351e-06 3.7684e-05 1.1632e-06
0.00032809 0.00017958 1.8937e-06 3.6601e-05 1.2331e-06
0.00032032 0.00018101 1.9431e-06 3.5505e-05 1.2988e-06
0.00031297 0.0001825 1.9978e-06 3.4444e-05 1.3719e-06
0.00030604 0.00018406 2.0583e-06 3.342e-05 1.4533e-06
0.00029885 0.00018556 2.1035e-06 3.2369e-05 1.5273e-06
0.00029212 0.00018714 2.1565e-06 3.1359e-05 1.611e-06
0.00028583 0.00018589 2.2177e-06 3.039e-05 1.5804e-06
0.00027942 0.00018461 2.2689e-06 2.9406e-05 1.5457e-06
0.00027288 0.00018331 2.3099e-06 2.8407e-05 1.5068e-06
0.00026623 0.00018198 2.3413e-06 2.7394e-05 1.464e-06
0.00025994 0.0001807 2.3791e-06 2.6415e-05 1.4274e-06
0.00025355 0.0001794 2.4072e-06 2.5423e-05 1.3869e-06
0.00024705 0.00017808 2.4257e-06 2.4418e-05 1.3425e-06
0.00024091 0.00017681 2.4504e-06 2.3445e-05 1.304e-06
0.00023466 0.00017551 2.4657e-06 2.246e-05 1.2618e-06
0.00022891 0.00017416 2.4928e-06 2.1444e-05 1.2283e-06
0.00022299 0.00017277 2.5077e-06 2.0409e-05 1.1897e-06
0.00021693 0.00017135 2.5118e-06 1.9356e-05 1.1466e-06
0.00021128 0.00017 2.5247e-06 1.8343e-05 1.0891e-06
0.00020548 0.00016861 2.5266e-06 1.7314e-05 1.0266e-06
0.00019955 0.00016719 2.5174e-06 1.6267e-05 9.5902e-07
0.0001941 0.00016571 2.4912e-06 1.6316e-05 8.8366e-07
0.00018848 0.0001642 2.4526e-06 1.6354e-05 8.0196e-07
0.00018327 0.00016276 2.4247e-06 1.6406e-05 7.3051e-07
0.00017842 0.00016142 2.4085e-06 1.6471e-05 6.6891e-07
0.00017348 0.00016004 2.3827e-06 1.6529e-05 6.0343e-07
0.00016846 0.00015864 2.3473e-06 1.658e-05 5.3411e-07
0.0001637 0.0001573 2.3179e-06 1.6639e-05 4.7054e-07
0.00015921 0.000156 2.2944e-06 1.6707e-05 4.1289e-07
0.00015494 0.00015476 2.2749e-06 1.6781e-05 3.5897e-07
0.00015059 0.00015349 2.2607e-06 1.6849e-05 3.0183e-07
0.00014648 0.00015227 2.2521e-06 1.6926e-05 2.49e-07
0.0001426 0.00015111 2.2493e-06 1.7011e-05 2.0012e-07
0.00013899 0.00015001 2.2557e-06 1.7108e-05 1.558e-07
0.00013519 0.00014886 2.2462e-06 1.7196e-05 1.656e-07
0.00013169 0.00014777 2.2471e-06 1.7298e-05 1.7718e-07
0.00012846 0.00014676 2.2583e-06 1.7414e-05 1.9075e-07
0.00012547 0.00014582 2.2784e-06 1.7543e-05 2.0615e-07
0.00012268 0.00014493 2.3064e-06 1.7684e-05 2.2335e-07
0.00012011 0.0001441 2.3451e-06 1.7839e-05 2.4323e-07
0.00011745 0.00014324 2.3714e-06 1.7983e-05 2.5977e-07
0.00011469 0.00014235 2.3854e-06 1.8118e-05 2.7299e-07
0.00011179 0.0001414 2.3831e-06 1.8238e-05 2.9417e-07
0.00010906 0.0001405 2.3879e-06 1.8369e-05 3.1768e-07
0.00010647 0.00013964 2.397e-06 1.8507e-05 3.4281e-07
0.00010383 0.00013875 2.3965e-06 1.8638e-05 3.6515e-07
0.00010114 0.00013785 2.387e-06 1.8763e-05 3.8484e-07
9.8596e-05 0.00013699 2.3833e-06 1.8897e-05 4.0677e-07
9.6005e-05 0.0001361 2.3702e-06 1.9024e-05 4.2587e-07
9.3366e-05 0.0001352 2.3479e-06 1.9144e-05 4.4231e-07
9.0681e-05 0.00013427 2.3166e-06 1.9257e-05 4.5608e-07
8.8146e-05 0.00013339 2.2911e-06 1.938e-05 4.7213e-07
8.5753e-05 0.00013255 2.2714e-06 1.9513e-05 4.906e-07
8.3474e-05 0.00013175 2.2556e-06 1.9654e-05 5.1103e-07
8.1149e-05 0.00013093 2.2304e-06 1.9787e-05 5.2855e-07
7.8776e-05 0.00013008 2.1958e-06 1.9913e-05 5.4318e-07
7.636e-05 0.00012921 2.1521e-06 2.0033e-05 5.5507e-07
7.3899e-05 0.00012832 2.0994e-06 2.0145e-05 5.6423e-07
7.1575e-05 0.00012748 2.0523e-06 2.0268e-05 5.7594e-07
6.9204e-05 0.00012661 1.9957e-06 2.0383e-05 5.8473e-07
6.6788e-05 0.00012572 1.9301e-06 2.0491e-05 5.9075e-07
6.4329e-05 0.00012481 1.8553e-06 2.0592e-05 5.9401e-07
6.1825e-05 0.00012387 1.7715e-06 2.0686e-05 5.9452e-07
5.9459e-05 0.00012298 1.6934e-06 2.0791e-05 5.976e-07
5.7204e-05 0.00012213 1.6189e-06 2.0903e-05 6.0265e-07
5.5053e-05 0.00012131 1.5479e-06 2.1024e-05 6.0969e-07
5.3002e-05 0.00012052 1.48e-06 2.1153e-05 6.1876e-07
5.0909e-05 0.00011972 1.4029e-06 2.1274e-05 6.2492e-07
4.893e-05 0.00011895 1.3303e-06 2.1406e-05 6.3378e-07
4.6913e-05 0.00011816 1.249e-06 2.1531e-05 6.3985e-07
4.5006e-05 0.00011741 1.1718e-06 2.1666e-05 6.4868e-07
4.3205e-05 0.00011671 1.0987e-06 2.1813e-05 6.6043e-07
4.1519e-05 0.00011604 1.0305e-06 2.1972e-05 6.7675e-07
3.9769e-05 0.00011535 9.5111e-07 2.212e-05 6.8889e-07
3.8147e-05 0.00011471 8.7786e-07 2.2284e-05 7.0562e-07
3.6439e-05 0.00011402 1.0227e-06 2.2433e-05 7.1701e-07
3.4813e-05 0.00011337 1.173e-06 2.2592e-05 7.3099e-07
3.3262e-05 0.00011275 1.3289e-06 2.2759e-05 7.4751e-07
3.1782e-05 0.00011216 1.4909e-06 2.2936e-05 7.6665e-07
3.037e-05 0.0001116 1.6597e-06 2.3122e-05 7.8855e-07
2.9022e-05 0.00011107 1.8357e-06 2.3318e-05 8.1333e-07
2.7645e-05 0.00011052 2.0017e-06 2.3507e-05 8.3509e-07
2.6343e-05 0.00011001 2.1778e-06 2.3707e-05 8.6064e-07
2.511e-05 0.00010953 2.3649e-06 2.3919e-05 8.9022e-07
2.3933e-05 0.00010908 2.5613e-06 2.4141e-05 9.2321e-07
2.2727e-05 0.00010861 2.7465e-06 2.4356e-05 9.5282e-07
2.1492e-05 0.00010812 2.9206e-06 2.4562e-05 9.7906e-07
2.0313e-05 0.00010766 3.1044e-06 2.4779e-05 1.0089e-06
1.9107e-05 0.00010717 3.2774e-06 2.4988e-05 1.0354e-06
1.7956e-05 0.00010672 3.4606e-06 2.5208e-05 1.0657e-06
1.6856e-05 0.0001063 3.6551e-06 2.5438e-05 1.0999e-06
1.5804e-05 0.0001059 3.8609e-06 2.568e-05 1.1382e-06
1.4726e-05 0.00010549 4.0549e-06 2.5913e-05 1.1729e-06
1.3695e-05 0.0001051 4.2608e-06 2.6156e-05 1.2118e-06
1.2637e-05 0.0001047 4.4545e-06 2.6392e-05 1.2471e-06
1.1634e-05 0.00010432 4.6641e-06 2.6641e-05 1.2879e-06
1.0697e-05 0.00010399 4.897e-06 2.6909e-05 1.3366e-06
9.7245e-06 0.00010371 5.156e-06 2.7196e-05 1.3942e-06
8.7127e-06 0.0001034 5.3954e-06 2.747e-05 1.4457e-06
7.6408e-06 0.00010304 5.6082e-06 2.7725e-05 1.4886e-06
6.511e-06 0.00010264 5.7968e-06 2.7964e-05 1.5239e-06
5.4581e-06 0.00010229 6.0114e-06 2.8222e-05 1.5681e-06
5.3914e-06 0.00010189 6.2014e-06 2.8464e-05 1.6007e-06
5.3107e-06 0.00010148 6.3779e-06 2.8697e-05 1.6291e-06
5.2159e-06 0.00010105 6.541e-06 2.8921e-05 1.6535e-06
5.1277e-06 0.00010064 6.7186e-06 2.9156e-05 1.6828e-06
5.0262e-06 0.00010021 6.8834e-06 2.9383e-05 1.7083e-06
4.9329e-06 9.9816e-05 7.0659e-06 2.9625e-05 1.7397e-06
4.8454e-06 9.9447e-05 7.2633e-06 2.9877e-05 1.7763e-06
4.7447e-06 9.9059e-05 7.4477e-06 3.0122e-05 1.8089e-06
4.6307e-06 9.8651e-05 7.6191e-06 3.0358e-05 1.8376e-06
4.5057e-06 9.8275e-05 7.8094e-06 3.0608e-05 1.8726e-06
4.3886e-06 9.7932e-05 8.0195e-06 3.0873e-05 1.9143e-06
4.2792e-06 9.762e-05 8.2503e-06 3.1153e-05 1.963e-06
4.1572e-06 9.7289e-05 8.4683e-06 3.1424e-05 2.0078e-06
4.0427e-06 9.6991e-05 8.708e-06 3.1711e-05 2.0601e-06
3.9149e-06 9.6672e-05 8.9333e-06 3.1989e-05 2.1078e-06
3.8051e-06 9.4339e-05 8.7633e-06 3.1709e-05 2.1703e-06
3.6749e-06 9.1939e-05 8.567e-06 3.1411e-05 2.2236e-06
3.5224e-06 8.9462e-05 8.3411e-06 3.1093e-05 2.2671e-06
3.3473e-06 8.6906e-05 8.079e-06 3.0755e-05 2.3011e-06
3.1908e-06 8.4479e-05 7.8584e-06 3.0447e-05 2.3492e-06
3.0137e-06 8.1983e-05 7.6108e-06 3.012e-05 2.3884e-06
2.8626e-06 7.9614e-05 7.4067e-06 2.9821e-05 2.3202e-06
2.7168e-06 7.7309e-05 7.2205e-06 2.9537e-05 2.2602e-06
2.5775e-06 7.5076e-05 7.0543e-06 2.9269e-05 2.209e-06
2.4254e-06 7.2813e-05 6.8747e-06 2.8992e-05 2.1531e-06
2.2767e-06 7.0605e-05 6.7094e-06 2.8726e-05 2.1037e-06
2.1327e-06 6.846e-05 6.5609e-06 2.8475e-05 2.0617e-06
1.9769e-06 6.6289e-05 6.4514e-06 2.8216e-05 2.0158e-06
1.8092e-06 6.4094e-05 6.3306e-06 2.795e-05 1.966e-06
1.6292e-06 6.187e-05 6.1976e-06 2.7675e-05 1.9119e-06
1.4372e-06 5.9621e-05 6.0533e-06 2.7392e-05 1.8539e-06
1.25e-06 5.7436e-05 5.9242e-06 2.7123e-05 1.8032e-06
1.067e-06 5.5311e-05 5.8097e-06 2.6868e-05 1.7595e-06
1.2484e-06 5.3159e-05 5.6834e-06 2.6605e-05 1.7116e-06
1.418e-06 5.0982e-05 5.5458e-06 2.6334e-05 1.66e-06
1.5759e-06 4.8779e-05 5.3967e-06 2.6055e-05 1.6044e-06
1.8446e-06 4.6681e-05 5.2757e-06 2.5801e-05 1.5611e-06
2.1206e-06 4.4634e-05 5.166e-06 2.5559e-05 1.5232e-06
2.383e-06 4.2561e-05 5.0447e-06 2.5308e-05 1.4813e-06
2.6318e-06 4.0461e-05 4.9119e-06 2.5049e-05 1.4356e-06
2.8901e-06 3.8418e-05 4.7923e-06 2.4804e-05 1.3959e-06
3.1593e-06 3.6433e-05 4.686e-06 2.4571e-05 1.3622e-06
3.4488e-06 3.4391e-05 4.6002e-06 2.4323e-05 1.3211e-06
3.7142e-06 3.4583e-05 4.4943e-06 2.4059e-05 1.2724e-06
3.9987e-06 3.48e-05 4.4066e-06 2.3813e-05 1.2323e-06
4.2583e-06 3.4988e-05 4.2986e-06 2.3551e-05 1.1846e-06
4.4935e-06 3.5148e-05 4.17e-06 2.3271e-05 1.129e-06
4.7061e-06 3.5279e-05 4.0199e-06 2.2975e-05 1.0651e-06
4.9376e-06 3.5435e-05 3.8897e-06 2.2699e-05 1.0107e-06
5.1447e-06 3.5562e-05 3.7384e-06 2.2405e-05 9.4823e-07
5.3714e-06 3.5714e-05 3.6068e-06 2.2131e-05 8.9501e-07
5.2209e-06 3.5892e-05 3.4934e-06 2.1877e-05 8.5002e-07
5.0503e-06 3.6046e-05 3.3632e-06 2.161e-05 7.9908e-07
4.8948e-06 3.6222e-05 3.2486e-06 2.1359e-05 7.5511e-07
4.7184e-06 3.6372e-05 3.1166e-06 2.1094e-05 7.0498e-07
4.5632e-06 3.6554e-05 3.0054e-06 2.0851e-05 6.637e-07
4.3859e-06 3.6709e-05 2.9534e-06 2.0593e-05 6.1511e-07
4.2253e-06 3.6889e-05 2.915e-06 2.0354e-05 5.7358e-07
4.0799e-06 3.7096e-05 2.8894e-06 2.0132e-05 5.3808e-07
3.9524e-06 3.7334e-05 2.8794e-06 1.9931e-05 5.0916e-07
3.8034e-06 3.7543e-05 2.8825e-06 2.0625e-05 4.8534e-07
3.6402e-06 3.7734e-05 2.8751e-06 2.1307e-05 4.5828e-07
3.4851e-06 3.7942e-05 2.8749e-06 2.2013e-05 4.3407e-07
3.335e-06 3.8163e-05 2.8802e-06 2.274e-05 4.1186e-07
3.1918e-06 3.84e-05 2.8925e-06 2.3491e-05 3.92e-07
3.0362e-06 3.8623e-05 2.8955e-06 2.4231e-05 3.6946e-07
2.8869e-06 3.8862e-05 2.9055e-06 2.4998e-05 3.4913e-07
2.7437e-06 3.9117e-05 2.9227e-06 2.579e-05 3.3082e-07
2.6059e-06 3.939e-05 2.9472e-06 2.6609e-05 3.1438e-07
2.4732e-06 3.968e-05 2.979e-06 2.6494e-05 2.9966e-07
2.3282e-06 3.9954e-05 3.0009e-06 2.6371e-05 2.823e-07
2.1712e-06 4.0212e-05 3.0133e-06 2.6241e-05 2.624e-07
2.0191e-06 4.0488e-05 3.0336e-06 2.6123e-05 2.4415e-07
1.8546e-06 4.0748e-05 3.0441e-06 2.5997e-05 2.2328e-07
1.6948e-06 4.1025e-05 3.062e-06 2.5883e-05 2.0394e-07
1.5231e-06 4.1287e-05 3.0691e-06 2.5761e-05 1.8212e-07
1.3556e-06 4.1566e-05 3.0837e-06 2.5651e-05 1.6168e-07
1.1917e-06 4.1864e-05 3.1059e-06 2.5553e-05 1.4244e-07
1.0312e-06 4.218e-05 3.136e-06 2.5466e-05 1.2428e-07
8.7722e-07 4.2526e-05 3.1788e-06 2.5395e-05 1.0782e-07
7.108e-07 4.2846e-05 3.2065e-06 2.5311e-05 8.809e-08
5.5136e-07 4.3136e-05 3.2171e-06 2.5212e-05 1.0443e-07
3.9777e-07 4.3457e-05 3.2431e-06 2.5132e-05 1.2256e-07
2.4908e-07 4.3809e-05 3.2835e-06 2.5068e-05 1.4282e-07
2.6356e-07 4.4131e-05 3.3045e-06 2.499e-05 3.0167e-07
2.7485e-07 4.4491e-05 3.3439e-06 2.4933e-05 4.8701e-07
2.7496e-07 4.4824e-05 3.3675e-06 2.4863e-05 6.5923e-07
2.7231e-07 4.5193e-05 3.4077e-06 2.4812e-05 8.5806e-07
2.6601e-07 4.5591e-05 3.4615e-06 2.4777e-05 1.0829e-06
2.4856e-07 4.5961e-05 3.4994e-06 2.4728e-05 1.2919e-06
2.2784e-07 4.6364e-05 3.5528e-06 2.4697e-05 1.5313e-06
1.9525e-07 4.6734e-05 3.5872e-06 2.465e-05 1.7496e-06
1.5937e-07 4.7137e-05 3.6374e-06 2.4621e-05 2.0002e-06
2.3075e-07 4.7506e-05 3.6683e-06 2.4575e-05 2.2285e-06
3.0096e-07 4.7908e-05 3.7151e-06 2.4546e-05 2.4906e-06
3.718e-07 4.8345e-05 3.7782e-06 2.4535e-05 2.7916e-06
4.3058e-07 4.8755e-05 3.8258e-06 2.4511e-05 3.0735e-06
4.8681e-07 4.9189e-05 3.8841e-06 2.4499e-05 3.3854e-06
5.4168e-07 4.9653e-05 3.9562e-06 2.4502e-05 3.7365e-06
5.852e-07 5.0093e-05 4.0149e-06 2.4494e-05 4.0706e-06
6.1744e-07 5.051e-05 4.0602e-06 2.4476e-05 4.3885e-06
6.4832e-07 5.0956e-05 4.1194e-06 2.4473e-05 4.7463e-06
6.7697e-07 5.1426e-05 4.1898e-06 2.4481e-05 5.1423e-06
6.943e-07 5.1874e-05 4.2468e-06 2.4479e-05 5.5196e-06
7.1034e-07 5.2351e-05 4.3179e-06 2.4491e-05 5.9438e-06
7.2646e-07 5.2865e-05 4.416e-06 2.4519e-05 6.4308e-06
7.2943e-07 5.3347e-05 4.4952e-06 2.4534e-05 6.8822e-06
7.1855e-07 5.3793e-05 4.5537e-06 2.4533e-05 7.2953e-06
7.0793e-07 5.4276e-05 4.6313e-06 2.4549e-05 7.7717e-06
6.8336e-07 5.4723e-05 4.6877e-06 2.455e-05 8.207e-06
6.5901e-07 5.5208e-05 4.7635e-06 2.4567e-05 8.7093e-06
6.2074e-07 5.5741e-05 4.7634e-06 2.399e-05 9.3024e-06
5.8407e-07 5.6322e-05 4.7862e-06 2.345e-05 9.4624e-06
5.4865e-07 5.6953e-05 4.8321e-06 2.2943e-05 9.6615e-06
5.1418e-07 5.7635e-05 4.902e-06 2.247e-05 9.905e-06
4.8037e-07 5.8371e-05 4.9967e-06 2.2027e-05 1.0199e-05
4.4561e-07 5.9152e-05 5.1127e-06 2.1609e-05 1.0543e-05
3.9763e-07 5.9891e-05 5.2062e-06 2.1171e-05 1.2882e-05
3.4864e-07 6.0677e-05 5.3217e-06 2.0758e-05 1.557e-05
2.983e-07 6.1511e-05 5.4602e-06 2.0368e-05 1.8656e-05
2.4759e-07 6.2404e-05 5.6294e-06 2.0006e-05 2.233e-05
1.846e-07 6.3258e-05 5.776e-06 1.9626e-05 2.5707e-05
2.3518e-07 6.4068e-05 5.8986e-06 1.9227e-05 2.882e-05
2.8346e-07 6.4928e-05 5.6238e-06 1.8851e-05 3.2387e-05
3.2173e-07 6.5767e-05 5.335e-06 1.8466e-05 3.5853e-05
3.5593e-07 6.6638e-05 5.0668e-06 1.8095e-05 3.9666e-05
3.7998e-07 6.7489e-05 4.7816e-06 1.7716e-05 4.3373e-05
8.5383e-07 6.8319e-05 4.4826e-06 1.7328e-05 4.6979e-05
1.3426e-06 6.9177e-05 4.2003e-06 1.6952e-05 4.7663e-05
1.8473e-06 7.0061e-05 3.9334e-06 1.6587e-05 4.8414e-05
2.3692e-06 7.0974e-05 3.6811e-06 1.6232e-05 4.9235e-05
2.9142e-06 7.1922e-05 3.4458e-06 1.5891e-05 5.0145e-05
3.4383e-06 7.2844e-05 3.1929e-06 1.5541e-05 5.1019e-05
3.9942e-06 7.3812e-05 2.9614e-06 1.5206e-05 5.201e-05
4.588e-06 7.4831e-05 2.7513e-06 1.4889e-05 5.2165e-05
5.2365e-06 7.592e-05 2.5674e-06 1.4594e-05 5.1821e-05
5.8438e-06 7.696e-05 2.3613e-06 1.4283e-05 5.1429e-05
6.5085e-06 7.8071e-05 2.18e-06 1.3993e-05 5.1123e-05
7.2365e-06 7.9256e-05 2.0208e-06 1.3724e-05 5.0895e-05
8.0337e-06 8.0516e-05 1.8813e-06 1.3474e-05 4.9867e-05
8.9069e-06 8.1856e-05 1.7596e-06 1.3243e-05 4.9002e-05
9.8642e-06 8.3279e-05 1.654e-06 1.303e-05 4.8279e-05
1.079e-05 8.4651e-05 1.5325e-06 1.2804e-05 4.7493e-05
1.1807e-05 8.6109e-05 1.4262e-06 1.2596e-05 4.6838e-05
1.2764e-05 8.7655e-05 1.3336e-06 1.2404e-05 4.6297e-05
1.3815e-05 8.9293e-05 1.2533e-06 1.2229e-05 4.5857e-05
1.497e-05 9.1027e-05 1.1843e-06 1.2071e-05 4.5505e-05
1.6238e-05 9.0962e-05 1.1255e-06 1.1927e-05 4.5232e-05
1.7437e-05 9.0859e-05 1.0533e-06 1.1771e-05 4.5069e-05
1.8754e-05 9.0812e-05 9.9085e-07 1.1631e-05 4.4971e-05
1.9009e-05 9.0727e-05 9.1524e-07 1.1479e-05 4.4842e-05
1.9307e-05 9.0688e-05 8.4658e-07 1.1338e-05 4.4781e-05
1.9648e-05 9.0696e-05 7.8417e-07 1.121e-05 4.4137e-05
2.0035e-05 9.0753e-05 7.2739e-07 1.1093e-05 4.2011e-05
2.0481e-05 9.0867e-05 6.7746e-07 1.099e-05 4.0207e-05
2.0884e-05 9.1041e-05 6.3367e-07 1.0901e-05 3.4699e-05
2.1337e-05 9.1262e-05 5.9375e-07 1.0822e-05 2.9901e-05
2.1746e-05 9.1442e-05 5.4178e-07 1.0731e-05 2.4693e-05
2.2117e-05 9.1669e-05 4.9348e-07 1.0652e-05 2.2795e-05
2.2537e-05 9.1943e-05 4.4829e-07 1.0583e-05 2.1142e-05
2.2915e-05 9.2175e-05 3.9155e-07 1.0502e-05 1.9347e-05
2.3353e-05 9.2465e-05 3.3924e-07 1.0434e-05 1.7821e-05
2.3752e-05 9.2717e-05 4.1732e-07 1.0355e-05 1.6178e-05
2.3374e-05 9.293e-05 4.8268e-07 1.0265e-05 1.4409e-05
2.3046e-05 9.319e-05 5.5238e-07 1.0185e-05 1.2868e-05
2.2693e-05 9.3409e-05 6.3318e-07 1.0093e-05 1.1193e-05
2.2386e-05 9.3673e-05 7.1968e-07 1.0011e-05 9.7248e-06
2.2043e-05 9.39e-05 7.9393e-07 9.9191e-06 8.1533e-06
2.1747e-05 9.4176e-05 8.7566e-07 9.837e-06 6.8319e-06
2.1414e-05 9.4413e-05 9.4436e-07 9.7439e-06 6.651e-06
2.1108e-05 9.4679e-05 1.0156e-06 9.6564e-06 6.4892e-06
2.0783e-05 9.4925e-05 1.0781e-06 9.5625e-06 6.3197e-06
2.0486e-05 9.5202e-05 1.1436e-06 9.4744e-06 6.1689e-06
2.0217e-05 9.551e-05 1.2126e-06 9.3919e-06 6.0355e-06
1.9975e-05 9.5849e-05 1.2853e-06 9.315e-06 5.9184e-06
1.9753e-05 9.6215e-05 1.3607e-06 9.2423e-06 5.8141e-06
1.9558e-05 9.6612e-05 1.4407e-06 9.1751e-06 5.7245e-06
1.9344e-05 9.699e-05 1.5116e-06 9.1019e-06 5.6289e-06
1.9157e-05 9.7401e-05 1.5876e-06 9.0343e-06 5.5476e-06
1.8953e-05 9.7793e-05 1.6544e-06 8.9606e-06 5.4605e-06
1.8773e-05 9.8219e-05 1.7267e-06 8.8926e-06 5.3871e-06
1.8578e-05 9.8625e-05 1.79e-06 8.8187e-06 5.3083e-06
1.8366e-05 9.9014e-05 1.8444e-06 8.739e-06 5.2243e-06
1.8173e-05 9.9428e-05 1.904e-06 8.6633e-06 5.151e-06
1.8004e-05 9.9876e-05 1.9691e-06 8.5928e-06 5.09e-06
1.7818e-05 0.0001003 2.0251e-06 8.5164e-06 5.0239e-06
1.7653e-05 0.00010076 2.0856e-06 8.4444e-06 4.9684e-06
1.7468e-05 0.0001012 2.1359e-06 8.3657e-06 4.9065e-06
1.7312e-05 0.00010167 2.1941e-06 8.2935e-06 4.8583e-06
1.7191e-05 0.00010221 2.2673e-06 8.2322e-06 4.8302e-06
1.7036e-05 0.00010271 2.3233e-06 8.1598e-06 4.7895e-06
1.6845e-05 0.00010315 2.36e-06 8.0764e-06 4.736e-06
1.6699e-05 0.00010367 2.4117e-06 8.0038e-06 4.7025e-06
1.6595e-05 0.00010424 2.479e-06 7.942e-06 4.6881e-06
1.6456e-05 0.00010477 2.529e-06 7.8692e-06 4.6549e-06
1.3098e-05 0.00011454 2.7237e-06 6.0455e-06 4.0609e-06
1.2889e-05 0.00011505 2.6967e-06 5.928e-06 4.0337e-06
1.2718e-05 0.00011563 2.6856e-06 5.8203e-06 4.0254e-06
1.1868e-05 0.00011772 2.539e-06 5.3295e-06 3.9423e-06
1.168e-05 0.0001183 2.5084e-06 5.2109e-06 3.9359e-06
1.1527e-05 0.00011895 2.4927e-06 5.1013e-06 3.7629e-06
1.141e-05 0.00011967 2.4918e-06 5.0005e-06 3.6195e-06
1.1326e-05 0.00012047 2.5058e-06 4.9083e-06 3.5021e-06
1.1275e-05 0.00012134 2.5349e-06 4.8243e-06 3.087e-06
1.1251e-05 0.00012228 2.5763e-06 4.7467e-06 2.7255e-06
1.1198e-05 0.00012316 2.6006e-06 4.6594e-06 2.7068e-06
1.1126e-05 0.00012399 2.6078e-06 4.5625e-06 2.6783e-06
1.1081e-05 0.00012489 2.6272e-06 4.4719e-06 2.6617e-06
1.1062e-05 0.00012586 2.6592e-06 4.3875e-06 2.4989e-06
1.1017e-05 0.00012677 2.6752e-06 4.2942e-06 2.3205e-06
1.1003e-05 0.00012775 2.7071e-06 4.2085e-06 2.1704e-06
1.0961e-05 0.00012869 2.7216e-06 4.1134e-06 2.004e-06
1.095e-05 0.0001297 2.752e-06 4.0257e-06 1.8639e-06
1.0971e-05 0.0001308 2.7989e-06 3.9453e-06 1.7466e-06
1.0964e-05 0.00013185 2.8281e-06 3.8557e-06 1.6156e-06
1.0927e-05 0.00013284 2.8399e-06 3.7569e-06 1.4702e-06
1.0921e-05 0.00013391 2.8675e-06 3.6651e-06 1.3472e-06
1.0946e-05 0.00013506 2.9113e-06 3.5798e-06 1.2431e-06
1.1002e-05 0.00013631 2.9718e-06 3.501e-06 1.1555e-06
1.1084e-05 0.00013763 3.0483e-06 3.4271e-06 1.0379e-06
1.1194e-05 0.00013903 3.1403e-06 3.358e-06 9.3578e-07
1.1331e-05 0.00014052 3.2488e-06 3.2936e-06 8.4729e-07
1.1441e-05 0.00014195 3.3392e-06 3.2211e-06 7.4935e-07
1.1585e-05 0.00014348 3.4506e-06 3.1545e-06 6.6638e-07
1.1765e-05 0.00014511 3.5845e-06 3.0936e-06 5.9626e-07
1.1391e-05 0.00014668 3.6936e-06 3.0243e-06 5.1734e-07
1.1053e-05 0.00014833 3.8216e-06 2.9592e-06 4.4844e-07
1.0757e-05 0.0001501 3.9744e-06 2.8995e-06 3.8989e-07
1.0493e-05 0.00015196 4.1493e-06 2.8438e-06 1.9426e-07
1.0197e-05 0.00015376 4.2907e-06 2.7804e-06 1.6782e-07
9.939e-06 0.00015568 4.4592e-06 2.7221e-06 1.4521e-07
9.6516e-06 0.00015753 4.6065e-06 2.6562e-06 1.1851e-07
9.3945e-06 0.00015948 4.7767e-06 2.594e-06 9.4533e-08
9.1719e-06 0.00016155 4.977e-06 2.5366e-06 7.3452e-08
8.9214e-06 0.00016373 5.2046e-06 2.4827e-06 5.421e-08
8.7049e-06 0.00016604 5.4683e-06 2.4333e-06 3.6943e-08
8.4584e-06 0.00016827 5.704e-06 2.376e-06 4.3138e-08
8.2438e-06 0.00017043 5.9156e-06 2.3115e-06 4.6737e-08
8.0546e-06 0.00017271 6.1569e-06 2.2503e-06 5.0438e-08
7.8892e-06 0.0001751 6.4303e-06 2.1922e-06 5.4307e-08
7.7006e-06 0.00017742 6.6798e-06 2.1273e-06 5.5619e-08
7.54e-06 0.00017988 6.969e-06 2.0664e-06 5.7407e-08
7.4068e-06 0.00018249 7.3029e-06 2.0096e-06 5.9768e-08
6.6323e-06 0.00018523 7.6782e-06 1.9555e-06 6.2428e-08
5.9145e-06 0.0001881 8.0989e-06 1.9042e-06 6.5994e-08
5.2585e-06 0.00019088 8.486e-06 1.8457e-06 6.6773e-08
4.6499e-06 0.00019383 8.9299e-06 1.791e-06 6.8499e-08
4.0929e-06 0.00019695 9.4371e-06 1.7397e-06 7.1018e-08
3.501e-06 0.00019997 9.9022e-06 1.681e-06 7.0573e-08
2.9583e-06 0.00020314 1.0423e-05 1.6247e-06 7.0578e-08
2.4523e-06 0.00020645 1.1005e-05 1.5707e-06 7.1021e-08
1.9798e-06 0.00020993 1.1654e-05 1.5188e-06 7.1908e-08
1.538e-06 0.0002136 1.2392e-05 1.4698e-06 7.3633e-08
1.4114e-06 0.00021747 1.3228e-05 1.4236e-06 7.6243e-08
1.2665e-06 0.00022122 1.4004e-05 1.3704e-06 7.5844e-08
1.129e-06 0.00022515 1.4867e-05 1.3189e-06 7.5951e-08
9.9807e-07 0.00022926 1.5825e-05 1.269e-06 7.6537e-08
8.5079e-07 0.00023327 1.6724e-05 1.2127e-06 7.4305e-08
6.8665e-07 0.00023746 1.7724e-05 1.1579e-06 7.7817e-08
5.3182e-07 0.00024188 1.7909e-05 1.1061e-06 8.2871e-08
3.826e-07 0.00024651 1.8139e-05 1.0556e-06 8.8659e-08
4.1845e-07 0.00025102 1.8336e-05 9.9877e-07 9.1467e-08
4.4191e-07 0.00025541 1.85e-05 1.131e-06 9.1312e-08
4.6373e-07 0.00025999 1.8709e-05 1.2673e-06 9.1841e-08
4.7275e-07 0.00026445 1.8882e-05 1.3953e-06 8.9284e-08
4.6932e-07 0.00026916 1.9111e-05 1.5289e-06 8.7863e-08
4.6563e-07 0.00027412 1.94e-05 1.6687e-06 8.7542e-08
4.6164e-07 0.00027935 1.9754e-05 1.8149e-06 8.8312e-08
4.573e-07 0.00028485 2.0177e-05 1.9682e-06 9.0192e-08
4.4007e-07 0.00029021 2.0553e-05 2.1123e-06 8.8952e-08
4.1041e-07 0.00029543 2.0889e-05 2.248e-06 1.2444e-07
3.7932e-07 0.00030088 2.1283e-05 2.3891e-06 1.6414e-07
3.4836e-07 0.00030621 2.1636e-05 2.5218e-06 1.9896e-07
3.0553e-07 0.00031141 2.1955e-05 2.6465e-06 2.2944e-07
2.6135e-07 0.00031687 2.2337e-05 2.7774e-06 2.6462e-07
3.6656e-07 0.00032222 2.2682e-05 2.9004e-06 2.9529e-07
4.7454e-07 0.00032782 2.3094e-05 3.0298e-06 3.3115e-07
5.7172e-07 0.00033337 2.3486e-05 3.1536e-06 3.6399e-07
6.678e-07 0.0003391 2.3919e-05 3.2804e-06 3.9977e-07
7.6308e-07 0.000345 2.4396e-05 3.4102e-06 4.3881e-07
8.5783e-07 0.00035108 2.3894e-05 3.5431e-06 4.8144e-07
9.4165e-07 0.00035711 2.3373e-05 3.6705e-06 5.2086e-07
1.0834e-06 0.00045222 1.4041e-05 5.1913e-06 9.0386e-07
1.0277e-06 0.00045833 1.3462e-05 5.2628e-06 9.1918e-07
9.7113e-07 0.00046463 1.2925e-05 5.3377e-06 9.3832e-07
9.0403e-07 0.00047088 1.2371e-05 5.4072e-06 9.6306e-07
8.2635e-07 0.00047708 1.1799e-05 5.4713e-06 9.8468e-07
7.4781e-07 0.00048347 1.1268e-05 5.5389e-06 1.0105e-06
6.6817e-07 0.00049006 1.0775e-05 5.6099e-06 1.0407e-06
5.8721e-07 0.00049686 1.0318e-05 5.6844e-06 1.0757e-06
4.956e-07 0.00050359 9.8437e-06 5.7533e-06 1.1071e-06
6.4049e-07 0.00051025 9.3484e-06 5.816e-06 1.1346e-06
7.8616e-07 0.0005171 8.8867e-06 5.8821e-06 1.1667e-06
9.3312e-07 0.00052417 8.4568e-06 5.9516e-06 1.2036e-06
1.0819e-06 0.00053146 8.057e-06 6.0247e-06 1.2458e-06
1.2185e-06 0.00053866 7.6391e-06 6.0917e-06 1.2839e-06
1.3571e-06 0.00054608 7.2497e-06 6.1623e-06 1.3274e-06
1.48e-06 0.00055335 6.8295e-06 6.2244e-06 1.3645e-06
1.5878e-06 0.00056048 6.3815e-06 6.2785e-06 1.3956e-06
1.704e-06 0.00056796 5.9828e-06 6.3404e-06 1.4364e-06
1.8281e-06 0.00057578 5.6282e-06 6.4097e-06 1.487e-06
1.9336e-06 0.0005834 5.3423e-06 6.4687e-06 1.529e-06
2.0444e-06 0.00059129 5.0818e-06 6.5332e-06 1.5786e-06
2.1633e-06 0.00059954 4.8492e-06 6.6047e-06 1.5199e-06
2.2863e-06 0.00060805 4.6344e-06 6.6806e-06 1.4682e-06
2.4137e-06 0.00061682 4.4359e-06 6.7608e-06 1.423e-06
2.5458e-06 0.00062587 4.2526e-06 6.8453e-06 1.3838e-06
2.6655e-06 0.00063484 4.0573e-06 6.9239e-06 1.3408e-06
2.773e-06 0.00064373 3.85e-06 6.9967e-06 1.294e-06
2.8852e-06 0.00065289 3.6573e-06 7.0739e-06 1.253e-06
2.9855e-06 0.00066234 3.4783e-06 7.1555e-06 1.2174e-06
3.0907e-06 0.00067208 3.312e-06 7.2415e-06 1.1869e-06
3.1835e-06 0.00068173 3.1344e-06 7.3217e-06 1.1529e-06
3.2815e-06 0.00069168 2.9689e-06 7.4065e-06 1.1238e-06
3.383e-06 0.00070189 2.8123e-06 7.4947e-06 1.0984e-06
3.4881e-06 0.00071237 2.664e-06 7.5865e-06 1.0766e-06
3.5812e-06 0.00072277 2.5055e-06 7.6726e-06 1.0516e-06
3.6801e-06 0.00073348 2.3572e-06 7.7635e-06 1.031e-06
3.7663e-06 0.00074411 2.1983e-06 9.3755e-06 1.0069e-06
3.8401e-06 0.00075465 2.0292e-06 1.0971e-05 9.7972e-07
3.9178e-06 0.00076547 1.8678e-06 1.2611e-05 9.5593e-07
3.9822e-06 0.00077618 1.6951e-06 1.423e-05 9.2851e-07
4.0338e-06 0.0007868 1.5117e-06 1.5831e-05 8.9772e-07
4.0727e-06 0.00079733 1.3177e-06 1.7415e-05 8.6354e-07
4.1177e-06 0.00080818 1.1335e-06 1.905e-05 8.3359e-07
4.1689e-06 0.00081936 9.5818e-07 2.0738e-05 8.0762e-07
4.2073e-06 0.00083045 7.7264e-07 2.2407e-05 7.7838e-07
4.233e-06 0.00084188 5.9539e-07 2.4132e-05 7.5295e-07
4.2629e-06 0.00085361 4.2367e-07 2.5904e-05 7.3034e-07
4.2968e-06 0.00086565 2.5685e-07 2.7727e-05 7.1041e-07
4.3186e-06 0.00087759 2.7676e-07 2.9531e-05 6.8754e-07
4.328e-06 0.00088945 2.8948e-07 3.1318e-05 6.6172e-07
4.3439e-06 0.00090167 3.003e-07 3.3164e-05 6.3922e-07
4.3662e-06 0.00091427 3.0933e-07 3.5072e-05 6.199e-07
4.395e-06 0.00092726 3.1656e-07 3.7044e-05 6.0352e-07
4.4282e-06 0.00094059 3.2141e-07 3.9072e-05 5.8931e-07
4.4658e-06 0.0009538 3.1886e-07 4.1077e-05 5.7214e-07
4.4909e-06 0.00096692 3.0902e-07 4.3063e-05 5.5212e-07
4.5031e-06 0.00097992 2.9176e-07 4.5027e-05 5.2911e-07
4.5024e-06 0.0009928 2.6706e-07 4.6969e-05 5.0305e-07
4.5082e-06 0.0010061 2.406e-07 4.8977e-05 4.7985e-07
4.5012e-06 0.0010193 3.8175e-07 5.0963e-05 4.5369e-07
4.4987e-06 0.0010328 5.2628e-07 5.3006e-05 4.2961e-07
4.4839e-06 0.0010462 6.6189e-07 5.5029e-05 4.0277e-07
4.4562e-06 0.0010595 7.8825e-07 5.703e-05 3.7301e-07
4.4329e-06 0.0010731 9.1817e-07 5.9089e-05 3.4524e-07
4.3968e-06 0.0010867 1.0387e-06 6.1126e-05 4.1557e-07
4.3673e-06 0.0011006 1.1649e-06 6.3232e-05 4.9198e-07
4.3421e-06 0.001115 1.2955e-06 6.5399e-05 5.7393e-07
4.304e-06 0.0011291 1.4164e-06 6.7543e-05 6.5169e-07
4.2705e-06 0.0011437 1.5421e-06 6.975e-05 7.3545e-07
5.2687e-06 0.0011582 1.6573e-06 7.1928e-05 8.1439e-07
6.2396e-06 0.0011724 1.7621e-06 7.4079e-05 8.8866e-07
7.1774e-06 0.0011865 1.8552e-06 7.6193e-05 9.574e-07
8.1638e-06 0.001201 1.9548e-06 7.8381e-05 1.0332e-06
9.1277e-06 0.0012155 2.0451e-06 8.0547e-05 1.1051e-06
1.0133e-05 0.0012303 2.1403e-06 8.2778e-05 1.1831e-06
1.1115e-05 0.0012449 2.2261e-06 8.4986e-05 1.2571e-06
1.2149e-05 0.0012601 2.319e-06 8.7271e-05 1.339e-06
1.3159e-05 0.0012751 2.4025e-06 8.9534e-05 1.4168e-06
1.4224e-05 0.0012762 2.4934e-06 9.1876e-05 1.3694e-06
1.5262e-05 0.0012773 2.5743e-06 9.4192e-05 1.318e-06
1.6357e-05 0.0012785 2.6629e-06 9.6589e-05 1.2727e-06
1.7503e-05 0.0012798 2.4109e-06 9.9059e-05 1.2323e-06
1.8712e-05 0.0012813 2.1737e-06 0.00010161 1.1972e-06
1.9892e-05 0.0012827 1.9247e-06 0.00010414 1.1586e-06
2.1128e-05 0.0012842 1.6868e-06 0.00010675 1.1241e-06
2.242e-05 0.0012859 1.4593e-06 0.00010943 1.0935e-06
2.3773e-05 0.0012877 1.2412e-06 0.00011218 1.0667e-06
2.5097e-05 0.0012894 1.0126e-06 0.00011492 1.0367e-06
2.6394e-05 0.0012911 7.7344e-07 0.00011763 1.0119e-06
2.7752e-05 0.001293 5.4341e-07 0.00012041 9.9044e-07
2.9174e-05 0.0012949 3.2175e-07 0.00012329 9.7231e-07
3.0564e-05 0.0012968 3.3296e-07 0.00012613 9.5081e-07
3.2037e-05 0.0012989 3.428e-07 0.00012907 9.3356e-07
3.3588e-05 0.0013011 3.5087e-07 0.00013211 9.1984e-07
3.5099e-05 0.0013032 3.5113e-07 0.00013511 9.0248e-07
3.6702e-05 0.0013055 3.5019e-07 0.00013822 8.8924e-07
3.839e-05 0.0013079 3.474e-07 0.00014144 8.7923e-07
4.0167e-05 0.0013103 3.3695e-07 0.00014461 8.6582e-07
4.204e-05 0.0013128 3.2469e-07 0.00014789 8.5566e-07
4.4039e-05 0.0013067 3.1155e-07 0.00015131 8.4977e-07
4.6169e-05 0.0013009 2.9736e-07 0.00015486 8.4799e-07
4.8443e-05 0.0012953 2.8211e-07 0.00015856 8.504e-07
5.093e-05 0.0012896 2.5707e-07 0.00016216 8.4711e-07
5.3611e-05 0.0012841 2.3177e-07 0.00016594 8.4901e-07
5.6502e-05 0.0012789 2.0593e-07 0.0001699 8.5731e-07
5.9616e-05 0.001274 1.7924e-07 0.00017404 8.7085e-07
6.2668e-05 0.001269 1.4519e-07 0.00017814 8.811e-07
6.587e-05 0.0012642 1.084e-07 0.00018237 8.9431e-07
6.9011e-05 0.0012593 1.6568e-07 0.00018654 9.042e-07
7.2097e-05 0.0012544 2.1553e-07 0.00019068 9.1102e-07
7.5129e-05 0.0012494 2.5794e-07 0.00019479 9.1474e-07
7.8356e-05 0.0012447 2.9974e-07 0.00019905 9.2282e-07
8.147e-05 0.0012398 3.3176e-07 0.00020322 1.1622e-06
8.4522e-05 0.0012348 3.5616e-07 0.00020736 1.3931e-06
8.773e-05 0.00123 3.788e-07 0.00021162 1.6433e-06
9.0876e-05 0.0012252 3.9381e-07 0.00021584 1.8846e-06
9.4205e-05 0.0012205 4.0772e-07 0.0002202 2.1504e-06
9.7727e-05 0.0012161 4.2054e-07 0.00022063 2.442e-06
0.00010142 0.0012117 4.3161e-07 0.00022109 2.7576e-06
0.00010533 0.0012076 4.4174e-07 0.00022159 3.1042e-06
0.00010945 0.0011833 4.5071e-07 0.00022213 3.1459e-06
0.00011349 0.0011588 4.5198e-07 0.00022266 3.1829e-06
0.00011777 0.0011351 4.5238e-07 0.00022323 3.2288e-06
0.00012198 0.0011119 4.5116e-07 0.00022384 3.076e-06
0.00012643 0.0010894 4.4901e-07 0.0002245 2.9383e-06
0.00013114 0.0010676 4.4592e-07 0.0002252 2.8143e-06
0.00013576 0.0010455 4.3522e-07 0.00022588 2.6845e-06
0.00014031 0.0010234 4.169e-07 0.00022655 2.5486e-06
0.00014477 0.001001 3.9087e-07 0.0002272 2.4063e-06
0.000149 0.00098216 3.858e-07 0.00022777 2.2482e-06
0.00015303 0.00096276 3.7056e-07 0.00022831 2.0814e-06
0.00015733 0.00094399 3.5462e-07 0.00022889 1.932e-06
0.00016154 0.0009258 3.3749e-07 0.00022953 1.7969e-06
0.00016596 0.00090806 3.1823e-07 0.0002302 1.6724e-06
0.00017064 0.00089085 2.9742e-07 0.00023091 1.5594e-06
0.00017554 0.00087406 2.7432e-07 0.00023167 1.4554e-06
0.00018069 0.0008577 2.4884e-07 0.00023247 1.3594e-06
0.00018609 0.00084175 2.209e-07 0.0002333 1.2711e-06
0.00019141 0.00082678 3.4901e-07 0.00023411 1.1784e-06
0.00019703 0.00081224 4.8118e-07 0.00023497 1.0942e-06
0.00020298 0.00079813 6.1805e-07 0.00023587 1.0179e-06
0.00020927 0.00078444 7.603e-07 0.00023683 9.4863e-07
0.00021586 0.00077109 9.0684e-07 0.00023783 8.8477e-07
0.00022278 0.00075809 1.0582e-06 0.00023887 8.2586e-07
0.0002296 0.00074498 1.2002e-06 0.0002399 7.6339e-07
0.00023631 0.00073178 1.333e-06 0.00024091 6.9732e-07
0.00024335 0.00071891 1.4708e-06 0.00024197 6.3603e-07
0.00024406 0.00070642 1.6161e-06 0.00024059 5.8009e-07
0.00024473 0.00069382 1.7514e-06 0.00023919 5.2054e-07
0.00024551 0.0006816 1.8947e-06 0.00023786 4.6597e-07
0.00024641 0.00066973 2.0468e-06 0.00023658 4.1589e-07
0.00024726 0.00065777 2.1885e-06 0.00023528 4.674e-07
0.00024822 0.00064615 2.3395e-06 0.00023404 5.2353e-07
0.00024929 0.00063483 2.4982e-06 0.00023285 5.8377e-07
0.00025046 0.0006238 2.6651e-06 0.0002317 6.4852e-07
0.00025175 0.00061309 2.8434e-06 0.00023061 7.1934e-07
0.00025315 0.00060266 3.0313e-06 0.00022957 7.9562e-07
0.00025451 0.00059213 3.2078e-06 0.00022851 8.6782e-07
0.00025582 0.00058151 3.3731e-06 0.00022742 9.3598e-07
0.00025726 0.00057121 3.551e-06 0.0002264 1.0111e-06
0.00025883 0.00056121 3.7423e-06 0.00022542 1.0937e-06
0.00026036 0.00055113 3.9227e-06 0.00022442 1.1723e-06
0.00026201 0.00054131 4.1142e-06 0.00022347 1.2576e-06
0.00026361 0.00053141 4.2945e-06 0.00022251 1.3387e-06
0.00026535 0.00052181 4.4895e-06 0.00022159 1.4283e-06
0.00026705 0.00051213 4.6733e-06 0.00022066 1.5137e-06
0.00026887 0.00050269 4.8692e-06 0.00021977 1.6067e-06
0.00027084 0.00049354 5.0814e-06 0.00021893 1.7094e-06
0.00026893 0.00048462 5.3075e-06 0.00021813 1.8212e-06
0.00026698 0.00047561 5.5209e-06 0.00021731 1.9277e-06
0.00026497 0.00046653 5.7219e-06 0.00021648 2.0292e-06
0.00026256 0.00044212 5.9581e-06 0.0002135 2.1139e-06
0.00025998 0.00041709 7.7686e-06 0.00021042 2.1875e-06
0.00025764 0.00039302 9.7545e-06 0.00020749 2.2746e-06
0.0002552 0.00036862 1.2251e-05 0.0002045 2.3541e-06
0.00025291 0.00034482 1.4901e-05 0.0002016 2.4421e-06
0.00025057 0.00032087 1.7499e-05 0.00019868 2.5255e-06
0.00024836 0.00029751 2.0255e-05 0.00019584 2.6175e-06
0.0002461 0.00027396 2.2951e-05 0.00019297 2.7043e-06
0.00024378 0.00025023 2.5588e-05 0.00019008 2.7861e-06
0.00024163 0.00022719 2.8417e-05 0.00018728 2.8787e-06
0.00023964 0.00020489 3.1475e-05 0.00018459 2.9843e-06
0.00023759 0.00020261 3.4453e-05 0.00018186 3.0835e-06
0.00023568 0.00020041 3.7638e-05 0.00017923 3.1943e-06
0.00023372 0.00019818 4.0745e-05 0.00017656 3.299e-06
0.00023188 0.00019601 4.4051e-05 0.00017398 3.4147e-06
0.00023019 0.00019393 4.7608e-05 0.00017149 3.5448e-06
0.00022845 0.00019181 5.1089e-05 0.00016897 3.6688e-06
0.00022666 0.00018966 5.4495e-05 0.00016642 3.7868e-06
0.000225 0.00018759 5.4953e-05 0.00016396 3.7024e-06
0.0002233 0.00018549 5.5387e-05 0.00016148 3.6125e-06
0.00022155 0.00018335 5.5796e-05 0.00015897 3.5172e-06
0.00021994 0.00018129 5.6265e-05 0.00015654 3.4335e-06
0.00021845 0.0001793 5.6796e-05 0.0001542 3.3606e-06
0.00020873 0.00017738 5.7392e-05 0.00015194 3.298e-06
0.00019954 0.00017553 5.6479e-05 0.00014976 3.2451e-06
0.00019077 0.00017373 5.5634e-05 0.00014764 3.1999e-06
0.00018247 0.000172 5.4865e-05 0.0001456 3.1638e-06
0.0001664 0.00017036 5.419e-05 0.00013778 3.1392e-06
0.00015007 0.00016868 5.3487e-05 0.00012988 3.11e-06
0.00013461 0.00016707 5.2852e-05 0.00012224 3.0892e-06
0.00011996 0.00016552 5.2284e-05 0.00011486 3.0764e-06
0.00010512 0.00016395 5.1693e-05 0.00010741 3.0596e-06
9.095e-05 0.00016242 5.1155e-05 0.00010017 3.0494e-06
7.7425e-05 0.00016095 5.0668e-05 9.3138e-05 3.0457e-06
6.3689e-05 0.00015944 5.0157e-05 8.604e-05 3.0376e-06
5.0577e-05 0.00015799 4.9695e-05 7.9141e-05 3.0361e-06
3.8073e-05 0.00015651 4.9208e-05 7.2173e-05 3.03e-06
2.6149e-05 0.00015508 4.877e-05 6.5406e-05 3.0306e-06
1.4886e-05 0.0001537 4.8392e-05 5.8872e-05 3.0396e-06
1.3059e-05 0.00015051 4.7242e-05 5.57e-05 3.0396e-06
1.1181e-05 0.00014728 4.6045e-05 5.2482e-05 3.0339e-06
9.3854e-06 0.00014412 4.4927e-05 4.9355e-05 3.0349e-06
9.3949e-06 0.00014093 4.3776e-05 4.6196e-05 3.0314e-06
9.3905e-06 0.00013771 4.2595e-05 4.3009e-05 3.0239e-06
9.3963e-06 0.00013456 4.1489e-05 3.9911e-05 3.0229e-06
9.3872e-06 0.00013138 4.035e-05 3.678e-05 3.0173e-06
9.3632e-06 0.00012817 3.9178e-05 3.3616e-05 3.0073e-06
9.3531e-06 0.00012505 3.8095e-05 3.0558e-05 3.0054e-06
9.3586e-06 0.00012203 3.7102e-05 2.7608e-05 3.0123e-06
9.3931e-06 0.00011917 3.624e-05 2.4819e-05 2.8849e-06
9.4568e-06 0.00011645 3.5499e-05 2.2182e-05 2.7804e-06
9.5447e-06 0.00011385 3.4851e-05 1.9668e-05 2.693e-06
9.1204e-06 0.00011137 3.4287e-05 1.7271e-05 2.6212e-06
8.7401e-06 0.00010903 3.3817e-05 1.5004e-05 2.566e-06
8.3935e-06 0.00010661 3.3288e-05 1.4727e-05 2.501e-06
8.0138e-06 0.00010411 3.2702e-05 1.4434e-05 2.425e-06
7.6017e-06 0.00010154 3.2063e-05 1.4127e-05 2.3386e-06
7.2135e-06 9.9052e-05 3.1485e-05 1.3832e-05 2.2629e-06
6.8454e-06 9.6641e-05 3.0961e-05 1.3548e-05 2.1964e-06
6.492e-06 9.4289e-05 3.0478e-05 1.3272e-05 2.1368e-06
6.1226e-06 9.1908e-05 2.9974e-05 1.2989e-05 2.0728e-06
5.7674e-06 8.9586e-05 2.951e-05 1.2715e-05 2.0154e-06
5.3972e-06 8.7237e-05 2.9027e-05 1.2433e-05 1.954e-06
5.0415e-06 8.4948e-05 2.8585e-05 1.216e-05 1.8992e-06
4.6668e-06 8.599e-05 2.8116e-05 1.1878e-05 1.8389e-06
4.9033e-06 8.6978e-05 2.7594e-05 1.1581e-05 1.7686e-06
5.167e-06 8.8039e-05 2.7157e-05 1.1303e-05 1.7128e-06
5.4057e-06 8.9174e-05 2.6797e-05 1.1044e-05 1.6433e-06
5.266e-06 9.0375e-05 2.65e-05 1.0799e-05 1.5857e-06
5.1438e-06 9.1641e-05 2.6261e-05 1.0569e-05 1.5386e-06
5.0022e-06 9.2867e-05 2.5989e-05 1.0328e-05 1.4848e-06
4.8407e-06 9.4052e-05 2.5683e-05 1.0075e-05 1.6036e-06
4.6964e-06 9.5294e-05 2.5426e-05 9.8343e-06 1.7376e-06
4.5692e-06 9.6606e-05 2.5226e-05 9.6074e-06 1.893e-06
4.453e-06 9.7975e-05 2.5068e-05 9.3905e-06 2.0671e-06
4.3197e-06 9.9307e-05 2.4883e-05 9.164e-06 2.2302e-06
4.2004e-06 0.00010071 2.4748e-05 8.9496e-06 2.4172e-06
4.0631e-06 0.00010207 2.4584e-05 8.7252e-06 2.5914e-06
3.9404e-06 0.0001035 2.4484e-05 8.5128e-06 2.7919e-06
3.7959e-06 0.00010487 2.4347e-05 8.2878e-06 2.9742e-06
3.6615e-06 0.00010631 2.4249e-05 8.0721e-06 3.1778e-06
3.5389e-06 0.00010782 2.4197e-05 7.867e-06 3.1801e-06
3.4033e-06 0.0001093 2.4127e-05 7.6553e-06 3.1779e-06
3.2742e-06 0.00011083 2.409e-05 7.4505e-06 3.1839e-06
3.1512e-06 0.00011241 2.4085e-05 7.2523e-06 3.198e-06
3.0155e-06 0.00011397 2.4063e-05 7.0477e-06 3.2076e-06
2.8856e-06 0.00011559 2.4073e-05 6.8497e-06 3.2254e-06
2.7593e-06 0.00011725 2.411e-05 6.6566e-06 3.0199e-06
2.6205e-06 0.00011888 2.4131e-05 6.4571e-06 2.8065e-06
2.4849e-06 0.00012056 2.4178e-05 6.2624e-06 2.6097e-06
2.3367e-06 0.00012222 2.4208e-05 6.0614e-06 2.4053e-06
2.1937e-06 0.00012393 2.4271e-05 5.8664e-06 2.2197e-06
2.0555e-06 0.00012571 2.4368e-05 5.6775e-06 2.0514e-06
1.923e-06 0.00012755 2.4503e-05 5.4955e-06 1.9008e-06
1.7965e-06 0.00012947 2.468e-05 5.3205e-06 1.7667e-06
1.6796e-06 0.00013133 2.482e-05 5.5922e-06 1.6196e-06
1.5707e-06 0.00013329 2.5015e-05 5.8775e-06 1.4965e-06
1.4659e-06 0.00013532 2.5255e-05 6.1734e-06 1.3869e-06
1.3462e-06 0.00013731 2.5462e-05 6.4584e-06 1.2682e-06
1.2107e-06 0.00013923 2.5637e-05 6.7322e-06 1.1392e-06
1.0599e-06 0.00014111 2.578e-05 6.9953e-06 9.9991e-07
9.1447e-07 0.00014307 2.597e-05 7.2699e-06 8.7647e-07
7.7554e-07 0.00014455 2.5465e-05 7.6029e-06 7.7267e-07
6.2363e-07 0.00014598 2.493e-05 7.9267e-06 6.6237e-07
4.5874e-07 0.00014739 2.4366e-05 8.2415e-06 5.4544e-07
5.2381e-07 0.00014876 2.3773e-05 8.5472e-06 4.2169e-07
5.8652e-07 0.00015019 2.3229e-05 8.8627e-06 3.0818e-07
6.4819e-07 0.00015168 2.2741e-05 9.1907e-06 2.0553e-07
7.0862e-07 0.00015324 2.2301e-05 9.5306e-06 1.118e-07
7.5699e-07 0.00015476 2.1831e-05 9.8599e-06 1.0653e-07
8.0622e-07 0.00015636 2.1425e-05 1.0206e-05 1.0221e-07
8.4157e-07 0.00015789 2.0977e-05 1.0537e-05 1.4612e-07
8.7829e-07 0.00015951 2.059e-05 1.0886e-05 1.9545e-07
9.1659e-07 0.00016123 2.0261e-05 1.1253e-05 2.5114e-07
9.5853e-07 0.00016305 1.9634e-05 1.1644e-05 3.1592e-07
9.8552e-07 0.00016481 1.8978e-05 1.2017e-05 3.7336e-07
1.0163e-06 0.00016668 1.8408e-05 1.2414e-05 3.7743e-07
1.0493e-06 0.00016866 1.6413e-05 1.2832e-05 3.8479e-07
1.0671e-06 0.00017056 1.6237e-05 1.3233e-05 3.875e-07
1.0707e-06 0.0001724 1.6024e-05 1.3616e-05 3.859e-07
1.0599e-06 0.00017417 1.5778e-05 1.3984e-05 3.7997e-07
1.053e-06 0.00017606 1.4669e-05 1.4377e-05 3.7819e-07
1.0501e-06 0.00017808 1.3689e-05 1.4795e-05 3.6465e-07
1.0493e-06 0.0001802 1.2807e-05 1.5236e-05 3.5454e-07
1.0524e-06 0.00018245 1.2029e-05 1.5705e-05 3.4895e-07
1.0576e-06 0.00018223 1.133e-05 1.62e-05 3.4645e-07
1.0649e-06 0.00018209 1.0703e-05 1.6721e-05 3.47e-07
1.0571e-06 0.00018187 1.0025e-05 1.722e-05 3.4306e-07
1.0351e-06 0.0001816 9.298e-06 1.7701e-05 3.3491e-07
1.0169e-06 0.00018142 8.6567e-06 1.768e-05 3.3062e-07
1.0007e-06 0.00018131 8.0798e-06 1.7673e-05 3.2926e-07
9.8823e-07 0.00018128 7.5719e-06 1.7683e-05 3.316e-07
9.7751e-07 0.00018131 7.1162e-06 1.7708e-05 3.3691e-07
9.7089e-07 0.00018143 6.734e-06 1.7749e-05 2.9767e-07
9.6769e-07 0.00018164 6.4006e-06 1.7807e-05 2.645e-07
9.6788e-07 0.00018192 6.1113e-06 1.7384e-05 2.3655e-07
9.7146e-07 0.00018216 5.791e-06 1.6942e-05 2.028e-07
7.8653e-07 0.00018247 5.5134e-06 1.6527e-05 1.7394e-07
8.5718e-07 0.00018274 5.2087e-06 1.6095e-05 1.4054e-07
9.3239e-07 0.00018307 4.9374e-06 1.5686e-05 1.1074e-07
1.0108e-06 0.00018348 4.6964e-06 1.5299e-05 8.3984e-08
1.0949e-06 0.00018397 4.4886e-06 1.4937e-05 6.1281e-08
1.1638e-06 0.00018442 4.2574e-06 1.4558e-05 6.9915e-08
1.2389e-06 0.00018495 4.0578e-06 1.4204e-05 7.9756e-08
1.3208e-06 0.00018555 3.8819e-06 1.3869e-05 9.0585e-08
1.3862e-06 0.0001861 3.6783e-06 1.3517e-05 9.8093e-08
1.4359e-06 0.00018659 3.4524e-06 1.3149e-05 1.0252e-07
1.4703e-06 0.00018703 3.2034e-06 1.2766e-05 1.0389e-07
1.5112e-06 0.00018756 2.9851e-06 1.2406e-05 1.0662e-07
1.5591e-06 0.00018818 2.7942e-06 1.2068e-05 1.1077e-07
1.6122e-06 0.00018888 2.6237e-06 1.1749e-05 1.1599e-07
1.6708e-06 0.00018952 2.4316e-06 1.1413e-05 1.1787e-07
1.735e-06 0.00019023 2.2591e-06 1.1095e-05 1.2084e-07
1.8055e-06 0.00019102 2.1043e-06 1.0794e-05 1.2495e-07
1.8852e-06 0.00019191 1.9694e-06 1.0513e-05 1.308e-07
1.9748e-06 0.00019049 1.8523e-06 1.0249e-05 1.3852e-07
2.0722e-06 0.00018915 1.7482e-06 1.0001e-05 1.1842e-07
2.1511e-06 0.00018362 1.6591e-06 9.7689e-06 1.0139e-07
2.2381e-06 0.00017833 1.5807e-06 9.5507e-06 8.6915e-08
2.3338e-06 0.00017327 1.5124e-06 9.3453e-06 7.3785e-08
2.4105e-06 0.00016806 1.4284e-06 9.1267e-06 5.7191e-08
2.4991e-06 0.00016311 1.3568e-06 8.9233e-06 4.2294e-08
2.5971e-06 0.00015837 1.2987e-06 8.7321e-06 2.8294e-08
2.776e-06 0.00015349 1.2849e-06 9.1034e-06 3.4429e-08
2.9333e-06 0.00014848 1.2573e-06 9.4583e-06 3.8403e-08
3.1041e-06 0.00014368 1.2365e-06 9.8315e-06 4.2436e-08
3.253e-06 0.00013874 1.2018e-06 1.0188e-05 4.3771e-08
3.3804e-06 0.00013367 1.1533e-06 1.0528e-05 4.2423e-08
3.5185e-06 0.00012879 1.11e-06 1.0445e-05 4.0844e-08
3.6648e-06 0.00012405 1.0701e-06 1.0369e-05 3.8787e-08
3.8195e-06 0.00011946 1.0331e-06 1.0299e-05 3.6209e-08
3.9826e-06 0.00011501 9.9839e-07 1.0236e-05 3.3048e-08
4.1521e-06 0.00011066 9.6473e-07 1.0177e-05 2.9117e-08
4.3076e-06 0.00010627 9.2241e-07 1.0111e-05 2.3166e-08
4.4766e-06 0.00010204 8.8413e-07 1.0054e-05 1.682e-08
4.622e-06 9.7687e-05 8.3281e-07 9.9849e-06 1.9351e-08
4.7888e-06 9.3547e-05 7.8875e-07 9.9281e-06 2.1551e-08
4.9784e-06 8.9609e-05 7.513e-07 9.8834e-06 2.3479e-08
5.1926e-06 8.5863e-05 7.2017e-07 9.8506e-06 2.5183e-08
5.1631e-06 8.23e-05 6.9467e-07 9.8295e-06 2.6708e-08
5.1488e-06 7.8633e-05 6.5707e-07 9.797e-06 2.5762e-08
5.1536e-06 7.5145e-05 6.2488e-07 9.7762e-06 2.4641e-08
5.1737e-06 7.1801e-05 5.9604e-07 9.7649e-06 2.3101e-08
5.2091e-06 6.8596e-05 5.7026e-07 9.763e-06 2.1112e-08
5.2233e-06 6.5548e-05 5.3353e-07 9.7753e-06 3.7748e-08
5.2569e-06 6.2648e-05 5.0201e-07 9.7993e-06 5.6047e-08
5.3063e-06 5.8536e-05 4.7296e-07 9.8352e-06 7.59e-08
5.2967e-06 5.8293e-05 4.3268e-07 9.8596e-06 9.2091e-08
5.3092e-06 5.8085e-05 3.9472e-07 9.8936e-06 1.0998e-07
5.2988e-06 5.7843e-05 3.4561e-07 9.9161e-06 1.2412e-07
5.3079e-06 5.7643e-05 3e-07 9.9504e-06 1.4071e-07
5.3368e-06 5.5803e-05 2.5723e-07 9.9967e-06 1.6018e-07
5.3426e-06 5.39e-05 2.0381e-07 1.0031e-05 1.7558e-07
5.3255e-06 5.1935e-05 1.3955e-07 1.0055e-05 1.8702e-07
5.328e-06 5.0069e-05 7.8122e-08 1.009e-05 2.0133e-07
5.3092e-06 4.8148e-05 8.745e-08 1.0114e-05 2.1186e-07
5.3101e-06 4.6321e-05 9.4749e-08 1.015e-05 2.1731e-07
5.3305e-06 4.4585e-05 1.0005e-07 1.0199e-05 2.2559e-07
5.3708e-06 4.2797e-05 1.1096e-07 1.0237e-05 2.3013e-07
5.427e-06 4.1084e-05 1.1963e-07 1.0285e-05 2.3691e-07
5.4617e-06 3.9318e-05 1.2006e-07 1.0322e-05 2.3991e-07
5.5167e-06 3.7639e-05 1.1893e-07 1.0371e-05 2.4589e-07
5.5483e-06 3.5904e-05 1.0929e-07 1.0408e-05 2.4902e-07
5.6005e-06 3.4253e-05 9.8056e-08 1.0458e-05 2.5522e-07
5.6735e-06 3.2682e-05 8.5063e-08 1.052e-05 2.6465e-07
5.7681e-06 3.1063e-05 1.2802e-07 1.0572e-05 2.5659e-07
5.881e-06 2.9509e-05 1.708e-07 1.0633e-05 2.5103e-07
5.9687e-06 2.8019e-05 2.1385e-07 1.0328e-05 2.4785e-07
6.079e-06 2.6599e-05 1.8971e-07 1.0042e-05 2.4767e-07
6.213e-06 2.5248e-05 1.6586e-07 9.7745e-06 2.5048e-07
6.3669e-06 2.3849e-05 1.7795e-07 9.4923e-06 2.4922e-07
6.4979e-06 2.4154e-05 1.8142e-07 9.1968e-06 2.4424e-07
6.6506e-06 2.4484e-05 1.8385e-07 8.9177e-06 2.4179e-07
6.8223e-06 2.4834e-05 1.846e-07 8.6516e-06 2.4193e-07
7.0186e-06 2.5158e-05 1.7667e-07 8.3726e-06 2.3833e-07
7.2416e-06 2.5508e-05 1.6785e-07 8.1094e-06 2.3732e-07
7.4875e-06 2.588e-05 1.573e-07 7.8586e-06 2.3826e-07
7.7076e-06 2.6227e-05 1.3818e-07 7.5956e-06 2.3553e-07
7.9043e-06 2.6549e-05 1.1074e-07 7.3212e-06 2.2934e-07
8.1243e-06 2.6894e-05 8.1636e-08 7.0595e-06 2.2517e-07
8.3155e-06 2.7127e-05 1.1239e-07 7.2178e-06 2.1699e-07
8.5251e-06 2.7376e-05 1.4083e-07 7.3833e-06 2.1017e-07
8.7147e-06 2.7606e-05 1.6146e-07 7.5407e-06 2.0038e-07
8.9207e-06 2.785e-05 1.795e-07 7.7043e-06 1.9164e-07
9.1391e-06 2.8104e-05 1.9439e-07 7.8727e-06 1.8338e-07
9.3705e-06 2.8368e-05 2.0617e-07 8.0459e-06 1.7555e-07
9.5864e-06 2.8617e-05 2.1079e-07 8.2128e-06 1.6534e-07
9.819e-06 2.8879e-05 2.1283e-07 8.386e-06 1.5585e-07
1.0065e-05 2.9152e-05 2.1178e-07 8.5643e-06 1.4668e-07
1.0296e-05 2.9409e-05 2.0357e-07 8.7361e-06 1.3516e-07
1.0545e-05 2.968e-05 1.9278e-07 8.9147e-06 1.2423e-07
1.0809e-05 2.9963e-05 1.7899e-07 9.099e-06 1.1357e-07
1.1051e-05 3.0221e-05 1.5723e-07 9.2743e-06 1.0009e-07
1.1315e-05 3.0497e-05 1.332e-07 9.4578e-06 8.7307e-08
1.1549e-05 3.0745e-05 1.9126e-07 9.6296e-06 1.1022e-07
1.1754e-05 3.1024e-05 2.5236e-07 9.816e-06 1.2804e-07
1.1988e-05 3.1326e-05 3.1523e-07 1.0014e-05 1.4776e-07
1.2251e-05 3.1652e-05 3.8044e-07 1.0223e-05 1.6971e-07
1.2533e-05 3.1991e-05 4.4559e-07 1.044e-05 1.9282e-07
1.2798e-05 3.2314e-05 5.0272e-07 1.0649e-05 2.1335e-07
1.3047e-05 3.2622e-05 5.5185e-07 1.0852e-05 2.3131e-07
1.3313e-05 3.2942e-05 6.0076e-07 1.1062e-05 2.5038e-07
1.3597e-05 3.3275e-05 6.4969e-07 1.1279e-05 2.707e-07
1.3908e-05 3.3628e-05 7.0054e-07 1.1505e-05 2.9326e-07
1.4201e-05 3.3964e-05 7.4312e-07 1.1725e-05 3.1309e-07
1.4513e-05 3.4313e-05 7.8586e-07 1.1951e-05 3.3434e-07
1.4844e-05 3.3094e-05 8.2891e-07 1.2185e-05 3.5715e-07
1.5157e-05 3.1855e-05 8.6367e-07 1.2412e-05 3.7719e-07
1.5495e-05 3.0649e-05 8.9995e-07 1.2648e-05 3.9946e-07
1.5815e-05 2.9471e-05 9.3701e-07 1.2891e-05 4.2367e-07
1.6116e-05 2.8272e-05 9.6571e-07 1.3128e-05 4.4502e-07
1.64e-05 2.7054e-05 9.8607e-07 1.3357e-05 4.6351e-07
1.6667e-05 2.5868e-05 1.0082e-06 1.3596e-05 4.845e-07
1.6915e-05 2.4662e-05 1.0219e-06 1.3828e-05 5.0259e-07
1.7146e-05 2.3435e-05 1.0271e-06 1.4052e-05 5.1775e-07
1.7342e-05 2.3766e-05 1.0196e-06 1.4261e-05 5.2773e-07
1.6851e-05 2.4125e-05 1.0191e-06 1.4489e-05 5.4308e-07
1.6418e-05 2.4512e-05 1.0259e-06 1.4737e-05 5.6421e-07
1.5948e-05 2.4874e-05 1.0206e-06 1.497e-05 5.803e-07
1.5514e-05 2.5253e-05 1.0186e-06 1.5216e-05 6.0011e-07
1.5104e-05 2.5644e-05 1.0172e-06 1.5471e-05 6.223e-07
1.4716e-05 2.6045e-05 1.0164e-06 1.5735e-05 6.4698e-07
1.4309e-05 2.6431e-05 1.0073e-06 1.5991e-05 6.6858e-07
1.3928e-05 2.6831e-05 9.9992e-07 1.6257e-05 6.9348e-07
1.3531e-05 2.7216e-05 9.8442e-07 1.6517e-05 7.1543e-07
1.3154e-05 2.7613e-05 9.6944e-07 1.6786e-05 7.4009e-07
1.2797e-05 2.8021e-05 9.5494e-07 1.7064e-05 7.6762e-07
1.2458e-05 2.8441e-05 9.4111e-07 1.7351e-05 7.982e-07
1.2138e-05 2.8873e-05 9.2765e-07 1.7648e-05 8.3205e-07
1.1801e-05 2.929e-05 9.0618e-07 1.7938e-05 8.6276e-07
1.1486e-05 2.9722e-05 8.8611e-07 1.8239e-05 8.9774e-07
1.1155e-05 3.0139e-05 8.5779e-07 1.8533e-05 9.2933e-07
1.084e-05 3.0569e-05 8.2972e-07 1.8837e-05 8.5633e-07
1.0542e-05 3.1011e-05 8.0181e-07 1.9151e-05 7.8881e-07
1.0263e-05 3.1469e-05 7.7497e-07 1.9478e-05 7.2738e-07
1.0003e-05 3.1945e-05 7.4907e-07 1.9819e-05 6.715e-07
9.7613e-06 3.2438e-05 7.2397e-07 2.0173e-05 6.2068e-07
9.5364e-06 3.295e-05 6.9956e-07 1.9824e-05 5.7446e-07
9.3245e-06 3.3475e-05 6.7477e-07 1.9486e-05 5.316e-07
9.098e-06 3.402e-05 6.5043e-07 1.9161e-05 4.9262e-07
8.8876e-06 3.4583e-05 6.2643e-07 1.885e-05 4.5715e-07
8.6926e-06 3.5167e-05 6.0266e-07 1.855e-05 4.2488e-07
8.5126e-06 3.577e-05 5.7899e-07 1.8263e-05 3.9553e-07
8.3176e-06 3.6357e-05 5.4743e-07 1.7968e-05 3.6321e-07
8.137e-06 3.6964e-05 5.1588e-07 1.7685e-05 3.3361e-07
7.9704e-06 3.7592e-05 4.8417e-07 1.7414e-05 3.0647e-07
7.8173e-06 3.8242e-05 4.5217e-07 1.7154e-05 2.8154e-07
7.6741e-06 3.8909e-05 4.1891e-07 1.6903e-05 2.5809e-07
7.5164e-06 3.956e-05 3.779e-07 1.6644e-05 2.3192e-07
7.3685e-06 4.0228e-05 3.3556e-07 1.6394e-05 2.0714e-07
7.2302e-06 4.0915e-05 2.9175e-07 1.6153e-05 1.8358e-07
7.1054e-06 4.1628e-05 2.4738e-07 1.5924e-05 1.6175e-07
6.964e-06 4.2325e-05 2.1008e-07 1.5685e-05 1.3699e-07
6.8354e-06 4.3048e-05 1.7123e-07 1.5457e-05 1.1374e-07
6.7336e-06 4.3734e-05 1.2238e-07 1.5214e-05 8.6196e-08
6.6082e-06 4.4386e-05 1.5217e-07 1.4957e-05 5.4487e-08
6.457e-06 4.5001e-05 1.7276e-07 1.4683e-05 5.7001e-08
6.3308e-06 4.5662e-05 1.9327e-07 1.4431e-05 6.0114e-08
6.1792e-06 4.6286e-05 2.045e-07 1.4162e-05 6.0361e-08
6.0018e-06 4.6874e-05 2.0653e-07 1.3878e-05 5.7751e-08
5.8493e-06 4.7507e-05 2.0841e-07 1.3614e-05 5.5733e-08
5.7161e-06 4.8181e-05 2.0934e-07 1.3366e-05 5.3937e-08
5.5598e-06 4.8819e-05 2.0136e-07 1.3104e-05 4.9444e-08
5.3802e-06 4.9424e-05 3.1752e-07 1.2829e-05 4.2229e-08
5.2243e-06 5.0077e-05 4.438e-07 1.2573e-05 3.5551e-08
5.0908e-06 5.0778e-05 5.8205e-07 1.2335e-05 2.9238e-08
4.9786e-06 5.1531e-05 5.9379e-07 1.2115e-05 2.3124e-08
4.8428e-06 5.2337e-05 6.0976e-07 1.1913e-05 1.7051e-08
4.154e-06 5.3189e-05 6.2922e-07 1.1728e-05 1.0642e-08
4.1992e-06 5.3999e-05 6.3711e-07 1.153e-05 1.5502e-08
4.2244e-06 5.4773e-05 6.341e-07 1.132e-05 1.8082e-08
4.261e-06 5.5587e-05 6.3329e-07 1.1121e-05 2.0004e-08
4.3095e-06 5.6446e-05 6.3484e-07 1.0935e-05 2.1321e-08
4.3376e-06 5.7265e-05 6.2533e-07 1.0736e-05 2.031e-08
4.3814e-06 5.8138e-05 6.1966e-07 1.0552e-05 1.8887e-08
4.4389e-06 5.906e-05 6.1678e-07 1.0381e-05 1.6897e-08
4.4745e-06 5.9939e-05 6.0243e-07 1.0196e-05 3.1914e-08
4.5225e-06 6.0864e-05 5.9036e-07 1.0022e-05 4.7638e-08
4.5869e-06 6.1847e-05 5.3484e-07 9.8637e-06 6.4817e-08
4.6309e-06 6.279e-05 4.6777e-07 9.6936e-06 7.8785e-08
4.6853e-06 6.3775e-05 4.0313e-07 9.5326e-06 9.3546e-08
4.7242e-06 6.4733e-05 5.1503e-07 9.3634e-06 1.0568e-07
4.75e-06 6.567e-05 6.1809e-07 9.1875e-06 1.1553e-07
4.783e-06 6.6642e-05 7.2461e-07 9.0186e-06 1.2578e-07
4.8211e-06 6.7642e-05 8.3366e-07 8.8548e-06 1.3622e-07
4.8644e-06 6.8671e-05 9.457e-07 8.6963e-06 1.4694e-07
4.9169e-06 6.9742e-05 1.0639e-06 8.5451e-06 1.5864e-07
4.9486e-06 7.077e-05 1.1657e-06 8.3827e-06 1.6683e-07
4.9991e-06 7.1866e-05 1.2807e-06 8.2334e-06 1.7745e-07
5.0648e-06 7.3022e-05 1.4073e-06 8.0942e-06 1.9011e-07
5.1502e-06 7.4251e-05 1.5502e-06 7.9672e-06 2.0576e-07
5.2142e-06 7.5434e-05 1.6812e-06 7.8294e-06 2.1757e-07
5.2893e-06 7.6666e-05 1.8224e-06 7.6989e-06 2.31e-07
5.3499e-06 7.7873e-05 1.9526e-06 7.5615e-06 2.4173e-07
5.4166e-06 7.9114e-05 2.0889e-06 7.4283e-06 2.5326e-07
5.4699e-06 8.0332e-05 2.215e-06 7.2889e-06 2.6227e-07
5.5099e-06 8.1529e-05 2.331e-06 7.1435e-06 2.6878e-07
5.5366e-06 8.2703e-05 2.4369e-06 6.9918e-06 2.7251e-07
5.5506e-06 8.3857e-05 2.5332e-06 6.8344e-06 2.7385e-07
5.5705e-06 8.5045e-05 2.6356e-06 6.6811e-06 2.7596e-07
5.5989e-06 8.6275e-05 2.7465e-06 6.5331e-06 2.7928e-07
5.6357e-06 8.7548e-05 2.8671e-06 6.3903e-06 2.8383e-07
5.6811e-06 8.8799e-05 2.9772e-06 6.2414e-06 2.8585e-07
5.7327e-06 9.0085e-05 3.0946e-06 6.0963e-06 2.8871e-07
5.7715e-06 9.1351e-05 3.202e-06 5.9454e-06 2.8914e-07
5.8167e-06 9.2654e-05 3.3169e-06 5.7983e-06 2.9041e-07
5.8682e-06 9.3994e-05 3.4398e-06 5.6547e-06 2.9253e-07
5.9263e-06 9.5374e-05 3.571e-06 5.5146e-06 2.9551e-07
5.9708e-06 9.6729e-05 3.6914e-06 5.3686e-06 2.9595e-07
6.0019e-06 9.8062e-05 3.8009e-06 5.2166e-06 2.9386e-07
6.0395e-06 9.9433e-05 3.9189e-06 5.068e-06 2.9263e-07
6.0837e-06 0.00010084 4.0459e-06 4.9227e-06 2.9225e-07
6.1144e-06 0.00010223 4.1618e-06 4.7716e-06 2.8935e-07
6.1544e-06 0.00010367 4.2896e-06 4.6248e-06 2.8771e-07
6.2011e-06 0.00010515 4.4272e-06 4.481e-06 2.869e-07
6.2343e-06 0.0001066 4.5535e-06 4.3314e-06 2.8357e-07
6.2545e-06 0.00010803 4.669e-06 4.1762e-06 2.7782e-07
6.2817e-06 0.0001095 4.7948e-06 4.0242e-06 2.7292e-07
6.2959e-06 0.00011095 4.9097e-06 3.8666e-06 2.656e-07
6.2971e-06 0.00011238 5.0139e-06 3.7035e-06 2.5587e-07
6.3077e-06 0.00011386 5.1311e-06 3.5444e-06 2.4742e-07
6.3047e-06 0.00011532 5.2367e-06 3.3795e-06 2.3648e-07
6.3086e-06 0.00011681 5.3528e-06 3.2175e-06 2.2628e-07
6.3219e-06 0.00011836 5.4836e-06 3.0592e-06 2.1716e-07
6.3216e-06 0.00011989 5.6026e-06 2.8952e-06 2.0558e-07
6.3282e-06 0.00012146 5.733e-06 2.7337e-06 1.9462e-07
6.3212e-06 0.00012301 7.663e-06 2.5666e-06 1.8121e-07
6.3236e-06 0.00012461 9.7287e-06 2.403e-06 1.6874e-07
6.3329e-06 0.00012626 1.1918e-05 2.2417e-06 1.5676e-07
6.3517e-06 0.00012796 1.4262e-05 2.0835e-06 1.4551e-07
6.3574e-06 0.00012964 1.6559e-05 1.9201e-06 1.3197e-07
6.3727e-06 0.00013138 1.902e-05 1.7596e-06 1.1909e-07
6.3743e-06 0.00013309 2.1427e-05 1.5936e-06 1.0387e-07
6.3629e-06 0.00013478 2.3786e-05 1.4223e-06 8.6373e-08
6.361e-06 0.00013653 2.6315e-05 1.254e-06 6.9469e-08
6.3687e-06 0.00013834 2.9026e-05 1.0883e-06 5.3017e-08
6.3633e-06 0.00014012 3.1684e-05 1.1746e-06 7.1943e-08
6.3443e-06 0.00014188 3.4283e-05 1.256e-06 8.8549e-08
6.3117e-06 0.00014361 3.6825e-05 1.3325e-06 1.0284e-07
6.266e-06 0.00014532 3.9316e-05 1.4044e-06 1.1491e-07
6.2074e-06 0.000147 4.1758e-05 1.4715e-06 1.2476e-07
6.1556e-06 0.00014873 4.435e-05 1.5384e-06 1.3476e-07
6.1107e-06 0.00015051 4.7104e-05 1.6052e-06 1.4498e-07
6.0528e-06 0.00015227 4.9803e-05 1.6673e-06 1.5294e-07
6.0017e-06 0.00015408 5.267e-05 1.7294e-06 1.6116e-07
5.9376e-06 0.00015587 5.548e-05 1.7866e-06 1.6712e-07
5.8606e-06 0.00015763 5.8235e-05 1.8392e-06 1.7082e-07
5.7928e-06 0.00015945 6.1194e-05 1.8923e-06 1.7513e-07
5.7341e-06 0.00016134 6.437e-05 1.946e-06 1.8009e-07
5.6817e-06 0.00016329 6.7744e-05 1.9998e-06 1.8539e-07
5.638e-06 0.0001653 7.1366e-05 2.0543e-06 1.9143e-07
5.5811e-06 0.00016729 7.4912e-05 2.1039e-06 1.9511e-07
5.5338e-06 0.00016935 7.8735e-05 2.1545e-06 1.997e-07
5.5016e-06 0.00017151 8.2956e-05 2.2078e-06 2.0673e-07
5.4885e-06 0.0001738 8.7702e-05 2.265e-06 2.1639e-07
5.4547e-06 0.00017602 9.2201e-05 2.3151e-06 2.2243e-07
5.4408e-06 0.00017838 9.7279e-05 2.3694e-06 2.314e-07
5.4139e-06 0.00018071 0.00010226 2.4189e-06 2.3795e-07
5.3928e-06 0.00018311 0.00010755 2.4687e-06 2.4517e-07
5.3775e-06 0.00018557 0.00011323 2.5189e-06 2.531e-07
5.3488e-06 0.000188 0.00011879 2.5641e-06 2.5855e-07
5.3259e-06 0.0001905 0.00012469 2.6097e-06 2.6474e-07
5.3086e-06 0.00019307 0.00013097 2.6559e-06 2.7172e-07
5.2786e-06 0.00019561 0.00013713 2.6971e-06 2.7628e-07
5.236e-06 0.00019812 0.00014318 2.7335e-06 2.7843e-07
5.2013e-06 0.00020072 0.00014967 2.771e-06 2.818e-07
5.1535e-06 0.00020329 0.00015603 2.8035e-06 2.8265e-07
5.1111e-06 0.00020593 0.00016279 2.8365e-06 2.8431e-07
5.0742e-06 0.00020864 0.00016997 2.8701e-06 2.8724e-07
5.045e-06 0.00021144 0.00017767 2.905e-06 2.9143e-07
5.0233e-06 0.00021434 0.00018594 2.9412e-06 2.9693e-07
4.9885e-06 0.00021719 0.00019403 2.9723e-06 2.9988e-07
4.9612e-06 0.00022013 0.00020273 3.0048e-06 3.0417e-07
4.9392e-06 0.00022316 0.00021197 3.038e-06 3.0941e-07
4.9039e-06 0.00022614 0.00022101 3.066e-06 3.1206e-07
4.8761e-06 0.00022923 0.00023072 3.0954e-06 3.1611e-07
4.8352e-06 0.00023228 0.00024023 3.1197e-06 3.1758e-07
4.8022e-06 0.00023544 0.00025046 3.1457e-06 3.2058e-07
4.7472e-06 0.00023877 0.00026198 3.1766e-06 3.1875e-07
4.71e-06 0.00024229 0.00027493 3.2125e-06 3.2042e-07
4.6869e-06 0.00024255 0.00028928 3.2524e-06 3.2578e-07
4.6453e-06 0.00024277 0.00030302 3.2852e-06 3.2744e-07
4.5864e-06 0.00024294 0.00031629 3.3115e-06 3.2568e-07
4.5415e-06 0.0002432 0.00033091 3.3417e-06 3.2678e-07
4.5055e-06 0.00024351 0.00033419 3.3742e-06 3.2971e-07
4.4797e-06 0.0002439 0.00033781 3.4097e-06 3.3485e-07
4.4608e-06 0.00024434 0.00034173 3.4471e-06 3.4157e-07
4.4474e-06 0.00024484 0.00034594 3.4859e-06 3.4964e-07
4.4386e-06 0.00024538 0.00035043 3.5258e-06 3.5894e-07
4.4365e-06 0.00024598 0.00035529 3.5676e-06 3.7e-07
4.4408e-06 0.00024663 0.00036052 3.6113e-06 3.8289e-07
4.4516e-06 0.00024734 0.00036615 3.657e-06 3.9772e-07
4.4497e-06 0.00024803 0.00037166 3.6974e-06 4.0983e-07
4.4542e-06 0.00024877 0.00037759 3.7399e-06 4.2397e-07
4.4653e-06 0.00024957 0.00038397 3.7844e-06 4.4027e-07
4.4829e-06 0.00025043 0.00039084 3.8309e-06 4.5933e-07
4.4883e-06 0.00025127 0.00039758 3.8724e-06 4.7569e-07
4.5002e-06 0.00025216 0.00040483 3.916e-06 4.9449e-07
4.5188e-06 0.00025312 0.00041262 3.9618e-06 5.1591e-07
4.544e-06 0.00025414 0.00042099 4.0099e-06 5.4011e-07
4.576e-06 0.00025522 0.00042999 4.0602e-06 5.6734e-07
4.6126e-06 0.00025635 0.00043956 4.1121e-06 5.971e-07
4.654e-06 0.00025753 0.00044973 4.1654e-06 6.2959e-07
4.7003e-06 0.00025877 0.00046054 4.2203e-06 6.6503e-07
4.7335e-06 0.00025999 0.00047114 4.2699e-06 6.9722e-07
4.7538e-06 0.00026117 0.00048152 4.3141e-06 7.2621e-07
4.7812e-06 0.00026242 0.00049266 4.3607e-06 7.5901e-07
4.8157e-06 0.00026373 0.00050463 4.4099e-06 7.9592e-07
4.8575e-06 0.00026512 0.00051748 4.4616e-06 8.3727e-07
4.8863e-06 0.00026647 0.00053008 4.508e-06 8.7298e-07
4.9229e-06 0.00026789 0.00053203 4.5569e-06 9.1326e-07
4.9464e-06 0.00026928 0.0005339 4.6005e-06 9.5005e-07
4.9575e-06 0.00027065 0.00053572 4.6388e-06 9.836e-07
4.9759e-06 0.00027208 0.00053776 4.6797e-06 1.0219e-06
5.0018e-06 0.00027359 0.00054003 4.7234e-06 1.0652e-06
5.0329e-06 0.00027515 0.00054251 4.7689e-06 1.1129e-06
5.0693e-06 0.00027678 0.00054519 4.8162e-06 1.1654e-06
5.0925e-06 0.00027838 0.0005478 4.8581e-06 1.214e-06
5.1235e-06 0.00028005 0.00055067 4.9028e-06 1.2686e-06
5.1621e-06 0.00028179 0.00055381 4.9503e-06 1.3299e-06
5.1876e-06 0.0002835 0.00055687 4.9924e-06 1.3871e-06
5.2209e-06 0.00028529 0.00056021 5.0373e-06 1.4512e-06
5.2416e-06 0.00028705 0.00056347 5.077e-06 1.5114e-06
5.2678e-06 0.00028888 0.00056698 5.1187e-06 1.5777e-06
5.302e-06 0.00029079 0.00057081 5.1634e-06 1.6518e-06
5.3235e-06 0.00029266 0.00057455 5.2027e-06 2.4826e-06
5.3531e-06 0.00029462 0.00057861 5.2451e-06 3.3948e-06
5.3885e-06 0.00029664 0.00058298 5.2897e-06 4.3834e-06
5.4314e-06 0.00029875 0.00058769 5.3371e-06 5.4632e-06
5.4927e-06 0.00030099 0.00059303 5.3917e-06 5.7752e-06
5.5326e-06 0.00030316 0.00059807 5.4375e-06 6.0622e-06
5.551e-06 0.00030465 0.00060371 5.4917e-06 6.1093e-06
5.5558e-06 0.0003061 0.00060922 5.5401e-06 6.1505e-06
5.569e-06 0.00030763 0.00061516 5.5919e-06 6.2043e-06
5.5905e-06 0.00030924 0.00062158 5.6471e-06 6.2713e-06
5.618e-06 0.00031091 0.00062842 5.7046e-06 6.0623e-06
5.6539e-06 0.00031265 0.00063579 5.7656e-06 5.8746e-06
5.6771e-06 0.00031437 0.00064302 5.8212e-06 5.6797e-06
5.7089e-06 0.00031617 0.00065081 5.8803e-06 5.505e-06
5.7272e-06 0.00031793 0.00065843 5.9338e-06 5.3225e-06
5.7523e-06 0.00031977 0.00066657 5.5489e-06 5.1567e-06
5.7634e-06 0.00032156 0.00067452 5.1562e-06 4.983e-06
5.7813e-06 0.00032342 0.000683 4.7725e-06 4.8251e-06
7.2877e-06 0.00032471 0.00069129 4.8553e-06 4.6597e-06
8.86e-06 0.00032607 0.00069178 4.9404e-06 4.5089e-06
1.04e-05 0.00032739 0.00069221 5.0199e-06 4.3512e-06
1.191e-05 0.00032869 0.00069259 5.0941e-06 4.1872e-06
1.35e-05 0.00033006 0.00069316 5.1716e-06 4.0399e-06
1.5175e-05 0.0003315 0.00069395 5.2524e-06 3.9081e-06
1.6939e-05 0.00033303 0.00068879 5.3366e-06 3.7906e-06
1.8783e-05 0.00033461 0.00068397 5.4234e-06 3.6843e-06
2.0589e-05 0.00033617 0.00067904 5.5045e-06 3.5721e-06
2.2478e-05 0.00033779 0.00067444 5.5882e-06 3.4707e-06
2.4329e-05 0.00033938 0.00066973 5.6662e-06 3.3636e-06
2.6282e-05 0.00034105 0.00066538 5.7479e-06 3.2686e-06
2.8341e-05 0.0003428 0.00066139 5.8333e-06 3.185e-06
3.0364e-05 0.00034452 0.0006573 5.9133e-06 3.0965e-06
3.235e-05 0.00034621 0.00065313 5.9878e-06 3.0032e-06
3.43e-05 0.00034787 0.00064886 6.0568e-06 2.9049e-06
3.6342e-05 0.0003496 0.00064488 6.1286e-06 2.8159e-06
3.8343e-05 0.0003513 0.0006408 6.1946e-06 2.7217e-06
4.0439e-05 0.00035297 0.00063663 6.2551e-06 2.6226e-06
4.2653e-05 0.00035472 0.0006328 6.3195e-06 2.5343e-06
4.4992e-05 0.00035655 0.00062928 6.3877e-06 2.4561e-06
4.7462e-05 0.00035847 0.00062607 6.4598e-06 2.3872e-06
5.0071e-05 0.00036048 0.00062314 6.5361e-06 2.3271e-06
5.2826e-05 0.00036257 0.00062048 6.6164e-06 2.2752e-06
5.2992e-05 0.00036474 0.00061804 6.6999e-06 2.2068e-06
5.3135e-05 0.00036688 0.00061552 6.7776e-06 2.1338e-06
5.3255e-05 0.00036898 0.00061293 6.8495e-06 2.056e-06
5.3419e-05 0.00037117 0.00061059 6.9256e-06 1.9871e-06
5.356e-05 0.00037332 0.00060817 6.9958e-06 1.9136e-06
5.3679e-05 0.00037545 0.00060567 7.0602e-06 1.8355e-06
5.3775e-05 0.00037754 0.00060311 7.1191e-06 1.753e-06
5.3917e-05 0.00037972 0.00060079 7.1822e-06 1.6792e-06
5.4036e-05 0.00038187 0.00059841 7.2396e-06 1.6011e-06
5.4106e-05 0.00038253 0.00059582 7.287e-06 1.5133e-06
5.4128e-05 0.00038313 0.00059302 7.3248e-06 1.4154e-06
5.4218e-05 0.00038383 0.0005906 7.3704e-06 1.078e-06
5.4377e-05 0.00038464 0.00058136 7.4237e-06 7.825e-07
5.4484e-05 0.00038536 0.00057157 7.467e-06 4.6196e-07
5.4655e-05 0.00038619 0.00056269 7.5175e-06 1.7843e-07
5.4777e-05 0.00038694 0.00055331 7.5582e-06 1.3921e-07
5.4856e-05 0.00038763 0.00054346 7.59e-06 1.5073e-07
5.4996e-05 0.00038842 0.0005345 7.6285e-06 1.6374e-07
5.5089e-05 0.00038915 0.00052529 7.6577e-06 1.7326e-07
5.5138e-05 0.00038981 0.00052516 7.6779e-06 1.7961e-07
5.5236e-05 0.00039055 0.00052521 7.7031e-06 1.8688e-07
5.5394e-05 0.00039139 0.00052548 7.7347e-06 1.9606e-07
5.5527e-05 0.0003922 0.00052569 7.7603e-06 2.028e-07
5.5706e-05 0.00039308 0.00052607 7.7903e-06 2.1041e-07
5.5923e-05 0.00039402 0.00052661 7.8237e-06 2.1857e-07
5.6117e-05 0.00039493 0.00052709 7.8511e-06 2.243e-07
5.6287e-05 0.00039581 0.00052751 7.8726e-06 2.276e-07
5.6505e-05 0.00039677 0.00052812 7.8988e-06 2.3191e-07
5.6696e-05 0.0003977 0.00052865 7.9186e-06 2.3362e-07
5.6938e-05 0.00039858 0.00052911 7.9313e-06 2.325e-07
5.7147e-05 0.00039941 0.00052948 7.9369e-06 2.2854e-07
5.7402e-05 0.00040032 0.00053002 7.9469e-06 2.2548e-07
5.7627e-05 0.00040119 0.00053049 7.95e-06 2.1968e-07
5.7903e-05 0.00040215 0.0005263 7.9581e-06 2.1499e-07
5.8246e-05 0.0004032 0.00052251 7.9731e-06 2.1196e-07
6.2895e-05 0.00040419 0.00051849 7.9788e-06 2.0544e-07
6.4231e-05 0.00040531 0.00051501 7.9946e-06 2.0157e-07
6.5644e-05 0.00040651 0.00051179 8.0143e-06 1.9827e-07
6.702e-05 0.00040767 0.00050848 8.0278e-06 1.9252e-07
6.8363e-05 0.0004088 0.00050508 8.0355e-06 1.8441e-07
6.9673e-05 0.00041002 0.00048665 8.048e-06 1.7714e-07
7.1057e-05 0.0004113 0.00046931 8.0638e-06 1.7025e-07
7.2405e-05 0.00041255 0.00046817 8.0737e-06 1.6098e-07
7.3828e-05 0.00041387 0.00046718 8.087e-06 1.5205e-07
7.5216e-05 0.00041515 0.00046614 8.0944e-06 1.4076e-07
7.6572e-05 0.00041641 0.00046505 8.0961e-06 1.272e-07
7.8004e-05 0.00041773 0.0004641 8.1012e-06 1.1393e-07
7.9403e-05 0.00041903 0.00046311 8.1006e-06 9.8408e-08
8.0896e-05 0.00042041 0.00046229 8.1046e-06 8.3434e-08
8.2487e-05 0.00042187 0.00046164 8.1131e-06 6.8882e-08
8.4036e-05 0.00042329 0.00046093 8.1155e-06 9.4774e-08
8.5674e-05 0.00042469 0.00046016 8.112e-06 1.1737e-07
8.7402e-05 0.00042615 0.00045954 8.112e-06 1.4077e-07
8.924e-05 0.0004277 0.00045909 8.1165e-06 1.6553e-07
9.1176e-05 0.00042922 0.00045859 8.1153e-06 1.8783e-07
9.3213e-05 0.00043082 0.00045823 8.1176e-06 2.1118e-07
9.5356e-05 0.00043248 0.000458 8.1232e-06 2.3575e-07
9.7611e-05 0.00043423 0.00045717 8.1322e-06 2.6169e-07
0.0001 0.00043606 0.0004565 8.1457e-06 2.8974e-07
0.00010254 0.00043263 0.00045599 8.1639e-06 3.2014e-07
0.00010502 0.00042915 0.00045541 8.1761e-06 3.4768e-07
0.00010746 0.00042563 0.00045478 8.1824e-06 3.7239e-07
0.00010984 0.00042207 0.0004541 8.1828e-06 3.9427e-07
0.00011238 0.00041864 0.00045358 8.1878e-06 4.1858e-07
0.00011506 0.00041532 0.00045322 8.1974e-06 4.455e-07
0.00011788 0.0004121 0.000453 8.2104e-06 4.7461e-07
0.00012085 0.00040898 0.00045292 8.2268e-06 5.0609e-07
0.00012375 0.00040582 0.00045278 8.2373e-06 5.3452e-07
0.00012661 0.00040262 0.0004526 8.2421e-06 5.6008e-07
0.00012961 0.00039952 0.00045256 8.2504e-06 5.8809e-07
0.00013276 0.00039652 0.00045265 8.2621e-06 6.1872e-07
0.00013586 0.00039347 0.00045269 8.2679e-06 6.4622e-07
0.00013911 0.00039052 0.00045286 8.2771e-06 6.7648e-07
0.0001423 0.00038753 0.00045299 8.2807e-06 7.0374e-07
0.00014569 0.00038465 0.00045328 8.2888e-06 7.3466e-07
0.00014928 0.00038173 0.00045352 8.2911e-06 7.6236e-07
0.00015308 0.00037892 0.00045392 8.298e-06 7.9392e-07
0.00015707 0.0003762 0.00045447 8.3083e-06 8.2875e-07
0.00016125 0.00037356 0.00045515 8.3221e-06 8.671e-07
0.00016538 0.00037089 0.00045579 8.3302e-06 9.0224e-07
0.00016943 0.00036818 0.00045638 8.3326e-06 9.3417e-07
0.00017342 0.00036544 0.00045692 8.3295e-06 9.6292e-07
0.00017764 0.0003628 0.00045763 8.3309e-06 9.961e-07
0.00018212 0.00036026 0.0004585 8.337e-06 1.0348e-06
0.00018685 0.00035782 0.00045955 8.3477e-06 1.0785e-06
0.00019182 0.00035546 0.00046076 8.362e-06 1.1268e-06
0.00019671 0.00035306 0.00046191 8.3704e-06 1.1714e-06
0.00020201 0.0003508 0.00046332 8.3871e-06 1.2252e-06
0.00020785 0.0003487 0.00046508 8.4143e-06 1.2926e-06
0.00021343 0.00034652 0.00046667 8.4315e-06 1.3518e-06
0.00021958 0.00034449 0.00046863 8.4593e-06 1.4246e-06
0.00022248 0.00034259 0.00047092 8.4958e-06 1.5102e-06
0.00022567 0.00034082 0.00047356 8.5409e-06 1.6103e-06
0.00025036 0.00032925 0.00047059 8.8595e-06 2.416e-06
0.00025367 0.00032771 0.00047044 8.9055e-06 2.489e-06
0.00025731 0.00032629 0.00047053 8.9607e-06 2.5773e-06
0.00026074 0.00032499 0.00047087 9.025e-06 2.6825e-06
0.00026455 0.00032381 0.00047149 9.101e-06 2.8102e-06
0.00026877 0.00032275 0.0004724 9.1884e-06 2.9632e-06
0.00030121 0.00031604 0.00048077 9.8059e-06 4.1977e-06
0.00030562 0.00031499 0.00048181 9.8731e-06 4.3539e-06
0.00031042 0.00031404 0.0004831 9.9497e-06 4.3408e-06
0.00031564 0.0003132 0.00048468 1.0036e-05 4.3423e-06
0.00032086 0.00031234 0.00048626 1.0119e-05 4.3424e-06
0.00032608 0.00031148 0.00048783 1.0199e-05 4.3408e-06
0.00033129 0.00031062 0.0004894 1.0275e-05 4.3377e-06
0.0003365 0.00030974 0.00049097 1.0348e-05 4.3329e-06
0.00034171 0.00030886 0.00049253 1.0417e-05 4.3267e-06
0.00034691 0.00030797 0.00049409 1.0482e-05 4.3188e-06
0.00035185 0.00030701 0.00049547 1.0536e-05 4.2994e-06
0.00035722 0.00030615 0.00049715 1.06e-05 4.295e-06
0.00036233 0.00030523 0.00049866 1.0653e-05 4.2803e-06
0.00036796 0.00030442 0.00050051 1.0719e-05 4.283e-06
0.00037335 0.00030355 0.00050221 1.0774e-05 4.2756e-06
0.00037921 0.00030278 0.00050421 1.0839e-05 4.283e-06
0.00038481 0.00030846 0.00050604 1.0893e-05 4.2802e-06
0.0003908 0.00031434 0.00050812 1.0955e-05 4.2889e-06
0.00039714 0.00032041 0.00051042 1.1022e-05 4.307e-06
0.00040337 0.00032641 0.00051265 1.1083e-05 4.3201e-06
0.00040949 0.00033236 0.00051481 1.1138e-05 4.3284e-06
0.00041598 0.00033849 0.00051721 1.12e-05 4.3464e-06
0.00042235 0.00034456 0.00051953 1.1254e-05 4.3595e-06
0.00042861 0.00035057 0.00052177 1.1303e-05 4.3677e-06
0.00043478 0.00035653 0.00052396 1.1345e-05 4.3681e-06
0.00044126 0.00036265 0.00052634 1.1393e-05 4.3767e-06
0.00044763 0.00036871 0.00052865 1.1434e-05 4.3804e-06
0.00045389 0.00037472 0.00053089 1.1468e-05 4.3792e-06
0.00046053 0.0003809 0.00053337 1.1509e-05 4.3877e-06
0.00046705 0.00038703 0.00053577 1.1543e-05 4.3914e-06
0.00047347 0.00039311 0.0005381 1.1572e-05 4.3905e-06
0.00048022 0.00039935 0.00054064 1.1605e-05 4.3978e-06
0.00048685 0.00040553 0.00054311 1.1632e-05 4.4001e-06
0.00049382 0.00041187 0.00054099 1.1664e-05 4.4108e-06
0.00050115 0.00041838 0.00053907 1.17e-05 4.4297e-06
0.00050835 0.00042483 0.00053708 1.1731e-05 4.4437e-06
0.00051543 0.00043122 0.00053501 1.1755e-05 4.4527e-06
0.00052293 0.00043781 0.00053317 1.1785e-05 4.4717e-06
0.00053029 0.00044433 0.00053125 1.1808e-05 4.4852e-06
0.0005316 0.00045113 0.00052963 1.1842e-05 4.5135e-06
0.00053276 0.00045772 0.00052783 1.1864e-05 4.5307e-06
0.00053386 0.00046424 0.00052595 1.1879e-05 4.5426e-06
0.0005349 0.0004707 0.00052402 1.1889e-05 4.5497e-06
0.00053609 0.00047733 0.00052226 1.1903e-05 4.5652e-06
0.00053722 0.0004839 0.00052045 1.1911e-05 4.5757e-06
0.0005383 0.00049041 0.00051856 1.1912e-05 4.5812e-06
0.00053952 0.00049709 0.00051685 1.1919e-05 4.5952e-06
0.00054068 0.00050371 0.00051509 1.1919e-05 4.6043e-06
0.00055483 0.00051017 0.00051315 1.1908e-05 4.6027e-06
0.00057038 0.00051698 0.00051157 1.191e-05 4.6197e-06
0.00058558 0.0005237 0.0005099 1.1904e-05 4.6301e-06
0.00060044 0.00053033 0.00050814 1.1891e-05 4.6341e-06
0.00061613 0.00053717 0.00050658 1.1885e-05 4.6481e-06
0.00063148 0.00054391 0.00050493 1.187e-05 4.6557e-06
0.00064638 0.00055054 0.00050316 1.1847e-05 4.6555e-06
0.00066264 0.0005575 0.00050172 1.1836e-05 4.672e-06
0.00068016 0.00056477 0.00050054 1.1834e-05 4.7029e-06
0.00069704 0.00057187 0.00049922 1.1822e-05 4.7242e-06
0.00071546 0.00057934 0.0004982 1.1822e-05 4.7629e-06
0.00073555 0.00058717 0.00049746 1.1835e-05 4.8196e-06
0.00075719 0.00059535 0.00049696 1.1856e-05 4.7049e-06
0.00077849 0.00060344 0.0004964 1.1872e-05 4.5838e-06
0.00079946 0.00061146 0.00049578 1.1881e-05 4.4563e-06
0.00082162 0.00061973 0.00049534 1.1896e-05 4.3433e-06
0.00084343 0.00062792 0.00049484 1.1905e-05 4.2242e-06
0.00086649 0.00063637 0.00049451 1.192e-05 4.1189e-06
0.00088919 0.00064508 0.00049435 1.1942e-05 4.0264e-06
0.00091317 0.00065406 0.00049436 1.1969e-05 3.946e-06
0.00093679 0.00066297 0.00049431 1.1991e-05 3.86e-06
0.00096007 0.00067179 0.00049421 1.2006e-05 3.7687e-06
0.00098467 0.00068089 0.00049428 1.2028e-05 3.6892e-06
0.0010089 0.00068992 0.0004943 1.2043e-05 3.6047e-06
0.0010344 0.00069923 0.00049446 1.2064e-05 3.5296e-06
0.0010595 0.00070847 0.00049458 1.2078e-05 3.4496e-06
0.0010842 0.00071763 0.00050633 1.2086e-05 3.3643e-06
0.0011103 0.00072707 0.00051895 1.2101e-05 3.2899e-06
0.0011379 0.0007368 0.00052092 1.2122e-05 3.2258e-06
0.0011651 0.00074646 0.00052283 1.2136e-05 3.1569e-06
0.0011937 0.00075637 0.00052493 1.2156e-05 3.0964e-06
0.0012218 0.0007662 0.00052696 1.217e-05 3.0313e-06
0.0012495 0.00077594 0.00052892 1.2177e-05 2.9609e-06
0.001276 0.00078545 0.00053154 1.2172e-05 3.1099e-06
0.0013015 0.00079473 0.00053397 1.2157e-05 3.2447e-06
0.0013294 0.0008045 0.00053682 1.2154e-05 3.4068e-06
0.0013561 0.00081402 0.00053945 1.214e-05 3.5525e-06
0.0013841 0.00082381 0.00054231 1.2131e-05 3.7125e-06
0.0014117 0.00083351 0.00054509 1.2116e-05 3.8655e-06
0.0014406 0.00084347 0.00054809 1.2105e-05 4.033e-06
0.0014712 0.00085374 0.00055138 1.2102e-05 4.2188e-06
0.0015036 0.00086434 0.00055497 1.2104e-05 4.4247e-06
0.0015376 0.00087523 0.00055884 1.2112e-05 4.65e-06
0.0015735 0.00088646 0.00056305 1.2127e-05 4.8992e-06
0.0016115 0.00089804 0.00056761 1.2147e-05 5.1743e-06
0.0016182 0.00090993 0.00057249 1.2173e-05 5.1581e-06
0.0016248 0.00092173 0.00057737 1.2193e-05 5.137e-06
0.0016314 0.00093343 0.00058225 1.2207e-05 5.1109e-06
0.0016385 0.0009456 0.00058713 1.223e-05 5.0994e-06
0.0016452 0.00095841 0.00059201 1.2266e-05 5.1117e-06
0.0016515 0.00097093 0.00059689 1.2292e-05 5.1129e-06
0.0016586 0.00098411 0.00060176 1.233e-05 5.1336e-06
0.0016654 0.000997 0.00060664 1.2358e-05 5.1434e-06
0.0016718 0.0010096 0.00061152 1.2375e-05 5.1423e-06
0.001679 0.0010228 0.00061639 1.2404e-05 5.1604e-06
0.0016858 0.0010358 0.00062127 1.2422e-05 5.1665e-06
0.0016922 0.0010494 0.00062614 1.2454e-05 5.1923e-06
0.0016994 0.0010637 0.00063102 1.2499e-05 5.2387e-06
0.0017062 0.0010777 0.00063589 1.2532e-05 5.2733e-06
0.0017126 0.0010913 0.00064076 1.2555e-05 5.2964e-06
0.0017197 0.0011056 0.00064564 1.2588e-05 5.1471e-06
0.0017264 0.0011195 0.00065051 1.2609e-05 4.9793e-06
0.0017339 0.0011331 0.00065538 1.3642e-05 4.7918e-06
0.0017422 0.0011472 0.00066025 1.4724e-05 4.6392e-06
0.0017503 0.0011612 0.00066512 1.579e-05 4.4779e-06
0.0017582 0.0011751 0.00066999 1.684e-05 4.3085e-06
0.0017659 0.0011888 0.00067486 1.7877e-05 4.1314e-06
0.0017741 0.001203 0.00067973 1.8947e-05 3.9722e-06
0.0017822 0.001217 0.0006846 2.0004e-05 3.806e-06
0.0017909 0.0012315 0.00068946 2.1096e-05 3.6565e-06
0.0017994 0.0012459 0.00069433 2.2175e-05 3.5008e-06
0.0018077 0.0012601 0.0006992 2.3241e-05 3.3387e-06
0.0018167 0.0012748 0.00070406 2.4344e-05 3.1934e-06
0.0018261 0.0012899 0.00070893 2.5478e-05 3.0604e-06
0.0018354 0.0013049 0.00071379 2.6598e-05 2.9212e-06
0.0018445 0.0013198 0.00071866 2.7705e-05 2.7763e-06
0.0018534 0.0013345 0.00072352 2.8799e-05 2.6256e-06
0.001863 0.0013497 0.00072839 2.993e-05 2.4894e-06
0.0018724 0.0013648 0.00073325 3.1047e-05 2.3471e-06
0.0018816 0.0013798 0.00073811 3.215e-05 2.1986e-06
0.0018906 0.0013946 0.00074297 3.3238e-05 2.0437e-06
0.0019002 0.0014099 0.00074784 3.4364e-05 1.9032e-06
0.0019097 0.0014251 0.0007527 3.5475e-05 1.7566e-06
0.0019198 0.0014407 0.00075756 3.6624e-05 1.6234e-06
0.0019305 0.0014568 0.00076242 3.7812e-05 1.5024e-06
0.0019292 0.0014734 0.00076728 3.9041e-05 1.3926e-06
0.0019277 0.0014899 0.00077214 4.0255e-05 1.2775e-06
0.0019262 0.0015062 0.000777 4.1454e-05 1.1574e-06
0.0019251 0.0015231 0.00078186 4.2695e-05 1.0495e-06
0.0019241 0.0015404 0.00078672 4.3972e-05 9.4958e-07
0.0019235 0.0015419 0.00079157 4.5287e-05 8.5708e-07
0.0019228 0.0015434 0.00079643 4.6586e-05 7.6001e-07
0.0019223 0.001545 0.00080129 4.793e-05 6.7122e-07
0.0019222 0.0015467 0.00080615 4.932e-05 5.8992e-07
0.0019224 0.0015486 0.000811 5.0757e-05 5.154e-07
0.0019229 0.0015507 0.00081586 5.2245e-05 4.4702e-07
0.0019237 0.0015529 0.00082072 5.3785e-05 3.8433e-07
0.0019243 0.0015551 0.00082557 5.5302e-05 3.1732e-07
0.0019248 0.0015571 0.00083043 5.6776e-05 2.4308e-07
0.0019249 0.001559 0.00083528 5.8201e-05 1.6033e-07
0.0019248 0.0015607 0.00084014 5.9583e-05 1.5631e-07
0.0019245 0.0015624 0.00084499 6.0926e-05 2.1376e-07
0.0019239 0.0015639 0.00084984 6.2234e-05 2.6579e-07
0.0019236 0.0015655 0.0008547 6.3583e-05 3.2132e-07
0.0019233 0.0015671 0.00085955 6.4915e-05 3.7343e-07
