Acanthisitta_chloris Anas_platyrhynchos Anseranas_semipalmata Anser_brachyrhynchus Anser_cygnoides
7.2186e-06 0.00069728 0.00014638 0.0063732 0.00041921
6.8912e-06 0.00069452 0.00014403 0.0063708 0.00041492
6.6157e-06 0.00069183 0.00014179 0.0063685 0.00041062
6.3224e-06 0.00068911 0.00013951 0.0063661 0.00040633
6.0857e-06 0.00068648 0.00013737 0.0063638 0.00040204
5.8208e-06 0.0006838 0.00013515 0.0063614 0.00039773
5.6194e-06 0.00068123 0.0001331 0.0063591 0.00039345
5.4797e-06 0.0006788 0.00013125 0.0063569 0.00038917
5.082e-06 0.0006763 0.00012929 0.0063546 0.00038489
4.6191e-06 0.00067372 0.00012722 0.0063523 0.00038058
4.2875e-06 0.00067128 0.00012536 0.00635 0.0003763
4.0389e-06 0.00066896 0.00012365 0.0063478 0.00037203
3.7439e-06 0.00066656 0.00012185 0.0063456 0.00036774
3.3998e-06 0.00066409 0.00011995 0.0063433 0.00036344
3.1552e-06 0.00066177 0.00011824 0.0063411 0.00035916
2.9733e-06 0.00065956 0.00011668 0.0063389 0.00035489
2.7559e-06 0.00065727 0.00011502 0.0063367 0.0003506
2.5944e-06 0.0006551 0.00011351 0.0063345 0.00034633
2.4758e-06 0.00065304 0.00011213 0.0063324 0.00034208
2.3954e-06 0.00065111 0.0001109 0.0063303 0.0003378
2.3404e-06 0.0006493 0.00010979 0.0063281 0.00033354
2.2714e-06 0.00064741 0.00010861 0.006326 0.00032926
2.1873e-06 0.00064547 0.00010736 0.0063238 0.00032497
2.1286e-06 0.00064363 0.00010623 0.0063217 0.00032069
2.0546e-06 0.00064172 0.00010502 0.0063195 0.00031639
1.9655e-06 0.00063975 0.00010375 0.0063173 0.00031208
1.9061e-06 0.0006379 0.00010261 0.0063152 0.00030779
1.8318e-06 0.00063598 0.00010139 0.0063131 0.00030348
1.742e-06 0.000634 0.0001001 0.0063109 0.00029916
1.6777e-06 0.00063212 9.8934e-05 0.0063087 0.00029485
1.6338e-06 0.00063037 9.7879e-05 0.0063066 0.00029056
1.4729e-06 0.00062875 9.6948e-05 0.0063046 0.00028629
1.3531e-06 0.00062722 9.356e-05 0.0063026 0.00028203
1.0146e-06 0.00062158 8.1206e-05 0.0062948 0.00026502
9.537e-07 0.00062026 7.835e-05 0.0062929 0.00026078
8.8059e-07 0.00061904 7.5808e-05 0.0062911 0.00025654
7.9368e-07 0.00061776 7.3147e-05 0.0062892 0.0002523
5.3068e-07 0.0006166 7.0726e-05 0.0062873 0.00024807
3.3248e-07 0.00061553 6.8493e-05 0.0062856 0.00024385
1.9016e-07 0.00061457 6.6463e-05 0.0062838 0.00023965
1.7272e-07 0.00061371 6.4227e-05 0.0062821 0.00023546
1.6079e-07 0.00061294 6.2163e-05 0.0062805 0.00023129
1.5425e-07 0.00061227 6.0288e-05 0.0062789 0.00022713
1.5159e-07 0.0006117 5.856e-05 0.0062774 0.00022298
1.4543e-07 0.00061107 5.6738e-05 0.0062758 0.00021882
1.3591e-07 0.00061038 5.4829e-05 0.0062742 0.00021464
1.3109e-07 0.00060979 5.3094e-05 0.0062727 0.00021048
1.02e-07 0.00060915 5.1166e-05 0.0062711 0.00020631
8.0212e-08 0.00060859 4.9388e-05 0.0062696 0.00020214
6.5592e-08 0.00060812 4.7749e-05 0.0062681 0.00019799
5.48e-08 0.00060775 4.6238e-05 0.0062666 0.00019385
4.7535e-08 0.00060748 4.4867e-05 0.0062652 0.00018973
3.7431e-08 0.00060715 4.342e-05 0.0062638 0.00018559
3.0354e-08 0.00060692 4.2107e-05 0.0062625 0.00018146
2.0664e-08 0.00060663 4.0718e-05 0.0062611 0.00017732
1.4261e-08 0.00060628 3.9252e-05 0.0062596 0.00017317
9.1905e-09 0.00060602 3.7901e-05 0.0062582 0.00016902
1.1247e-08 0.0006057 3.6474e-05 0.0062568 0.00016486
1.1751e-08 0.00060546 3.494e-05 0.0062555 0.00016072
9.9203e-09 0.00060517 3.3332e-05 0.0062539 0.00016112
8.5084e-09 0.00060497 3.1848e-05 0.0062524 0.00016152
1.554e-08 0.00060471 3.0284e-05 0.0062509 0.0001619
2.0589e-08 0.0006044 2.8646e-05 0.0062494 0.00016228
2.3779e-08 0.00060403 2.6932e-05 0.0062478 0.00016264
2.823e-08 0.00060375 2.5347e-05 0.0062463 0.00016301
3.0747e-08 0.00060341 2.3688e-05 0.0062447 0.00016336
3.507e-08 0.00060318 2.2174e-05 0.0062432 0.00016371
3.7365e-08 0.0006029 2.059e-05 0.0062417 0.00016405
4.123e-08 0.0006027 1.9124e-05 0.0062402 0.00016439
4.6982e-08 0.00060259 1.7768e-05 0.0062388 0.00016473
5.509e-08 0.00060257 1.6514e-05 0.0062374 0.00016507
6.6218e-08 0.00060247 1.5355e-05 0.006236 0.0001654
7.4206e-08 0.00060231 1.4133e-05 0.0062345 0.00016571
7.9272e-08 0.00060209 1.2846e-05 0.006233 0.00016601
8.1554e-08 0.00060181 1.149e-05 0.0062315 0.0001663
8.1116e-08 0.00060163 1.0303e-05 0.00623 0.00016659
1.1612e-07 0.00060139 9.0525e-06 0.0062285 0.00016687
1.6466e-07 0.00060125 7.9082e-06 0.0062271 0.00016715
1.7665e-07 0.00060121 6.8598e-06 0.0062256 0.00016743
1.9516e-07 0.00060128 5.8975e-06 0.0062243 0.00016771
2.0961e-07 0.0006013 4.8927e-06 0.0062229 0.00016797
2.2072e-07 0.00060127 4.8321e-06 0.0062215 0.00016823
2.3772e-07 0.00060133 4.7848e-06 0.0062202 0.00016849
2.5164e-07 0.00060136 4.7264e-06 0.0062188 0.00016874
2.6984e-07 0.00060144 4.6753e-06 0.0062175 0.00016898
2.5157e-07 0.00060159 4.6313e-06 0.0062161 0.00016922
2.3093e-07 0.00060171 4.5788e-06 0.0062148 0.00016945
2.0805e-07 0.00060182 4.518e-06 0.0062135 0.00016967
1.8896e-07 0.00060197 4.4623e-06 0.0062122 0.00016989
1.6776e-07 0.0006021 4.3985e-06 0.0062109 0.0001701
1.4996e-07 0.00060228 4.3397e-06 0.0062096 0.00017031
1.3508e-07 0.00060252 4.2857e-06 0.0062083 0.00017051
1.1832e-07 0.00060273 4.2237e-06 0.006207 0.00017071
1.0485e-07 0.000603 4.1684e-06 0.0062058 0.0001709
8.9361e-08 0.00060325 4.1043e-06 0.0062045 0.00017108
7.6835e-08 0.00060356 4.0472e-06 0.0062033 0.00017126
6.6833e-08 0.00060393 3.9974e-06 0.0062021 0.00017144
5.9151e-08 0.00060438 3.9555e-06 0.0062009 0.00017161
5.3765e-08 0.00060491 3.9232e-06 0.0061998 0.00017178
5.0404e-08 0.00060553 3.9013e-06 0.0061987 0.00017196
4.492e-08 0.0006061 3.8667e-06 0.0061976 0.00017212
3.7365e-08 0.00060662 3.8201e-06 0.0061965 0.00017227
3.1509e-08 0.00060723 3.7822e-06 0.0061954 0.00017242
2.6942e-08 0.0006079 3.7524e-06 0.0061944 0.00017256
2.3383e-08 0.00060866 3.7304e-06 0.0061933 0.00017271
1.8201e-08 0.00060937 3.6972e-06 0.0061923 0.00017284
1.1322e-08 0.00061004 3.6526e-06 0.0061913 0.00017297
5.727e-09 0.0006108 3.6182e-06 0.0061902 0.00017309
7.4327e-09 0.00061151 3.5726e-06 0.0061892 0.0001732
9.4068e-09 0.00061232 3.5365e-06 0.0061882 0.00017332
1.0071e-08 0.00061308 3.4888e-06 0.0061872 0.00017342
2.465e-08 0.00061378 3.4278e-06 0.0061862 0.00017351
3.6163e-08 0.00061442 3.3528e-06 0.0061851 0.00017359
4.4779e-08 0.00061517 3.2928e-06 0.0061841 0.00017366
5.7052e-08 0.00061586 3.2167e-06 0.006183 0.00017373
7.435e-08 0.00061666 3.1532e-06 0.006182 0.0001738
8.8044e-08 0.0006174 3.0766e-06 0.006181 0.00017385
1.0772e-07 0.00061825 3.013e-06 0.00618 0.00017391
1.0413e-07 0.00061918 2.9567e-06 0.0061791 0.00017397
9.8948e-08 0.00062008 2.8923e-06 0.0061782 0.00017401
9.5566e-08 0.00062105 2.8326e-06 0.0061772 0.00017405
9.0645e-08 0.000622 2.765e-06 0.0061763 0.00017409
8.7385e-08 0.00062301 2.7018e-06 0.0061754 0.00017412
8.567e-08 0.00062408 2.6429e-06 0.0061746 0.00017415
8.2552e-08 0.00062513 2.5765e-06 0.0061737 0.00017417
8.0583e-08 0.00062623 2.513e-06 0.0061728 0.00017418
7.715e-08 0.00062731 2.4416e-06 0.006172 0.00017419
7.5131e-08 0.00062846 2.3742e-06 0.0061711 0.00017419
7.4451e-08 0.00062967 2.3107e-06 0.0061703 0.00017419
7.4784e-08 0.00063093 2.2496e-06 0.0061696 0.00017419
7.3686e-08 0.00063218 2.1809e-06 0.0061688 0.00017418
7.1227e-08 0.0006334 2.1046e-06 0.0061681 0.00017417
6.9777e-08 0.00063467 2.0308e-06 0.0061673 0.00017415
6.6975e-08 0.00063592 1.9496e-06 0.0061666 0.00017412
6.28e-08 0.00063716 1.8609e-06 0.0061658 0.00017408
6.0492e-08 0.00063847 1.7784e-06 0.0061651 0.00017405
5.9629e-08 0.00063987 1.7028e-06 0.0061644 0.000174
5.6938e-08 0.00064137 1.616e-06 0.0061637 0.00017396
5.6057e-08 0.00064281 1.5353e-06 0.0061631 0.00017392
5.3065e-08 0.00064419 1.4438e-06 0.0061625 0.00017387
4.7894e-08 0.00064552 1.3413e-06 0.0061619 0.0001738
4.5225e-08 0.00064698 1.358e-06 0.0061612 0.00017372
4.3821e-08 0.00064853 1.3773e-06 0.0061605 0.00017364
4.3205e-08 0.00065015 1.3977e-06 0.0061599 0.00017356
4.3622e-08 0.00065186 1.4205e-06 0.0061593 0.00017348
4.2572e-08 0.00065352 1.4353e-06 0.0061587 0.00017338
4.2598e-08 0.00065528 1.4526e-06 0.0061582 0.00017329
4.4237e-08 0.00065697 1.4533e-06 0.0061576 0.00017318
4.7272e-08 0.00065875 1.4573e-06 0.006157 0.00017307
4.8299e-08 0.00066048 1.4514e-06 0.0061564 0.00017295
5.0908e-08 0.0006623 1.4492e-06 0.0061559 0.00017283
5.5627e-08 0.00066424 1.4518e-06 0.0061554 0.00017271
6.2897e-08 0.00066631 1.4594e-06 0.0061549 0.00017259
6.5218e-08 0.00066849 1.6086e-06 0.0061545 0.00017245
6.6128e-08 0.00067065 1.7496e-06 0.006154 0.00017231
6.7962e-08 0.00067287 1.8944e-06 0.0061535 0.00017216
6.8396e-08 0.00067507 2.0311e-06 0.006153 0.00017201
7.0065e-08 0.00067735 2.1732e-06 0.0061526 0.00017185
7.0329e-08 0.0006796 2.3069e-06 0.0061521 0.00017168
6.9257e-08 0.00068182 2.4328e-06 0.0061517 0.00017151
6.9424e-08 0.00068413 2.5644e-06 0.0061512 0.00017133
6.819e-08 0.00068641 2.6877e-06 0.0061508 0.00017114
6.562e-08 0.00068866 2.8031e-06 0.0061503 0.00017094
6.398e-08 0.00069098 2.9228e-06 0.0061499 0.00017074
6.0949e-08 0.00069328 3.0341e-06 0.0061494 0.00017053
5.6516e-08 0.00069554 3.1372e-06 0.006149 0.00017031
5.3295e-08 0.00069789 3.2464e-06 0.0061485 0.00017009
4.8137e-08 0.00070019 3.344e-06 0.0061481 0.00016986
4.056e-08 0.0007026 3.3934e-06 0.0061477 0.00016963
5.0279e-08 0.00070494 3.4286e-06 0.0061472 0.00016938
5.8237e-08 0.00070742 3.4133e-06 0.0061469 0.00016914
5.4354e-08 0.00070982 3.371e-06 0.0061464 0.00016888
5.138e-08 0.00071229 3.3326e-06 0.006146 0.00016862
4.7047e-08 0.00071473 3.2861e-06 0.0061456 0.00016835
4.1344e-08 0.00071715 3.2316e-06 0.0061452 0.00016807
3.4253e-08 0.00071954 3.169e-06 0.0061448 0.00016779
2.5752e-08 0.0007219 3.0983e-06 0.0061443 0.00016749
3.4424e-08 0.00072422 3.0192e-06 0.0061439 0.00016718
4.1712e-08 0.00072652 2.9322e-06 0.0061434 0.00016687
4.766e-08 0.0007288 2.8373e-06 0.0061429 0.00016655
5.2287e-08 0.00073105 2.7346e-06 0.0061424 0.00016621
5.785e-08 0.00073337 2.6357e-06 0.006142 0.00016588
6.1962e-08 0.00073566 2.5285e-06 0.0061415 0.00016553
6.3722e-08 0.00073807 2.3781e-06 0.006141 0.00016519
6.4073e-08 0.00074045 2.219e-06 0.0061406 0.00016483
6.5594e-08 0.00074292 2.0663e-06 0.0061402 0.00016448
6.5795e-08 0.00074536 2.2952e-06 0.0061398 0.00016411
6.4677e-08 0.00074778 2.5154e-06 0.0061393 0.00016373
6.2238e-08 0.00075017 2.727e-06 0.0061389 0.00016335
6.0968e-08 0.00075264 2.9479e-06 0.0061384 0.00016296
6.0537e-08 0.00075519 3.1766e-06 0.006138 0.00016257
5.874e-08 0.00075771 3.3958e-06 0.0061376 0.00016217
5.5624e-08 0.0007602 3.6061e-06 0.0061372 0.00016176
5.3632e-08 0.00076278 3.8268e-06 0.0061368 0.00016135
5.0088e-08 0.00076532 4.0364e-06 0.0061364 0.00016093
4.4247e-08 0.00076778 4.2291e-06 0.006136 0.00016049
4.0969e-08 0.0007704 4.4397e-06 0.0061356 0.00016006
3.9709e-08 0.00077317 4.6731e-06 0.0061352 0.00015963
3.9933e-08 0.00077587 4.927e-06 0.006135 0.0001592
3.8922e-08 0.00077854 5.1711e-06 0.0061347 0.00015875
3.8642e-08 0.00078129 5.4282e-06 0.0061344 0.00015831
3.9081e-08 0.00078414 5.699e-06 0.0061341 0.00015786
4.0254e-08 0.00078708 5.9843e-06 0.0061339 0.00015741
4.0166e-08 0.00078999 6.2588e-06 0.0061337 0.00015695
3.8816e-08 0.00079287 6.5227e-06 0.0061335 0.00015648
3.7978e-08 0.00079583 6.7986e-06 0.0061333 0.000156
3.7629e-08 0.00079887 7.0869e-06 0.0061331 0.00015553
3.776e-08 0.00080199 7.3884e-06 0.0061329 0.00015504
3.6694e-08 0.00080508 7.6794e-06 0.0061328 0.00015455
3.4371e-08 0.00080814 7.9593e-06 0.0061326 0.00015406
3.0586e-08 0.0008113 8.2049e-06 0.0061324 0.00015355
2.7354e-08 0.00081455 8.4639e-06 0.0061323 0.00015305
2.2891e-08 0.00081776 8.7121e-06 0.0061321 0.00015253
1.8911e-08 0.00082107 8.974e-06 0.006132 0.00015202
1.5434e-08 0.00082448 9.253e-06 0.006132 0.00015149
1.0764e-08 0.00082785 9.5203e-06 0.0061319 0.00015096
6.5888e-09 0.00083134 9.8074e-06 0.0061318 0.00015043
8.9462e-09 0.00083501 1.013e-05 0.0061318 0.0001499
1.0172e-08 0.00083858 1.0426e-05 0.0061317 0.00014935
1.1809e-08 0.0008423 1.0752e-05 0.0061317 0.00014881
1.4209e-08 0.00084621 1.0661e-05 0.0061318 0.00014826
1.6849e-08 0.00085024 1.0582e-05 0.0061319 0.00014771
1.9736e-08 0.00085437 1.0516e-05 0.006132 0.00014716
2.1449e-08 0.00085846 1.0439e-05 0.0061321 0.0001466
2.3552e-08 0.00086267 1.0375e-05 0.0061322 0.00014604
2.6121e-08 0.00086699 1.0323e-05 0.0061324 0.00014547
2.9248e-08 0.00087143 1.0284e-05 0.0061326 0.0001449
3.1157e-08 0.00087584 1.0235e-05 0.0061328 0.00014432
3.3692e-08 0.00088037 1.0198e-05 0.006133 0.00014373
3.6723e-08 0.000885 1.0171e-05 0.0061332 0.00014315
4.039e-08 0.00088974 1.0154e-05 0.0061334 0.00014256
4.5939e-08 0.00089468 1.0158e-05 0.0061337 0.00014195
5.0065e-08 0.00089957 1.0151e-05 0.0061339 0.00014134
5.2808e-08 0.00090441 1.0135e-05 0.0061341 0.00014072
5.6708e-08 0.00090922 1.0105e-05 0.0061343 0.00014009
5.9296e-08 0.00091399 1.0065e-05 0.0061345 0.00013945
6.3067e-08 0.0009189 1.0038e-05 0.0061347 0.00013881
6.5422e-08 0.00092376 1.0001e-05 0.0061349 0.00013816
6.8733e-08 0.00092873 9.9735e-06 0.0061351 0.00013751
7.3416e-08 0.00093382 9.9556e-06 0.0061353 0.00013685
7.9293e-08 0.00093902 9.9473e-06 0.0061356 0.00013619
8.3668e-08 0.00094419 9.9289e-06 0.0061358 0.00013551
8.6556e-08 0.00094931 9.9007e-06 0.0061361 0.00013483
9.0675e-08 0.00095454 9.8819e-06 0.0061364 0.00013415
9.3285e-08 0.00095974 9.8533e-06 0.0061366 0.00013346
9.4393e-08 0.00096489 9.8146e-06 0.0061369 0.00013275
9.7148e-08 0.00097019 9.7883e-06 0.0061371 0.00013205
1.0191e-07 0.00097564 9.7757e-06 0.0061374 0.00013134
1.1105e-07 0.00098133 9.7872e-06 0.0061378 0.00013063
1.2502e-07 0.00098727 9.8214e-06 0.0061382 0.00012992
1.3559e-07 0.00099343 9.8758e-06 0.0061387 0.00012921
1.431e-07 0.00099948 9.9133e-06 0.0061391 0.00012849
1.5548e-07 0.0010054 9.9735e-06 0.0061396 0.00012777
1.7249e-07 0.0010115 1.0051e-05 0.0061401 0.00012704
1.8564e-07 0.0010175 1.0111e-05 0.0061406 0.00012631
1.9499e-07 0.0010184 1.0153e-05 0.006141 0.00012556
2.0068e-07 0.0010191 1.0175e-05 0.0061415 0.0001248
2.1117e-07 0.00102 1.0217e-05 0.006142 0.00012405
3.1486e-07 0.0010208 1.0239e-05 0.0061424 0.00012328
4.0163e-07 0.0010215 1.0247e-05 0.0061428 0.00012249
5.2295e-07 0.0010223 1.028e-05 0.0061433 0.00012171
6.2452e-07 0.0010231 1.0292e-05 0.0061437 0.00012092
6.9964e-07 0.001024 1.0328e-05 0.0061442 0.00012012
7.6273e-07 0.0010248 1.0347e-05 0.0061447 0.00011932
8.1516e-07 0.0010258 1.0387e-05 0.0061452 0.00011851
8.2025e-07 0.0010269 1.0446e-05 0.0061457 0.0001177
8.3101e-07 0.001028 1.0516e-05 0.0061463 0.00011689
8.4872e-07 0.0010293 1.06e-05 0.0061469 0.00011607
8.6338e-07 0.0010305 1.0673e-05 0.0061475 0.00011525
8.7502e-07 0.0010317 1.0736e-05 0.006148 0.00011441
8.1339e-07 0.0010329 1.0812e-05 0.0061486 0.00011357
7.4685e-07 0.0010341 1.0878e-05 0.0061492 0.00011273
6.9332e-07 0.0010355 1.0958e-05 0.0061499 0.00011188
6.6222e-07 0.0010369 1.1059e-05 0.0061505 0.00011103
6.4413e-07 0.0010385 1.1187e-05 0.0061513 0.00011017
6.2114e-07 0.00104 1.1298e-05 0.006152 0.00010931
6.0689e-07 0.0010417 1.1431e-05 0.0061527 0.00010845
5.8867e-07 0.0010433 1.155e-05 0.0061534 0.00010757
5.783e-07 0.001045 1.1689e-05 0.0061542 0.0001067
5.8215e-07 0.0010466 1.1871e-05 0.0061549 0.00010581
5.9588e-07 0.0010484 1.2085e-05 0.0061557 0.00010492
6.0332e-07 0.0010504 1.2274e-05 0.0061564 0.00010402
6.0703e-07 0.0010523 1.4286e-05 0.0061572 0.00010311
6.1612e-07 0.0010542 1.6404e-05 0.0061579 0.00010219
6.218e-07 0.0010562 1.8472e-05 0.0061587 0.00010127
6.3348e-07 0.0010582 2.0657e-05 0.0061594 0.00010034
6.5654e-07 0.0010602 2.1717e-05 0.0061602 9.9406e-05
6.9345e-07 0.0010623 2.2882e-05 0.006161 9.8468e-05
7.4835e-07 0.0010646 2.416e-05 0.0061618 9.7528e-05
7.5361e-07 0.001067 2.5562e-05 0.0061627 9.6589e-05
7.5289e-07 0.0010693 2.6897e-05 0.0061636 9.5637e-05
7.4618e-07 0.0010718 2.8394e-05 0.0061645 9.4684e-05
7.5032e-07 0.0010742 2.971e-05 0.0061654 9.3719e-05
7.4788e-07 0.0010768 3.1221e-05 0.0061663 9.2754e-05
7.5829e-07 0.0010793 3.2663e-05 0.0061672 9.1777e-05
7.6189e-07 0.0010817 3.4038e-05 0.0061681 9.079e-05
7.7683e-07 0.0010843 3.5549e-05 0.006169 8.9801e-05
8.0481e-07 0.001087 3.7209e-05 0.00617 8.8813e-05
8.2481e-07 0.0010896 3.8784e-05 0.006171 8.7812e-05
8.0209e-07 0.0010924 4.0491e-05 0.006172 8.681e-05
7.7197e-07 0.0010952 4.2121e-05 0.0061729 8.5796e-05
7.4867e-07 0.001098 4.383e-05 0.0061739 8.4779e-05
7.2218e-07 0.0011007 4.5508e-05 0.0061749 8.3752e-05
7.0175e-07 0.0011036 4.5521e-05 0.0061759 8.2721e-05
6.7854e-07 0.0011064 4.552e-05 0.0061769 8.1681e-05
6.525e-07 0.0011092 4.5505e-05 0.0061779 8.0633e-05
6.3226e-07 0.0011121 4.5516e-05 0.0061789 7.958e-05
6.0906e-07 0.0011149 4.5512e-05 0.0061799 7.8517e-05
5.9226e-07 0.0011179 4.554e-05 0.0061809 7.7452e-05
5.814e-07 0.001121 4.56e-05 0.006182 7.6382e-05
5.6744e-07 0.001124 4.5643e-05 0.006183 7.5304e-05
5.6064e-07 0.0011272 4.5728e-05 0.0061841 7.4222e-05
5.6289e-07 0.0011305 4.587e-05 0.0061852 7.314e-05
5.6003e-07 0.001134 4.597e-05 0.0061864 7.2057e-05
5.5201e-07 0.0011377 4.6005e-05 0.0061877 7.0972e-05
5.5294e-07 0.0011416 4.6096e-05 0.0061889 6.9885e-05
5.4849e-07 0.0011454 4.6152e-05 0.0061902 6.8788e-05
5.5266e-07 0.0011494 4.6264e-05 0.0061915 6.7689e-05
5.1723e-07 0.0011536 4.6433e-05 0.0061928 6.6589e-05
4.7379e-07 0.0011577 4.6568e-05 0.0061942 6.5478e-05
4.2142e-07 0.0011617 4.6669e-05 0.0061955 6.4355e-05
3.8494e-07 0.0011659 4.6828e-05 0.0061968 6.3232e-05
3.4009e-07 0.00117 4.6951e-05 0.0061981 6.2097e-05
3.0481e-07 0.0011742 4.7113e-05 0.0061995 6.0959e-05
2.6614e-07 0.0011784 4.7257e-05 0.0062008 5.9812e-05
2.3381e-07 0.0011827 4.7432e-05 0.0062022 5.8661e-05
1.9816e-07 0.001187 4.7589e-05 0.0062035 5.75e-05
1.6934e-07 0.0011914 4.7783e-05 0.0062048 5.8874e-05
1.3655e-07 0.0011957 4.7953e-05 0.006206 6.0238e-05
9.9398e-08 0.0012 4.81e-05 0.0062071 6.1592e-05
7.3085e-08 0.0012044 4.734e-05 0.0062084 6.2945e-05
5.4102e-08 0.0012088 4.6695e-05 0.0062096 6.4285e-05
3.2645e-08 0.0012131 4.6026e-05 0.0062107 6.5617e-05
1.4332e-08 0.0012175 4.54e-05 0.0062119 6.6945e-05
1.495e-08 0.0012219 4.4755e-05 0.0062131 6.8264e-05
1.573e-08 0.0012264 4.4154e-05 0.0062144 6.958e-05
1.5436e-08 0.0012308 4.3536e-05 0.0062156 7.0886e-05
1.5174e-08 0.0012354 4.2955e-05 0.0062168 7.2189e-05
1.4986e-08 0.0012401 4.2412e-05 0.0062181 7.3489e-05
1.5117e-08 0.001245 4.1917e-05 0.0062194 7.4786e-05
1.3928e-08 0.0012498 4.1394e-05 0.0062207 7.6073e-05
1.3258e-08 0.0012548 4.0928e-05 0.006222 7.7358e-05
2.0548e-08 0.00126 4.0524e-05 0.0062234 7.8644e-05
2.9599e-08 0.0012654 4.0168e-05 0.0062248 7.9927e-05
3.6356e-08 0.0012707 3.9779e-05 0.0062262 8.12e-05
9.0568e-08 0.0012759 3.9353e-05 0.0062275 8.2461e-05
1.0675e-07 0.0012813 3.899e-05 0.006229 8.3722e-05
1.1375e-07 0.001287 3.8688e-05 0.0062304 8.4983e-05
1.2267e-07 0.0012929 3.8414e-05 0.0062319 8.6241e-05
1.3365e-07 0.0012988 3.8167e-05 0.0062334 8.7495e-05
1.4293e-07 0.0013047 3.7905e-05 0.0062349 8.8741e-05
1.545e-07 0.0013108 3.767e-05 0.0062365 8.9982e-05
1.642e-07 0.0013168 3.742e-05 0.006238 9.1215e-05
1.7207e-07 0.0013228 3.7155e-05 0.0062395 9.2438e-05
1.8228e-07 0.0013289 3.6915e-05 0.0062411 9.3658e-05
1.9071e-07 0.001335 3.6662e-05 0.0062426 9.4869e-05
1.9726e-07 0.001341 3.6393e-05 0.0062441 9.6071e-05
1.7282e-07 0.0013472 3.6156e-05 0.0062456 9.727e-05
1.5226e-07 0.0013535 3.5944e-05 0.0062472 9.8465e-05
1.2927e-07 0.0013598 3.5716e-05 0.0062488 9.9651e-05
1.1233e-07 0.001366 3.5421e-05 0.0062503 0.00010083
9.8896e-08 0.0013723 3.5159e-05 0.0062519 0.000102
8.7599e-08 0.0013788 3.4923e-05 0.0062534 0.00010317
7.8528e-08 0.0013854 3.4716e-05 0.0062551 0.00010433
7.1336e-08 0.0013923 3.4538e-05 0.0062567 0.0001055
6.5759e-08 0.0013993 3.4388e-05 0.0062584 0.00010666
5.8579e-08 0.0014062 3.4222e-05 0.0062601 0.00010781
4.9821e-08 0.0014131 3.4041e-05 0.0062617 0.00010895
3.7955e-08 0.0014198 3.3825e-05 0.0062633 0.00011008
2.9529e-08 0.0014269 3.3661e-05 0.006265 0.00011121
1.8532e-08 0.0014338 3.3466e-05 0.0062666 0.00011233
2.0604e-08 0.0014405 3.3237e-05 0.0062683 0.00011343
2.3995e-08 0.0014471 3.294e-05 0.0062698 0.00011453
2.6207e-08 0.0014536 3.2629e-05 0.0062714 0.00011562
2.8767e-08 0.0014603 3.2343e-05 0.006273 0.0001167
3.1746e-08 0.0014672 3.2082e-05 0.0062746 0.00011778
3.3491e-08 0.001474 3.1806e-05 0.0062762 0.00011885
3.5686e-08 0.0014809 3.1554e-05 0.0062779 0.00011991
3.6635e-08 0.0014878 3.1288e-05 0.0062795 0.00012097
3.8064e-08 0.0014948 3.1045e-05 0.0062811 0.00012202
3.8226e-08 0.0015018 3.0787e-05 0.0062828 0.00012307
3.6064e-08 0.0015091 3.0565e-05 0.0062844 0.00012411
3.5228e-08 0.0015165 3.0382e-05 0.0062861 0.00012515
3.5663e-08 0.0015243 3.0239e-05 0.0062879 0.00012619
3.748e-08 0.001525 2.9445e-05 0.0062897 0.00012724
3.7187e-08 0.0015255 2.9733e-05 0.0062915 0.00012826
3.8302e-08 0.0015263 2.9368e-05 0.0062933 0.00012929
4.1325e-08 0.0015269 2.9079e-05 0.0062951 0.00013031
4.2852e-08 0.0015275 2.877e-05 0.0062969 0.00013132
4.5479e-08 0.0015281 2.8495e-05 0.0062987 0.00013232
4.9081e-08 0.0015289 2.8247e-05 0.0063005 0.00013332
5.3793e-08 0.0015298 2.8026e-05 0.0063024 0.00013432
5.9776e-08 0.0015308 2.7831e-05 0.0063043 0.00013532
6.6908e-08 0.0015219 2.7657e-05 0.0063062 0.00013631
7.2551e-08 0.0015129 2.7469e-05 0.0063081 0.00013729
7.9819e-08 0.0015042 2.7307e-05 0.0063101 0.00013828
8.5633e-08 0.0014954 2.7131e-05 0.006312 0.00013925
9.2861e-08 0.0014867 2.6977e-05 0.006314 0.00014022
9.851e-08 0.0014781 2.6808e-05 0.0063159 0.00014118
1.057e-07 0.0014695 2.666e-05 0.0063178 0.00014213
1.1127e-07 0.001461 2.6499e-05 0.0063198 0.00014307
1.1524e-07 0.0014524 2.6325e-05 0.0063217 0.000144
1.2121e-07 0.001444 2.6174e-05 0.0063236 0.00014493
1.2553e-07 0.0014355 2.6011e-05 0.0063255 0.00014585
1.32e-07 0.0014272 2.5871e-05 0.0063275 0.00014677
1.3687e-07 0.0014191 2.5757e-05 0.0063295 0.00014769
1.4359e-07 0.0014112 2.5662e-05 0.0063315 0.0001486
1.5285e-07 0.0014035 2.5587e-05 0.0063335 0.00014951
1.6442e-07 0.0013959 2.553e-05 0.0063356 0.00015041
1.7862e-07 0.0013885 2.5491e-05 0.0063377 0.00015132
1.9095e-07 0.001381 2.5441e-05 0.0063398 0.00015221
2.0616e-07 0.0013737 2.5409e-05 0.0063419 0.0001531
2.1928e-07 0.0013663 2.5364e-05 0.006344 0.00015398
2.3624e-07 0.0013592 2.5342e-05 0.0063461 0.00015486
2.5688e-07 0.0013522 2.5338e-05 0.0063482 0.00015573
2.7516e-07 0.0013451 2.5322e-05 0.0063504 0.0001566
2.9832e-07 0.0013382 2.5327e-05 0.0063525 0.00015746
3.2725e-07 0.0013315 2.5355e-05 0.0063547 0.00015832
3.5338e-07 0.0013247 2.5371e-05 0.0063569 0.00015917
3.3707e-07 0.0013181 2.5408e-05 0.0063591 0.00016002
3.2453e-07 0.0013117 2.5464e-05 0.0063614 0.00016087
3.0757e-07 0.0013054 2.5543e-05 0.0063637 0.00016171
2.9497e-07 0.0012993 2.5645e-05 0.006366 0.00016255
2.8031e-07 0.0012931 2.5735e-05 0.0063683 0.00016339
2.6896e-07 0.0012871 2.5844e-05 0.0063706 0.00016421
2.5545e-07 0.001281 2.594e-05 0.0063729 0.00016503
2.4504e-07 0.0012751 2.6055e-05 0.0063752 0.00016585
2.3251e-07 0.0012691 2.6157e-05 0.0063776 0.00016666
2.2356e-07 0.0012633 2.6283e-05 0.0063799 0.00016746
2.1918e-07 0.0012577 2.6444e-05 0.0063823 0.00016827
2.184e-07 0.0012523 2.6635e-05 0.0063847 0.00016907
2.1484e-07 0.0012467 2.6804e-05 0.0063872 0.00016986
2.158e-07 0.0012414 2.7017e-05 0.0063896 0.00017066
2.1286e-07 0.001236 2.7197e-05 0.0063921 0.00017144
2.1567e-07 0.0012308 2.7425e-05 0.0063945 0.00017222
2.1491e-07 0.0012259 2.7708e-05 0.0063971 0.000173
2.1064e-07 0.0012208 2.7963e-05 0.0063996 0.00017377
2.0314e-07 0.0012157 2.8192e-05 0.0064021 0.00017453
2.0035e-07 0.0012108 2.8464e-05 0.0064046 0.00017529
1.9475e-07 0.0012058 2.8712e-05 0.0064071 0.00017604
1.8606e-07 0.0012007 2.8937e-05 0.0064096 0.00017678
1.8138e-07 0.0011957 2.9198e-05 0.0064121 0.00017752
1.7937e-07 0.001191 2.9488e-05 0.0064147 0.00017826
1.7539e-07 0.0011861 2.9762e-05 0.0064173 0.00017899
1.7434e-07 0.0011815 3.0069e-05 0.0064199 0.00017971
1.7145e-07 0.0011767 3.036e-05 0.0064224 0.00018043
1.6671e-07 0.001172 3.0636e-05 0.006425 0.00018113
1.654e-07 0.0011674 3.0952e-05 0.0064276 0.00018184
1.6662e-07 0.0011629 3.1299e-05 0.0064302 0.00018255
1.6554e-07 0.0011584 3.1624e-05 0.0064328 0.00018324
1.6185e-07 0.0011538 3.1925e-05 0.0064354 0.00018392
1.5549e-07 0.0011492 3.2202e-05 0.006438 0.0001846
1.4596e-07 0.0011444 3.245e-05 0.0064405 0.00018526
1.0345e-07 0.0011398 3.2742e-05 0.0064431 0.00018592
7.2672e-08 0.0011355 3.3088e-05 0.0064458 0.00018658
5.0313e-08 0.0011313 3.3491e-05 0.0064485 0.00018725
2.3287e-08 0.0011271 3.386e-05 0.0064512 0.0001879
2.1036e-08 0.0011227 3.4196e-05 0.0064538 0.00018854
2.0001e-08 0.0011186 3.3842e-05 0.0064565 0.00018918
1.9799e-08 0.0011146 3.3535e-05 0.0064592 0.00018983
1.7832e-08 0.0011105 3.3192e-05 0.006462 0.00019046
1.6907e-08 0.0011067 3.2904e-05 0.0064647 0.00019109
1.7088e-08 0.001103 3.2662e-05 0.0064675 0.00019172
1.8154e-08 0.0010995 3.2468e-05 0.0064704 0.00019235
1.9827e-08 0.0010961 3.2313e-05 0.0064733 0.00019299
2.2217e-08 0.0010929 3.2195e-05 0.0064762 0.00019361
2.34e-08 0.0010896 3.2062e-05 0.0064791 0.00019422
2.5037e-08 0.0010865 3.1957e-05 0.006482 0.00019483
2.6973e-08 0.0010834 3.1873e-05 0.0064849 0.00019544
2.772e-08 0.0010803 3.1776e-05 0.0064878 0.00019603
2.8776e-08 0.0010773 3.17e-05 0.0064908 0.00019663
2.8617e-08 0.0010743 3.1611e-05 0.0064937 0.00019722
2.8774e-08 0.0010714 3.1542e-05 0.0064967 0.0001978
2.7782e-08 0.0010684 3.1461e-05 0.0064996 0.00019837
2.7099e-08 0.0010655 3.1402e-05 0.0065026 0.00019894
2.5227e-08 0.0010626 3.1328e-05 0.0065056 0.00019951
2.3823e-08 0.0010598 3.1281e-05 0.0065086 0.00020007
2.2856e-08 0.001057 3.1259e-05 0.0065116 0.00020062
4.1314e-08 0.0010543 3.1213e-05 0.0065146 0.00020117
6.3956e-08 0.0010516 3.1198e-05 0.0065177 0.00020172
9.2048e-08 0.001049 3.1214e-05 0.0065207 0.00020226
1.1741e-07 0.0010465 3.1215e-05 0.0065238 0.0002028
1.4021e-07 0.0010438 3.1201e-05 0.0065269 0.00020332
2.8593e-07 0.0010412 3.1174e-05 0.0065299 0.00020384
3.1315e-07 0.0010386 3.1172e-05 0.006533 0.00020436
3.3763e-07 0.001036 3.1157e-05 0.0065361 0.00020486
3.5946e-07 0.0010334 3.1128e-05 0.0065391 0.00020536
3.8722e-07 0.0010309 3.1125e-05 0.0065422 0.00020585
4.1223e-07 0.0010284 3.1108e-05 0.0065453 0.00020634
4.476e-07 0.001026 3.113e-05 0.0065484 0.00020683
4.7816e-07 0.0010236 3.1133e-05 0.0065515 0.0002073
5.0483e-07 0.0010211 3.1119e-05 0.0065546 0.00020777
5.4072e-07 0.0010188 3.1136e-05 0.0065577 0.00020823
5.7229e-07 0.0010164 3.1137e-05 0.0065608 0.00020869
5.9973e-07 0.0010139 3.112e-05 0.0065639 0.00020914
6.2094e-07 0.0010114 3.1077e-05 0.006567 0.00020957
6.3782e-07 0.0010089 3.1014e-05 0.00657 0.00021
6.6392e-07 0.0010064 3.0987e-05 0.0065731 0.00021042
7.0374e-07 0.0010041 3.0999e-05 0.0065762 0.00021085
7.3985e-07 0.0010018 3.0997e-05 0.0065794 0.00021126
7.7245e-07 0.00099945 3.0982e-05 0.0065825 0.00021167
8.1414e-07 0.00099719 3.0991e-05 0.0065856 0.00021207
7.9136e-07 0.00099502 3.1026e-05 0.0065888 0.00021247
7.7454e-07 0.00099292 3.1082e-05 0.006592 0.00021287
7.5497e-07 0.0009908 3.1126e-05 0.0065952 0.00021326
7.4205e-07 0.00098877 3.1195e-05 0.0065984 0.00021365
7.3543e-07 0.00098682 3.129e-05 0.0066017 0.00021404
7.3629e-07 0.00098499 3.1419e-05 0.006605 0.00021442
7.3086e-07 0.00098308 3.1516e-05 0.0066082 0.00021479
6.7158e-07 0.00098129 3.1653e-05 0.0066115 0.00021517
6.3124e-07 0.00097963 3.1829e-05 0.0066149 0.00021554
6.0157e-07 0.00097807 3.204e-05 0.0066183 0.00021591
5.8017e-07 0.00097661 3.2284e-05 0.0066217 0.00021628
5.6721e-07 0.00097527 3.1649e-05 0.0066252 0.00021665
5.5023e-07 0.00097388 3.0989e-05 0.0066287 0.00021702
5.2901e-07 0.00097245 3.0301e-05 0.0066321 0.00021737
5.0086e-07 0.00097093 2.9568e-05 0.0066356 0.00021771
4.7998e-07 0.00096951 2.8882e-05 0.006639 0.00021804
4.6385e-07 0.00096815 2.8231e-05 0.0066425 0.00021838
4.4511e-07 0.00096677 2.7563e-05 0.006646 0.0002187
4.2393e-07 0.00096537 2.6878e-05 0.0066494 0.00021902
4.0814e-07 0.00096404 2.6234e-05 0.0066529 0.00021933
3.8982e-07 0.00096269 2.5572e-05 0.0066564 0.00021964
3.6913e-07 0.00096131 2.4894e-05 0.0066598 0.00021994
3.4603e-07 0.0009599 2.4199e-05 0.0066633 0.00022022
3.2818e-07 0.00095858 2.3545e-05 0.0066668 0.00022051
3.1488e-07 0.00095734 2.2928e-05 0.0066703 0.00022079
3.0498e-07 0.00095617 2.2342e-05 0.0066738 0.00022107
2.9289e-07 0.00095497 2.1739e-05 0.0066774 0.00022135
2.7859e-07 0.00095374 2.112e-05 0.0066809 0.00022161
2.6219e-07 0.00095248 2.0486e-05 0.0066844 0.00022186
2.4366e-07 0.0009512 1.9836e-05 0.0066879 0.00022211
2.293e-07 0.00095001 1.9222e-05 0.0066915 0.00022235
2.1275e-07 0.00094878 1.8593e-05 0.006695 0.00022259
1.9409e-07 0.00094753 1.7947e-05 0.0066985 0.00022281
1.7331e-07 0.00094625 1.7287e-05 0.006702 0.00022303
1.5035e-07 0.00094495 1.6611e-05 0.0067055 0.00022324
1.3164e-07 0.00094372 1.5971e-05 0.006709 0.00022344
1.1585e-07 0.00094257 1.5361e-05 0.0067126 0.00022364
1.0255e-07 0.00094148 1.4778e-05 0.0067161 0.00022384
9.1368e-08 0.00094046 1.4221e-05 0.0067197 0.00022404
7.8429e-08 0.00093941 1.365e-05 0.0067233 0.00022423
6.782e-08 0.00093844 1.3108e-05 0.006727 0.00022442
5.5643e-08 0.00093745 1.2554e-05 0.0067306 0.00022459
4.5481e-08 0.00093653 1.2028e-05 0.0067342 0.00022477
3.6992e-08 0.0009357 1.1532e-05 0.0067379 0.00022494
3.0138e-08 0.00093495 1.1067e-05 0.0067416 0.00022511
2.1408e-08 0.00093415 1.058e-05 0.0067453 0.00022528
1.4367e-08 0.00093346 1.0128e-05 0.0067491 0.00022544
1.6561e-08 0.00093269 9.6468e-06 0.0067528 0.00022559
1.8917e-08 0.000932 9.1874e-06 0.0067565 0.00022573
2.1465e-08 0.00093136 8.7477e-06 0.0067603 0.00022588
2.4273e-08 0.00093079 8.3269e-06 0.0067641 0.00022602
2.7415e-08 0.00093029 7.924e-06 0.0067679 0.00022616
3.0977e-08 0.00092985 7.5382e-06 0.0067718 0.00022629
3.335e-08 0.00092938 7.141e-06 0.0067756 0.00022642
3.6425e-08 0.00092899 6.7638e-06 0.0067795 0.00022654
4.0318e-08 0.00092868 6.4056e-06 0.0067834 0.00022667
4.4908e-08 0.00092843 6.062e-06 0.0067874 0.00022679
4.8165e-08 0.00092815 5.707e-06 0.0067913 0.0002269
5.0099e-08 0.00092785 5.3404e-06 0.0067952 0.000227
5.2789e-08 0.00092761 4.9886e-06 0.0067992 0.0002271
5.418e-08 0.00092735 4.6259e-06 0.0068031 0.00022719
5.6366e-08 0.00092715 4.2774e-06 0.0068071 0.00022727
5.9429e-08 0.00092701 3.9426e-06 0.0068111 0.00022736
6.3406e-08 0.00092694 3.6203e-06 0.0068151 0.00022744
6.5981e-08 0.00092685 3.2871e-06 0.0068191 0.00022751
6.9528e-08 0.00092681 2.9659e-06 0.0068231 0.00022758
7.1653e-08 0.00092675 2.634e-06 0.0068272 0.00022764
7.5147e-08 0.00092677 2.3166e-06 0.0068312 0.0002277
8.0789e-08 0.00092688 2.0175e-06 0.0068353 0.00022776
8.9009e-08 0.0009271 1.7356e-06 0.0068395 0.00022782
9.4968e-08 0.00092726 1.4395e-06 0.0068436 0.00022787
9.7956e-08 0.00092735 1.1229e-06 0.0068477 0.0002279
9.822e-08 0.00092738 7.868e-07 0.0068518 0.00022793
1.0108e-07 0.00092751 4.7013e-07 0.0068559 0.00022795
1.0121e-07 0.00092756 1.345e-07 0.00686 0.00022796
9.9711e-08 0.00092758 9.7437e-08 0.0068641 0.00022797
9.6592e-08 0.00092757 1.3443e-07 0.0068681 0.00022796
9.484e-08 0.00092762 1.686e-07 0.0068722 0.00022795
9.1573e-08 0.00092765 1.9674e-07 0.0068763 0.00022793
8.9899e-08 0.00092776 2.2241e-07 0.0068804 0.00022791
8.9419e-08 0.00092792 2.4529e-07 0.0068845 0.00022789
8.7457e-08 0.00092806 2.621e-07 0.0068887 0.00022786
8.4006e-08 0.00092818 2.7285e-07 0.0068928 0.00022782
8.2072e-08 0.00092827 2.7742e-07 0.0068969 0.00022777
8.157e-08 0.00092843 2.7961e-07 0.006901 0.00022772
8.2481e-08 0.00092867 2.7942e-07 0.0069052 0.00022766
8.2007e-08 0.00092888 2.7325e-07 0.0069093 0.0002276
8.2968e-08 0.00092917 2.6471e-07 0.0069135 0.00022754
8.2426e-08 0.00092943 2.5006e-07 0.0069177 0.00022746
8.496e-08 0.00092982 2.3503e-07 0.006922 0.00022739
8.4938e-08 0.00093014 3.3545e-07 0.0069262 0.00022731
8.2148e-08 0.00093064 4.4661e-07 0.0069304 0.00022723
7.6513e-08 0.00093106 5.4674e-07 0.0069347 0.00022713
4.9756e-08 0.00093161 6.5322e-07 0.006939 0.00022704
4.7638e-08 0.0009321 7.4915e-07 0.0069432 0.00022694
4.7673e-08 0.00093272 8.5351e-07 0.0069476 0.00022683
4.8512e-08 0.00093341 9.5979e-07 0.0069519 0.00022673
5.0406e-08 0.00093419 1.0693e-06 0.0069563 0.00022662
5.094e-08 0.00093503 1.1665e-06 0.0069607 0.00022651
5.2179e-08 0.00093594 1.2652e-06 0.0069652 0.0002264
5.4417e-08 0.00093693 1.3668e-06 0.0069697 0.00022629
5.5375e-08 0.00093789 1.4611e-06 0.0069742 0.00022617
5.5056e-08 0.00093883 1.5483e-06 0.0069787 0.00022605
5.3398e-08 0.00093975 1.6279e-06 0.0069832 0.00022591
5.0458e-08 0.00094064 1.7004e-06 0.0069877 0.00022577
4.8517e-08 0.0009416 1.7757e-06 0.0069923 0.00022563
4.7501e-08 0.00094265 1.8542e-06 0.0069968 0.00022548
4.5177e-08 0.00094366 1.925e-06 0.0070014 0.00022532
4.1595e-08 0.00094465 1.9886e-06 0.0070059 0.00022516
3.6719e-08 0.00094562 2.0448e-06 0.0070104 0.00022499
3.3871e-08 0.00094208 2.1099e-06 0.007015 0.00022481
3.1557e-08 0.00093863 2.1774e-06 0.0070196 0.00022464
2.8001e-08 0.00093515 2.2373e-06 0.0070242 0.00022446
2.3193e-08 0.00093163 2.2896e-06 0.0070288 0.00022426
1.9039e-08 0.00092822 2.3454e-06 0.0070335 0.00022407
1.5425e-08 0.00092492 2.4051e-06 0.0070381 0.00022387
1.2849e-08 0.00092176 2.4788e-06 0.0070428 0.00022368
8.6063e-09 0.00091852 2.54e-06 0.0070475 0.00022347
4.9917e-09 0.00091543 2.6088e-06 0.0070523 0.00022326
7.1019e-09 0.00091247 2.6858e-06 0.007057 0.00022305
7.8346e-09 0.00090942 2.7498e-06 0.0070618 0.00022283
1.7145e-08 0.00090628 2.8007e-06 0.0070665 0.0002226
2.8807e-08 0.00090329 2.8599e-06 0.0070713 0.00022237
3.7779e-08 0.00090021 2.9061e-06 0.007076 0.00022212
3.5934e-08 0.00089727 2.9607e-06 0.0070808 0.00022188
3.5408e-08 0.00089446 3.0242e-06 0.0070857 0.00022164
3.3143e-08 0.0008916 3.0762e-06 0.0070905 0.00022138
3.1962e-08 0.00088885 3.136e-06 0.0070953 0.00022113
2.8983e-08 0.00088604 3.1837e-06 0.0071002 0.00022086
2.7536e-08 0.00088338 3.243e-06 0.0071051 0.0002206
2.4525e-08 0.00088088 3.3167e-06 0.00711 0.00022033
2.2602e-08 0.00087851 3.4006e-06 0.007115 0.00022007
2.1562e-08 0.00087627 3.4948e-06 0.0071201 0.00021981
2.1602e-08 0.00087417 3.6026e-06 0.0071252 0.00021955
2.3516e-08 0.00087219 3.7269e-06 0.0071303 0.00021928
2.4193e-08 0.00087018 3.8418e-06 0.0071354 0.00021899
2.5311e-08 0.00086826 3.9642e-06 0.0071405 0.00021871
2.6714e-08 0.00085368 4.0925e-06 0.0071456 0.00021842
2.8616e-08 0.00083942 4.2286e-06 0.0071508 0.00021813
2.9366e-08 0.00082509 4.3564e-06 0.007156 0.00021784
3.0651e-08 0.00081108 4.4922e-06 0.0071612 0.00021754
3.252e-08 0.00079738 4.6366e-06 0.0071664 0.00021723
3.5042e-08 0.00078399 4.7898e-06 0.0071717 0.00021693
3.8311e-08 0.0007709 4.9525e-06 0.007177 0.00021662
4.0308e-08 0.00075773 5.1058e-06 0.0071823 0.00021631
4.1089e-08 0.0007445 5.2504e-06 0.0071876 0.00021598
4.2654e-08 0.00073155 5.4046e-06 0.0071929 0.00021566
4.2942e-08 0.00071854 5.5494e-06 0.0071982 0.00021532
4.4037e-08 0.00070544 5.7075e-06 0.0072036 0.00021498
4.3904e-08 0.00069227 5.8566e-06 0.0072088 0.00021462
4.4591e-08 0.00067939 6.016e-06 0.0072142 0.00021427
4.6125e-08 0.00066681 6.1862e-06 0.0072195 0.00021391
4.859e-08 0.00065451 6.3679e-06 0.0072249 0.00021355
5.2715e-08 0.00064258 6.5673e-06 0.0072304 0.00021319
5.4818e-08 0.00063048 6.7506e-06 0.0072358 0.00021282
5.4682e-08 0.00061817 6.9158e-06 0.0072412 0.00021244
5.6398e-08 0.00060625 7.1004e-06 0.0072467 0.00021206
6.0099e-08 0.00059472 7.3056e-06 0.0072522 0.00021167
6.1483e-08 0.00058298 7.4917e-06 0.0072576 0.00021128
6.5572e-08 0.00057169 7.7038e-06 0.0072632 0.00021089
6.7477e-08 0.00056022 7.8985e-06 0.0072687 0.00021048
7.1913e-08 0.00054916 8.1174e-06 0.0072743 0.00021008
7.8712e-08 0.00053842 8.3576e-06 0.0072799 0.00020968
8.3088e-08 0.00052753 8.5795e-06 0.0072855 0.00020927
9.0325e-08 0.00051698 8.8254e-06 0.0072911 0.00020885
9.4512e-08 0.00050622 9.0486e-06 0.0072967 0.00020843
8.3275e-08 0.00049588 9.302e-06 0.0073024 0.000208
6.8291e-08 0.00048532 9.532e-06 0.007308 0.00020756
5.7203e-08 0.00047511 9.7875e-06 0.0073137 0.00020713
4.9903e-08 0.00046522 1.007e-05 0.0073195 0.00020669
4.0341e-08 0.0004552 1.0334e-05 0.0073252 0.00020625
3.2455e-08 0.00044542 1.0617e-05 0.007331 0.0002058
2.6188e-08 0.0004359 1.0924e-05 0.0073368 0.00020535
3.6002e-08 0.00042663 1.1253e-05 0.0073426 0.0002049
4.4004e-08 0.00041726 1.1567e-05 0.0073485 0.00020443
5.4124e-08 0.00040778 1.1916e-05 0.0073543 0.00020396
6.6409e-08 0.00039853 1.2288e-05 0.0073601 0.00020349
7.6579e-08 0.00038919 1.2643e-05 0.007366 0.00020301
8.9727e-08 0.00038009 1.3026e-05 0.0073719 0.00020252
1.0752e-07 0.00037129 1.2947e-05 0.0073778 0.00020204
1.2157e-07 0.00036234 1.2849e-05 0.0073837 0.00020154
1.3181e-07 0.00035372 1.2794e-05 0.0073897 0.00020105
1.4672e-07 0.00034537 1.2763e-05 0.0073957 0.00020055
1.5749e-07 0.00033689 1.2971e-05 0.0074017 0.00020005
1.5056e-07 0.00032867 1.3209e-05 0.0074077 0.00019954
1.4836e-07 0.00032076 1.3482e-05 0.0074139 0.00019904
1.2351e-07 0.00031315 1.3793e-05 0.00742 0.00019853
1.0623e-07 0.00030583 1.4145e-05 0.0074263 0.00019803
9.4615e-08 0.00029878 1.4541e-05 0.0074326 0.00019753
8.7359e-08 0.000292 1.4983e-05 0.007439 0.00019703
8.304e-08 0.00028543 1.5466e-05 0.0074454 0.00019653
7.5776e-08 0.00027874 1.5917e-05 0.0074518 0.00019602
7.2055e-08 0.00027229 1.6414e-05 0.0074583 0.00019551
7.0684e-08 0.00026606 1.6958e-05 0.0074648 0.000195
7.2087e-08 0.00026006 1.7561e-05 0.0074714 0.0001945
7.1082e-08 0.00025395 1.813e-05 0.0074779 0.00019398
6.7462e-08 0.00024771 1.8661e-05 0.0074845 0.00019344
6.6047e-08 0.00024168 1.9242e-05 0.007491 0.00019291
6.3193e-08 0.0002356 1.9807e-05 0.0074976 0.00019237
6.1563e-08 0.00022966 2.0406e-05 0.0075042 0.00019183
5.8521e-08 0.00022367 2.0988e-05 0.0075108 0.00019127
5.4064e-08 0.00021764 2.1554e-05 0.0075174 0.00019071
5.0503e-08 0.00021173 2.2149e-05 0.007524 0.00019015
4.7737e-08 0.00020578 2.2777e-05 0.0075306 0.00018957
4.5682e-08 0.00019994 2.3437e-05 0.0075372 0.000189
4.4539e-08 0.00019423 2.4138e-05 0.0075439 0.00018842
4.1909e-08 0.00018847 2.4816e-05 0.0075506 0.00018783
4.0531e-08 0.00018286 2.5546e-05 0.0075573 0.00018724
4.0945e-08 0.00017742 2.6338e-05 0.007564 0.00018665
3.0954e-08 0.00017187 2.7018e-05 0.0075708 0.00018604
3.6301e-08 0.00016621 2.7655e-05 0.0075774 0.00018543
3.2204e-08 0.00016075 2.8365e-05 0.0075842 0.00018481
2.9932e-08 0.0001552 2.9163e-05 0.0075909 0.00018419
2.9221e-08 0.00014986 3.0046e-05 0.0075977 0.00018357
2.9987e-08 0.00014471 3.1022e-05 0.0076046 0.00018294
3.2335e-08 0.00013975 3.21e-05 0.0076115 0.00018232
3.331e-08 0.0001347 3.3124e-05 0.0076184 0.00018169
3.6007e-08 0.00012984 3.4254e-05 0.0076254 0.00018106
3.5756e-08 0.00012516 3.5499e-05 0.0076324 0.00018042
3.7248e-08 0.00012066 3.6871e-05 0.0076395 0.00017979
2.8536e-08 0.00011632 3.838e-05 0.0076467 0.00017917
2.2361e-08 0.00011214 4.0039e-05 0.0076539 0.00017854
1.3982e-08 0.00010812 4.1862e-05 0.0076612 0.00017791
7.6869e-09 0.00010401 4.3937e-05 0.0076685 0.00017727
8.9194e-09 9.9831e-05 4.592e-05 0.0076757 0.00017662
1.049e-08 9.5779e-05 4.8067e-05 0.007683 0.00017597
1.2527e-08 9.1856e-05 5.039e-05 0.0076904 0.00017532
1.5198e-08 8.7858e-05 5.2978e-05 0.0076977 0.00017466
1.9035e-08 8.4009e-05 5.371e-05 0.0077051 0.00017399
2.0369e-08 8.03e-05 5.3535e-05 0.0077125 0.00017333
2.2608e-08 7.6523e-05 5.386e-05 0.00772 0.00017266
2.3007e-08 7.2883e-05 5.4789e-05 0.0077274 0.00017198
2.1538e-08 6.9358e-05 5.5844e-05 0.0077348 0.00017129
2.0957e-08 6.5943e-05 5.6997e-05 0.0077423 0.00017061
1.8583e-08 6.2455e-05 5.8084e-05 0.0077498 0.00016991
6.6584e-09 5.8894e-05 5.9343e-05 0.0077572 0.0001692
5.9243e-09 5.5266e-05 6.0538e-05 0.0077646 0.00016848
3.8616e-09 5.1571e-05 6.1671e-05 0.007772 0.00016775
1.8971e-09 4.7989e-05 6.2909e-05 0.0077795 0.00016702
2.9791e-09 4.4333e-05 6.4076e-05 0.0077869 0.00016628
3.9013e-09 4.0784e-05 6.5346e-05 0.0077943 0.00016553
3.6642e-09 3.7174e-05 6.6556e-05 0.0078017 0.00016478
3.3094e-09 3.3674e-05 6.7878e-05 0.0078092 0.00016402
8.4728e-09 3.0109e-05 6.9132e-05 0.0078167 0.00016325
1.4032e-08 2.6616e-05 7.046e-05 0.0078242 0.00016248
1.8571e-08 2.3095e-05 7.176e-05 0.0078317 0.0001617
2.3708e-08 1.9647e-05 7.314e-05 0.0078392 0.00016092
2.9634e-08 1.627e-05 7.4604e-05 0.0078468 0.00016014
3.6574e-08 1.2961e-05 7.6155e-05 0.0078544 0.00015935
4.4469e-08 9.7102e-06 7.7785e-05 0.007862 0.00015856
5.3926e-08 6.526e-06 7.9513e-05 0.0078697 0.00015776
6.1874e-08 6.2367e-06 8.1207e-05 0.0078774 0.00015697
7.1688e-08 5.9501e-06 8.3007e-05 0.0078851 0.00015616
7.9927e-08 6.4596e-06 8.4773e-05 0.0078928 0.00015535
9.0287e-08 6.3608e-06 8.6647e-05 0.0079005 0.00015452
9.9078e-08 6.2535e-06 8.8488e-05 0.0079082 0.00015369
1.0632e-07 6.1375e-06 9.0299e-05 0.0079158 0.00015285
1.1531e-07 6.0206e-06 9.22e-05 0.0079235 0.000152
1.2678e-07 5.9037e-06 9.4213e-05 0.0079313 0.00015115
1.3655e-07 5.7782e-06 9.6191e-05 0.007939 0.0001503
1.4874e-07 5.652e-06 9.8274e-05 0.0079468 0.00014944
1.5883e-07 5.5252e-06 0.00010029 0.0079546 0.00014857
1.726e-07 5.389e-06 0.00010223 0.0079624 0.0001477
1.6725e-07 5.2573e-06 0.00010437 0.0079702 0.00014683
1.5811e-07 5.1129e-06 0.0001064 0.007978 0.00014594
1.4494e-07 5.5859e-06 0.00010832 0.0079858 0.00014505
1.3714e-07 6.0729e-06 0.00011044 0.0079937 0.00014415
1.3383e-07 6.5745e-06 0.00011278 0.0080016 0.00014326
1.7105e-07 7.0583e-06 0.000115 0.0080095 0.00014235
1.7249e-07 1.5362e-05 0.00016045 0.0081608 0.00012381
1.7039e-07 1.5756e-05 0.00016307 0.0081688 0.00012277
1.7305e-07 1.6167e-05 0.00016596 0.008177 0.00012172
1.7049e-07 1.7702e-05 0.00017699 0.0082093 0.00011746
1.7329e-07 1.8092e-05 0.00018002 0.0082175 0.00011638
1.8106e-07 1.8499e-05 0.00018336 0.0082257 0.00011531
1.9478e-07 1.8924e-05 0.00018704 0.008234 0.00011423
1.8753e-07 1.9368e-05 0.00019108 0.0082424 0.00011315
1.8571e-07 1.9794e-05 0.00019558 0.0082507 0.00011207
1.8804e-07 2.0234e-05 0.00020046 0.0082591 0.00011098
1.8825e-07 2.0669e-05 0.0002049 0.0082676 0.00010989
2.0035e-07 2.1097e-05 0.00020915 0.0082759 0.00011189
2.2009e-07 2.1518e-05 0.00021376 0.0082842 0.00011389
2.1704e-07 2.192e-05 0.00021985 0.0082925 0.00011588
2.1029e-07 2.2304e-05 0.0002257 0.0083008 0.00011785
2.0906e-07 2.2706e-05 0.00023211 0.0083092 0.00011983
2.0392e-07 2.3089e-05 0.00023822 0.0083175 0.0001218
2.0411e-07 2.3452e-05 0.00024362 0.0083258 0.00012376
2.0966e-07 2.3834e-05 0.00024956 0.0083341 0.00012572
2.113e-07 2.4196e-05 0.00025521 0.0083424 0.00012766
2.0906e-07 2.4539e-05 0.00026071 0.0083507 0.0001296
2.1204e-07 2.49e-05 0.00026673 0.008359 0.00013153
2.2049e-07 2.528e-05 0.00027331 0.0083675 0.00013347
2.3529e-07 2.5679e-05 0.00028052 0.008376 0.00013542
2.5686e-07 2.6059e-05 0.00028833 0.0083845 0.00013737
2.5259e-07 2.6456e-05 0.00029678 0.0083931 0.00013931
2.1706e-07 2.687e-05 0.00030592 0.0084018 0.00014127
1.7434e-07 2.6531e-05 0.00031606 0.0084106 0.00014322
1.4407e-07 2.6212e-05 0.00032717 0.0084194 0.00014518
1.229e-07 2.5911e-05 0.00033934 0.0084283 0.00014715
9.618e-08 2.5591e-05 0.00035095 0.0084372 0.0001491
7.6134e-08 2.5286e-05 0.00036351 0.0084461 0.00015106
6.2343e-08 2.4995e-05 0.00037711 0.0084551 0.00015302
5.2175e-08 2.4719e-05 0.00039182 0.0084642 0.00015498
4.7632e-08 2.4457e-05 0.00040591 0.0084732 0.00015693
4.5424e-08 2.4212e-05 0.00041047 0.0084823 0.00015888
4.1029e-08 2.395e-05 0.00041482 0.0084914 0.00016082
3.8331e-08 2.3701e-05 0.00041955 0.0085006 0.00016276
3.7491e-08 2.3469e-05 0.00042477 0.0085098 0.00016471
3.8094e-08 2.3249e-05 0.00043043 0.0085191 0.00016666
2.792e-08 2.3046e-05 0.00043183 0.0085284 0.00016862
3.2471e-08 2.2824e-05 0.0004331 0.0085377 0.00017056
3.4543e-08 2.2586e-05 0.00043428 0.008547 0.0001725
3.8045e-08 2.2361e-05 0.00043565 0.0085564 0.00017443
4.326e-08 2.2148e-05 0.00043721 0.0085658 0.00017637
4.6471e-08 2.1919e-05 0.00043867 0.0085752 0.00017829
5.2018e-08 2.0614e-05 0.00044036 0.0085847 0.00018022
6.0588e-08 1.9276e-05 0.00044182 0.0085941 0.00018214
7.2371e-08 1.7976e-05 0.00044348 0.0086036 0.00018406
7.0658e-08 1.6722e-05 0.00044342 0.0086132 0.00018599
6.6489e-08 1.6804e-05 0.00044327 0.0086227 0.00018791
6.5108e-08 1.6898e-05 0.00044331 0.0086324 0.00018983
6.6546e-08 1.7003e-05 0.00044354 0.0086209 0.00019176
6.562e-08 1.7121e-05 0.00044354 0.0086095 0.00019369
5.8342e-08 1.7248e-05 0.0004437 0.0085982 0.00019563
5.3505e-08 1.7384e-05 0.00044402 0.008587 0.00019757
5.0713e-08 1.7531e-05 0.00044451 0.0085758 0.00019951
3.2939e-08 1.7689e-05 0.00044519 0.0085647 0.00020147
2.0544e-08 1.7831e-05 0.00044616 0.0085536 0.0002034
2.0773e-08 1.7957e-05 0.00044706 0.0085424 0.00020533
2.1844e-08 1.8095e-05 0.00044815 0.0085313 0.00020726
2.3818e-08 1.8242e-05 0.00044656 0.0085203 0.00020919
2.408e-08 1.8375e-05 0.00044487 0.0085092 0.00021111
3.0961e-08 1.8517e-05 0.00044337 0.0084983 0.00021304
4.0874e-08 1.8673e-05 0.00044211 0.0084874 0.00021497
5.5037e-08 1.8839e-05 0.00044103 0.0084765 0.0002169
6.6052e-08 1.8988e-05 0.00043983 0.0084657 0.00021882
7.4192e-08 1.9147e-05 0.00043992 0.0084548 0.00022075
8.5601e-08 1.9317e-05 0.00044016 0.0084441 0.00022267
9.3755e-08 1.947e-05 0.00044031 0.0084333 0.00022459
9.0747e-08 1.9637e-05 0.00043782 0.0084227 0.00022651
9.1015e-08 1.9788e-05 0.00043565 0.0084119 0.00022842
7.4596e-08 1.9949e-05 0.00043371 0.0084013 0.00023033
6.324e-08 2.0125e-05 0.00043201 0.0083907 0.00023225
4.8338e-08 2.0283e-05 0.00043019 0.0083801 0.00023416
2.9847e-08 2.0455e-05 0.0004282 0.0083695 0.00023607
1.5574e-08 2.0639e-05 0.00042643 0.0083591 0.00023798
1.3986e-08 2.0834e-05 0.00042494 0.0083487 0.0002399
1.0886e-08 2.1014e-05 0.00042336 0.0083382 0.00024181
8.5857e-09 2.1208e-05 0.00042199 0.0083279 0.00024372
1.4501e-08 2.1385e-05 0.00042052 0.0083175 0.00024562
2.2231e-08 2.1577e-05 0.00041926 0.0083072 0.00024753
2.8615e-08 2.1757e-05 0.00041795 0.0082969 0.00024943
3.6057e-08 2.1944e-05 0.00041677 0.0082866 0.00025133
4.4835e-08 2.2137e-05 0.00041571 0.0082763 0.00025322
5.5277e-08 2.2337e-05 0.00041477 0.0082662 0.00025512
6.4158e-08 2.2526e-05 0.00041379 0.008256 0.00025702
8.5487e-08 2.4603e-05 0.00039715 0.0080929 0.00028634
8.2389e-08 2.4691e-05 0.00039621 0.0080828 0.00028813
8.0762e-08 2.4784e-05 0.00039537 0.0080727 0.00028992
7.7746e-08 2.4868e-05 0.00039451 0.0080626 0.00029169
7.3339e-08 2.4942e-05 0.00039361 0.0080525 0.00029346
7.0346e-08 2.5023e-05 0.00039282 0.0080425 0.00029523
6.8655e-08 2.5109e-05 0.00039215 0.0080325 0.000297
6.8207e-08 2.5203e-05 0.00039158 0.0080225 0.00029878
6.6364e-08 2.5286e-05 0.00039097 0.0080125 0.00030054
1.0321e-07 2.5357e-05 0.00039032 0.0080025 0.00030229
1.4696e-07 2.5435e-05 0.00038978 0.0079926 0.00030405
1.9925e-07 2.5519e-05 0.00038934 0.0079827 0.0003058
2.6217e-07 2.561e-05 0.000389 0.0079728 0.00030756
3.2007e-07 2.5689e-05 0.00038861 0.0079629 0.00030931
3.8997e-07 2.5774e-05 0.00038833 0.0079531 0.00031106
4.503e-07 2.5873e-05 0.00038826 0.0079434 0.00031281
5.0275e-07 2.5956e-05 0.00038813 0.0079336 0.00031455
5.7489e-07 2.6054e-05 0.00038473 0.0079238 0.0003163
6.714e-07 2.6164e-05 0.00038162 0.0079142 0.00031805
7.5146e-07 2.6256e-05 0.00037834 0.0079045 0.00031979
8.5178e-07 2.6358e-05 0.0003753 0.0078949 0.00032154
8.6659e-07 2.6472e-05 0.0003725 0.0078853 0.00032328
8.8887e-07 2.6593e-05 0.00036989 0.0078758 0.00032503
8.4381e-07 2.6722e-05 0.00036744 0.0078663 0.00032678
8.085e-07 2.6857e-05 0.00036516 0.0078568 0.00032853
7.6952e-07 2.6982e-05 0.00036282 0.0078474 0.00033027
7.2675e-07 2.7097e-05 0.00036044 0.0078379 0.00033201
6.9309e-07 2.7219e-05 0.00035821 0.0078285 0.00033374
6.6726e-07 2.7348e-05 0.00035613 0.0078191 0.00033548
6.4831e-07 2.7484e-05 0.00035419 0.0078098 0.00033722
6.2642e-07 2.761e-05 0.00035221 0.0078004 0.00033894
6.1086e-07 2.7743e-05 0.00035037 0.0077911 0.00034068
6.0013e-07 2.7881e-05 0.00034864 0.0077819 0.00034241
5.9394e-07 2.8025e-05 0.00034702 0.0077726 0.00034414
5.8538e-07 2.8159e-05 0.00034537 0.0077634 0.00034586
5.8209e-07 2.83e-05 0.00034384 0.0077542 0.00034759
5.7625e-07 2.843e-05 0.00034227 0.007745 0.0003493
5.6807e-07 2.8551e-05 0.00034067 0.0077358 0.00035101
5.6422e-07 2.8677e-05 0.00033917 0.0077266 0.00035272
5.5757e-07 2.8792e-05 0.00033763 0.0077174 0.00035441
5.4839e-07 2.8896e-05 0.00033605 0.0077082 0.0003561
5.3664e-07 2.8989e-05 0.00033442 0.007699 0.00035779
5.3006e-07 2.909e-05 0.00033292 0.0076898 0.00035947
5.284e-07 2.9199e-05 0.00033154 0.0076807 0.00036115
5.2429e-07 2.9297e-05 0.00033012 0.0076716 0.00036283
5.2505e-07 2.9402e-05 0.00032882 0.0076625 0.00036451
5.2986e-07 2.9514e-05 0.00032762 0.0076534 0.00036618
5.3883e-07 2.963e-05 0.00032651 0.0076444 0.00036786
5.455e-07 2.9737e-05 0.00032537 0.0076354 0.00036953
5.4988e-07 2.9834e-05 0.00032419 0.0076263 0.00037119
5.5939e-07 2.9938e-05 0.00032313 0.0076173 0.00037286
5.7444e-07 3.005e-05 0.00032217 0.0076084 0.00037452
5.9553e-07 3.0171e-05 0.00032132 0.0075995 0.00037619
6.2229e-07 3.0297e-05 0.00032056 0.0075906 0.00037785
6.4356e-07 3.0412e-05 0.00031976 0.0075817 0.00037951
6.6208e-07 3.0517e-05 0.00031892 0.0075728 0.00038116
6.7771e-07 3.0611e-05 0.00031806 0.0075639 0.0003828
8.3859e-07 3.0694e-05 0.00031716 0.007555 0.00038444
1.0336e-06 3.0786e-05 0.00031636 0.0075461 0.00038607
1.2172e-06 3.0866e-05 0.00031552 0.0075372 0.0003877
1.2428e-06 3.0953e-05 0.00031477 0.0075284 0.00038932
1.2652e-06 3.1029e-05 0.00031399 0.0075195 0.00039094
1.284e-06 3.1094e-05 0.00031318 0.0075106 0.00039255
1.3104e-06 3.1166e-05 0.00031245 0.0075018 0.00039416
1.3331e-06 3.1227e-05 0.00031169 0.0074929 0.00039576
1.3654e-06 3.1295e-05 0.00031103 0.0074841 0.00039736
1.4069e-06 3.137e-05 0.00031045 0.0074754 0.00039897
1.444e-06 3.1453e-05 0.00030741 0.0074666 0.00040057
1.4911e-06 3.1542e-05 0.00030452 0.0074579 0.00040218
1.533e-06 3.162e-05 0.00030157 0.0074492 0.00040378
1.5701e-06 3.1685e-05 0.00029855 0.0074405 0.00040537
1.6012e-06 3.1738e-05 0.00029544 0.0074318 0.00040694
1.5492e-06 3.1799e-05 0.00029252 0.0074231 0.00040852
1.4927e-06 3.1849e-05 0.00028955 0.0074144 0.00041009
1.4471e-06 3.1906e-05 0.00028672 0.0074057 0.00041167
1.3973e-06 3.1952e-05 0.00028385 0.007397 0.00041323
1.3593e-06 3.2007e-05 0.00028115 0.0073884 0.0004148
1.3174e-06 3.2051e-05 0.0002784 0.0073797 0.00041635
1.2861e-06 3.2103e-05 0.00027582 0.0073711 0.00041791
1.2509e-06 3.2145e-05 0.00027319 0.0073625 0.00041946
1.2254e-06 3.2195e-05 0.00027071 0.0073539 0.00042102
1.2075e-06 3.2251e-05 0.00026837 0.0073454 0.00042257
1.1979e-06 3.2316e-05 0.00026617 0.0073369 0.00042413
1.1849e-06 3.237e-05 0.00026393 0.0073284 0.00042567
1.1785e-06 3.243e-05 0.0002618 0.0073198 0.00042721
1.1786e-06 3.2497e-05 0.0002598 0.0073113 0.00042875
1.1851e-06 3.257e-05 0.0002579 0.0073029 0.00043029
1.1887e-06 3.2632e-05 0.00025597 0.0072944 0.00043182
1.1893e-06 3.2684e-05 0.000254 0.0072859 0.00043335
1.1964e-06 3.2743e-05 0.00025214 0.0072775 0.00043487
1.2102e-06 3.2807e-05 0.00025038 0.0072691 0.0004364
1.2206e-06 3.2861e-05 0.00024859 0.0072607 0.00043791
1.1442e-06 3.2924e-05 0.00024692 0.0072523 0.00043943
1.0818e-06 3.2975e-05 0.00024536 0.007244 0.00044095
1.0133e-06 3.3014e-05 0.00024376 0.0072356 0.00044246
9.5905e-07 3.3063e-05 0.00024228 0.0072273 0.00044398
9.1514e-07 3.3119e-05 0.0002409 0.007219 0.0004455
8.5522e-07 3.3164e-05 0.00023947 0.0072108 0.000447
8.0638e-07 3.3216e-05 0.00023815 0.0072025 0.00044851
7.6913e-07 3.328e-05 0.00023695 0.0071943 0.00045002
7.4142e-07 3.3354e-05 0.00023587 0.0071862 0.00045154
7.2206e-07 3.3439e-05 0.00023489 0.0071781 0.00045306
6.9661e-07 3.3538e-05 0.00023376 0.00717 0.00045459
6.8066e-07 3.3652e-05 0.00023276 0.007162 0.00045612
5.951e-07 3.3779e-05 0.00023189 0.0071541 0.00045765
5.2893e-07 3.3921e-05 0.00023114 0.0071462 0.00045919
4.5754e-07 3.4051e-05 0.00023035 0.0071383 0.00046073
3.9738e-07 3.4189e-05 0.00022964 0.0071304 0.00046226
3.3239e-07 3.4315e-05 0.0002289 0.0071225 0.00046379
2.6297e-07 3.443e-05 0.00022813 0.0071146 0.0004653
1.888e-07 3.4535e-05 0.00022733 0.0071067 0.00046681
1.3138e-07 3.465e-05 0.00022663 0.0070989 0.00046832
6.6454e-08 3.4751e-05 0.00022587 0.007091 0.00046982
6.3049e-08 3.4839e-05 0.00022508 0.0070831 0.00047132
6.0655e-08 3.4936e-05 0.00022437 0.0070753 0.00047281
5.6836e-08 3.5021e-05 0.00022362 0.0070674 0.00047429
5.4196e-08 3.5115e-05 0.00022296 0.0070596 0.00047578
5.261e-08 3.5218e-05 0.00022239 0.0070518 0.00047727
5.176e-08 3.5328e-05 0.00022188 0.007044 0.00047876
5.1884e-08 3.5447e-05 0.00022146 0.0070363 0.00048025
5.2899e-08 3.5554e-05 0.00022111 0.0070286 0.00048175
5.2563e-08 3.565e-05 0.00022073 0.0070209 0.00048324
5.3216e-08 3.5756e-05 0.00022043 0.0070133 0.00048473
5.4979e-08 3.5868e-05 0.00021601 0.0070056 0.00048622
5.7809e-08 3.599e-05 0.00021184 0.0069981 0.00048771
6.181e-08 3.6121e-05 0.00020789 0.0069905 0.00048921
6.4415e-08 3.624e-05 0.00020387 0.006983 0.00049069
6.5631e-08 3.6349e-05 0.00019978 0.0069754 0.00049217
6.5432e-08 3.6447e-05 0.00019563 0.0069678 0.00049364
6.2706e-08 3.6524e-05 0.00019126 0.0069602 0.0004951
5.7459e-08 3.6582e-05 0.00018669 0.0069526 0.00049654
5.3717e-08 3.665e-05 0.00018238 0.006945 0.00049799
4.7698e-08 3.6729e-05 0.00017832 0.0069374 0.00049944
4.2591e-08 3.6815e-05 0.00017445 0.0069299 0.00050089
3.8505e-08 3.691e-05 0.00017078 0.0069224 0.00050234
3.5053e-08 3.7012e-05 0.00016728 0.0069149 0.0005038
3.2141e-08 3.7121e-05 0.00016394 0.0069075 0.00050525
2.9691e-08 3.7238e-05 0.00016076 0.0069001 0.00050671
2.6046e-08 3.7343e-05 0.00015753 0.0068927 0.00050816
2.3002e-08 3.7459e-05 0.00015448 0.0068853 0.00050961
2.0443e-08 3.7583e-05 0.00015159 0.006878 0.00051107
1.8273e-08 3.7718e-05 0.00014886 0.0068707 0.00051253
1.6253e-08 3.786e-05 0.00014626 0.0068634 0.00051399
1.433e-08 3.8009e-05 0.00014378 0.0068562 0.00051545
1.1328e-08 3.8148e-05 0.00014127 0.006849 0.0005169
2.0586e-08 3.8276e-05 0.00013871 0.0068417 0.00051835
3.0905e-08 3.8411e-05 0.00013628 0.0068345 0.00051979
4.2961e-08 3.8557e-05 0.00013398 0.0068273 0.00052124
5.3429e-08 3.8691e-05 0.00013163 0.0068201 0.00052268
6.5933e-08 3.8835e-05 0.00012942 0.006813 0.00052412
8.0939e-08 3.8989e-05 0.00012734 0.0068058 0.00052557
9.4129e-08 3.9132e-05 0.00012521 0.0067987 0.00052701
1.102e-07 3.9285e-05 0.0001232 0.0067916 0.00052845
1.2909e-07 3.9446e-05 0.0001213 0.0067846 0.00052989
1.5131e-07 3.9614e-05 0.00011948 0.0067775 0.00053133
1.7834e-07 3.9793e-05 0.00011778 0.0067705 0.00053278
1.7206e-07 3.9979e-05 0.00011616 0.0067636 0.00053423
1.6396e-07 4.0155e-05 0.0001145 0.0067566 0.00053567
1.5402e-07 4.0319e-05 0.00011281 0.0067496 0.0005371
1.4675e-07 4.0493e-05 0.00011122 0.0067427 0.00053853
1.4188e-07 4.0678e-05 0.00010973 0.0067358 0.00053997
1.354e-07 4.0852e-05 0.00010821 0.0067289 0.0005414
1.3073e-07 4.1035e-05 0.00010676 0.006722 0.00054283
1.2449e-07 4.1206e-05 0.00010529 0.0067151 0.00054425
1.2036e-07 4.1389e-05 0.00010391 0.0067082 0.00054568
1.1469e-07 4.156e-05 0.0001025 0.0067013 0.00054709
1.1061e-07 4.174e-05 0.00010116 0.0066945 0.00054851
1.0838e-07 4.193e-05 9.9908e-05 0.0066877 0.00054993
1.0755e-07 4.2129e-05 9.8722e-05 0.0066809 0.00055136
1.0517e-07 4.2316e-05 9.7508e-05 0.0066741 0.00055277
1.0126e-07 4.2493e-05 9.6267e-05 0.0066673 0.00055418
1.0096e-07 4.2692e-05 9.5161e-05 0.0066606 0.0005556
9.888e-08 4.287e-05 9.398e-05 0.0066538 0.000557
9.9345e-08 4.3029e-05 9.2651e-05 0.006647 0.00055839
9.7755e-08 4.3173e-05 9.1273e-05 0.0066402 0.00055977
9.7485e-08 4.3326e-05 8.9967e-05 0.0066334 0.00056115
9.5785e-08 4.3468e-05 8.8635e-05 0.0066266 0.00056252
9.5342e-08 4.3618e-05 8.7372e-05 0.0066199 0.0005639
9.3396e-08 4.3757e-05 8.6081e-05 0.0066131 0.00056526
8.9939e-08 4.3884e-05 8.476e-05 0.0066063 0.00056662
8.8096e-08 4.4023e-05 8.3521e-05 0.0065995 0.00056798
8.8018e-08 4.4149e-05 8.2241e-05 0.0065928 0.00056933
8.6332e-08 4.4262e-05 8.0926e-05 0.006586 0.00057067
8.603e-08 4.4385e-05 7.9688e-05 0.0065792 0.00057202
8.4178e-08 4.4496e-05 7.8418e-05 0.0065725 0.00057335
8.3525e-08 4.4617e-05 7.7216e-05 0.0065658 0.00057469
8.4409e-08 4.4725e-05 7.598e-05 0.006559 0.00057602
8.383e-08 4.4821e-05 7.4717e-05 0.0065523 0.00057734
8.179e-08 4.4907e-05 7.3426e-05 0.0065455 0.00057865
8.1178e-08 4.5003e-05 7.2211e-05 0.0065388 0.00057997
7.9115e-08 4.5088e-05 7.0969e-05 0.006532 0.00058127
7.5593e-08 4.5162e-05 6.97e-05 0.0065253 0.00058257
7.3469e-08 4.5246e-05 6.8506e-05 0.0065185 0.00058387
7.2662e-08 4.5342e-05 6.7383e-05 0.0065119 0.00058518
7.3143e-08 4.5449e-05 6.6328e-05 0.0065052 0.00058649
7.4932e-08 4.5566e-05 6.5338e-05 0.0064986 0.0005878
7.7775e-08 4.5693e-05 6.4401e-05 0.006492 0.00058911
8.2141e-08 4.5832e-05 6.3526e-05 0.0064855 0.00059043
6.9796e-08 4.5987e-05 6.2729e-05 0.0064789 0.00059173
5.5662e-08 4.613e-05 6.1909e-05 0.0064723 0.00059303
4.3825e-08 4.6285e-05 6.1145e-05 0.0064658 0.00059433
3.3843e-08 4.6452e-05 6.0434e-05 0.0064593 0.00059563
2.2411e-08 4.6607e-05 5.9704e-05 0.0064527 0.00059692
1.2208e-08 4.6772e-05 5.9017e-05 0.0064463 0.00059822
2.9546e-09 4.6945e-05 5.8372e-05 0.0064398 0.00059952
2.7635e-09 4.7107e-05 5.7708e-05 0.0064333 0.00060081
2.1157e-09 4.7279e-05 5.7084e-05 0.0064269 0.0006021
6.6548e-09 4.7438e-05 5.6439e-05 0.0064204 0.00060339
1.1334e-08 4.7607e-05 5.5836e-05 0.006414 0.00060467
1.6529e-08 4.7788e-05 5.5281e-05 0.0064076 0.00060596
1.9918e-08 4.799e-05 5.4794e-05 0.0064013 0.00060726
2.1981e-08 4.8178e-05 5.4281e-05 0.0063949 0.00060855
2.4302e-08 4.8376e-05 5.3805e-05 0.0063886 0.00060984
2.5438e-08 4.8583e-05 5.331e-05 0.0063823 0.00061112
2.5444e-08 4.8779e-05 5.2799e-05 0.0063759 0.00061239
2.5702e-08 4.8985e-05 5.2324e-05 0.0063696 0.00061367
2.4771e-08 4.9178e-05 5.1829e-05 0.0063633 0.00061493
2.2651e-08 4.936e-05 5.1316e-05 0.0063569 0.00061619
2.0977e-08 4.9555e-05 5.0846e-05 0.0063506 0.00061745
1.977e-08 4.9763e-05 5.0421e-05 0.0063443 0.00061872
1.967e-08 4.9998e-05 5.0067e-05 0.0063381 0.00061999
2.0653e-08 5.0259e-05 4.9779e-05 0.006332 0.00062128
2.2524e-08 5.0541e-05 4.9545e-05 0.0063259 0.00062258
1.6351e-08 5.0802e-05 4.9232e-05 0.0063198 0.00062386
1.1826e-08 5.109e-05 4.8983e-05 0.0063137 0.00062515
1.3955e-08 5.14e-05 4.7757e-05 0.0063077 0.00062645
1.4457e-08 5.1686e-05 4.646e-05 0.0063016 0.00062773
1.3436e-08 5.1951e-05 4.5092e-05 0.0062956 0.00062903
1.2614e-08 5.2231e-05 4.3807e-05 0.0062896 0.00063033
1.1877e-08 5.2525e-05 4.2593e-05 0.0062837 0.00063163
1.1065e-08 5.2829e-05 4.1436e-05 0.0062778 0.00063293
9.1923e-09 5.3122e-05 4.0254e-05 0.0062719 0.00063423
7.2188e-09 5.3425e-05 3.9128e-05 0.006266 0.00063552
4.2239e-09 5.3717e-05 3.798e-05 0.0062601 0.00063681
1.1026e-09 5.402e-05 3.6887e-05 0.0062543 0.00063811
1.3558e-09 5.4308e-05 3.5762e-05 0.0062484 0.00063939
5.3674e-09 5.3496e-05 3.4509e-05 0.0062425 0.00064068
1.0346e-08 5.2658e-05 3.3384e-05 0.0062367 0.00064196
1.0209e-08 5.1851e-05 3.2349e-05 0.0062309 0.00064324
1.0427e-08 5.1076e-05 3.1399e-05 0.0062251 0.00064454
1.099e-08 5.0329e-05 3.0526e-05 0.0062194 0.00064584
1.0243e-08 4.9561e-05 2.9614e-05 0.0062137 0.00064713
8.158e-09 4.8822e-05 2.9475e-05 0.0062079 0.00064841
6.2603e-09 4.8107e-05 2.9367e-05 0.0062022 0.00064969
4.6448e-09 4.742e-05 2.8235e-05 0.0061965 0.00065099
2.9456e-09 4.6754e-05 2.7171e-05 0.0061909 0.00065228
6.0249e-09 4.607e-05 2.6072e-05 0.0061852 0.00065357
9.5132e-09 4.5411e-05 2.5051e-05 0.0061796 0.00065487
1.164e-08 4.4731e-05 2.3984e-05 0.006174 0.00065615
1.4326e-08 4.4076e-05 2.2997e-05 0.0061684 0.00065744
1.5381e-08 4.3397e-05 2.1957e-05 0.0061628 0.00065872
1.679e-08 4.2737e-05 2.0981e-05 0.0061572 0.00066
1.8786e-08 4.2101e-05 2.0074e-05 0.0061517 0.00066129
1.9646e-08 4.1451e-05 1.9146e-05 0.0061462 0.00066257
2.0801e-08 4.0818e-05 1.8267e-05 0.0061406 0.00066386
2.2295e-08 4.0199e-05 1.7434e-05 0.0061352 0.00066515
2.2638e-08 3.9568e-05 1.6582e-05 0.0061297 0.00066643
2.3345e-08 3.8952e-05 1.5774e-05 0.0061242 0.00066771
2.4279e-08 3.8347e-05 1.5002e-05 0.0061188 0.000669
2.405e-08 3.7731e-05 1.4212e-05 0.0061134 0.00067028
2.4043e-08 3.7125e-05 1.3456e-05 0.006108 0.00067156
2.2865e-08 3.6508e-05 1.2682e-05 0.0061025 0.00067283
2.2081e-08 3.5905e-05 1.1948e-05 0.0060971 0.00067411
2.1677e-08 3.5316e-05 1.1253e-05 0.0060918 0.00067539
2.1749e-08 3.4713e-05 1.0609e-05 0.0060864 0.00067666
2.2365e-08 3.4127e-05 1.0005e-05 0.0060811 0.00067794
2.4477e-08 3.3566e-05 9.0734e-06 0.0060758 0.00067923
2.7768e-08 3.3027e-05 8.2111e-06 0.0060706 0.00068053
3.2036e-08 3.2505e-05 7.3991e-06 0.0060654 0.00068183
3.4557e-08 3.1964e-05 6.5548e-06 0.0060601 0.00068312
3.5296e-08 3.1442e-05 5.7686e-06 0.006055 0.00068442
3.4326e-08 3.0902e-05 4.9506e-06 0.0060498 0.0006857
3.4422e-08 3.0379e-05 4.1835e-06 0.0060446 0.000687
3.585e-08 2.9876e-05 3.4709e-06 0.0060395 0.0006883
3.5818e-08 2.9359e-05 2.7363e-06 0.0060344 0.00068959
3.434e-08 2.8827e-05 1.9795e-06 0.0060292 0.00069087
3.1398e-08 2.8282e-05 1.9343e-06 0.0060241 0.00069216
2.9132e-08 2.7749e-05 1.8921e-06 0.0060191 0.00069346
2.7672e-08 2.723e-05 1.854e-06 0.006014 0.00069476
2.6848e-08 2.6724e-05 1.8193e-06 0.006009 0.00069606
2.4555e-08 2.6202e-05 1.7755e-06 0.006004 0.00069735
2.3227e-08 2.5698e-05 1.7371e-06 0.0059991 0.00069866
2.0123e-08 2.5217e-05 1.7073e-06 0.0059941 0.00069997
1.7995e-08 2.4753e-05 1.6829e-06 0.0059893 0.00070129
1.6668e-08 2.4307e-05 1.6636e-06 0.0059845 0.00070262
1.629e-08 2.3877e-05 1.6497e-06 0.0059797 0.00070396
1.4224e-08 2.3427e-05 1.6244e-06 0.0059749 0.00070529
1.304e-08 2.2997e-05 1.6058e-06 0.0059701 0.00070663
1.2378e-08 2.2583e-05 1.5922e-06 0.0059654 0.00070797
1.0125e-08 2.2149e-05 1.5673e-06 0.0059607 0.0007093
1.6524e-08 2.1731e-05 1.5517e-06 0.005956 0.00071065
6.2682e-08 2.1294e-05 1.5255e-06 0.0059513 0.00071197
7.6445e-08 2.0877e-05 1.5058e-06 0.0059466 0.00071331
7.6206e-08 2.0422e-05 1.5364e-06 0.0059419 0.00071464
7.8341e-08 1.9982e-05 1.5719e-06 0.0059373 0.00071597
6.5949e-08 1.9522e-05 1.6215e-06 0.0059326 0.00071729
5.6965e-08 1.9078e-05 1.6768e-06 0.005928 0.00071862
5.066e-08 1.8649e-05 1.7382e-06 0.0059234 0.00071995
6.4459e-08 1.82e-05 1.7875e-06 0.0059187 0.00072128
7.5102e-08 1.777e-05 1.8608e-06 0.0059141 0.00072259
7.1915e-08 1.7357e-05 1.7642e-06 0.0059095 0.0007239
7.1044e-08 1.6958e-05 1.6752e-06 0.0059049 0.00072523
7.2956e-08 1.6575e-05 1.5951e-06 0.0059004 0.00072657
7.7283e-08 1.6206e-05 1.5215e-06 0.005896 0.00072792
8.5045e-08 1.5818e-05 1.4637e-06 0.0058915 0.00072926
9.7152e-08 1.5446e-05 1.4129e-06 0.0058871 0.00073061
1.1492e-07 1.5057e-05 1.37e-06 0.0058826 0.00073194
1.2447e-07 1.4684e-05 1.3384e-06 0.0058782 0.00073329
1.1709e-07 1.4326e-05 1.3127e-06 0.0058739 0.00073464
1.0647e-07 1.395e-05 1.2744e-06 0.0058695 0.00073599
1.005e-07 1.3589e-05 1.2404e-06 0.0058652 0.00073734
9.7561e-08 1.3239e-05 1.2103e-06 0.0058609 0.00073871
9.8046e-08 1.29e-05 1.1845e-06 0.0058567 0.00074008
1.4061e-07 1.2574e-05 1.1201e-06 0.0058525 0.00074147
1.999e-07 1.2262e-05 1.0618e-06 0.0058484 0.00074287
2.8928e-07 1.1932e-05 1.0529e-06 0.0058442 0.00074425
3.6368e-07 1.1586e-05 1.0338e-06 0.00584 0.00074562
4.2658e-07 1.1223e-05 1.004e-06 0.0058358 0.00074698
8.6304e-07 1.0844e-05 9.6462e-07 0.0058315 0.00074832
1.0214e-06 1.0478e-05 9.297e-07 0.0058273 0.00074967
1.0681e-06 1.0095e-05 9.026e-07 0.0058231 0.00075101
1.1338e-06 9.7227e-06 8.7808e-07 0.0058189 0.00075236
1.1807e-06 9.3347e-06 8.4419e-07 0.0058147 0.00075369
1.1728e-06 8.9566e-06 8.1279e-07 0.0058105 0.00075504
1.1e-06 8.5883e-06 7.8369e-07 0.0058064 0.00075639
8.7036e-07 8.2034e-06 7.4316e-07 0.0058023 0.00075773
7.0606e-07 7.8308e-06 7.0613e-07 0.0057982 0.00075908
5.8267e-07 7.4698e-06 6.7122e-07 0.0057941 0.00076044
4.9528e-07 7.1199e-06 6.3926e-07 0.0057901 0.00076182
4.3008e-07 6.7782e-06 6.0884e-07 0.0057862 0.0007632
3.8177e-07 6.4208e-06 5.8042e-07 0.0057822 0.00076457
3.2292e-07 6.0714e-06 5.3893e-07 0.0057783 0.00076596
2.8149e-07 5.7075e-06 5.3057e-07 0.0057743 0.00076732
2.5108e-07 5.3515e-06 5.2278e-07 0.0057703 0.00076867
2.0616e-07 4.9799e-06 5.0627e-07 0.0057663 0.00077001
1.5172e-07 4.5928e-06 4.8092e-07 0.0057622 0.00077134
1.1067e-07 4.2135e-06 4.5616e-07 0.0057582 0.00077267
6.5417e-08 3.8187e-06 5.6188e-07 0.0057542 0.00077399
6.212e-08 3.4339e-06 6.752e-07 0.0057502 0.00077532
6.0593e-08 3.0547e-06 7.9302e-07 0.0057462 0.00077666
6.0329e-08 2.6789e-06 9.1424e-07 0.0057423 0.000778
6.1279e-08 2.3064e-06 1.0391e-06 0.0057384 0.00077935
6.3422e-08 1.9363e-06 1.1678e-06 0.0057346 0.00078071
6.6529e-08 1.5672e-06 1.2991e-06 0.0057307 0.00078207
6.8174e-08 1.1885e-06 1.4225e-06 0.0057269 0.00078342
7.1685e-08 7.9764e-07 1.5525e-06 0.0057231 0.00078478
1.0764e-07 7.7679e-07 1.6692e-06 0.0057192 0.00078612
1.1626e-07 9.8454e-07 1.8012e-06 0.0057154 0.00078745
1.0869e-07 1.1942e-06 1.76e-06 0.0057115 0.00078877
1.0511e-07 1.4062e-06 1.7264e-06 0.0057076 0.00079009
1.0513e-07 1.6208e-06 1.7e-06 0.0057038 0.00079143
1.0216e-07 1.8235e-06 1.6621e-06 0.0057 0.00079276
7.9179e-08 2.0289e-06 1.6313e-06 0.0056962 0.0007941
6.1916e-08 2.2359e-06 1.6056e-06 0.0056925 0.00079544
4.8974e-08 2.4315e-06 1.5616e-06 0.0056887 0.00079678
3.2704e-08 2.6302e-06 1.5245e-06 0.005685 0.00079812
2.0859e-08 2.8324e-06 1.4941e-06 0.0056813 0.00079948
1.1609e-08 3.0382e-06 1.4719e-06 0.0056777 0.00080085
1.2827e-08 3.2481e-06 1.4308e-06 0.0056742 0.00080224
7.6485e-09 3.4607e-06 1.3945e-06 0.0056707 0.00080363
9.8053e-09 5.0952e-06 1.347e-06 0.0056671 0.00080501
6.6061e-09 6.6962e-06 1.307e-06 0.0056636 0.00080638
4.0433e-09 8.3528e-06 1.2729e-06 0.0056601 0.00080776
6.328e-09 9.9717e-06 1.4756e-06 0.0056565 0.00080912
7.2087e-09 1.1553e-05 1.6624e-06 0.0056529 0.00081047
8.473e-09 1.3191e-05 1.8653e-06 0.0056494 0.00081184
2.3963e-08 1.4877e-05 2.0915e-06 0.0056459 0.00081321
2.7087e-08 1.6623e-05 2.3378e-06 0.0056425 0.00081459
2.1823e-08 1.8432e-05 2.6061e-06 0.0056391 0.00081599
1.8362e-08 2.0306e-05 2.8989e-06 0.0056358 0.0008174
1.5855e-08 2.2237e-05 3.2136e-06 0.0056325 0.00081883
1.1638e-08 2.2736e-05 3.4923e-06 0.0056292 0.00082026
8.5012e-09 2.3256e-05 3.7975e-06 0.0056261 0.0008217
1.2711e-08 2.3756e-05 4.081e-06 0.0056228 0.00082313
1.8328e-08 2.4277e-05 4.3922e-06 0.0056197 0.00082458
2.5978e-08 2.4822e-05 4.7335e-06 0.0056165 0.00082604
2.8074e-08 2.5386e-05 5.1043e-06 0.0056135 0.0008275
3.1959e-08 2.5974e-05 5.511e-06 0.0056104 0.00082898
3.2487e-08 2.6583e-05 5.9503e-06 0.0056075 0.00083048
3.4674e-08 2.7217e-05 6.4318e-06 0.0056045 0.00083198
3.8763e-08 2.7879e-05 6.9595e-06 0.0056016 0.0008335
4.4882e-08 2.8569e-05 7.3018e-06 0.0055988 0.00083503
4.8841e-08 2.9237e-05 7.6221e-06 0.005596 0.00083655
5.4988e-08 2.993e-05 7.973e-06 0.0055932 0.00083808
6.3365e-08 2.9708e-05 8.352e-06 0.0055904 0.00083962
6.9153e-08 2.9468e-05 8.7069e-06 0.0055876 0.00084115
6.0879e-08 2.9244e-05 9.0972e-06 0.0055848 0.00084268
5.4934e-08 2.9034e-05 9.5191e-06 0.0055821 0.00084423
4.6576e-08 2.8807e-05 9.9155e-06 0.0055794 0.00084577
3.5831e-08 2.8563e-05 1.0289e-05 0.0055766 0.00084729
2.7507e-08 2.8333e-05 1.0696e-05 0.0055739 0.00084882
3.334e-08 2.8122e-05 1.1169e-05 0.0055712 0.00085037
4.0554e-08 2.792e-05 1.1674e-05 0.0055686 0.00085192
4.5985e-08 2.7705e-05 1.2158e-05 0.0055659 0.00085346
5.2741e-08 2.7498e-05 1.1987e-05 0.0055633 0.00085501
6.0642e-08 2.7297e-05 1.1829e-05 0.0055607 0.00085656
6.99e-08 2.7102e-05 1.1683e-05 0.0055581 0.00085812
7.7592e-08 2.6896e-05 1.1526e-05 0.0055555 0.00085967
8.7206e-08 2.6698e-05 1.1384e-05 0.0055529 0.00086123
9.8633e-08 2.6505e-05 1.1254e-05 0.0055504 0.00086278
1.0834e-07 2.6301e-05 1.1114e-05 0.0055478 0.00086434
1.2055e-07 2.6105e-05 1.0987e-05 0.0055453 0.00086589
1.3532e-07 2.5915e-05 1.0873e-05 0.0055428 0.00086746
1.4731e-07 2.5711e-05 1.0744e-05 0.0055403 0.00086901
1.6296e-07 2.5516e-05 1.0631e-05 0.0055378 0.00087056
2.8804e-07 2.5334e-05 1.0551e-05 0.0055353 0.00087213
3.4195e-07 2.5169e-05 1.0497e-05 0.0055329 0.00087372
4.1185e-07 2.5015e-05 1.0462e-05 0.0055306 0.00087531
4.258e-07 2.4873e-05 1.0446e-05 0.0055283 0.00087691
4.4437e-07 2.4737e-05 1.0441e-05 0.005526 0.00087852
4.6042e-07 2.459e-05 1.0426e-05 0.0055237 0.00088013
4.7399e-07 2.4433e-05 1.04e-05 0.0055214 0.00088173
4.9214e-07 2.4281e-05 1.0386e-05 0.0055191 0.00088334
5.1543e-07 2.4134e-05 1.0381e-05 0.0055169 0.00088496
4.9077e-07 2.3995e-05 1.0391e-05 0.0055147 0.00088658
4.6313e-07 2.3846e-05 1.0391e-05 0.0055125 0.0008882
4.4081e-07 2.3701e-05 1.0401e-05 0.0055103 0.00088982
4.232e-07 2.3561e-05 1.0421e-05 0.0055081 0.00089144
4.0299e-07 2.341e-05 1.043e-05 0.0055059 0.00089306
3.8798e-07 2.3266e-05 1.0452e-05 0.0055038 0.00089468
4.1236e-07 2.3127e-05 1.0485e-05 0.0055016 0.00089631
4.3402e-07 2.2977e-05 1.0507e-05 0.0054995 0.00089792
4.5302e-07 2.2817e-05 1.052e-05 0.0054973 0.00089953
4.6706e-07 2.2663e-05 1.0545e-05 0.0054952 0.00090115
4.7861e-07 2.2499e-05 1.0559e-05 0.0054931 0.00090276
4.8762e-07 2.2325e-05 1.0564e-05 0.0054909 0.00090436
4.9111e-07 2.2132e-05 1.0548e-05 0.0054887 0.00090594
4.5866e-07 2.1955e-05 1.0557e-05 0.0054866 0.00090754
4.379e-07 2.1793e-05 1.0591e-05 0.0054845 0.00090916
4.1128e-07 2.1614e-05 1.0606e-05 0.0054824 0.00091076
3.9183e-07 2.1423e-05 1.0638e-05 0.0054803 0.00091236
3.7669e-07 2.1237e-05 1.0679e-05 0.0054783 0.00091398
3.6539e-07 2.1054e-05 1.0732e-05 0.0054762 0.0009156
3.5176e-07 2.0861e-05 1.0773e-05 0.0054742 0.00091721
3.4244e-07 2.0675e-05 1.0828e-05 0.0054722 0.00091882
3.3105e-07 2.0492e-05 1.0894e-05 0.0054702 0.00092044
3.23e-07 2.0313e-05 1.097e-05 0.0054682 0.00092207
3.1808e-07 2.0138e-05 1.1056e-05 0.0054662 0.0009237
3.1615e-07 1.9967e-05 1.1154e-05 0.0054643 0.00092534
2.575e-07 1.9799e-05 1.1262e-05 0.0054624 0.00092698
1.9493e-07 1.9622e-05 1.1361e-05 0.0054605 0.00092861
1.4309e-07 1.9451e-05 1.1474e-05 0.0054586 0.00093025
1.4801e-07 1.9269e-05 1.1576e-05 0.0054567 0.00093188
1.5486e-07 1.9091e-05 1.169e-05 0.0054548 0.00093351
1.3131e-07 1.8916e-05 1.1816e-05 0.005453 0.00093516
1.1195e-07 1.8747e-05 1.1956e-05 0.0054511 0.00093681
9.6051e-08 1.8583e-05 1.2112e-05 0.0054494 0.00093846
8.3019e-08 1.8424e-05 1.2283e-05 0.0054476 0.00094012
7.2372e-08 1.8269e-05 1.247e-05 0.0054458 0.00094179
6.3328e-08 1.8118e-05 1.2671e-05 0.0054441 0.00094347
5.5987e-08 1.7972e-05 1.2889e-05 0.0054424 0.00094515
5.0073e-08 1.7831e-05 1.3125e-05 0.0054408 0.00094684
4.5365e-08 1.7694e-05 1.3379e-05 0.0054391 0.00094853
4.1689e-08 1.7562e-05 1.3653e-05 0.0054375 0.00095023
3.6685e-08 1.7419e-05 1.3914e-05 0.0054359 0.00095193
3.2596e-08 1.7282e-05 1.4196e-05 0.0054343 0.00095363
2.9271e-08 1.7149e-05 1.4497e-05 0.0054327 0.00095533
2.6585e-08 1.702e-05 1.482e-05 0.0054312 0.00095705
2.4251e-08 1.6894e-05 1.5162e-05 0.0054297 0.00095877
2.0717e-08 1.6758e-05 1.5491e-05 0.0054281 0.00096048
1.7484e-08 1.6625e-05 1.5838e-05 0.0054266 0.00096219
1.4466e-08 1.6495e-05 1.6205e-05 0.0054252 0.00096392
1.1801e-08 1.637e-05 1.5864e-05 0.0054237 0.00096564
7.8987e-09 1.6233e-05 1.5506e-05 0.0054222 0.00096736
4.2421e-09 1.6102e-05 1.5172e-05 0.0054208 0.00096909
1.496e-09 1.5954e-05 1.4809e-05 0.0054193 0.0009708
1.8661e-09 1.5791e-05 1.4419e-05 0.0054178 0.0009725
7.1117e-09 1.5612e-05 1.3997e-05 0.0054163 0.00097418
1.3818e-08 1.5444e-05 1.3621e-05 0.0054148 0.00097588
1.8492e-08 1.5288e-05 1.3307e-05 0.0054133 0.00097759
2.1267e-08 1.5117e-05 1.2964e-05 0.0054119 0.00097929
2.5502e-08 1.4956e-05 1.2661e-05 0.0054105 0.000981
3.1237e-08 1.4804e-05 1.2389e-05 0.0054091 0.00098273
3.4901e-08 1.4638e-05 1.2092e-05 0.0054077 0.00098444
3.6561e-08 1.4456e-05 1.1772e-05 0.0054062 0.00098614
4.0121e-08 1.4286e-05 1.1488e-05 0.0054048 0.00098785
4.5982e-08 1.4127e-05 1.1238e-05 0.0054035 0.00098958
5.4796e-08 1.3978e-05 1.1021e-05 0.0054022 0.00099132
5.3165e-08 1.384e-05 1.0835e-05 0.005401 0.00099308
5.3381e-08 1.3711e-05 1.0673e-05 0.0053998 0.00099485
5.1235e-08 1.3565e-05 1.0488e-05 0.0053986 0.00099661
4.6857e-08 1.3405e-05 1.0282e-05 0.0053973 0.00099835
4.4142e-08 1.3252e-05 1.0099e-05 0.0053961 0.0010001
4.2933e-08 1.3106e-05 9.9371e-06 0.0053949 0.0010019
3.9609e-08 1.2945e-05 9.7544e-06 0.0053937 0.0010036
3.8112e-08 1.2793e-05 9.5976e-06 0.0053925 0.0010054
3.8053e-08 1.2627e-05 9.4013e-06 0.0053913 0.0010071
3.5871e-08 1.2445e-05 9.2992e-06 0.0053902 0.0010089
3.4954e-08 1.227e-05 9.2156e-06 0.0053891 0.0010107
3.5592e-08 1.2105e-05 9.154e-06 0.005388 0.0010125
3.4333e-08 1.1925e-05 9.0746e-06 0.0053869 0.0010143
3.402e-08 1.175e-05 9.0103e-06 0.0053859 0.001016
3.2255e-08 1.158e-05 8.9671e-06 0.0053848 0.0010178
2.9242e-08 1.14e-05 8.914e-06 0.0053838 0.0010196
2.6854e-08 1.1223e-05 8.8722e-06 0.0053828 0.0010214
2.4814e-08 1.1047e-05 8.8394e-06 0.0053818 0.0010232
2.3072e-08 1.0873e-05 8.8156e-06 0.0053808 0.0010251
2.1867e-08 1.0703e-05 8.8045e-06 0.0053799 0.0010269
3.625e-08 1.0518e-05 8.7759e-06 0.005379 0.0010287
3.8023e-08 1.0343e-05 8.771e-06 0.005378 0.0010305
4.1325e-08 1.0174e-05 8.7843e-06 0.005377 0.0010323
4.6915e-08 1.0014e-05 8.8199e-06 0.0053761 0.0010341
5.0249e-08 9.8429e-06 8.838e-06 0.0053752 0.0010359
5.5017e-08 9.6757e-06 8.8699e-06 0.0053743 0.0010377
5.8268e-08 9.4986e-06 8.8909e-06 0.0053734 0.0010395
6.2435e-08 9.3223e-06 8.9209e-06 0.0053725 0.0010413
6.52e-08 9.1367e-06 8.941e-06 0.0053716 0.0010431
6.6571e-08 8.9418e-06 8.9515e-06 0.0053706 0.0010449
6.6554e-08 8.7377e-06 8.9523e-06 0.0053697 0.0010467
6.5213e-08 8.5245e-06 8.9439e-06 0.0053688 0.0010485
6.4776e-08 8.3122e-06 8.9444e-06 0.0053679 0.0010503
6.5508e-08 8.1018e-06 8.9559e-06 0.005367 0.0010521
6.744e-08 7.8934e-06 8.9786e-06 0.0053661 0.0010539
6.7957e-08 7.6756e-06 8.9915e-06 0.0053652 0.0010557
6.9407e-08 7.4585e-06 9.0133e-06 0.0053644 0.0010575
6.9524e-08 7.2324e-06 9.0259e-06 0.0053635 0.0010592
7.0589e-08 6.9974e-06 9.0216e-06 0.0053626 0.001061
7.2631e-08 6.7629e-06 9.0261e-06 0.0053618 0.0010628
7.5705e-08 6.5289e-06 9.0395e-06 0.0053609 0.0010646
7.7339e-08 6.2856e-06 9.0432e-06 0.0053601 0.0010664
7.7538e-08 6.0332e-06 9.0371e-06 0.0053592 0.0010682
7.8784e-08 5.7812e-06 9.0399e-06 0.0053584 0.00107
8.1112e-08 5.5294e-06 9.0515e-06 0.0053576 0.0010717
8.1986e-08 5.2686e-06 9.0534e-06 0.0053568 0.0010735
8.4298e-08 5.0091e-06 9.0665e-06 0.005356 0.0010753
8.7791e-08 4.7497e-06 9.0884e-06 0.0053552 0.0010771
8.9793e-08 4.4812e-06 9.1006e-06 0.0053544 0.0010789
9.0389e-08 4.204e-06 9.1037e-06 0.0053536 0.0010807
9.221e-08 3.928e-06 9.1182e-06 0.0053528 0.0010825
9.2616e-08 3.6432e-06 9.1235e-06 0.005352 0.0010843
9.1611e-08 3.3496e-06 9.1197e-06 0.0053512 0.001086
9.2151e-08 3.0571e-06 9.1271e-06 0.0053505 0.0010878
9.1203e-08 2.7556e-06 9.1247e-06 0.0053497 0.0010896
9.1456e-08 2.4539e-06 9.1313e-06 0.0053489 0.0010914
9.3262e-08 2.6584e-06 9.1491e-06 0.0053482 0.0010931
9.3573e-08 2.8543e-06 9.1572e-06 0.0053474 0.0010949
9.5116e-08 3.0485e-06 9.1742e-06 0.0053467 0.0010967
9.5157e-08 3.2342e-06 9.1815e-06 0.005346 0.0010985
9.6794e-08 3.419e-06 9.2001e-06 0.0053453 0.0011003
9.9726e-08 3.6024e-06 9.2277e-06 0.0053446 0.001102
1.0441e-07 3.7852e-06 9.2667e-06 0.0053439 0.0011038
1.0762e-07 3.9595e-06 9.2965e-06 0.0053432 0.0011056
1.1269e-07 4.1333e-06 9.3377e-06 0.0053426 0.0011074
1.1617e-07 4.2985e-06 9.3692e-06 0.0053419 0.0011092
1.1815e-07 4.455e-06 9.3912e-06 0.0053412 0.001111
1.2205e-07 4.611e-06 9.4248e-06 0.0053406 0.0011128
1.2803e-07 4.7667e-06 9.4701e-06 0.00534 0.0011146
1.3245e-07 4.9139e-06 9.506e-06 0.0053393 0.0011164
1.3522e-07 5.0523e-06 9.5321e-06 0.0053387 0.0011182
1.3635e-07 5.182e-06 9.5483e-06 0.005338 0.0011199
1.3593e-07 5.3033e-06 9.5553e-06 0.0053373 0.0011217
1.3398e-07 5.416e-06 9.5529e-06 0.0053367 0.0011235
1.3366e-07 5.5275e-06 9.5598e-06 0.005336 0.0011252
1.3497e-07 5.6377e-06 9.5759e-06 0.0053354 0.001127
1.3474e-07 5.7394e-06 9.5828e-06 0.0053347 0.0011288
1.3615e-07 5.8398e-06 9.5989e-06 0.0053341 0.0011305
1.3602e-07 5.9318e-06 9.6057e-06 0.0053334 0.0011323
1.3435e-07 6.0152e-06 9.6033e-06 0.0053328 0.001134
1.3474e-07 6.0984e-06 9.6126e-06 0.0053322 0.0011358
1.3718e-07 6.1814e-06 9.6335e-06 0.0053316 0.0011376
1.4135e-07 6.2633e-06 9.6639e-06 0.005331 0.0011393
1.478e-07 6.345e-06 9.706e-06 0.0053304 0.0011411
1.5257e-07 6.418e-06 9.7385e-06 0.0053299 0.0011429
1.5998e-07 6.4913e-06 9.7839e-06 0.0053293 0.0011447
1.4657e-07 6.5672e-06 9.8478e-06 0.0053288 0.0011465
1.3833e-07 6.6476e-06 9.492e-06 0.0053284 0.0011483
1.2682e-07 6.716e-06 9.1128e-06 0.0053279 0.0011501
1.2017e-07 6.7892e-06 8.7714e-06 0.0053275 0.0011519
1.1188e-07 6.8538e-06 8.4185e-06 0.005327 0.0011537
1.0532e-07 6.9175e-06 8.0811e-06 0.0053266 0.0011556
1.0032e-07 6.9802e-06 7.7587e-06 0.0053262 0.0011574
9.3723e-08 7.0341e-06 7.4246e-06 0.0053258 0.0011592
8.8576e-08 7.0872e-06 7.105e-06 0.0053254 0.001161
8.4733e-08 7.1394e-06 6.7991e-06 0.0053251 0.0011628
7.9462e-08 7.183e-06 6.4827e-06 0.0053247 0.0011647
7.2752e-08 7.218e-06 6.1558e-06 0.0053243 0.0011665
6.7618e-08 7.2531e-06 5.8454e-06 0.0053239 0.0011683
6.1008e-08 7.2794e-06 5.5239e-06 0.0053235 0.0011701
5.5509e-08 7.3048e-06 5.2153e-06 0.0053232 0.0011719
5.0972e-08 7.3295e-06 4.9189e-06 0.0053229 0.0011738
4.754e-08 7.3543e-06 4.6368e-06 0.0053226 0.0011756
4.509e-08 7.3793e-06 4.3683e-06 0.0053223 0.0011774
4.1311e-08 7.3954e-06 4.6406e-06 0.005322 0.0011793
3.8438e-08 7.4118e-06 4.9268e-06 0.0053217 0.0011811
3.6134e-08 7.4274e-06 5.2246e-06 0.0053215 0.001183
3.2542e-08 7.4434e-06 5.5439e-06 0.0053213 0.0011848
2.9684e-08 7.4596e-06 5.8798e-06 0.0053211 0.0011867
2.5572e-08 7.4669e-06 6.2043e-06 0.0053209 0.0011886
2.2145e-08 7.4747e-06 6.5467e-06 0.0053207 0.0011904
2.1237e-08 7.4875e-06 6.9255e-06 0.0053206 0.0011923
2.143e-08 7.5053e-06 7.3416e-06 0.0053205 0.0011942
2.2484e-08 7.5266e-06 7.7937e-06 0.0053204 0.0011961
2.1984e-08 7.5497e-06 8.2152e-06 0.0053203 0.001198
2.0019e-08 7.562e-06 8.6171e-06 0.0053202 0.0011999
1.8907e-08 7.5778e-06 9.0532e-06 0.0053201 0.0012018
1.8199e-08 7.5947e-06 9.5166e-06 0.0053201 0.0012037
1.7991e-08 7.6137e-06 1.0013e-05 0.0053201 0.0012057
1.8015e-08 7.6332e-06 1.0536e-05 0.0053201 0.0012076
1.8189e-08 7.6524e-06 1.1085e-05 0.0053202 0.0012095
1.8465e-08 7.6711e-06 1.166e-05 0.0053203 0.0012115
1.8995e-08 7.6902e-06 1.2267e-05 0.0053204 0.0012135
1.9793e-08 7.7096e-06 1.2906e-05 0.0053205 0.0012154
2.0888e-08 7.7295e-06 1.358e-05 0.0053207 0.0012174
2.0845e-08 7.7404e-06 1.4238e-05 0.0053208 0.0012194
2.1114e-08 7.7516e-06 1.4933e-05 0.005321 0.0012214
2.1703e-08 7.7633e-06 1.5665e-05 0.0053212 0.0012233
2.2636e-08 7.7753e-06 1.6438e-05 0.0053214 0.0012253
2.2458e-08 7.7787e-06 1.7194e-05 0.0053217 0.0012273
2.2635e-08 7.7825e-06 1.7992e-05 0.0053219 0.0012293
2.3171e-08 7.7866e-06 1.8835e-05 0.0053222 0.0012314
2.4088e-08 7.7912e-06 1.9724e-05 0.0053225 0.0012334
2.542e-08 7.7961e-06 2.0662e-05 0.0053228 0.0012354
2.7029e-08 7.8004e-06 2.1644e-05 0.0053231 0.0012374
2.896e-08 7.804e-06 2.2671e-05 0.0053235 0.0012395
3.1264e-08 7.8071e-06 2.3746e-05 0.0053239 0.0012415
3.2349e-08 7.8012e-06 2.4799e-05 0.0053242 0.0012436
3.2219e-08 7.7864e-06 2.583e-05 0.0053246 0.0012456
3.2674e-08 7.772e-06 2.6918e-05 0.005325 0.0012476
3.3731e-08 7.758e-06 2.8068e-05 0.0053254 0.0012497
3.5429e-08 7.7444e-06 2.9281e-05 0.0053258 0.0012518
3.589e-08 7.7219e-06 3.047e-05 0.0053263 0.0012538
3.7022e-08 7.6997e-06 3.1725e-05 0.0053267 0.0012559
3.6911e-08 7.6687e-06 3.2955e-05 0.0053272 0.0012579
3.5607e-08 7.629e-06 3.4163e-05 0.0053276 0.00126
3.4972e-08 7.5897e-06 3.4075e-05 0.005328 0.001262
3.4981e-08 7.5507e-06 3.4015e-05 0.0053285 0.0012641
3.5423e-08 7.5111e-06 3.3976e-05 0.005329 0.0012662
3.6312e-08 7.4707e-06 3.396e-05 0.0053296 0.0012683
3.5963e-08 7.4214e-06 3.3929e-05 0.0053301 0.0012703
3.6277e-08 7.3724e-06 3.3926e-05 0.0053306 0.0012724
3.7267e-08 7.3146e-06 3.3907e-05 0.0053311 0.0012745
3.7013e-08 7.2479e-06 3.3874e-05 0.0053317 0.0012766
3.7445e-08 7.1815e-06 3.3868e-05 0.0053322 0.0012786
3.6681e-08 7.1064e-06 3.385e-05 0.0053327 0.0012807
3.6384e-08 7.0306e-06 3.3853e-05 0.0053333 0.0012828
3.676e-08 6.955e-06 3.3883e-05 0.0053339 0.0012849
3.594e-08 6.8707e-06 3.39e-05 0.0053344 0.0012869
3.5796e-08 6.7867e-06 3.3943e-05 0.005335 0.001289
3.6115e-08 6.7019e-06 3.401e-05 0.0053356 0.0012911
3.7029e-08 6.6169e-06 3.4101e-05 0.0053363 0.0012932
3.9601e-08 6.5361e-06 3.4239e-05 0.0053369 0.0012954
4.0183e-08 6.4431e-06 3.4348e-05 0.0053376 0.0012975
4.2318e-08 6.3533e-06 3.45e-05 0.0053383 0.0012996
4.3149e-08 6.2547e-06 3.4637e-05 0.005339 0.0013017
4.4805e-08 6.156e-06 3.4801e-05 0.0053397 0.0013038
4.7345e-08 6.0572e-06 3.4995e-05 0.0053404 0.001306
5.0599e-08 5.9573e-06 3.5212e-05 0.0053412 0.0013081
5.4937e-08 5.8573e-06 3.5458e-05 0.005342 0.0013103
5.7966e-08 5.7561e-06 3.5691e-05 0.0053428 0.0013124
6.2183e-08 5.6546e-06 3.5954e-05 0.0053436 0.0013146
6.4997e-08 5.5443e-06 3.6202e-05 0.0053443 0.0013167
6.8839e-08 5.433e-06 3.6477e-05 0.0053452 0.0013189
7.121e-08 5.3128e-06 3.6735e-05 0.0053459 0.001321
7.466e-08 5.1915e-06 3.7021e-05 0.0053468 0.0013232
7.6624e-08 5.0613e-06 3.729e-05 0.0053476 0.0013253
7.9673e-08 4.9299e-06 3.7585e-05 0.0053484 0.0013275
8.1268e-08 4.7897e-06 3.7866e-05 0.0053492 0.0013296
8.1486e-08 4.641e-06 3.8132e-05 0.00535 0.0013317
8.3122e-08 4.492e-06 3.843e-05 0.0053509 0.0013339
8.6237e-08 4.3424e-06 3.876e-05 0.0053517 0.0013361
9.0948e-08 4.1922e-06 3.9124e-05 0.0053526 0.0013382
9.7044e-08 4.0405e-06 3.9517e-05 0.0053535 0.0013404
1.0157e-07 3.8802e-06 3.9894e-05 0.0053544 0.0013426
1.0759e-07 3.7183e-06 4.03e-05 0.0053553 0.0013447
1.12e-07 3.5477e-06 4.069e-05 0.0053562 0.0013469
1.1841e-07 3.3764e-06 4.1115e-05 0.0053571 0.0013491
1.2705e-07 3.2043e-06 4.1578e-05 0.0053581 0.0013513
1.3408e-07 3.0237e-06 4.2025e-05 0.005359 0.0013535
1.3952e-07 2.8348e-06 4.2457e-05 0.00536 0.0013556
1.4337e-07 2.6375e-06 4.2874e-05 0.0053609 0.0013578
1.4905e-07 2.4384e-06 4.3321e-05 0.0053618 0.00136
1.5301e-07 2.2308e-06 4.3752e-05 0.0053628 0.0013621
1.5536e-07 2.5027e-06 4.4167e-05 0.0053637 0.0013643
1.6003e-07 2.7749e-06 4.462e-05 0.0053646 0.0013665
1.6721e-07 3.0476e-06 4.5112e-05 0.0053656 0.0013687
1.7717e-07 3.321e-06 4.5645e-05 0.0053666 0.0013708
1.9027e-07 3.5951e-06 4.622e-05 0.0053676 0.001373
2.0701e-07 3.8701e-06 4.6838e-05 0.0053687 0.0013753
2.2728e-07 4.146e-06 4.7495e-05 0.0053697 0.0013775
2.4525e-07 4.4128e-06 4.8133e-05 0.0053708 0.0013797
2.6096e-07 4.6706e-06 4.8751e-05 0.0053719 0.0013819
2.8113e-07 4.9295e-06 4.8091e-05 0.0053729 0.0013841
2.9891e-07 5.1794e-06 4.7411e-05 0.005374 0.0013863
3.1435e-07 5.4201e-06 4.6712e-05 0.005375 0.0013885
3.2767e-07 5.6521e-06 4.5995e-05 0.0053761 0.0013907
3.4556e-07 5.8852e-06 4.5325e-05 0.0053771 0.0013929
3.6113e-07 6.1093e-06 4.4637e-05 0.0053782 0.0013951
3.7179e-07 6.3205e-06 4.3903e-05 0.0053792 0.0013973
3.7787e-07 6.5188e-06 4.3124e-05 0.0053802 0.0013994
3.5294e-07 6.7218e-06 4.2417e-05 0.0053813 0.0014016
3.3608e-07 6.9295e-06 4.1777e-05 0.0053823 0.0014038
3.1377e-07 7.1239e-06 4.1092e-05 0.0053834 0.001406
2.9835e-07 7.3224e-06 4.0469e-05 0.0053845 0.0014082
2.7801e-07 7.5272e-06 3.9751e-05 0.0053856 0.0014104
2.5294e-07 7.7196e-06 3.8994e-05 0.0053867 0.0014126
2.3455e-07 7.9161e-06 3.8298e-05 0.0053878 0.0014148
2.1145e-07 8.0997e-06 3.7561e-05 0.005389 0.001417
1.8346e-07 8.2888e-06 3.6731e-05 0.0053901 0.0014192
1.6107e-07 8.4803e-06 3.5955e-05 0.0053913 0.0014214
1.4399e-07 8.6758e-06 3.5238e-05 0.0053926 0.0014237
1.2472e-07 8.8619e-06 3.4501e-05 0.0053938 0.0014259
1.0899e-07 9.0499e-06 3.3808e-05 0.005395 0.0014282
9.5696e-08 9.2388e-06 3.3152e-05 0.0053963 0.0014304
8.0549e-08 9.4183e-06 3.2478e-05 0.0053976 0.0014327
6.3497e-08 9.5886e-06 3.1785e-05 0.0053988 0.0014349
4.931e-08 9.7611e-06 3.1135e-05 0.0054001 0.0014372
3.313e-08 9.9238e-06 3.0465e-05 0.0054013 0.0014394
3.2473e-08 1.0076e-05 2.977e-05 0.0054026 0.0014416
3.0664e-08 1.0231e-05 2.9136e-05 0.0054038 0.0014439
2.9414e-08 1.0388e-05 2.8539e-05 0.0054051 0.0014461
2.6796e-08 1.0534e-05 2.7921e-05 0.0054064 0.0014484
2.4808e-08 1.0683e-05 2.7344e-05 0.0054077 0.0014506
2.3696e-08 1.0838e-05 2.6814e-05 0.005409 0.0014529
2.0894e-08 1.0979e-05 2.7329e-05 0.0054104 0.0014552
1.9349e-08 1.1129e-05 2.7195e-05 0.0054117 0.0014574
1.8012e-08 1.128e-05 2.7083e-05 0.0054131 0.0014597
1.5518e-08 1.1422e-05 2.6957e-05 0.0054145 0.001462
1.1897e-08 1.1555e-05 2.6818e-05 0.0054158 0.0014643
1.4435e-08 1.169e-05 2.6704e-05 0.0054172 0.0014665
1.7071e-08 1.1827e-05 2.661e-05 0.0054186 0.0014688
1.8576e-08 1.1954e-05 2.6502e-05 0.00542 0.0014711
2.0212e-08 1.2083e-05 2.6414e-05 0.0054215 0.0014734
2.0712e-08 1.2202e-05 2.6313e-05 0.0054229 0.0014757
2.0115e-08 1.2312e-05 2.6199e-05 0.0054243 0.001478
1.9653e-08 1.2423e-05 2.6105e-05 0.0054257 0.0014803
1.8094e-08 1.2526e-05 2.5999e-05 0.0054271 0.0014825
1.6806e-08 1.263e-05 2.5916e-05 0.0054285 0.0014848
1.5742e-08 1.2738e-05 2.5856e-05 0.00543 0.0014871
3.308e-08 1.2836e-05 2.5782e-05 0.0054315 0.0014894
4.8628e-08 1.2924e-05 2.5695e-05 0.0054329 0.0014917
4.5904e-08 1.3014e-05 2.5627e-05 0.0054344 0.001494
4.4092e-08 1.3107e-05 2.5582e-05 0.0054358 0.0014963
4.307e-08 1.3191e-05 2.5526e-05 0.0054373 0.0014986
4.2624e-08 1.3276e-05 2.5487e-05 0.0054388 0.0015009
4.2741e-08 1.3362e-05 2.5468e-05 0.0054403 0.0015032
4.3432e-08 1.3451e-05 2.5466e-05 0.0054419 0.0015055
4.4949e-08 1.3542e-05 2.5488e-05 0.0054435 0.0015079
4.735e-08 1.3636e-05 2.5531e-05 0.0054451 0.0015102
4.8441e-08 1.3721e-05 2.5562e-05 0.0054466 0.0015126
4.8227e-08 1.3796e-05 2.558e-05 0.0054482 0.0015149
4.6708e-08 1.3861e-05 2.5585e-05 0.0054498 0.0015172
4.6076e-08 1.393e-05 2.5613e-05 0.0054514 0.0015196
4.6309e-08 1.4001e-05 2.5663e-05 0.005453 0.0015219
4.7167e-08 1.4075e-05 2.5732e-05 0.0054546 0.0015243
4.8673e-08 1.415e-05 2.582e-05 0.0054563 0.0015266
4.8873e-08 1.4215e-05 2.5895e-05 0.0054579 0.001529
4.7823e-08 1.4272e-05 2.5958e-05 0.0054596 0.0015313
4.767e-08 1.433e-05 2.604e-05 0.0054612 0.0015337
4.8159e-08 1.4389e-05 2.6141e-05 0.0054629 0.001536
4.7346e-08 1.444e-05 2.6229e-05 0.0054646 0.0015384
4.7172e-08 1.4492e-05 2.6337e-05 0.0054663 0.0015408
4.5756e-08 1.4534e-05 2.6432e-05 0.0054679 0.0015431
4.5203e-08 1.458e-05 2.655e-05 0.0054696 0.0015455
4.3347e-08 1.4617e-05 2.6656e-05 0.0054713 0.0015479
4.2322e-08 1.4656e-05 2.6785e-05 0.0054731 0.0015503
4.1861e-08 1.4697e-05 2.6934e-05 0.0054748 0.0015526
4.1951e-08 1.4741e-05 2.7103e-05 0.0054766 0.001555
4.0823e-08 1.4774e-05 2.726e-05 0.0054783 0.0015574
3.8475e-08 1.4799e-05 2.7405e-05 0.0054801 0.0015598
3.4901e-08 1.4815e-05 2.7537e-05 0.0054818 0.0015622
3.2092e-08 1.4833e-05 2.7694e-05 0.0054836 0.0015646
2.9946e-08 1.4855e-05 2.7875e-05 0.0054853 0.001567
2.8381e-08 1.488e-05 2.8082e-05 0.0054872 0.0015694
2.7151e-08 1.4907e-05 2.8311e-05 0.005489 0.0015718
2.4748e-08 1.4925e-05 2.8526e-05 0.0054908 0.0015742
2.3381e-08 1.495e-05 2.8782e-05 0.0054927 0.0015766
2.3274e-08 1.4986e-05 2.9088e-05 0.0054946 0.0015791
2.1436e-08 1.5007e-05 2.9364e-05 0.0054965 0.0015815
2.0801e-08 1.5038e-05 2.9692e-05 0.0054984 0.0015839
2.1012e-08 1.508e-05 3.0074e-05 0.0055003 0.0015864
2.2086e-08 1.5107e-05 3.0505e-05 0.0055022 0.0015888
2.1506e-08 1.5224e-05 3.385e-05 0.0055161 0.0016061
2.1329e-08 1.5206e-05 3.4408e-05 0.0055181 0.0016086
2.2021e-08 1.5195e-05 3.5049e-05 0.00552 0.0016111
2.3784e-08 1.5192e-05 3.5755e-05 0.0055221 0.0016135
2.697e-08 1.5174e-05 3.6351e-05 0.0055241 0.001616
3.1872e-08 1.5166e-05 3.7022e-05 0.0055261 0.0016185
6.4156e-08 1.5036e-05 4.2156e-05 0.0055407 0.001636
6.4071e-08 1.4983e-05 4.2833e-05 0.0055427 0.0016385
6.5981e-08 1.6286e-05 4.3419e-05 0.0055448 0.0016409
7.0103e-08 1.7628e-05 4.407e-05 0.0055468 0.0016434
7.3422e-08 1.8963e-05 4.4716e-05 0.0055489 0.0016459
7.5938e-08 2.0293e-05 4.5359e-05 0.0055509 0.0016484
7.765e-08 2.1617e-05 4.5996e-05 0.005553 0.0016508
7.8558e-08 2.2936e-05 4.663e-05 0.005555 0.0016533
7.8663e-08 2.4248e-05 4.7259e-05 0.0055571 0.0016558
7.7965e-08 2.5556e-05 4.7884e-05 0.0055591 0.0016582
7.458e-08 2.683e-05 4.8461e-05 0.0055611 0.0016607
7.3564e-08 2.8143e-05 4.9106e-05 0.0055632 0.0016631
7.0729e-08 2.9427e-05 4.9707e-05 0.0055652 0.0016656
7.0642e-08 3.0757e-05 5.039e-05 0.0055672 0.001668
6.8173e-08 3.2058e-05 5.1029e-05 0.0055693 0.0016705
6.788e-08 3.3399e-05 5.1739e-05 0.0055714 0.001673
6.527e-08 3.471e-05 5.6639e-05 0.0055734 0.0016754
6.4176e-08 3.6052e-05 6.1847e-05 0.0055755 0.0016779
6.418e-08 3.7421e-05 6.733e-05 0.0055776 0.0016804
6.2798e-08 3.8775e-05 7.2728e-05 0.0055797 0.0016829
6.0033e-08 4.0113e-05 7.8043e-05 0.0055818 0.0016853
5.8411e-08 4.1479e-05 8.3647e-05 0.0055839 0.0016878
5.5423e-08 4.283e-05 8.9165e-05 0.0055861 0.0016903
5.106e-08 4.4165e-05 9.4597e-05 0.0055881 0.0016927
4.5375e-08 4.5486e-05 9.9955e-05 0.0055902 0.0016952
4.054e-08 4.683e-05 0.00010556 0.0055923 0.0016977
3.435e-08 4.8159e-05 0.00011108 0.0055944 0.0017001
2.6785e-08 4.9472e-05 0.00011652 0.0055965 0.0017026
2.0267e-08 5.0813e-05 0.00012225 0.0055986 0.0017051
1.2427e-08 5.2139e-05 0.00012789 0.0056007 0.0017075
1.6713e-08 5.3451e-05 0.00013346 0.0056028 0.00171
2.1316e-08 5.4786e-05 0.00013929 0.0056049 0.0017124
2.4712e-08 5.6105e-05 0.00014502 0.005607 0.0017149
2.8511e-08 5.7449e-05 0.00015103 0.0056091 0.0017173
3.2805e-08 5.8817e-05 0.00015732 0.0056113 0.0017198
3.5835e-08 6.017e-05 0.00016352 0.0056134 0.0017223
3.7608e-08 6.1506e-05 0.00016961 0.0056155 0.0017247
4.0139e-08 6.2873e-05 0.00017605 0.0056176 0.0017272
4.133e-08 6.4222e-05 0.00018237 0.0056198 0.0017297
4.399e-08 6.5615e-05 0.00018918 0.0056219 0.0017321
4.4527e-08 6.7107e-05 0.0001957 0.0056241 0.0017346
4.3738e-08 6.8581e-05 0.00020211 0.0056262 0.0017371
4.1691e-08 7.004e-05 0.00020842 0.0056283 0.0017395
4.0224e-08 7.1525e-05 0.00021504 0.0056305 0.001742
3.7482e-08 7.2994e-05 0.00022155 0.0056326 0.0017444
3.3457e-08 7.4447e-05 0.00022796 0.0056347 0.0017469
2.9986e-08 7.5927e-05 0.00023468 0.0056369 0.0017493
2.5279e-08 7.7391e-05 0.00024129 0.005639 0.0017517
1.8496e-08 7.8819e-05 0.00024764 0.0056411 0.0017542
1.3559e-08 8.0308e-05 0.00025013 0.0056432 0.0017566
7.2185e-09 8.1776e-05 0.00025255 0.0056454 0.0017591
9.5037e-09 8.3221e-05 0.00025491 0.0056475 0.0017615
1.185e-08 8.4701e-05 0.00025742 0.0056496 0.001764
1.3003e-08 8.6158e-05 0.00025986 0.0056517 0.0017664
1.2873e-08 8.7588e-05 0.00026222 0.0056538 0.0017688
1.3331e-08 8.9076e-05 0.00026212 0.005656 0.0017713
1.4208e-08 9.0614e-05 0.00026212 0.0056582 0.0017737
1.365e-08 9.2118e-05 0.00026206 0.0056604 0.0017762
1.373e-08 9.3682e-05 0.00026214 0.0056625 0.0017786
1.4441e-08 9.5309e-05 0.00026235 0.0056647 0.0017811
1.562e-08 9.6988e-05 0.00026267 0.0056669 0.0017835
1.5692e-08 9.865e-05 0.00026296 0.0056691 0.001786
1.4669e-08 0.00010029 0.00026322 0.0056713 0.0017885
1.3794e-08 0.00010197 0.00026355 0.0056735 0.0017909
1.1831e-08 0.00010363 0.00026386 0.0056757 0.0017934
9.9776e-09 0.00010532 0.00026425 0.005678 0.0017959
8.1668e-09 0.00010706 0.00026472 0.0056802 0.0017984
6.3283e-09 0.00010884 0.00026529 0.0056825 0.0018009
3.4553e-09 0.0001106 0.00026582 0.0056848 0.0018034
6.4183e-09 0.00011234 0.00026633 0.0056871 0.0018058
9.4193e-09 0.00011413 0.00026692 0.0056894 0.0018083
1.1376e-08 0.00011589 0.00026749 0.0056917 0.0018108
1.33e-08 0.0001177 0.00026813 0.005694 0.0018133
1.4172e-08 0.00011948 0.00026874 0.0056963 0.0018158
1.3964e-08 0.00012125 0.00026932 0.0056986 0.0018183
1.3863e-08 0.00012306 0.00027 0.0057009 0.0018208
1.3868e-08 0.00012491 0.00027076 0.0057032 0.0018233
1.2814e-08 0.00012675 0.0002715 0.0057056 0.0018258
1.1736e-08 0.00012862 0.00027232 0.0057079 0.0018284
9.604e-09 0.00013047 0.0002731 0.0057103 0.0018309
6.3648e-09 0.00013231 0.00027386 0.0057126 0.0018334
9.4168e-09 0.0001341 0.00027453 0.0057149 0.0018359
1.0993e-08 0.00013584 0.00027512 0.0057172 0.0018383
1.3285e-08 0.00013767 0.00027587 0.0057195 0.0018408
1.3989e-08 0.00013945 0.00027654 0.0057218 0.0018433
1.4715e-08 0.00014126 0.00027729 0.0057241 0.0018458
1.4348e-08 0.00014306 0.00027801 0.0057264 0.0018483
1.3977e-08 0.0001449 0.00027548 0.0057287 0.0018508
1.372e-08 0.00014678 0.00027311 0.0057311 0.0018533
1.3569e-08 0.00014871 0.00027088 0.0057335 0.0018558
1.3422e-08 0.00015068 0.00026879 0.0057359 0.0018583
1.3373e-08 0.0001527 0.00026683 0.0057383 0.0018609
1.3413e-08 0.00015477 0.000265 0.0057408 0.0018634
1.3415e-08 0.00015688 0.00026327 0.0057433 0.001866
1.2371e-08 0.00015897 0.00026151 0.0057458 0.0018686
1.0267e-08 0.00016105 0.00025971 0.0057483 0.0018711
8.4816e-09 0.00016319 0.00025808 0.0057508 0.0018737
4.6034e-09 0.00016543 0.00025666 0.0057533 0.0018763
6.1883e-09 0.00016761 0.00025516 0.0057559 0.0018789
8.1691e-09 0.00016989 0.00025384 0.0057584 0.0018815
8.7831e-09 0.00017212 0.00025244 0.005761 0.0018841
8.0481e-09 0.00017431 0.00025094 0.0057635 0.0018867
7.6941e-09 0.00017658 0.00024964 0.0057661 0.0018893
5.9373e-09 0.00017881 0.00024823 0.0057687 0.0018918
5.1044e-09 0.00018113 0.00024702 0.0057713 0.0018945
4.4516e-09 0.00018356 0.00024597 0.0057739 0.0018971
2.5457e-09 0.00018593 0.000246 0.0057765 0.0018997
4.4003e-09 0.0001884 0.00024596 0.0057791 0.0019023
6.3755e-09 0.00019096 0.00024604 0.0057818 0.0019049
6.9641e-09 0.00019345 0.00024603 0.0057844 0.0019076
1.3766e-08 0.00019589 0.00024595 0.005787 0.0019102
2.2264e-08 0.00019843 0.000246 0.0057896 0.0019128
2.923e-08 0.00020094 0.000246 0.0057922 0.0019154
3.4778e-08 0.00020343 0.00024597 0.0057948 0.001918
3.8994e-08 0.00020589 0.00024591 0.0057974 0.0019206
4.4188e-08 0.00020841 0.00024594 0.0058 0.0019232
4.8036e-08 0.00021091 0.00024593 0.0058027 0.0019258
5.2983e-08 0.00021347 0.00024601 0.0058053 0.0019284
5.6606e-08 0.00021601 0.00024606 0.0058079 0.001931
5.9118e-08 0.00021853 0.00024608 0.0058105 0.0019336
6.2887e-08 0.00022111 0.00024619 0.0058132 0.0019362
6.7662e-08 0.00022375 0.00024636 0.0058158 0.0019388
7.1003e-08 0.00022636 0.00024651 0.0058185 0.0019415
7.2988e-08 0.00022895 0.00024663 0.0058211 0.0019441
7.3624e-08 0.00023152 0.00024673 0.0058238 0.0019467
7.5576e-08 0.00023416 0.0002469 0.0058264 0.0019493
7.6099e-08 0.00023686 0.00024716 0.0058291 0.0019519
7.5193e-08 0.00023953 0.00024739 0.0058318 0.0019545
7.2857e-08 0.00024218 0.0002476 0.0058345 0.0019571
7.1836e-08 0.0002449 0.00024788 0.0058372 0.0019598
6.9396e-08 0.00024759 0.00024814 0.0058399 0.0019624
6.8225e-08 0.00025035 0.00024847 0.0058426 0.001965
6.8281e-08 0.00025318 0.00024889 0.0058453 0.0019677
6.958e-08 0.00025598 0.00024921 0.005848 0.0019703
6.9458e-08 0.00025876 0.00025069 0.0058508 0.001973
6.7986e-08 0.00026152 0.00025214 0.0058535 0.0019756
6.776e-08 0.00026435 0.00025371 0.0058562 0.0019782
6.8467e-08 0.00026723 0.00025537 0.005859 0.0019809
7.0129e-08 0.00027018 0.00025714 0.0058617 0.0019835
7.0385e-08 0.0002731 0.00025887 0.0058645 0.0019862
7.1901e-08 0.0002761 0.00026073 0.0058673 0.0019889
7.4735e-08 0.00027917 0.00026271 0.0058702 0.0019916
7.8992e-08 0.00028231 0.00026483 0.005873 0.0019943
8.4842e-08 0.00028554 0.00026709 0.0058759 0.001997
9.2577e-08 0.00028884 0.00026951 0.0058788 0.0019997
9.8448e-08 0.00029211 0.00027186 0.0058817 0.0020024
1.6691e-07 0.00029531 0.00027409 0.0058846 0.0020051
6.3428e-07 0.00029863 0.00027657 0.0058875 0.0020079
1.0369e-06 0.00030188 0.00027893 0.0058904 0.0020106
1.3849e-06 0.00030507 0.00028117 0.0058933 0.0020133
1.691e-06 0.0003082 0.00028331 0.0058961 0.0020159
2.0544e-06 0.00031139 0.00028557 0.005899 0.0020186
2.3968e-06 0.00031456 0.00028779 0.0059018 0.0020213
