Ciconia_maguari Cnemophilus_loriae Coloeus_monedula Columba_livia Corvus_brachyrhynchos
9.0359e-05 0.00043585 0.020345 1.4661e-05 0.01
8.8127e-05 0.00043444 0.020343 1.4326e-05 0.01
8.6016e-05 0.00043312 0.020341 1.399e-05 0.01
8.386e-05 0.00043177 0.020338 1.3654e-05 0.01
8.1848e-05 0.00043053 0.020336 1.3317e-05 0.01
7.9759e-05 0.00042923 0.020333 1.2981e-05 0.01
7.7844e-05 0.00042807 0.020331 1.2643e-05 0.01
7.6131e-05 0.00042284 0.020329 1.2306e-05 0.01
7.4308e-05 0.00041799 0.020327 1.1968e-05 0.01
7.2382e-05 0.00041294 0.020325 1.163e-05 0.01
7.0662e-05 0.00040831 0.020323 1.1336e-05 0.01
6.9101e-05 0.00040399 0.020321 1.0375e-05 0.01
6.744e-05 0.00039949 0.02032 1.0252e-05 0.01
6.5685e-05 0.00039481 0.020318 1.0118e-05 0.01
6.4121e-05 0.00039051 0.020316 9.6467e-06 0.01
6.2705e-05 0.00038652 0.020315 9.23e-06 0.01
6.1286e-05 0.00038235 0.020313 8.7767e-06 0.01
5.9863e-05 0.00037848 0.020312 8.3736e-06 0.01
5.8438e-05 0.00037489 0.02031 8.0152e-06 0.01
5.7182e-05 0.00037161 0.020309 7.7033e-06 0.01
5.6049e-05 0.00036857 0.020308 7.4266e-06 0.01
5.4877e-05 0.00036519 0.020307 7.1309e-06 0.01
5.3634e-05 0.00036165 0.020306 6.8152e-06 0.01
5.2511e-05 0.00035838 0.020305 6.5347e-06 0.01
5.131e-05 0.00035495 0.020304 6.2329e-06 0.01
5.0039e-05 0.00035139 0.020303 5.9114e-06 0.01
4.8921e-05 0.00034812 0.020302 5.6309e-06 0.01
4.7726e-05 0.0003447 0.020301 5.3291e-06 0.01
4.6446e-05 0.00034113 0.020299 5.0074e-06 0.01
4.5286e-05 0.00033783 0.020298 4.7209e-06 0.01
4.4238e-05 0.00033477 0.020298 4.4661e-06 0.01
4.332e-05 0.000332 0.020297 4.2444e-06 0.01
4.2495e-05 0.00032943 0.020296 4.0475e-06 0.01
3.9583e-05 0.00032012 0.020293 3.361e-06 0.01
3.8928e-05 0.00031767 0.020293 3.2082e-06 0.01
3.8226e-05 0.0003151 0.020292 3.0444e-06 0.01
3.7473e-05 0.00031243 0.020291 2.8689e-06 0.01
3.6815e-05 0.00030999 0.02029 2.7164e-06 0.01
3.623e-05 0.00030775 0.02029 2.5811e-06 0.01
3.5726e-05 0.00030571 0.020289 2.4639e-06 0.01
3.5179e-05 0.00030358 0.020289 2.489e-06 0.01
3.4699e-05 0.00030163 0.020288 2.521e-06 0.01
3.4292e-05 0.00029557 0.020288 2.5615e-06 0.01
3.3942e-05 0.00028992 0.020288 2.61e-06 0.01
3.3551e-05 0.00028404 0.020288 2.6526e-06 0.01
3.3122e-05 0.00027792 0.020288 2.6902e-06 0.01
3.2762e-05 0.00027229 0.020288 2.737e-06 0.01
3.2466e-05 0.00026712 0.020288 2.7479e-06 0.01
3.2222e-05 0.0002623 0.020289 2.7653e-06 0.01
3.2029e-05 0.00025727 0.020289 2.7896e-06 0.01
3.1884e-05 0.00025267 0.020289 2.8211e-06 0.01
3.1795e-05 0.00024844 0.02029 2.8616e-06 0.01
3.167e-05 0.00024402 0.02029 2.8965e-06 0.01
3.1601e-05 0.00023996 0.020291 2.9407e-06 0.01
3.1497e-05 0.00023572 0.020292 2.979e-06 0.01
3.1357e-05 0.00023182 0.020293 3.0117e-06 0.01
3.1264e-05 0.00022685 0.020294 3.0522e-06 0.01
3.1136e-05 0.00022566 0.020294 3.0868e-06 0.01
3.0972e-05 0.0002244 0.020295 3.1159e-06 0.01
3.0775e-05 0.00022325 0.020296 3.1399e-06 0.01
3.0626e-05 0.00022222 0.020297 3.1715e-06 0.01
3.0441e-05 0.00022112 0.020298 3.1975e-06 0.01
3.0224e-05 0.00021995 0.020299 3.2179e-06 0.01
2.9974e-05 0.00021871 0.0203 3.2334e-06 0.01
2.9772e-05 0.00021759 0.020301 3.2563e-06 0.01
2.9538e-05 0.0002164 0.020302 3.2742e-06 0.01
2.936e-05 0.00021535 0.020303 3.3015e-06 0.01
2.915e-05 0.00021423 0.020304 3.3238e-06 0.01
2.8987e-05 0.00021323 0.020305 3.3537e-06 0.01
2.8869e-05 0.00020922 0.020307 3.3918e-06 0.01
2.8796e-05 0.0002055 0.020308 3.3477e-06 0.01
2.8768e-05 0.0002016 0.020309 3.312e-06 0.01
2.8706e-05 0.00019754 0.020311 3.2703e-06 0.01
2.861e-05 0.00019329 0.020312 3.2224e-06 0.01
2.848e-05 0.00018885 0.020313 3.168e-06 0.01
2.8316e-05 0.00018422 0.020314 3.107e-06 0.01
2.8117e-05 0.00017938 0.020315 3.039e-06 0.01
2.7972e-05 0.00017493 0.020316 2.9824e-06 0.01
2.7878e-05 0.00017083 0.020317 2.936e-06 0.01
2.7833e-05 0.00016705 0.020318 2.7392e-06 0.01
2.7761e-05 0.00016313 0.02032 2.5304e-06 0.01
2.7665e-05 0.0001591 0.020321 2.3108e-06 0.01
2.7612e-05 0.00015534 0.020322 2.1151e-06 0.01
2.7538e-05 0.0001515 0.020324 2.1213e-06 0.01
2.7494e-05 0.00014784 0.020325 2.1313e-06 0.01
2.7445e-05 0.00014436 0.020327 2.0261e-06 0.01
2.7392e-05 0.00014083 0.020328 1.9176e-06 0.01
2.7334e-05 0.00013726 0.02033 1.806e-06 0.01
2.7272e-05 0.00013383 0.020331 1.7017e-06 0.01
2.7205e-05 0.00013036 0.020333 1.5945e-06 0.01
2.7134e-05 0.00012702 0.020335 1.4943e-06 0.01
2.7058e-05 0.00012383 0.020336 1.4006e-06 0.01
2.6978e-05 0.00012059 0.020338 1.3042e-06 0.01
2.6894e-05 0.00011752 0.02034 1.2154e-06 0.01
2.6805e-05 0.00011439 0.020342 1.1234e-06 0.01
2.6712e-05 0.00011142 0.020344 1.0388e-06 0.01
2.6614e-05 0.0001086 0.020346 9.6131e-07 0.01
2.6512e-05 0.00010595 0.020348 8.9074e-07 0.01
2.6406e-05 0.00010347 0.02035 8.2744e-07 0.01
2.6295e-05 0.00010116 0.020353 7.7117e-07 0.01
2.618e-05 9.8759e-05 0.020355 7.106e-07 0.01
2.606e-05 9.6284e-05 0.020357 6.4596e-07 0.01
2.5936e-05 9.3959e-05 0.02036 5.8746e-07 0.01
2.5807e-05 9.1774e-05 0.020362 5.3461e-07 0.01
2.5674e-05 8.9718e-05 0.020365 4.8656e-07 0.01
2.5536e-05 8.7599e-05 0.020368 4.3535e-07 0.01
2.5394e-05 8.5414e-05 0.020371 3.8085e-07 0.01
2.5248e-05 8.338e-05 0.020374 3.3205e-07 0.01
2.5097e-05 8.1286e-05 0.020377 2.8018e-07 0.01
2.4986e-05 7.9331e-05 0.02038 2.334e-07 0.01
2.4851e-05 7.7312e-05 0.020384 1.835e-07 0.01
2.4686e-05 7.5211e-05 0.020387 1.8418e-07 0.01
2.449e-05 7.3018e-05 0.02039 1.8314e-07 0.01
2.4261e-05 7.0724e-05 0.020393 1.8029e-07 0.01
2.4083e-05 6.8615e-05 0.020396 1.789e-07 0.01
2.3955e-05 6.6677e-05 0.020399 1.7894e-07 0.01
2.3798e-05 6.466e-05 0.020402 1.7733e-07 0.01
2.369e-05 6.2805e-05 0.020406 1.7714e-07 0.01
2.3615e-05 6.1063e-05 0.02041 1.778e-07 0.01
2.3526e-05 5.9292e-05 0.020413 1.774e-07 0.01
2.3463e-05 5.7491e-05 0.020417 1.7756e-07 0.01
2.3387e-05 5.5661e-05 0.020421 1.7666e-07 0.01
2.3336e-05 5.3919e-05 0.020424 1.7631e-07 0.01
2.331e-05 5.226e-05 0.020428 1.7649e-07 0.01
2.3272e-05 5.0578e-05 0.020432 1.7568e-07 0.01
2.3255e-05 4.8964e-05 0.020436 1.7521e-07 0.01
2.3225e-05 4.7323e-05 0.02044 1.7371e-07 0.01
2.3219e-05 4.5761e-05 0.020444 1.7274e-07 0.01
2.3239e-05 4.4273e-05 0.020448 1.7229e-07 0.01
2.3279e-05 4.2847e-05 0.020452 1.7219e-07 0.01
2.3306e-05 4.1396e-05 0.020456 1.7105e-07 0.01
2.3321e-05 3.9923e-05 0.020461 1.689e-07 0.01
2.3357e-05 3.8511e-05 0.020465 1.6711e-07 0.01
2.338e-05 3.7077e-05 0.020469 1.6432e-07 0.01
2.3391e-05 3.5622e-05 0.020473 1.6051e-07 0.01
2.3436e-05 3.4256e-05 0.020477 1.5759e-07 0.01
2.3511e-05 3.2966e-05 0.020482 1.5534e-07 0.01
2.3565e-05 3.1638e-05 0.020486 1.5178e-07 0.01
2.2915e-05 3.0396e-05 0.020491 1.4913e-07 0.01
2.2226e-05 2.9106e-05 0.020495 1.4497e-07 0.01
2.1497e-05 2.7766e-05 0.020499 1.3929e-07 0.01
2.0703e-05 2.6534e-05 0.020504 1.6696e-07 0.01
1.9972e-05 2.5373e-05 0.020509 1.648e-07 0.01
1.9288e-05 2.4266e-05 0.020514 1.631e-07 0.01
1.8655e-05 2.3219e-05 0.020518 1.6204e-07 0.01
1.7997e-05 2.2147e-05 0.020523 1.5983e-07 0.01
1.7391e-05 2.1134e-05 0.020528 1.5829e-07 0.01
1.6844e-05 2.1215e-05 0.020533 1.5776e-07 0.01
1.6346e-05 2.1319e-05 0.020538 1.5806e-07 0.01
1.5814e-05 2.1405e-05 0.020543 1.5684e-07 0.01
1.5332e-05 2.153e-05 0.020548 1.565e-07 0.01
1.4902e-05 2.1683e-05 0.020554 1.5725e-07 0.01
1.4521e-05 2.1864e-05 0.020559 1.5911e-07 0.01
1.4108e-05 2.2077e-05 0.020565 1.5936e-07 0.01
1.3681e-05 2.2279e-05 0.02057 1.5858e-07 0.01
1.3278e-05 2.2497e-05 0.020576 1.581e-07 0.01
1.2861e-05 2.2705e-05 0.020582 1.5659e-07 0.01
1.2472e-05 2.2932e-05 0.020587 1.5555e-07 0.01
1.207e-05 2.3148e-05 0.020593 1.5349e-07 0.01
1.1655e-05 2.3356e-05 0.020599 1.5045e-07 0.01
1.1267e-05 2.3582e-05 0.020605 1.4786e-07 0.01
1.0866e-05 2.3798e-05 0.02061 1.4426e-07 0.01
1.0452e-05 2.4006e-05 0.020616 1.3967e-07 0.01
1.006e-05 2.4229e-05 0.020622 1.3536e-07 0.01
9.655e-06 2.4441e-05 0.020628 1.3004e-07 0.01
9.2362e-06 2.4644e-05 0.020634 1.237e-07 0.01
8.8443e-06 2.4867e-05 0.020639 1.1782e-07 0.01
8.4301e-06 2.5072e-05 0.020645 1.106e-07 0.01
7.9864e-06 2.5257e-05 0.020651 1.0178e-07 0.01
7.5019e-06 2.5418e-05 0.020657 9.8796e-08 0.01
6.9854e-06 2.5557e-05 0.020662 9.4367e-08 0.01
7.0884e-06 2.5268e-05 0.020668 8.7816e-08 0.01
7.2023e-06 2.4997e-05 0.020673 8.1465e-08 0.01
7.3064e-06 2.4716e-05 0.020679 7.4136e-08 0.01
7.4006e-06 2.4423e-05 0.020684 6.5827e-08 0.01
7.485e-06 2.4121e-05 0.020689 5.6532e-08 0.01
7.5597e-06 2.3807e-05 0.020695 4.6248e-08 0.01
7.624e-06 2.3482e-05 0.0207 3.4938e-08 0.01
7.6789e-06 2.3146e-05 0.020705 2.2646e-08 0.01
7.7245e-06 2.28e-05 0.020711 9.3797e-09 0.01
7.761e-06 2.2445e-05 0.020716 9.8153e-09 0.01
7.8076e-06 2.2107e-05 0.020721 9.8025e-09 0.01
7.8441e-06 2.1759e-05 0.020727 9.0025e-09 0.01
7.8624e-06 2.1386e-05 0.020732 1.661e-08 0.01
7.8707e-06 2.1003e-05 0.020737 2.3319e-08 0.01
7.8916e-06 2.0641e-05 0.020742 3.0021e-08 0.01
7.9032e-06 2.027e-05 0.020747 3.585e-08 0.01
7.9058e-06 1.9889e-05 0.020753 4.0807e-08 0.01
7.8992e-06 1.9497e-05 0.020758 4.4895e-08 0.01
7.9051e-06 1.9128e-05 0.020763 4.8987e-08 0.01
7.9211e-06 1.8777e-05 0.020769 5.3e-08 0.01
7.9273e-06 1.8415e-05 0.020774 5.6109e-08 0.01
7.9242e-06 1.8043e-05 0.020779 5.8335e-08 0.01
7.934e-06 1.7693e-05 0.020785 6.0607e-08 0.01
7.9321e-06 1.7329e-05 0.02079 6.1894e-08 0.01
7.9122e-06 1.6943e-05 0.020795 6.1927e-08 0.01
7.9127e-06 1.6595e-05 0.020801 6.2331e-08 0.01
7.938e-06 1.6283e-05 0.020806 6.3313e-08 0.01
7.9841e-06 1.5999e-05 0.020812 6.4686e-08 0.01
8.0207e-06 1.5706e-05 0.020817 6.5162e-08 0.01
8.0701e-06 1.5431e-05 0.020823 6.5692e-08 0.01
8.1325e-06 1.5173e-05 0.020829 6.6277e-08 0.01
8.2081e-06 1.4931e-05 0.020835 6.6922e-08 0.01
8.2738e-06 1.468e-05 0.02084 6.6654e-08 0.01
8.3295e-06 1.442e-05 0.020846 6.5475e-08 0.01
8.396e-06 1.4173e-05 0.020852 6.4246e-08 0.01
8.4734e-06 1.3939e-05 0.020858 6.2962e-08 0.01
8.5619e-06 1.2351e-05 0.020864 6.1617e-08 0.01
8.6409e-06 1.0741e-05 0.02087 5.939e-08 0.01
8.7098e-06 9.1061e-06 0.020876 5.6252e-08 0.01
8.7662e-06 8.9921e-06 0.020882 5.2107e-08 0.01
8.8345e-06 8.8866e-06 0.020888 4.7934e-08 0.01
8.8928e-06 8.7735e-06 0.020894 4.2859e-08 0.01
8.9633e-06 8.6527e-06 0.0209 3.7743e-08 0.01
9.0484e-06 8.542e-06 0.020906 3.2642e-08 0.01
9.1229e-06 8.4234e-06 0.020912 2.6635e-08 0.01
9.2142e-06 8.316e-06 0.020919 2.0679e-08 0.01
9.2857e-06 8.1945e-06 0.020925 2.5737e-08 0.01
9.3357e-06 8.0576e-06 0.020931 2.9588e-08 0.01
9.4088e-06 7.9364e-06 0.020937 3.3603e-08 0.01
9.5101e-06 7.8331e-06 0.020943 3.7979e-08 0.01
9.627e-06 7.7388e-06 0.02095 4.233e-08 0.01
9.7582e-06 7.6524e-06 0.020956 4.6627e-08 0.01
9.8783e-06 7.5584e-06 0.020963 5.0015e-08 0.01
1.0015e-05 7.473e-06 0.020969 5.3417e-08 0.01
1.0168e-05 7.3959e-06 0.020976 5.685e-08 0.01
1.0338e-05 7.327e-06 0.020983 6.0336e-08 0.01
1.0497e-05 7.2509e-06 0.02099 6.291e-08 0.01
1.0674e-05 7.1828e-06 0.020997 6.555e-08 0.01
1.0865e-05 7.121e-06 0.021004 6.8161e-08 0.01
1.1074e-05 7.0657e-06 0.021011 7.0783e-08 0.01
1.0889e-05 6.9976e-06 0.021018 7.3898e-08 0.01
1.0692e-05 6.9222e-06 0.021025 7.6056e-08 0.01
1.0483e-05 6.8394e-06 0.021032 7.7269e-08 0.01
1.0293e-05 6.7492e-06 0.021039 7.8658e-08 0.01
1.0093e-05 6.6524e-06 0.021046 7.9144e-08 0.01
9.9111e-06 6.5634e-06 0.021053 7.976e-08 0.01
9.7177e-06 6.4673e-06 0.02106 7.944e-08 0.01
9.5387e-06 6.3773e-06 0.021067 7.9132e-08 0.01
9.3735e-06 6.2933e-06 0.021074 7.8835e-08 0.01
9.2218e-06 6.2151e-06 0.021081 7.8546e-08 0.01
9.0593e-06 6.13e-06 0.021089 7.7328e-08 0.01
8.886e-06 6.0379e-06 0.021096 7.5179e-08 0.01
8.726e-06 5.9516e-06 0.021103 7.3037e-08 0.01
8.5552e-06 5.8584e-06 0.02111 6.9967e-08 0.01
8.3737e-06 5.7582e-06 0.021118 6.5966e-08 0.01
8.2085e-06 5.6655e-06 0.021125 6.2096e-08 0.01
8.0609e-06 5.5811e-06 0.021132 5.8407e-08 0.01
7.8931e-06 5.511e-06 0.02114 5.3416e-08 0.01
7.7528e-06 5.4538e-06 0.021147 4.8993e-08 0.01
7.5937e-06 5.3846e-06 0.021155 4.3327e-08 0.01
7.4162e-06 5.3045e-06 0.021162 3.6431e-08 0.01
7.2652e-06 5.237e-06 0.02117 3.0115e-08 0.01
7.1336e-06 5.1787e-06 0.021177 2.401e-08 0.01
6.984e-06 5.1095e-06 0.021185 1.672e-08 0.01
6.8153e-06 5.0288e-06 0.021192 8.1832e-09 0.01
6.6267e-06 4.9365e-06 0.0212 8.4239e-09 0.01
6.4613e-06 4.8551e-06 0.021208 8.3578e-09 0.01
6.2834e-06 4.7612e-06 0.021215 1.753e-08 0.01
6.0839e-06 4.6545e-06 0.021222 2.5683e-08 0.01
5.912e-06 4.5613e-06 0.02123 3.4533e-08 0.01
5.7189e-06 4.4555e-06 0.021238 4.1956e-08 0.01
5.5526e-06 4.3369e-06 0.021245 5.0149e-08 0.01
5.3675e-06 4.2063e-06 0.021253 5.6971e-08 0.01
5.1633e-06 4.0638e-06 0.021261 6.2445e-08 0.01
4.9796e-06 3.9097e-06 0.021268 6.8405e-08 0.01
4.807e-06 3.7618e-06 0.021275 7.448e-08 0.01
4.6468e-06 3.6209e-06 0.021283 8.0812e-08 0.01
4.477e-06 3.4732e-06 0.021291 8.6177e-08 0.01
4.2976e-06 3.3187e-06 0.021298 9.0577e-08 0.01
4.1301e-06 3.1709e-06 0.021306 9.5238e-08 0.01
3.9531e-06 3.0164e-06 0.021313 9.8925e-08 0.01
3.7879e-06 2.8687e-06 0.021321 1.0292e-07 0.01
3.6401e-06 2.7096e-06 0.021329 9.1114e-08 0.01
3.5115e-06 2.5632e-06 0.021337 8.0652e-08 0.01
3.37e-06 2.7467e-06 0.021345 6.8828e-08 0.01
3.2425e-06 2.9418e-06 0.021352 5.7882e-08 0.01
3.1037e-06 3.1276e-06 0.02136 4.5707e-08 0.01
2.9779e-06 3.3251e-06 0.021368 3.4299e-08 0.01
2.8692e-06 3.4435e-06 0.021377 2.3925e-08 0.01
2.7764e-06 3.5748e-06 0.021385 1.4394e-08 0.01
2.6683e-06 3.6941e-06 0.021393 1.5599e-08 0.01
2.5494e-06 3.8051e-06 0.021402 1.5927e-08 0.01
2.4378e-06 3.922e-06 0.02141 1.5927e-08 0.01
2.3164e-06 4.0311e-06 0.021418 1.5073e-08 0.01
2.2027e-06 4.147e-06 0.021427 1.3914e-08 0.01
2.1034e-06 4.2767e-06 0.021436 1.2699e-08 0.01
2.0172e-06 4.421e-06 0.021444 1.1373e-08 0.01
1.9432e-06 4.5809e-06 0.021453 9.913e-09 0.01
1.8808e-06 4.7575e-06 0.021463 8.2951e-09 0.01
1.8061e-06 4.9209e-06 0.021472 5.6987e-09 0.01
1.7191e-06 5.0714e-06 0.021481 8.4686e-09 0.01
1.6435e-06 5.2387e-06 0.02149 6.4736e-09 0.01
1.5548e-06 5.3916e-06 0.021499 3.5138e-09 0.01
1.4538e-06 5.3014e-06 0.021509 4.7756e-09 0.01
1.3402e-06 5.6973e-06 0.021518 4.1296e-09 0.01
1.2384e-06 6.1269e-06 0.021527 3.1252e-09 0.01
1.1472e-06 6.5932e-06 0.021537 1.7442e-09 0.01
1.0433e-06 7.0349e-06 0.021547 3.024e-09 0.01
9.4748e-07 7.5085e-06 0.021556 3.8699e-09 0.01
1.0552e-06 7.9594e-06 0.021566 4.6194e-09 0.01
1.1662e-06 8.4288e-06 0.021576 4.8505e-09 0.01
1.2697e-06 8.8875e-06 0.021585 4.3241e-09 0.01
1.3764e-06 9.3643e-06 0.021595 3.2717e-09 0.01
1.4759e-06 9.8311e-06 0.021605 8.157e-09 0.01
1.5681e-06 1.0288e-05 0.021614 1.2234e-08 0.01
1.6637e-06 1.0763e-05 0.021624 1.5996e-08 0.01
1.7517e-06 1.1228e-05 0.021634 1.893e-08 0.01
1.8446e-06 1.1715e-05 0.021644 2.1626e-08 0.01
1.9433e-06 1.2228e-05 0.021654 2.4114e-08 0.01
2.0334e-06 1.2726e-05 0.021664 2.5735e-08 0.01
2.1321e-06 1.3258e-05 0.021674 2.7281e-08 0.01
2.2446e-06 1.3838e-05 0.021684 2.008e-08 0.01
2.3437e-06 1.4401e-05 0.021695 1.1637e-08 0.01
2.4298e-06 1.4938e-05 0.021705 1.2872e-08 0.01
2.5295e-06 1.5523e-05 0.021715 1.3983e-08 0.01
2.6152e-06 1.6078e-05 0.021725 1.4111e-08 0.01
2.7147e-06 1.6683e-05 0.021736 1.4109e-08 0.01
2.8295e-06 1.7341e-05 0.021746 1.3987e-08 0.01
2.9298e-06 1.7968e-05 0.021757 1.2897e-08 0.01
3.0161e-06 2.2314e-05 0.021767 2.2106e-08 0.01
3.1179e-06 2.7018e-05 0.021778 3.2075e-08 0.01
3.2044e-06 3.1536e-05 0.021788 4.0597e-08 0.01
3.3005e-06 3.6308e-05 0.021799 4.9473e-08 0.01
3.3879e-06 4.1011e-05 0.02181 5.7363e-08 0.01
3.4818e-06 4.5917e-05 0.02182 6.541e-08 0.01
3.5666e-06 5.0747e-05 0.021831 7.244e-08 0.01
3.6606e-06 5.179e-05 0.021842 7.9827e-08 0.01
3.7435e-06 5.2803e-05 0.021853 8.6043e-08 0.01
3.8153e-06 5.3785e-05 0.021863 9.1094e-08 0.01
3.9009e-06 5.4846e-05 0.021874 9.6857e-08 0.01
4.0041e-06 5.6006e-05 0.021885 1.0365e-07 0.01
4.0972e-06 5.7138e-05 0.021896 1.0935e-07 0.01
4.1988e-06 5.8329e-05 0.021907 1.1539e-07 0.01
4.2913e-06 5.9497e-05 0.021919 1.204e-07 0.01
4.3933e-06 6.0728e-05 0.02193 1.2583e-07 0.01
4.4867e-06 6.1939e-05 0.021941 1.3027e-07 0.01
4.5878e-06 6.3205e-05 0.021952 1.35e-07 0.01
4.6976e-06 6.4533e-05 0.021964 1.4009e-07 0.01
4.8206e-06 6.5945e-05 0.021975 1.3882e-07 0.01
4.9307e-06 6.7314e-05 0.021987 1.3625e-07 0.01
5.0578e-06 6.8787e-05 0.021998 1.3455e-07 0.01
5.2066e-06 7.0196e-05 0.02201 1.3407e-07 0.01
5.3732e-06 7.1704e-05 0.022022 1.3432e-07 0.01
5.5222e-06 7.315e-05 0.022033 1.3308e-07 0.01
5.6534e-06 7.4536e-05 0.022045 1.7084e-07 0.01
5.4993e-06 7.6051e-05 0.022056 1.7856e-07 0.01
5.3693e-06 7.7493e-05 0.022068 1.88e-07 0.01
5.2489e-06 7.9004e-05 0.02208 1.9808e-07 0.01
5.1374e-06 8.0583e-05 0.022092 2.0879e-07 0.01
5.0171e-06 8.2138e-05 0.022103 2.1842e-07 0.01
4.9055e-06 8.3789e-05 0.022115 2.2872e-07 0.01
4.7847e-06 8.5413e-05 0.022127 2.3788e-07 0.01
4.6547e-06 8.701e-05 0.022139 2.459e-07 0.01
4.533e-06 8.8679e-05 0.02215 2.5459e-07 0.01
4.4027e-06 9.0323e-05 0.022162 2.6219e-07 0.01
4.2631e-06 9.1939e-05 0.022174 2.6864e-07 0.01
4.1342e-06 9.3643e-05 0.022186 2.7604e-07 0.01
4.0133e-06 9.5423e-05 0.022198 2.842e-07 0.01
3.8831e-06 9.7173e-05 0.02221 2.9114e-07 0.01
3.7685e-06 9.7425e-05 0.022222 2.9995e-07 0.01
3.6641e-06 9.7721e-05 0.022234 3.1002e-07 0.01
3.5665e-06 9.8053e-05 0.022246 3.2098e-07 0.01
3.4771e-06 9.8425e-05 0.022259 3.3316e-07 0.01
3.3955e-06 9.8841e-05 0.022271 3.4661e-07 0.01
3.3214e-06 9.9299e-05 0.022284 3.6143e-07 0.01
3.2383e-06 9.9739e-05 0.022297 3.7486e-07 0.01
3.1466e-06 0.00010016 0.022309 3.8697e-07 0.01
3.0391e-06 0.00010054 0.022322 3.9663e-07 0.01
2.9479e-06 0.00010099 0.022335 4.0909e-07 0.01
2.8424e-06 0.00010153 0.022348 4.1927e-07 0.01
2.7211e-06 0.00010201 0.02236 4.2699e-07 0.01
2.616e-06 0.00010258 0.022373 4.3752e-07 0.01
2.5028e-06 0.00010313 0.022386 4.4678e-07 0.01
2.395e-06 0.00010372 0.0224 4.5718e-07 0.01
2.2923e-06 0.00010435 0.022413 4.6876e-07 0.01
2.1815e-06 0.00010497 0.022426 4.7902e-07 0.01
2.0755e-06 0.00010562 0.022439 4.9049e-07 0.01
1.9615e-06 0.00010626 0.022453 5.0062e-07 0.01
1.8521e-06 0.00010694 0.022466 5.1199e-07 0.01
1.7346e-06 0.0001076 0.02248 5.2201e-07 0.01
1.6255e-06 0.00010823 0.022493 5.3415e-07 0.01
1.5258e-06 0.00010893 0.022507 5.4896e-07 0.01
1.4348e-06 0.00010971 0.02252 5.6664e-07 0.01
1.3523e-06 0.00011056 0.022534 5.8776e-07 0.01
1.5225e-06 0.00011137 0.022548 6.0582e-07 0.01
1.7073e-06 0.00011225 0.022562 6.2722e-07 0.01
1.912e-06 0.00011198 0.022576 6.5301e-07 0.01
2.1055e-06 0.00011168 0.022591 6.7682e-07 0.01
2.3118e-06 0.00011143 0.022605 7.0354e-07 0.01
2.5296e-06 0.00011122 0.022619 7.3292e-07 0.01
2.7597e-06 0.00011106 0.022634 7.6512e-07 0.01
3.0028e-06 0.00011093 0.022649 8.0033e-07 0.01
3.2572e-06 0.00010836 0.022663 7.7514e-07 0.01
3.5015e-06 0.00010575 0.022678 7.4833e-07 0.01
3.7602e-06 0.00010327 0.022693 7.2406e-07 0.01
4.0093e-06 0.00010075 0.022708 6.9832e-07 0.01
4.2706e-06 9.8334e-05 0.022723 6.7456e-07 0.01
4.5215e-06 9.5882e-05 0.022738 6.4925e-07 0.01
4.7852e-06 9.3532e-05 0.022753 6.2585e-07 0.01
5.0382e-06 9.1145e-05 0.022768 6.0092e-07 0.01
5.2806e-06 8.8722e-05 0.022783 5.7445e-07 0.01
5.5391e-06 8.6415e-05 0.022798 5.5026e-07 0.01
5.7868e-06 8.4072e-05 0.022813 5.2456e-07 0.01
6.0514e-06 8.1842e-05 0.022828 5.0104e-07 0.01
6.3056e-06 7.9581e-05 0.022843 4.7611e-07 0.01
6.109e-06 7.7413e-05 0.022859 4.5288e-07 0.01
5.9242e-06 7.5349e-05 0.022874 4.3124e-07 0.01
5.7506e-06 7.3371e-05 0.02289 4.1107e-07 0.01
5.5876e-06 7.1474e-05 0.022905 3.9228e-07 0.01
5.4153e-06 6.9551e-05 0.022921 3.7222e-07 0.01
5.2533e-06 6.7707e-05 0.022937 3.5347e-07 0.01
5.0816e-06 6.5833e-05 0.022952 3.3337e-07 0.01
4.9223e-06 6.4049e-05 0.022968 3.1486e-07 0.01
4.7724e-06 6.2339e-05 0.022984 2.975e-07 0.01
4.613e-06 6.0602e-05 0.023 2.7886e-07 0.01
4.465e-06 5.8948e-05 0.023016 2.616e-07 0.01
4.3279e-06 5.7373e-05 0.023032 2.4565e-07 0.01
4.1816e-06 5.5773e-05 0.023048 2.2844e-07 0.01
4.0458e-06 5.4251e-05 0.023064 2.1246e-07 0.01
3.9179e-06 5.2792e-05 0.02308 1.9736e-07 0.01
3.7996e-06 5.1307e-05 0.023097 1.833e-07 0.01
3.6904e-06 4.9895e-05 0.023113 1.702e-07 0.01
3.5729e-06 5.0352e-05 0.02313 1.5601e-07 0.01
3.4622e-06 5.0837e-05 0.023146 1.4247e-07 0.01
3.3428e-06 5.1308e-05 0.023163 1.2781e-07 0.01
3.2301e-06 5.1808e-05 0.023179 1.1376e-07 0.01
3.1086e-06 5.2293e-05 0.023196 9.8591e-08 0.01
2.9957e-06 5.2815e-05 0.023212 8.4236e-08 0.01
2.895e-06 5.3388e-05 0.023229 7.1084e-08 0.01
2.3154e-06 5.4008e-05 0.023246 5.8751e-08 0.01
1.7125e-06 5.4602e-05 0.023263 4.5046e-08 0.01
1.655e-06 5.5272e-05 0.02328 4.8905e-08 0.01
1.5849e-06 5.59e-05 0.023297 5.146e-08 0.01
1.5249e-06 5.6601e-05 0.023315 5.4518e-08 0.01
1.4532e-06 5.7264e-05 0.023332 5.633e-08 0.01
1.3701e-06 5.789e-05 0.023349 5.6922e-08 0.01
1.2763e-06 5.8486e-05 0.023366 5.6363e-08 0.01
1.1909e-06 5.9142e-05 0.023383 5.6152e-08 0.01
1.0956e-06 5.9771e-05 0.0234 5.4853e-08 0.01
1.2474e-06 6.0371e-05 0.023417 5.2425e-08 0.01
1.4101e-06 6.1025e-05 0.023434 5.0223e-08 0.01
1.5811e-06 6.1721e-05 0.023451 4.8024e-08 0.01
1.7427e-06 6.2399e-05 0.023469 4.4896e-08 0.01
1.9143e-06 6.189e-05 0.023486 4.1825e-08 0.01
2.0769e-06 6.1366e-05 0.023504 3.7852e-08 0.01
2.2305e-06 6.0825e-05 0.023521 3.2972e-08 0.01
2.397e-06 6.0335e-05 0.023538 2.8248e-08 0.01
2.5737e-06 5.9881e-05 0.023556 2.3475e-08 0.01
2.7386e-06 5.9407e-05 0.023574 1.7717e-08 0.01
2.8908e-06 5.8906e-05 0.023591 2.2982e-08 0.01
3.0302e-06 5.838e-05 0.023609 2.7216e-08 0.01
3.1556e-06 5.7822e-05 0.023627 3.0366e-08 0.01
3.2955e-06 5.7327e-05 0.023645 3.3625e-08 0.01
3.4549e-06 5.6894e-05 0.023663 3.7198e-08 0.01
3.6355e-06 5.6519e-05 0.023682 4.1144e-08 0.01
3.7991e-06 5.6112e-05 0.0237 4.3893e-08 0.01
3.9459e-06 5.5674e-05 0.023719 4.5454e-08 0.01
4.1147e-06 5.5294e-05 0.023737 4.7413e-08 0.01
4.303e-06 5.3785e-05 0.023756 4.9639e-08 0.01
5.8016e-06 5.2205e-05 0.023775 5.0592e-08 0.01
7.464e-06 5.0753e-05 0.023794 5.1983e-08 0.01
9.2815e-06 4.9405e-05 0.023813 5.367e-08 0.01
1.1291e-05 4.8166e-05 0.023832 5.5806e-08 0.01
1.3469e-05 4.7007e-05 0.023852 5.8184e-08 0.01
1.583e-05 4.5925e-05 0.023871 6.0831e-08 0.01
1.814e-05 4.482e-05 0.023891 6.2539e-08 0.01
1.8523e-05 4.3772e-05 0.023911 6.4325e-08 0.01
1.8933e-05 4.2769e-05 0.023931 6.6072e-08 0.01
1.9328e-05 4.1748e-05 0.023951 6.6905e-08 0.01
1.975e-05 4.077e-05 0.023971 6.7695e-08 0.01
2.0156e-05 3.9773e-05 0.023991 6.7559e-08 0.01
2.059e-05 3.8818e-05 0.024011 6.738e-08 0.01
2.1009e-05 3.7847e-05 0.024031 6.6313e-08 0.01
2.1457e-05 3.6917e-05 0.024051 6.5201e-08 0.01
2.189e-05 3.5969e-05 0.024071 6.3177e-08 0.01
2.2358e-05 3.5069e-05 0.024092 6.1212e-08 0.01
2.2864e-05 3.4214e-05 0.024112 5.9307e-08 0.01
2.3339e-05 3.3326e-05 0.024133 5.6244e-08 0.01
2.386e-05 3.2491e-05 0.024153 5.3355e-08 0.01
2.4431e-05 3.1707e-05 0.024174 5.0614e-08 0.01
2.4981e-05 3.0904e-05 0.024195 4.6943e-08 0.01
2.5512e-05 3.0083e-05 0.024216 4.2343e-08 0.01
2.6025e-05 2.9316e-05 0.024237 3.6833e-08 0.01
2.6581e-05 2.8588e-05 0.024258 3.1352e-08 0.01
2.7118e-05 2.7845e-05 0.024279 2.4973e-08 0.01
2.7638e-05 2.7086e-05 0.0243 3.4282e-08 0.01
2.82e-05 2.6366e-05 0.024322 4.3819e-08 0.01
2.8744e-05 2.5631e-05 0.024343 5.2404e-08 0.01
2.924e-05 2.495e-05 0.024364 6.1743e-08 0.01
2.9709e-05 2.4247e-05 0.024385 6.9906e-08 0.01
3.0157e-05 2.3526e-05 0.024407 7.6986e-08 0.01
3.0654e-05 2.2847e-05 0.024428 8.4581e-08 0.01
3.1129e-05 2.2151e-05 0.02445 9.1076e-08 0.01
3.1581e-05 2.1435e-05 0.024471 9.6473e-08 0.01
3.1997e-05 2.0773e-05 0.024492 1.0049e-07 0.01
3.2388e-05 2.0088e-05 0.024514 1.0332e-07 0.01
3.2832e-05 1.9449e-05 0.024536 1.0677e-07 0.01
3.3339e-05 1.885e-05 0.024557 1.11e-07 0.01
3.3828e-05 1.8238e-05 0.024579 1.1423e-07 0.01
3.4299e-05 1.7612e-05 0.0246 1.1648e-07 0.01
3.4813e-05 1.7017e-05 0.024622 1.1905e-07 0.01
3.5371e-05 1.6451e-05 0.024644 1.2196e-07 0.01
3.5969e-05 1.5908e-05 0.024666 1.2508e-07 0.01
3.6549e-05 1.5354e-05 0.024687 1.2723e-07 0.01
3.7177e-05 1.4827e-05 0.02471 1.2975e-07 0.01
3.7856e-05 1.4326e-05 0.024732 1.3268e-07 0.01
3.8603e-05 1.3856e-05 0.024754 1.3634e-07 0.01
3.9298e-05 1.3359e-05 0.024776 1.3822e-07 0.01
4.007e-05 1.2897e-05 0.024799 1.4097e-07 0.01
3.9977e-05 1.2469e-05 0.024821 1.4462e-07 0.01
3.9929e-05 1.2068e-05 0.024844 1.4905e-07 0.01
3.9922e-05 1.1692e-05 0.024867 1.5421e-07 0.01
3.9964e-05 1.1343e-05 0.02489 1.604e-07 0.01
3.9982e-05 1.0979e-05 0.024913 1.6524e-07 0.01
3.9975e-05 1.0599e-05 0.024937 1.6875e-07 0.01
3.993e-05 1.0197e-05 0.02496 1.7053e-07 0.01
3.9924e-05 9.8156e-06 0.024983 1.7296e-07 0.01
3.9946e-05 9.4499e-06 0.025007 1.7577e-07 0.01
3.9953e-05 9.0744e-06 0.02503 1.7752e-07 0.01
3.9945e-05 8.6898e-06 0.025054 1.7828e-07 0.01
3.9972e-05 8.3232e-06 0.025078 1.7957e-07 0.01
3.9983e-05 8.651e-06 0.025101 1.7982e-07 0.01
3.9979e-05 8.9702e-06 0.025125 1.7907e-07 0.01
3.9962e-05 9.2808e-06 0.025148 1.7731e-07 0.01
3.9978e-05 9.6076e-06 0.025172 1.7609e-07 0.01
4.0029e-05 9.9512e-06 0.025196 1.7542e-07 0.01
4.0108e-05 1.0309e-05 0.02522 1.751e-07 0.01
4.0172e-05 1.0658e-05 0.025243 1.7373e-07 0.01
4.0221e-05 1.0997e-05 0.025267 1.7133e-07 0.01
4.0254e-05 1.1326e-05 0.025291 1.6792e-07 0.01
4.0274e-05 1.1647e-05 0.025315 1.6351e-07 0.01
4.0327e-05 1.1986e-05 0.025338 1.5963e-07 0.01
4.0365e-05 1.2315e-05 0.025362 1.5471e-07 0.01
4.0388e-05 1.2634e-05 0.025386 1.4877e-07 0.01
4.0397e-05 1.2945e-05 0.02541 1.4183e-07 0.01
4.0391e-05 1.3247e-05 0.025433 1.3388e-07 0.01
4.042e-05 1.3566e-05 0.025457 1.2647e-07 0.01
4.0478e-05 1.39e-05 0.025481 1.1938e-07 0.01
4.0565e-05 1.425e-05 0.025505 1.1258e-07 0.01
4.0681e-05 1.4617e-05 0.02553 1.0604e-07 0.01
4.0781e-05 1.4973e-05 0.025554 9.8495e-08 0.01
4.0916e-05 1.5349e-05 0.025578 9.1337e-08 0.01
4.1037e-05 1.5715e-05 0.025603 8.3217e-08 0.01
4.1194e-05 1.6103e-05 0.025627 7.5451e-08 0.01
4.1387e-05 1.6512e-05 0.025652 6.8007e-08 0.01
4.1625e-05 1.6949e-05 0.025677 6.0978e-08 0.01
4.1836e-05 1.7367e-05 0.025701 5.275e-08 0.01
4.2097e-05 1.7818e-05 0.025726 4.5039e-08 0.01
4.2322e-05 1.8244e-05 0.025751 5.373e-08 0.01
4.258e-05 1.8691e-05 0.025776 6.2589e-08 0.01
4.2871e-05 1.9159e-05 0.025801 7.1624e-08 0.01
4.3195e-05 1.9648e-05 0.025826 8.0875e-08 0.01
4.3554e-05 2.0159e-05 0.025852 9.0381e-08 0.01
4.3949e-05 2.0694e-05 0.025877 1.0019e-07 0.01
4.4327e-05 2.1217e-05 0.025903 1.09e-07 0.01
4.4748e-05 2.1768e-05 0.025928 1.1832e-07 0.01
4.5214e-05 2.2349e-05 0.025954 1.2821e-07 0.01
4.5719e-05 2.2956e-05 0.02598 1.3852e-07 0.01
4.6205e-05 2.355e-05 0.026006 1.4777e-07 0.01
4.6672e-05 2.4131e-05 0.026032 1.5594e-07 0.01
4.5919e-05 2.3903e-05 0.026058 1.6458e-07 0.01
4.5144e-05 2.3665e-05 0.026083 1.7218e-07 0.01
4.4419e-05 2.3444e-05 0.02611 1.8027e-07 0.01
4.3741e-05 2.3239e-05 0.026136 1.8891e-07 0.01
4.3109e-05 2.305e-05 0.026162 1.981e-07 0.01
4.2456e-05 2.2851e-05 0.026188 2.0618e-07 0.01
4.1846e-05 2.2667e-05 0.026215 1.8144e-07 0.01
4.1216e-05 2.2473e-05 0.026241 1.5535e-07 0.01
4.0637e-05 2.2297e-05 0.026268 1.3088e-07 0.01
4.0119e-05 2.2145e-05 0.026294 1.0845e-07 0.01
3.9661e-05 2.198e-05 0.026321 8.7844e-08 0.01
3.9173e-05 2.1799e-05 0.026348 6.5538e-08 0.01
3.8626e-05 2.1596e-05 0.026374 6.7871e-08 0.01
3.8034e-05 2.1372e-05 0.026401 6.8897e-08 0.01
3.7507e-05 2.1174e-05 0.026427 7.0291e-08 0.01
3.6937e-05 2.0956e-05 0.026454 7.0379e-08 0.01
3.6345e-05 2.0726e-05 0.02648 6.9519e-08 0.01
3.5732e-05 2.0486e-05 0.026507 6.7712e-08 0.01
3.516e-05 2.0262e-05 0.026533 6.5894e-08 0.01
3.4568e-05 2.0028e-05 0.02656 6.3159e-08 0.01
3.4023e-05 1.9812e-05 0.026586 6.0493e-08 0.01
3.3515e-05 1.961e-05 0.026613 5.7774e-08 0.01
3.2988e-05 1.9399e-05 0.02664 5.4147e-08 0.01
3.2443e-05 1.9178e-05 0.026667 4.9609e-08 0.01
3.1942e-05 1.8947e-05 0.026693 4.5118e-08 0.01
3.1481e-05 1.8734e-05 0.02672 4.0645e-08 0.01
3.106e-05 1.8537e-05 0.026747 3.6161e-08 0.01
3.0623e-05 1.8332e-05 0.026774 3.0809e-08 0.01
3.0225e-05 1.8144e-05 0.026801 2.5428e-08 0.01
2.9809e-05 1.7945e-05 0.026829 1.9152e-08 0.01
2.909e-05 1.7778e-05 0.026856 1.3249e-08 0.01
2.8322e-05 1.7592e-05 0.026883 1.6248e-08 0.01
2.7498e-05 1.7385e-05 0.02691 1.8182e-08 0.01
2.6615e-05 1.7157e-05 0.026937 1.9061e-08 0.01
2.5832e-05 1.6959e-05 0.026965 1.9944e-08 0.01
2.4998e-05 1.6742e-05 0.026992 1.9809e-08 0.01
2.4259e-05 1.6575e-05 0.027019 1.9742e-08 0.01
2.3567e-05 1.6422e-05 0.027046 1.9368e-08 0.01
2.2925e-05 1.6286e-05 0.027074 1.8738e-08 0.01
2.2262e-05 1.614e-05 0.027101 1.7282e-08 0.01
2.1638e-05 1.6005e-05 0.027128 1.5478e-08 0.01
2.1056e-05 1.5885e-05 0.027156 1.337e-08 0.01
2.0458e-05 1.5757e-05 0.027184 2.4481e-08 0.01
1.9844e-05 1.5621e-05 0.027211 3.4658e-08 0.01
1.9211e-05 1.5475e-05 0.027239 4.3874e-08 0.01
1.8563e-05 1.5322e-05 0.027266 5.2255e-08 0.01
1.7956e-05 1.5183e-05 0.027294 6.0884e-08 0.01
1.739e-05 1.5058e-05 0.027322 6.9814e-08 0.01
1.6806e-05 1.4924e-05 0.02735 7.7759e-08 0.01
1.6207e-05 1.4782e-05 0.027377 8.4757e-08 0.01
1.5591e-05 1.4631e-05 0.027405 9.0795e-08 0.01
1.5043e-05 1.4438e-05 0.027433 9.7853e-08 0.01
1.4527e-05 1.4258e-05 0.027461 1.0517e-07 0.01
1.3995e-05 1.4068e-05 0.027488 1.1149e-07 0.01
1.3447e-05 1.387e-05 0.027516 1.168e-07 0.01
1.2934e-05 1.3686e-05 0.027544 1.2251e-07 0.01
1.2455e-05 1.3517e-05 0.027572 1.2869e-07 0.01
1.1943e-05 1.3369e-05 0.0276 1.333e-07 0.01
1.1395e-05 1.3204e-05 0.027628 1.3635e-07 0.01
1.0895e-05 1.3058e-05 0.027657 1.4023e-07 0.01
1.036e-05 1.2895e-05 0.027685 1.425e-07 0.01
9.7887e-06 1.2714e-05 0.027713 1.4319e-07 0.01
9.1782e-06 1.2517e-05 0.027741 1.4275e-07 0.01
8.6205e-06 1.2341e-05 0.027769 1.4317e-07 0.01
8.0253e-06 1.2146e-05 0.027798 1.42e-07 0.01
7.4814e-06 1.1973e-05 0.027826 1.417e-07 0.01
6.9846e-06 1.1819e-05 0.027855 1.4229e-07 0.01
6.4606e-06 1.1651e-05 0.027883 1.4148e-07 0.01
5.9772e-06 1.15e-05 0.027912 1.4141e-07 0.01
5.4656e-06 1.1334e-05 0.02794 1.3989e-07 0.01
5.0047e-06 1.1192e-05 0.027969 1.3951e-07 0.01
5.0934e-06 1.1033e-05 0.027998 1.3758e-07 0.01
5.1989e-06 1.0893e-05 0.028027 1.3654e-07 0.01
5.3217e-06 1.0771e-05 0.028056 1.3632e-07 0.01
5.4665e-06 1.0669e-05 0.028086 1.3718e-07 0.01
5.5932e-06 1.0551e-05 0.028116 1.3899e-07 0.01
5.7093e-06 1.0425e-05 0.028145 1.3972e-07 0.01
5.8376e-06 1.0311e-05 0.028175 1.4088e-07 0.01
5.9759e-06 1.0205e-05 0.028205 1.4231e-07 0.01
6.1268e-06 1.0109e-05 0.028235 1.4416e-07 0.01
6.2685e-06 1.0007e-05 0.028265 1.4503e-07 0.01
6.4233e-06 9.9144e-06 0.028296 1.4636e-07 0.01
6.5918e-06 9.8321e-06 0.028326 1.4812e-07 0.01
6.7746e-06 9.7597e-06 0.028357 1.5033e-07 0.01
6.9725e-06 9.697e-06 0.028388 1.5299e-07 0.01
7.1599e-06 9.6268e-06 0.028419 1.5463e-07 0.01
7.3375e-06 9.5494e-06 0.028449 1.5529e-07 0.01
7.5305e-06 9.4817e-06 0.02848 1.564e-07 0.01
7.713e-06 9.4065e-06 0.028511 1.565e-07 0.01
7.9113e-06 9.3408e-06 0.028542 1.5706e-07 0.01
8.0997e-06 9.2681e-06 0.028573 1.5663e-07 0.01
8.3045e-06 9.2047e-06 0.028604 1.5667e-07 0.01
8.5267e-06 9.1506e-06 0.028636 1.5717e-07 0.01
8.7674e-06 9.1059e-06 0.028667 1.5816e-07 0.01
9.0358e-06 9.0745e-06 0.028699 1.6004e-07 0.01
9.2836e-06 9.0312e-06 0.028731 1.6046e-07 0.01
9.5084e-06 9.0026e-06 0.028763 1.5928e-07 0.01
9.7632e-06 8.9885e-06 0.028795 1.5911e-07 0.01
1.005e-05 8.9887e-06 0.028827 1.5993e-07 0.01
1.0312e-05 8.9755e-06 0.028859 1.5915e-07 0.01
1.0184e-05 8.9768e-06 0.028892 1.5968e-07 0.01
1.0037e-05 8.966e-06 0.028924 1.5873e-07 0.01
9.9187e-06 8.971e-06 0.028957 1.5893e-07 0.01
9.8226e-06 8.9891e-06 0.02899 1.5999e-07 0.01
9.7083e-06 8.9951e-06 0.029023 1.5958e-07 0.01
9.6185e-06 9.0156e-06 0.029056 1.6018e-07 0.01
9.5064e-06 9.0214e-06 0.029089 1.5907e-07 0.01
9.4187e-06 9.0418e-06 0.029122 1.5898e-07 0.01
9.3089e-06 9.0474e-06 0.029155 1.5717e-07 0.01
9.223e-06 9.0676e-06 0.029188 1.5636e-07 0.01
9.16e-06 9.1054e-06 0.029222 1.5654e-07 0.01
9.0806e-06 9.1317e-06 0.029255 1.5532e-07 0.01
9.017e-06 9.1681e-06 0.029289 1.5465e-07 0.01
8.972e-06 9.2167e-06 0.029323 1.5472e-07 0.01
8.9136e-06 9.2556e-06 0.029357 1.5357e-07 0.01
8.8419e-06 9.285e-06 0.029391 1.5121e-07 0.01
8.7885e-06 9.3265e-06 0.029425 1.4957e-07 0.01
8.7499e-06 9.378e-06 0.02946 1.4844e-07 0.01
8.6982e-06 9.42e-06 0.029494 1.4611e-07 0.01
8.664e-06 9.4741e-06 0.029529 1.4446e-07 0.01
8.6511e-06 9.5434e-06 0.029564 1.4373e-07 0.01
8.6199e-06 9.5991e-06 0.029598 1.4147e-07 0.01
8.5683e-06 9.6398e-06 0.029633 1.3755e-07 0.01
8.5385e-06 9.696e-06 0.029668 1.3458e-07 0.01
8.4881e-06 9.7369e-06 0.029703 1.2994e-07 0.01
8.4593e-06 9.7934e-06 0.029738 1.2623e-07 0.01
8.4563e-06 9.8345e-06 0.029772 1.2365e-07 0.01
8.4791e-06 9.8947e-06 0.029808 1.2216e-07 0.01
8.5278e-06 9.9743e-06 0.029843 1.2174e-07 0.01
8.6031e-06 1.0074e-05 0.029879 1.2236e-07 0.01
8.3109e-06 1.0194e-05 0.029915 1.2405e-07 0.01
8.0498e-06 1.0332e-05 0.029951 1.2657e-07 0.01
7.7628e-06 1.0453e-05 0.029987 1.2748e-07 0.01
7.5061e-06 1.0592e-05 0.030024 1.2923e-07 0.01
7.2776e-06 1.075e-05 0.03006 1.3185e-07 0.01
7.0804e-06 1.0931e-05 0.030096 1.3575e-07 0.01
6.8624e-06 1.1096e-05 0.030133 1.3809e-07 0.01
6.621e-06 1.1244e-05 0.030169 1.388e-07 0.01
6.4055e-06 1.1411e-05 0.030206 1.4039e-07 0.01
6.1789e-06 1.1569e-05 0.030243 1.4096e-07 0.01
5.9682e-06 1.174e-05 0.030279 1.4194e-07 0.01
5.7467e-06 1.1903e-05 0.030316 1.4191e-07 0.01
5.5143e-06 1.2057e-05 0.030353 1.4085e-07 0.01
5.2946e-06 1.2221e-05 0.03039 1.4005e-07 0.01
5.087e-06 1.2397e-05 0.030427 1.3951e-07 0.01
4.8906e-06 1.2583e-05 0.030464 1.3922e-07 0.01
4.7078e-06 1.2784e-05 0.030501 1.3935e-07 0.01
4.513e-06 1.2973e-05 0.030539 1.3835e-07 0.01
4.3353e-06 1.3182e-05 0.030576 1.3802e-07 0.01
4.175e-06 1.3411e-05 0.030614 1.3847e-07 0.01
4.0365e-06 1.367e-05 0.030652 1.4009e-07 0.01
3.8798e-06 1.3917e-05 0.03069 1.4006e-07 0.01
3.7441e-06 1.4194e-05 0.030729 1.4122e-07 0.01
3.6278e-06 1.4064e-05 0.030767 1.4359e-07 0.01
3.5296e-06 1.3958e-05 0.030806 1.4719e-07 0.01
3.4484e-06 1.3876e-05 0.030845 1.521e-07 0.01
3.3833e-06 1.3818e-05 0.030885 1.5841e-07 0.01
3.3039e-06 1.3744e-05 0.030924 1.6307e-07 0.01
3.2402e-06 1.3693e-05 0.030964 1.6919e-07 0.01
3.1915e-06 1.3625e-05 0.031004 1.7687e-07 0.01
3.1573e-06 1.358e-05 0.031044 1.8626e-07 0.01
3.137e-06 1.3557e-05 0.031084 1.9752e-07 0.01
3.1306e-06 1.3557e-05 0.031124 2.1087e-07 0.01
3.1109e-06 1.3542e-05 0.031165 2.2224e-07 0.01
3.1049e-06 1.3549e-05 0.031206 2.3582e-07 0.01
3.0857e-06 1.3574e-05 0.031247 2.4716e-07 0.01
3.0774e-06 1.3619e-05 0.031288 2.6037e-07 0.01
3.08e-06 1.3683e-05 0.03133 2.756e-07 0.01
3.0935e-06 1.3766e-05 0.031371 2.9307e-07 0.01
3.1207e-06 1.3874e-05 0.031414 3.1357e-07 0.01
3.1621e-06 1.3963e-05 0.031456 3.3747e-07 0.01
3.2151e-06 1.4073e-05 0.031498 3.6452e-07 0.01
3.251e-06 1.4164e-05 0.03154 3.8856e-07 0.01
3.3363e-06 1.4239e-05 0.031582 3.9868e-07 0.01
3.4351e-06 1.4334e-05 0.031624 4.1109e-07 0.01
3.5181e-06 1.4411e-05 0.031667 4.2104e-07 0.01
3.3729e-06 1.452e-05 0.031709 4.3389e-07 0.01
3.2115e-06 1.4613e-05 0.031751 4.444e-07 0.01
3.0334e-06 1.4726e-05 0.031793 4.5261e-07 0.01
2.8725e-06 1.486e-05 0.031835 4.6321e-07 0.01
2.6938e-06 1.4977e-05 0.031878 4.7127e-07 0.01
2.5305e-06 1.5115e-05 0.031921 4.8162e-07 0.01
2.3523e-06 1.5237e-05 0.031963 4.8975e-07 0.01
2.1897e-06 1.538e-05 0.032006 5.0036e-07 0.01
2.0115e-06 1.5506e-05 0.032049 5.0858e-07 0.01
1.8419e-06 1.5645e-05 0.032092 5.1824e-07 0.01
1.6634e-06 1.5776e-05 0.032134 5.2655e-07 0.01
1.4934e-06 1.592e-05 0.032178 5.3643e-07 0.01
1.3313e-06 1.608e-05 0.032221 5.4791e-07 0.01
1.1765e-06 1.6254e-05 0.032264 5.6108e-07 0.01
1.0267e-06 1.644e-05 0.032308 5.7567e-07 0.01
8.8315e-07 1.6643e-05 0.032352 5.9213e-07 0.01
7.3175e-07 1.6836e-05 0.032396 6.072e-07 0.01
5.8646e-07 1.7046e-05 0.03244 6.2428e-07 0.01
4.334e-07 1.7247e-05 0.032484 6.3994e-07 0.01
2.8594e-07 1.7465e-05 0.032528 6.5768e-07 0.01
1.3114e-07 1.7674e-05 0.032572 6.7405e-07 0.01
1.309e-07 1.7875e-05 0.032616 6.8907e-07 0.01
1.2764e-07 1.8089e-05 0.032661 7.0573e-07 0.01
1.2166e-07 1.832e-05 0.032705 7.2453e-07 0.01
1.1019e-07 1.8543e-05 0.03275 7.4192e-07 0.01
9.5763e-08 1.878e-05 0.032795 7.6175e-07 0.01
7.5637e-08 1.9007e-05 0.032839 7.7986e-07 0.01
5.308e-08 1.9255e-05 0.032884 8.0079e-07 0.01
2.904e-08 1.9532e-05 0.03293 8.265e-07 0.01
3.8206e-08 1.9786e-05 0.032975 8.4869e-07 0.01
1.232e-07 2.0016e-05 0.03302 8.6746e-07 0.01
2.1322e-07 2.0281e-05 0.033065 8.9101e-07 0.01
3.0927e-07 2.0582e-05 0.033111 9.1974e-07 0.01
3.9469e-07 2.0859e-05 0.033156 9.4474e-07 0.01
1.282e-06 2.6118e-05 0.034031 1.394e-06 0.01
1.2922e-06 2.6361e-05 0.034077 1.4176e-06 0.01
1.3095e-06 2.6601e-05 0.034123 1.4475e-06 0.01
1.3084e-06 2.7524e-05 0.034309 1.5478e-06 0.01
1.3077e-06 2.7788e-05 0.034356 1.5783e-06 0.01
1.314e-06 2.8092e-05 0.034403 1.6157e-06 0.01
1.3275e-06 2.8438e-05 0.03445 1.6614e-06 0.01
1.3484e-06 2.8829e-05 0.034498 1.7158e-06 0.01
1.3769e-06 2.9268e-05 0.034546 1.7074e-06 0.01
1.4114e-06 2.9113e-05 0.034594 1.6242e-06 0.01
1.4344e-06 2.8934e-05 0.034642 1.5336e-06 0.01
1.4461e-06 2.8732e-05 0.034689 1.4389e-06 0.01
1.4637e-06 2.8562e-05 0.034737 1.3551e-06 0.01
1.4876e-06 2.8423e-05 0.034786 1.2809e-06 0.01
1.9326e-06 2.8262e-05 0.034834 1.2007e-06 0.01
2.4245e-06 2.7434e-05 0.034882 1.1313e-06 0.01
2.8989e-06 2.6562e-05 0.03493 1.0555e-06 0.01
3.4242e-06 2.5763e-05 0.034978 9.899e-07 0.01
4.0065e-06 2.5037e-05 0.035027 9.332e-07 0.01
4.5518e-06 2.4272e-05 0.035075 8.7109e-07 0.01
5.0618e-06 2.3466e-05 0.035124 8.0328e-07 0.01
5.6275e-06 2.2727e-05 0.035173 7.4422e-07 0.01
6.2542e-06 2.2049e-05 0.035222 6.9281e-07 0.01
6.9488e-06 2.1428e-05 0.035271 6.4815e-07 0.01
7.7086e-06 2.0854e-05 0.035321 6.0874e-07 0.01
7.8827e-06 2.0323e-05 0.035371 5.7405e-07 0.01
8.0824e-06 1.9834e-05 0.035421 5.4362e-07 0.01
8.2611e-06 1.9318e-05 0.035471 5.0996e-07 0.01
8.4714e-06 1.8849e-05 0.035522 4.811e-07 0.01
8.7159e-06 1.8424e-05 0.035573 4.5655e-07 0.01
8.9354e-06 1.804e-05 0.035624 4.2883e-07 0.01
9.1843e-06 1.7689e-05 0.035676 4.0451e-07 0.01
9.4711e-06 1.7375e-05 0.035728 3.8389e-07 0.01
9.3758e-06 1.709e-05 0.03578 3.6604e-07 0.01
9.2603e-06 1.6781e-05 0.035833 3.4541e-07 0.01
9.1738e-06 1.6507e-05 0.035885 3.28e-07 0.01
9.0745e-06 1.6212e-05 0.035938 3.0818e-07 0.01
8.9983e-06 1.5945e-05 0.035991 2.9084e-07 0.01
8.9493e-06 1.5708e-05 0.036045 2.7621e-07 0.01
8.9225e-06 1.5452e-05 0.036098 2.6377e-07 0.01
8.9224e-06 1.5227e-05 0.036152 2.5362e-07 0.01
8.9014e-06 1.4981e-05 0.036206 2.4129e-07 0.01
8.862e-06 1.4764e-05 0.03626 2.2695e-07 0.01
8.8445e-06 1.457e-05 0.036314 2.1446e-07 0.01
8.8487e-06 1.4399e-05 0.036369 2.0364e-07 0.01
8.8359e-06 1.4212e-05 0.036424 1.9106e-07 0.01
8.8487e-06 1.4051e-05 0.036479 1.804e-07 0.01
8.8879e-06 1.3915e-05 0.036534 1.7154e-07 0.01
8.9494e-06 1.3179e-05 0.03659 1.6399e-07 0.01
9.0339e-06 1.2493e-05 0.036646 1.5765e-07 0.01
9.0988e-06 1.1862e-05 0.036702 1.4963e-07 0.01
9.1917e-06 1.1275e-05 0.036759 1.4308e-07 0.01
9.3137e-06 1.0736e-05 0.036816 1.3789e-07 0.01
9.4134e-06 1.0171e-05 0.036873 1.3097e-07 0.01
9.5377e-06 9.6511e-06 0.036931 1.2508e-07 0.01
9.6876e-06 9.1675e-06 0.036988 1.2013e-07 0.01
9.8642e-06 8.7173e-06 0.037047 1.1605e-07 0.01
1.0075e-05 8.2985e-06 0.037105 1.1305e-07 0.01
9.9061e-06 8.1877e-06 0.037163 1.1108e-07 0.01
9.7129e-06 8.0615e-06 0.037222 1.0753e-07 0.01
9.5472e-06 7.9507e-06 0.03728 1.0472e-07 0.01
9.4071e-06 7.8545e-06 0.037339 1.0262e-07 0.01
9.2465e-06 7.745e-06 0.037398 9.9094e-08 0.01
9.1116e-06 7.6218e-06 0.037456 9.6275e-08 0.01
9.0061e-06 7.5166e-06 0.037515 9.4351e-08 0.01
8.924e-06 7.4257e-06 0.037575 9.3058e-08 0.01
8.8223e-06 7.3216e-06 0.037634 9.0262e-08 0.01
8.7008e-06 7.2041e-06 0.037693 8.6064e-08 0.01
8.6023e-06 7.1006e-06 0.037752 8.2476e-08 0.01
8.4826e-06 6.9829e-06 0.037811 7.7429e-08 0.01
8.3908e-06 6.8518e-06 0.037871 7.3214e-08 0.01
8.3258e-06 6.7381e-06 0.03793 6.9754e-08 0.01
8.2868e-06 6.641e-06 0.03799 6.6988e-08 0.01
8.2733e-06 6.5599e-06 0.03805 6.4865e-08 0.01
8.2396e-06 6.4651e-06 0.038111 6.1367e-08 0.01
8.1872e-06 6.3574e-06 0.038171 7.9915e-08 0.01
8.1561e-06 6.2629e-06 0.038231 1.0031e-07 0.01
8.1064e-06 6.1855e-06 0.038292 1.1864e-07 0.01
8.0397e-06 6.0968e-06 0.038353 1.3512e-07 0.01
7.9962e-06 6.0217e-06 0.038414 1.5367e-07 0.01
7.9359e-06 5.9354e-06 0.038475 1.703e-07 0.01
7.8985e-06 5.8624e-06 0.038536 1.8915e-07 0.01
7.8512e-06 5.7825e-06 0.038597 2.0674e-07 0.01
7.8164e-06 5.7095e-06 0.038659 2.256e-07 0.01
7.7942e-06 5.6433e-06 0.038721 2.4583e-07 0.01
7.7842e-06 5.5837e-06 0.038783 2.6756e-07 0.01
7.7646e-06 5.5173e-06 0.038845 2.8797e-07 0.01
6.7351e-06 3.9054e-06 0.039843 5.1277e-07 0.01
6.6479e-06 3.7833e-06 0.039906 5.2333e-07 0.01
6.5724e-06 3.6674e-06 0.039969 5.3549e-07 0.01
6.488e-06 3.5452e-06 0.040033 5.4637e-07 0.01
6.3946e-06 3.4168e-06 0.040096 5.5599e-07 0.01
6.3129e-06 3.2943e-06 0.040159 5.6725e-07 0.01
6.2424e-06 3.1775e-06 0.040223 5.8023e-07 0.01
6.1831e-06 3.0662e-06 0.040287 5.95e-07 0.01
6.1145e-06 2.9485e-06 0.040351 6.0839e-07 0.01
6.0353e-06 2.8237e-06 0.040415 6.2025e-07 0.01
5.9666e-06 2.7038e-06 0.040479 6.3378e-07 0.01
5.9081e-06 2.5888e-06 0.040544 6.4907e-07 0.01
5.8599e-06 2.4799e-06 0.040608 6.1159e-07 0.01
5.8016e-06 2.3643e-06 0.040672 5.7222e-07 0.01
5.7533e-06 2.2531e-06 0.040737 5.3569e-07 0.01
5.6903e-06 2.1326e-06 0.040802 4.9611e-07 0.01
5.6133e-06 2.0032e-06 0.040867 4.5357e-07 0.01
5.555e-06 1.883e-06 0.040932 4.161e-07 0.01
5.5135e-06 1.7705e-06 0.040998 3.8282e-07 0.01
5.4543e-06 1.6474e-06 0.041064 3.6537e-07 0.01
5.4079e-06 1.5298e-06 0.04113 3.4986e-07 0.01
5.3769e-06 1.4188e-06 0.041197 3.3653e-07 0.01
5.3557e-06 1.3114e-06 0.041264 3.2453e-07 0.01
5.3443e-06 1.2072e-06 0.041331 3.1376e-07 0.01
5.3422e-06 1.1059e-06 0.041399 3.0413e-07 0.01
5.3313e-06 9.9888e-07 0.041467 2.933e-07 0.01
5.3116e-06 8.8615e-07 0.041534 2.8126e-07 0.01
5.3012e-06 7.7618e-07 0.041602 2.7032e-07 0.01
5.3001e-06 6.6076e-07 0.04167 2.6042e-07 0.01
5.3083e-06 5.4789e-07 0.041738 2.5149e-07 0.01
5.3077e-06 6.1399e-07 0.041806 2.4125e-07 0.01
5.3163e-06 6.8077e-07 0.041875 2.3194e-07 0.01
5.3323e-06 7.4772e-07 0.041943 2.2328e-07 0.01
5.3557e-06 8.1494e-07 0.042012 2.1525e-07 0.01
5.3706e-06 8.771e-07 0.042081 2.0614e-07 0.01
5.395e-06 9.4032e-07 0.04215 1.9783e-07 0.01
5.4105e-06 9.9828e-07 0.042219 2.4368e-07 0.01
5.4176e-06 1.0512e-06 0.042288 2.879e-07 0.01
5.4321e-06 1.1045e-06 0.042358 3.3478e-07 0.01
5.4371e-06 1.1523e-06 0.042427 3.7965e-07 0.01
5.4331e-06 1.1948e-06 0.042497 4.2273e-07 0.01
5.4202e-06 1.2321e-06 0.042566 4.6405e-07 0.01
5.4167e-06 1.2705e-06 0.042635 5.0859e-07 0.01
5.4228e-06 1.3101e-06 0.042705 5.5663e-07 0.01
5.4199e-06 1.3444e-06 0.042775 6.0277e-07 0.01
5.4266e-06 1.3707e-06 0.042845 6.5263e-07 0.01
5.4406e-06 1.3974e-06 0.042916 7.0581e-07 0.01
5.4622e-06 1.4246e-06 0.042986 7.6257e-07 0.01
5.4753e-06 1.4467e-06 0.043057 8.1738e-07 0.01
5.48e-06 1.4637e-06 0.043128 8.7027e-07 0.01
5.4942e-06 1.482e-06 0.043198 9.2758e-07 0.01
5.5182e-06 1.5016e-06 0.04327 9.8974e-07 0.01
5.552e-06 1.5227e-06 0.043341 1.0571e-06 0.01
5.5935e-06 1.5444e-06 0.043413 1.1291e-06 0.01
5.6259e-06 1.5668e-06 0.043485 1.1986e-06 0.01
5.6497e-06 1.584e-06 0.043557 1.2657e-06 0.01
5.6644e-06 1.5958e-06 0.043629 1.3304e-06 0.01
5.67e-06 1.6022e-06 0.043701 1.3926e-06 0.01
5.6854e-06 1.61e-06 0.043773 1.4603e-06 0.01
5.6918e-06 1.6126e-06 0.043845 1.5256e-06 0.01
5.706e-06 1.6158e-06 0.043918 1.5033e-06 0.01
5.7116e-06 1.6139e-06 0.04399 1.4794e-06 0.01
5.7083e-06 1.6066e-06 0.044063 1.4536e-06 0.01
5.7127e-06 1.6e-06 0.044136 1.4306e-06 0.01
5.7081e-06 1.5881e-06 0.044208 1.4057e-06 0.01
5.7133e-06 1.5776e-06 0.044281 1.3842e-06 0.01
5.7264e-06 1.5678e-06 0.044355 1.3652e-06 0.01
5.7303e-06 1.5527e-06 0.044428 1.3444e-06 0.01
5.7423e-06 1.5383e-06 0.044502 1.3262e-06 0.01
5.7442e-06 1.5182e-06 0.044576 1.306e-06 0.01
5.7363e-06 1.4925e-06 0.04465 1.2838e-06 0.01
5.7168e-06 1.4604e-06 0.044723 1.2592e-06 0.01
5.7073e-06 1.4299e-06 0.044797 1.2378e-06 0.01
5.6893e-06 1.3942e-06 0.044871 1.2147e-06 0.01
5.6791e-06 1.3592e-06 0.044944 1.194e-06 0.01
5.6603e-06 1.319e-06 0.045018 1.1718e-06 0.01
5.6513e-06 1.2801e-06 0.045092 1.1525e-06 0.01
5.6339e-06 1.2361e-06 0.045167 1.1316e-06 0.01
5.6262e-06 1.1933e-06 0.045241 1.1135e-06 0.01
5.6096e-06 1.1453e-06 0.045316 1.0937e-06 0.01
5.6027e-06 1.0984e-06 0.04539 1.0766e-06 0.01
5.6039e-06 1.052e-06 0.045465 1.0618e-06 0.01
5.6149e-06 1.0067e-06 0.045541 1.0495e-06 0.01
5.6169e-06 9.5605e-07 0.045616 1.0356e-06 0.01
5.6265e-06 9.0567e-07 0.045692 1.0237e-06 0.01
5.6438e-06 8.554e-07 0.045767 1.0138e-06 0.01
5.6689e-06 8.0517e-07 0.045844 1.0057e-06 0.01
5.6854e-06 7.4997e-07 0.04592 9.9629e-07 0.01
5.6935e-06 6.8978e-07 0.045996 9.8539e-07 0.01
5.7092e-06 6.2959e-07 0.046072 9.7638e-07 0.01
5.7329e-06 5.6932e-07 0.046149 9.6924e-07 0.01
5.7473e-06 5.039e-07 0.046226 9.6054e-07 0.01
5.7724e-06 4.3913e-07 0.046303 9.5423e-07 0.01
5.8068e-06 3.7445e-07 0.04638 9.4998e-07 0.01
5.8311e-06 4.4926e-07 0.046457 9.44e-07 0.01
5.8665e-06 5.2509e-07 0.046535 9.4042e-07 0.01
5.9111e-06 6.0145e-07 0.046612 9.388e-07 0.01
5.9459e-06 6.7858e-07 0.046691 9.355e-07 0.01
5.9903e-06 7.5663e-07 0.046769 9.342e-07 0.01
6.0476e-06 8.3693e-07 0.046848 9.3549e-07 0.01
6.118e-06 9.1964e-07 0.046927 9.3933e-07 0.01
6.202e-06 1.0052e-06 0.047007 9.458e-07 0.01
6.2705e-06 1.0963e-06 0.047087 9.4967e-07 0.01
6.3557e-06 1.192e-06 0.047167 9.5672e-07 0.01
6.4581e-06 1.2927e-06 0.047248 9.6699e-07 0.01
6.2102e-06 1.3988e-06 0.047329 9.2487e-07 0.01
5.951e-06 1.4989e-06 0.047411 8.8075e-07 0.01
5.706e-06 1.6013e-06 0.047492 8.3974e-07 0.01
5.4497e-06 1.6978e-06 0.047574 7.9634e-07 0.01
5.183e-06 1.7886e-06 0.047655 7.5113e-07 0.01
4.9056e-06 1.8736e-06 0.047737 7.0404e-07 0.01
4.6474e-06 1.9628e-06 0.047819 6.6108e-07 0.01
4.3724e-06 2.0399e-06 0.047901 6.1505e-07 0.01
4.086e-06 2.1111e-06 0.047983 5.6702e-07 0.01
3.8138e-06 2.1847e-06 0.048066 5.221e-07 0.01
3.5306e-06 2.2524e-06 0.048149 4.7525e-07 0.01
3.2634e-06 2.3234e-06 0.048231 4.3185e-07 0.01
3.011e-06 2.3979e-06 0.048315 3.9159e-07 0.01
2.7698e-06 2.4749e-06 0.048398 3.537e-07 0.01
2.5417e-06 2.5558e-06 0.048482 3.1851e-07 0.01
2.325e-06 2.6403e-06 0.048566 2.8574e-07 0.01
2.0985e-06 2.7186e-06 0.048651 2.5137e-07 0.01
1.8836e-06 2.8011e-06 0.048735 2.1932e-07 0.01
1.6774e-06 2.8777e-06 0.04882 1.8902e-07 0.01
1.481e-06 2.9586e-06 0.048904 1.6065e-07 0.01
1.2939e-06 3.0438e-06 0.04899 1.3405e-07 0.01
1.0979e-06 3.1229e-06 0.049075 1.0607e-07 0.01
8.9322e-07 3.1958e-06 0.04916 7.6718e-08 0.01
6.7943e-07 3.2625e-06 0.049245 4.5933e-08 0.01
6.9142e-07 3.3183e-06 0.04933 4.3993e-08 0.01
6.9423e-07 3.3636e-06 0.049415 4.082e-08 0.01
6.979e-07 3.4142e-06 0.0495 3.7671e-08 0.01
7.0201e-07 3.4584e-06 0.049585 3.4471e-08 0.01
7.0563e-07 3.5057e-06 0.04967 3.109e-08 0.01
7.0951e-07 3.5574e-06 0.049756 2.7594e-08 0.01
7.1293e-07 3.6123e-06 0.049842 2.3882e-08 0.01
7.1588e-07 3.6707e-06 0.049928 1.9937e-08 0.01
7.1838e-07 3.7325e-06 0.050015 1.5742e-08 0.01
1.1061e-06 3.7884e-06 0.050102 2.4112e-08 0.01
1.5144e-06 3.849e-06 0.050189 3.2586e-08 0.01
1.9451e-06 3.9146e-06 0.050276 4.1218e-08 0.01
2.3996e-06 3.9853e-06 0.050364 5.0059e-08 0.01
2.8753e-06 4.0599e-06 0.050452 5.9023e-08 0.01
3.3736e-06 4.1386e-06 0.05054 6.8151e-08 0.01
3.8591e-06 4.2112e-06 0.050628 7.6329e-08 0.01
4.332e-06 4.2777e-06 0.050717 8.356e-08 0.01
4.828e-06 4.3483e-06 0.050805 9.097e-08 0.01
5.3536e-06 4.4245e-06 0.050894 9.875e-08 0.01
5.8646e-06 4.4943e-06 0.050983 1.0553e-07 0.01
6.4067e-06 4.5698e-06 0.051073 1.1271e-07 0.01
6.982e-06 4.6511e-06 0.051162 1.2033e-07 0.01
7.5416e-06 4.7259e-06 0.051252 1.2694e-07 0.01
8.1361e-06 4.8068e-06 0.051342 1.3402e-07 0.01
8.7615e-06 4.8924e-06 0.051432 1.4144e-07 0.01
9.4197e-06 4.9829e-06 0.051522 1.4925e-07 0.01
1.0119e-05 5.08e-06 0.051613 1.5765e-07 0.01
1.0856e-05 5.1823e-06 0.051704 1.6652e-07 0.01
1.1574e-05 5.2779e-06 0.051795 1.7431e-07 0.01
1.2273e-05 5.3667e-06 0.051886 1.8102e-07 0.01
1.3018e-05 5.4624e-06 0.051977 1.884e-07 0.01
1.3811e-05 5.5651e-06 0.052069 1.965e-07 0.01
1.4585e-05 5.6614e-06 0.05216 2.0354e-07 0.01
1.5402e-05 5.7633e-06 0.052252 2.1113e-07 0.01
1.6201e-05 5.8586e-06 0.052344 2.1766e-07 0.01
1.7051e-05 5.9614e-06 0.052437 2.2497e-07 0.01
1.7883e-05 6.0576e-06 0.052529 2.311e-07 0.01
1.876e-05 6.1597e-06 0.052622 2.3782e-07 0.01
1.9696e-05 6.2696e-06 0.052715 2.4538e-07 0.01
2.0682e-05 6.3858e-06 0.052808 2.5361e-07 0.01
2.1646e-05 6.4949e-06 0.052901 2.6068e-07 0.01
2.2587e-05 6.597e-06 0.052995 2.6664e-07 0.01
2.3265e-05 6.6798e-06 0.053088 2.6245e-07 0.01
2.8143e-05 6.7488e-06 0.053181 2.5622e-07 0.01
3.3447e-05 6.8296e-06 0.053274 2.514e-07 0.01
3.8585e-05 6.9008e-06 0.053367 2.4511e-07 0.01
4.4008e-05 6.9783e-06 0.053461 2.3946e-07 0.01
4.9344e-05 7.0491e-06 0.053555 2.3273e-07 0.01
5.4971e-05 7.1262e-06 0.053649 2.266e-07 0.01
6.0497e-05 7.1962e-06 0.053743 2.1935e-07 0.01
6.5923e-05 7.2591e-06 0.053837 2.1099e-07 0.01
7.1702e-05 7.3301e-06 0.053931 2.0343e-07 0.01
7.7895e-05 7.4106e-06 0.054026 1.9678e-07 0.01
8.3953e-05 7.4832e-06 0.05412 2.4388e-07 0.01
9.0384e-05 7.5636e-06 0.054215 2.4587e-07 0.01
9.6685e-05 7.6364e-06 0.05431 2.467e-07 0.01
0.00010334 7.7161e-06 0.054406 2.4813e-07 0.01
0.00011045 7.805e-06 0.054501 2.5039e-07 0.01
0.00011743 7.8865e-06 0.054597 2.5155e-07 0.01
0.00012428 7.9608e-06 0.054693 2.5159e-07 0.01
0.00013158 8.0438e-06 0.054789 2.5241e-07 0.01
0.00013874 8.1194e-06 0.054885 2.5211e-07 0.01
0.00014578 8.1878e-06 0.054981 2.5071e-07 0.01
0.00014696 8.2649e-06 0.055078 2.5008e-07 0.01
0.00014823 8.3509e-06 0.055175 2.5022e-07 0.01
0.00014962 8.4459e-06 0.055272 2.5114e-07 0.01
0.00015111 8.5503e-06 0.055369 2.5284e-07 0.01
0.00015271 8.6623e-06 0.055467 2.5511e-07 0.01
0.00015444 8.7844e-06 0.055566 2.5823e-07 0.01
0.00015633 8.9208e-06 0.055664 2.6262e-07 0.01
0.00015818 9.0493e-06 0.055763 2.6587e-07 0.01
0.00016017 9.1881e-06 0.055862 2.6997e-07 0.01
0.00016231 9.3378e-06 0.055962 2.7495e-07 0.01
0.0001644 9.48e-06 0.056062 2.7884e-07 0.01
0.00016662 9.6311e-06 0.056162 2.8339e-07 0.01
0.00016898 9.7913e-06 0.056261 2.8862e-07 0.01
0.00017129 9.9434e-06 0.056361 2.9271e-07 0.01
0.00017373 1.0105e-05 0.056462 2.9749e-07 0.01
0.00017613 1.0276e-05 0.056562 3.0109e-07 0.01
0.00017867 1.0458e-05 0.056663 3.0542e-07 0.01
0.0001814 1.0652e-05 0.056764 3.1083e-07 0.01
0.00018375 1.0831e-05 0.056866 3.1425e-07 0.01
0.00018602 1.0999e-05 0.056967 3.1629e-07 0.01
0.00018844 1.1177e-05 0.057068 3.1908e-07 0.01
0.00019081 1.1347e-05 0.05717 3.2069e-07 0.01
0.00019313 1.1509e-05 0.057271 3.2119e-07 0.01
0.0001956 1.1681e-05 0.057373 3.2243e-07 0.01
0.000198 1.1845e-05 0.057475 3.2248e-07 0.01
0.00020036 1.2001e-05 0.057577 3.2135e-07 0.01
0.00020289 1.2169e-05 0.057679 3.2123e-07 0.01
0.00020562 1.2352e-05 0.057782 3.2224e-07 0.01
0.00020869 1.2562e-05 0.057885 3.2558e-07 0.01
0.00021212 1.2798e-05 0.057989 3.3114e-07 0.01
0.00021591 1.3059e-05 0.058093 3.386e-07 0.01
0.00022008 1.3346e-05 0.058198 3.4804e-07 0.01
0.00022473 1.3664e-05 0.058304 3.6007e-07 0.01
0.00023102 1.3936e-05 0.058409 3.699e-07 0.01
0.00023696 1.4186e-05 0.058515 3.7739e-07 0.01
0.00024262 1.4417e-05 0.05862 3.8276e-07 0.01
0.00024869 1.4117e-05 0.058725 3.895e-07 0.01
0.00025516 1.3835e-05 0.058831 3.975e-07 0.01
0.00026199 1.3566e-05 0.058938 4.0649e-07 0.01
0.0002687 1.3288e-05 0.059044 4.1422e-07 0.01
0.00027578 1.3023e-05 0.059151 4.2297e-07 0.01
0.00028275 1.2749e-05 0.059257 4.3053e-07 0.01
0.00029012 1.249e-05 0.059364 4.3919e-07 0.01
0.0002973 1.2218e-05 0.059471 4.4633e-07 0.01
0.00030409 1.1926e-05 0.059579 4.5102e-07 0.01
0.00031165 1.1663e-05 0.059687 4.5849e-07 0.01
0.00032008 1.1381e-05 0.059795 4.6887e-07 0.01
0.00032933 1.1124e-05 0.059904 4.4779e-07 0.01
0.00033942 1.0889e-05 0.060013 4.296e-07 0.01
0.00034915 1.064e-05 0.060123 4.0924e-07 0.01
0.00035854 1.0375e-05 0.060232 3.8658e-07 0.01
0.00036865 1.0133e-05 0.060341 3.6632e-07 0.01
0.00037112 9.9123e-06 0.060451 3.4882e-07 0.01
0.00037381 9.7078e-06 0.060562 3.3317e-07 0.01
0.0003764 9.4909e-06 0.060673 3.1572e-07 0.01
0.00037927 9.2928e-06 0.060784 3.0046e-07 0.01
0.00038201 9.0816e-06 0.060895 2.8332e-07 0.01
0.00038505 8.8891e-06 0.061007 2.6834e-07 0.01
0.00038791 8.6799e-06 0.061118 2.5102e-07 0.01
0.00039103 8.4853e-06 0.06123 2.3532e-07 0.01
0.00039445 8.3069e-06 0.061342 2.2148e-07 0.01
0.0003978 8.1205e-06 0.061455 2.0642e-07 0.01
0.0004014 7.945e-06 0.061568 1.9242e-07 0.01
0.00040525 7.7801e-06 0.061681 1.7939e-07 0.01
0.00040903 7.6075e-06 0.061794 1.6521e-07 0.01
0.00041307 7.4451e-06 0.061908 1.5194e-07 0.01
0.00041736 7.2908e-06 0.062022 1.3929e-07 0.01
0.00042157 7.129e-06 0.062136 1.2553e-07 0.01
0.00042602 6.9749e-06 0.062251 1.1235e-07 0.01
0.00043039 6.8132e-06 0.062365 9.8039e-08 0.01
0.00043506 6.6611e-06 0.06248 8.4482e-08 0.01
0.00044006 6.5185e-06 0.062596 7.161e-08 0.01
0.00044545 6.3863e-06 0.062715 5.9467e-08 0.01
0.00045127 6.2649e-06 0.062835 4.802e-08 0.01
0.00045683 6.1582e-06 0.062956 5.4655e-08 0.01
0.00045771 6.0649e-06 0.063077 6.1917e-08 0.01
0.00045875 5.981e-06 0.063199 6.9605e-08 0.01
0.00045971 5.8866e-06 0.06332 7.6014e-08 0.01
0.00046057 5.7811e-06 0.063442 8.1013e-08 0.01
0.00046134 5.6648e-06 0.063563 8.4762e-08 0.01
0.00046228 5.5592e-06 0.063685 8.8988e-08 0.01
0.00046257 5.4659e-06 0.063808 9.5273e-08 0.01
0.00046279 5.3641e-06 0.06393 1.0043e-07 0.01
0.00046295 5.2538e-06 0.064053 1.0446e-07 0.01
0.00046305 5.1352e-06 0.064175 1.074e-07 0.01
0.00046328 5.0238e-06 0.064298 1.1063e-07 0.01
0.00046367 4.9212e-06 0.064421 1.1435e-07 0.01
0.0004642 4.8264e-06 0.064545 1.1852e-07 0.01
0.00046467 4.7224e-06 0.064669 1.2147e-07 0.01
0.00046532 4.629e-06 0.064793 1.252e-07 0.01
0.00046587 4.524e-06 0.064918 1.2741e-07 0.01
0.00046661 4.4299e-06 0.065043 1.305e-07 0.01
0.00046755 4.3463e-06 0.065168 1.3448e-07 0.01
0.00046875 4.275e-06 0.065294 1.3971e-07 0.01
0.00046981 4.1917e-06 0.065421 1.4324e-07 0.01
0.00047113 4.1205e-06 0.065547 1.4806e-07 0.01
0.00047268 4.0587e-06 0.065675 1.5395e-07 0.01
0.00047408 3.9853e-06 0.065802 1.5808e-07 0.01
0.00047536 3.901e-06 0.065929 1.606e-07 0.01
0.00047652 3.8057e-06 0.066056 1.6151e-07 0.01
0.00047793 3.7223e-06 0.066183 1.6375e-07 0.01
0.00047677 3.6502e-06 0.066312 1.6737e-07 0.01
0.00047582 3.587e-06 0.066441 1.7212e-07 0.01
0.00047511 3.5343e-06 0.066571 1.7838e-07 0.01
0.0004746 3.4897e-06 0.066701 1.8592e-07 0.01
0.00047429 3.4531e-06 0.066832 1.9485e-07 0.01
0.00047385 3.4057e-06 0.066963 2.0183e-07 0.01
0.00047331 3.3482e-06 0.067094 2.0704e-07 0.01
0.00047299 3.3006e-06 0.067225 2.1398e-07 0.01
0.00047287 3.2607e-06 0.067357 2.224e-07 0.01
0.00047297 3.2302e-06 0.06749 2.3279e-07 0.01
0.00047326 3.2071e-06 0.067624 2.4506e-07 0.01
0.00047378 3.193e-06 0.067758 2.597e-07 0.01
0.00047454 3.1887e-06 0.067892 2.7699e-07 0.01
0.00047554 3.1934e-06 0.068027 2.9723e-07 0.01
0.00047647 3.2071e-06 0.068163 3.1488e-07 0.01
0.00047481 3.2298e-06 0.0683 3.3566e-07 0.01
0.000473 3.2429e-06 0.068436 3.5398e-07 0.01
0.00047144 3.2651e-06 0.068573 3.7503e-07 0.01
0.00047011 3.2947e-06 0.068711 3.9907e-07 0.01
0.00046904 3.3337e-06 0.06885 4.2714e-07 0.01
0.00046785 3.3629e-06 0.068989 4.5233e-07 0.01
0.00046691 3.4017e-06 0.069128 4.8182e-07 0.01
0.00046203 3.4503e-06 0.069268 5.153e-07 0.01
0.00045686 3.488e-06 0.069408 5.4526e-07 0.01
0.00045141 3.5158e-06 0.069548 5.7214e-07 0.01
0.00044567 3.5336e-06 0.069688 5.9604e-07 0.01
0.00044055 3.5612e-06 0.069828 6.2447e-07 0.01
0.00043598 3.5987e-06 0.069969 6.161e-07 0.01
0.00043184 3.6444e-06 0.070111 6.105e-07 0.01
0.00042745 3.6985e-06 0.070254 6.0217e-07 0.01
0.00042347 3.7611e-06 0.070398 5.9656e-07 0.01
0.00041988 3.8328e-06 0.070542 5.9378e-07 0.01
0.00041671 3.9159e-06 0.070687 5.9419e-07 0.01
0.00041391 4.0112e-06 0.070831 5.9778e-07 0.01
0.00041141 3.8902e-06 0.070977 6.0405e-07 0.01
0.00040923 3.7564e-06 0.071122 6.1368e-07 0.01
0.0004014 3.6337e-06 0.071268 6.2621e-07 0.01
0.00039427 3.5214e-06 0.071415 6.4181e-07 0.01
0.00038673 3.3969e-06 0.071561 6.5446e-07 0.01
0.00037997 3.2848e-06 0.071708 6.7092e-07 0.01
0.00037382 3.1823e-06 0.071856 6.9079e-07 0.01
0.00036731 3.0545e-06 0.072004 7.0708e-07 0.01
0.00036042 2.9144e-06 0.072152 7.2032e-07 0.01
0.00035414 2.7845e-06 0.0723 7.3689e-07 0.01
0.00034751 2.6425e-06 0.072448 7.5036e-07 0.01
0.00034049 2.4882e-06 0.072596 7.6079e-07 0.01
0.00033402 2.3426e-06 0.072744 7.7403e-07 0.01
0.00032799 2.2033e-06 0.072893 7.8962e-07 0.01
0.00032236 2.0697e-06 0.073043 8.0761e-07 0.01
0.00031709 1.9413e-06 0.073193 8.2804e-07 0.01
0.00031211 1.8163e-06 0.073344 8.5055e-07 0.01
0.00030703 1.685e-06 0.073494 8.7138e-07 0.01
0.00030235 1.5603e-06 0.073646 8.4302e-07 0.01
0.0003026 1.4246e-06 0.073797 8.1086e-07 0.01
0.00030063 1.2986e-06 0.073949 7.8401e-07 0.01
0.00029891 1.1817e-06 0.074102 7.6199e-07 0.01
0.00029745 1.0729e-06 0.074255 7.4441e-07 0.01
0.0002962 9.7148e-07 0.07441 7.3094e-07 0.01
0.00029484 8.7538e-07 0.074566 7.1438e-07 0.01
0.0002937 7.855e-07 0.074722 7.018e-07 0.01
0.00029273 6.9991e-07 0.074879 6.9233e-07 0.01
0.00029194 6.182e-07 0.075036 6.8586e-07 0.01
0.00029134 6.83e-07 0.075193 6.7671e-07 0.01
0.00029092 7.5195e-07 0.075351 6.7111e-07 0.01
0.00029066 8.2427e-07 0.075509 6.1783e-07 0.01
0.00029029 8.8837e-07 0.075667 5.5958e-07 0.01
0.00028727 9.5598e-07 0.075826 5.0772e-07 0.01
0.00028406 1.0153e-06 0.075985 4.5105e-07 0.01
0.0002812 1.0795e-06 0.076145 4.0157e-07 0.01
0.00027868 1.1491e-06 0.076305 3.5838e-07 0.01
0.00027599 1.21e-06 0.076466 3.1107e-07 0.01
0.00027311 1.2625e-06 0.076625 2.5941e-07 0.01
0.00026366 1.3203e-06 0.076786 2.1405e-07 0.01
0.00025373 1.8465e-06 0.076947 1.6483e-07 0.01
0.00024481 2.4144e-06 0.077109 1.2145e-07 0.01
0.0002368 3.0277e-06 0.077271 8.3135e-08 0.01
0.00022839 3.6906e-06 0.077435 8.164e-08 0.01
0.00022072 4.3987e-06 0.077599 8.0682e-08 0.01
0.00021266 5.0771e-06 0.077763 7.8377e-08 0.01
0.00020543 5.8112e-06 0.077928 7.6805e-08 0.01
0.00019778 6.5109e-06 0.078093 7.3812e-08 0.01
0.00019091 7.2687e-06 0.078259 7.1531e-08 0.01
0.00018475 8.0897e-06 0.078425 6.9919e-08 0.01
0.00017827 8.9793e-06 0.078593 6.6998e-08 0.01
0.00017236 9.9319e-06 0.07876 6.4533e-08 0.01
0.00016697 1.0841e-05 0.078927 6.2492e-08 0.01
0.00016214 1.1827e-05 0.079095 6.1031e-08 0.01
0.00015781 1.2896e-05 0.079122 6.0123e-08 0.01
0.00015322 1.3225e-05 0.07915 5.7882e-08 0.01
0.00014841 1.3534e-05 0.079177 5.4395e-08 0.01
0.00014404 1.3873e-05 0.079205 5.1339e-08 0.01
0.00014004 1.424e-05 0.079233 4.8532e-08 0.01
0.00013583 1.4641e-05 0.079262 4.4497e-08 0.01
0.00013203 1.4906e-05 0.07929 4.0859e-08 0.01
0.00012854 1.5197e-05 0.079319 3.7412e-08 0.01
0.00012488 1.5467e-05 0.079347 3.2787e-08 0.01
0.00012106 1.5721e-05 0.079376 2.7026e-08 0.01
0.00011756 1.6e-05 0.079405 2.1473e-08 0.01
0.00011386 1.6256e-05 0.079433 2.701e-08 0.01
0.00011042 1.6534e-05 0.079462 3.2598e-08 0.01
0.00010686 1.6797e-05 0.079491 3.7166e-08 0.01
0.00010353 1.7079e-05 0.079521 4.1738e-08 0.01
0.00010038 1.7376e-05 0.07955 4.6211e-08 0.01
9.7402e-05 1.769e-05 0.07958 5.0604e-08 0.01
9.4361e-05 1.7993e-05 0.079609 5.4094e-08 0.01
9.1508e-05 1.8316e-05 0.079639 5.7622e-08 0.01
8.8807e-05 1.8655e-05 0.07967 6.1119e-08 0.01
8.6052e-05 1.8984e-05 0.0797 6.3702e-08 0.01
8.3468e-05 1.9334e-05 0.07973 6.6359e-08 0.01
8.1029e-05 1.9702e-05 0.079761 6.9022e-08 0.01
7.8501e-05 2.0054e-05 0.079792 7.0581e-08 0.01
7.6149e-05 2.0431e-05 0.079822 7.2325e-08 0.01
7.367e-05 2.0785e-05 0.079853 7.2762e-08 0.01
7.145e-05 2.1115e-05 0.079884 7.386e-08 0.01
6.942e-05 2.1477e-05 0.079915 7.5336e-08 0.01
6.7562e-05 2.187e-05 0.079946 6.1068e-08 0.01
6.5813e-05 2.2285e-05 0.079978 4.7307e-08 0.01
6.4026e-05 2.2689e-05 0.08001 3.2494e-08 0.01
6.22e-05 2.3081e-05 0.080041 3.7071e-08 0.01
6.0476e-05 2.3495e-05 0.080073 4.154e-08 0.01
5.885e-05 2.393e-05 0.080105 4.5926e-08 0.01
5.7341e-05 2.4395e-05 0.080138 5.0447e-08 0.01
5.5796e-05 2.4847e-05 0.08017 5.4056e-08 0.01
5.4337e-05 2.5322e-05 0.080203 5.76e-08 0.01
5.2958e-05 2.582e-05 0.080235 6.1096e-08 0.01
5.1547e-05 2.6306e-05 0.080269 6.3677e-08 0.01
5.0227e-05 2.682e-05 0.080302 6.6331e-08 0.01
4.8983e-05 2.7317e-05 0.080336 6.8982e-08 0.01
4.7709e-05 2.7801e-05 0.080369 7.0713e-08 0.01
4.6406e-05 2.8272e-05 0.080403 7.1524e-08 0.01
4.5187e-05 2.8716e-05 0.080437 7.2425e-08 0.01
4.3939e-05 2.9148e-05 0.080471 7.2405e-08 0.01
4.266e-05 2.9568e-05 0.080505 7.1453e-08 0.01
4.1281e-05 2.9958e-05 0.080539 6.9129e-08 0.01
4.0049e-05 3.0396e-05 0.080573 6.744e-08 0.01
3.8952e-05 3.0227e-05 0.080607 6.6379e-08 0.01
3.779e-05 3.0037e-05 0.080642 6.4045e-08 0.01
3.6718e-05 2.9872e-05 0.080677 6.1929e-08 0.01
3.5707e-05 2.9724e-05 0.080712 5.9765e-08 0.01
3.4751e-05 2.9593e-05 0.080747 5.7537e-08 0.01
3.3772e-05 2.9452e-05 0.080782 5.4403e-08 0.01
3.2857e-05 2.9331e-05 0.080818 5.1299e-08 0.01
3.1921e-05 2.92e-05 0.080853 4.7317e-08 0.01
3.1036e-05 2.9086e-05 0.080889 4.3247e-08 0.01
3.0202e-05 2.8987e-05 0.080925 3.9071e-08 0.01
2.9415e-05 2.8905e-05 0.080962 3.4786e-08 0.01
2.8673e-05 2.8839e-05 0.080998 3.0356e-08 0.01
2.7912e-05 2.8764e-05 0.081035 2.507e-08 0.01
2.7202e-05 2.8707e-05 0.081072 1.9711e-08 0.01
2.6473e-05 2.8641e-05 0.081108 2.8318e-08 0.01
2.5785e-05 2.859e-05 0.081146 3.6945e-08 0.01
2.5137e-05 2.8555e-05 0.081183 4.5631e-08 0.01
2.4534e-05 2.8538e-05 0.08122 5.4551e-08 0.01
2.3973e-05 2.8541e-05 0.081258 6.3761e-08 0.01
2.3453e-05 2.8562e-05 0.081297 7.3318e-08 0.01
2.2971e-05 2.8602e-05 0.081335 8.328e-08 0.01
2.2519e-05 2.8657e-05 0.081374 9.3539e-08 0.01
2.2103e-05 2.8703e-05 0.081412 1.0432e-07 0.01
2.172e-05 2.8768e-05 0.081451 1.1569e-07 0.01
2.1369e-05 2.8853e-05 0.081491 1.2772e-07 0.01
2.1048e-05 2.8956e-05 0.08153 1.4048e-07 0.01
2.0713e-05 2.905e-05 0.08157 1.5213e-07 0.01
2.0407e-05 2.9162e-05 0.08161 1.6457e-07 0.01
2.013e-05 2.9295e-05 0.08165 1.7788e-07 0.01
1.988e-05 2.9448e-05 0.08169 1.9214e-07 0.01
1.9652e-05 2.9617e-05 0.081731 2.0717e-07 0.01
1.9411e-05 2.9776e-05 0.081772 2.2102e-07 0.01
1.9191e-05 2.9952e-05 0.081813 2.357e-07 0.01
1.8992e-05 3.0146e-05 0.081854 2.5129e-07 0.01
1.882e-05 3.0363e-05 0.081895 2.6828e-07 0.01
1.8632e-05 3.0567e-05 0.081937 2.8379e-07 0.01
1.8469e-05 3.0793e-05 0.081979 3.0073e-07 0.01
1.8277e-05 3.1061e-05 0.082021 3.1523e-07 0.01
1.8057e-05 3.1304e-05 0.082063 3.2752e-07 0.01
1.7806e-05 3.1521e-05 0.082105 3.3748e-07 0.01
1.7602e-05 3.178e-05 0.082147 3.5003e-07 0.01
1.7367e-05 3.2011e-05 0.08219 3.602e-07 0.01
1.7101e-05 3.2216e-05 0.082233 3.6803e-07 0.01
1.6881e-05 3.2463e-05 0.082276 3.7845e-07 0.01
1.6697e-05 3.21e-05 0.08232 3.9112e-07 0.01
1.6487e-05 3.1712e-05 0.082363 4.0153e-07 0.01
1.6251e-05 3.2409e-05 0.082406 4.0006e-07 0.01
1.6057e-05 3.2405e-05 0.08245 4.0106e-07 0.01
1.5905e-05 3.2438e-05 0.082494 4.0456e-07 0.01
1.5792e-05 3.2508e-05 0.082539 4.1063e-07 0.01
1.5717e-05 3.2554e-05 0.082584 4.1937e-07 0.01
1.5674e-05 3.2631e-05 0.082629 4.3042e-07 0.01
1.6777e-05 3.2684e-05 0.082673 4.3898e-07 0.01
1.7821e-05 3.2714e-05 0.082718 4.4529e-07 0.01
1.8957e-05 3.2774e-05 0.082763 4.5366e-07 0.01
2.0197e-05 3.2863e-05 0.082808 4.6424e-07 0.01
2.1369e-05 3.2928e-05 0.082854 4.7244e-07 0.01
2.2669e-05 3.303e-05 0.082899 4.8343e-07 0.01
2.4094e-05 3.3164e-05 0.082946 4.6249e-07 0.01
2.5436e-05 3.3273e-05 0.082992 4.3855e-07 0.01
2.69e-05 3.3412e-05 0.083038 4.1753e-07 0.01
2.8521e-05 3.3589e-05 0.083085 3.997e-07 0.01
3.01e-05 3.3742e-05 0.083131 3.7941e-07 0.01
3.1805e-05 3.3923e-05 0.083179 3.6126e-07 0.01
3.3457e-05 3.4089e-05 0.083226 3.4141e-07 0.01
3.5074e-05 3.4244e-05 0.083272 3.2018e-07 0.01
3.6796e-05 3.4421e-05 0.08332 3.0057e-07 0.01
3.8614e-05 3.4617e-05 0.083367 2.8217e-07 0.01
4.0534e-05 3.4832e-05 0.083415 2.649e-07 0.01
4.2593e-05 3.5074e-05 0.083463 2.4914e-07 0.01
4.4549e-05 3.5291e-05 0.083512 2.3118e-07 0.01
4.6729e-05 3.5551e-05 0.083561 2.1581e-07 0.01
4.9119e-05 3.5849e-05 0.08361 2.0232e-07 0.01
4.9752e-05 3.6193e-05 0.08366 1.9093e-07 0.01
5.0356e-05 3.6511e-05 0.08371 1.7762e-07 0.01
5.1026e-05 3.686e-05 0.083761 1.6548e-07 0.01
5.1669e-05 3.7195e-05 0.083811 1.5209e-07 0.01
5.236e-05 3.7553e-05 0.083861 1.3933e-07 0.01
5.303e-05 3.7898e-05 0.083912 1.2545e-07 0.01
5.3677e-05 3.8231e-05 0.083962 1.1044e-07 0.01
5.4304e-05 3.8552e-05 0.084012 9.43e-08 0.01
5.4911e-05 3.8863e-05 0.084063 7.7067e-08 0.01
5.5565e-05 3.9195e-05 0.084113 6.0476e-08 0.01
5.6276e-05 3.9555e-05 0.084164 4.4651e-08 0.01
5.7049e-05 3.9943e-05 0.084216 2.9493e-08 0.01
5.7798e-05 4.036e-05 0.084267 3.3459e-08 0.01
5.86e-05 4.0803e-05 0.084319 3.7255e-08 0.01
5.9381e-05 4.1234e-05 0.084371 4.0198e-08 0.01
6.0216e-05 4.169e-05 0.084423 4.2982e-08 0.01
6.1108e-05 4.2173e-05 0.084475 4.5621e-08 0.01
6.206e-05 4.2683e-05 0.084528 4.8125e-08 0.01
6.2985e-05 4.3179e-05 0.084581 9.7671e-08 0.01
6.3886e-05 4.3662e-05 0.084634 1.4542e-07 0.01
6.4846e-05 4.4172e-05 0.084529 1.9592e-07 0.01
6.587e-05 4.4711e-05 0.084424 2.494e-07 0.01
6.6867e-05 4.5236e-05 0.08432 3.0096e-07 0.01
6.7941e-05 4.5795e-05 0.084216 3.5632e-07 0.01
6.9083e-05 4.6385e-05 0.084112 4.1511e-07 0.01
7.0197e-05 4.696e-05 0.084008 4.7183e-07 0.01
7.1285e-05 4.7521e-05 0.083905 5.2667e-07 0.01
7.2444e-05 4.8114e-05 0.083802 5.2234e-07 0.01
7.3577e-05 4.8693e-05 0.083698 5.1679e-07 0.01
7.4684e-05 4.9259e-05 0.083595 5.1e-07 0.01
7.5875e-05 4.9862e-05 0.083492 5.0467e-07 0.01
7.7036e-05 5.045e-05 0.083389 4.9804e-07 0.01
7.8271e-05 5.1075e-05 0.083287 4.9254e-07 0.01
7.7848e-05 5.1739e-05 0.083184 4.8844e-07 0.01
7.7404e-05 5.2388e-05 0.083082 4.8306e-07 0.01
7.7006e-05 5.3071e-05 0.08298 4.7876e-07 0.01
7.6586e-05 5.3737e-05 0.082878 4.7319e-07 0.01
7.6222e-05 5.4446e-05 0.082776 4.6898e-07 0.01
7.5902e-05 5.519e-05 0.082675 4.6581e-07 0.01
7.5634e-05 5.5979e-05 0.082574 4.6396e-07 0.01
7.5353e-05 5.6753e-05 0.082473 4.6092e-07 0.01
7.5124e-05 5.7572e-05 0.082373 4.5919e-07 0.01
7.4874e-05 5.8374e-05 0.082273 4.562e-07 0.01
7.4605e-05 5.916e-05 0.082172 4.5201e-07 0.01
7.4388e-05 5.9993e-05 0.082072 4.4913e-07 0.01
7.422e-05 6.0875e-05 0.081973 4.4754e-07 0.01
7.4034e-05 6.174e-05 0.081873 4.4475e-07 0.01
7.3829e-05 6.2588e-05 0.081774 4.4072e-07 0.01
7.3603e-05 6.3417e-05 0.081674 4.3543e-07 0.01
7.3359e-05 6.423e-05 0.081575 4.2896e-07 0.01
7.3097e-05 6.5028e-05 0.081475 4.2129e-07 0.01
7.2877e-05 6.5866e-05 0.081376 4.1463e-07 0.01
7.2699e-05 6.6746e-05 0.081277 4.0895e-07 0.01
7.2503e-05 6.761e-05 0.081178 4.021e-07 0.01
7.2348e-05 6.8517e-05 0.08108 3.962e-07 0.01
7.2175e-05 6.9407e-05 0.080982 3.8913e-07 0.01
7.1984e-05 7.028e-05 0.080883 3.8089e-07 0.01
7.1843e-05 7.1205e-05 0.080785 3.7387e-07 0.01
7.1749e-05 7.2184e-05 0.080688 3.6802e-07 0.01
7.1695e-05 7.3211e-05 0.08059 3.6304e-07 0.01
7.1689e-05 7.4296e-05 0.080494 3.5917e-07 0.01
7.1665e-05 7.5361e-05 0.080397 3.5412e-07 0.01
7.1691e-05 7.649e-05 0.0803 3.5026e-07 0.01
7.0464e-05 7.6465e-05 0.080205 3.4814e-07 0.01
6.9376e-05 7.6495e-05 0.080109 3.482e-07 0.01
6.8222e-05 7.6495e-05 0.080014 3.463e-07 0.01
6.7219e-05 7.5411e-05 0.079919 3.4665e-07 0.01
6.619e-05 7.4306e-05 0.079825 3.4585e-07 0.01
6.5224e-05 7.3252e-05 0.07973 3.4584e-07 0.01
6.432e-05 7.2246e-05 0.079636 3.4661e-07 0.01
6.339e-05 7.122e-05 0.079542 3.4619e-07 0.01
6.2519e-05 7.0242e-05 0.079448 3.4657e-07 0.01
6.1704e-05 6.9309e-05 0.079355 3.4772e-07 0.01
6.0868e-05 6.836e-05 0.079262 3.4776e-07 0.01
6.0009e-05 6.7393e-05 0.079168 3.4667e-07 0.01
5.9216e-05 6.6478e-05 0.079076 3.4661e-07 0.01
5.8399e-05 6.5545e-05 0.078983 3.4537e-07 0.01
5.7636e-05 6.4656e-05 0.07889 3.4492e-07 0.01
5.6924e-05 6.3809e-05 0.078798 3.4525e-07 0.01
5.627e-05 6.301e-05 0.078706 3.4661e-07 0.01
5.5672e-05 6.2257e-05 0.078615 3.4901e-07 0.01
5.5053e-05 6.1487e-05 0.078523 3.5004e-07 0.01
5.4487e-05 6.0762e-05 0.078432 3.5214e-07 0.01
5.3966e-05 6.0074e-05 0.078341 3.5505e-07 0.01
5.3417e-05 5.9369e-05 0.078251 3.5657e-07 0.01
5.2918e-05 5.8706e-05 0.07816 3.5918e-07 0.01
5.2399e-05 5.8027e-05 0.07807 3.6057e-07 0.01
5.1932e-05 5.7391e-05 0.07798 3.6311e-07 0.01
5.1547e-05 5.6714e-05 0.07789 3.6812e-07 0.01
5.1239e-05 5.6107e-05 0.077801 3.7551e-07 0.01
5.0999e-05 5.5557e-05 0.077712 3.5378e-07 0.01
5.0725e-05 5.4977e-05 0.077622 3.2976e-07 0.01
5.0421e-05 5.437e-05 0.077533 3.0361e-07 0.01
4.8465e-05 5.1916e-05 0.077445 2.8044e-07 0.01
4.6639e-05 4.9586e-05 0.077356 2.592e-07 0.01
4.4949e-05 4.7387e-05 0.077269 2.3995e-07 0.01
4.3363e-05 4.5291e-05 0.077181 2.2207e-07 0.01
4.1867e-05 4.3284e-05 0.077094 2.0529e-07 0.01
4.0453e-05 4.1359e-05 0.077008 1.8943e-07 0.01
3.9128e-05 3.9524e-05 0.076921 1.7464e-07 0.01
3.7886e-05 3.7776e-05 0.076835 1.6081e-07 0.01
3.6724e-05 3.6109e-05 0.07675 1.4786e-07 0.01
3.5534e-05 3.4416e-05 0.076664 1.3378e-07 0.01
3.442e-05 3.2802e-05 0.076579 1.2052e-07 0.01
3.3378e-05 3.1264e-05 0.076494 1.08e-07 0.01
3.2402e-05 2.9797e-05 0.07641 9.6144e-08 0.01
3.1405e-05 2.8309e-05 0.076325 1.1631e-07 0.01
3.0472e-05 2.689e-05 0.076241 1.3774e-07 0.01
2.96e-05 2.5538e-05 0.076158 1.6053e-07 0.01
2.8785e-05 2.4248e-05 0.076074 1.8482e-07 0.01
2.8025e-05 2.3018e-05 0.075992 2.1074e-07 0.01
2.7308e-05 2.1836e-05 0.075909 2.3811e-07 0.01
2.6633e-05 2.0702e-05 0.075827 2.6704e-07 0.01
2.5997e-05 1.9612e-05 0.075745 2.9766e-07 0.01
2.5342e-05 1.8503e-05 0.075663 3.2679e-07 0.01
2.4668e-05 1.7376e-05 0.075581 3.5444e-07 0.01
2.404e-05 1.63e-05 0.075499 3.8425e-07 0.01
2.3455e-05 1.5273e-05 0.075418 4.1641e-07 0.01
2.2912e-05 1.4293e-05 0.075337 4.511e-07 0.01
2.2351e-05 1.3296e-05 0.075256 4.8417e-07 0.01
2.183e-05 1.2344e-05 0.075176 5.1994e-07 0.01
2.1292e-05 1.1376e-05 0.075095 5.5404e-07 0.01
2.0739e-05 1.0391e-05 0.075015 5.8661e-07 0.01
2.0224e-05 9.4516e-06 0.074935 6.2197e-07 0.01
1.9745e-05 8.5537e-06 0.074855 6.6035e-07 0.01
1.9296e-05 7.6896e-06 0.074775 7.014e-07 0.01
1.8875e-05 6.8579e-06 0.074696 6.8396e-07 0.01
1.8439e-05 6.0112e-06 0.074617 6.6503e-07 0.01
1.8035e-05 5.2015e-06 0.074538 6.4819e-07 0.01
1.7662e-05 4.4271e-06 0.07446 6.3332e-07 0.01
1.7274e-05 3.6385e-06 0.074381 6.1702e-07 0.01
1.6916e-05 2.8838e-06 0.074303 6.0263e-07 0.01
1.6544e-05 2.1164e-06 0.074225 5.8671e-07 0.01
1.6197e-05 1.3767e-06 0.074147 5.7228e-07 0.01
1.5877e-05 6.6799e-07 0.07407 5.5962e-07 0.01
1.5545e-05 6.0686e-07 0.073992 5.4566e-07 0.01
1.5239e-05 5.4626e-07 0.073915 5.3341e-07 0.01
1.4955e-05 4.8547e-07 0.073838 5.225e-07 0.01
1.4693e-05 4.2472e-07 0.073762 5.1305e-07 0.01
1.4472e-05 3.6637e-07 0.073686 5.0641e-07 0.01
1.4225e-05 4.1965e-07 0.07361 4.9744e-07 0.01
1.3947e-05 4.6628e-07 0.073534 4.9093e-07 0.01
1.3656e-05 5.0799e-07 0.073458 4.831e-07 0.01
1.3388e-05 5.4941e-07 0.073382 4.767e-07 0.01
1.3143e-05 5.9063e-07 0.073306 4.7167e-07 0.01
1.2917e-05 6.312e-07 0.073231 4.677e-07 0.01
1.2711e-05 6.7175e-07 0.073156 4.6506e-07 0.01
1.2494e-05 7.0747e-07 0.073081 4.6123e-07 0.01
1.2298e-05 7.4323e-07 0.073007 4.5871e-07 0.01
1.209e-05 7.7401e-07 0.072932 4.5493e-07 0.01
1.0602e-05 8.0443e-07 0.072858 4.5222e-07 0.01
9.0808e-06 8.2976e-07 0.072784 4.4821e-07 0.01
7.6371e-06 8.5475e-07 0.07271 4.4525e-07 0.01
6.1617e-06 8.7465e-07 0.072636 4.4099e-07 0.01
4.7596e-06 8.9415e-07 0.072562 4.3774e-07 0.01
3.328e-06 9.0865e-07 0.072488 4.3324e-07 0.01
3.2264e-06 9.1828e-07 0.072415 4.2755e-07 0.01
3.1325e-06 9.2809e-07 0.072341 4.2313e-07 0.01
3.046e-06 9.381e-07 0.072268 4.1995e-07 0.01
2.9665e-06 9.4833e-07 0.072196 4.1799e-07 0.01
2.892e-06 9.5821e-07 0.072123 4.1695e-07 0.01
2.8095e-06 9.6307e-07 0.072051 4.1469e-07 0.01
2.7318e-06 9.676e-07 0.071979 4.1336e-07 0.01
2.6461e-06 9.671e-07 0.071907 4.1105e-07 0.01
2.5668e-06 9.6685e-07 0.071835 4.0993e-07 0.01
2.4939e-06 9.6687e-07 0.071763 4.1e-07 0.01
2.4135e-06 9.6199e-07 0.071692 4.089e-07 0.01
2.3254e-06 9.5223e-07 0.071621 4.0665e-07 0.01
2.2298e-06 9.3758e-07 0.071549 4.0323e-07 0.01
2.1386e-06 9.2259e-07 0.071478 4.0073e-07 0.01
2.0394e-06 9.0258e-07 0.071407 3.97e-07 0.01
1.9327e-06 8.7446e-07 0.071336 3.921e-07 0.01
1.8317e-06 8.4662e-07 0.071265 3.8838e-07 0.01
1.7362e-06 8.1898e-07 0.071194 3.8581e-07 0.01
1.6457e-06 7.9149e-07 0.071124 3.8437e-07 0.01
1.56e-06 7.6408e-07 0.071054 3.8406e-07 0.01
1.4786e-06 7.3669e-07 0.070985 3.8487e-07 0.01
1.4001e-06 7.0876e-07 0.070916 3.8657e-07 0.01
1.3141e-06 6.7588e-07 0.070846 3.8705e-07 0.01
1.2208e-06 6.3805e-07 0.070777 3.8633e-07 0.01
1.1314e-06 6.0015e-07 0.070708 3.8674e-07 0.01
1.0347e-06 5.5733e-07 0.070639 3.8594e-07 0.01
9.3055e-07 5.0957e-07 0.07057 3.8393e-07 0.01
8.1931e-07 4.5699e-07 0.070501 3.8077e-07 0.01
7.1195e-07 4.0432e-07 0.070433 3.7875e-07 0.01
5.9741e-07 3.4679e-07 0.070364 3.7554e-07 0.01
6.5055e-07 3.97e-07 0.070295 3.7002e-07 0.01
6.9437e-07 4.4072e-07 0.070226 3.6239e-07 0.01
7.4176e-07 4.8561e-07 0.070158 3.5674e-07 0.01
7.9308e-07 5.3188e-07 0.07009 3.5298e-07 0.01
8.3449e-07 5.7132e-07 0.070022 3.471e-07 0.01
8.7942e-07 6.1188e-07 0.069954 3.4292e-07 0.01
9.1714e-07 6.4571e-07 0.069886 3.3669e-07 0.01
9.4586e-07 6.7326e-07 0.069818 3.286e-07 0.01
9.7782e-07 7.0174e-07 0.06975 3.2213e-07 0.01
1.0003e-06 7.2366e-07 0.069683 3.1369e-07 0.01
1.0137e-06 7.3926e-07 0.069615 3.0334e-07 0.01
1.029e-06 7.5497e-07 0.069547 2.9425e-07 0.01
1.0473e-06 7.7148e-07 0.06948 2.8663e-07 0.01
1.0588e-06 7.8299e-07 0.069413 2.7782e-07 0.01
1.0717e-06 7.944e-07 0.069346 2.6999e-07 0.01
1.0853e-06 8.0517e-07 0.069279 2.6287e-07 0.01
1.0921e-06 8.1101e-07 0.069213 2.5459e-07 0.01
1.0922e-06 8.1191e-07 0.069146 2.4516e-07 0.01
1.0943e-06 8.1282e-07 0.06908 2.3669e-07 0.01
1.0892e-06 8.0856e-07 0.069014 2.2697e-07 0.01
1.0765e-06 8.0443e-07 0.068948 2.1587e-07 0.01
1.0561e-06 7.9481e-07 0.068882 2.0336e-07 0.01
1.0371e-06 7.85e-07 0.068816 1.9175e-07 0.01
1.0106e-06 7.6983e-07 0.06875 1.788e-07 0.01
9.8601e-07 7.548e-07 0.068685 1.6685e-07 0.01
9.6471e-07 7.4072e-07 0.06862 1.5615e-07 0.01
9.341e-07 7.2017e-07 0.068554 1.4372e-07 0.01
9.0932e-07 7.0201e-07 0.068489 1.3304e-07 0.01
8.8516e-07 6.833e-07 0.068424 1.2289e-07 0.01
8.5426e-07 6.5961e-07 0.068359 1.1165e-07 0.01
8.1679e-07 8.8439e-07 0.068294 9.9343e-08 0.01
7.8059e-07 1.1013e-06 0.068229 8.7695e-08 0.01
7.4454e-07 1.3242e-06 0.068165 7.6426e-08 0.01
7.0191e-07 1.54e-06 0.0681 6.4111e-08 0.01
6.5933e-07 1.762e-06 0.068036 5.2134e-08 0.01
6.1022e-07 1.9769e-06 0.067972 3.9125e-08 0.01
7.9627e-07 2.1852e-06 0.067908 4.6265e-08 0.01
9.8854e-07 2.3997e-06 0.067844 5.3431e-08 0.01
1.1727e-06 2.6076e-06 0.06778 5.9686e-08 0.01
1.3654e-06 2.8237e-06 0.067716 6.6143e-08 0.01
1.5674e-06 3.0488e-06 0.067653 7.2819e-08 0.01
1.7601e-06 3.266e-06 0.06759 7.8643e-08 0.01
1.9439e-06 3.4909e-06 0.067527 8.3517e-08 0.01
2.1355e-06 3.7238e-06 0.067464 8.8503e-08 0.01
2.3373e-06 3.9667e-06 0.067401 9.3753e-08 0.01
2.5304e-06 4.2182e-06 0.067339 9.8065e-08 0.01
2.7321e-06 4.4787e-06 0.067277 1.0252e-07 0.01
2.943e-06 4.7486e-06 0.067215 1.0714e-07 0.01
3.1637e-06 5.0285e-06 0.067154 1.1195e-07 0.01
3.3973e-06 5.3212e-06 0.067093 1.1712e-07 0.01
3.6449e-06 5.6274e-06 0.067032 1.2268e-07 0.01
3.8822e-06 5.925e-06 0.066971 1.2723e-07 0.01
4.1095e-06 6.2139e-06 0.066911 1.3078e-07 0.01
4.3266e-06 6.4944e-06 0.06685 1.3333e-07 0.01
4.5579e-06 6.7884e-06 0.066789 1.3627e-07 0.01
4.8041e-06 7.0968e-06 0.066729 1.3963e-07 0.01
5.0632e-06 7.4174e-06 0.066669 1.4327e-07 0.01
5.336e-06 7.7514e-06 0.066609 1.4719e-07 0.01
5.5978e-06 8.0762e-06 0.066549 1.5009e-07 0.01
5.8494e-06 8.3926e-06 0.066489 1.5201e-07 0.01
6.115e-06 8.722e-06 0.06643 1.5423e-07 0.01
6.3952e-06 9.065e-06 0.06637 1.5674e-07 0.01
6.6642e-06 9.3985e-06 0.066311 1.5823e-07 0.01
6.9483e-06 9.7461e-06 0.066251 1.6003e-07 0.01
7.2242e-06 1.0085e-05 0.066192 1.6085e-07 0.01
7.5194e-06 1.0441e-05 0.066133 1.6214e-07 0.01
7.8028e-06 1.0816e-05 0.066075 1.624e-07 0.01
8.1065e-06 1.1209e-05 0.066016 1.6316e-07 0.01
8.4277e-06 1.162e-05 0.065958 1.6423e-07 0.01
8.7674e-06 1.2047e-05 0.065901 1.6562e-07 0.01
9.0956e-06 1.2465e-05 0.065843 1.6603e-07 0.01
9.4121e-06 1.2873e-05 0.065785 1.6544e-07 0.01
9.7173e-06 1.3272e-05 0.065727 1.6386e-07 0.01
1.0045e-05 1.3691e-05 0.06567 1.6277e-07 0.01
1.0397e-05 1.4133e-05 0.065612 1.6217e-07 0.01
1.0774e-05 1.3952e-05 0.065555 1.6206e-07 0.01
1.1173e-05 1.3784e-05 0.065499 1.6227e-07 0.01
1.1559e-05 1.3606e-05 0.065442 1.6147e-07 0.01
1.1987e-05 1.345e-05 0.065386 1.6166e-07 0.01
1.2471e-05 1.3319e-05 0.06533 1.6318e-07 0.01
1.2922e-05 1.3172e-05 0.065274 1.6309e-07 0.01
1.3432e-05 1.3049e-05 0.065218 1.6433e-07 0.01
1.3995e-05 1.2945e-05 0.065163 1.6663e-07 0.01
1.4618e-05 1.2861e-05 0.065109 1.7002e-07 0.01
1.9418e-05 1.2354e-05 0.06473 1.895e-07 0.01
2.0175e-05 1.2254e-05 0.064676 1.9173e-07 0.01
2.1011e-05 1.2172e-05 0.064622 1.9517e-07 0.01
2.1931e-05 1.2074e-05 0.064568 1.9987e-07 0.01
2.2073e-05 1.1997e-05 0.064515 2.0625e-07 0.01
2.2262e-05 1.1941e-05 0.064462 2.1435e-07 0.01
2.382e-05 1.1617e-05 0.064095 2.693e-07 0.01
2.4e-05 1.1545e-05 0.064043 2.7323e-07 0.01
2.4221e-05 1.149e-05 0.063991 2.787e-07 0.01
2.449e-05 1.1451e-05 0.063939 2.8581e-07 0.01
2.4754e-05 1.1409e-05 0.063888 2.9224e-07 0.01
2.5014e-05 1.1364e-05 0.063836 2.9799e-07 0.01
2.5269e-05 1.1315e-05 0.063785 3.0307e-07 0.01
2.552e-05 1.1262e-05 0.063734 3.0746e-07 0.01
2.5767e-05 1.1206e-05 0.063682 3.1118e-07 0.01
2.6009e-05 1.1146e-05 0.063631 3.1422e-07 0.01
2.621e-05 1.107e-05 0.063579 3.1514e-07 0.01
2.6456e-05 1.1011e-05 0.063528 3.1777e-07 0.01
2.6671e-05 1.0935e-05 0.063477 3.1824e-07 0.01
2.6941e-05 1.088e-05 0.063426 3.2081e-07 0.01
2.7179e-05 1.0811e-05 0.063375 3.2144e-07 0.01
2.7464e-05 1.0758e-05 0.063325 3.2379e-07 0.01
2.7718e-05 1.0691e-05 0.063274 3.242e-07 0.01
2.8009e-05 1.0637e-05 0.063224 3.2585e-07 0.01
2.8332e-05 1.0592e-05 0.063173 3.2844e-07 0.01
2.8639e-05 1.0539e-05 0.063123 3.2985e-07 0.01
2.8931e-05 1.0479e-05 0.063073 3.3009e-07 0.01
2.9257e-05 1.0429e-05 0.063023 3.3132e-07 0.01
2.9566e-05 1.0371e-05 0.062973 3.3139e-07 0.01
2.9861e-05 1.0305e-05 0.062923 3.3028e-07 0.01
3.0141e-05 1.0233e-05 0.062873 3.2806e-07 0.01
3.045e-05 1.0168e-05 0.062824 3.2659e-07 0.01
3.0743e-05 1.0096e-05 0.062774 3.2395e-07 0.01
3.102e-05 1.0016e-05 0.062724 3.2014e-07 0.01
3.1331e-05 9.9461e-06 0.062675 3.1731e-07 0.01
3.1627e-05 9.8686e-06 0.062625 3.1332e-07 0.01
3.1908e-05 9.784e-06 0.062576 3.0822e-07 0.01
3.2219e-05 9.7073e-06 0.062526 3.0385e-07 0.01
3.2513e-05 9.623e-06 0.062477 2.9832e-07 0.01
3.2838e-05 9.5466e-06 0.062428 2.9352e-07 0.01
3.3192e-05 9.478e-06 0.062379 2.8943e-07 0.01
3.3531e-05 9.4019e-06 0.06233 2.8418e-07 0.01
3.3853e-05 9.3183e-06 0.062282 2.7778e-07 0.01
3.4212e-05 9.2442e-06 0.062233 2.7231e-07 0.01
3.4553e-05 9.1621e-06 0.062184 2.6562e-07 0.01
3.4949e-05 9.0945e-06 0.062136 2.6043e-07 0.01
3.5306e-05 9.7571e-06 0.062088 2.533e-07 0.01
3.5644e-05 1.0406e-05 0.062039 2.4498e-07 0.01
3.5967e-05 1.1042e-05 0.061991 2.3554e-07 0.01
3.6322e-05 1.1704e-05 0.061943 2.2677e-07 0.01
3.666e-05 1.2353e-05 0.061894 2.1687e-07 0.01
3.6982e-05 1.2988e-05 0.061846 2.0582e-07 0.01
3.7335e-05 1.3649e-05 0.061798 1.9542e-07 0.01
3.7672e-05 1.4298e-05 0.06175 1.8392e-07 0.01
4.0984e-05 1.4917e-05 0.061702 1.705e-07 0.01
4.4667e-05 1.5592e-05 0.061654 1.5904e-07 0.01
4.8253e-05 1.6248e-05 0.061606 1.4627e-07 0.01
5.1746e-05 1.6886e-05 0.061559 1.3218e-07 0.01
5.5459e-05 1.7556e-05 0.061511 1.1889e-07 0.01
5.9075e-05 1.8208e-05 0.061463 1.0429e-07 0.01
6.257e-05 2.3604e-05 0.061416 1.182e-07 0.01
6.6426e-05 2.9402e-05 0.061368 1.3377e-07 0.01
7.0623e-05 3.1057e-05 0.061322 1.5087e-07 0.01
7.464e-05 3.2654e-05 0.061274 1.6616e-07 0.01
7.9077e-05 3.4379e-05 0.061228 1.8347e-07 0.01
8.3974e-05 3.624e-05 0.061182 2.0302e-07 0.01
8.93e-05 3.8226e-05 0.061136 1.9828e-07 0.01
9.4526e-05 4.018e-05 0.06109 1.9245e-07 0.01
9.9657e-05 4.2104e-05 0.061044 1.8552e-07 0.01
0.00010512 4.4123e-05 0.060998 1.7927e-07 0.01
0.00011048 4.6111e-05 0.060952 1.7194e-07 0.01
0.00011619 4.8197e-05 0.060907 1.6525e-07 0.01
0.0001171 5.0252e-05 0.060861 1.5915e-07 0.01
0.0001181 5.2407e-05 0.060816 1.5362e-07 0.01
0.00011906 5.453e-05 0.060771 1.4703e-07 0.01
0.00012 5.6622e-05 0.060726 1.3942e-07 0.01
0.00012102 5.8819e-05 0.060681 1.3235e-07 0.01
0.00012202 6.0985e-05 0.060636 1.2428e-07 0.01
0.00012309 6.3243e-05 0.060591 1.1655e-07 0.01
0.00012414 6.5471e-05 0.060546 1.0782e-07 0.01
0.00012515 6.7665e-05 0.060501 9.8058e-08 0.01
0.00012625 6.9969e-05 0.060457 8.8783e-08 0.01
0.00012745 7.2387e-05 0.060413 7.994e-08 0.01
0.00012863 7.4771e-05 0.060368 7.0112e-08 0.01
0.0001299 7.7259e-05 0.060324 6.0537e-08 0.01
0.00013113 7.9712e-05 0.06028 4.9984e-08 0.01
0.00013233 8.2124e-05 0.060236 3.8394e-08 0.01
0.00013348 8.4443e-05 0.060192 4.273e-08 0.01
0.00013455 8.6672e-05 0.060147 4.5855e-08 0.01
0.00013579 8.9095e-05 0.060103 4.9432e-08 0.01
0.00013693 9.1415e-05 0.060059 5.1735e-08 0.01
0.00013817 9.3841e-05 0.060015 5.3961e-08 0.01
0.00013937 9.6228e-05 0.059972 5.5285e-08 0.01
0.00014066 9.872e-05 0.059928 5.6517e-08 0.01
0.00014205 0.00010134 0.059884 5.7759e-08 0.01
0.00014356 0.00010409 0.059841 5.9022e-08 0.01
0.00014518 0.00010696 0.059798 5.6482e-08 0.01
0.00014691 0.00010998 0.059756 5.3977e-08 0.01
0.00014878 0.00011315 0.059713 5.1486e-08 0.01
0.00015077 0.00011646 0.059671 4.8895e-08 0.01
0.00015271 0.00011972 0.059629 4.5432e-08 0.01
0.00015462 0.00012294 0.059587 4.1089e-08 0.01
0.00015671 0.00012637 0.059545 3.1772e-08 0.01
0.00015906 0.00012966 0.059503 2.3249e-08 0.01
0.00016129 0.00013282 0.059461 2.6813e-08 0.01
0.00016379 0.00013625 0.059419 3.0636e-08 0.01
0.00016616 0.00013956 0.059377 3.3334e-08 0.01
0.00016841 0.00014274 0.059335 3.492e-08 0.01
0.00017094 0.0001462 0.059294 3.6751e-08 0.01
0.00017331 0.00014952 0.059252 3.7406e-08 0.01
0.00017599 0.00015269 0.05921 3.8338e-08 0.01
0.00017899 0.00015614 0.059168 3.9567e-08 0.01
0.00018183 0.00015946 0.059127 3.9647e-08 0.01
0.00018452 0.00016266 0.059085 3.8578e-08 0.01
0.00018495 0.00016609 0.059044 3.7704e-08 0.01
0.00018529 0.00016937 0.059002 3.5626e-08 0.01
0.00018554 0.00017295 0.05896 3.2336e-08 0.01
0.00018591 0.00017679 0.058919 2.9191e-08 0.01
0.00018624 0.00018055 0.058878 2.5133e-08 0.01
0.00018654 0.00018426 0.058836 2.0183e-08 0.01
0.00018681 0.00018791 0.058795 2.9101e-08 0.01
0.00018716 0.00019174 0.058753 3.8189e-08 0.01
0.00018748 0.00019552 0.058712 4.633e-08 0.01
0.00018789 0.00019949 0.058671 5.4679e-08 0.01
0.00018826 0.00020341 0.05863 6.2097e-08 0.01
0.00018862 0.00020728 0.058589 6.8584e-08 0.01
0.00018905 0.00020759 0.058548 7.534e-08 0.01
0.00018957 0.00020796 0.058508 8.2229e-08 0.01
0.00019005 0.00020831 0.058467 8.8145e-08 0.01
0.0001905 0.00020864 0.058427 9.3123e-08 0.01
0.00019093 0.00020895 0.058386 9.7165e-08 0.01
0.00019145 0.00020932 0.058346 1.0148e-07 0.01
0.00019193 0.00020966 0.058305 1.0482e-07 0.01
0.00019238 0.00020999 0.058265 1.0719e-07 0.01
0.00019281 0.0002103 0.058225 1.0859e-07 0.01
0.00019332 0.00021066 0.058184 1.1027e-07 0.01
0.0001938 0.00021101 0.058144 1.1097e-07 0.01
0.00019437 0.00021141 0.058104 1.1196e-07 0.01
0.00019503 0.00021188 0.058065 1.1323e-07 0.01
0.00019578 0.00021241 0.058025 1.1481e-07 0.01
0.00019649 0.00021292 0.057986 1.154e-07 0.01
0.00019718 0.0002134 0.057946 1.1504e-07 0.01
0.00019797 0.00021395 0.057907 1.1499e-07 0.01
0.00019883 0.00021456 0.057868 1.151e-07 0.01
0.00019978 0.00021522 0.057829 1.1537e-07 0.01
0.0002007 0.00021586 0.05779 1.1466e-07 0.01
0.00020171 0.00021656 0.057752 1.1425e-07 0.01
0.00020284 0.00021733 0.057713 1.1413e-07 0.01
0.00020407 0.00021817 0.057675 1.1431e-07 0.01
0.00020542 0.00021909 0.057638 1.1479e-07 0.01
0.00020689 0.00022008 0.0576 1.156e-07 0.01
0.00020831 0.00022103 0.057562 1.1532e-07 0.01
0.00020963 0.00022193 0.057525 1.5569e-07 0.01
0.0002109 0.00022276 0.057487 1.9254e-07 0.01
0.00021208 0.00022353 0.057449 2.2637e-07 0.01
0.00021316 0.00022423 0.057411 2.5734e-07 0.01
0.00021417 0.00022488 0.057373 2.8582e-07 0.01
0.00021528 0.00022559 0.057336 3.1611e-07 0.01
0.00021634 0.00022628 0.057298 3.4488e-07 0.01
