Upupa_epops Zonotrichia_albicollis
2.901e-05 0.82862
2.838e-05 0.82922
2.7749e-05 0.82986
2.7117e-05 0.83048
2.6485e-05 0.83116
2.5852e-05 0.83182
2.5218e-05 0.83253
2.4584e-05 0.83334
2.3949e-05 0.83412
2.3314e-05 0.83486
2.2818e-05 0.83568
2.2421e-05 0.83658
2.1966e-05 0.83743
2.1445e-05 0.83825
2.1043e-05 0.83915
1.9737e-05 0.84013
1.8266e-05 0.84107
1.3815e-05 0.84209
1.0201e-05 0.84318
7.3365e-06 0.84438
4.9882e-06 0.84567
4.6335e-06 0.84706
4.6309e-06 0.84839
4.65e-06 0.84982
4.6549e-06 0.8512
4.6473e-06 0.85252
4.6639e-06 0.85396
4.6663e-06 0.85534
5.0231e-06 0.85667
5.4598e-06 0.8581
5.5813e-06 0.85963
5.745e-06 0.86128
5.9515e-06 0.86304
6.0325e-06 0.87066
5.9705e-06 0.8725
6.2053e-06 0.87427
6.4123e-06 0.87598
6.6819e-06 0.87783
7.0156e-06 0.8798
7.1662e-06 0.88192
7.2952e-06 0.88398
7.4631e-06 0.88616
7.6856e-06 0.88851
7.9637e-06 0.89101
8.2058e-06 0.89341
8.4186e-06 0.89574
8.6966e-06 0.89824
9.0564e-06 0.90096
9.1325e-06 0.90385
9.2434e-06 0.90664
9.3933e-06 0.91116
9.5978e-06 0.91254
9.7723e-06 0.91387
1.0009e-05 0.91531
1.0212e-05 0.91669
1.0384e-05 0.91819
1.0352e-05 0.91963
1.0298e-05 0.92119
1.0222e-05 0.92269
1.0125e-05 0.92429
1.0065e-05 0.926
9.9797e-06 0.92764
9.8735e-06 0.92923
9.7452e-06 0.93077
9.6542e-06 0.93241
9.5423e-06 0.934
9.098e-06 0.93571
8.6011e-06 0.93613
8.1969e-06 0.9366
7.8695e-06 0.93712
7.6061e-06 0.93769
6.757e-06 0.93824
5.8002e-06 0.93875
5.6772e-06 0.93925
5.5316e-06 0.9398
5.3615e-06 0.94033
5.1647e-06 0.94083
5.0147e-06 0.94138
4.9032e-06 0.942
4.8237e-06 0.94267
4.7295e-06 0.94333
4.622e-06 0.94396
4.5432e-06 0.94465
4.4543e-06 0.94532
4.3829e-06 0.94603
4.3102e-06 0.94678
4.2364e-06 0.94752
4.1614e-06 0.94826
4.0852e-06 0.94903
4.0079e-06 0.94979
3.9293e-06 0.95058
3.8495e-06 0.95141
3.7686e-06 0.95224
3.6864e-06 0.9531
3.6031e-06 0.95396
3.5186e-06 0.95486
3.4329e-06 0.95581
3.346e-06 0.95681
3.2579e-06 0.95787
3.1686e-06 0.95901
3.0781e-06 0.96011
2.9865e-06 0.96118
2.8936e-06 0.96129
2.7996e-06 0.96143
2.7043e-06 0.9616
2.6079e-06 0.96175
2.5103e-06 0.9619
2.4115e-06 0.96208
2.3115e-06 0.96225
2.2326e-06 0.96245
2.1431e-06 0.96264
2.0396e-06 0.96281
1.9201e-06 0.96297
1.9613e-06 0.9631
2.0216e-06 0.96328
2.1044e-06 0.96349
2.1743e-06 0.96369
2.2689e-06 0.96392
2.2366e-06 0.96419
2.1997e-06 0.96445
2.1728e-06 0.9647
2.1414e-06 0.96496
2.1195e-06 0.96523
2.1067e-06 0.96554
2.09e-06 0.96595
2.0808e-06 0.96638
2.0673e-06 0.96681
2.0626e-06 0.96727
2.0665e-06 0.96775
2.0778e-06 0.96826
2.0849e-06 0.96877
2.0881e-06 0.96927
1.9218e-06 0.9698
1.7478e-06 0.97032
1.5658e-06 0.97083
1.4141e-06 0.97139
1.285e-06 0.97198
1.1442e-06 0.97256
1.0281e-06 0.97319
8.9824e-07 0.9738
7.5269e-07 0.97439
6.417e-07 0.97503
5.4776e-07 0.97571
4.6524e-07 0.97643
3.9436e-07 0.97719
3.1676e-07 0.97794
2.501e-07 0.97873
2.4389e-07 0.97889
2.409e-07 0.97908
2.3418e-07 0.97926
2.3101e-07 0.97943
2.3168e-07 0.97963
2.3623e-07 0.97986
2.3684e-07 0.98011
2.3514e-07 0.98037
2.3502e-07 0.98064
2.3262e-07 0.98091
2.3227e-07 0.9812
2.2964e-07 0.98149
2.2485e-07 0.98178
2.2208e-07 0.98209
2.1705e-07 0.98239
2.0987e-07 0.98269
2.042e-07 0.98301
1.9627e-07 0.98333
1.8609e-07 0.98365
1.7789e-07 0.98399
1.6749e-07 0.98432
1.6757e-07 0.98463
1.6385e-07 0.98494
1.5658e-07 0.98523
1.5289e-07 0.98547
1.5034e-07 0.98573
1.457e-07 0.98598
1.3895e-07 0.98623
1.3009e-07 0.98648
1.191e-07 0.98673
1.0588e-07 0.98697
9.0549e-08 0.98722
7.3117e-08 0.98746
5.3571e-08 0.9877
3.5309e-08 0.98796
1.4843e-08 0.98822
1.3787e-08 0.98846
1.1158e-08 0.9887
8.0413e-09 0.98896
3.4022e-09 0.98921
5.8861e-09 0.98947
6.9052e-09 0.98972
7.1921e-09 0.98952
6.6657e-09 0.98934
4.652e-09 0.98915
1.1797e-08 0.98896
1.8868e-08 0.98879
2.4024e-08 0.98862
2.6945e-08 0.98843
3.0339e-08 0.98828
3.4685e-08 0.98815
3.9838e-08 0.98803
4.3269e-08 0.98792
4.6908e-08 0.98782
5.082e-08 0.98774
5.5075e-08 0.98767
5.7531e-08 0.9876
5.8191e-08 0.98753
5.8972e-08 0.98747
5.9884e-08 0.98743
6.094e-08 0.9874
6.0247e-08 0.98737
5.774e-08 0.98733
5.3197e-08 0.9873
4.8875e-08 0.98728
4.2763e-08 0.98726
3.6825e-08 0.98724
3.1153e-08 0.98723
2.3703e-08 0.98722
1.6609e-08 0.98723
2.2783e-08 0.98723
2.6563e-08 0.98723
3.0868e-08 0.98724
3.6189e-08 0.98728
4.1718e-08 0.98733
4.7425e-08 0.98739
5.1316e-08 0.98745
5.5564e-08 0.98753
6.0244e-08 0.98763
6.5438e-08 0.98773
6.8782e-08 0.98784
7.2697e-08 0.98796
7.6972e-08 0.9881
8.1736e-08 0.98824
8.8321e-08 0.98809
9.289e-08 0.98793
9.5481e-08 0.98777
9.9013e-08 0.9876
1.0067e-07 0.98744
1.0323e-07 0.9873
1.0383e-07 0.98715
1.0503e-07 0.98701
1.0686e-07 0.98689
1.0933e-07 0.98679
1.0983e-07 0.98668
1.0835e-07 0.98657
1.0787e-07 0.98648
1.0541e-07 0.98638
1.0098e-07 0.98629
9.7566e-08 0.98621
9.5291e-08 0.98614
1.3585e-07 0.9861
1.8602e-07 0.98608
2.2985e-07 0.98606
2.68e-07 0.98603
3.1575e-07 0.98602
3.7271e-07 0.98603
4.2244e-07 0.98603
4.6505e-07 0.98603
5.0091e-07 0.98602
5.4621e-07 0.98603
5.8367e-07 0.98603
6.1368e-07 0.98603
6.5485e-07 0.98605
6.8819e-07 0.98605
6.8904e-07 0.98605
6.8416e-07 0.98604
6.7352e-07 0.98603
6.6956e-07 0.986
6.6941e-07 0.986
6.7375e-07 0.986
6.7513e-07 0.98601
6.7357e-07 0.98602
6.766e-07 0.98604
6.7665e-07 0.98606
6.8133e-07 0.9861
6.9526e-07 0.98613
7.1833e-07 0.98618
7.3664e-07 0.98623
6.8586e-07 0.98629
6.2981e-07 0.98636
5.8363e-07 0.98644
5.4979e-07 0.98655
5.2576e-07 0.98668
4.9501e-07 0.9868
4.5973e-07 0.98693
4.2962e-07 0.98706
3.9556e-07 0.9872
3.6672e-07 0.98686
3.4592e-07 0.98656
3.3187e-07 0.98629
3.2387e-07 0.98604
3.2147e-07 0.98583
3.147e-07 0.9856
3.0497e-07 0.98537
3.0074e-07 0.98517
2.918e-07 0.98495
2.7844e-07 0.98473
2.6052e-07 0.98453
2.4832e-07 0.98437
2.4147e-07 0.98423
2.7942e-07 0.98408
3.2602e-07 0.98392
3.6567e-07 0.98375
4.1032e-07 0.9836
4.5156e-07 0.98345
4.9795e-07 0.98331
5.4107e-07 0.98317
5.8098e-07 0.98303
6.2627e-07 0.9829
6.6796e-07 0.98278
7.1668e-07 0.98267
7.7389e-07 0.98258
8.2643e-07 0.98248
8.9058e-07 0.98241
9.732e-07 0.98232
1.0453e-06 0.98222
1.1077e-06 0.98212
1.1063e-06 0.98204
1.1007e-06 0.98195
1.1058e-06 0.98189
1.1218e-06 0.98129
1.1308e-06 0.98066
1.1328e-06 0.98001
1.1461e-06 0.97942
1.1508e-06 0.97964
1.1629e-06 0.97988
1.1714e-06 0.98012
1.1855e-06 0.98038
1.1958e-06 0.98063
1.1041e-06 0.98091
1.0047e-06 0.98118
8.9704e-07 0.98145
8.0926e-07 0.98174
7.415e-07 0.98202
6.6808e-07 0.9823
6.0392e-07 0.98259
5.3528e-07 0.98289
4.7551e-07 0.9832
4.119e-07 0.98352
3.5509e-07 0.98385
3.0467e-07 0.9842
2.6169e-07 0.98457
2.1367e-07 0.98494
1.7387e-07 0.98534
1.7852e-07 0.98573
1.8592e-07 0.98614
1.8973e-07 0.98655
1.899e-07 0.98694
1.9424e-07 0.98736
2.0275e-07 0.98778
2.1297e-07 0.98821
2.2494e-07 0.98866
2.3466e-07 0.98911
2.4627e-07 0.98959
2.5549e-07 0.99006
2.6236e-07 0.99053
2.7109e-07 0.99048
2.7756e-07 0.99043
2.8165e-07 0.99038
2.8826e-07 0.99034
2.9694e-07 0.99032
3.0307e-07 0.99029
2.7196e-07 0.99029
2.454e-07 0.99029
2.2171e-07 0.99031
2.0115e-07 0.99034
1.8335e-07 0.99039
1.6797e-07 0.99045
1.4972e-07 0.9905
1.2898e-07 0.99056
1.0346e-07 0.99061
8.3189e-08 0.99068
9.4828e-08 0.99077
1.0297e-07 0.99086
1.1424e-07 0.99096
1.2346e-07 0.99107
1.3375e-07 0.99118
1.0855e-07 0.99131
1.2894e-07 0.99144
1.5127e-07 0.99159
1.7117e-07 0.99173
1.9321e-07 0.99188
2.1271e-07 0.99203
2.3618e-07 0.99218
2.6517e-07 0.99235
3.0086e-07 0.99254
3.4494e-07 0.99275
3.818e-07 0.99295
3.7721e-07 0.99318
3.7864e-07 0.99336
3.7697e-07 0.99355
3.7891e-07 0.99375
3.8389e-07 0.99397
3.92e-07 0.9942
4.0336e-07 0.99444
4.1747e-07 0.99434
4.2889e-07 0.99424
4.4389e-07 0.99415
4.5633e-07 0.99406
4.7178e-07 0.99398
4.8445e-07 0.9939
5.0029e-07 0.99383
5.133e-07 0.99377
5.2351e-07 0.9937
5.3771e-07 0.99364
5.4905e-07 0.99359
5.6455e-07 0.99355
5.773e-07 0.9935
5.9359e-07 0.99347
6.1364e-07 0.99345
6.377e-07 0.99344
6.6609e-07 0.99343
6.9147e-07 0.99343
7.2144e-07 0.99344
7.4809e-07 0.99345
7.8064e-07 0.99347
8.1854e-07 0.9935
8.5286e-07 0.99353
8.9406e-07 0.99357
9.4291e-07 0.99363
9.8781e-07 0.99368
1.041e-06 0.99374
1.0009e-06 0.99382
9.6811e-07 0.9939
9.4192e-07 0.99398
9.1247e-07 0.99407
8.882e-07 0.99417
8.6049e-07 0.99427
8.3772e-07 0.99438
8.1157e-07 0.99449
7.9126e-07 0.99461
7.7908e-07 0.99446
7.7308e-07 0.99432
7.624e-07 0.99418
7.5942e-07 0.99406
7.4985e-07 0.99393
6.7192e-07 0.99382
6.7591e-07 0.99371
6.7632e-07 0.99359
6.7173e-07 0.99347
6.7441e-07 0.99337
6.7258e-07 0.99326
6.6594e-07 0.99315
6.6555e-07 0.99304
6.6971e-07 0.99294
6.7059e-07 0.99285
6.7663e-07 0.99276
6.7957e-07 0.99268
6.7939e-07 0.99259
6.8544e-07 0.99252
6.9638e-07 0.99246
7.032e-07 0.9924
7.054e-07 0.99234
7.0295e-07 0.99228
6.9519e-07 0.99221
6.944e-07 0.99175
7.0212e-07 0.99133
7.1876e-07 0.99095
7.707e-07 0.99055
8.1451e-07 0.99014
8.0182e-07 0.98976
7.9714e-07 0.98933
7.8573e-07 0.98889
7.8368e-07 0.98848
7.8937e-07 0.98802
8.0411e-07 0.9876
8.2613e-07 0.9872
7.8768e-07 0.98565
7.4527e-07 0.98409
7.0981e-07 0.98258
6.7942e-07 0.98114
6.4567e-07 0.97967
6.1662e-07 0.97826
6.5919e-07 0.97684
7.0761e-07 0.97546
7.5256e-07 0.97407
8.038e-07 0.97273
8.5113e-07 0.97138
9.0663e-07 0.97009
9.7152e-07 0.96885
1.0286e-06 0.96758
1.0974e-06 0.96637
1.1804e-06 0.96523
1.2576e-06 0.96407
1.3294e-06 0.9629
1.3963e-06 0.96171
1.4749e-06 0.96058
1.5484e-06 0.95943
1.6169e-06 0.95827
1.6976e-06 0.95717
1.7732e-06 0.95605
1.8701e-06 0.955
1.9581e-06 0.95393
2.0389e-06 0.95285
2.1375e-06 0.95182
2.2283e-06 0.95078
2.3115e-06 0.94972
2.3834e-06 0.94873
2.4473e-06 0.94772
2.5291e-06 0.94677
2.4946e-06 0.9459
2.4552e-06 0.94501
2.411e-06 0.94411
2.3775e-06 0.94325
2.3541e-06 0.94244
2.3388e-06 0.94167
2.3194e-06 0.94088
2.3094e-06 0.94014
2.309e-06 0.93943
2.3204e-06 0.93878
2.3217e-06 0.93809
2.3369e-06 0.93746
2.367e-06 0.93688
2.4116e-06 0.93634
2.4702e-06 0.93585
2.5475e-06 0.93539
2.6158e-06 0.93493
2.6753e-06 0.93445
2.7223e-06 0.93395
2.7829e-06 0.93348
2.8549e-06 0.93304
2.9213e-06 0.9326
2.9826e-06 0.93214
3.0578e-06 0.93173
3.1273e-06 0.93129
3.1916e-06 0.93085
3.2508e-06 0.9304
3.3243e-06 0.92999
3.4133e-06 0.9296
3.3341e-06 0.92925
3.2489e-06 0.92889
3.1575e-06 0.92852
3.0603e-06 0.92815
2.9572e-06 0.92777
2.8703e-06 0.92742
2.7773e-06 0.92707
2.6784e-06 0.92671
2.5737e-06 0.92634
2.4631e-06 0.92597
2.3688e-06 0.92564
2.287e-06 0.92533
2.2165e-06 0.92504
2.1563e-06 0.92479
2.091e-06 0.92452
2.0373e-06 0.92429
1.9791e-06 0.92405
1.9318e-06 0.92385
1.8945e-06 0.92367
1.6686e-06 0.92353
1.4255e-06 0.92337
1.2208e-06 0.92325
9.9171e-07 0.92312
7.8817e-07 0.92301
6.0633e-07 0.92292
4.4368e-07 0.92287
2.98e-07 0.92283
1.6733e-07 0.92282
1.6068e-07 0.92281
1.5561e-07 0.92283
1.5202e-07 0.92287
1.4947e-07 0.92294
1.4483e-07 0.92301
1.3808e-07 0.92307
1.3239e-07 0.92315
1.2468e-07 0.92323
1.1795e-07 0.92334
1.1214e-07 0.92347
1.0711e-07 0.92363
1.0007e-07 0.92378
9.375e-08 0.92396
8.5445e-08 0.92413
7.8142e-08 0.92433
7.2269e-08 0.92452
6.7669e-08 0.9247
6.0709e-08 0.92487
5.0672e-08 0.92501
3.7582e-08 0.92513
2.6122e-08 0.9253
3.2266e-08 0.92544
3.6627e-08 0.92558
3.9217e-08 0.92571
4.1742e-08 0.92586
4.254e-08 0.92602
4.3458e-08 0.9262
4.4304e-08 0.9264
4.3416e-08 0.9266
4.0792e-08 0.9268
3.8301e-08 0.92699
3.5892e-08 0.9272
3.3522e-08 0.92745
2.9493e-08 0.9277
2.5467e-08 0.92797
1.9729e-08 0.92824
1.4763e-08 0.92856
7.575e-09 0.92885
9.4541e-09 0.92913
9.4212e-09 0.92938
9.2325e-09 0.92968
2.158e-08 0.92997
3.6193e-08 0.93016
5.18e-08 0.93039
6.9031e-08 0.93064
8.4059e-08 0.93089
1.0028e-07 0.93116
1.1839e-07 0.93147
1.3434e-07 0.93177
1.4816e-07 0.93206
1.5976e-07 0.93235
1.6927e-07 0.93264
1.8064e-07 0.93295
1.941e-07 0.93329
2.0524e-07 0.93363
2.142e-07 0.93397
2.2095e-07 0.93429
2.3226e-07 0.93454
2.4559e-07 0.93482
2.5652e-07 0.93509
2.6506e-07 0.93535
2.761e-07 0.93564
2.8999e-07 0.93597
3.0956e-07 0.93555
3.2431e-07 0.93511
3.4404e-07 0.93471
3.5872e-07 0.93429
3.6854e-07 0.93385
3.7344e-07 0.93339
3.8318e-07 0.93298
3.8806e-07 0.93254
3.9824e-07 0.93064
3.6669e-07 0.92429
3.2995e-07 0.91777
2.9972e-07 0.91158
2.6358e-07 0.90521
2.3552e-07 0.89925
2.4422e-07 0.89309
2.5701e-07 0.88728
2.7418e-07 0.88179
2.9752e-07 0.87664
3.2765e-07 0.87133
3.5454e-07 0.86594
3.8597e-07 0.86077
4.2153e-07 0.85577
4.6266e-07 0.85097
5.0067e-07 0.84612
4.7371e-07 0.84146
4.5125e-07 0.83698
4.3291e-07 0.83268
4.1833e-07 0.82855
4.0102e-07 0.82437
3.8113e-07 0.82014
3.6486e-07 0.81608
3.459e-07 0.81198
3.3033e-07 0.80803
3.123e-07 0.80405
2.9742e-07 0.80022
2.8544e-07 0.79655
2.7618e-07 0.79302
2.7072e-07 0.78969
2.6153e-07 0.78626
2.6243e-07 0.78304
2.6721e-07 0.78
2.7606e-07 0.77715
2.807e-07 0.77419
2.9061e-07 0.77141
2.9661e-07 0.76855
3.0763e-07 0.76588
3.2306e-07 0.76335
3.3428e-07 0.76075
3.5066e-07 0.75831
3.6184e-07 0.75577
3.3718e-07 0.75339
3.0899e-07 0.75091
2.8697e-07 0.74859
2.7181e-07 0.74643
2.5272e-07 0.74421
2.3688e-07 0.7421
2.2455e-07 0.7401
2.0919e-07 0.73806
1.9074e-07 0.73598
1.7567e-07 0.73401
1.6294e-07 0.73213
1.474e-07 0.73021
1.3453e-07 0.7284
1.2463e-07 0.72671
1.1127e-07 0.72495
9.397e-08 0.72312
7.9773e-08 0.72142
9.553e-08 0.71964
1.1465e-07 0.71798
1.2214e-07 0.71625
1.3299e-07 0.71465
1.478e-07 0.71319
1.6736e-07 0.71184
1.6071e-07 0.71062
1.5694e-07 0.70949
1.494e-07 0.7083
1.4469e-07 0.7072
1.426e-07 0.7062
1.4333e-07 0.7053
1.4073e-07 0.70435
1.3451e-07 0.70359
1.308e-07 0.70291
1.2499e-07 0.70221
1.2044e-07 0.70156
1.1383e-07 0.7009
1.0513e-07 0.70022
9.7307e-08 0.69959
9.0238e-08 0.69901
8.3823e-08 0.69847
7.83e-08 0.69798
7.0601e-08 0.69747
6.4201e-08 0.69702
5.9083e-08 0.69664
5.5717e-08 0.69635
4.9515e-08 0.69601
4.4933e-08 0.69575
4.1728e-08 0.69558
3.9713e-08 0.69548
3.8778e-08 0.69546
3.8884e-08 0.69553
3.6615e-08 0.69555
3.5356e-08 0.69566
3.5038e-08 0.69572
3.5643e-08 0.69587
3.7204e-08 0.69611
3.9925e-08 0.69643
4.0105e-08 0.69683
4.1372e-08 0.69731
4.0235e-08 0.69786
3.9832e-08 0.69849
4.0146e-08 0.6992
4.1194e-08 0.69852
4.3502e-08 0.69793
4.708e-08 0.6973
5.1704e-08 0.69674
5.3593e-08 0.69614
5.6584e-08 0.69561
6.0776e-08 0.69515
6.2158e-08 0.69465
4.5751e-08 0.69424
5.2655e-08 0.692
5.6888e-08 0.68967
6.2426e-08 0.68725
6.5069e-08 0.68475
6.895e-08 0.6824
7.0204e-08 0.67997
7.2859e-08 0.67769
7.2733e-08 0.67533
7.3097e-08 0.67307
7.1593e-08 0.67078
7.0639e-08 0.66859
7.0218e-08 0.66649
7.0325e-08 0.65527
7.0697e-08 0.64443
7.1629e-08 0.63401
7.0725e-08 0.62346
7.0425e-08 0.61333
6.8289e-08 0.60308
6.6733e-08 0.59324
6.34e-08 0.5833
5.8288e-08 0.57324
5.3408e-08 0.56351
4.8937e-08 0.55416
4.2714e-08 0.5447
3.6677e-08 0.53564
2.8748e-08 0.52644
2.1334e-08 0.51766
1.4969e-08 0.50936
2.0829e-08 0.50077
2.4347e-08 0.49185
2.8649e-08 0.48261
3.3941e-08 0.47397
8.2027e-08 0.46501
1.0215e-06 0.27309
1.0744e-06 0.26358
1.1449e-06 0.2547
1.3788e-06 0.21796
1.4545e-06 0.20936
1.5533e-06 0.2013
1.5607e-06 0.19378
1.5823e-06 0.18674
1.5308e-06 0.18016
1.4934e-06 0.17395
1.4456e-06 0.16751
1.4473e-06 0.16159
1.3708e-06 0.15601
1.2479e-06 0.15073
1.1088e-06 0.14528
9.9978e-07 0.14019
8.7427e-07 0.1349
7.7572e-07 0.12996
6.9876e-07 0.12535
6.0959e-07 0.12056
5.0632e-07 0.11559
4.2439e-07 0.11094
3.5931e-07 0.10658
3.0771e-07 0.1025
2.6567e-07 0.098653
2.3163e-07 0.09502
2.0444e-07 0.091591
1.7202e-07 0.088046
1.466e-07 0.084733
1.2712e-07 0.081638
1.3855e-07 0.078746
1.5326e-07 0.076018
1.7279e-07 0.073469
1.9737e-07 0.071065
2.1715e-07 0.068566
2.4333e-07 0.066233
2.9962e-07 0.063818
3.68e-07 0.061539
4.5418e-07 0.059409
5.5919e-07 0.057204
6.9185e-07 0.055145
8.057e-07 0.053004
9.0656e-07 0.051001
1.0298e-06 0.049111
1.1803e-06 0.047327
1.3159e-06 0.045487
1.3417e-06 0.043766
1.3819e-06 0.042158
1.436e-06 0.040641
1.4151e-06 0.039211
1.386e-06 0.037876
1.3706e-06 0.036617
1.3681e-06 0.035444
1.5473e-06 0.034226
1.7667e-06 0.033079
2.0349e-06 0.03201
2.3623e-06 0.031002
2.4593e-06 0.030053
2.5872e-06 0.029212
2.6968e-06 0.029389
2.693e-06 0.029589
2.7044e-06 0.029813
2.7059e-06 0.030019
2.7231e-06 0.030207
2.7598e-06 0.030424
2.8143e-06 0.030666
2.8573e-06 0.03089
2.8892e-06 0.031095
2.9385e-06 0.031325
2.9755e-06 0.031534
3.0346e-06 0.031725
2.996e-06 0.031946
2.8027e-06 0.032198
2.6526e-06 0.032481
2.6981e-06 0.032743
2.7326e-06 0.032985
2.6654e-06 0.033255
2.5836e-06 0.033557
2.4894e-06 0.033841
2.4188e-06 0.034155
2.3367e-06 0.034452
2.2741e-06 0.03478
2.2061e-06 0.035097
2.1502e-06 0.035434
2.1051e-06 0.03579
2.0703e-06 0.036167
2.0309e-06 0.036534
1.18e-06 0.041833
1.1271e-06 0.04216
1.0827e-06 0.042508
1.0347e-06 0.042846
9.8286e-07 0.043174
9.3917e-07 0.043523
9.0279e-07 0.043894
8.731e-07 0.044287
8.408e-07 0.04467
8.0435e-07 0.04504
7.7402e-07 0.045431
7.4933e-07 0.045844
7.299e-07 0.04628
7.0693e-07 0.046704
6.8895e-07 0.047151
6.6549e-07 0.047576
6.3671e-07 0.047981
6.1731e-07 0.048426
6.0553e-07 0.048908
5.6982e-07 0.049362
5.4098e-07 0.049846
5.193e-07 0.050369
5.0213e-07 0.050919
4.8905e-07 0.051499
4.7976e-07 0.052107
4.6774e-07 0.052702
4.5295e-07 0.053284
4.4184e-07 0.053896
4.3421e-07 0.054496
4.2991e-07 0.055125
4.2298e-07 0.055741
4.1932e-07 0.056388
4.182e-07 0.057065
4.1961e-07 0.057768
4.1858e-07 0.058459
4.2073e-07 0.059183
4.2028e-07 0.059893
4.1737e-07 0.060589
4.1702e-07 0.061315
4.1385e-07 0.062023
4.0808e-07 0.062718
3.997e-07 0.063398
3.945e-07 0.064112
3.9237e-07 0.064861
3.8768e-07 0.065595
3.8615e-07 0.066314
3.87e-07 0.067063
3.9025e-07 0.067841
3.9109e-07 0.068606
3.8953e-07 0.069358
3.9099e-07 0.070146
4.0384e-07 0.070972
4.2023e-07 0.071836
4.3968e-07 0.072734
4.5632e-07 0.073668
4.703e-07 0.074585
4.8149e-07 0.075486
7.0494e-07 0.07637
9.5995e-07 0.077295
1.2039e-06 0.078203
1.4771e-06 0.079147
1.7398e-06 0.080075
1.9909e-06 0.080987
2.0176e-06 0.081935
2.04e-06 0.082865
2.0717e-06 0.083839
2.1117e-06 0.084851
2.147e-06 0.085845
2.1911e-06 0.086878
2.2297e-06 0.087956
2.2631e-06 0.089013
2.29e-06 0.090043
2.3271e-06 0.09112
2.36e-06 0.092181
2.4017e-06 0.093282
2.439e-06 0.094366
2.4874e-06 0.0955
2.5312e-06 0.096617
2.5867e-06 0.097784
2.6371e-06 0.098931
2.6999e-06 0.10013
2.7744e-06 0.099854
2.8637e-06 0.099606
2.9469e-06 0.099345
3.0434e-06 0.099109
3.1545e-06 0.098896
3.2816e-06 0.098707
3.4022e-06 0.098507
3.5164e-06 0.098295
3.6473e-06 0.098107
3.7968e-06 0.097942
3.938e-06 0.097765
4.1036e-06 0.097617
4.2937e-06 0.097494
4.4773e-06 0.097357
4.6917e-06 0.097249
4.9358e-06 0.097167
5.1655e-06 0.097109
5.4273e-06 0.097077
5.4314e-06 0.097076
5.4522e-06 0.097106
5.4906e-06 0.097168
5.5168e-06 0.097275
5.3768e-06 0.09742
5.2661e-06 0.097603
5.181e-06 0.097824
5.0884e-06 0.098032
5.0117e-06 0.098264
4.9278e-06 0.098484
4.8376e-06 0.098692
4.7406e-06 0.098888
4.6638e-06 0.099116
4.5752e-06 0.099323
4.4793e-06 0.099516
4.399e-06 0.099735
4.3119e-06 0.099941
4.2416e-06 0.10018
4.1868e-06 0.10044
4.1441e-06 0.10073
4.1151e-06 0.10104
4.0988e-06 0.10139
4.0768e-06 0.10172
4.0678e-06 0.10209
4.0697e-06 0.10244
4.0844e-06 0.10282
4.1121e-06 0.10323
4.1343e-06 0.10363
4.1512e-06 0.10402
4.1624e-06 0.10439
4.1576e-06 0.10473
4.1397e-06 0.10504
4.1363e-06 0.10538
4.1464e-06 0.10571
4.1675e-06 0.10606
4.2019e-06 0.10645
4.2481e-06 0.10686
4.3066e-06 0.1073
4.3783e-06 0.10777
4.4443e-06 0.10822
4.5268e-06 0.10871
4.4167e-06 0.10923
4.3254e-06 0.10979
4.2484e-06 0.11038
4.1849e-06 0.11099
4.1159e-06 0.1116
4.0412e-06 0.11219
3.9796e-06 0.11281
3.9323e-06 0.11346
3.8794e-06 0.11411
3.8402e-06 0.11479
3.8145e-06 0.11551
3.7834e-06 0.11621
3.7649e-06 0.11696
3.7567e-06 0.11624
3.7588e-06 0.11556
3.7732e-06 0.11492
3.798e-06 0.1143
3.8175e-06 0.11368
3.8318e-06 0.11303
3.6316e-06 0.11243
3.4585e-06 0.11186
3.2773e-06 0.11128
3.1173e-06 0.11073
2.9497e-06 0.11016
2.805e-06 0.10963
2.6532e-06 0.10909
2.5192e-06 0.10857
2.4041e-06 0.10809
2.3033e-06 0.10764
2.196e-06 0.10717
2.0826e-06 0.10669
1.998e-06 0.10627
1.8963e-06 0.10583
1.8154e-06 0.10544
1.7257e-06 0.10502
1.6474e-06 0.10463
1.5643e-06 0.10423
1.4916e-06 0.10386
1.4138e-06 0.10347
1.3308e-06 0.10307
1.2598e-06 0.1027
1.2006e-06 0.10236
1.1361e-06 0.10201
1.0809e-06 0.10169
1.0209e-06 0.10135
9.6885e-07 0.10104
9.2525e-07 0.10076
8.7774e-07 0.10047
8.2627e-07 0.10017
7.825e-07 0.099894
7.3494e-07 0.099606
6.8351e-07 0.099306
6.3942e-07 0.099035
6.0184e-07 0.098793
5.7009e-07 0.098578
5.4359e-07 0.098392
5.2102e-07 0.098229
5.03e-07 0.098093
4.9062e-07 0.09655
4.7537e-07 0.094982
4.6394e-07 0.093478
4.5613e-07 0.092036
4.4579e-07 0.090574
4.3824e-07 0.089162
4.3338e-07 0.0878
4.2588e-07 0.086416
4.2102e-07 0.085081
4.1345e-07 0.083793
4.0855e-07 0.082553
4.0706e-07 0.081367
4.1807e-07 0.080134
4.258e-07 0.078873
4.3632e-07 0.077657
4.4414e-07 0.076421
4.4945e-07 0.075167
4.5751e-07 0.073957
4.6284e-07 0.072706
4.6546e-07 0.071434
4.7164e-07 0.070215
4.1421e-07 0.069052
3.6955e-07 0.067973
3.3526e-07 0.066974
3.085e-07 0.066037
2.878e-07 0.065161
2.7337e-07 0.064353
2.5434e-07 0.063599
2.3007e-07 0.062807
2.0075e-07 0.061609
1.7542e-07 0.060465
1.5318e-07 0.059369
1.33e-07 0.058311
1.1042e-07 0.057235
8.9705e-08 0.056196
6.6769e-08 0.055141
4.5603e-08 0.054125
2.173e-08 0.053085
2.0892e-08 0.051959
2.0473e-08 0.050913
2.0451e-08 0.049825
2.0572e-08 0.048802
2.0817e-08 0.047841
1.9129e-08 0.046848
1.5474e-08 0.045822
1.1746e-08 0.044857
8.0536e-09 0.043953
4.0051e-09 0.043092
6.5522e-09 0.042206
8.6871e-09 0.041372
9.1066e-09 0.040511
9.1597e-09 0.0397
2.2504e-08 0.038854
3.7056e-08 0.038049
5.3588e-08 0.037289
6.8034e-08 0.036515
8.3899e-08 0.035772
1.0147e-07 0.035061
1.1683e-07 0.034335
1.3412e-07 0.03364
1.5316e-07 0.032969
1.6985e-07 0.032286
1.8841e-07 0.031626
2.0454e-07 0.031011
2.2332e-07 0.030423
2.4519e-07 0.029864
2.7106e-07 0.029333
3.019e-07 0.028829
3.2739e-07 0.028363
3.6e-07 0.027936
3.99e-07 0.027533
4.3265e-07 0.027113
4.6032e-07 0.026673
4.8312e-07 0.026215
5.1233e-07 0.025784
5.5075e-07 0.025383
5.8463e-07 0.024969
6.1419e-07 0.024541
9.4921e-07 0.0241
1.3312e-06 0.023678
1.7776e-06 0.02328
2.2955e-06 0.022902
2.7777e-06 0.022509
3.3606e-06 0.022143
3.8841e-06 0.021757
4.0441e-06 0.021397
4.2438e-06 0.021064
4.5006e-06 0.02076
6.2318e-06 0.020424
8.4163e-06 0.020117
1.108e-05 0.019833
1.3449e-05 0.01953
1.5582e-05 0.019209
1.7504e-05 0.01887
1.8132e-05 0.018559
1.8293e-05 0.018276
1.8511e-05 0.018014
1.846e-05 0.017783
1.8453e-05 0.017576
1.8488e-05 0.017388
1.8496e-05 0.017183
1.848e-05 0.016963
1.8514e-05 0.016765
1.8591e-05 0.016586
1.8725e-05 0.016428
1.86e-05 0.016288
1.8057e-05 0.016131
1.7635e-05 0.015994
1.6414e-05 0.015877
1.5036e-05 0.015779
1.3957e-05 0.015701
1.3844e-05 0.015609
1.3418e-05 0.015535
1.3076e-05 0.015477
1.2815e-05 0.015437
1.2517e-05 0.015384
1.2292e-05 0.015349
1.2119e-05 0.015331
1.1914e-05 0.0153
1.1679e-05 0.015255
1.1411e-05 0.015197
1.1213e-05 0.015157
1.054e-05 0.015135
9.9908e-06 0.015128
9.3696e-06 0.01514
7.4584e-06 0.015167
5.8916e-06 0.015208
4.6543e-06 0.015268
3.6846e-06 0.015346
2.8896e-06 0.015439
2.2595e-06 0.015518
1.7429e-06 0.015612
1.319e-06 0.015722
8.4079e-07 0.015817
4.6122e-07 0.015932
1.4927e-07 0.016063
1.0275e-07 0.016153
1.0365e-07 0.016227
1.0655e-07 0.016317
1.0616e-07 0.016392
1.025e-07 0.016452
1.0042e-07 0.016525
9.9423e-08 0.01661
9.9434e-08 0.016705
1.0038e-07 0.016811
1.0196e-07 0.016926
1.0152e-07 0.017033
1.0259e-07 0.017154
1.0042e-07 0.017259
1.0074e-07 0.017385
7.7963e-08 0.017532
5.9682e-08 0.017275
4.4901e-08 0.017043
3.9869e-08 0.01683
3.6232e-08 0.01664
3.3327e-08 0.016468
1.3292e-08 0.016314
1.2261e-08 0.016145
1.1259e-08 0.015997
1.0045e-08 0.015866
6.8585e-09 0.015755
3.4246e-09 0.015628
5.2527e-09 0.015487
6.71e-09 0.015365
7.8757e-09 0.015262
7.1893e-09 0.015144
4.6424e-09 0.015011
1.8033e-09 0.014897
2.6626e-09 0.01477
2.8327e-09 0.014661
2.3228e-09 0.014571
6.6176e-09 0.014499
1.0772e-08 0.014441
1.2964e-08 0.014371
1.5299e-08 0.014318
1.5557e-08 0.014251
1.5992e-08 0.014201
1.6627e-08 0.014169
1.4962e-08 0.014153
1.3273e-08 0.014152
1.1492e-08 0.014137
9.7407e-09 0.014138
7.9224e-09 0.014157
1.5561e-08 0.013768
2.0981e-08 0.01336
2.7039e-08 0.012978
3.3709e-08 0.012619
3.7952e-08 0.012283
4.3275e-08 0.011972
4.9528e-08 0.011678
5.3216e-08 0.01137
5.4512e-08 0.011046
5.677e-08 0.010742
5.6276e-08 0.010421
5.6366e-08 0.010114
5.4334e-08 0.0097956
5.2704e-08 0.0094906
5.1141e-08 0.0091955
4.9621e-08 0.0089097
4.6333e-08 0.0086163
4.3284e-08 0.0083341
4.0208e-08 0.0080238
3.5389e-08 0.0077056
3.0713e-08 0.0073993
2.5953e-08 0.0071027
1.9167e-08 0.0067949
1.2548e-08 0.0065
1.7077e-08 0.0061903
2.2241e-08 0.0058654
2.7808e-08 0.0055573
3.3969e-08 0.0052647
4.0217e-08 0.0049813
4.4707e-08 0.0046905
4.7329e-08 0.0043923
5.0006e-08 0.0041026
5.2782e-08 0.0038211
5.6097e-08 0.0035503
5.7599e-08 0.0032724
5.9227e-08 0.0030016
6.1001e-08 0.0027376
6.0966e-08 0.0024668
6.1335e-08 0.0022042
6.1912e-08 0.0022872
6.0678e-08 0.0023652
5.7632e-08 0.0024382
5.4984e-08 0.0025136
5.0532e-08 0.0025841
4.4248e-08 0.0026496
3.5129e-08 0.0027067
2.766e-08 0.0027703
2.1398e-08 0.0028407
3.0981e-08 0.0029031
4.1431e-08 0.0029695
5.2316e-08 0.0030378
6.3765e-08 0.0031082
7.3255e-08 0.0031734
8.3743e-08 0.0032416
9.2314e-08 0.0033048
1.0165e-07 0.0033702
1.1188e-07 0.0034377
1.2315e-07 0.0035074
1.356e-07 0.0035795
1.4598e-07 0.0036466
1.5811e-07 0.003717
1.6803e-07 0.0037822
1.7937e-07 0.0038498
1.9228e-07 0.00392
2.0746e-07 0.0039937
2.252e-07 0.0040711
2.4581e-07 0.0041523
2.6968e-07 0.0042375
2.965e-07 0.0043257
3.2743e-07 0.0044086
3.6305e-07 0.0044957
4.0401e-07 0.0045871
4.5106e-07 0.0046829
4.9461e-07 0.0047731
5.4484e-07 0.0048678
5.2481e-07 0.0049672
5.0906e-07 0.0050713
4.9655e-07 0.0051793
4.8123e-07 0.0052815
4.6904e-07 0.0053876
4.5982e-07 0.0054977
4.5448e-07 0.0056138
4.4591e-07 0.005723
4.4102e-07 0.0058381
4.3074e-07 0.0059654
4.1541e-07 0.0060821
3.9435e-07 0.0061876
3.8051e-07 0.0063052
3.6118e-07 0.0064113
3.3612e-07 0.0065063
3.183e-07 0.0066133
3.0567e-07 0.0067089
2.8839e-07 0.0067941
2.6628e-07 0.0068691
2.5042e-07 0.0069559
2.3997e-07 0.007055
2.3434e-07 0.0071669
2.3352e-07 0.007267
2.3633e-07 0.0073563
2.349e-07 0.0074648
2.2957e-07 0.0075624
2.2748e-07 0.0076697
2.2864e-07 0.0077872
2.2587e-07 0.0078934
2.2717e-07 0.0080123
1.9469e-07 0.0081428
1.8427e-07 0.0082609
1.7695e-07 0.0083899
1.7317e-07 0.0085325
1.6586e-07 0.0086636
1.6079e-07 0.0088044
1.5313e-07 0.0089369
1.4329e-07 0.0090628
1.3504e-07 0.0091963
1.2787e-07 0.0093359
1.2167e-07 0.0094819
1.1697e-07 0.0096373
1.0903e-07 0.0097804
1.0399e-07 0.0099399
1.01e-07 0.010113
1.0052e-07 0.0099801
9.7016e-08 0.0098333
9.4846e-08 0.0096966
9.059e-08 0.0095524
8.6874e-08 0.0094146
8.1232e-08 0.0092701
7.3654e-08 0.0091191
6.413e-08 0.0089613
5.2722e-08 0.0087973
4.1881e-08 0.0086396
3.1732e-08 0.0084898
2.2088e-08 0.0083474
3.2201e-08 0.0082124
4.2592e-08 0.0080831
5.1184e-08 0.0079477
6.0145e-08 0.0078178
6.9596e-08 0.0076933
7.9665e-08 0.0075741
8.7757e-08 0.0074486
9.3886e-08 0.0073168
1.0067e-07 0.0071902
1.082e-07 0.0070687
1.1371e-07 0.006941
1.2039e-07 0.0068197
1.2798e-07 0.0067032
1.335e-07 0.0065805
1.3704e-07 0.0064521
1.4155e-07 0.0063286
1.4408e-07 0.0061993
1.4462e-07 0.0060642
1.465e-07 0.0059352
1.463e-07 0.0058001
1.4706e-07 0.0056696
1.4919e-07 0.0055449
1.4922e-07 0.0054142
1.5025e-07 0.0052879
1.4919e-07 0.0051556
1.4949e-07 0.0050288
1.5079e-07 0.0049061
1.5348e-07 0.0047886
1.5417e-07 0.0046655
1.5627e-07 0.0045475
1.5628e-07 0.0044237
1.5428e-07 0.0042945
1.5369e-07 0.0041702
1.5453e-07 0.0040506
1.5336e-07 0.0039257
1.5009e-07 0.0037951
1.4472e-07 0.0036588
1.3734e-07 0.003517
1.9508e-07 0.0033698
1.9598e-07 0.0032263
1.982e-07 0.0030863
1.9833e-07 0.0029409
1.9979e-07 0.0027989
1.9916e-07 0.0026516
1.9643e-07 0.0024989
1.9548e-07 0.0023507
1.9629e-07 0.0022067
1.9843e-07 0.0020658
2.0238e-07 0.0019286
2.0415e-07 0.0020865
2.0796e-07 0.0022494
2.1499e-07 0.0024203
2.2645e-07 0.002602
2.3401e-07 0.0027739
2.4646e-07 0.0029575
2.5659e-07 0.0031352
2.6869e-07 0.0033174
2.8291e-07 0.0035042
2.9465e-07 0.0036849
3.0863e-07 0.0038703
3.2504e-07 0.0040607
3.3902e-07 0.0042453
3.5058e-07 0.0044239
3.6534e-07 0.0046091
3.7748e-07 0.004788
3.9227e-07 0.0049721
4.0993e-07 0.0051616
4.3145e-07 0.0053582
4.5729e-07 0.0055623
4.6829e-07 0.0057598
4.8307e-07 0.005965
5.0112e-07 0.0061766
5.1625e-07 0.0063807
5.3561e-07 0.006593
5.5201e-07 0.0067984
5.7307e-07 0.0070127
6.0342e-07 0.0072135
6.4461e-07 0.0074308
6.9672e-07 0.0076627
7.4201e-07 0.007883
7.8156e-07 0.008093
8.3218e-07 0.0083177
8.9239e-07 0.0085535
9.6485e-07 0.0088024
1.0487e-06 0.009062
1.1444e-06 0.0093313
1.2523e-06 0.0096099
1.3766e-06 0.0099002
1.5194e-06 0.010202
1.6833e-06 0.010517
1.8393e-06 0.010824
2.0184e-06 0.011143
2.2241e-06 0.011476
2.46e-06 0.011822
2.6863e-06 0.01216
2.6973e-06 0.012513
2.5265e-06 0.01288
2.3786e-06 0.013262
2.2509e-06 0.01366
2.1384e-06 0.014072
2.04e-06 0.013919
1.9539e-06 0.013774
1.8622e-06 0.013622
1.7646e-06 0.013463
1.681e-06 0.013313
1.6099e-06 0.013173
1.55e-06 0.013042
1.4853e-06 0.012904
1.431e-06 0.012759
1.3722e-06 0.012607
1.3091e-06 0.012448
1.256e-06 0.012298
1.212e-06 0.012158
1.1747e-06 0.012025
1.1437e-06 0.011898
1.1089e-06 0.011765
1.0813e-06 0.011641
1.0602e-06 0.011525
1.0357e-06 0.011402
1.0175e-06 0.011287
9.9605e-07 0.011167
9.7965e-07 0.011052
9.6905e-07 0.010946
9.5536e-07 0.010833
9.4735e-07 0.010729
9.4392e-07 0.01063
9.456e-07 0.010539
9.5691e-07 0.010462
9.6173e-07 0.010373
9.0043e-07 0.010578
8.3457e-07 0.010775
7.7785e-07 0.010983
7.292e-07 0.0112
6.8657e-07 0.011425
6.5047e-07 0.011662
6.1114e-07 0.011891
5.7783e-07 0.012131
5.4117e-07 0.012364
5.093e-07 0.012606
4.7404e-07 0.01284
4.4321e-07 0.013083
4.0913e-07 0.013319
3.7907e-07 0.013564
3.4597e-07 0.013801
3.1001e-07 0.014031
2.7869e-07 0.014273
2.5146e-07 0.014526
2.2793e-07 0.014793
2.0693e-07 0.015069
1.8336e-07 0.015338
1.6212e-07 0.015617
1.3838e-07 0.018829
1.1731e-07 0.022166
9.8515e-08 0.025633
7.7535e-08 0.029059
5.4345e-08 0.032445
6.4469e-08 0.035791
7.5211e-08 0.039247
8.3975e-08 0.042658
9.084e-08 0.046197
9.8708e-08 0.049875
1.0772e-07 0.053697
1.1805e-07 0.05767
1.2987e-07 0.061799
1.4342e-07 0.066091
1.5848e-07 0.070529
1.7127e-07 0.074909
1.8181e-07 0.079233
1.9438e-07 0.083727
2.0466e-07 0.088164
2.1267e-07 0.092543
2.1851e-07 0.096871
2.2643e-07 0.10137
2.3211e-07 0.10582
2.3352e-07 0.11012
2.3108e-07 0.11428
2.3219e-07 0.11869
2.3689e-07 0.12336
2.3754e-07 0.12787
2.4151e-07 0.13262
2.4154e-07 0.13722
2.3798e-07 0.1417
2.3756e-07 0.14641
2.3338e-07 0.15098
2.2557e-07 0.15541
2.2016e-07 0.16004
2.1757e-07 0.16491
2.1267e-07 0.16971
2.0971e-07 0.1747
2.0818e-07 0.17986
2.0442e-07 0.18496
1.9843e-07 0.18999
1.9438e-07 0.19522
1.8792e-07 0.20038
1.7877e-07 0.20576
1.6687e-07 0.21103
1.5681e-07 0.21652
1.4416e-07 0.2219
1.3349e-07 0.22752
1.2522e-07 0.23344
1.1337e-07 0.23918
1.0487e-07 0.24533
9.7325e-08 0.25169
8.7713e-08 0.25798
7.6098e-08 0.26418
6.5661e-08 0.27031
5.5841e-08 0.27665
4.407e-08 0.28291
3.2809e-08 0.28939
1.964e-08 0.29578
2.5793e-08 0.3021
3.1815e-08 0.30864
3.6162e-08 0.3151
4.0643e-08 0.32182
4.5343e-08 0.32882
4.8225e-08 0.33571
4.9249e-08 0.34285
5.0301e-08 0.35024
5.1604e-08 0.35793
5.1193e-08 0.36587
5.0811e-08 0.37409
5.0455e-08 0.38259
5.0125e-08 0.39138
5.0037e-08 0.40052
5.0191e-08 0.41002
1.0129e-07 0.41941
1.4907e-07 0.42868
1.936e-07 0.43784
2.4393e-07 0.44737
2.3952e-07 0.45727
2.3673e-07 0.46752
2.3553e-07 0.47811
2.3205e-07 0.48858
2.264e-07 0.49893
2.2233e-07 0.50963
2.1977e-07 0.52069
2.1496e-07 0.53163
2.1163e-07 0.54293
2.0616e-07 0.55411
2.026e-07 0.56573
1.968e-07 0.5679
1.9284e-07 0.57017
1.9021e-07 0.57252
1.8887e-07 0.57496
1.8544e-07 0.57738
1.7994e-07 0.57976
1.7235e-07 0.58212
1.6646e-07 0.58458
1.6218e-07 0.58716
1.5942e-07 0.58984
1.5774e-07 0.59263
1.54e-07 0.59539
1.5291e-07 0.59831
1.2259e-07 0.60146
1.3318e-07 0.60451
1.4811e-07 0.60778
1.6687e-07 0.61126
1.9023e-07 0.61495
3.7428e-07 0.64269
3.7286e-07 0.6465
3.7637e-07 0.65055
3.8496e-07 0.65445
4.0014e-07 0.65864
4.2257e-07 0.66312
6.0918e-07 0.69659
6.2619e-07 0.70122
6.5059e-07 0.70612
6.8354e-07 0.71131
7.1523e-07 0.7165
7.4564e-07 0.72169
7.748e-07 0.72687
8.0269e-07 0.73206
8.2931e-07 0.73724
8.5467e-07 0.74242
8.7267e-07 0.74742
8.9984e-07 0.75272
9.2014e-07 0.75783
9.5189e-07 0.7633
9.7652e-07 0.7686
1.0115e-06 0.77422
1.0423e-06 0.77966
1.0816e-06 0.78537
1.1286e-06 0.7913
1.1715e-06 0.79715
1.2104e-06 0.80294
1.2577e-06 0.80896
1.3008e-06 0.81491
1.3398e-06 0.82079
1.3752e-06 0.82661
1.4175e-06 0.83262
1.4558e-06 0.83857
1.4899e-06 0.84444
1.5327e-06 0.85056
1.5713e-06 0.85659
1.606e-06 0.86257
1.6482e-06 0.86875
1.6861e-06 0.87486
1.7319e-06 0.88118
1.7862e-06 0.88772
1.8358e-06 0.89418
1.8809e-06 0.90056
1.9364e-06 0.90721
1.9867e-06 0.91376
2.0532e-06 0.91567
2.1134e-06 0.91752
2.1684e-06 0.91935
2.2187e-06 0.92116
2.2787e-06 0.92303
2.3336e-06 0.92488
2.3836e-06 0.92672
2.4435e-06 0.92862
2.4985e-06 0.9305
2.5423e-06 0.93232
2.491e-06 0.93427
2.4329e-06 0.9362
2.3679e-06 0.93809
2.3148e-06 0.94007
2.2551e-06 0.94201
2.1868e-06 0.94391
2.1378e-06 0.94594
2.1033e-06 0.94808
2.0598e-06 0.95017
2.0326e-06 0.95239
2.0203e-06 0.95476
2.0199e-06 0.95536
2.0153e-06 0.95595
2.0066e-06 0.95653
1.813e-06 0.95714
1.61e-06 0.95775
1.4328e-06 0.95839
1.2783e-06 0.95902
1.1435e-06 0.95969
1.0016e-06 0.96036
8.5284e-07 0.96101
7.2275e-07 0.9617
7.415e-07 0.96239
7.646e-07 0.9631
7.847e-07 0.96381
8.0159e-07 0.96452
8.2393e-07 0.96526
8.5216e-07 0.96603
8.7712e-07 0.9668
9.0734e-07 0.96667
9.342e-07 0.96653
9.5738e-07 0.96638
9.7364e-07 0.96623
9.8324e-07 0.96606
9.2754e-07 0.96593
8.6185e-07 0.96578
8.0431e-07 0.96566
7.4245e-07 0.96553
6.8786e-07 0.96542
6.4096e-07 0.96533
6.0089e-07 0.96526
5.6618e-07 0.96401
5.3699e-07 0.96281
5.1276e-07 0.96167
4.9222e-07 0.96056
4.6891e-07 0.95945
4.4275e-07 0.95832
4.2283e-07 0.95726
4.1061e-07 0.95616
3.9335e-07 0.95503
3.8346e-07 0.95397
3.6884e-07 0.95422
3.4936e-07 0.95445
3.364e-07 0.95472
3.1833e-07 0.95497
3.0653e-07 0.95521
3.0036e-07 0.95548
2.8983e-07 0.95575
2.7438e-07 0.95599
2.6356e-07 0.95627
2.4798e-07 0.95654
2.2743e-07 0.95685
2.1154e-07 0.95719
1.9286e-07 0.95753
1.715e-07 0.95786
1.4755e-07 0.95818
1.2636e-07 0.95854
1.0273e-07 0.95889
8.1564e-08 0.95833
9.9475e-08 0.95777
1.1525e-07 0.9572
1.3312e-07 0.95666
1.5276e-07 0.95616
1.7003e-07 0.95564
1.8508e-07 0.95513
1.9792e-07 0.9546
2.1307e-07 0.95411
2.2585e-07 0.95361
2.3627e-07 0.95311
2.4435e-07 0.9526
2.5477e-07 0.95212
2.6282e-07 0.95164
2.7332e-07 0.95118
2.8648e-07 0.95076
3.0258e-07 0.95036
3.1609e-07 0.94996
3.2719e-07 0.94956
3.4134e-07 0.94919
3.5811e-07 0.94884
3.7773e-07 0.94851
3.9462e-07 0.94818
4.1523e-07 0.94788
4.3996e-07 0.9476
4.6926e-07 0.94736
5.0368e-07 0.94714
5.4406e-07 0.94694
5.8034e-07 0.94674
6.1008e-07 0.94653
8.611e-07 0.94629
1.0857e-06 0.94604
1.2869e-06 0.94577
1.4692e-06 0.94548
1.6748e-06 0.94523
1.8707e-06 0.94496
