Corvus_moneduloides Corythaeola_cristata Cuculus_canorus Cygnus_atratus Cygnus_olor
0.0014959 0.00039256 0.00016988 0.00014609 0.0014094
0.0014916 0.00039045 0.0001664 0.00014378 0.0014065
0.0014873 0.00038839 0.00016306 0.00014148 0.0014037
0.0014829 0.00038631 0.00015967 0.00013917 0.0014009
0.0014787 0.00038429 0.00015646 0.00013688 0.0013981
0.0014744 0.00038223 0.00015315 0.00013458 0.0013953
0.0014701 0.00038025 0.00015005 0.00013231 0.0013926
0.0014659 0.00037836 0.00014722 0.00013008 0.0013899
0.0014618 0.00037642 0.00014424 0.00012783 0.0013872
0.0014577 0.00037443 0.00014113 0.00012555 0.0013845
0.0014536 0.00037254 0.00013829 0.00012331 0.0013818
0.0014495 0.00037072 0.00013565 0.0001211 0.0013792
0.0014455 0.00036885 0.00013288 0.00011887 0.0013765
0.0014413 0.00036693 0.00013337 0.00011662 0.0013738
0.0014373 0.00036515 0.00013216 0.0001144 0.0013712
0.0014333 0.00036344 0.00013108 0.00011222 0.0013686
0.0014293 0.00036168 0.00012991 0.00011002 0.001366
0.0014253 0.00036 0.00012885 0.00010784 0.0013634
0.0014214 0.00035839 0.00012792 0.0001057 0.001361
0.0014175 0.00035686 0.00012711 0.00010359 0.0013585
0.0014137 0.00035541 0.00012641 0.00010152 0.0013562
0.0014099 0.00035393 0.00012564 9.9424e-05 0.0013538
0.001406 0.0003524 0.0001248 9.7307e-05 0.0013514
0.0014022 0.00035095 0.00012407 9.5221e-05 0.001349
0.0013983 0.00034945 0.00012327 9.3113e-05 0.0013466
0.0013944 0.00034791 0.0001224 9.0984e-05 0.0013441
0.0013906 0.00034644 0.00012165 8.889e-05 0.0013418
0.0013867 0.00034494 0.00012398 8.6774e-05 0.0013393
0.0013828 0.00034339 0.0001262 8.4637e-05 0.0013369
0.001379 0.00034191 0.0001286 8.253e-05 0.0013345
0.0013752 0.0003405 0.00013119 8.0458e-05 0.0013322
0.0013713 0.00033916 0.00013406 7.8421e-05 0.0013299
0.0013675 0.0003379 0.00013716 7.6412e-05 0.0013277
0.0013526 0.00033311 0.00015065 6.8494e-05 0.0013192
0.0013489 0.00033197 0.00015362 6.6538e-05 0.0013171
0.001345 0.0003308 0.00015647 6.4609e-05 0.001315
0.0013412 0.00032958 0.00015919 6.2661e-05 0.001313
0.0013374 0.00032844 0.00016214 6.0744e-05 0.001311
0.0013337 0.00032736 0.00016532 5.8854e-05 0.0013091
0.00133 0.00032636 0.00016881 5.6995e-05 0.0013072
0.0013263 0.00032531 0.00017215 5.5161e-05 0.0013054
0.0013226 0.00032433 0.00017575 5.3352e-05 0.0013036
0.0013191 0.00032341 0.00017968 5.1572e-05 0.0013019
0.0013155 0.00032255 0.00018391 4.9816e-05 0.0013003
0.0013119 0.00032165 0.00018796 4.804e-05 0.0012986
0.0013083 0.00032072 0.00019183 4.6247e-05 0.0012969
0.0013048 0.00031985 0.00019607 4.4482e-05 0.0012953
0.0013013 0.00031905 0.00020068 4.2697e-05 0.0012936
0.0012978 0.00031831 0.00020565 4.0937e-05 0.0012919
0.0012944 0.00031762 0.000211 3.9199e-05 0.0012904
0.0012909 0.00031699 0.00021676 3.7485e-05 0.0012889
0.0012874 0.00031642 0.00022302 3.5797e-05 0.0012874
0.001284 0.00031581 0.00022902 3.4091e-05 0.0012859
0.0012807 0.00031527 0.0002306 3.2411e-05 0.0012845
0.0012773 0.00031469 0.00023208 3.0712e-05 0.001283
0.001274 0.00031407 0.00023345 2.8995e-05 0.0012815
0.0012707 0.0003135 0.00023498 2.73e-05 0.00128
0.0012674 0.0003129 0.0002364 2.5586e-05 0.0012785
0.0012641 0.00031225 0.00023772 2.3894e-05 0.0012771
0.0012608 0.00031158 0.00023895 2.2185e-05 0.0012756
0.0012576 0.00031095 0.00024033 2.0498e-05 0.0012742
0.0012543 0.00031029 0.00024161 1.8792e-05 0.0012727
0.001251 0.00030959 0.0002428 1.707e-05 0.0012712
0.0012476 0.00030886 0.00024389 1.533e-05 0.0012697
0.0012443 0.00030819 0.00024514 1.3613e-05 0.0012682
0.001241 0.00030748 0.0002463 1.3455e-05 0.0012667
0.0012377 0.00030683 0.00024766 1.3299e-05 0.0012652
0.0012344 0.00030615 0.00024892 1.3136e-05 0.0012637
0.0012311 0.00030552 0.00025034 1.2974e-05 0.0012622
0.0012279 0.00030495 0.00024944 1.2813e-05 0.0012608
0.0012248 0.00030443 0.00024868 1.2652e-05 0.0012595
0.0012216 0.00030381 0.00024807 1.2493e-05 0.0012581
0.0012183 0.00030316 0.00024734 1.2326e-05 0.0012568
0.001215 0.00030246 0.00024653 1.215e-05 0.0012554
0.0012117 0.00030188 0.00024562 1.1967e-05 0.001254
0.0012083 0.00030125 0.00024461 1.1786e-05 0.0012526
0.0012049 0.00030059 0.00024346 1.1596e-05 0.0012512
0.0012016 0.00029999 0.00024249 1.1409e-05 0.0012499
0.0011983 0.00029945 0.00024169 1.1223e-05 0.0012486
0.0011951 0.00029897 0.00024104 1.1039e-05 0.0012474
0.0011918 0.00029846 0.00024032 1.0847e-05 0.0012462
0.0011885 0.00029792 0.00023953 1.0649e-05 0.0012449
0.0011853 0.00029744 0.00023445 1.0451e-05 0.0012437
0.001182 0.00029693 0.00022924 1.0247e-05 0.0012424
0.0011788 0.00029646 0.0002243 1.0042e-05 0.0012412
0.0011756 0.00029598 0.00021936 9.8364e-06 0.0012401
0.0011724 0.0002955 0.00021441 9.6251e-06 0.0012389
0.0011692 0.00029502 0.00020946 9.4081e-06 0.0012377
0.001166 0.00029454 0.00020451 9.1897e-06 0.0012365
0.0011627 0.00029405 0.00019956 8.9657e-06 0.0012353
0.0011596 0.00029355 0.0001946 8.7402e-06 0.0012342
0.0011564 0.00029306 0.00018964 8.5132e-06 0.001233
0.0011532 0.00029256 0.00018468 8.2807e-06 0.0012319
0.0011501 0.00029206 0.00017971 8.0472e-06 0.0012308
0.0011469 0.00029155 0.00017475 7.808e-06 0.0012297
0.0011437 0.00029105 0.00016978 7.5679e-06 0.0012286
0.0011406 0.00029053 0.00016481 7.3272e-06 0.0012275
0.0011376 0.00029002 0.00015983 7.086e-06 0.0012265
0.0011346 0.0002895 0.00015486 6.8449e-06 0.0012256
0.0011316 0.00028898 0.00014988 6.6042e-06 0.0012247
0.0011286 0.00028845 0.0001449 6.3564e-06 0.0012237
0.0011255 0.00028792 0.00013991 6.1017e-06 0.0012228
0.0011225 0.00028739 0.00013493 5.8468e-06 0.0012218
0.0011196 0.00028686 0.00012994 5.5916e-06 0.001221
0.0011167 0.00028632 0.00012495 5.3358e-06 0.0012201
0.0011138 0.00028578 0.00011995 5.0735e-06 0.0012193
0.0011109 0.00028523 0.00011496 4.8044e-06 0.0012184
0.0011081 0.00028468 0.00010996 4.5356e-06 0.0012175
0.0011053 0.00028413 0.00010496 4.2603e-06 0.0012167
0.0011025 0.00028363 0.00010029 3.9849e-06 0.0012158
0.0010997 0.0002831 9.5464e-05 3.7029e-06 0.001215
0.0010969 0.00028253 9.045e-05 3.4135e-06 0.0012141
0.001094 0.00028194 8.5223e-05 3.1166e-06 0.0012132
0.0010911 0.0002813 8.103e-05 2.8209e-06 0.0012123
0.0010882 0.00028073 7.7174e-05 2.5175e-06 0.0012115
0.0010854 0.00028021 7.3629e-05 2.2151e-06 0.0012106
0.0010826 0.00027967 6.9934e-05 2.2687e-06 0.0012097
0.0010799 0.00027918 6.6535e-05 2.3161e-06 0.0012088
0.0010772 0.00027873 6.3339e-05 2.3605e-06 0.0012079
0.0010745 0.00027827 6.009e-05 2.3997e-06 0.001207
0.0010718 0.00027784 5.6995e-05 2.4356e-06 0.0012061
0.0010691 0.0002774 5.3849e-05 2.4663e-06 0.0012052
0.0010664 0.00027699 5.0852e-05 2.4937e-06 0.0012044
0.0010637 0.00027662 4.7996e-05 2.5178e-06 0.0012035
0.0010611 0.00027623 4.5097e-05 2.5367e-06 0.0012027
0.0010584 0.00027586 4.2315e-05 2.552e-06 0.0012019
0.0010557 0.00027549 3.9486e-05 2.5622e-06 0.0012011
0.0010531 0.00027514 3.679e-05 2.569e-06 0.0012003
0.0010504 0.00027483 3.4218e-05 2.5726e-06 0.0011995
0.0010478 0.00027454 3.1749e-05 2.5727e-06 0.0011988
0.0010452 0.00027424 2.9238e-05 2.5693e-06 0.0011981
0.0010426 0.00027393 2.6689e-05 2.5607e-06 0.0011974
0.00104 0.00027364 2.424e-05 2.5486e-06 0.0011967
0.0010374 0.00027335 2.1755e-05 2.5313e-06 0.001196
0.0010347 0.00027303 1.9231e-05 2.5087e-06 0.0011952
0.0010321 0.00027277 1.6858e-05 2.4833e-06 0.0011946
0.0010295 0.00027253 1.4611e-05 2.455e-06 0.0011939
0.0010269 0.00027228 1.2298e-05 2.424e-06 0.0011934
0.0010244 0.00027207 1.013e-05 2.3902e-06 0.0011928
0.0010218 0.00027183 7.8794e-06 2.3506e-06 0.0011922
0.0010192 0.00027156 5.5443e-06 2.305e-06 0.0011916
0.0010166 0.00027126 5.1732e-06 2.6298e-06 0.0011909
0.0010141 0.000271 4.8217e-06 2.9543e-06 0.0011903
0.0010116 0.00027077 4.4836e-06 3.2778e-06 0.0011897
0.0010091 0.00027057 4.1613e-06 3.6008e-06 0.0011891
0.0010066 0.00027036 3.8234e-06 3.9177e-06 0.0011885
0.0010042 0.00027019 3.5012e-06 4.2342e-06 0.0011879
0.0010017 0.00027007 3.1988e-06 4.5433e-06 0.0011873
0.00099923 0.00027 2.9119e-06 4.8525e-06 0.0011868
0.00099674 0.0002699 2.6052e-06 5.1544e-06 0.0011862
0.00099429 0.00026984 2.3165e-06 5.4567e-06 0.0011857
0.00099189 0.00026983 2.0454e-06 5.7602e-06 0.0011852
0.00098953 0.00026987 1.7901e-06 6.0649e-06 0.0011848
0.00098721 0.00026988 1.8852e-06 6.3619e-06 0.0011843
0.00098488 0.00026987 1.97e-06 6.6532e-06 0.0011838
0.00098257 0.00026989 2.0553e-06 6.9432e-06 0.0011834
0.00098024 0.0002699 2.1303e-06 7.2274e-06 0.0011829
0.00097794 0.00026994 2.2071e-06 7.5109e-06 0.0011825
0.00097562 0.00026996 2.2737e-06 7.7888e-06 0.001182
0.00097329 0.00026998 2.3304e-06 8.061e-06 0.0011815
0.00097098 0.00027002 2.389e-06 8.3326e-06 0.0011811
0.00096866 0.00027005 2.4373e-06 8.5984e-06 0.0011807
0.00096632 0.00027007 2.4756e-06 8.8586e-06 0.0011802
0.000964 0.00027011 2.5146e-06 9.1175e-06 0.0011798
0.00096167 0.00027014 2.5433e-06 9.3707e-06 0.0011793
0.00095932 0.00027015 2.5617e-06 9.6181e-06 0.0011789
0.000957 0.0002702 2.5823e-06 9.8649e-06 0.0011784
0.00095465 0.00027022 2.5897e-06 1.0105e-05 0.001178
0.00095227 0.00027032 2.8512e-06 1.0346e-05 0.0011776
0.00094985 0.00027038 3.0915e-06 1.0579e-05 0.0011772
0.00094741 0.00027041 3.3125e-06 1.0814e-05 0.0011768
0.00094493 0.00027049 3.5524e-06 1.1041e-05 0.0011764
0.00094247 0.00027061 3.7992e-06 1.1267e-05 0.001176
0.00093999 0.0002707 4.0339e-06 1.1487e-05 0.0011756
0.0009375 0.00027079 4.2566e-06 1.1701e-05 0.0011751
0.00093499 0.00027086 4.4672e-06 1.191e-05 0.0011747
0.00093247 0.00027092 4.6657e-06 1.2113e-05 0.0011742
0.00092993 0.00027096 4.8518e-06 1.231e-05 0.0011738
0.00092738 0.00027104 5.0262e-06 1.2501e-05 0.0011733
0.00092481 0.00027111 5.1891e-06 1.2687e-05 0.0011728
0.00092222 0.00027116 5.342e-06 1.2867e-05 0.0011723
0.00091966 0.00027125 5.5009e-06 1.3046e-05 0.0011718
0.00091708 0.00027131 5.6476e-06 1.3219e-05 0.0011713
0.00091446 0.00027143 5.8134e-06 1.3393e-05 0.0011709
0.00091184 0.00027153 5.9669e-06 1.3562e-05 0.0011704
0.00090923 0.00027167 6.1293e-06 1.373e-05 0.00117
0.00090661 0.00027179 6.2801e-06 1.3892e-05 0.0011695
0.00090398 0.0002719 6.4194e-06 1.4049e-05 0.0011691
0.00090134 0.00027199 6.547e-06 1.42e-05 0.0011686
0.00089871 0.00027212 6.6837e-06 1.435e-05 0.0011682
0.00089611 0.00027228 6.8273e-06 1.4499e-05 0.0011678
0.00089349 0.00027242 6.9586e-06 1.4643e-05 0.0011673
0.00089086 0.00027254 7.0781e-06 1.4781e-05 0.0011669
0.00088826 0.0002727 7.2074e-06 1.4918e-05 0.0011665
0.00088563 0.00027284 7.3225e-06 1.5049e-05 0.0011661
0.00088297 0.00027296 7.4172e-06 1.5172e-05 0.0011656
0.00088036 0.00027311 7.5292e-06 1.5298e-05 0.0011652
0.00087772 0.00027333 7.6634e-06 1.5426e-05 0.0011649
0.00087512 0.00027346 7.8164e-06 1.5555e-05 0.0011646
0.0008725 0.00027357 7.9571e-06 1.5679e-05 0.0011643
0.00086991 0.00027372 8.1085e-06 1.5802e-05 0.001164
0.00086734 0.0002739 8.271e-06 1.5924e-05 0.0011637
0.0008648 0.0002741 8.445e-06 1.6046e-05 0.0011635
0.00086224 0.0002743 8.6061e-06 1.6162e-05 0.0011633
0.00085967 0.00027448 8.7544e-06 1.6273e-05 0.0011631
0.00085711 0.00027469 8.9115e-06 1.6382e-05 0.0011628
0.00085458 0.00027492 9.0778e-06 1.649e-05 0.0011627
0.00085206 0.00027518 9.2535e-06 1.6597e-05 0.0011625
0.00084953 0.00027543 9.4169e-06 1.6699e-05 0.0011623
0.00084699 0.00027566 9.5671e-06 1.6795e-05 0.0011621
0.00084442 0.00027588 9.7018e-06 1.689e-05 0.001162
0.00084188 0.00027612 9.8467e-06 1.6985e-05 0.0011618
0.00083932 0.00027635 9.9787e-06 1.7074e-05 0.0011617
0.00083674 0.00027662 1.0121e-05 1.7162e-05 0.0011616
0.00083419 0.00027691 1.0277e-05 1.7249e-05 0.0011615
0.00083162 0.0002772 1.0419e-05 1.7331e-05 0.0011614
0.00082908 0.00027751 1.0577e-05 1.7413e-05 0.0011613
0.00082651 0.0002778 1.078e-05 1.7497e-05 0.0011613
0.0008239 0.00027805 1.0957e-05 1.7573e-05 0.0011613
0.00082134 0.00027835 1.1161e-05 1.7651e-05 0.0011613
0.00081881 0.0002787 1.1395e-05 1.7731e-05 0.0011614
0.00081631 0.00027909 1.1645e-05 1.781e-05 0.0011615
0.00081384 0.00027951 1.191e-05 1.7881e-05 0.0011615
0.00081134 0.00027991 1.2161e-05 1.7946e-05 0.0011616
0.00080887 0.00028035 1.2428e-05 1.8011e-05 0.0011616
0.00080643 0.00028082 1.2713e-05 1.8075e-05 0.0011617
0.000804 0.00028132 1.3016e-05 1.8139e-05 0.0011619
0.00080156 0.00028181 1.3304e-05 1.8197e-05 0.001162
0.00079914 0.00028233 1.3611e-05 1.8255e-05 0.0011621
0.00079675 0.00028288 1.3934e-05 1.8311e-05 0.0011623
0.00079437 0.00028346 1.4273e-05 1.8367e-05 0.0011625
0.00079196 0.000284 1.4577e-05 1.8415e-05 0.0011627
0.00078953 0.00028453 1.4865e-05 1.8457e-05 0.0011628
0.00078709 0.00028504 1.5137e-05 1.8494e-05 0.001163
0.00078463 0.00028558 1.543e-05 1.8524e-05 0.0011631
0.00078216 0.00028612 1.5708e-05 1.8549e-05 0.0011632
0.00077971 0.00028668 1.6007e-05 1.8573e-05 0.0011634
0.00077725 0.00028724 1.629e-05 1.8592e-05 0.0011635
0.0007748 0.00028782 1.659e-05 1.861e-05 0.0011636
0.00077237 0.00028843 1.6907e-05 1.8626e-05 0.0011638
0.00076996 0.00028907 1.7241e-05 1.8642e-05 0.001164
0.00076753 0.00028969 1.756e-05 1.8652e-05 0.0011642
0.00076509 0.0002903 1.7863e-05 1.8656e-05 0.0011644
0.00076267 0.00029094 1.8184e-05 1.866e-05 0.0011646
0.00076023 0.00029157 1.8489e-05 1.8657e-05 0.0011648
0.00075777 0.00029218 1.8779e-05 1.8649e-05 0.001165
0.00075534 0.00029282 1.9091e-05 1.864e-05 0.0011652
0.00075294 0.00029351 1.943e-05 1.8632e-05 0.0011654
0.0007505 0.00029426 1.9165e-05 1.8626e-05 0.0011657
0.0007481 0.00029507 1.8941e-05 1.8622e-05 0.0011661
0.00074567 0.00029585 1.8688e-05 1.862e-05 0.0011665
0.00074321 0.00029659 1.8409e-05 1.861e-05 0.0011669
0.00074079 0.0002974 1.8167e-05 1.7908e-05 0.0011673
0.00073841 0.00029826 1.7954e-05 1.7213e-05 0.0011678
0.00073599 0.00029908 1.7714e-05 1.6507e-05 0.0011683
0.00073355 0.00029987 1.7445e-05 1.6726e-05 0.0011687
0.00073107 0.00030063 1.7147e-05 1.6937e-05 0.001169
0.00072863 0.00030144 1.6883e-05 1.7149e-05 0.0011694
0.00072616 0.00030221 1.6587e-05 1.7353e-05 0.0011698
0.00072365 0.00030294 1.6259e-05 1.7548e-05 0.0011701
0.00072119 0.00030374 1.5971e-05 1.7747e-05 0.0011705
0.00071877 0.00030449 1.5643e-05 1.7937e-05 0.0011709
0.00071632 0.00030514 1.5355e-05 1.813e-05 0.0011713
0.00071383 0.00030574 1.5039e-05 1.8315e-05 0.0011717
0.00071132 0.00030632 1.5708e-05 1.8502e-05 0.0011721
0.00070878 0.00030694 1.6427e-05 1.8691e-05 0.0011726
0.00070626 0.00030759 1.7176e-05 1.8879e-05 0.0011731
0.00070376 0.00030829 1.7963e-05 1.9068e-05 0.0011736
0.00070124 0.00030896 1.8731e-05 1.9251e-05 0.0011742
0.00069871 0.00030962 1.9479e-05 1.9428e-05 0.0011747
0.0006962 0.00031032 2.0265e-05 1.9605e-05 0.0011752
0.00069368 0.00031101 2.103e-05 1.9776e-05 0.0011757
0.00069118 0.00031173 2.1837e-05 1.9948e-05 0.0011763
0.00068865 0.0003125 2.2707e-05 2.0121e-05 0.0011769
0.00068616 0.00031334 2.3656e-05 2.0298e-05 0.0011776
0.00068364 0.00031415 2.4568e-05 2.0468e-05 0.0011782
0.00068116 0.00031502 2.5545e-05 2.0639e-05 0.0011789
0.00067865 0.00031586 2.649e-05 2.0804e-05 0.0011796
0.00067618 0.00031675 2.7501e-05 2.097e-05 0.0011803
0.00067375 0.00031771 2.8607e-05 2.1128e-05 0.0011809
0.00067135 0.00031874 2.9816e-05 2.1289e-05 0.0011817
0.00066893 0.00031973 3.096e-05 2.1442e-05 0.0011824
0.00066649 0.0003207 3.2067e-05 2.1588e-05 0.001183
0.00066407 0.0003217 3.3232e-05 2.1734e-05 0.0011837
0.00066163 0.00032268 3.4362e-05 2.1873e-05 0.0011844
0.00065921 0.00032371 3.5556e-05 2.2013e-05 0.0011851
0.00065683 0.0003248 3.6861e-05 2.2144e-05 0.0011858
0.00065449 0.00032597 3.8287e-05 2.2279e-05 0.0011866
0.00065219 0.00032722 3.9844e-05 2.2418e-05 0.0011873
0.00064993 0.00032853 4.1541e-05 2.256e-05 0.0011882
0.00064764 0.00032981 4.3164e-05 2.2693e-05 0.001189
0.00064532 0.00033105 4.4713e-05 2.2829e-05 0.0011899
0.00064304 0.00033237 4.6406e-05 2.2956e-05 0.0011907
0.00064073 0.00033364 4.8013e-05 2.3087e-05 0.0011916
0.00063845 0.00033487 4.9527e-05 2.321e-05 0.0011925
0.00063614 0.00033607 5.097e-05 2.3324e-05 0.0011933
0.00063387 0.00033733 5.255e-05 2.3442e-05 0.0011942
0.00063163 0.00033868 5.4278e-05 2.3564e-05 0.0011951
0.00062937 0.00033998 5.5918e-05 2.3677e-05 0.0011961
0.00062714 0.00034135 5.7688e-05 2.3792e-05 0.001197
0.00062487 0.00034267 5.9378e-05 2.3899e-05 0.0011979
0.00062263 0.00034404 6.1147e-05 2.4007e-05 0.0011989
0.00062037 0.00034539 6.2881e-05 2.4108e-05 0.0011998
0.00061812 0.00034678 6.4693e-05 2.4209e-05 0.0012008
0.00061586 0.00034815 6.6473e-05 2.4304e-05 0.0012017
0.00061359 0.00034951 6.8222e-05 2.4393e-05 0.0012027
0.00061133 0.0003509 7.005e-05 2.4482e-05 0.0012037
0.00060906 0.00035228 7.1842e-05 2.4565e-05 0.0012046
0.0006068 0.0003537 7.3731e-05 2.4649e-05 0.0012056
0.00060457 0.00035517 7.5721e-05 2.4733e-05 0.0012066
0.00060232 0.00035663 7.7668e-05 2.4811e-05 0.0012076
0.00060009 0.00035814 7.9749e-05 2.489e-05 0.0012087
0.0005979 0.00035973 8.202e-05 2.4974e-05 0.0012098
0.00059569 0.00036129 8.4195e-05 2.5061e-05 0.0012109
0.00059344 0.0003628 8.6277e-05 2.5151e-05 0.0012122
0.00059124 0.00036439 8.8549e-05 2.5244e-05 0.0012134
0.000589 0.00036594 9.0717e-05 2.5329e-05 0.0012147
0.0005868 0.00036757 9.3078e-05 2.5417e-05 0.001216
0.00058463 0.00036929 9.5651e-05 2.551e-05 0.0012173
0.00058243 0.00037096 9.8114e-05 2.5594e-05 0.0012187
0.00058021 0.00037258 0.00010047 2.5669e-05 0.00122
0.00057802 0.00037429 0.00010304 2.5748e-05 0.0012213
0.00057581 0.00037596 0.00011871 2.5819e-05 0.0012226
0.00057361 0.00037768 0.00013529 2.5891e-05 0.001224
0.0005714 0.00037938 0.00015162 2.5957e-05 0.0012253
0.00056921 0.00038113 0.00016868 2.6022e-05 0.0012267
0.000567 0.00038286 0.00018547 2.6082e-05 0.001228
0.0005648 0.00038465 0.00020317 2.6135e-05 0.0012294
0.00056259 0.00038642 0.00022045 2.6181e-05 0.0012307
0.00056036 0.00038815 0.00023734 2.622e-05 0.001232
0.00055816 0.00038997 0.00025545 2.6261e-05 0.0012333
0.00055599 0.00039187 0.00027507 2.6294e-05 0.0012346
0.00055381 0.00039375 0.00029433 2.6321e-05 0.0012359
0.00055164 0.00039569 0.00031452 2.6348e-05 0.0012372
0.00054945 0.0003976 0.00033442 2.6368e-05 0.0012385
0.00054729 0.00039957 0.00035533 2.639e-05 0.0012398
0.00054511 0.00040152 0.00037597 2.6405e-05 0.0012412
0.00054294 0.00040352 0.00039751 2.6421e-05 0.0012425
0.00054079 0.00040557 0.00042005 2.6436e-05 0.0012439
0.00053866 0.00040769 0.00043892 2.6453e-05 0.0012453
0.00053651 0.00040977 0.00045731 2.6463e-05 0.0012467
0.00053439 0.00041194 0.00047702 2.6475e-05 0.0012482
0.00053224 0.00041216 0.00049382 2.6492e-05 0.0012497
0.00053011 0.00041242 0.00051173 2.651e-05 0.0012512
0.00052796 0.00041265 0.00052902 2.652e-05 0.0012528
0.00052578 0.00041285 0.00054567 2.6521e-05 0.0012543
0.00052364 0.00041311 0.00056377 2.6527e-05 0.0012558
0.00052146 0.00041344 0.00058344 2.6537e-05 0.0012574
0.0005193 0.00041381 0.00060399 2.6547e-05 0.0012591
0.00051716 0.00041422 0.00062542 2.6556e-05 0.0012608
0.00051499 0.00041461 0.00064659 2.656e-05 0.0012624
0.00051282 0.00041503 0.00066868 2.6564e-05 0.0012641
0.00051063 0.00041544 0.00069048 2.6562e-05 0.0012658
0.00050842 0.00041583 0.00071198 2.6553e-05 0.0012675
0.00050623 0.00041626 0.00073441 2.6545e-05 0.0012692
0.00050402 0.00041667 0.00075657 2.6531e-05 0.0012709
0.0005018 0.00041707 0.00077843 2.6511e-05 0.0012725
0.0004996 0.0004175 0.0008014 2.6491e-05 0.0012742
0.00049741 0.00041798 0.00082538 2.6472e-05 0.001276
0.0004952 0.00041843 0.000849 2.6446e-05 0.0012777
0.00049302 0.00041924 0.00086857 2.6412e-05 0.0012794
0.00049086 0.0004201 0.00087202 2.6379e-05 0.0012811
0.00048871 0.000421 0.00087569 2.6346e-05 0.0012829
0.00048658 0.00042194 0.0008796 2.6314e-05 0.0012847
0.00048447 0.00042292 0.00088377 2.6282e-05 0.0012865
0.00048237 0.00042395 0.00088821 2.6251e-05 0.0012884
0.00048026 0.00042496 0.0008925 2.6213e-05 0.0012902
0.00047813 0.00042595 0.0008967 2.6169e-05 0.0012921
0.00047597 0.0004269 0.00090066 2.6117e-05 0.0012938
0.00047384 0.00042792 0.00090508 2.6068e-05 0.0012957
0.00047175 0.0004289 0.00090926 2.6011e-05 0.0012975
0.00046962 0.00042984 0.00091312 2.5945e-05 0.0012993
0.00046753 0.00043086 0.00091744 2.5887e-05 0.0013012
0.00046543 0.00043186 0.00092167 2.5823e-05 0.0013031
0.00046334 0.0004329 0.00092614 2.5759e-05 0.001305
0.00046126 0.00043398 0.00093086 2.5694e-05 0.0013069
0.00045916 0.00043504 0.00093549 2.5624e-05 0.0013088
0.00045708 0.00043614 0.00094036 2.5553e-05 0.0013108
0.00045501 0.00043723 0.00094514 2.5477e-05 0.0013127
0.00045296 0.00043835 0.00095018 2.54e-05 0.0013147
0.00045089 0.00043946 0.00095512 2.5317e-05 0.0013167
0.00044879 0.00044062 0.00096044 2.5236e-05 0.0013187
0.00044673 0.00044185 0.00096621 2.5157e-05 0.0013207
0.00044468 0.00044315 0.00097246 2.5081e-05 0.0013228
0.00044267 0.00044453 0.00097302 2.5008e-05 0.001325
0.00044062 0.00044586 0.00097341 2.4926e-05 0.0013271
0.0004386 0.00044726 0.00097407 2.4846e-05 0.0013293
0.00043661 0.00044874 0.00097505 2.4758e-05 0.0013315
0.0004346 0.00045021 0.00097594 2.4663e-05 0.0013336
0.00043261 0.00045173 0.00097705 2.4569e-05 0.0013358
0.00043064 0.00045331 0.00097835 2.4475e-05 0.001338
0.00042868 0.00045493 0.00097984 2.4383e-05 0.0013402
0.00042673 0.00045662 0.00098153 2.429e-05 0.0013425
0.0004248 0.00045835 0.00098339 2.4197e-05 0.0013449
0.00042285 0.00046006 0.00098519 2.4099e-05 0.0013472
0.00042091 0.00046182 0.00098719 2.4e-05 0.0013495
0.00041896 0.00046357 0.00098913 2.3896e-05 0.0013518
0.00041703 0.00046536 0.00099125 2.3792e-05 0.0013542
0.00041507 0.00046714 0.0009933 2.3682e-05 0.0013566
0.00041313 0.00046896 0.00099554 2.3571e-05 0.0013589
0.00041118 0.00047076 0.0009977 2.3454e-05 0.0013613
0.0004092 0.00047255 0.0009998 2.3332e-05 0.0013637
0.00040725 0.00047439 0.00099467 2.321e-05 0.0013661
0.00040527 0.00047621 0.00098944 2.3082e-05 0.0013684
0.00040332 0.00047809 0.00098452 2.2954e-05 0.0013709
0.00040134 0.00047994 0.00097951 2.2826e-05 0.0013733
0.00039938 0.00048185 0.00097476 2.2698e-05 0.0013758
0.00039744 0.00048381 0.00097025 2.2569e-05 0.0013783
0.0003955 0.00048582 0.00096599 2.244e-05 0.0013809
0.00039357 0.00048788 0.00096194 2.2311e-05 0.0013835
0.00039163 0.00048992 0.00095783 2.2175e-05 0.0013861
0.0003897 0.00049202 0.00095394 2.204e-05 0.0013887
0.00038775 0.00049409 0.00094997 2.1898e-05 0.0013913
0.00038582 0.00049623 0.00094626 2.1757e-05 0.0013939
0.0003839 0.00049841 0.00094276 2.1615e-05 0.0013966
0.00038197 0.00050058 0.00093918 2.1468e-05 0.0013992
0.00038004 0.00050281 0.00093585 2.132e-05 0.0014019
0.00037813 0.0005051 0.00093274 2.1173e-05 0.0014047
0.00037621 0.00050737 0.00092957 2.102e-05 0.0014074
0.0003743 0.00050971 0.00092663 2.0867e-05 0.0014102
0.00037239 0.0005121 0.00092387 2.0714e-05 0.001413
0.00037048 0.00051457 0.00092133 2.056e-05 0.0014158
0.00036858 0.00051709 0.00091901 2.0407e-05 0.0014187
0.00036666 0.0005196 0.00091662 2.0249e-05 0.0014216
0.00036475 0.00052217 0.00091441 2.0089e-05 0.0014245
0.00036283 0.00052472 0.00091214 1.9924e-05 0.0014274
0.00036092 0.00052732 0.00091004 1.9759e-05 0.0014303
0.00035899 0.0005299 0.00090787 1.9587e-05 0.0014332
0.00035708 0.00053256 0.00090591 1.9416e-05 0.0014362
0.00035518 0.00053531 0.00090422 1.9246e-05 0.0014392
0.00035331 0.00053815 0.00090276 1.9078e-05 0.0014423
0.00035141 0.00054095 0.00090119 1.8902e-05 0.0014454
0.00034953 0.0005436 0.0009 1.8728e-05 0.0014485
0.00034763 0.00054619 0.00089864 1.8546e-05 0.0014515
0.00034576 0.0005489 0.00089759 1.8367e-05 0.0014547
0.00034386 0.00055154 0.0008964 1.8192e-05 0.0014579
0.00034193 0.00055413 0.00089506 1.8008e-05 0.0014611
0.00033999 0.00055667 0.00089359 1.7817e-05 0.0014642
0.00033806 0.00055932 0.0008924 1.7628e-05 0.0014675
0.00033612 0.00056193 0.0008911 1.7432e-05 0.0014707
0.00033415 0.00056448 0.00088967 1.7228e-05 0.0014738
0.00033221 0.00056713 0.00088849 1.7026e-05 0.001477
0.00033027 0.00056986 0.0008875 1.6824e-05 0.0014803
0.00032832 0.00057256 0.00088643 1.6616e-05 0.0014835
0.00032639 0.00057536 0.00088557 1.6409e-05 0.0014868
0.00032444 0.00057813 0.00088465 1.6195e-05 0.0014901
0.00032247 0.00058088 0.00088366 1.5976e-05 0.0014934
0.00032053 0.00058373 0.0008829 1.5758e-05 0.0014967
0.00031859 0.00058665 0.00088233 1.554e-05 0.0015001
0.00031664 0.00058954 0.00088167 1.5315e-05 0.0015034
0.00031467 0.00059238 0.0008809 1.5083e-05 0.0015067
0.00031272 0.00059518 0.00088002 1.5826e-05 0.00151
0.00031079 0.00059792 0.00087902 1.656e-05 0.0015133
0.00030888 0.00060077 0.00087828 1.7301e-05 0.0015166
0.000307 0.00060037 0.00087784 1.8052e-05 0.0015199
0.00030514 0.00060005 0.0008777 1.8813e-05 0.0015234
0.00030326 0.00059969 0.00087737 1.9563e-05 0.0015268
0.00030135 0.00059929 0.0008777 2.0303e-05 0.0015302
0.00029947 0.00059897 0.00087832 2.1053e-05 0.0015337
0.00029761 0.00059873 0.00087432 2.1811e-05 0.0015372
0.00029573 0.00059844 0.00087007 2.2557e-05 0.0015407
0.00029386 0.00059823 0.00086627 2.3314e-05 0.0015443
0.00029203 0.00059446 0.00086282 2.408e-05 0.0015479
0.00029021 0.00059085 0.00085976 2.4856e-05 0.0015516
0.00028841 0.00058735 0.00085698 2.564e-05 0.0015554
0.00028663 0.00058399 0.00085448 2.6414e-05 0.0015592
0.00028483 0.0005806 0.00085191 2.7181e-05 0.0015629
0.00028305 0.0005773 0.00084955 2.7954e-05 0.0015667
0.00028127 0.00057407 0.00084736 2.873e-05 0.0015705
0.00027948 0.00057082 0.00084511 2.9499e-05 0.0015743
0.00027769 0.00056763 0.00084303 3.0273e-05 0.0015782
0.00027589 0.00056441 0.00084088 3.1039e-05 0.001582
0.0002741 0.00056126 0.0008389 3.1809e-05 0.0015859
0.00027229 0.00055808 0.00083686 3.2573e-05 0.0015898
0.00027049 0.00055497 0.00083499 3.3341e-05 0.0015937
0.00026868 0.00055184 0.00083305 3.4102e-05 0.0015976
0.00026688 0.00054879 0.00083131 3.4868e-05 0.0016015
0.00026508 0.00054581 0.00082975 3.564e-05 0.0016055
0.00026331 0.00054279 0.00082807 3.6402e-05 0.0016095
0.00026155 0.00053985 0.0008266 3.7171e-05 0.0016135
0.0002598 0.00053701 0.00082537 3.7947e-05 0.0016175
0.00025803 0.00053414 0.00082407 3.8716e-05 0.0016216
0.00025625 0.00053124 0.0008227 3.9478e-05 0.0016256
0.00025448 0.00052832 0.00082127 4.0233e-05 0.0016297
0.00025272 0.00052547 0.00082003 4.0994e-05 0.0016337
0.00025094 0.0005226 0.00081873 4.1748e-05 0.0016378
0.00024915 0.0005197 0.00081737 4.2495e-05 0.0016418
0.00024737 0.00051688 0.00081619 4.3248e-05 0.0016459
0.00024558 0.00051404 0.00081495 4.3994e-05 0.00165
0.0002438 0.0005113 0.00081397 4.475e-05 0.0016541
0.000242 0.00050853 0.00081289 4.5498e-05 0.0016583
0.00024019 0.00050572 0.00081174 4.6237e-05 0.0016623
0.00023839 0.00049498 0.00081004 4.6985e-05 0.0016665
0.00023658 0.00048415 0.00080825 4.7724e-05 0.0016706
0.00023475 0.00047325 0.00080638 4.8455e-05 0.0016748
0.00023293 0.00046218 0.00080438 4.9176e-05 0.0016788
0.0002311 0.000451 0.00080226 4.9887e-05 0.0016829
0.00022929 0.00044014 0.0008004 5.0608e-05 0.001687
0.00022745 0.00042969 0.00079882 5.1339e-05 0.0016912
0.0002256 0.00041918 0.00079717 5.2063e-05 0.0016953
0.00022374 0.00040862 0.00079546 5.278e-05 0.0016995
0.00022188 0.00039828 0.00079394 5.3503e-05 0.0017037
0.00022004 0.00038816 0.00078098 5.4232e-05 0.001708
0.0002182 0.00037822 0.00076857 5.4966e-05 0.0017123
0.00021634 0.00036824 0.00075601 5.5693e-05 0.0017166
0.0002145 0.00035846 0.00074405 5.6427e-05 0.0017209
0.00021266 0.0003489 0.00073269 5.7167e-05 0.0017253
0.00021084 0.00033959 0.00072201 5.7916e-05 0.0017298
0.00020899 0.00033012 0.0007107 5.8652e-05 0.0017342
0.00020716 0.00032093 0.00070017 5.9399e-05 0.0017387
0.00020534 0.00031201 0.00069036 6.0158e-05 0.0017362
0.00020354 0.00030333 0.00068117 6.0927e-05 0.0017338
0.00020175 0.00029487 0.00067251 6.1705e-05 0.0017314
0.00019997 0.000286 0.00066445 6.2494e-05 0.0017291
0.00019818 0.00027703 0.00065617 6.3274e-05 0.0017267
0.00019636 0.00026796 0.00064766 6.4043e-05 0.0017244
0.00019457 0.00025718 0.00064081 6.48e-05 0.001722
0.00019278 0.00024665 0.00063434 6.5564e-05 0.0017196
0.00019101 0.00023632 0.00062816 6.6334e-05 0.0017173
0.00018921 0.00022593 0.00062188 6.7097e-05 0.0017149
0.00018741 0.00021548 0.00061552 6.7853e-05 0.0017126
0.00018561 0.00020526 0.00060948 6.8617e-05 0.0017103
0.00018379 0.00019498 0.00060335 6.9373e-05 0.001708
0.00018197 0.00018465 0.00059713 7.0122e-05 0.0017056
0.00018013 0.00017426 0.00059082 7.0865e-05 0.0017033
0.00017829 0.0001641 0.00058483 7.1615e-05 0.0017009
0.00017645 0.00015415 0.00057916 7.2371e-05 0.0016987
0.00017461 0.00014438 0.00057375 7.3134e-05 0.0016964
0.00017275 0.00013455 0.00056824 7.389e-05 0.0016942
0.00017089 0.00012467 0.00056264 7.4638e-05 0.0016919
0.00016901 0.00011474 0.00055697 7.538e-05 0.0016897
0.00016711 0.00010476 0.00055121 7.6114e-05 0.0016874
0.00016522 9.4991e-05 0.00054575 7.6857e-05 0.0016851
0.00016332 8.5166e-05 0.00054021 7.7592e-05 0.0016828
0.00016141 8.4234e-05 0.00053458 7.832e-05 0.0016806
0.00015948 8.3279e-05 0.00052887 7.9041e-05 0.0016783
0.00015754 8.2313e-05 0.00052308 7.9756e-05 0.001676
0.0001556 8.13e-05 0.00051759 8.0478e-05 0.0016737
0.00015367 8.0308e-05 0.00051234 8.1205e-05 0.0016715
0.00015175 7.9335e-05 0.00050733 8.1939e-05 0.0016693
0.00014983 7.8382e-05 0.00050255 8.2678e-05 0.0016671
0.0001479 7.7416e-05 0.00049769 8.3411e-05 0.0016649
0.00014597 7.6474e-05 0.00049309 8.4151e-05 0.0016628
0.00014403 7.5522e-05 0.00048841 8.4884e-05 0.0016607
0.0001421 7.4591e-05 0.00048399 8.5624e-05 0.0016586
0.00014017 7.3684e-05 0.00047981 8.6373e-05 0.0016565
0.00013825 7.2803e-05 0.00046172 8.7131e-05 0.0016545
0.00013632 7.1903e-05 0.0004432 8.788e-05 0.0016525
0.0001344 7.1034e-05 0.00042578 8.864e-05 0.0016505
0.00013245 7.014e-05 0.0004077 8.9385e-05 0.0016485
0.00013051 6.9266e-05 0.00039039 9.0138e-05 0.0016465
0.00012858 6.8408e-05 0.00037379 9.0896e-05 0.0016446
0.00012665 6.7568e-05 0.00035787 9.1662e-05 0.0016427
0.00012472 6.6745e-05 0.0003426 9.2433e-05 0.0016408
0.0001228 6.5938e-05 0.00032795 9.3211e-05 0.001639
0.00012086 6.5121e-05 0.00031312 9.3982e-05 0.0016371
0.00011893 6.4323e-05 0.000299 9.4762e-05 0.0016353
0.00011701 6.3545e-05 0.00028555 9.555e-05 0.0016335
0.00011509 6.2783e-05 0.00027264 9.6345e-05 0.0016318
0.00011316 6.201e-05 0.00025956 9.7132e-05 0.00163
0.00011121 6.1226e-05 0.00024629 9.7912e-05 0.0016283
0.00010926 6.0457e-05 0.00023358 9.8699e-05 0.0016266
0.00010731 5.9679e-05 0.0002207 9.9479e-05 0.0016248
0.00010535 5.8916e-05 0.00020836 0.00010027 0.0016231
0.00010341 5.8169e-05 0.00019653 0.00010106 0.0016214
0.00010146 5.7437e-05 0.00018519 0.00010186 0.0016198
9.95e-05 5.6694e-05 0.00017368 0.00010265 0.0016181
9.7545e-05 5.5966e-05 0.00016264 0.00010346 0.0016165
9.5575e-05 5.5228e-05 0.00015145 0.00010425 0.0016149
9.3611e-05 5.4507e-05 0.0001408 0.00010505 0.0016133
9.1657e-05 5.3809e-05 0.00013079 0.00010587 0.0016118
8.9687e-05 5.3135e-05 0.00012138 0.00010669 0.0016103
8.7699e-05 5.2445e-05 0.00011173 0.00010751 0.0016088
8.5688e-05 5.1713e-05 0.00010166 0.00010831 0.0016072
8.3656e-05 5.0959e-05 9.1189e-05 0.0001091 0.0016056
8.1635e-05 5.023e-05 8.1392e-05 0.0001099 0.0016041
7.9593e-05 4.9481e-05 7.9941e-05 0.00011069 0.0016025
7.7537e-05 4.872e-05 7.8454e-05 0.00011147 0.0016009
7.5466e-05 4.7948e-05 7.6931e-05 0.00011225 0.0015993
7.34e-05 4.7191e-05 7.5481e-05 0.00011112 0.0015978
7.1319e-05 4.6423e-05 7.3998e-05 0.00010998 0.0015962
6.9244e-05 4.5672e-05 7.2596e-05 0.00010886 0.0015946
6.7172e-05 4.4935e-05 7.1257e-05 0.00010774 0.0015931
6.5086e-05 4.4188e-05 6.9889e-05 0.00010662 0.0015916
6.2987e-05 4.343e-05 6.849e-05 0.00010549 0.0015901
6.0874e-05 4.2689e-05 6.7167e-05 0.00010435 0.0015885
5.8766e-05 4.1965e-05 6.5916e-05 0.00010322 0.001587
5.6663e-05 4.1256e-05 6.4733e-05 0.00010211 0.0015855
5.4547e-05 4.0538e-05 6.3525e-05 0.00010098 0.0015841
5.2436e-05 3.9835e-05 6.2384e-05 9.987e-05 0.0015826
5.0312e-05 3.9122e-05 6.1215e-05 9.8749e-05 0.0015812
4.8202e-05 3.8438e-05 6.0172e-05 9.765e-05 0.0015798
4.6071e-05 3.7735e-05 5.9068e-05 9.6536e-05 0.0015783
4.3919e-05 3.701e-05 5.7895e-05 9.5443e-05 0.001577
4.1744e-05 3.6263e-05 5.665e-05 9.4334e-05 0.0015756
3.9584e-05 3.5545e-05 5.5523e-05 9.3245e-05 0.0015742
3.7403e-05 3.4794e-05 5.4333e-05 9.2142e-05 0.0015729
3.7654e-05 3.4072e-05 5.3269e-05 9.1059e-05 0.0015716
3.7901e-05 3.3364e-05 5.226e-05 8.9986e-05 0.0015703
3.8142e-05 3.2672e-05 5.1313e-05 8.8925e-05 0.0015691
3.8371e-05 3.1969e-05 5.0339e-05 8.7873e-05 0.0015679
3.8594e-05 3.1279e-05 4.9412e-05 8.6828e-05 0.0015668
3.8813e-05 3.0602e-05 4.8539e-05 8.5794e-05 0.0015657
3.9018e-05 2.9917e-05 4.7643e-05 8.4753e-05 0.0015646
3.9212e-05 2.9222e-05 4.6726e-05 8.3705e-05 0.0015634
3.9393e-05 2.8518e-05 4.5784e-05 8.2648e-05 0.0015623
3.9562e-05 2.7805e-05 4.4821e-05 8.1585e-05 0.0015611
3.9726e-05 2.7106e-05 4.391e-05 8.0532e-05 0.00156
3.9885e-05 2.642e-05 4.3051e-05 7.9489e-05 0.0015589
4.0031e-05 2.5725e-05 4.2168e-05 7.8438e-05 0.0015578
4.0165e-05 2.5021e-05 4.1264e-05 7.7379e-05 0.0015567
4.0287e-05 2.4308e-05 4.0337e-05 7.6314e-05 0.0015555
4.3761e-05 2.362e-05 3.9498e-05 7.5267e-05 0.0015545
4.7247e-05 2.2944e-05 3.8701e-05 7.4229e-05 0.0015535
5.0718e-05 2.2258e-05 3.7882e-05 7.3183e-05 0.0015524
5.4174e-05 2.1563e-05 3.704e-05 7.2129e-05 0.0015513
5.7644e-05 2.088e-05 3.6244e-05 7.1085e-05 0.0015503
6.1128e-05 2.0211e-05 3.5495e-05 7.005e-05 0.0015493
6.1941e-05 2.0482e-05 3.4699e-05 6.9031e-05 0.0015484
6.2736e-05 2.074e-05 3.3854e-05 6.7998e-05 0.0015475
6.3532e-05 2.1009e-05 3.3074e-05 6.6979e-05 0.0015466
6.4312e-05 2.1263e-05 3.2245e-05 6.5973e-05 0.0015457
6.5073e-05 2.1504e-05 3.1365e-05 6.4954e-05 0.0015448
6.5818e-05 2.1732e-05 3.0433e-05 6.392e-05 0.0015439
6.6565e-05 2.197e-05 2.957e-05 6.29e-05 0.001543
6.7294e-05 2.2194e-05 2.8656e-05 6.1865e-05 0.0015421
6.8025e-05 2.2429e-05 2.7811e-05 6.0845e-05 0.0015413
6.8758e-05 2.2675e-05 2.703e-05 5.9839e-05 0.0015405
6.9475e-05 2.291e-05 2.621e-05 5.8822e-05 0.0015396
7.0194e-05 2.3154e-05 2.5446e-05 5.7816e-05 0.0015388
7.0896e-05 2.3386e-05 2.4643e-05 5.6798e-05 0.001538
7.1602e-05 2.3632e-05 2.391e-05 5.5797e-05 0.0015373
7.2291e-05 2.3865e-05 2.3125e-05 5.4813e-05 0.0015366
7.2982e-05 2.4109e-05 2.2399e-05 5.3842e-05 0.001536
7.3676e-05 2.4365e-05 2.1727e-05 5.2884e-05 0.0015354
7.4374e-05 2.4635e-05 2.1116e-05 5.1941e-05 0.0015349
7.5074e-05 2.4306e-05 2.0555e-05 5.0985e-05 0.0015344
7.5762e-05 2.3968e-05 1.9973e-05 5.0021e-05 0.0015339
7.6448e-05 2.3638e-05 1.9423e-05 4.9066e-05 0.0015333
7.7131e-05 2.3314e-05 1.8898e-05 4.8116e-05 0.0015329
7.7814e-05 2.2998e-05 1.8402e-05 4.7174e-05 0.0015324
7.8484e-05 2.2674e-05 1.7889e-05 4.6226e-05 0.001532
7.9153e-05 2.2357e-05 1.7404e-05 4.5285e-05 0.0015315
7.982e-05 2.2048e-05 1.6945e-05 4.4351e-05 0.0015312
8.0487e-05 2.1746e-05 1.6511e-05 4.3424e-05 0.0015308
8.1152e-05 2.145e-05 1.6101e-05 4.2505e-05 0.0015305
8.1805e-05 2.1147e-05 1.5676e-05 4.1579e-05 0.0015302
8.2444e-05 2.0836e-05 1.5235e-05 4.0645e-05 0.0015298
8.3083e-05 2.0534e-05 1.4818e-05 3.9719e-05 0.0015295
8.3709e-05 2.0224e-05 1.4385e-05 3.8786e-05 0.0015292
8.4334e-05 1.992e-05 1.3975e-05 3.7846e-05 0.0015289
8.4946e-05 1.9609e-05 1.355e-05 3.6899e-05 0.0015286
8.5557e-05 1.9305e-05 1.3147e-05 3.5959e-05 0.0015283
8.6167e-05 1.9007e-05 1.2766e-05 3.5026e-05 0.001528
8.6776e-05 1.8716e-05 1.2405e-05 3.41e-05 0.0015278
8.7388e-05 1.8435e-05 1.2073e-05 3.3185e-05 0.0015276
8.7983e-05 1.8142e-05 1.1717e-05 3.2258e-05 0.0015274
8.8582e-05 1.7835e-05 1.133e-05 3.132e-05 0.0015271
8.9184e-05 1.754e-05 1.0975e-05 3.0392e-05 0.001527
8.9789e-05 1.7256e-05 1.065e-05 2.9476e-05 0.0015268
9.0376e-05 1.6958e-05 1.0295e-05 2.8548e-05 0.0015267
9.0966e-05 1.6674e-05 9.9761e-06 2.7634e-05 0.0015266
9.154e-05 1.6378e-05 9.633e-06 2.6708e-05 0.0015264
9.2118e-05 1.6094e-05 9.3207e-06 2.5795e-05 0.0015264
9.2699e-05 1.5818e-05 9.032e-06 2.4891e-05 0.0015263
9.3263e-05 1.5531e-05 8.7205e-06 2.3976e-05 0.0015263
9.383e-05 1.5254e-05 8.4346e-06 2.3072e-05 0.0015263
9.4379e-05 1.4964e-05 8.1216e-06 2.2155e-05 0.0015263
9.4932e-05 1.4683e-05 7.8338e-06 2.1252e-05 0.0015263
9.5466e-05 1.4389e-05 7.5192e-06 2.0335e-05 0.0015263
9.6003e-05 1.4105e-05 7.2289e-06 1.9429e-05 0.0015263
9.6547e-05 1.383e-05 6.9613e-06 1.8533e-05 0.0015264
9.7074e-05 1.3544e-05 6.6737e-06 1.7626e-05 0.0015265
9.7602e-05 1.3264e-05 6.4007e-06 1.6727e-05 0.0015266
9.8131e-05 1.2992e-05 6.1449e-06 1.5835e-05 0.0015268
9.8646e-05 1.271e-05 5.8727e-06 1.495e-05 0.001527
9.9163e-05 1.2419e-05 5.584e-06 1.5144e-05 0.0015272
9.9682e-05 1.2135e-05 5.312e-06 1.5333e-05 0.0015273
0.0001002 1.1832e-05 5.0525e-06 1.5521e-05 0.0015275
0.0001007 1.1518e-05 4.7772e-06 1.5702e-05 0.0015277
0.00010121 1.1212e-05 4.5167e-06 1.5884e-05 0.0015279
0.00010172 1.0915e-05 4.2737e-06 1.6068e-05 0.0015282
0.00010221 1.0606e-05 4.0105e-06 1.6244e-05 0.0015284
0.00010269 1.0284e-05 3.7246e-06 1.6422e-05 0.0015287
0.00010316 9.9712e-06 3.4568e-06 1.6605e-05 0.001522
0.00010362 9.6453e-06 3.1663e-06 1.6781e-05 0.0015153
0.00010409 9.3282e-06 2.8935e-06 1.6957e-05 0.0015086
0.00010453 9.0219e-06 2.6407e-06 1.7137e-05 0.0015021
0.00010498 8.7259e-06 2.4071e-06 1.732e-05 0.0014956
0.00010544 8.44e-06 2.1903e-06 1.7506e-05 0.0014893
0.0001059 8.1636e-06 1.9886e-06 1.7695e-05 0.0014831
0.00010637 7.8965e-06 1.8009e-06 1.7887e-05 0.001477
0.00010684 7.6363e-06 1.6229e-06 1.8081e-05 0.001471
0.0001073 7.3642e-06 1.4233e-06 1.8266e-05 0.0014649
0.00010774 7.099e-06 1.2381e-06 1.8455e-05 0.0014589
0.00010818 6.8403e-06 1.0612e-06 1.8646e-05 0.0014531
0.00010863 6.5898e-06 8.9451e-07 1.884e-05 0.0014473
0.00010906 6.3286e-06 9.756e-07 1.9026e-05 0.0014415
0.00010947 6.0559e-06 1.0431e-06 1.9204e-05 0.0014356
0.00010989 5.7894e-06 1.113e-06 1.9383e-05 0.0014298
0.00011029 5.5157e-06 1.1732e-06 1.9557e-05 0.001424
0.00011069 5.2449e-06 1.2329e-06 1.9731e-05 0.0014183
0.00011108 4.9669e-06 1.2829e-06 1.9898e-05 0.0014125
0.00011146 4.6819e-06 1.3232e-06 2.006e-05 0.0014067
0.00011183 4.3986e-06 1.3624e-06 2.0222e-05 0.001401
0.00011221 4.1168e-06 1.4003e-06 2.0377e-05 0.0013953
0.00011258 3.8364e-06 1.4369e-06 2.0532e-05 0.0013896
0.00011295 3.5584e-06 1.4733e-06 2.0688e-05 0.0013839
0.00011331 3.7491e-06 1.4992e-06 2.0836e-05 0.0013783
0.00011367 3.6228e-06 1.5268e-06 2.0987e-05 0.0013727
0.00011403 3.4979e-06 1.5571e-06 2.1139e-05 0.0013672
0.0001144 3.3761e-06 1.5932e-06 2.1282e-05 0.0013616
0.00011476 3.2453e-06 1.615e-06 2.1416e-05 0.001356
0.00011511 3.1174e-06 1.6423e-06 2.1555e-05 0.0013505
0.00011548 2.9923e-06 1.6753e-06 2.1684e-05 0.0013449
0.00011585 2.8699e-06 1.7154e-06 2.1818e-05 0.0013394
0.00011623 2.7498e-06 1.7617e-06 2.1955e-05 0.001334
0.00011662 2.6322e-06 1.8145e-06 2.2095e-05 0.0013288
0.00011699 2.5062e-06 1.8532e-06 2.2228e-05 0.0013234
0.00011737 2.3825e-06 1.8987e-06 2.2363e-05 0.0013182
0.00011773 2.2609e-06 1.9511e-06 2.2503e-05 0.0013131
0.00011809 2.1412e-06 2.0109e-06 2.2646e-05 0.0013081
0.00011846 2.0232e-06 2.0784e-06 2.2793e-05 0.0013031
0.00011884 1.9068e-06 2.1542e-06 2.2944e-05 0.0012983
0.0001192 1.7825e-06 2.2593e-06 2.3099e-05 0.0012935
0.00011957 1.6597e-06 2.3745e-06 2.3245e-05 0.0012887
0.00011995 1.7906e-06 2.4741e-06 2.3383e-05 0.0012838
0.00012033 1.9222e-06 2.5817e-06 2.3523e-05 0.0012791
0.00012071 2.0547e-06 2.6992e-06 2.3666e-05 0.0012744
0.0001211 2.1881e-06 2.8264e-06 2.38e-05 0.0012696
0.0001215 2.3238e-06 2.9663e-06 2.3939e-05 0.001265
0.00012187 2.4618e-06 3.1221e-06 2.4081e-05 0.0012604
0.00012225 2.6013e-06 3.2894e-06 2.4215e-05 0.0012558
0.00012262 2.7319e-06 3.4377e-06 2.434e-05 0.0012511
0.00012296 2.8668e-06 3.4548e-06 2.4468e-05 0.0012465
0.00012331 3.0034e-06 3.4804e-06 2.4599e-05 0.001242
0.00012364 3.131e-06 3.4889e-06 2.472e-05 0.0012375
0.00012395 3.2616e-06 3.5089e-06 2.4833e-05 0.0012329
0.00012425 3.3836e-06 3.5127e-06 2.4938e-05 0.0012282
0.00012455 4.4374e-06 3.5003e-06 2.5034e-05 0.0012235
0.00012485 5.5199e-06 3.4966e-06 2.5132e-05 0.0012189
0.00012513 6.5781e-06 3.4756e-06 2.5222e-05 0.0012142
0.00012542 7.664e-06 3.4625e-06 2.5314e-05 0.0012096
0.0001257 8.7291e-06 3.434e-06 2.5399e-05 0.001205
0.00012597 9.8238e-06 3.4141e-06 2.5485e-05 0.0012004
0.00012623 1.0896e-05 3.3753e-06 2.5564e-05 0.0011958
0.00012649 1.1987e-05 3.3397e-06 2.5643e-05 0.0011912
0.00012674 1.3067e-05 3.2933e-06 2.5716e-05 0.0011867
0.00012698 1.4166e-05 3.2504e-06 2.5789e-05 0.0011821
0.00012723 1.5285e-05 3.2108e-06 2.5863e-05 0.0011776
0.00012748 1.6426e-05 3.1745e-06 2.5937e-05 0.0011732
0.00012772 1.7584e-05 3.1399e-06 2.6012e-05 0.0011688
0.00012797 1.8764e-05 3.1085e-06 2.6086e-05 0.0011645
0.0001282 1.9932e-05 3.0666e-06 2.6155e-05 0.0011601
0.00012844 2.1124e-05 3.0281e-06 2.6218e-05 0.0011557
0.00012866 2.2305e-05 2.9792e-06 2.6275e-05 0.0011513
0.00012888 2.3509e-05 2.9335e-06 2.6332e-05 0.001147
0.00012909 2.4702e-05 2.8777e-06 2.6384e-05 0.0011426
0.00012928 2.5884e-05 2.8117e-06 2.643e-05 0.0011383
0.00012948 2.7086e-05 2.7471e-06 2.6476e-05 0.0011339
0.00012968 2.831e-05 2.6853e-06 2.6523e-05 0.0011296
0.00012986 2.9524e-05 2.6133e-06 2.6563e-05 0.0011253
0.00013004 3.0759e-05 2.543e-06 2.6604e-05 0.0011211
0.00013021 3.198e-05 2.4615e-06 2.6645e-05 0.0011168
0.00013038 3.323e-05 2.3842e-06 2.6679e-05 0.0011126
0.00013056 3.4526e-05 2.3162e-06 2.6718e-05 0.0011084
0.00013072 3.5792e-05 2.2321e-06 2.6747e-05 0.0011042
0.00013085 3.7028e-05 2.1316e-06 2.6768e-05 0.0011
0.000131 3.8311e-05 2.0404e-06 2.6793e-05 0.0010958
0.00013115 3.964e-05 1.9578e-06 2.6822e-05 0.0010917
0.00013129 4.0939e-05 2.2336e-06 2.6842e-05 0.0010876
0.00013223 6.5765e-05 6.5307e-06 2.6511e-05 0.0010098
0.00013218 6.5849e-05 6.7129e-06 2.6458e-05 0.0010057
0.00013212 6.5958e-05 6.9186e-06 2.6409e-05 0.0010018
0.00013178 6.6297e-05 7.6113e-06 2.6151e-05 0.00098574
0.00013168 6.6399e-05 7.7969e-06 2.6084e-05 0.0009818
0.0001316 6.6526e-05 8.0106e-06 2.602e-05 0.00097793
0.00013152 6.6679e-05 8.2511e-06 2.5961e-05 0.00097414
0.00013145 6.6857e-05 8.5201e-06 2.5906e-05 0.00097043
0.00013136 6.7063e-05 8.8207e-06 2.5842e-05 0.00096667
0.00013128 6.6235e-05 9.1478e-06 2.5782e-05 0.00096298
0.00013118 6.538e-05 9.4397e-06 2.5724e-05 0.00095935
0.00013106 6.4499e-05 9.7044e-06 2.5657e-05 0.00095568
0.00013095 6.365e-05 9.9951e-06 2.5594e-05 0.00095207
0.00013084 6.2832e-05 1.0314e-05 2.5521e-05 0.00094842
0.00013072 6.1973e-05 1.0607e-05 2.544e-05 0.00094473
0.00013057 6.1152e-05 1.0934e-05 2.5363e-05 0.00094111
0.0001304 6.0305e-05 1.1233e-05 2.5277e-05 0.00093745
0.00013025 5.9495e-05 1.1566e-05 2.5182e-05 0.00093375
0.0001301 5.872e-05 1.1937e-05 2.5092e-05 0.00093012
0.00012993 5.792e-05 1.2278e-05 2.4992e-05 0.00092644
0.00012974 5.7095e-05 1.2588e-05 2.4883e-05 0.00092273
0.00012956 5.6304e-05 1.2935e-05 2.4778e-05 0.00091908
0.00012939 5.5547e-05 1.3321e-05 2.4677e-05 0.00091551
0.00012922 5.4822e-05 1.3748e-05 2.458e-05 0.000912
0.00012906 5.4124e-05 1.4044e-05 2.4485e-05 0.00090855
0.00012891 5.3452e-05 1.4371e-05 2.4393e-05 0.00090516
0.00012876 5.2806e-05 1.4732e-05 2.4304e-05 0.00090182
0.00012859 5.214e-05 1.5063e-05 2.4218e-05 0.00089856
0.00012843 5.1504e-05 1.5436e-05 2.4137e-05 0.00089536
0.00012827 5.0897e-05 1.5853e-05 2.4059e-05 0.00089222
0.00012813 5.0269e-05 1.6236e-05 2.3972e-05 0.00088905
0.00012799 4.9665e-05 1.6657e-05 2.3888e-05 0.00088593
0.00012786 4.909e-05 1.7125e-05 2.3806e-05 0.00088287
0.00012773 4.8537e-05 1.7641e-05 2.3727e-05 0.00087986
0.00012759 4.7966e-05 1.8115e-05 2.3639e-05 0.00087681
0.00012745 4.7422e-05 1.8641e-05 2.3556e-05 0.00087383
0.00012731 4.6859e-05 1.9132e-05 2.3464e-05 0.00087082
0.00012719 4.6318e-05 1.9668e-05 2.3374e-05 0.00086786
0.00012707 4.5804e-05 2.026e-05 2.3288e-05 0.00086496
0.00012693 4.5311e-05 2.0904e-05 2.3204e-05 0.00086211
0.0001268 4.4843e-05 2.1612e-05 2.3125e-05 0.00085933
0.00012664 4.4355e-05 2.2263e-05 2.3036e-05 0.00085651
0.0001265 4.385e-05 2.2876e-05 2.2939e-05 0.00085365
0.00012636 4.3366e-05 2.3543e-05 2.2845e-05 0.00085085
0.00012623 4.2901e-05 2.4266e-05 2.2753e-05 0.00084809
0.00012608 4.2421e-05 2.4952e-05 2.2653e-05 0.00084531
0.00012594 4.1965e-05 2.5707e-05 2.2557e-05 0.00084259
0.0001258 4.1531e-05 2.6538e-05 2.2452e-05 0.00083983
0.00012567 4.1117e-05 2.7436e-05 2.235e-05 0.00083713
0.00012554 4.0722e-05 2.8408e-05 2.2251e-05 0.00083448
0.00012543 4.031e-05 2.9329e-05 2.2144e-05 0.0008318
0.00012531 3.992e-05 3.0341e-05 2.2041e-05 0.00082918
0.00012521 3.9552e-05 3.145e-05 2.1941e-05 0.00082662
0.00012508 3.9165e-05 3.2497e-05 2.1844e-05 0.00082412
0.00012497 3.8738e-05 3.3629e-05 2.175e-05 0.00082167
0.00012486 3.8329e-05 3.4851e-05 2.1658e-05 0.00081926
0.00012475 3.7937e-05 3.6168e-05 2.1568e-05 0.00081691
0.00012465 3.7568e-05 3.7607e-05 2.1482e-05 0.00081461
0.00012453 3.7219e-05 3.9178e-05 2.1387e-05 0.00081227
0.00012439 3.6852e-05 4.0669e-05 2.1283e-05 0.0008099
0.00012425 3.6502e-05 4.2275e-05 2.1182e-05 0.00080759
0.00012412 3.6169e-05 4.4002e-05 2.1084e-05 0.00080532
0.00012397 3.582e-05 4.5654e-05 2.0978e-05 0.00080302
0.00012381 3.5487e-05 4.6111e-05 2.0873e-05 0.00080076
0.00012365 3.5175e-05 4.5581e-05 2.0772e-05 0.00079857
0.00012349 3.4878e-05 4.5112e-05 2.0673e-05 0.00079642
0.00012332 3.4566e-05 4.4601e-05 2.0566e-05 0.00079423
0.00012313 3.4238e-05 4.4046e-05 2.0461e-05 0.00079209
0.00012295 3.3926e-05 4.355e-05 2.0357e-05 0.00078999
0.00012274 3.3597e-05 4.3009e-05 2.0245e-05 0.00078786
0.00012252 3.3287e-05 4.2538e-05 2.0136e-05 0.00078579
0.0001223 3.2996e-05 4.2136e-05 2.002e-05 0.00078368
0.00012209 3.2724e-05 4.1799e-05 1.9905e-05 0.00078162
0.00012189 3.2469e-05 4.1526e-05 1.9793e-05 0.00077961
0.00012167 3.2198e-05 4.1209e-05 1.9673e-05 0.00077756
0.00012144 3.1953e-05 4.074e-05 1.9556e-05 0.00077557
0.0001212 3.1722e-05 4.0327e-05 1.9441e-05 0.00077363
0.00012098 3.1476e-05 3.9873e-05 1.9328e-05 0.00077173
0.00012073 3.1216e-05 3.9383e-05 1.9207e-05 0.0007698
0.0001205 3.0973e-05 3.8953e-05 1.9088e-05 0.00076792
0.00012024 3.0707e-05 3.8487e-05 1.8962e-05 0.00076601
0.00011999 3.0459e-05 3.8087e-05 1.8839e-05 0.00076414
0.00011973 3.0203e-05 3.7668e-05 1.8709e-05 0.00076227
0.00011947 2.9954e-05 3.7282e-05 1.858e-05 0.00076042
0.00011921 2.9714e-05 3.693e-05 1.845e-05 0.0007586
0.00011895 2.9481e-05 3.661e-05 1.832e-05 0.00075681
0.00011867 2.924e-05 3.6272e-05 1.8184e-05 0.000755
0.00011287 2.4714e-05 2.9742e-05 1.5375e-05 0.00072533
0.00011243 2.4405e-05 2.9314e-05 1.5165e-05 0.00072347
0.00011199 2.4103e-05 2.8917e-05 1.4955e-05 0.00072164
0.0001176 2.3794e-05 2.8573e-05 1.474e-05 0.00071979
0.0001232 2.3476e-05 2.8214e-05 1.4519e-05 0.00071794
0.00012883 2.3167e-05 2.7883e-05 1.4295e-05 0.00071608
0.00013448 2.2864e-05 2.758e-05 1.4065e-05 0.00071422
0.00014017 2.2569e-05 2.7304e-05 1.3831e-05 0.00071235
0.00014584 2.2266e-05 2.7011e-05 1.3593e-05 0.00071048
0.00015149 2.1954e-05 2.6698e-05 1.335e-05 0.00070861
0.00015717 2.1649e-05 2.6411e-05 1.3103e-05 0.00070673
0.00016287 2.135e-05 2.6149e-05 1.2851e-05 0.00070485
0.00016856 2.1058e-05 2.5912e-05 1.2594e-05 0.00070296
0.00017423 2.0757e-05 2.5656e-05 1.2333e-05 0.00070107
0.00017993 2.0463e-05 2.5425e-05 1.2067e-05 0.00069917
0.00018567 2.0157e-05 2.5165e-05 1.1797e-05 0.00069726
0.00019138 1.9839e-05 2.4879e-05 1.1522e-05 0.00069536
0.00019715 1.9534e-05 2.4635e-05 1.1243e-05 0.00069345
0.00020296 1.9241e-05 2.443e-05 1.0959e-05 0.00069153
0.00020882 1.8933e-05 2.419e-05 1.0667e-05 0.00068958
0.00021473 1.8634e-05 2.3981e-05 1.0375e-05 0.00068766
0.00022069 1.8345e-05 2.3807e-05 1.0085e-05 0.00068579
0.00022668 1.8063e-05 2.3657e-05 9.7946e-06 0.00068394
0.0002327 1.7787e-05 2.353e-05 9.5037e-06 0.00068212
0.00023876 1.7517e-05 2.3426e-05 9.2125e-06 0.00068032
0.0002448 1.7239e-05 2.3305e-05 8.9155e-06 0.00067851
0.00025082 1.6954e-05 2.3169e-05 8.6127e-06 0.00067669
0.00025688 1.6674e-05 2.3055e-05 8.3094e-06 0.0006749
0.00026292 1.64e-05 2.2963e-05 8.0057e-06 0.00067313
0.000269 1.6131e-05 2.2892e-05 7.7014e-06 0.00067138
0.00027506 1.5855e-05 2.2805e-05 7.3913e-06 0.00066962
0.00028115 1.5584e-05 2.274e-05 7.0807e-06 0.00066789
0.00028727 1.5316e-05 2.2692e-05 6.769e-06 0.00066618
0.00029342 1.5053e-05 2.266e-05 6.456e-06 0.00066449
0.00029956 1.4783e-05 2.2615e-05 6.1374e-06 0.00066279
0.00030573 1.4517e-05 2.259e-05 5.8182e-06 0.00066112
0.00031188 1.4244e-05 2.255e-05 5.4933e-06 0.00065943
0.00031802 1.3964e-05 2.2495e-05 5.1627e-06 0.00065772
0.00032419 1.3687e-05 2.2458e-05 4.8309e-06 0.00065604
0.00033034 1.3403e-05 2.2404e-05 4.4932e-06 0.00065434
0.00033647 1.3111e-05 2.2334e-05 4.1497e-06 0.00065263
0.00034258 1.2811e-05 2.2249e-05 3.8006e-06 0.00065091
0.00034873 1.2517e-05 2.2185e-05 3.4507e-06 0.00064921
0.00035492 1.2227e-05 2.2142e-05 3.1001e-06 0.00064754
0.00036108 1.193e-05 2.2083e-05 2.7438e-06 0.00064585
0.00036729 1.1637e-05 2.2045e-05 2.3867e-06 0.00064419
0.00037352 1.1348e-05 2.2024e-05 2.0283e-06 0.00064255
0.00037979 1.1062e-05 2.2019e-05 1.6684e-06 0.00064092
0.00038604 1.0769e-05 2.2e-05 1.7277e-06 0.00063927
0.00039227 1.0469e-05 2.1967e-05 1.7818e-06 0.00063761
0.00039854 1.0173e-05 2.1954e-05 1.8325e-06 0.00063597
0.00040485 9.8685e-06 2.1962e-05 1.8797e-06 0.00063436
0.0004112 9.5679e-06 2.1991e-05 1.9235e-06 0.00063277
0.00041757 9.2703e-06 2.2036e-05 1.9637e-06 0.00063121
0.00042398 8.9653e-06 2.2066e-05 1.9986e-06 0.00062962
0.00043038 8.6532e-06 2.2081e-05 2.0283e-06 0.00062803
0.00043675 8.3338e-06 2.2081e-05 2.0527e-06 0.00062642
0.00044311 8.0069e-06 2.2065e-05 2.0719e-06 0.0006248
0.0004495 7.6842e-06 2.207e-05 2.0876e-06 0.0006232
0.00045588 7.3542e-06 2.206e-05 2.0981e-06 0.00062159
0.00046229 7.0271e-06 2.2066e-05 2.105e-06 0.00062
0.00046869 6.693e-06 2.2058e-05 2.1066e-06 0.0006184
0.00047507 6.3516e-06 2.2035e-05 2.103e-06 0.00061678
0.00048148 6.013e-06 2.2028e-05 2.0958e-06 0.00061518
0.00048787 5.6671e-06 2.2001e-05 2.0833e-06 0.00061357
0.0004943 5.3251e-06 2.1994e-05 2.0674e-06 0.00061198
0.00050076 4.9858e-06 2.2004e-05 2.0479e-06 0.00061042
0.00050727 4.6391e-06 2.1998e-05 2.0249e-06 0.00060888
0.00051381 4.2951e-06 2.201e-05 1.9984e-06 0.00060735
0.00052033 3.9433e-06 2.2004e-05 1.9665e-06 0.00060582
0.00052682 3.5838e-06 2.1981e-05 1.9292e-06 0.00060426
0.0005333 3.7083e-06 2.1939e-05 1.8865e-06 0.00060269
0.00053975 3.8327e-06 2.1917e-05 1.8404e-06 0.00060114
0.00054618 3.951e-06 2.188e-05 1.789e-06 0.00059958
0.00055265 4.0685e-06 2.1861e-05 1.734e-06 0.00059804
0.0005591 4.1799e-06 2.1827e-05 2.116e-06 0.00059648
0.00056559 4.2912e-06 2.1813e-05 2.4974e-06 0.00059493
0.00057207 4.3963e-06 2.1785e-05 2.8732e-06 0.00059337
0.00057858 4.5015e-06 2.1779e-05 3.2485e-06 0.00059184
0.00058508 4.6002e-06 2.1758e-05 3.618e-06 0.00059029
0.00059162 4.6991e-06 2.1758e-05 3.9869e-06 0.00058877
0.00059819 4.7867e-06 2.1774e-05 4.355e-06 0.00058726
0.00060481 4.8743e-06 2.1812e-05 4.7226e-06 0.00058578
0.00061141 4.9556e-06 2.1834e-05 5.0845e-06 0.00058429
0.00061804 5.0362e-06 2.1872e-05 5.4454e-06 0.00058281
0.00062471 5.1162e-06 2.1927e-05 5.8054e-06 0.00058136
0.00063141 5.1956e-06 2.1999e-05 6.1644e-06 0.00057992
0.0006381 5.2688e-06 2.2056e-05 6.5178e-06 0.00057847
0.00064477 5.3358e-06 2.2141e-05 6.8655e-06 0.00057701
0.00065147 5.4022e-06 2.2243e-05 7.2123e-06 0.00057557
0.00065822 5.468e-06 2.2363e-05 7.5582e-06 0.00057415
0.00066494 5.5275e-06 2.2466e-05 7.8982e-06 0.00057271
0.00067171 5.5873e-06 2.2593e-05 8.2382e-06 0.0005713
0.00067852 5.6471e-06 2.2739e-05 8.5779e-06 0.00056991
0.00068531 5.7001e-06 2.2868e-05 8.9113e-06 0.0005685
0.00069214 5.7538e-06 2.3021e-05 9.2449e-06 0.00056712
0.00069902 5.8073e-06 2.3194e-05 9.5781e-06 0.00056575
0.00070594 5.8542e-06 2.335e-05 9.9052e-06 0.00056438
0.0007129 5.9011e-06 2.3527e-05 1.0232e-05 0.00056302
0.00071991 5.9492e-06 2.3732e-05 1.0559e-05 0.00056169
0.00072698 5.9984e-06 2.3965e-05 1.0888e-05 0.00056039
0.0007341 6.0489e-06 2.4227e-05 1.1217e-05 0.00055911
0.0007413 6.0908e-06 2.7334e-05 1.1547e-05 0.00055787
0.00074856 6.135e-06 3.0642e-05 1.188e-05 0.00055666
0.00075588 6.1814e-06 3.1509e-05 1.2214e-05 0.00055547
0.00076327 6.23e-06 3.2443e-05 1.255e-05 0.00055432
0.00077065 6.2721e-06 3.3352e-05 1.2881e-05 0.00055316
0.00077806 6.314e-06 3.4303e-05 1.321e-05 0.00055201
0.00078545 6.3493e-06 3.523e-05 1.3534e-05 0.00055085
0.00079283 6.3782e-06 3.6136e-05 1.3852e-05 0.00054968
0.00080019 6.4009e-06 3.7019e-05 1.4164e-05 0.00054849
0.0008076 6.4245e-06 3.7959e-05 1.4477e-05 0.00054733
0.00081508 6.4402e-06 3.8845e-05 1.4783e-05 0.00054615
0.00082254 6.4494e-06 3.9707e-05 1.5083e-05 0.00054495
0.00083004 6.4584e-06 4.0612e-05 1.5382e-05 0.00054377
0.00083753 6.4609e-06 4.1494e-05 1.5676e-05 0.00054258
0.00084506 6.4639e-06 4.0939e-05 1.597e-05 0.00054141
0.00085264 6.4674e-06 4.0422e-05 1.6264e-05 0.00054026
0.00086027 6.4705e-06 3.9937e-05 1.6558e-05 0.00053913
0.00086794 6.4741e-06 3.9489e-05 1.6852e-05 0.00053802
0.00087567 6.478e-06 3.9077e-05 1.7147e-05 0.00053693
0.00088337 6.4753e-06 3.8646e-05 1.7436e-05 0.00053582
0.00089113 6.4732e-06 3.825e-05 1.7725e-05 0.00053474
0.00089887 6.4707e-06 3.7884e-05 1.8014e-05 0.00053367
0.00090666 6.4687e-06 3.7552e-05 1.8303e-05 0.00053262
0.0009145 6.4671e-06 3.7251e-05 1.8593e-05 0.0005316
0.00092233 6.4591e-06 3.6932e-05 1.8877e-05 0.00053056
0.00093013 6.4447e-06 3.6595e-05 1.9156e-05 0.00052951
0.00093792 6.4237e-06 3.6239e-05 1.9428e-05 0.00052844
0.00094565 6.3932e-06 3.5841e-05 1.9691e-05 0.00052735
0.00095333 6.3532e-06 3.54e-05 1.9945e-05 0.00052623
0.00096108 6.3143e-06 3.4998e-05 2.0201e-05 0.00052513
0.0009688 6.2761e-06 3.463e-05 2.0457e-05 0.00052406
0.00097657 6.2376e-06 3.4288e-05 2.0713e-05 0.000523
0.00098438 6.1994e-06 3.3978e-05 2.097e-05 0.00052196
0.00099225 6.1609e-06 3.3692e-05 2.1227e-05 0.00052093
0.0010002 6.122e-06 3.343e-05 2.1484e-05 0.00051993
0.0010081 6.0827e-06 3.3193e-05 2.174e-05 0.00051894
0.001016 6.0371e-06 3.2939e-05 2.1991e-05 0.00051794
0.001024 5.9918e-06 3.2714e-05 2.2243e-05 0.00051695
0.0010321 5.9469e-06 3.2517e-05 2.2495e-05 0.00051599
0.0010402 5.9022e-06 3.2348e-05 2.2748e-05 0.00051505
0.0010483 5.8571e-06 3.2201e-05 2.3001e-05 0.00051412
0.0010565 5.8115e-06 3.2076e-05 2.3254e-05 0.00051321
0.0010647 5.7597e-06 3.1936e-05 2.3502e-05 0.00051229
0.0010728 5.7017e-06 3.178e-05 2.3743e-05 0.00051135
0.001081 5.6431e-06 3.1646e-05 2.3985e-05 0.00051043
0.0010893 5.5848e-06 3.1538e-05 2.4227e-05 0.00050953
0.0010975 5.5201e-06 3.1414e-05 2.4464e-05 0.00050862
0.0011058 5.4556e-06 3.1316e-05 2.4701e-05 0.00050773
0.0011142 5.3913e-06 3.1244e-05 2.4939e-05 0.00050686
0.0011225 5.3206e-06 3.1154e-05 2.5172e-05 0.00050597
0.0011309 5.25e-06 3.109e-05 2.5405e-05 0.0005051
0.0011393 5.1789e-06 3.1048e-05 2.5638e-05 0.00050425
0.0011477 5.107e-06 3.1026e-05 2.5872e-05 0.00050342
0.0011562 5.0353e-06 3.1031e-05 2.6106e-05 0.0005026
0.0011647 4.9628e-06 3.1056e-05 2.6341e-05 0.0005018
0.0011732 4.8841e-06 3.1065e-05 2.657e-05 0.00050098
0.0011817 4.799e-06 3.1057e-05 2.6793e-05 0.00050016
0.0011902 4.7139e-06 3.1075e-05 2.7017e-05 0.00049935
0.0011988 4.6287e-06 3.1119e-05 2.7242e-05 0.00049856
0.0012074 4.5374e-06 3.1147e-05 2.7461e-05 0.00049776
0.0012161 4.4454e-06 3.1197e-05 2.768e-05 0.00049698
0.0012247 4.3472e-06 3.1231e-05 2.7894e-05 0.00049618
0.0012334 4.2489e-06 3.1291e-05 2.8108e-05 0.0004954
0.001242 4.1444e-06 3.1335e-05 2.8317e-05 0.00049461
0.0012507 4.0392e-06 3.1401e-05 2.8526e-05 0.00049383
0.0012595 3.9337e-06 3.1493e-05 2.8737e-05 0.00049308
0.0012683 3.8274e-06 3.1606e-05 2.8948e-05 0.00049234
0.0012771 3.7148e-06 3.1703e-05 2.9152e-05 0.00049158
0.0012859 3.596e-06 3.1784e-05 2.9351e-05 0.00049082
0.0012947 3.4802e-06 3.1794e-05 2.9555e-05 0.00049009
0.0013033 3.3554e-06 3.1767e-05 2.9749e-05 0.00048933
0.0013121 3.2319e-06 3.1779e-05 2.9935e-05 0.00048855
0.0013208 3.1114e-06 3.1766e-05 3.0114e-05 0.00048775
0.0013296 2.9899e-06 3.1776e-05 3.0293e-05 0.00048697
0.0013383 2.8622e-06 3.177e-05 3.0467e-05 0.00048617
0.0013471 2.7335e-06 3.1785e-05 3.064e-05 0.00048539
0.0013559 2.5985e-06 3.1783e-05 3.0808e-05 0.0004846
0.0013647 2.4574e-06 3.1765e-05 3.097e-05 0.00048379
0.0013735 2.3157e-06 3.1773e-05 3.1133e-05 0.00048301
0.0013824 2.174e-06 3.1811e-05 3.1289e-05 0.0004822
0.0013913 2.4041e-06 3.1831e-05 3.1439e-05 0.00048139
0.0014002 2.6349e-06 3.1875e-05 3.159e-05 0.00048059
0.0014091 2.8589e-06 3.1902e-05 3.1734e-05 0.00047978
0.0014181 3.0832e-06 3.1951e-05 3.188e-05 0.00047898
0.0014271 3.3089e-06 3.2028e-05 3.2019e-05 0.00047817
0.0014362 3.528e-06 3.2088e-05 3.2151e-05 0.00047735
0.0014452 3.7405e-06 3.2131e-05 3.2278e-05 0.00047651
0.0014542 3.9541e-06 3.2203e-05 3.2406e-05 0.00047569
0.0014632 4.161e-06 3.2258e-05 3.2528e-05 0.00047486
0.0014723 4.3614e-06 3.2296e-05 3.2644e-05 0.00047402
0.0014813 4.563e-06 3.236e-05 3.2761e-05 0.0004732
0.0014905 4.7658e-06 3.2452e-05 3.288e-05 0.00047239
0.0014997 4.97e-06 3.257e-05 3.3e-05 0.0004716
0.001509 5.1757e-06 3.2716e-05 3.3121e-05 0.00047083
0.0015183 5.382e-06 3.2884e-05 3.3242e-05 0.00047008
0.0015277 5.5901e-06 3.3082e-05 3.3365e-05 0.00046934
0.0015372 5.78e-06 3.3318e-05 3.348e-05 0.00046858
0.0015466 5.9632e-06 3.3537e-05 3.3589e-05 0.00046781
0.0015562 6.1479e-06 3.3785e-05 3.3699e-05 0.00046706
0.0015658 6.3342e-06 3.4062e-05 3.381e-05 0.00046633
0.0015754 6.5141e-06 3.4323e-05 3.3916e-05 0.00046558
0.001585 6.6947e-06 3.4609e-05 3.4022e-05 0.00046485
0.0015946 6.8761e-06 3.492e-05 3.4129e-05 0.00046413
0.0016042 7.0507e-06 3.5213e-05 3.4229e-05 0.0004634
0.0016139 7.2262e-06 3.5531e-05 3.433e-05 0.00046269
0.0016236 7.3948e-06 3.5831e-05 3.4425e-05 0.00046196
0.0016333 7.5645e-06 3.6157e-05 3.4521e-05 0.00046125
0.0016432 7.7364e-06 3.6518e-05 3.4618e-05 0.00046055
0.001653 7.8982e-06 3.6841e-05 3.4719e-05 0.00045989
0.0016627 8.0523e-06 3.714e-05 3.4814e-05 0.0004592
0.0016726 8.2074e-06 3.7466e-05 3.4909e-05 0.00045854
0.0016824 8.3557e-06 3.7774e-05 3.4998e-05 0.00045786
0.0016921 8.4975e-06 3.8064e-05 3.5081e-05 0.00045716
0.001702 8.6402e-06 3.8381e-05 3.5165e-05 0.00045649
0.0017118 8.776e-06 3.868e-05 3.5242e-05 0.0004558
0.0017216 8.905e-06 3.8959e-05 3.5313e-05 0.00045509
0.0017315 9.0361e-06 3.9272e-05 3.5386e-05 0.00045441
0.0017414 9.17e-06 3.9622e-05 3.5461e-05 0.00045374
0.0017515 9.3109e-06 4.0044e-05 3.5542e-05 0.00045311
0.0017617 9.459e-06 4.0533e-05 3.5628e-05 0.00045251
0.001772 9.6129e-06 4.1081e-05 3.5718e-05 0.00045194
0.0017824 9.7725e-06 4.1691e-05 3.58e-05 0.00045135
0.0017929 9.9398e-06 4.2378e-05 3.5886e-05 0.00045079
0.0018034 1.0097e-05 4.3019e-05 3.5978e-05 0.00045026
0.0018138 1.0242e-05 4.361e-05 3.6059e-05 0.0004497
0.0018242 1.0377e-05 4.4158e-05 3.6145e-05 0.00044917
0.0018346 1.0515e-05 4.4751e-05 3.6233e-05 0.00044865
0.0018451 1.0656e-05 4.5388e-05 3.6322e-05 0.00044816
0.0018557 1.0799e-05 4.6061e-05 3.6412e-05 0.00044768
0.0018662 1.0934e-05 4.6712e-05 3.6496e-05 0.00044718
0.0018768 1.1071e-05 4.7401e-05 3.6581e-05 0.0004467
0.0018874 1.1202e-05 4.807e-05 3.666e-05 0.00044621
0.0018981 1.1334e-05 4.8779e-05 3.6739e-05 0.00044573
0.0019087 1.1458e-05 4.9458e-05 3.6812e-05 0.00044524
0.0019195 1.1564e-05 5.0085e-05 3.6889e-05 0.00044478
0.0019304 1.1678e-05 5.0795e-05 3.6957e-05 0.00044429
0.0019412 1.18e-05 5.1399e-05 3.703e-05 0.00044383
0.0019522 1.1929e-05 5.2073e-05 3.7106e-05 0.00044339
0.0019632 1.2064e-05 5.2819e-05 3.7187e-05 0.00044298
0.0019742 1.2189e-05 5.3523e-05 3.726e-05 0.00044255
0.0019852 1.2304e-05 5.4172e-05 3.7324e-05 0.00044211
0.0019963 1.2425e-05 5.4881e-05 3.7392e-05 0.00044168
0.0020075 1.2552e-05 5.5668e-05 3.7464e-05 0.00044128
0.0020188 1.2684e-05 5.6518e-05 3.7539e-05 0.0004409
0.00203 1.2806e-05 5.7329e-05 3.7606e-05 0.00044051
0.0020414 1.2935e-05 5.8218e-05 3.7658e-05 0.00044006
0.0020527 1.3055e-05 5.9064e-05 3.7702e-05 0.00043959
0.0020641 1.3181e-05 5.9991e-05 3.775e-05 0.00043915
0.0020755 1.3295e-05 6.0859e-05 3.7788e-05 0.00043868
0.0020869 1.3414e-05 6.1795e-05 3.783e-05 0.00043824
0.0020985 1.3539e-05 6.2819e-05 3.7874e-05 0.00043781
0.00211 1.3657e-05 6.3816e-05 3.7913e-05 0.00043738
0.0021217 1.3778e-05 6.4875e-05 3.7953e-05 0.00043696
0.0021334 1.3903e-05 6.5998e-05 3.7995e-05 0.00043656
0.0021451 1.402e-05 6.7094e-05 3.8031e-05 0.00043615
0.0021568 1.4141e-05 6.8256e-05 3.8068e-05 0.00043575
0.0021687 1.4264e-05 6.948e-05 3.8106e-05 0.00043536
0.0021805 1.4381e-05 7.0676e-05 3.8138e-05 0.00043497
0.0021924 1.4499e-05 7.1932e-05 3.8171e-05 0.00043458
0.0022043 1.461e-05 7.3157e-05 3.8197e-05 0.00043419
0.0022162 1.4725e-05 7.4457e-05 3.8226e-05 0.00043381
0.0022283 1.4844e-05 7.5833e-05 3.8256e-05 0.00043345
0.0022403 1.4953e-05 7.73e-05 3.8279e-05 0.00043307
0.0022524 1.5068e-05 7.8865e-05 3.8305e-05 0.00043271
0.0022647 1.5171e-05 8.0359e-05 3.8337e-05 0.00043239
0.002277 1.5283e-05 8.0168e-05 3.8373e-05 0.00043209
0.0022895 1.54e-05 8.0033e-05 3.8411e-05 0.00043181
0.002302 1.5506e-05 7.9859e-05 3.8442e-05 0.00043151
0.0023144 1.5603e-05 7.9644e-05 3.8476e-05 0.00043123
0.0023267 1.5689e-05 7.9388e-05 3.8502e-05 0.00043094
0.0023391 1.5782e-05 7.9195e-05 3.8532e-05 0.00043066
0.0023517 1.5888e-05 7.7348e-05 3.8566e-05 0.00043042
0.0023642 1.5985e-05 7.545e-05 3.8593e-05 0.00043016
0.0023768 1.6075e-05 7.35e-05 3.8613e-05 0.00042988
0.0023892 1.6155e-05 7.1498e-05 3.8636e-05 0.00042962
0.0024018 1.624e-05 6.9597e-05 3.866e-05 0.00042938
0.0024144 1.633e-05 6.7809e-05 3.8688e-05 0.00042916
0.0024272 1.6425e-05 6.6122e-05 3.8718e-05 0.00042896
0.0024399 1.6511e-05 6.4375e-05 3.874e-05 0.00042874
0.0024528 1.6604e-05 6.2752e-05 3.8766e-05 0.00042855
0.0024656 1.6686e-05 6.1044e-05 3.8799e-05 0.00042838
0.0024785 1.6775e-05 5.9464e-05 3.8836e-05 0.00042825
0.0024915 1.6873e-05 5.8002e-05 3.8877e-05 0.00042814
0.0025047 1.6981e-05 5.6672e-05 3.8923e-05 0.00042805
0.0025179 1.7076e-05 5.5266e-05 3.8959e-05 0.00042794
0.0025312 1.7182e-05 5.3999e-05 3.9001e-05 0.00042787
0.0025446 1.7297e-05 5.2831e-05 3.9047e-05 0.00042781
0.002558 1.7398e-05 5.1594e-05 3.9084e-05 0.00042774
0.0025712 1.7488e-05 5.0293e-05 3.9125e-05 0.00042769
0.0025844 1.7566e-05 4.8925e-05 3.9158e-05 0.00042761
0.0025978 1.7655e-05 4.7679e-05 3.9196e-05 0.00042757
0.0026114 1.7754e-05 4.6004e-05 3.9224e-05 0.0004275
0.002625 1.7862e-05 4.4449e-05 3.9257e-05 0.00042746
0.0026389 1.7981e-05 4.3028e-05 3.928e-05 0.00042739
0.0026529 1.8109e-05 4.1712e-05 3.9308e-05 0.00042735
0.002667 1.8246e-05 4.0495e-05 3.934e-05 0.00042733
0.002681 1.837e-05 3.9208e-05 3.9362e-05 0.00042729
0.002695 1.8481e-05 3.7858e-05 3.9375e-05 0.00042722
0.0027092 1.8604e-05 3.6623e-05 3.9393e-05 0.00042719
0.0027235 1.8736e-05 3.5481e-05 3.9416e-05 0.00042718
0.0027379 1.8879e-05 3.4439e-05 3.9446e-05 0.0004272
0.0027525 1.9032e-05 3.3477e-05 3.9479e-05 0.00042725
0.0027673 1.9197e-05 3.2613e-05 3.9503e-05 0.00042727
0.0027821 1.9373e-05 3.1831e-05 3.9533e-05 0.00042732
0.002797 1.9562e-05 3.1125e-05 3.9554e-05 0.00042735
0.002812 1.9734e-05 3.1852e-05 3.9581e-05 0.00042742
0.0028273 1.9919e-05 3.2657e-05 3.9614e-05 0.00042751
0.0028425 2.0091e-05 3.3415e-05 3.9658e-05 0.00042765
0.0028578 2.0273e-05 3.4241e-05 3.9707e-05 0.00042783
0.0028734 2.0466e-05 3.5139e-05 3.9762e-05 0.00042803
0.0028891 2.0671e-05 3.5078e-05 3.982e-05 0.00042826
0.0029047 2.0864e-05 3.4979e-05 3.9886e-05 0.00042852
0.0029068 2.1069e-05 3.4933e-05 3.9957e-05 0.00042881
0.0029089 2.1286e-05 3.4932e-05 4.0019e-05 0.00042908
0.002911 2.1528e-05 3.4892e-05 4.0071e-05 0.00042932
0.0029131 2.1756e-05 3.4817e-05 4.0113e-05 0.00042954
0.0029151 2.1972e-05 3.4708e-05 4.0146e-05 0.00042973
0.0029172 2.2201e-05 3.4652e-05 4.0168e-05 0.0004299
0.0029194 2.2451e-05 3.4648e-05 4.018e-05 0.00043003
0.0029216 2.2712e-05 3.4689e-05 4.0197e-05 0.0004302
0.0029239 2.2958e-05 3.4691e-05 4.0205e-05 0.00043034
0.0029263 2.3215e-05 3.4738e-05 4.0217e-05 0.0004305
0.0029288 2.3485e-05 3.4828e-05 4.0234e-05 0.0004307
0.0029314 2.3771e-05 3.4972e-05 4.0241e-05 0.00043086
0.0029339 2.4072e-05 3.5171e-05 4.0254e-05 0.00043106
0.0029364 2.4391e-05 3.5422e-05 4.0274e-05 0.00043129
0.002939 2.4727e-05 3.5732e-05 4.0299e-05 0.00043156
0.0029416 2.5077e-05 3.6091e-05 4.033e-05 0.00043184
0.0029443 2.5442e-05 3.6502e-05 4.035e-05 0.00043211
0.0029469 2.579e-05 3.6871e-05 4.0375e-05 0.0004324
0.0029496 2.6155e-05 3.7302e-05 4.0391e-05 0.00043266
0.0029524 2.6536e-05 3.7788e-05 4.0397e-05 0.00043291
0.0029551 2.69e-05 3.8225e-05 4.0394e-05 0.00043312
0.0029578 2.7248e-05 3.8617e-05 4.0381e-05 0.00043332
0.0029606 2.7611e-05 3.8082e-05 4.0372e-05 0.00043353
0.0029633 2.7957e-05 3.7499e-05 4.0354e-05 0.00043373
0.0029659 2.8287e-05 3.6868e-05 4.0342e-05 0.00043395
0.0029686 2.863e-05 3.629e-05 4.0333e-05 0.0004342
0.0029714 2.8982e-05 3.5753e-05 4.0327e-05 0.00043446
0.0029743 2.9345e-05 3.5255e-05 4.0323e-05 0.00043474
0.0029771 2.9716e-05 3.4793e-05 4.0321e-05 0.00043504
0.0029801 3.0096e-05 3.4361e-05 4.032e-05 0.00043536
0.002983 3.0466e-05 3.3908e-05 4.0312e-05 0.00043566
0.0029859 3.085e-05 3.35e-05 4.0309e-05 0.00043598
0.0029889 3.1217e-05 3.278e-05 4.0295e-05 0.00043628
0.0029919 3.1604e-05 3.2135e-05 4.0271e-05 0.00043655
0.002995 3.201e-05 3.1558e-05 4.0238e-05 0.00043679
0.0029982 3.2437e-05 3.1047e-05 4.021e-05 0.00043707
0.0030014 3.2885e-05 3.0598e-05 4.0189e-05 0.00043738
0.0030048 3.3315e-05 3.0106e-05 4.0158e-05 0.00043766
0.0030082 3.3767e-05 2.9675e-05 4.0133e-05 0.00043798
0.0030014 3.4236e-05 2.9291e-05 4.0113e-05 0.00043832
0.0029944 3.4725e-05 2.8954e-05 4.0084e-05 0.00043864
0.0029874 3.5241e-05 2.8555e-05 4.0061e-05 0.00043899
0.0029805 3.578e-05 2.8211e-05 4.0044e-05 0.00043938
0.0029737 3.6345e-05 2.7911e-05 4.0033e-05 0.00043979
0.0029668 3.689e-05 2.7573e-05 4.0028e-05 0.00044024
0.0029601 3.7456e-05 2.7279e-05 4.0028e-05 0.00044072
0.0029533 3.8002e-05 2.6947e-05 4.0018e-05 0.00044117
0.0029465 3.8574e-05 2.6667e-05 3.9998e-05 0.00044159
0.0029399 3.9171e-05 2.6435e-05 3.9985e-05 0.00044205
0.0029333 3.9748e-05 2.6168e-05 3.9962e-05 0.00044249
0.0029265 4.0306e-05 2.5864e-05 3.993e-05 0.00044289
0.0029199 4.0889e-05 2.5609e-05 3.9903e-05 0.00044333
0.0029133 4.1453e-05 2.5322e-05 3.9881e-05 0.0004438
0.0029067 4.2045e-05 2.4964e-05 3.9865e-05 0.0004443
0.0029002 4.2663e-05 2.4656e-05 3.9855e-05 0.00044483
0.0028939 4.3262e-05 2.4315e-05 3.9851e-05 0.0004454
0.0028876 4.3885e-05 2.4016e-05 3.9852e-05 0.00044599
0.0028813 4.4488e-05 2.3683e-05 3.9858e-05 0.00044661
0.0028751 4.512e-05 2.3399e-05 3.9869e-05 0.00044727
0.0028689 4.573e-05 2.3079e-05 3.9871e-05 0.00044789
0.0028627 4.6369e-05 2.2805e-05 3.9879e-05 0.00044856
0.0028566 4.7037e-05 2.2577e-05 3.9893e-05 0.00044925
0.0028507 4.7684e-05 2.2901e-05 3.9912e-05 0.00044997
0.0028447 4.8357e-05 2.3265e-05 3.9937e-05 0.00045073
0.0028386 4.9055e-05 2.3673e-05 3.9966e-05 0.00045152
0.0028326 4.9785e-05 2.4133e-05 4.0002e-05 0.00045234
0.0028268 5.0547e-05 2.4651e-05 4.0043e-05 0.00045319
0.002821 5.1285e-05 2.5128e-05 4.0091e-05 0.00045408
0.0028152 5.2003e-05 2.5572e-05 4.013e-05 0.00045495
0.0028094 5.275e-05 2.6064e-05 4.0174e-05 0.00045584
0.0028038 5.3522e-05 2.572e-05 4.0222e-05 0.00045676
0.0027982 5.4273e-05 2.5343e-05 4.0261e-05 0.00045766
0.0027926 5.5056e-05 2.5013e-05 4.0305e-05 0.00045859
0.0027871 5.5864e-05 2.4719e-05 4.0354e-05 0.00045955
0.0027815 5.6652e-05 2.4395e-05 4.0393e-05 0.00046048
0.0027759 5.742e-05 2.4042e-05 4.0424e-05 0.0004614
0.0027703 5.8215e-05 2.3727e-05 4.0459e-05 0.00046233
0.0027648 5.8986e-05 2.3375e-05 4.05e-05 0.00046331
0.0027592 5.9779e-05 2.3054e-05 4.0544e-05 0.0004643
0.0027537 6.0557e-05 2.271e-05 4.058e-05 0.00046528
0.0027482 6.1354e-05 2.2393e-05 4.0619e-05 0.00046628
0.0027427 6.2168e-05 2.2096e-05 4.0658e-05 0.0004673
0.0027373 6.2998e-05 2.1818e-05 4.0699e-05 0.00046832
0.0027319 6.3817e-05 2.1525e-05 4.0733e-05 0.00046934
0.0027265 6.4655e-05 2.1254e-05 4.077e-05 0.00047038
0.0027212 6.5511e-05 2.1003e-05 4.0807e-05 0.00047143
0.0027158 6.6355e-05 2.0735e-05 4.0838e-05 0.00047246
0.0027106 6.722e-05 2.049e-05 4.0871e-05 0.00047352
0.0027053 6.805e-05 2.0263e-05 4.0905e-05 0.00047459
0.0027 6.8922e-05 2.0015e-05 4.0932e-05 0.00047565
0.0026948 6.9819e-05 1.9791e-05 4.0961e-05 0.00047672
0.0026896 7.0692e-05 1.953e-05 4.0995e-05 0.00047783
0.0026843 7.1605e-05 1.9206e-05 4.1035e-05 0.00047897
0.002679 7.2549e-05 1.8915e-05 4.1079e-05 0.00048015
0.0026739 7.3526e-05 1.8657e-05 4.1128e-05 0.00048135
0.0026688 7.4524e-05 1.8417e-05 4.1178e-05 0.00048257
0.0026637 7.551e-05 1.8162e-05 4.1221e-05 0.00048377
0.0026585 7.6484e-05 1.7892e-05 4.1266e-05 0.00048499
0.0026534 7.7478e-05 1.7639e-05 4.1312e-05 0.00048623
0.0026484 7.8493e-05 1.7404e-05 4.136e-05 0.00048749
0.0026434 7.9536e-05 1.7191e-05 4.141e-05 0.00048877
0.0026384 8.0567e-05 1.6963e-05 4.1454e-05 0.00049004
0.0026334 8.1618e-05 1.6751e-05 4.1499e-05 0.00049132
0.0026285 8.2691e-05 1.6554e-05 4.1545e-05 0.00049262
0.0026237 8.3751e-05 1.6342e-05 4.1584e-05 0.00049391
0.0026188 8.4836e-05 1.6149e-05 4.1626e-05 0.00049522
0.0026141 8.5946e-05 1.5971e-05 4.1669e-05 0.00049654
0.0026093 8.7042e-05 1.5779e-05 4.1706e-05 0.00049785
0.0026045 8.8127e-05 1.5571e-05 4.1736e-05 0.00049915
0.0025997 8.9237e-05 1.5382e-05 4.1769e-05 0.00050047
0.002595 9.0335e-05 1.5178e-05 4.1795e-05 0.00050178
0.0025902 9.142e-05 1.496e-05 4.1815e-05 0.00050307
0.0025854 9.2475e-05 1.4712e-05 4.1825e-05 0.00050434
0.0025806 9.3578e-05 1.4499e-05 4.1842e-05 0.00050564
0.002576 9.4728e-05 1.4321e-05 4.1864e-05 0.00050698
0.0025712 9.5852e-05 1.4117e-05 4.1878e-05 0.0005083
0.0025666 9.7009e-05 1.3934e-05 4.1895e-05 0.00050964
0.002562 9.8189e-05 1.3765e-05 4.1913e-05 0.000511
0.0025575 9.9394e-05 1.3608e-05 4.1931e-05 0.00051238
0.0025529 0.00010059 1.3438e-05 4.1944e-05 0.00051374
0.0025484 0.00010181 1.3283e-05 4.1959e-05 0.00051513
0.0025438 0.00010301 1.3115e-05 4.1975e-05 0.00051653
0.0025393 0.00010425 1.2959e-05 4.1991e-05 0.00051795
0.0025349 0.00010551 1.2816e-05 4.2009e-05 0.00051939
0.0025305 0.00010679 1.2684e-05 4.2028e-05 0.00052084
0.0025261 0.0001081 1.2563e-05 4.2048e-05 0.00052232
0.0025217 0.0001094 1.2429e-05 4.2062e-05 0.00052378
0.0025174 0.00011072 1.231e-05 4.2078e-05 0.00052526
0.002513 0.00011204 1.2178e-05 4.2088e-05 0.00052673
0.0025087 0.00011338 1.2057e-05 4.2099e-05 0.00052821
0.0025045 0.00011475 1.1948e-05 4.2111e-05 0.00052972
0.0025002 0.00011615 1.1852e-05 4.2124e-05 0.00053125
0.0024961 0.00011759 1.1769e-05 4.214e-05 0.0005328
0.002492 0.00011905 1.17e-05 4.2158e-05 0.00053437
0.0024879 0.00012056 1.1644e-05 4.2178e-05 0.00053596
0.0024839 0.00012209 1.1598e-05 4.2199e-05 0.00053757
0.0024798 0.00012366 1.1565e-05 4.2221e-05 0.00053921
0.0024758 0.00012527 1.1545e-05 4.2246e-05 0.00054087
0.0024719 0.00012691 1.1538e-05 4.2273e-05 0.00054255
0.002468 0.0001286 1.1543e-05 4.2302e-05 0.00054425
0.002464 0.00013026 1.1535e-05 4.2324e-05 0.00054594
0.0024602 0.00013197 1.154e-05 4.2349e-05 0.00054766
0.0024563 0.00013372 1.1558e-05 4.2375e-05 0.00054939
0.0024526 0.0001355 1.1588e-05 4.2404e-05 0.00055115
0.0024488 0.00013733 1.1629e-05 4.2433e-05 0.00055293
0.0024451 0.00013913 1.1656e-05 4.2457e-05 0.0005547
0.0024414 0.00014097 1.1694e-05 4.2481e-05 0.00055648
0.0024377 0.00014285 1.1741e-05 4.2507e-05 0.00055829
0.0024341 0.00014478 1.1803e-05 4.2535e-05 0.00056012
0.0024304 0.00014668 1.185e-05 4.2556e-05 0.00056194
0.0024268 0.00014863 1.1911e-05 4.258e-05 0.00056378
0.0024233 0.00015053 1.1946e-05 4.2593e-05 0.00056559
0.0024197 0.0001524 1.1959e-05 4.2597e-05 0.00056737
0.0024161 0.00015422 1.1939e-05 4.2591e-05 0.00056912
0.0024126 0.00015612 1.1947e-05 4.2592e-05 0.00057092
0.0024092 0.00015797 1.1929e-05 4.2599e-05 0.00057276
0.0024057 0.00015978 1.1886e-05 4.2596e-05 0.00057456
0.0024023 0.00016166 1.1871e-05 4.26e-05 0.00057642
0.0023989 0.00016361 1.1878e-05 4.2608e-05 0.00057831
0.0023955 0.00016552 1.1862e-05 4.2608e-05 0.00058017
0.0023921 0.00016739 1.1822e-05 4.2597e-05 0.00058201
0.0023888 0.00016934 1.181e-05 4.2594e-05 0.00058389
0.0023855 0.00017137 1.1826e-05 4.2597e-05 0.00058582
0.0023823 0.00017349 1.1869e-05 4.2606e-05 0.00058779
0.0023791 0.00017569 1.194e-05 4.2622e-05 0.00058981
0.0023759 0.00017586 1.2034e-05 4.2642e-05 0.00059187
0.0023727 0.00017601 1.21e-05 4.2653e-05 0.0005939
0.0023694 0.00017613 1.2143e-05 4.2654e-05 0.0005959
0.0023662 0.00017628 1.2206e-05 4.266e-05 0.00059793
0.0023631 0.00017446 1.2292e-05 4.267e-05 0.00060001
0.0023599 0.0001726 1.2352e-05 4.267e-05 0.00060205
0.0023568 0.00017081 1.244e-05 4.2677e-05 0.00060414
0.0023538 0.00016908 1.2551e-05 4.2674e-05 0.0006062
0.0023507 0.00016732 1.263e-05 4.2683e-05 0.00060436
0.0023477 0.0001656 1.273e-05 4.2696e-05 0.00060256
0.0023447 0.00016396 1.2858e-05 4.2714e-05 0.0006008
0.0023417 0.00016228 1.2962e-05 4.2724e-05 0.00059901
0.0023388 0.00016065 1.3086e-05 4.2737e-05 0.00059725
0.0023358 0.000159 1.3192e-05 4.2752e-05 0.00059552
0.0023329 0.00015733 1.3284e-05 4.2761e-05 0.00059378
0.0023299 0.0001557 1.3391e-05 4.2772e-05 0.00059206
0.002327 0.0001541 1.351e-05 4.2784e-05 0.00059036
0.0023242 0.00015254 1.3642e-05 4.2797e-05 0.00058868
0.0023214 0.00015102 1.3792e-05 4.2813e-05 0.00058702
0.0023186 0.00014946 1.3916e-05 4.282e-05 0.00058534
0.002316 0.00014797 1.4073e-05 4.2816e-05 0.00058363
0.0023133 0.00014653 1.4257e-05 4.2818e-05 0.00058196
0.0023108 0.00014516 1.4475e-05 4.2826e-05 0.00058033
0.0023083 0.00014375 1.4666e-05 4.2825e-05 0.00057867
0.0023057 0.00014239 1.488e-05 4.2827e-05 0.00057704
0.0023032 0.000141 1.5077e-05 4.2822e-05 0.00057539
0.0023007 0.00013965 1.5288e-05 4.2818e-05 0.00057377
0.0022982 0.00013828 1.5485e-05 4.2808e-05 0.00057213
0.0022956 0.0001369 1.5667e-05 4.2792e-05 0.00057047
0.0022931 0.0001355 1.8873e-05 4.277e-05 0.00056881
0.0022905 0.00013409 2.2035e-05 4.2741e-05 0.00056713
0.002288 0.00013271 2.5325e-05 4.2715e-05 0.00056547
0.0022855 0.00013136 2.8775e-05 4.2691e-05 0.00056384
0.002283 0.00013005 3.2392e-05 4.2669e-05 0.00056223
0.0022806 0.00012872 3.5953e-05 4.264e-05 0.00056061
0.0022782 0.00012742 3.9661e-05 4.2613e-05 0.00055901
0.0022758 0.0001261 4.3318e-05 4.258e-05 0.00055739
0.0022735 0.00012481 4.7127e-05 4.2541e-05 0.00055577
0.0022712 0.00012355 5.1094e-05 4.2502e-05 0.00055416
0.0022689 0.00012232 5.5226e-05 4.2465e-05 0.00055257
0.0022666 0.00012107 5.9296e-05 4.2422e-05 0.00055096
0.0022643 0.00011981 6.3304e-05 4.2372e-05 0.00054935
0.002262 0.00011857 6.748e-05 4.2324e-05 0.00054775
0.0022597 0.00011736 7.1831e-05 4.2277e-05 0.00054617
0.0022574 0.00011614 7.6116e-05 4.2223e-05 0.00054458
0.0022552 0.00011495 8.0613e-05 4.2172e-05 0.00054301
0.002253 0.00011378 8.5299e-05 4.2121e-05 0.00054145
0.0022508 0.00011259 8.9915e-05 4.2065e-05 0.00053989
0.0022486 0.0001114 9.447e-05 4.2002e-05 0.00053831
0.0022464 0.00011023 9.922e-05 4.1941e-05 0.00053676
0.0022442 0.00010905 0.00010391 4.1875e-05 0.00053519
0.002242 0.00010786 0.00010853 4.1802e-05 0.00053361
0.0022398 0.00010669 0.00010903 4.1732e-05 0.00053205
0.0022376 0.00010551 0.00010951 4.1655e-05 0.00053048
0.0022354 0.00010436 0.00011004 4.1579e-05 0.00052893
0.0022332 0.00010323 0.00011063 4.1506e-05 0.0005274
0.002231 0.0001021 0.0001112 4.1426e-05 0.00052586
0.0022289 0.00010098 0.00011181 4.1347e-05 0.00052433
0.0022267 9.9852e-05 0.0001124 4.1262e-05 0.0005228
0.0022245 9.8751e-05 0.00011305 4.1179e-05 0.00052128
0.0022224 9.7673e-05 0.00011376 4.1097e-05 0.00051978
0.0022204 9.6621e-05 0.00011453 4.1017e-05 0.0005183
0.0022183 9.5558e-05 0.00011528 4.0931e-05 0.00051681
0.0022163 9.452e-05 0.00011609 4.0847e-05 0.00051535
0.0022142 9.3471e-05 0.00011688 4.0756e-05 0.00051387
0.0022122 9.241e-05 0.00011764 4.066e-05 0.00051237
0.0022101 9.1374e-05 0.00011847 4.0565e-05 0.0005109
0.0022081 9.0364e-05 0.00011937 4.0472e-05 0.00050945
0.0022061 8.9343e-05 0.00012024 4.0374e-05 0.00050798
0.0022041 8.8309e-05 0.00012108 4.0269e-05 0.00050651
0.0022021 8.7263e-05 0.0001219 4.0158e-05 0.00050502
0.0022 8.6206e-05 0.00012268 4.0041e-05 0.00050352
0.002198 8.5125e-05 0.00012345 3.9918e-05 0.000502
0.0021959 8.4065e-05 0.00012427 3.9796e-05 0.0005005
0.0021939 8.3026e-05 0.00012515 3.9675e-05 0.00049902
0.0021919 8.1976e-05 0.000126 3.9548e-05 0.00049753
0.0021899 8.0947e-05 0.00012692 3.9422e-05 0.00049606
0.0021879 7.9906e-05 0.0001278 3.929e-05 0.00049457
0.0021859 7.8854e-05 0.00012867 3.9152e-05 0.00049307
0.0021839 7.7827e-05 0.0001296 3.9016e-05 0.0004916
0.002182 7.6824e-05 0.00013061 3.8882e-05 0.00049014
0.0021801 7.5841e-05 0.00013169 3.8749e-05 0.0004887
0.0021782 7.4881e-05 0.00013285 3.8618e-05 0.00048728
0.0021764 7.3909e-05 0.00013397 3.848e-05 0.00048585
0.0021745 7.2962e-05 0.00013519 3.8345e-05 0.00048444
0.0021727 7.2047e-05 0.00013456 3.8214e-05 0.00048306
0.002171 7.1171e-05 0.00013405 3.8089e-05 0.00048172
0.0021693 7.0254e-05 0.00013348 3.7955e-05 0.00048035
0.0021676 6.9389e-05 0.00013304 3.7826e-05 0.00047902
0.0021659 6.8513e-05 0.00013257 3.7692e-05 0.00047768
0.0021643 6.7655e-05 0.00013215 3.7559e-05 0.00047636
0.0021626 6.6813e-05 0.00013179 3.7426e-05 0.00047505
0.002161 6.596e-05 0.00013141 3.7288e-05 0.00047373
0.0021594 6.5124e-05 0.00013107 3.715e-05 0.00047242
0.0021578 6.4305e-05 0.00013079 3.7013e-05 0.00047113
0.0021562 6.3475e-05 0.00013049 3.687e-05 0.00046983
0.0021546 6.2636e-05 0.00013016 3.6721e-05 0.00046852
0.002153 6.1816e-05 0.0001299 3.6574e-05 0.00046723
0.0021514 6.0985e-05 0.0001296 3.6421e-05 0.00046592
0.0021499 6.017e-05 0.00012936 3.6268e-05 0.00046463
0.0021483 5.9371e-05 0.00012917 3.6117e-05 0.00046335
0.0021469 5.8591e-05 0.00012905 3.5967e-05 0.0004621
0.0021454 5.7829e-05 0.00012898 3.5818e-05 0.00046086
0.0021439 5.7057e-05 0.00012889 3.5664e-05 0.00045962
0.0021425 5.6303e-05 0.00012886 3.5511e-05 0.00045839
0.0021411 5.5563e-05 0.00012888 3.5359e-05 0.00045717
0.0021397 5.4813e-05 0.00012887 3.5208e-05 0.00045598
0.0021383 5.4081e-05 0.00012892 3.506e-05 0.0004548
0.002137 5.3338e-05 0.00012895 3.4905e-05 0.00045362
0.0021356 5.2613e-05 0.00012904 3.4751e-05 0.00045245
0.0021342 5.1863e-05 0.00012904 3.4604e-05 0.00045132
0.0021329 5.1144e-05 0.00012915 3.4461e-05 0.00045022
0.0021316 5.0451e-05 0.00012737 3.431e-05 0.0004491
0.0021303 4.974e-05 0.00012552 3.4162e-05 0.000448
0.002129 4.9013e-05 0.0001236 3.4006e-05 0.00044688
0.0021277 4.8312e-05 0.00012183 3.3854e-05 0.00044579
0.0021265 4.763e-05 0.00012018 3.3704e-05 0.00044472
0.0021253 4.6969e-05 0.00011864 3.3557e-05 0.00044368
0.0021242 4.6323e-05 0.0001172 3.3412e-05 0.00044266
0.0021231 4.5691e-05 0.00011583 3.3267e-05 0.00044165
0.002122 4.5072e-05 0.00011454 3.3124e-05 0.00044066
0.002121 4.4467e-05 0.00011333 3.2981e-05 0.00043968
0.00212 4.3877e-05 0.00011219 3.284e-05 0.00043872
0.002119 4.3301e-05 0.00011113 3.2701e-05 0.00043779
0.0021181 4.2715e-05 0.00011004 3.2555e-05 0.00043683
0.0021171 4.2143e-05 0.00010903 3.2411e-05 0.0004359
0.0021162 4.1585e-05 0.00010809 3.2267e-05 0.00043498
0.0021154 4.104e-05 0.00010186 3.2126e-05 0.00043408
0.0021145 4.0486e-05 9.5557e-05 3.1978e-05 0.00043317
0.0021137 3.9945e-05 8.9549e-05 3.1832e-05 0.00043228
0.0021129 3.9418e-05 8.3824e-05 3.1686e-05 0.0004314
0.0021121 3.8902e-05 7.8368e-05 3.1542e-05 0.00043054
0.0021114 3.84e-05 7.3169e-05 3.14e-05 0.0004297
0.0021107 3.7872e-05 6.8179e-05 3.1257e-05 0.00042888
0.00211 3.7354e-05 6.339e-05 3.1116e-05 0.00042806
0.0021094 3.6846e-05 5.8793e-05 3.0974e-05 0.00042726
0.0021088 3.6329e-05 5.4127e-05 3.0826e-05 0.00042645
0.0021081 3.5803e-05 4.939e-05 3.0673e-05 0.00042562
0.0021075 3.5289e-05 4.4875e-05 3.052e-05 0.00042482
0.0021069 3.4787e-05 4.057e-05 3.0369e-05 0.00042403
0.0021063 3.4296e-05 3.6464e-05 3.0219e-05 0.00042325
0.0021058 3.3796e-05 3.6285e-05 3.0063e-05 0.00042246
0.0021052 3.3308e-05 3.6136e-05 2.9907e-05 0.00042169
0.0021047 3.2811e-05 3.5969e-05 2.9746e-05 0.00042091
0.0021041 3.2305e-05 3.5786e-05 2.9579e-05 0.00042012
0.0021036 3.1811e-05 3.5632e-05 2.9413e-05 0.00041934
0.0021031 3.1328e-05 3.5507e-05 2.9249e-05 0.00041858
0.0021027 3.0853e-05 3.5405e-05 2.9084e-05 0.00041783
0.0021022 3.0389e-05 3.5327e-05 2.892e-05 0.0004171
0.0021018 2.9916e-05 3.5231e-05 2.875e-05 0.00041635
0.0021014 2.9454e-05 3.5163e-05 2.858e-05 0.00041562
0.002101 2.9002e-05 3.5124e-05 2.8405e-05 0.00041488
0.0021006 2.8541e-05 3.5067e-05 2.8224e-05 0.00041413
0.0021003 2.809e-05 3.5039e-05 2.8043e-05 0.00041339
0.0020999 2.7632e-05 3.4994e-05 2.7857e-05 0.00041264
0.0020996 2.7181e-05 3.4972e-05 2.7671e-05 0.0004119
0.0020993 2.674e-05 3.4979e-05 2.7486e-05 0.00041118
0.002099 2.629e-05 3.4963e-05 2.7296e-05 0.00041045
0.0020987 2.5851e-05 3.4976e-05 2.7106e-05 0.00040974
0.0020985 2.5419e-05 3.5012e-05 2.6916e-05 0.00040904
0.0020983 2.4995e-05 3.5082e-05 2.6727e-05 0.00040835
0.0020981 2.4589e-05 3.5206e-05 2.6543e-05 0.00040769
0.0020979 2.4168e-05 3.5296e-05 2.6349e-05 0.00040701
0.0020977 2.3762e-05 3.5436e-05 2.6159e-05 0.00040636
0.0020975 2.3347e-05 3.5558e-05 2.5963e-05 0.00040569
0.0020973 2.2941e-05 3.5709e-05 2.5768e-05 0.00040504
0.0020971 2.2546e-05 3.5889e-05 2.5574e-05 0.00040441
0.002097 2.2157e-05 3.6096e-05 2.538e-05 0.00040379
0.0020969 2.1776e-05 3.6332e-05 2.5186e-05 0.00040318
0.0020968 2.1387e-05 3.6552e-05 2.4987e-05 0.00040256
0.0020967 2.1006e-05 3.6802e-05 2.4788e-05 0.00040196
0.0020966 2.0617e-05 3.7034e-05 2.4584e-05 0.00040135
0.0020966 2.0235e-05 3.7292e-05 2.4379e-05 0.00040075
0.0020965 1.9844e-05 3.7532e-05 2.5811e-05 0.00040012
0.0020964 1.9459e-05 3.7798e-05 2.7253e-05 0.0003995
0.0020964 1.9066e-05 3.8045e-05 2.8687e-05 0.00039887
0.0020964 1.8678e-05 3.8318e-05 3.0129e-05 0.00039826
0.0020963 1.8283e-05 3.8573e-05 3.1564e-05 0.00039763
0.0020962 1.788e-05 3.8811e-05 3.2992e-05 0.00039699
0.0020962 1.7484e-05 3.9081e-05 3.4431e-05 0.00039636
0.0020962 1.7096e-05 3.9383e-05 3.5882e-05 0.00039576
0.0020963 1.6715e-05 3.9719e-05 3.7345e-05 0.00039516
0.0020964 1.6339e-05 4.0082e-05 3.8818e-05 0.00039458
0.0020964 1.5955e-05 4.0427e-05 4.0282e-05 0.00039399
0.0020965 1.5576e-05 4.08e-05 4.1757e-05 0.00039341
0.0020966 1.519e-05 4.1153e-05 4.3224e-05 0.00039282
0.0020967 1.481e-05 4.1542e-05 4.4703e-05 0.00039224
0.0020969 1.4437e-05 4.1967e-05 4.6194e-05 0.00039168
0.002097 1.4056e-05 4.2373e-05 4.7678e-05 0.00039111
0.0020971 1.3668e-05 4.2762e-05 4.9155e-05 0.00039052
0.0020972 1.3272e-05 4.3133e-05 5.0623e-05 0.00038993
0.0020974 1.2882e-05 4.3534e-05 5.2103e-05 0.00038934
0.0020975 1.2483e-05 4.3915e-05 5.3574e-05 0.00038875
0.0020976 1.2077e-05 4.4278e-05 5.5037e-05 0.00038814
0.0020977 1.1677e-05 4.4677e-05 5.6514e-05 0.00038755
0.0020979 1.1283e-05 4.5114e-05 5.8003e-05 0.00038697
0.0020981 1.0896e-05 4.5589e-05 5.9505e-05 0.00038641
0.0020984 1.0514e-05 4.6104e-05 6.102e-05 0.00038586
0.0020986 1.0139e-05 4.6659e-05 6.2549e-05 0.00038533
0.002099 9.7668e-06 4.708e-05 6.4088e-05 0.00038481
0.0020993 9.3875e-06 4.748e-05 6.562e-05 0.00038428
0.0020996 9.0005e-06 4.7861e-05 6.7144e-05 0.00038374
0.0020999 8.619e-06 4.828e-05 6.8681e-05 0.00038321
0.0021002 8.2298e-06 4.8679e-05 7.0209e-05 0.00038267
0.0021005 7.8331e-06 4.9058e-05 7.173e-05 0.00038212
0.0021007 7.4291e-06 4.9419e-05 7.3243e-05 0.00038156
0.0021011 7.0305e-06 4.9817e-05 7.4769e-05 0.00038101
0.0021014 6.6244e-06 5.0197e-05 7.6288e-05 0.00038045
0.0021016 6.1985e-06 5.0534e-05 7.779e-05 0.00037986
0.0021018 5.7598e-06 5.083e-05 7.9276e-05 0.00037926
0.0021021 5.3314e-06 5.1186e-05 8.0782e-05 0.00037868
0.0021024 4.9127e-06 5.1601e-05 8.2311e-05 0.00037812
0.0021027 4.9972e-06 5.1972e-05 8.3822e-05 0.00037754
0.0021031 5.0835e-06 5.2399e-05 8.5353e-05 0.00037698
0.0021034 5.161e-06 5.2769e-05 8.6908e-05 0.00037645
0.0021036 5.2267e-06 5.3091e-05 8.8449e-05 0.0003759
0.002104 5.294e-06 5.3465e-05 9.0009e-05 0.00037537
0.0021043 5.3527e-06 5.3799e-05 9.1552e-05 0.00037482
0.0021045 5.4031e-06 5.4097e-05 9.3119e-05 0.00037429
0.0021048 5.454e-06 5.4436e-05 9.4702e-05 0.00037378
0.0021051 5.5063e-06 5.3232e-05 9.6307e-05 0.00036726
0.0021055 5.5521e-06 5.1999e-05 9.7886e-05 0.00036862
0.0021058 5.5981e-06 5.0832e-05 9.9486e-05 0.00036524
0.0021062 5.6434e-06 4.9717e-05 0.0001011 0.0003619
0.0021066 5.6824e-06 4.8576e-05 0.0001027 0.00035853
0.0021069 5.7151e-06 4.7408e-05 0.0001043 0.00035516
0.0021073 5.748e-06 4.6303e-05 0.00010591 0.00035181
0.0021077 5.7742e-06 4.5169e-05 0.00010751 0.00034844
0.0021081 5.7933e-06 4.3998e-05 0.0001091 0.00034506
0.0021085 5.8053e-06 4.279e-05 0.00011071 0.00034171
0.002109 5.8174e-06 4.1642e-05 0.00011233 0.00033839
0.0021094 5.8225e-06 4.046e-05 0.00011394 0.00033505
0.0021098 5.828e-06 3.9344e-05 0.00011557 0.00033173
0.0021103 5.8353e-06 3.8303e-05 0.00011722 0.00032846
0.0021108 5.8341e-06 3.7211e-05 0.00011885 0.00032516
0.0021112 5.4901e-06 3.6217e-05 0.00012052 0.00032191
0.0021117 5.1493e-06 3.527e-05 0.00012219 0.00031869
0.0021121 4.8011e-06 3.4299e-05 0.00012386 0.00031545
0.0021125 5.0317e-06 3.3304e-05 0.00012552 0.00031219
0.002113 5.2644e-06 3.2362e-05 0.0001272 0.00030897
0.0021135 5.4981e-06 3.146e-05 0.00012889 0.00030577
0.002114 5.7249e-06 3.0536e-05 0.00013057 0.00030255
0.0021145 5.9529e-06 2.9651e-05 0.00013227 0.00029936
0.002115 6.174e-06 2.8745e-05 0.00013396 0.00029615
0.0021154 6.3885e-06 2.7817e-05 0.00013564 0.00029293
0.0021159 6.6042e-06 2.6929e-05 0.00013733 0.00028973
0.0021164 6.8132e-06 2.602e-05 0.00013902 0.00028652
0.002117 7.0244e-06 2.5156e-05 0.00014072 0.00028333
0.0021175 7.2379e-06 2.4336e-05 0.00014244 0.00028017
0.0021181 7.4443e-06 2.3483e-05 0.00014415 0.000277
0.0021187 7.6438e-06 2.4189e-05 0.00014585 0.00027381
0.0021193 7.8447e-06 2.4927e-05 0.00014757 0.00027065
0.0021199 8.048e-06 2.5706e-05 0.0001493 0.00026751
0.0021206 8.2447e-06 2.6465e-05 0.00015103 0.00026436
0.0021213 8.4428e-06 2.7259e-05 0.00015277 0.00026123
0.0021221 8.6423e-06 2.8088e-05 0.00015453 0.00025812
0.0021228 8.8435e-06 2.8954e-05 0.0001563 0.00025503
0.0021237 9.0473e-06 2.9867e-05 0.00015809 0.00025197
0.0021245 9.254e-06 3.0829e-05 0.00015989 0.00024893
0.0021253 9.4537e-06 3.1767e-05 0.00016169 0.00024588
0.0021262 9.6464e-06 3.2682e-05 0.00016348 0.00024281
0.002127 9.8321e-06 3.3575e-05 0.00016526 0.00023973
0.0021278 1.0021e-05 3.4517e-05 0.00016706 0.00023668
0.0021287 1.0212e-05 3.551e-05 0.00016888 0.00023365
0.0021296 1.0405e-05 3.6548e-05 0.00017071 0.00023064
0.0021305 1.0601e-05 3.7633e-05 0.00017256 0.00022765
0.0021314 1.0789e-05 3.8692e-05 0.0001744 0.00022465
0.0021322 1.097e-05 3.973e-05 0.00017624 0.00022163
0.0021331 1.1154e-05 4.0814e-05 0.00017809 0.00021864
0.002134 1.1339e-05 4.1948e-05 0.00017995 0.00021566
0.0021349 1.1518e-05 4.3056e-05 0.00018181 0.00021267
0.0021359 1.1698e-05 4.4214e-05 0.00018368 0.0002097
0.0021368 1.1872e-05 4.5349e-05 0.00018554 0.00020672
0.0021378 1.2049e-05 4.6545e-05 0.00018743 0.00020376
0.0021388 1.2219e-05 4.7715e-05 0.0001893 0.00020078
0.0021398 1.2392e-05 4.8949e-05 0.00019119 0.00019783
0.0021409 1.2568e-05 5.0239e-05 0.0001931 0.0001949
0.002142 1.2745e-05 5.1587e-05 0.00019503 0.00019199
0.0021431 1.2916e-05 5.291e-05 0.00019695 0.00018906
0.0021441 1.308e-05 5.4206e-05 0.00019886 0.00018613
0.0021452 1.3238e-05 5.5477e-05 0.00020077 0.00018318
0.0021463 1.3398e-05 5.6818e-05 0.00020269 0.00018025
0.0021474 1.3563e-05 5.6389e-05 0.00020463 0.00017734
0.0021486 1.3731e-05 5.6002e-05 0.0002066 0.00017446
0.0021498 1.3901e-05 5.5649e-05 0.00020858 0.0001716
0.002151 1.4065e-05 5.5276e-05 0.00021055 0.00016872
0.0021522 1.4236e-05 5.4964e-05 0.00021256 0.00016587
0.0021535 1.4417e-05 5.4724e-05 0.0002146 0.00016307
0.0021548 1.4586e-05 5.4441e-05 0.00021662 0.00016024
0.0021562 1.4766e-05 5.4229e-05 0.00021862 0.00015738
0.0021576 1.4954e-05 5.4075e-05 0.00022066 0.00015456
0.002159 1.5151e-05 5.3978e-05 0.00022265 0.00015168
0.0021696 1.6505e-05 5.3633e-05 0.00023679 0.00013168
0.0021711 1.6695e-05 5.332e-05 0.00023878 0.00012877
0.0021726 1.6859e-05 5.3067e-05 0.0002408 0.0001259
0.0021741 1.7032e-05 5.2871e-05 0.00024286 0.00012307
0.0021756 1.7216e-05 5.2744e-05 0.00024489 0.0001202
0.0021773 1.7411e-05 5.2682e-05 0.00024696 0.00011737
0.0021889 1.8757e-05 5.2548e-05 0.00026168 9.7715e-05
0.0021906 1.8923e-05 5.2468e-05 0.00026375 9.4865e-05
0.0021922 1.9098e-05 5.2448e-05 0.0002658 9.1991e-05
0.002194 1.9283e-05 5.2483e-05 0.00026789 8.9147e-05
0.0021957 1.9463e-05 5.2511e-05 0.00026998 8.6298e-05
0.0021974 1.9638e-05 5.2532e-05 0.00027206 8.3443e-05
0.0021991 1.9809e-05 5.2546e-05 0.00027414 8.0583e-05
0.0022009 1.9975e-05 5.2554e-05 0.00027621 7.7718e-05
0.0022026 2.0137e-05 5.2555e-05 0.00027829 7.4847e-05
0.0022043 2.0294e-05 5.2548e-05 0.00028036 7.197e-05
0.0022059 2.0437e-05 5.2498e-05 0.00028241 6.9066e-05
0.0022077 2.059e-05 5.2503e-05 0.00028449 6.6192e-05
0.0022094 2.0731e-05 5.2467e-05 0.00028655 6.3293e-05
0.0022111 2.0884e-05 5.2497e-05 0.00028865 6.0431e-05
0.0022128 2.1024e-05 5.2488e-05 0.00029073 5.7543e-05
0.0022146 2.1174e-05 5.2533e-05 0.00029285 5.4686e-05
0.0022163 2.1312e-05 5.2539e-05 0.00029494 5.1804e-05
0.0022181 2.1457e-05 5.2588e-05 0.00029706 4.8945e-05
0.0022199 2.1608e-05 5.2671e-05 0.0002992 4.6104e-05
0.0022217 2.175e-05 5.2735e-05 0.00030134 4.325e-05
0.0022235 2.1885e-05 5.278e-05 0.00030346 4.0383e-05
0.0022253 2.2026e-05 5.2861e-05 0.00030561 3.7535e-05
0.0022271 2.2159e-05 5.2922e-05 0.00030775 3.4674e-05
0.0022289 2.2284e-05 5.2964e-05 0.00030988 3.18e-05
0.0022307 2.2402e-05 5.7093e-05 0.000312 2.8914e-05
0.0022325 2.2524e-05 6.1395e-05 0.00031414 2.6044e-05
0.0022343 2.2638e-05 6.5633e-05 0.00031627 2.316e-05
0.0022361 2.2745e-05 6.9806e-05 0.00031838 2.0264e-05
0.0022379 2.2857e-05 7.4185e-05 0.00032053 1.7386e-05
0.0022397 2.2962e-05 7.8498e-05 0.00032266 1.7304e-05
0.0022415 2.3059e-05 8.2753e-05 0.00032478 1.7214e-05
0.0022433 2.316e-05 8.7188e-05 0.00032692 1.7119e-05
0.0022451 2.3254e-05 9.1555e-05 0.00032905 1.7015e-05
0.0022469 2.3352e-05 9.6109e-05 0.0003312 1.6906e-05
0.0022488 2.3454e-05 0.00010086 0.00033337 1.6794e-05
0.0022506 2.3549e-05 0.00010553 0.00033553 1.6672e-05
0.0022525 2.3636e-05 0.00011014 0.00033769 1.6541e-05
0.0022543 2.3728e-05 0.00011497 0.00033986 1.6406e-05
0.0022562 2.3813e-05 0.00011973 0.00034203 1.6261e-05
0.0022581 2.3907e-05 0.00012482 0.00034423 1.6115e-05
0.00226 2.3988e-05 0.0001297 0.00034641 1.5957e-05
0.0022618 2.4061e-05 0.00013451 0.00034858 1.579e-05
0.0022636 2.4127e-05 0.00013924 0.00035074 1.5614e-05
0.0022655 2.4197e-05 0.00014418 0.00035292 1.5433e-05
0.0022674 2.4259e-05 0.00014905 0.00035509 1.5243e-05
0.0022692 2.4314e-05 0.00015384 0.00035725 1.5043e-05
0.0022711 2.4372e-05 0.00015884 0.00035944 1.484e-05
0.0022729 2.4424e-05 0.00016377 0.00036161 1.4627e-05
0.0022747 2.4462e-05 0.0001685 0.00036376 1.4402e-05
0.0022766 2.4514e-05 0.00017366 0.00036595 1.4177e-05
0.0022785 2.4556e-05 0.0001787 0.00036813 1.3942e-05
0.0022803 2.4584e-05 0.00018364 0.0003703 1.3697e-05
0.0022822 2.4618e-05 0.00018883 0.00037249 1.3449e-05
0.002284 2.4643e-05 0.0001939 0.00037467 1.319e-05
0.0022858 2.4658e-05 0.00019884 0.00037683 1.2921e-05
0.0022877 2.4684e-05 0.00020418 0.00037903 1.2651e-05
0.0022897 2.472e-05 0.0002099 0.00038127 1.2379e-05
0.0022916 2.4744e-05 0.00021541 0.00038349 1.2095e-05
0.0022936 2.4779e-05 0.00022139 0.00038483 1.2422e-05
0.0022956 2.4827e-05 0.00022784 0.0003862 1.2747e-05
0.0022977 2.4884e-05 0.00023479 0.0003876 1.3071e-05
0.0022998 2.4933e-05 0.00024163 0.00038899 1.3385e-05
0.0023019 2.4975e-05 0.00024837 0.00039037 1.3689e-05
0.002304 2.5023e-05 0.00025545 0.00039177 1.399e-05
0.0023061 2.5062e-05 0.00026243 0.00039316 1.4281e-05
0.0023082 2.5108e-05 0.00026976 0.00039457 1.4569e-05
0.0023104 2.5159e-05 0.00027747 0.00039601 1.4853e-05
0.0023125 2.5217e-05 0.00028556 0.00039746 1.5134e-05
0.0023147 2.5266e-05 0.00029353 0.0003989 1.5406e-05
0.0023168 2.5308e-05 0.0003014 0.00040034 1.5668e-05
0.002319 2.5356e-05 0.00030966 0.00040179 1.5927e-05
0.0023211 2.5397e-05 0.00031782 0.00040324 1.6177e-05
0.0023233 2.5442e-05 0.00032633 0.00040471 1.6423e-05
0.0023255 2.548e-05 0.00033474 0.00040616 1.6659e-05
0.0023276 2.551e-05 0.00034302 0.00040761 1.6887e-05
0.0023298 2.5546e-05 0.00035172 0.00040908 1.711e-05
0.0023321 2.5588e-05 0.00036087 0.00041057 1.7331e-05
0.0023343 2.5622e-05 0.00036989 0.00041205 1.7542e-05
0.0023365 2.5661e-05 0.00037931 0.00041355 1.7749e-05
0.0023388 2.5692e-05 0.00038861 0.00041503 2.1301e-05
0.002341 2.5716e-05 0.00039776 0.00041649 2.4838e-05
0.0023432 2.5726e-05 0.00040646 0.00041793 2.8346e-05
0.0023453 2.5724e-05 0.00041482 0.00041936 3.1828e-05
0.0023475 2.5734e-05 0.00042392 0.00042082 3.5353e-05
0.0023497 2.5731e-05 0.00043264 0.00042225 3.8848e-05
0.0023519 2.5733e-05 0.00044176 0.00042371 4.2364e-05
0.0023541 2.5727e-05 0.00045075 0.00042515 4.5866e-05
0.0023563 2.5726e-05 0.00046013 0.00042662 4.9388e-05
0.0023586 2.5731e-05 0.00046999 0.0004281 5.2935e-05
0.0023609 2.5741e-05 0.00048036 0.00042961 5.6507e-05
0.0023633 2.5757e-05 0.0004912 0.00043114 6.0102e-05
0.0023657 2.5779e-05 0.00050259 0.00043269 6.3722e-05
0.0023681 2.5806e-05 0.00051456 0.00043427 6.7368e-05
0.0023706 2.5839e-05 0.00052707 0.00043586 7.1035e-05
0.002373 2.5864e-05 0.00053944 0.00043745 7.469e-05
0.0023755 2.5881e-05 0.00055164 0.00043903 7.8331e-05
0.002378 2.5907e-05 0.00056464 0.00044063 8.2008e-05
0.0023804 2.5947e-05 0.00056849 0.00044228 8.5733e-05
0.0023828 2.5967e-05 0.00057216 0.00044391 8.9429e-05
0.0023853 2.6e-05 0.00057622 0.00044558 9.3174e-05
0.0023878 2.6018e-05 0.0005801 0.00044722 9.689e-05
0.0023902 2.6024e-05 0.0005838 0.00044884 0.00010058
0.0023927 2.6043e-05 0.00058789 0.00045051 0.00010431
0.0023951 2.6048e-05 0.00059178 0.00045215 0.00010802
0.0023975 2.6067e-05 0.00059607 0.00045384 0.00011178
0.0023999 2.6099e-05 0.00060081 0.00045556 0.00011558
0.0024024 2.6119e-05 0.00060533 0.00045727 0.00011936
0.0024048 2.6125e-05 0.00060965 0.00045895 0.0001231
0.0024072 2.6143e-05 0.00061436 0.00046067 0.00012689
0.0024096 2.6146e-05 0.00061883 0.00046236 0.00013065
0.002412 2.6135e-05 0.00062308 0.00046403 0.00013438
0.0024144 2.6135e-05 0.00062769 0.00046574 0.00013816
0.0024168 2.6126e-05 0.0006322 0.00046744 0.00014192
0.0024192 2.6109e-05 0.00063662 0.00046913 0.00014566
0.0024215 2.6084e-05 0.00064096 0.00047081 0.00014939
0.0024239 2.6065e-05 0.00064556 0.00047251 0.00015315
0.0024263 2.6039e-05 0.00065008 0.0004742 0.00015689
0.0024288 2.6018e-05 0.00065486 0.00047592 0.00016067
0.0024312 2.599e-05 0.00065957 0.00047763 0.00016442
0.0024336 2.5955e-05 0.00066421 0.00047933 0.00016817
0.002436 2.5928e-05 0.00066912 0.00048105 0.00017195
0.0024385 2.5905e-05 0.00067428 0.0004828 0.00017575
0.0024409 2.5875e-05 0.00067936 0.00048453 0.00017953
0.0024434 2.7974e-05 0.00068435 0.00048626 0.0001833
0.0024458 3.0058e-05 0.00068928 0.00048797 0.00018706
0.0024483 3.2184e-05 0.00069448 0.00048971 0.00019085
0.0024508 3.4294e-05 0.0006996 0.00049148 0.00019467
0.0024532 3.6387e-05 0.00070464 0.00049324 0.00019847
0.0024556 3.8465e-05 0.00070959 0.00049498 0.00020226
0.0024581 4.0472e-05 0.00071482 0.00049675 0.00020608
0.0024605 4.2463e-05 0.00071997 0.00049852 0.00020989
0.002463 4.4495e-05 0.00072541 0.0005003 0.00021372
0.0024655 4.6569e-05 0.00073116 0.00050211 0.00021759
0.0024681 4.8685e-05 0.00073724 0.00050392 0.00022144
0.0024707 5.0785e-05 0.00074321 0.00050571 0.00022527
0.0024732 5.2869e-05 0.0007491 0.00050749 0.00022909
0.0024758 5.4997e-05 0.00074817 0.0005093 0.00023295
0.0024784 5.7163e-05 0.00074737 0.00051113 0.00023683
0.0024811 5.9366e-05 0.0007467 0.00051298 0.00024073
0.0024838 6.1553e-05 0.00074599 0.00051483 0.00024463
0.0024865 6.3785e-05 0.00074543 0.0005167 0.00024855
0.0024892 6.6064e-05 0.00074504 0.00051859 0.0002525
0.002492 6.8391e-05 0.0007448 0.00052052 0.00025649
0.0024948 7.0766e-05 0.00074471 0.00052247 0.00026051
0.0024977 7.3193e-05 0.00074479 0.00052444 0.00026456
0.0025005 7.5597e-05 0.0007448 0.00052641 0.0002686
0.0025033 7.7957e-05 0.00074469 0.00052835 0.0002726
0.0025061 8.0268e-05 0.00074442 0.00053033 0.00027665
0.0025088 8.2536e-05 0.00074398 0.00053228 0.00028067
0.0025116 8.4764e-05 0.00074337 0.00053422 0.00028465
0.0025144 8.6955e-05 0.00074265 0.00053612 0.00028861
0.0025172 8.9188e-05 0.00074207 0.00053806 0.00029259
0.0025199 9.1403e-05 0.00074144 0.00053998 0.00029656
