Struthio_camelus Taeniopygia_guttata Tauraco_erythrolophus Tinamus_guttatus Tyto_alba
0.016866 0.0049973 0.00079652 0.15485 0.00054024
0.01688 0.0049987 0.00079548 0.15437 0.00053987
0.016895 0.0050002 0.00079452 0.15395 0.00053959
0.016909 0.0050016 0.00079353 0.1535 0.00053927
0.016925 0.0050032 0.00079264 0.15311 0.00053905
0.016941 0.0050047 0.0007917 0.15269 0.00053878
0.016958 0.0050063 0.00079087 0.15235 0.00053861
0.016977 0.005008 0.00079021 0.15208 0.00053859
0.016995 0.0050097 0.00078946 0.15172 0.0005385
0.017012 0.0050113 0.00078863 0.15133 0.00053833
0.017031 0.0050016 0.00078796 0.15102 0.00053831
0.017053 0.0049921 0.00078742 0.15078 0.00053841
0.017073 0.0049825 0.0007868 0.15049 0.00053843
0.017092 0.0049727 0.0007861 0.15017 0.00053839
0.017114 0.0049632 0.00078139 0.14993 0.00053849
0.017138 0.0049538 0.00077696 0.14976 0.00053872
0.01716 0.0049444 0.00077236 0.14954 0.00053887
0.017185 0.00491 0.00076803 0.14922 0.00053914
0.017213 0.0048762 0.00076396 0.14897 0.00053755
0.017244 0.004843 0.00076017 0.14881 0.00053188
0.017278 0.0048104 0.00075662 0.14871 0.00052671
0.017315 0.0047782 0.00075294 0.14868 0.00052129
0.01735 0.0047459 0.00074913 0.14875 0.00051562
0.017389 0.004714 0.00074556 0.14888 0.00051042
0.017426 0.0046818 0.00074185 0.14898 0.00050495
0.017461 0.0046495 0.00073801 0.14903 0.00049922
0.0175 0.0046177 0.00073444 0.14917 0.00049405
0.017537 0.0045856 0.00073073 0.14926 0.0004886
0.017572 0.0045533 0.0007269 0.14932 0.00048289
0.01761 0.0045216 0.0007233 0.14944 0.00047766
0.017653 0.0044903 0.00071992 0.14963 0.00047287
0.017699 0.0044596 0.00071679 0.1499 0.00045788
0.01775 0.0044294 0.00071386 0.15025 0.00044412
0.017801 0.0043112 0.00070305 0.15202 0.00039435
0.017793 0.0042814 0.00070053 0.15255 0.00038295
0.017784 0.0042514 0.00069792 0.15303 0.00037102
0.017776 0.0042212 0.0006952 0.15362 0.00035855
0.017768 0.0041915 0.00069269 0.15416 0.00034726
0.017761 0.0041623 0.00069036 0.15458 0.0003369
0.017756 0.0041336 0.00068823 0.1551 0.00032752
0.017751 0.0041047 0.00068601 0.15557 0.00031771
0.017746 0.0040763 0.00068396 0.15612 0.00030871
0.017744 0.0040484 0.00068209 0.1566 0.00030056
0.017742 0.004021 0.00068037 0.15717 0.00029308
0.01774 0.003994 0.00067855 0.15768 0.00028521
0.017738 0.0039669 0.00067666 0.15814 0.00027698
0.017737 0.0039402 0.00067494 0.15871 0.00026954
0.017712 0.0039141 0.00067339 0.15937 0.0002628
0.017689 0.0038883 0.00067199 0.16013 0.00025662
0.017668 0.0038624 0.00067072 0.161 0.00025095
0.01765 0.0038368 0.00066959 0.16199 0.00024574
0.017634 0.0038121 0.00066862 0.16313 0.00024104
0.017617 0.0037873 0.00066756 0.16419 0.00023609
0.017602 0.0037629 0.00066665 0.16541 0.00023161
0.017589 0.0037382 0.00066566 0.16696 0.0002269
0.017576 0.0037141 0.00066459 0.16841 0.00022194
0.017564 0.0036897 0.00066365 0.16871 0.00021739
0.017551 0.0036658 0.00066263 0.17113 0.00021696
0.017536 0.0036417 0.00066153 0.18279 0.00021649
0.017521 0.003618 0.00066035 0.19381 0.00021596
0.017508 0.0035946 0.0006593 0.20605 0.00021553
0.017494 0.0035711 0.00065818 0.21753 0.00021503
0.017478 0.0035473 0.00065698 0.22839 0.00021449
0.017462 0.0035234 0.0006557 0.23866 0.0002139
0.017447 0.0034999 0.00065456 0.25006 0.00021138
0.017432 0.0034762 0.00065334 0.26084 0.00020874
0.017374 0.0034529 0.00065228 0.27302 0.00020636
0.017313 0.0034294 0.00065115 0.28453 0.00020386
0.017257 0.0034063 0.00065014 0.29732 0.00020158
0.017206 0.0033836 0.00064926 0.31151 0.00019949
0.017047 0.0033612 0.00064851 0.32726 0.00019759
0.016901 0.0033386 0.00064761 0.34476 0.00019143
0.016881 0.0033159 0.00064663 0.36118 0.00018494
0.016861 0.0032929 0.00064557 0.37659 0.00017811
0.016838 0.0032697 0.00064472 0.39105 0.00017093
0.016815 0.0032464 0.00064378 0.40464 0.00016337
0.01679 0.0032228 0.00064277 0.4174 0.00015543
0.016768 0.0031996 0.0006419 0.42167 0.00014823
0.016748 0.0031769 0.00064117 0.42299 0.00014171
0.016731 0.0031546 0.00064058 0.42305 0.00013578
0.016713 0.0031321 0.00063993 0.42309 0.00012961
0.016694 0.0031095 0.00063923 0.42308 0.00012323
0.016677 0.0030873 0.00063865 0.42317 0.00011736
0.016659 0.003065 0.00063803 0.42323 0.00011134
0.016643 0.0030429 0.00063749 0.42336 0.00010567
0.016628 0.0030211 0.00063695 0.42355 0.00010032
0.016613 0.0029992 0.0006364 0.42372 9.4885e-05
0.016597 0.0029772 0.00063586 0.42806 8.9371e-05
0.016582 0.0029555 0.00063531 0.43268 8.4126e-05
0.016568 0.0029338 0.00063476 0.43721 7.8805e-05
0.016554 0.0029122 0.00063422 0.44203 7.3744e-05
0.016541 0.0028909 0.00063366 0.44717 6.8929e-05
0.016528 0.0028695 0.00063311 0.4522 6.4044e-05
0.016447 0.0028484 0.00063256 0.46009 5.9445e-05
0.016365 0.0028272 0.000632 0.46786 5.4761e-05
0.016288 0.0028062 0.00063144 0.47624 5.0357e-05
0.016209 0.0027855 0.00063089 0.4844 4.6227e-05
0.016135 0.0027651 0.00063032 0.49327 4.2372e-05
0.016067 0.002745 0.00062976 0.50305 3.8807e-05
0.016004 0.0027252 0.0006292 0.51417 3.5528e-05
0.015939 0.0027052 0.00062863 0.52475 3.217e-05
0.015871 0.0026852 0.00062807 0.53442 2.869e-05
0.015808 0.0026654 0.0006275 0.54502 2.5456e-05
0.01575 0.0026459 0.00062693 0.55661 2.2448e-05
0.015696 0.0026266 0.00062636 0.56927 1.9645e-05
0.015639 0.0026073 0.00062578 0.5814 1.9308e-05
0.015581 0.0025878 0.00062521 0.59303 1.8955e-05
0.015528 0.0025687 0.00062463 0.60604 1.8637e-05
0.015474 0.0025494 0.00062405 0.61853 1.8302e-05
0.015424 0.0025304 0.00062359 0.63234 1.8e-05
0.015372 0.0025113 0.00062307 0.64553 1.7682e-05
0.015318 0.0024921 0.00062249 0.65801 1.7342e-05
0.015261 0.0024727 0.00062183 0.66909 1.698e-05
0.015096 0.0024532 0.0006211 0.67473 1.6593e-05
0.014923 0.002434 0.00062051 0.68001 1.6248e-05
0.014766 0.0024151 0.00062005 0.68599 1.5942e-05
0.014602 0.0023961 0.00061953 0.69154 1.5617e-05
0.014454 0.0023775 0.00061915 0.69782 1.5328e-05
0.014315 0.0023591 0.00061886 0.7047 1.5065e-05
0.014174 0.0023407 0.00061855 0.71142 1.4794e-05
0.014042 0.0023222 0.00061832 0.71866 1.4542e-05
0.013907 0.0023037 0.00061806 0.72574 1.4282e-05
0.013779 0.0022853 0.00061788 0.73335 1.404e-05
0.013659 0.0022672 0.00061778 0.74024 1.3816e-05
0.013537 0.0022493 0.00061765 0.74701 1.3585e-05
0.013421 0.0022315 0.00061759 0.75428 1.3369e-05
0.013302 0.0022137 0.00061751 0.7614 1.3145e-05
0.013191 0.0021961 0.0006175 0.76278 1.2938e-05
0.013086 0.0021787 0.00061757 0.7643 1.2746e-05
0.012986 0.0021609 0.00061771 0.76595 1.2567e-05
0.012884 0.002143 0.00061782 0.76756 1.2381e-05
0.012781 0.0021251 0.00061791 0.76914 1.219e-05
0.012682 0.0021074 0.00061806 0.76906 1.201e-05
0.012583 0.0020897 0.00061819 0.76897 1.1825e-05
0.012482 0.0020719 0.0006183 0.76887 1.1634e-05
0.012388 0.0020544 0.00061851 0.76886 1.1462e-05
0.0123 0.0020371 0.00061881 0.76891 1.1306e-05
0.01221 0.0020197 0.00061907 0.76894 1.1141e-05
0.011916 0.0020026 0.00061944 0.76886 1.0994e-05
0.011612 0.0019854 0.00061974 0.76875 1.0835e-05
0.011295 0.001968 0.00061999 0.7686 1.0663e-05
0.010963 0.001951 0.00062016 0.76839 1.0541e-05
0.010654 0.0019342 0.00062043 0.76825 1.0433e-05
0.010361 0.0019176 0.00062078 0.76817 1.0337e-05
0.010087 0.0019012 0.00062122 0.76816 1.0253e-05
0.0098059 0.0018847 0.00062162 0.76812 1.0162e-05
0.0095435 0.0018685 0.00062212 0.76815 1.0084e-05
0.0093138 0.0018525 0.00061984 0.76807 1.0023e-05
0.0091005 0.0018367 0.00061771 0.76806 9.9748e-06
0.0088786 0.0018208 0.00061549 0.76801 9.9167e-06
0.0086732 0.0018049 0.00061343 0.76806 9.8726e-06
0.0084849 0.0017891 0.00061152 0.7682 9.8445e-06
0.0083124 0.0017737 0.00060978 0.76842 9.8321e-06
0.0081321 0.0017585 0.00060795 0.76859 9.8888e-06
0.007949 0.0017433 0.00060609 0.76875 9.9401e-06
0.0077746 0.0017282 0.00060432 0.76896 9.9998e-06
0.0075975 0.0017131 0.00060252 0.76916 1.0054e-05
0.0074301 0.0016981 0.00060081 0.76941 1.0119e-05
0.0072602 0.0016831 0.00059908 0.76964 1.0178e-05
0.0070879 0.0016681 0.00059731 0.76987 1.0233e-05
0.0069251 0.0016532 0.00059565 0.7686 1.0297e-05
0.0067598 0.0016383 0.00059395 0.76731 1.0357e-05
0.0065922 0.0016234 0.00059223 0.76599 1.0411e-05
0.0064327 0.0016086 0.00059059 0.76476 1.0474e-05
0.0062706 0.0015938 0.00058892 0.7635 1.0532e-05
0.0061059 0.0015789 0.00058722 0.76221 1.0584e-05
0.0059506 0.0015642 0.00058562 0.76102 1.0647e-05
0.0057901 0.0015495 0.00058396 0.75978 1.0701e-05
0.0056568 0.0015346 0.00058248 0.75841 1.0743e-05
0.0055167 0.0015202 0.00058091 0.75693 1.1529e-05
0.0053896 0.0015058 0.00057927 0.75283 1.2277e-05
0.0052744 0.0014916 0.00057778 0.74793 1.2476e-05
0.0051649 0.0014776 0.00057638 0.74333 1.2688e-05
0.0050536 0.0014636 0.00057495 0.73864 1.2893e-05
0.0049407 0.0014495 0.00057349 0.73386 1.3092e-05
0.0048259 0.0014353 0.000572 0.72897 1.3284e-05
0.0047093 0.0014212 0.00057048 0.72398 1.3469e-05
0.0045907 0.001407 0.00056893 0.71887 1.3647e-05
0.0044704 0.0013927 0.00056748 0.71366 1.3819e-05
0.0043484 0.0013784 0.000566 0.70835 1.3985e-05
0.0042247 0.0013641 0.0005645 0.70295 1.4144e-05
0.0041069 0.00135 0.00056307 0.69786 1.4316e-05
0.0039871 0.0013357 0.00056162 0.69267 1.4482e-05
0.0038777 0.0013214 0.0005603 0.68699 1.4632e-05
0.0037664 0.0013069 0.00055895 0.68118 1.4776e-05
0.0036614 0.0012927 0.00055768 0.67577 1.4935e-05
0.0035548 0.0012784 0.0005564 0.67027 1.5087e-05
0.0034469 0.001264 0.00055509 0.66466 1.5234e-05
0.0033374 0.0012497 0.00055375 0.65895 1.5374e-05
0.003234 0.0012355 0.0005525 0.65264 1.553e-05
0.0031355 0.0012214 0.00055132 0.64671 1.5698e-05
0.0030355 0.0012073 0.00055012 0.64066 1.586e-05
0.0029341 0.0011932 0.00054889 0.63449 1.6015e-05
0.0028383 0.0011792 0.00054775 0.62875 1.6187e-05
0.0027405 0.0011651 0.00054657 0.62285 1.6349e-05
0.0026518 0.0011514 0.00054532 0.61587 1.6497e-05
0.0025701 0.0011378 0.0005442 0.60977 1.6668e-05
0.002496 0.0011245 0.00054322 0.60437 1.6869e-05
0.0024278 0.0011115 0.00054209 0.59966 1.7096e-05
0.0023586 0.0010984 0.00054094 0.59486 1.7316e-05
0.0022932 0.0010854 0.00053988 0.59039 1.7555e-05
0.0022314 0.0010726 0.00053889 0.58545 1.7813e-05
0.0021731 0.0010599 0.00053799 0.58086 1.8091e-05
0.0021138 0.0010472 0.00053705 0.57617 1.836e-05
0.0020536 0.0010345 0.0005361 0.57138 1.8622e-05
0.0019963 0.0010218 0.00053521 0.56687 1.8901e-05
0.0019416 0.0010093 0.00053438 0.56264 1.9198e-05
0.0018896 0.00099693 0.00053363 0.55867 1.9513e-05
0.0018369 0.00098451 0.00053285 0.55462 1.9821e-05
0.0017834 0.00097206 0.00053204 0.55048 2.012e-05
0.0017288 0.00095956 0.0005312 0.54982 2.0408e-05
0.001677 0.00094718 0.00053043 0.54924 2.0715e-05
0.0016244 0.00093477 0.00052963 0.54864 2.1014e-05
0.0015744 0.00092232 0.00052256 0.54793 2.0805e-05
0.0015273 0.00091002 0.00051575 0.54732 2.0615e-05
0.0014794 0.00089767 0.00050887 0.54667 2.0416e-05
0.0014344 0.00088548 0.00050227 0.54612 2.0239e-05
0.0013936 0.00087319 0.00049548 0.54568 2.0044e-05
0.0013504 0.00086137 0.00048846 0.54519 1.9829e-05
0.0013106 0.00084974 0.00048181 0.5448 1.9643e-05
0.0012745 0.00083832 0.00047558 0.54452 1.9487e-05
0.0012404 0.00082702 0.00046958 0.54431 1.9348e-05
0.0012081 0.00081583 0.00046379 0.54416 1.9224e-05
0.0011752 0.00080462 0.00045793 0.544 1.9092e-05
0.0011442 0.00079352 0.0004523 0.54389 1.8976e-05
0.0011149 0.00078255 0.00044687 0.54155 1.8875e-05
0.0010872 0.00077169 0.00044165 0.53938 1.8789e-05
0.001061 0.0007608 0.00043638 0.53737 1.8697e-05
0.0010363 0.00075004 0.0004313 0.53552 1.8619e-05
0.0010128 0.00073937 0.00042639 0.53378 1.8553e-05
0.00099047 0.0007288 0.00042165 0.53217 1.85e-05
0.00096993 0.0007184 0.00041675 0.53074 1.8317e-05
0.00094902 0.00070797 0.00041179 0.52927 1.8126e-05
0.00092774 0.00069751 0.00040677 0.52776 1.7927e-05
0.00090769 0.00068701 0.00040194 0.52638 1.7746e-05
0.00088735 0.00067649 0.00039707 0.52497 1.7558e-05
0.00086814 0.00066608 0.00039239 0.52367 1.7387e-05
0.00084862 0.000667 0.00038765 0.5246 1.7209e-05
0.00083003 0.00066794 0.00038306 0.5256 1.7045e-05
0.00081234 0.00066891 0.00037863 0.52669 1.6894e-05
0.00079551 0.0006699 0.00037434 0.52787 1.6756e-05
0.00077839 0.00067087 0.00037 0.52902 1.6611e-05
0.000761 0.00067184 0.00036561 0.53013 1.6459e-05
0.00074458 0.00067282 0.00036137 0.53134 1.632e-05
0.0007279 0.00067379 0.00035707 0.53252 1.6175e-05
0.00071094 0.00067475 0.00035273 0.53366 1.6023e-05
0.00069494 0.00067574 0.00034856 0.53492 1.5886e-05
0.00067994 0.00067676 0.00034457 0.5363 1.5766e-05
0.00066636 0.00067784 0.00034084 0.53789 1.5631e-05
0.000654 0.00067896 0.00033734 0.53971 1.552e-05
0.00064261 0.00068006 0.00033374 0.54181 1.5402e-05
0.00063076 0.00068112 0.00033004 0.54381 1.5271e-05
0.00061996 0.00068224 0.00032656 0.54607 1.5163e-05
0.00060995 0.00068339 0.00032326 0.54856 1.5073e-05
0.00059951 0.00068452 0.00031987 0.55092 1.4971e-05
0.00058859 0.00068561 0.00031636 0.55372 1.4855e-05
0.00057717 0.00068668 0.00031275 0.55635 1.4725e-05
0.00056667 0.00068779 0.00030934 0.55929 1.4616e-05
0.00055563 0.00068886 0.0003058 0.56205 1.4491e-05
0.000544 0.00068991 0.00030214 0.56462 1.4351e-05
0.00053347 0.000691 0.00029872 0.56755 1.4235e-05
0.00052239 0.00069206 0.00029518 0.57029 1.4105e-05
0.00048765 0.00069309 0.00029134 0.57341 1.3998e-05
0.00045137 0.00069408 0.00028739 0.57634 1.3878e-05
0.00041798 0.00069505 0.00028332 0.57975 1.3743e-05
0.00038708 0.00069598 0.00027946 0.58351 1.3627e-05
0.00035773 0.00069695 0.00027573 0.58753 1.3523e-05
0.00032789 0.00069794 0.00027214 0.59146 1.3432e-05
0.00029969 0.00069892 0.00026851 0.59569 1.3335e-05
0.00027104 0.00069988 0.00026485 0.59983 1.3232e-05
0.00024398 0.00070088 0.00026132 0.60428 1.3141e-05
0.00021648 0.00070186 0.00025775 0.60864 1.3045e-05
0.00019054 0.00070287 0.00025432 0.61334 1.2961e-05
0.00016663 0.00070385 0.00025108 0.61855 1.2895e-05
0.00015584 0.00070489 0.00024804 0.62439 1.285e-05
0.0001447 0.0007059 0.00024493 0.62999 1.2796e-05
0.00013437 0.00070695 0.00024199 0.63616 1.2757e-05
0.00012376 0.00070798 0.00023898 0.64212 1.271e-05
0.00011391 0.00070905 0.00023613 0.64868 1.2679e-05
0.00010497 0.00071018 0.00023347 0.65609 1.2312e-05
9.6852e-05 0.00071136 0.00023098 0.66447 1.1984e-05
8.8317e-05 0.00071251 0.0002284 0.67234 1.1634e-05
7.9541e-05 0.00071364 0.00022577 0.67993 1.1271e-05
7.1246e-05 0.0007148 0.00022325 0.68809 1.093e-05
6.2747e-05 0.00071595 0.00022067 0.69601 1.0577e-05
5.4746e-05 0.00071712 0.00021821 0.70455 1.0247e-05
4.7476e-05 0.00071835 0.00021591 0.7142 9.9516e-06
4.087e-05 0.00071964 0.00021376 0.72511 9.6883e-06
3.4869e-05 0.00072098 0.00021177 0.73743 9.4545e-06
2.9417e-05 0.00072238 0.00020992 0.75135 9.2477e-06
2.3715e-05 0.00072375 0.000208 0.76452 9.0264e-06
2.2939e-05 0.00072508 0.00020601 0.77698 8.7899e-06
2.2247e-05 0.00072647 0.00020416 0.79105 8.5803e-06
2.1501e-05 0.00072783 0.00020224 0.80426 8.3545e-06
2.2061e-05 0.00072915 0.00020025 0.81675 8.1135e-06
2.2577e-05 0.00073053 0.00019819 0.82857 7.8571e-06
2.2332e-05 0.00073197 0.00019627 0.84193 7.6285e-06
2.2142e-05 0.00073347 0.00019449 0.85755 7.4254e-06
2.1912e-05 0.00073493 0.00019264 0.87222 7.2066e-06
2.1726e-05 0.00073636 0.0001909 0.87723 7.0098e-06
2.1505e-05 0.00073775 0.0001891 0.88197 6.7974e-06
2.1307e-05 0.00073918 0.00018736 0.88702 6.5969e-06
2.1091e-05 0.00074059 0.0001856 0.89197 6.3902e-06
2.0898e-05 0.00074202 0.0001839 0.89724 6.1944e-06
2.0687e-05 0.00074345 0.00018218 0.9024 5.9931e-06
2.0459e-05 0.00074486 0.00018044 0.90748 5.7862e-06
2.0253e-05 0.00074629 0.00017876 0.91288 5.59e-06
2.0029e-05 0.00074772 0.00017706 0.91817 5.3879e-06
1.9832e-05 0.00074917 0.00017543 0.92385 5.198e-06
1.9662e-05 0.00075066 0.00017387 0.93004 5.0202e-06
1.9472e-05 0.00075213 0.00017229 0.93608 4.8359e-06
1.9317e-05 0.00075365 0.00017079 0.93854 4.6664e-06
1.9209e-05 0.00075522 0.0001694 0.93928 4.5153e-06
1.9068e-05 0.00075676 0.00016796 0.93998 4.3534e-06
1.8894e-05 0.00075827 0.00016646 0.94064 4.1805e-06
1.8767e-05 0.00075984 0.00016507 0.9414 4.0257e-06
1.8605e-05 0.00076138 0.00016363 0.94212 3.8594e-06
1.8488e-05 0.00076297 0.00016229 0.94294 3.7102e-06
1.8416e-05 0.00076461 0.00016105 0.94388 3.5769e-06
1.8311e-05 0.00076623 0.00015976 0.94475 3.4336e-06
1.8172e-05 0.0007678 0.00015842 0.94558 3.2798e-06
1.8079e-05 0.00076944 0.00015718 0.94652 3.1422e-06
1.7951e-05 0.00077104 0.00015588 0.94741 2.9938e-06
1.7852e-05 0.00077268 0.00015466 0.94837 2.8556e-06
1.7734e-05 0.00077431 0.00015341 0.94932 2.7124e-06
1.7637e-05 0.00077596 0.00015221 0.95034 2.5764e-06
1.7521e-05 0.0007776 0.00015099 0.95133 2.4351e-06
1.7431e-05 0.00077928 0.00014983 0.95241 2.3025e-06
1.7317e-05 0.00078093 0.00014864 0.95345 2.1634e-06
1.718e-05 0.00078256 0.00014741 0.95445 2.0177e-06
1.7079e-05 0.00078424 0.00014627 0.95557 1.8838e-06
1.7022e-05 0.00078589 0.00014522 0.95684 1.7629e-06
1.6944e-05 0.00078751 0.00014414 0.95808 1.6367e-06
1.6888e-05 0.00078917 0.00014312 0.95941 1.5169e-06
1.6814e-05 0.00079082 0.00014207 0.96071 1.3927e-06
1.6763e-05 0.0007925 0.00014108 0.96211 1.2748e-06
1.6695e-05 0.00079416 0.00014006 0.96348 1.153e-06
1.6646e-05 0.00079586 0.00013909 0.96495 1.0361e-06
1.6616e-05 0.00079759 0.00013817 0.96652 9.244e-07
1.6614e-05 0.00079936 0.0001373 0.96824 8.1929e-07
1.6587e-05 0.0008011 0.0001364 0.96989 7.085e-07
1.6594e-05 0.0008029 0.00013557 0.97172 6.0557e-07
1.6643e-05 0.00080466 0.00013538 0.97378 5.9533e-07
1.6723e-05 0.00080647 0.00013523 0.97604 5.8694e-07
1.6772e-05 0.00080824 0.00013504 0.97819 5.7447e-07
1.679e-05 0.00080998 0.00013483 0.98023 5.5783e-07
1.6851e-05 0.00081179 0.00013468 0.98261 5.4411e-07
1.6956e-05 0.00081355 0.00013459 0.98339 5.3319e-07
1.7081e-05 0.00081535 0.00013453 0.98423 5.2277e-07
1.7225e-05 0.00081718 0.00013449 0.98512 5.1273e-07
1.7352e-05 0.00081899 0.00013445 0.986 5.0005e-07
1.7499e-05 0.0008207 0.00013443 0.98694 4.8774e-07
1.7629e-05 0.00082239 0.0001344 0.98786 4.7272e-07
1.7741e-05 0.00082406 0.00013436 0.98876 4.5499e-07
1.7872e-05 0.00082577 0.00013434 0.98972 4.3758e-07
1.7987e-05 0.00082746 0.00013432 0.99066 4.1755e-07
1.8084e-05 0.00082914 0.00013428 0.99159 3.9481e-07
1.8206e-05 0.00083085 0.00013427 0.99174 3.728e-07
1.8348e-05 0.00083259 0.00013429 0.99192 3.5107e-07
1.8471e-05 0.00083432 0.0001343 0.99209 3.2658e-07
1.8633e-05 0.0008361 0.00013302 0.99229 3.0372e-07
1.8824e-05 0.00083792 0.00013181 0.99252 2.8154e-07
1.9036e-05 0.00083978 0.00013063 0.99277 2.594e-07
1.9274e-05 0.00084167 0.00012952 0.99301 2.3757e-07
1.9539e-05 0.00084359 0.00012845 0.99327 2.1596e-07
1.9833e-05 0.00084556 0.00012743 0.99355 1.945e-07
2.0106e-05 0.0008475 0.0001264 0.99383 1.7039e-07
2.036e-05 0.00084943 0.00012534 0.9941 1.4366e-07
2.0668e-05 0.00085132 0.00012423 0.99442 1.6588e-07
2.1034e-05 0.00085328 0.00012322 0.99479 1.8953e-07
2.1362e-05 0.0008553 0.00012215 0.99514 2.0965e-07
2.1648e-05 0.00085728 0.00012104 0.99548 2.2609e-07
2.1982e-05 0.00085933 0.00012002 0.99585 2.4397e-07
2.2297e-05 0.00086137 0.00011897 0.99622 2.5933e-07
2.2638e-05 0.00086343 0.00011797 0.99661 2.7451e-07
2.3006e-05 0.00086553 0.00011701 0.99666 2.8955e-07
2.3354e-05 0.00086761 0.00011604 0.99671 3.0202e-07
2.3729e-05 0.00086973 0.0001151 0.99677 3.1436e-07
2.4084e-05 0.00087183 0.00011414 0.99682 3.2412e-07
2.4466e-05 0.00087396 0.00011322 0.99689 3.3377e-07
2.4828e-05 0.00087608 0.00011229 0.99696 3.4082e-07
2.5234e-05 0.00087817 0.00011141 0.99704 3.4859e-07
2.5695e-05 0.00088032 0.0001106 0.99713 3.5749e-07
2.6213e-05 0.00088252 0.00010984 0.99724 3.6763e-07
2.6497e-05 0.00088479 0.00010914 0.99735 3.7917e-07
2.6738e-05 0.00088702 0.0001084 0.99744 3.8672e-07
2.703e-05 0.00088931 0.00010772 0.99756 3.9571e-07
2.7386e-05 0.00089167 0.00010711 0.99769 4.0713e-07
2.7716e-05 0.000894 0.00010647 0.99783 4.1559e-07
2.8088e-05 0.00089639 0.00010588 0.99798 4.2486e-07
2.8497e-05 0.00089882 0.00010533 0.99797 4.3464e-07
2.8945e-05 0.00090128 0.00010481 0.99797 4.4496e-07
2.9432e-05 0.00090379 0.00010432 0.99798 4.5584e-07
2.9954e-05 0.00090634 0.00010387 0.99799 4.6695e-07
3.0453e-05 0.00090887 0.0001034 0.99801 4.7537e-07
3.0994e-05 0.00091144 0.00010296 0.99803 4.844e-07
3.1514e-05 0.00091399 0.00010251 0.99805 4.9083e-07
3.2071e-05 0.00091659 0.00010209 0.99808 4.9751e-07
3.2604e-05 0.00091916 0.00010165 0.99811 5.015e-07
3.3175e-05 0.00092177 0.00010125 0.99813 5.0576e-07
3.3722e-05 0.00092437 0.00010083 0.99816 5.0732e-07
3.4246e-05 0.00092695 0.00010039 0.99818 5.062e-07
3.4815e-05 0.00092957 9.9991e-05 0.99821 5.0571e-07
3.5361e-05 0.00093217 9.9576e-05 0.99824 5.0252e-07
3.5953e-05 0.00093482 9.9193e-05 0.99828 4.9997e-07
3.6523e-05 0.00093745 9.8798e-05 0.99832 4.948e-07
3.7133e-05 0.00094012 9.843e-05 0.99837 4.899e-07
3.7784e-05 0.00094284 9.8088e-05 0.99842 4.8524e-07
3.8478e-05 0.00094559 9.7771e-05 0.99848 4.8082e-07
3.9216e-05 0.00094837 9.7481e-05 0.99854 4.7662e-07
3.993e-05 0.00095115 9.7178e-05 0.99861 4.6982e-07
4.069e-05 0.00095396 9.6901e-05 0.99869 4.6324e-07
4.1424e-05 0.00095675 9.6611e-05 0.99876 4.5398e-07
4.2214e-05 0.00095959 9.6351e-05 0.99884 4.4527e-07
4.3053e-05 0.00096246 9.6116e-05 0.99881 4.3672e-07
4.3865e-05 0.00096532 9.5868e-05 0.99878 4.2552e-07
4.4736e-05 0.00096823 9.5649e-05 0.99876 4.1482e-07
4.5671e-05 0.00097118 9.546e-05 0.99875 4.0458e-07
4.6578e-05 0.00097411 9.5257e-05 0.99873 3.917e-07
4.7549e-05 0.00097709 9.5084e-05 0.99872 3.7926e-07
4.8578e-05 0.0009801 9.4935e-05 0.99856 3.6689e-07
4.9679e-05 0.00098311 9.4814e-05 0.99772 3.5489e-07
5.0855e-05 0.00098615 9.4721e-05 0.99694 3.4322e-07
5.2002e-05 0.00098918 9.4617e-05 0.99615 3.2902e-07
5.3213e-05 0.00099225 9.4537e-05 0.99541 3.1478e-07
5.4393e-05 0.00099531 9.4445e-05 0.99466 2.9795e-07
5.564e-05 0.0009984 9.4376e-05 0.99395 2.8105e-07
5.6853e-05 0.0010015 9.4294e-05 0.99323 2.6157e-07
5.8151e-05 0.0010046 9.4242e-05 0.99256 2.4234e-07
5.7888e-05 0.0010078 9.4229e-05 0.99179 2.2405e-07
5.7685e-05 0.001011 9.425e-05 0.99109 2.0622e-07
5.7443e-05 0.0010143 9.425e-05 0.99036 1.8533e-07
5.7291e-05 0.0010176 9.4203e-05 0.98823 1.6536e-07
5.7081e-05 0.0010208 9.4126e-05 0.98596 1.4173e-07
5.696e-05 0.0010241 9.4098e-05 0.98395 1.194e-07
5.6788e-05 0.0010275 9.4042e-05 0.9818 1.4143e-07
5.6564e-05 0.0010309 9.3961e-05 0.97952 1.6015e-07
5.6296e-05 0.0010342 9.3855e-05 0.97713 1.7576e-07
5.6105e-05 0.0010377 9.3793e-05 0.97435 1.9208e-07
5.5874e-05 0.001041 9.371e-05 0.97144 2.0541e-07
5.5599e-05 0.0010444 9.3605e-05 0.9684 2.1569e-07
5.5392e-05 0.0010477 9.3537e-05 0.96491 2.2638e-07
5.5235e-05 0.0010511 9.3498e-05 0.96168 2.3701e-07
5.505e-05 0.0010544 9.3445e-05 0.95836 2.4503e-07
5.4927e-05 0.0010578 9.1426e-05 0.95537 2.532e-07
5.478e-05 0.0010612 8.9382e-05 0.95232 2.5882e-07
5.4607e-05 0.0010645 8.7312e-05 0.94919 2.6189e-07
5.4498e-05 0.001068 8.5341e-05 0.94167 2.6546e-07
5.4439e-05 0.0010714 8.3447e-05 0.93467 2.6904e-07
5.4346e-05 0.0010749 8.1516e-05 0.92745 2.6977e-07
5.4214e-05 0.0010784 7.954e-05 0.91994 2.6747e-07
5.4042e-05 0.0010819 7.7517e-05 0.91212 2.6212e-07
5.3824e-05 0.0010853 7.5438e-05 0.9039 2.5351e-07
5.3677e-05 0.0010889 7.3467e-05 0.89648 2.4562e-07
5.3621e-05 0.0010925 7.1678e-05 0.8899 2.3888e-07
5.3647e-05 0.0010962 7.0001e-05 0.88407 2.3323e-07
5.3744e-05 0.0010998 6.8269e-05 0.87882 2.2421e-07
5.3792e-05 0.0011035 6.6481e-05 0.87327 2.1182e-07
5.3924e-05 0.0011072 6.4806e-05 0.86836 2.0056e-07
5.4129e-05 0.0011109 6.3249e-05 0.86407 1.8989e-07
5.4277e-05 0.0011147 6.1634e-05 0.8595 2.4162e-07
5.4512e-05 0.0011185 6.0122e-05 0.85546 2.9751e-07
5.4822e-05 0.0011175 5.8732e-05 0.85076 3.5714e-07
5.5219e-05 0.0011166 5.7429e-05 0.84658 4.2173e-07
5.5687e-05 0.0011158 5.6193e-05 0.84279 4.9033e-07
5.6228e-05 0.001115 5.1512e-05 0.83934 5.6334e-07
5.6741e-05 0.0011142 4.6776e-05 0.83581 6.3281e-07
5.7312e-05 0.0011135 4.2215e-05 0.83253 7.0557e-07
5.7932e-05 0.0011128 3.7796e-05 0.82897 7.8098e-07
5.8524e-05 0.001112 3.333e-05 0.82534 8.5293e-07
5.9166e-05 0.0011113 2.9001e-05 0.82193 9.276e-07
5.978e-05 0.0011106 2.8645e-05 0.81844 9.9869e-07
6.0444e-05 0.0011099 2.8303e-05 0.81516 1.0726e-06
6.1082e-05 0.0011092 2.7953e-05 0.81182 1.1432e-06
6.1782e-05 0.0011085 2.7618e-05 0.80876 1.2168e-06
6.2454e-05 0.0011079 2.7273e-05 0.80564 1.2867e-06
6.3189e-05 0.0011072 2.6945e-05 0.80274 1.3607e-06
6.399e-05 0.0011066 2.6635e-05 0.80004 1.439e-06
6.4895e-05 0.001106 2.6308e-05 0.79762 1.5115e-06
6.5886e-05 0.0010969 2.6001e-05 0.7954 1.5894e-06
6.6969e-05 0.001088 2.5715e-05 0.78964 1.6733e-06
6.8016e-05 0.0010791 2.5418e-05 0.78375 1.753e-06
6.9027e-05 0.0010701 2.5112e-05 0.77771 1.8286e-06
7.0007e-05 0.0010611 2.4796e-05 0.77155 1.9004e-06
7.1065e-05 0.0010522 2.4497e-05 0.76582 1.9771e-06
7.209e-05 0.0010433 2.4188e-05 0.75991 2.0499e-06
7.3083e-05 0.0010344 2.3871e-05 0.75388 2.1189e-06
7.4156e-05 0.0010255 2.3569e-05 0.74826 2.1927e-06
7.5196e-05 0.0010167 2.3259e-05 0.74254 2.2628e-06
7.6358e-05 0.0010079 2.2973e-05 0.73738 2.2162e-06
7.7469e-05 0.00099917 2.2674e-05 0.73204 2.1648e-06
7.8537e-05 0.00099036 2.2364e-05 0.72654 2.109e-06
7.9707e-05 0.00098166 2.2222e-05 0.72031 2.0587e-06
8.0833e-05 0.00097293 2.207e-05 0.71389 2.0041e-06
8.1916e-05 0.00096417 2.1908e-05 0.70728 1.9451e-06
8.293e-05 0.00095555 2.1731e-05 0.69992 1.8798e-06
8.3895e-05 0.00094688 2.1543e-05 0.69228 1.8093e-06
8.4968e-05 0.00093834 2.1372e-05 0.68535 1.7454e-06
8.4313e-05 0.00092992 2.0264e-05 0.67912 1.6882e-06
8.3628e-05 0.00092147 1.914e-05 0.67275 1.6275e-06
8.2913e-05 0.000913 1.8001e-05 0.66625 1.5631e-06
8.2267e-05 0.00090462 1.6902e-05 0.65908 1.5027e-06
8.1688e-05 0.00089633 1.5841e-05 0.6524 1.4459e-06
8.1165e-05 0.00088812 1.4811e-05 0.64612 1.3918e-06
8.0616e-05 0.00087989 1.3768e-05 0.63973 1.3345e-06
8.0131e-05 0.00087176 1.2761e-05 0.63378 1.2805e-06
7.971e-05 0.00086371 1.1789e-05 0.62825 1.2298e-06
7.9368e-05 0.00085578 1.086e-05 0.62319 1.1833e-06
7.896e-05 0.00084777 9.8965e-06 0.619 1.1301e-06
7.8641e-05 0.00083988 8.9805e-06 0.61522 1.0818e-06
7.8409e-05 0.00083212 8.1091e-06 0.60343 1.0381e-06
7.8254e-05 0.00082447 7.2757e-06 0.59264 9.9809e-07
7.8169e-05 0.00081692 6.4758e-06 0.58272 9.6125e-07
7.8166e-05 0.00080949 5.6249e-06 0.57371 9.2815e-07
7.8123e-05 0.00080201 4.754e-06 0.56437 8.9103e-07
7.8037e-05 0.00079449 3.8626e-06 0.55469 8.4983e-07
7.7887e-05 0.0007869 3.7081e-06 0.54439 8.0311e-07
7.7802e-05 0.0007794 3.5589e-06 0.53487 7.5907e-07
7.7765e-05 0.00077198 3.413e-06 0.52592 7.1657e-07
7.7702e-05 0.00076453 3.261e-06 0.51678 6.7099e-07
7.7614e-05 0.00075705 3.1034e-06 0.50748 6.2246e-07
7.7584e-05 0.00074967 2.95e-06 0.49881 5.7595e-07
7.7527e-05 0.00074236 2.7906e-06 0.48996 5.2639e-07
7.7445e-05 0.00073503 2.6255e-06 0.48095 4.7389e-07
7.734e-05 0.00072768 2.4546e-06 0.47177 4.1845e-07
7.7291e-05 0.00072042 2.288e-06 0.46226 3.65e-07
7.73e-05 0.00071323 2.1253e-06 0.45243 3.1336e-07
7.7356e-05 0.00070611 1.9654e-06 0.44318 2.6285e-07
7.7386e-05 0.00069897 1.7995e-06 0.43373 2.0938e-07
7.7389e-05 0.00069181 1.6279e-06 0.42409 2.3559e-07
7.7368e-05 0.00068462 1.4506e-06 0.41426 2.5927e-07
7.7323e-05 0.00067742 1.2676e-06 0.40426 2.8042e-07
7.7335e-05 0.00067029 1.0885e-06 0.39494 3.0191e-07
7.732e-05 0.00066314 9.0343e-07 0.38542 3.2076e-07
7.7357e-05 0.00065597 7.0716e-07 0.37565 3.3703e-07
7.7369e-05 0.00064878 7.4412e-07 0.3657 3.5075e-07
7.7357e-05 0.00064157 7.7649e-07 0.35556 3.6194e-07
7.5723e-05 0.00063444 8.0208e-07 0.34475 3.7348e-07
7.4176e-05 0.00062738 8.2643e-07 0.33459 3.8505e-07
7.2712e-05 0.00062038 8.4956e-07 0.32503 3.9667e-07
7.1327e-05 0.00061345 8.7149e-07 0.31467 4.0839e-07
6.9907e-05 0.00060649 8.8873e-07 0.3041 4.1747e-07
6.8577e-05 0.00059961 9.0523e-07 0.29425 4.27e-07
6.7216e-05 0.00059271 9.1714e-07 0.28422 4.3397e-07
6.5942e-05 0.00058589 9.2832e-07 0.27488 4.4142e-07
6.4754e-05 0.00057914 9.3886e-07 0.26619 4.4941e-07
6.3661e-05 0.00057248 9.4921e-07 0.25835 4.5835e-07
6.2513e-05 0.00056578 9.5406e-07 0.2502 4.6399e-07
6.1469e-05 0.00055917 9.5924e-07 0.24278 4.7098e-07
6.0353e-05 0.00055251 9.5818e-07 0.23494 4.7409e-07
5.9304e-05 0.00054591 9.561e-07 0.22758 4.7748e-07
5.8317e-05 0.00053937 9.529e-07 0.22066 4.8109e-07
5.7389e-05 0.00053289 9.4857e-07 0.21421 4.8492e-07
5.6517e-05 0.00052647 9.4309e-07 0.20814 4.8898e-07
5.57e-05 0.00052011 9.3646e-07 0.20244 4.9326e-07
5.4857e-05 0.00051374 9.2524e-07 0.19662 4.9495e-07
5.4078e-05 0.00050743 9.133e-07 0.19121 4.9725e-07
5.3359e-05 0.00050119 9.0064e-07 0.18617 5.0016e-07
5.2615e-05 0.000495 8.8679e-07 0.18103 5.0333e-07
5.1844e-05 0.0004888 8.6825e-07 0.17579 5.038e-07
5.1045e-05 0.00048258 8.4503e-07 0.17043 5.0159e-07
5.022e-05 0.00047641 8.2066e-07 0.16497 4.9967e-07
4.9368e-05 0.00047023 7.9167e-07 0.1594 4.9513e-07
4.8569e-05 0.0004641 7.6152e-07 0.15416 4.9087e-07
4.7822e-05 0.00045803 7.302e-07 0.14868 4.8692e-07
4.7123e-05 0.00045202 6.9762e-07 0.14353 4.832e-07
4.6397e-05 0.00044598 6.6037e-07 0.13827 4.768e-07
4.5719e-05 0.00044001 6.2182e-07 0.13337 4.7061e-07
4.5014e-05 0.00043401 5.7862e-07 0.12836 4.6176e-07
4.4365e-05 0.00042807 5.3455e-07 0.12371 4.535e-07
4.3787e-05 0.0004221 4.903e-07 0.11839 4.4649e-07
4.3277e-05 0.0004161 4.4581e-07 0.11276 4.4073e-07
4.2728e-05 0.00041006 3.9602e-07 0.10688 4.3168e-07
4.2267e-05 0.00040396 4.5852e-07 0.1005 4.1816e-07
4.1754e-05 0.0003978 5.1478e-07 0.099288 4.007e-07
4.1309e-05 0.00039174 5.7143e-07 0.095341 3.847e-07
4.0812e-05 0.00038562 6.2183e-07 0.094646 3.648e-07
4.029e-05 0.00037948 6.6742e-07 0.093928 3.4213e-07
3.9742e-05 0.00037331 7.0821e-07 0.093188 3.1669e-07
3.9235e-05 0.0003672 7.4789e-07 0.092511 2.9151e-07
3.8703e-05 0.00036108 7.8288e-07 0.091816 2.6367e-07
3.8218e-05 0.00035501 8.1714e-07 0.091178 2.3633e-07
3.777e-05 0.000349 8.5028e-07 0.090473 2.0906e-07
3.7299e-05 0.00034297 8.787e-07 0.089747 1.7916e-07
3.6805e-05 0.00033692 9.0242e-07 0.089002 1.4664e-07
3.6288e-05 0.00033085 9.2548e-07 0.088237 1.1449e-07
3.5815e-05 0.00032485 9.4791e-07 0.087534 8.2614e-08
3.5385e-05 0.0003189 9.6975e-07 0.08689 5.0889e-08
3.4934e-05 0.00031294 9.8695e-07 0.086229 5.9933e-08
3.4525e-05 0.00030704 1.0036e-06 0.085625 6.8035e-08
3.4093e-05 0.00030112 1.0154e-06 0.085002 7.3852e-08
3.3608e-05 0.00029531 1.029e-06 0.084325 7.9484e-08
3.3076e-05 0.00028945 1.0363e-06 0.083598 8.2329e-08
3.249e-05 0.00028352 1.0368e-06 0.082813 8.2173e-08
3.1847e-05 0.00027754 1.0307e-06 0.081967 7.9131e-08
3.1289e-05 0.00027167 1.0264e-06 0.081233 7.5897e-08
3.0681e-05 0.00026575 1.275e-06 0.080447 6.9801e-08
3.0017e-05 0.00025993 1.537e-06 0.079599 6.3493e-08
2.9395e-05 0.00025416 1.8052e-06 0.078813 5.6171e-08
2.8822e-05 0.00024847 2.0814e-06 0.078094 4.7931e-08
2.8225e-05 0.00024915 2.3505e-06 0.077355 7.8161e-08
2.7664e-05 0.00024984 2.6254e-06 0.076667 1.0817e-07
2.7144e-05 0.00025055 2.9081e-06 0.076035 1.3833e-07
2.6603e-05 0.00025124 3.1842e-06 0.075387 1.6598e-07
2.6043e-05 0.00025193 3.4538e-06 0.074723 1.9115e-07
2.546e-05 0.0002526 3.7165e-06 0.074041 2.1376e-07
2.4856e-05 0.00025327 3.9727e-06 0.073342 2.3389e-07
2.4294e-05 0.00025395 4.2367e-06 0.0727 2.5416e-07
2.377e-05 0.00025464 4.5088e-06 0.072111 2.7466e-07
2.3226e-05 0.00025532 4.7738e-06 0.071505 2.9257e-07
2.2661e-05 0.00025599 5.0322e-06 0.070884 3.0798e-07
2.2076e-05 0.00025666 5.2839e-06 0.070246 3.2084e-07
2.156e-05 0.00025735 5.552e-06 0.069539 3.3545e-07
2.1076e-05 0.00025805 5.8274e-06 0.068882 3.5013e-07
2.0571e-05 0.00025874 6.0957e-06 0.068207 3.6219e-07
2.0046e-05 0.00025942 6.3568e-06 0.067514 3.7165e-07
1.9556e-05 0.00026012 6.6268e-06 0.066876 3.8144e-07
1.9101e-05 0.00026083 6.9066e-06 0.066293 3.9168e-07
1.8606e-05 0.00026157 7.1577e-06 0.065666 4.0368e-07
1.8068e-05 0.00026228 7.3954e-06 0.064993 4.1184e-07
1.7581e-05 0.00026302 7.6464e-06 0.064395 4.2131e-07
1.7148e-05 0.00026374 7.8836e-06 0.063684 4.2689e-07
1.6674e-05 0.00026443 8.1072e-06 0.062921 4.2857e-07
1.6158e-05 0.00026511 8.3171e-06 0.062102 4.2632e-07
1.5691e-05 0.0002658 8.5405e-06 0.061138 4.2546e-07
1.5183e-05 0.00026648 8.7501e-06 0.060108 4.207e-07
1.4723e-05 0.00026717 8.9737e-06 0.059186 4.1735e-07
1.4308e-05 0.0002679 9.2117e-06 0.058368 4.1541e-07
1.3861e-05 0.0002686 9.4379e-06 0.057506 4.1002e-07
1.3454e-05 0.00026933 9.6773e-06 0.056727 4.0572e-07
1.3014e-05 0.00027003 9.9041e-06 0.055903 3.9785e-07
1.2624e-05 0.00027077 1.0149e-05 0.055181 3.919e-07
1.2275e-05 0.00027149 1.038e-05 0.054541 3.8122e-07
1.1964e-05 0.00027223 1.0627e-05 0.053779 3.7193e-07
1.1687e-05 0.00027299 1.089e-05 0.053099 3.6387e-07
1.1449e-05 0.00027379 1.1173e-05 0.052506 3.5752e-07
1.1181e-05 0.0002734 1.1485e-05 0.05187 3.5244e-07
1.0894e-05 0.000273 1.1789e-05 0.051213 3.4463e-07
1.0629e-05 0.00027262 1.2105e-05 0.050609 3.371e-07
1.0379e-05 0.00027225 1.2431e-05 0.049943 3.295e-07
1.0149e-05 0.00027189 1.277e-05 0.049329 3.2206e-07
9.9037e-06 0.00027153 1.3102e-05 0.048699 3.1214e-07
9.6767e-06 0.00027118 1.3447e-05 0.04812 3.0237e-07
9.4674e-06 0.00027084 1.3806e-05 0.047587 2.9272e-07
9.2751e-06 0.00027052 1.4179e-05 0.047098 2.8315e-07
9.0991e-06 0.00027021 1.4567e-05 0.04665 2.7363e-07
8.9078e-06 0.0002699 1.4946e-05 0.046188 2.6159e-07
8.702e-06 0.00026957 1.5316e-05 0.045715 2.4707e-07
8.5123e-06 0.00026926 1.5063e-05 0.045281 2.326e-07
8.3073e-06 0.00026893 1.4802e-05 0.044834 2.156e-07
8.1179e-06 0.00026862 1.4553e-05 0.044426 1.9859e-07
7.9142e-06 0.0002683 1.4297e-05 0.044006 1.7914e-07
7.7257e-06 0.000268 1.4052e-05 0.043624 1.5963e-07
7.5517e-06 0.00026771 1.3818e-05 0.043277 1.4e-07
7.392e-06 0.00026743 1.3595e-05 0.042964 1.2022e-07
7.2532e-06 0.00026718 1.3388e-05 0.042694 1.0076e-07
7.092e-06 0.0002669 1.3168e-05 0.042401 7.8245e-08
6.9056e-06 0.00026666 1.2933e-05 0.042081 9.1905e-08
6.7422e-06 0.00026643 1.2716e-05 0.041807 1.0556e-07
6.6008e-06 0.00026623 1.2514e-05 0.041577 1.193e-07
6.4348e-06 0.00026601 1.2298e-05 0.0413 2.3843e-07
6.2956e-06 0.00026581 1.2102e-05 0.041074 3.6829e-07
6.1343e-06 0.00026559 1.1893e-05 0.040827 4.9141e-07
5.9962e-06 0.0002654 1.1701e-05 0.040625 5.1379e-07
5.8346e-06 0.00026523 1.1523e-05 0.040399 5.3812e-07
5.651e-06 0.00026504 1.1332e-05 0.04015 5.5854e-07
5.4881e-06 0.00026487 1.1156e-05 0.039945 5.8136e-07
5.2995e-06 0.00026468 1.0966e-05 0.039712 5.996e-07
5.1361e-06 0.00026452 1.0795e-05 0.039528 6.2033e-07
4.9473e-06 0.00026433 1.061e-05 0.039316 6.3645e-07
4.778e-06 0.00026416 1.0439e-05 0.039145 6.5507e-07
4.6315e-06 0.00026403 1.0282e-05 0.039018 6.7632e-07
4.4654e-06 0.00026387 1.0113e-05 0.038856 6.9367e-07
4.3104e-06 0.00026373 9.9541e-06 0.038722 7.1253e-07
4.1686e-06 0.00026361 9.8057e-06 0.038619 7.3355e-07
4.037e-06 0.00026348 9.6483e-06 0.03855 7.5108e-07
3.8894e-06 0.00026333 9.4819e-06 0.038469 7.6518e-07
3.7538e-06 0.0002632 9.3261e-06 0.038416 7.8142e-07
3.6268e-06 0.00026309 9.1542e-06 0.038389 7.9928e-07
3.4842e-06 0.00026296 8.9734e-06 0.038348 8.1367e-07
3.3523e-06 0.00026285 8.803e-06 0.038337 8.3026e-07
3.2337e-06 0.00026276 8.645e-06 0.038359 8.4989e-07
3.0956e-06 0.00026265 8.475e-06 0.038361 8.6498e-07
2.9358e-06 0.00026252 8.2917e-06 0.03834 8.7515e-07
2.7898e-06 0.00026241 8.1211e-06 0.038353 8.8846e-07
2.6222e-06 0.00026228 7.9371e-06 0.038344 8.9676e-07
2.434e-06 0.00026218 7.7656e-06 0.038313 9.0823e-07
2.2635e-06 0.00026205 7.6087e-06 0.038323 9.2385e-07
2.0714e-06 0.00026195 7.4658e-06 0.038309 9.4376e-07
1.8961e-06 0.00026187 7.3363e-06 0.038337 9.6814e-07
1.736e-06 0.00026183 7.2198e-06 0.038405 9.9724e-07
1.5895e-06 0.00026181 7.1157e-06 0.038515 1.0313e-06
1.4525e-06 0.00026182 7.0214e-06 0.038663 1.0697e-06
1.2964e-06 0.0002618 6.9154e-06 0.038785 1.1024e-06
1.1521e-06 0.00026181 6.819e-06 0.038952 1.1394e-06
1.0157e-06 0.00026184 6.732e-06 0.039159 1.1811e-06
8.6223e-07 0.0002619 6.6564e-06 0.039342 1.2289e-06
6.9147e-07 0.00026194 6.5703e-06 0.039501 1.2711e-06
7.5902e-07 0.00026195 6.4727e-06 0.039635 1.3073e-06
8.289e-07 0.00026199 6.3842e-06 0.039808 1.3484e-06
8.8792e-07 0.00026202 6.2893e-06 0.03997 1.386e-06
9.4624e-07 0.00026206 6.1995e-06 0.040159 1.4267e-06
9.9369e-07 0.00026209 6.1034e-06 0.040338 1.464e-06
1.0303e-06 0.00026211 6.001e-06 0.040507 1.4978e-06
1.0652e-06 0.00026213 5.9025e-06 0.040699 1.534e-06
1.0984e-06 0.00026218 5.8076e-06 0.040914 1.5726e-06
1.1299e-06 0.00026223 5.7163e-06 0.041154 1.6137e-06
1.161e-06 0.0002623 5.6297e-06 0.041425 1.6583e-06
1.1805e-06 0.00026235 5.5289e-06 0.041681 1.6987e-06
1.2015e-06 0.00026242 5.4388e-06 0.041977 1.744e-06
1.2251e-06 0.00026252 5.3559e-06 0.042317 1.7948e-06
1.2544e-06 0.00026264 5.2828e-06 0.042718 1.7439e-06
1.2679e-06 0.00026274 5.199e-06 0.043085 1.686e-06
1.2871e-06 0.00026287 5.1249e-06 0.043517 1.6359e-06
1.3123e-06 0.00026303 5.0602e-06 0.044041 1.593e-06
1.3436e-06 0.00026321 5.0045e-06 0.044671 1.557e-06
1.3813e-06 0.00026343 4.9576e-06 0.045393 1.5274e-06
1.4259e-06 0.00026367 4.9194e-06 0.045527 1.504e-06
1.4582e-06 0.00026389 4.8718e-06 0.045632 1.4748e-06
1.4976e-06 0.00026414 4.8329e-06 0.045783 1.4518e-06
1.5445e-06 0.00026442 4.8024e-06 0.046 1.4347e-06
1.5993e-06 0.00026473 4.7802e-06 0.046269 1.4233e-06
1.6371e-06 0.00026507 4.7663e-06 0.046508 1.4175e-06
1.683e-06 0.00026543 4.7606e-06 0.046802 1.4172e-06
1.7381e-06 0.00026582 4.7457e-06 0.046653 1.4116e-06
1.8023e-06 0.00026624 4.739e-06 0.046551 1.4115e-06
1.8762e-06 0.00026669 4.7148e-06 0.046499 1.4061e-06
1.9577e-06 0.00026716 4.697e-06 0.046485 1.405e-06
2.0473e-06 0.00026765 4.6857e-06 0.046509 1.4083e-06
2.1457e-06 0.00026817 4.6807e-06 0.046571 1.416e-06
2.2567e-06 0.00026872 4.6838e-06 0.04668 1.4293e-06
2.3812e-06 0.00026924 4.695e-06 0.046836 1.4482e-06
2.4852e-06 0.00026979 4.7126e-06 0.046686 1.4737e-06
2.5695e-06 0.00027032 4.7203e-06 0.046507 1.4932e-06
2.6349e-06 0.00027087 4.737e-06 0.047002 1.5952e-06
2.7102e-06 0.00027144 4.7601e-06 0.047434 1.7065e-06
2.7661e-06 0.00027199 4.7733e-06 0.047829 1.8091e-06
2.8353e-06 0.00027258 4.7948e-06 0.048131 1.9235e-06
2.9152e-06 0.00027319 4.8071e-06 0.048483 2.0296e-06
2.9765e-06 0.00027377 4.8081e-06 0.048806 2.1271e-06
3.0487e-06 0.00027433 4.8156e-06 0.049181 2.2343e-06
3.1008e-06 0.00027487 4.8132e-06 0.049522 2.3326e-06
3.163e-06 0.00027544 4.8167e-06 0.049914 2.4403e-06
3.2071e-06 0.00027598 4.8116e-06 0.050277 2.5402e-06
3.2625e-06 0.00027655 4.8129e-06 0.050696 2.6505e-06
3.2982e-06 0.00027718 4.805e-06 0.051077 2.7522e-06
3.3386e-06 0.00027783 4.8001e-06 0.051496 2.8603e-06
3.3665e-06 0.00027846 4.7894e-06 0.0519 2.9639e-06
3.3996e-06 0.00027911 4.782e-06 0.052345 3.0745e-06
3.438e-06 0.00027978 4.7779e-06 0.052832 3.1923e-06
3.4818e-06 0.00028046 4.777e-06 0.053364 3.3179e-06
3.5292e-06 0.00028116 4.7784e-06 0.053935 3.4501e-06
3.5825e-06 0.00028187 4.7831e-06 0.054558 3.591e-06
3.6233e-06 0.00028257 4.7821e-06 0.055164 3.7271e-06
3.6705e-06 0.00028329 4.7847e-06 0.055824 3.8724e-06
3.7052e-06 0.000284 4.7815e-06 0.056467 4.012e-06
3.7463e-06 0.00028472 4.7819e-06 0.057167 4.1612e-06
3.7754e-06 0.00028543 4.7767e-06 0.05785 4.3057e-06
3.7924e-06 0.00028614 4.7661e-06 0.058518 4.4455e-06
3.8132e-06 0.00028685 4.7577e-06 0.059233 4.5931e-06
3.8401e-06 0.00028758 4.7525e-06 0.060008 4.7507e-06
3.8549e-06 0.00028831 4.7418e-06 0.060765 4.9033e-06
3.8743e-06 0.00028904 4.7337e-06 0.061578 4.8087e-06
3.8802e-06 0.00028976 4.7194e-06 0.062367 4.7088e-06
3.8945e-06 0.00029051 4.7095e-06 0.063231 4.6182e-06
3.9318e-06 0.00029128 4.7077e-06 0.063571 4.5414e-06
3.9478e-06 0.00029202 4.6961e-06 0.063875 4.4547e-06
3.9489e-06 0.00029274 4.6746e-06 0.064148 4.358e-06
3.9666e-06 0.00029344 4.6611e-06 0.064486 4.2752e-06
4.0011e-06 0.00029417 4.6558e-06 0.064303 4.2053e-06
4.0142e-06 0.00029487 4.6406e-06 0.064089 4.1259e-06
3.0888e-06 0.00030785 3.8421e-06 0.06071 2.5061e-06
2.9434e-06 0.00030852 3.7803e-06 0.060488 2.4161e-06
2.815e-06 0.00030922 3.726e-06 0.059518 2.337e-06
2.172e-06 0.00031191 3.4514e-06 0.05538 1.9789e-06
2.0143e-06 0.00031261 3.3842e-06 0.054469 1.8968e-06
1.8708e-06 0.00031334 3.324e-06 0.05367 1.824e-06
1.7406e-06 0.0003141 3.2705e-06 0.051145 1.7601e-06
1.5891e-06 0.0003149 3.2237e-06 0.050482 1.7045e-06
1.4503e-06 0.00031573 2.909e-06 0.05012 1.657e-06
1.324e-06 0.00031659 2.6171e-06 0.04982 1.6153e-06
1.2079e-06 0.00031743 2.3164e-06 0.049581 1.5663e-06
1.075e-06 0.00031824 2.0013e-06 0.049314 1.5106e-06
9.4904e-07 0.00031908 1.7002e-06 0.049107 1.4609e-06
8.0545e-07 0.00031996 1.4122e-06 0.048869 1.4168e-06
8.7615e-07 0.0003208 1.419e-06 0.04855 1.3668e-06
9.5207e-07 0.00032168 1.4285e-06 0.048304 1.3235e-06
1.0435e-06 0.00032254 1.4309e-06 0.048019 1.2739e-06
1.1422e-06 0.00032343 1.436e-06 0.047788 1.2308e-06
1.2491e-06 0.00032436 1.4439e-06 0.046849 1.1937e-06
1.3388e-06 0.00032526 1.4446e-06 0.045842 1.1506e-06
1.4115e-06 0.00032613 1.4398e-06 0.044764 1.1015e-06
1.4922e-06 0.00032704 1.4376e-06 0.043467 1.0582e-06
1.5812e-06 0.00032793 1.438e-06 0.04232 1.0204e-06
1.6795e-06 0.00032885 1.441e-06 0.041306 9.8758e-07
1.5675e-06 0.0003298 1.4458e-06 0.040398 9.5886e-07
1.4631e-06 0.00033078 1.4524e-06 0.039585 9.3389e-07
1.3657e-06 0.00033179 1.4608e-06 0.038859 9.1248e-07
1.2518e-06 0.00033278 1.4625e-06 0.038072 8.8623e-07
1.1468e-06 0.0003338 1.4669e-06 0.037382 8.6435e-07
1.05e-06 0.00033486 1.4742e-06 0.036788 8.4663e-07
9.3634e-07 0.00033596 1.4742e-06 0.036143 8.2386e-07
8.2797e-07 0.00033709 1.4761e-06 0.03557 8.0428e-07
7.2638e-07 0.00033826 1.4809e-06 0.035071 7.8861e-07
6.2858e-07 0.00033946 1.4875e-06 0.034647 7.7587e-07
5.1399e-07 0.00034064 1.4873e-06 0.034158 7.5861e-07
4.0492e-07 0.00034185 1.4899e-06 0.033736 7.4503e-07
4.6971e-07 0.00034303 1.4858e-06 0.033282 7.2697e-07
5.3501e-07 0.00034425 1.4834e-06 0.032881 7.1166e-07
6.0288e-07 0.00034551 1.4839e-06 0.032539 6.9977e-07
6.7282e-07 0.00034674 1.4862e-06 0.03212 6.907e-07
7.4668e-07 0.00034802 1.4914e-06 0.031762 6.8489e-07
8.0553e-07 0.00034926 1.4894e-06 0.03137 6.979e-07
8.5051e-07 0.00035054 1.4806e-06 0.03095 7.0665e-07
8.9755e-07 0.00035186 1.4738e-06 0.030581 7.1799e-07
9.4694e-07 0.00035321 1.4688e-06 0.030258 7.3197e-07
9.8272e-07 0.00035454 1.4573e-06 0.029911 7.4186e-07
1.0226e-06 0.0003559 1.4485e-06 0.029616 7.5513e-07
1.0674e-06 0.00035731 1.4424e-06 0.029369 7.7204e-07
1.1153e-06 0.00035875 1.4382e-06 0.02916 7.9191e-07
1.1669e-06 0.00036023 1.4357e-06 0.028986 8.1492e-07
1.2035e-06 0.00036175 1.4265e-06 0.028792 8.3327e-07
1.2459e-06 0.00036331 1.42e-06 0.028638 8.5571e-07
1.2946e-06 0.00036207 1.4162e-06 0.028523 8.8245e-07
1.9146e-06 0.00036081 1.4053e-06 0.028363 9.0401e-07
2.5815e-06 0.00035959 1.3842e-06 0.028237 9.2905e-07
3.2995e-06 0.00035841 1.3648e-06 0.028141 9.5776e-07
4.0735e-06 0.00035726 1.3472e-06 0.028077 9.9032e-07
4.9213e-06 0.00035615 1.3322e-06 0.028058 1.028e-06
5.8509e-06 0.000355 1.3198e-06 0.028074 1.0713e-06
6.7254e-06 0.00035383 1.3003e-06 0.02807 1.1087e-06
7.6711e-06 0.00035269 1.2824e-06 0.028095 1.1507e-06
8.6934e-06 0.00035158 1.2659e-06 0.028149 1.1975e-06
9.6628e-06 0.00035045 1.2429e-06 0.028186 1.2388e-06
9.8554e-06 0.00034929 1.2214e-06 0.028259 1.2851e-06
1.0018e-05 0.00034818 1.2023e-06 0.028311 1.3381e-06
1.0208e-05 0.00034709 1.1846e-06 0.028394 1.397e-06
1.0371e-05 0.00034598 1.1603e-06 0.028458 1.4497e-06
1.0506e-05 0.00034484 1.1294e-06 0.028504 1.4965e-06
1.0669e-05 0.00034374 1.0998e-06 0.028579 1.549e-06
1.0802e-05 0.0003426 1.0634e-06 0.028634 1.595e-06
1.0906e-05 0.00034145 1.0293e-06 0.028727 1.6483e-06
1.1044e-05 0.00034033 9.9719e-07 0.028858 1.7095e-06
1.1219e-05 0.00033925 9.6709e-07 0.029028 1.7791e-06
1.1432e-05 0.00033821 9.3885e-07 0.02924 1.858e-06
1.1612e-05 0.00033714 9.0388e-07 0.029436 1.9291e-06
1.1763e-05 0.00033604 8.7147e-07 0.02961 1.9934e-06
1.1953e-05 0.00033498 8.3993e-07 0.029826 2.0652e-06
1.2058e-05 0.00033395 8.0209e-07 0.030103 2.13e-06
1.2137e-05 0.0003329 7.582e-07 0.030358 2.1885e-06
1.225e-05 0.00033189 7.1557e-07 0.030659 2.2554e-06
1.2336e-05 0.00033085 8.4298e-07 0.030937 2.3158e-06
1.2455e-05 0.00032985 9.7548e-07 0.031263 2.3849e-06
1.2559e-05 0.00032883 1.1025e-06 0.031577 2.45e-06
1.268e-05 0.00032784 1.2315e-06 0.031922 2.5202e-06
1.2821e-05 0.00032686 1.3627e-06 0.0323 2.5955e-06
1.2982e-05 0.0003259 1.4962e-06 0.032712 2.6764e-06
1.3125e-05 0.00032493 1.6242e-06 0.033112 2.7532e-06
1.4197e-05 0.00030862 3.1389e-06 0.039151 3.6957e-06
1.4222e-05 0.00030758 3.2082e-06 0.039553 3.7464e-06
1.4268e-05 0.00030656 3.28e-06 0.039992 3.8028e-06
1.4333e-05 0.00030553 3.3465e-06 0.04042 3.8553e-06
1.4383e-05 0.00030449 3.4076e-06 0.040836 3.9041e-06
1.4453e-05 0.00030346 3.4713e-06 0.041291 3.9587e-06
1.4543e-05 0.00030246 3.5377e-06 0.041786 4.0193e-06
1.4653e-05 0.00030147 3.6068e-06 0.042324 4.0863e-06
1.4748e-05 0.00030047 3.6703e-06 0.042849 4.149e-06
1.4823e-05 0.00029946 3.7277e-06 0.043356 4.2069e-06
1.4918e-05 0.00029846 3.7877e-06 0.043905 4.2709e-06
1.5033e-05 0.00029749 3.8504e-06 0.044498 4.3411e-06
1.416e-05 0.00029653 3.9159e-06 0.044405 4.4181e-06
1.3262e-05 0.00029555 3.9754e-06 0.044302 4.4901e-06
1.2409e-05 0.0002946 4.0377e-06 0.044224 4.5689e-06
1.1511e-05 0.00029362 4.0918e-06 0.044126 4.64e-06
1.0572e-05 0.00029263 4.1382e-06 0.044011 4.7039e-06
9.7117e-06 0.00029166 4.1912e-06 0.043936 4.7797e-06
8.9186e-06 0.00029073 4.2505e-06 0.043319 4.8671e-06
8.073e-06 0.00028976 4.3001e-06 0.042655 4.9445e-06
7.2802e-06 0.00028882 4.3542e-06 0.042052 5.0312e-06
6.545e-06 0.00028791 4.4142e-06 0.04153 5.1296e-06
5.8476e-06 0.00028702 4.4779e-06 0.041051 5.2366e-06
5.1847e-06 0.00028614 4.545e-06 0.040613 5.3524e-06
4.5539e-06 0.00028528 4.6158e-06 0.040212 5.4773e-06
3.9037e-06 0.00028441 4.6807e-06 0.039799 5.5972e-06
3.234e-06 0.00028353 4.7398e-06 0.039372 5.712e-06
2.5951e-06 0.00028266 4.8025e-06 0.038983 5.8362e-06
1.9851e-06 0.00028178 4.8688e-06 0.038628 5.97e-06
1.402e-06 0.00028092 4.9389e-06 0.038306 6.1139e-06
1.4293e-06 0.00028005 5.0031e-06 0.037973 6.2524e-06
1.457e-06 0.0002792 5.0712e-06 0.037672 6.4014e-06
1.484e-06 0.00027836 5.142e-06 0.037396 6.5595e-06
1.5103e-06 0.00027753 5.2157e-06 0.037145 6.7271e-06
1.5257e-06 0.00027669 5.2837e-06 0.036885 6.8895e-06
1.5418e-06 0.00027587 5.3558e-06 0.036653 7.0637e-06
1.5468e-06 0.00027504 5.422e-06 0.03641 7.2321e-06
1.541e-06 0.00027419 5.4824e-06 0.036159 7.3951e-06
1.5345e-06 0.00027336 5.5459e-06 0.035932 7.5683e-06
2.1138e-06 0.00027252 5.603e-06 0.035649 7.7346e-06
2.6751e-06 0.00027167 5.6542e-06 0.035356 7.8951e-06
3.2187e-06 0.0002708 5.6994e-06 0.035052 8.0499e-06
3.788e-06 0.00026995 5.7487e-06 0.034778 7.8852e-06
4.3848e-06 0.00026912 5.8022e-06 0.034533 7.7324e-06
4.963e-06 0.00026827 5.8497e-06 0.034277 7.5738e-06
5.5702e-06 0.00026741 5.9014e-06 0.034048 7.4268e-06
6.2025e-06 0.00026657 5.9562e-06 0.033842 7.289e-06
6.8614e-06 0.00026574 6.0143e-06 0.033658 7.16e-06
7.5018e-06 0.0002649 6.0666e-06 0.033465 7.0261e-06
8.1238e-06 0.00026405 6.1132e-06 0.033264 6.8871e-06
8.7793e-06 0.00026321 6.1641e-06 0.033088 6.7586e-06
9.4707e-06 0.00026239 6.2082e-06 0.031803 6.6402e-06
1.02e-05 0.00026159 6.2566e-06 0.030607 6.5314e-06
1.0962e-05 0.0002608 6.3084e-06 0.029483 6.4303e-06
1.1703e-05 0.00026002 6.3542e-06 0.028333 6.3241e-06
1.2422e-05 0.00025923 6.394e-06 0.027158 6.2131e-06
1.312e-05 0.00025843 6.4278e-06 0.025956 6.097e-06
1.3858e-05 0.00025762 6.4555e-06 0.024839 5.9758e-06
1.464e-05 0.00025682 6.4876e-06 0.023799 5.8638e-06
1.5398e-05 0.00025602 6.5137e-06 0.022735 5.7468e-06
1.6193e-05 0.00025522 6.5431e-06 0.021744 5.6373e-06
1.6967e-05 0.00025442 6.5668e-06 0.020725 5.5232e-06
1.7718e-05 0.0002536 6.5844e-06 0.019682 5.4041e-06
1.8507e-05 0.00025279 6.6053e-06 0.018701 5.2924e-06
1.9272e-05 0.00025198 6.6202e-06 0.017698 5.1758e-06
2.0083e-05 0.00025118 6.6396e-06 0.016764 5.0678e-06
2.0937e-05 0.00025039 6.6624e-06 0.015885 4.9667e-06
2.1765e-05 0.00024959 6.679e-06 0.014985 4.8608e-06
2.2636e-05 0.0002488 6.6992e-06 0.014139 4.7616e-06
2.3479e-05 0.00024803 6.7128e-06 0.01327 4.6572e-06
2.4293e-05 0.00024725 6.7198e-06 0.012376 4.5474e-06
2.5073e-05 0.00024645 6.7101e-06 0.011405 4.4302e-06
2.5904e-05 0.00024566 6.7052e-06 0.010502 4.3214e-06
2.6712e-05 0.00024487 6.6944e-06 0.0095794 4.2081e-06
2.7564e-05 0.00024409 6.687e-06 0.0087112 4.1014e-06
2.8392e-05 0.00024329 6.6739e-06 0.007825 3.9903e-06
2.9274e-05 0.00024252 6.6652e-06 0.006999 3.8869e-06
3.0133e-05 0.00024173 6.6508e-06 0.006156 3.7793e-06
3.1048e-05 0.00024095 6.641e-06 0.00537 3.6791e-06
3.1936e-05 0.00024017 6.625e-06 0.0045658 3.5743e-06
3.2883e-05 0.0002394 6.6136e-06 0.0038159 3.4767e-06
3.2495e-05 0.00023864 6.5916e-06 0.0030013 3.385e-06
3.2146e-05 0.0002379 6.5741e-06 0.0022415 3.2998e-06
3.1776e-05 0.00023715 6.5506e-06 0.0021769 3.2103e-06
3.1438e-05 0.00023641 6.5304e-06 0.002117 3.126e-06
3.1129e-05 0.00023568 6.5135e-06 0.0020617 3.0466e-06
3.0851e-05 0.00023496 6.4999e-06 0.0020106 2.972e-06
3.0554e-05 0.00023423 6.4805e-06 0.0019562 2.8935e-06
3.0237e-05 0.00023349 6.4553e-06 0.0018983 2.8112e-06
2.9949e-05 0.00023276 6.4334e-06 0.0018447 2.7335e-06
2.9691e-05 0.00023205 6.4149e-06 0.0017961 2.6603e-06
2.9412e-05 0.00023132 6.3902e-06 0.0017439 2.5831e-06
2.9169e-05 0.00023061 6.3703e-06 0.0016968 2.5115e-06
2.8958e-05 0.00022991 6.3544e-06 0.0016539 2.4448e-06
2.8724e-05 0.0002292 6.3318e-06 0.0016072 2.3735e-06
2.8526e-05 0.0002285 6.3143e-06 0.0015653 2.3078e-06
2.8358e-05 0.00022782 6.3005e-06 0.0015272 2.2464e-06
2.8168e-05 0.00022715 6.2803e-06 0.0014855 2.1808e-06
2.8009e-05 0.0002265 6.2641e-06 0.0014476 2.1195e-06
2.7887e-05 0.00022586 6.2535e-06 0.0014145 2.0637e-06
2.7803e-05 0.00022524 6.2484e-06 0.0013858 2.0128e-06
2.7756e-05 0.00022463 6.249e-06 0.0013615 1.9669e-06
2.7674e-05 0.00022406 6.2403e-06 0.001332 1.9151e-06
2.7637e-05 0.0002235 6.2388e-06 0.0013078 1.8692e-06
2.7644e-05 0.00022296 6.2444e-06 0.0012886 1.8289e-06
2.7695e-05 0.00022244 6.2569e-06 0.0012741 1.7939e-06
2.7725e-05 0.00022191 6.2633e-06 0.0012565 1.7553e-06
2.7782e-05 0.0002214 6.273e-06 0.0012414 1.7194e-06
2.7819e-05 0.00022087 6.2765e-06 0.0012232 1.68e-06
2.7837e-05 0.00022033 6.2742e-06 0.0012021 1.6373e-06
2.7836e-05 0.00021977 6.266e-06 0.0011781 1.5912e-06
2.7871e-05 0.00021924 6.2631e-06 0.0011577 1.5491e-06
2.7875e-05 0.00021869 6.2518e-06 0.001133 1.502e-06
2.7859e-05 0.00021812 6.2344e-06 0.0011052 1.4514e-06
2.787e-05 0.00021757 6.2204e-06 0.0010799 1.4036e-06
2.7861e-05 0.00021701 6.2002e-06 0.0010516 1.353e-06
2.7883e-05 0.00021646 6.1845e-06 0.0010263 1.3056e-06
2.7936e-05 0.00021592 6.173e-06 0.0010038 1.2612e-06
2.8014e-05 0.00021539 6.1647e-06 0.00098343 1.219e-06
2.8124e-05 0.00021488 6.1606e-06 0.0009657 1.1796e-06
2.8264e-05 0.00021435 6.1605e-06 0.00095108 1.1426e-06
2.8384e-05 0.00021382 6.1542e-06 0.00093358 1.1023e-06
2.8536e-05 0.00021329 6.1522e-06 0.00091858 1.0646e-06
2.8715e-05 0.00021276 6.1534e-06 0.00090542 1.0287e-06
2.8927e-05 0.00021224 6.1588e-06 0.00089459 9.9502e-07
2.9172e-05 0.00021173 6.1685e-06 0.00088602 9.635e-07
2.9397e-05 0.00021121 6.1721e-06 0.0008747 9.2889e-07
2.9602e-05 0.00021068 6.1698e-06 0.00086061 8.9117e-07
2.9787e-05 0.00021014 6.1613e-06 0.00084371 8.5029e-07
2.9927e-05 0.00020958 6.1422e-06 0.00082166 9.3535e-07
3.0025e-05 0.00020899 6.1127e-06 0.00079455 1.0136e-06
3.0161e-05 0.00020842 6.0884e-06 0.00077037 1.0966e-06
3.0332e-05 0.00020784 6.0687e-06 0.00074864 1.1841e-06
3.053e-05 0.00020727 6.052e-06 0.00072854 1.2754e-06
3.0763e-05 0.00020671 6.0395e-06 0.00071054 1.3715e-06
3.1025e-05 0.00020616 6.03e-06 0.00069401 1.4718e-06
3.1317e-05 0.00020563 6.0235e-06 0.00067889 1.5765e-06
3.1638e-05 0.0002051 6.0201e-06 0.00066514 1.6858e-06
3.194e-05 0.00020456 6.0108e-06 0.00064885 1.7913e-06
3.2279e-05 0.00020403 6.0058e-06 0.00063438 1.9028e-06
3.2656e-05 0.00020352 6.0048e-06 0.00062165 2.0208e-06
3.3073e-05 0.00020302 6.0079e-06 0.0006106 2.1455e-06
3.3524e-05 0.00020253 6.014e-06 0.0006007 2.2762e-06
3.4009e-05 0.00020205 6.0231e-06 0.00059192 2.413e-06
3.4474e-05 0.00020156 6.0265e-06 0.00058069 2.5449e-06
3.4918e-05 0.00020106 6.0243e-06 0.00056702 2.6726e-06
3.5398e-05 0.00020057 6.025e-06 0.00055445 2.8066e-06
3.4445e-05 0.00020009 6.0299e-06 0.00054338 2.9487e-06
3.3464e-05 0.0001996 6.0288e-06 0.00052978 3.0861e-06
3.2543e-05 0.00019912 6.0318e-06 0.00051763 3.2319e-06
3.168e-05 0.00019865 6.0389e-06 0.00050689 3.3868e-06
3.0791e-05 0.00019818 6.0401e-06 0.00049365 3.5366e-06
2.9957e-05 0.00019771 6.0455e-06 0.00048176 3.6959e-06
2.9168e-05 0.00019726 6.0538e-06 0.00047075 3.8633e-06
2.8421e-05 0.00019681 6.0652e-06 0.00046058 4.0393e-06
2.7722e-05 0.00019638 6.0807e-06 0.00045161 4.2263e-06
2.7062e-05 0.00019596 6.0993e-06 0.0004434 4.4229e-06
2.6378e-05 0.00019552 6.1119e-06 0.00043276 4.6137e-06
2.5671e-05 0.00019508 6.1185e-06 0.00041968 4.7989e-06
2.501e-05 0.00019464 6.1294e-06 0.00040775 4.996e-06
2.4392e-05 0.00019422 6.1444e-06 0.0003969 5.2054e-06
2.3753e-05 0.00019379 6.1538e-06 0.00038374 5.4094e-06
2.315e-05 0.00019337 6.1662e-06 0.00037123 5.3362e-06
2.2525e-05 0.00019294 6.1729e-06 0.00035642 5.2587e-06
2.1941e-05 0.00019252 6.1839e-06 0.0003426 5.1887e-06
2.1338e-05 0.00019208 6.1891e-06 0.00032649 5.1145e-06
2.0766e-05 0.00019166 6.1974e-06 0.00031096 5.0463e-06
2.0233e-05 0.00019125 6.21e-06 0.00029629 4.9852e-06
1.9729e-05 0.00019085 6.2257e-06 0.00028243 4.9297e-06
1.9204e-05 0.00019044 6.2354e-06 0.00026624 4.8699e-06
1.8659e-05 0.00019002 6.2392e-06 0.00024774 4.8058e-06
1.818e-05 0.00018962 6.253e-06 0.0002328 4.7558e-06
1.7656e-05 0.00018919 6.256e-06 0.0002142 4.6965e-06
1.718e-05 0.00018879 6.2662e-06 0.00019705 4.6469e-06
1.6675e-05 0.00018837 6.2845e-06 0.00017713 4.5911e-06
1.6198e-05 0.00018796 6.3062e-06 0.00015751 4.5407e-06
1.5703e-05 0.00018753 6.3221e-06 0.00013571 4.4863e-06
1.5233e-05 0.00018712 6.3412e-06 0.00011411 4.4371e-06
1.4744e-05 0.0001867 6.3543e-06 9.0266e-05 4.3837e-06
1.4236e-05 0.00018626 6.3614e-06 6.4169e-05 4.326e-06
1.3759e-05 0.00018582 6.373e-06 3.8581e-05 4.2747e-06
1.3259e-05 0.00018539 6.3898e-06 4.1595e-05 4.2305e-06
1.2737e-05 0.00018495 6.3936e-06 4.2665e-05 4.1816e-06
1.2244e-05 0.00018451 6.4013e-06 4.2931e-05 4.1384e-06
1.173e-05 0.00018407 6.4028e-06 4.128e-05 4.0906e-06
1.1242e-05 0.00018363 6.4077e-06 3.8753e-05 4.0478e-06
1.0734e-05 0.00018321 6.4173e-06 6.766e-05 4.0112e-06
1.0207e-05 0.00018278 6.421e-06 9.4286e-05 3.9705e-06
9.6601e-06 0.00018233 6.4186e-06 0.00011865 3.9257e-06
9.143e-06 0.0001819 6.4206e-06 0.00014362 3.8866e-06
8.6071e-06 0.00018146 6.4165e-06 0.00016629 3.8434e-06
8.0523e-06 0.00018101 6.4065e-06 0.00018669 3.7962e-06
7.5262e-06 0.00018056 6.4008e-06 0.00020774 3.7545e-06
7.0271e-06 0.00018013 6.3995e-06 0.00022956 3.7184e-06
6.5533e-06 0.00017965 6.4025e-06 0.00025225 3.6877e-06
6.1033e-06 0.00017918 6.41e-06 0.00027594 3.6622e-06
5.6715e-06 0.00017872 6.4206e-06 0.00030034 3.6409e-06
5.2616e-06 0.00017827 6.4359e-06 0.00032604 3.6249e-06
4.8798e-06 0.00017783 6.4359e-06 0.00034491 3.6161e-06
4.4815e-06 0.00017739 6.4297e-06 0.00036134 3.6032e-06
4.1018e-06 0.00017696 6.4279e-06 0.00037887 3.5954e-06
3.7396e-06 0.00017653 6.4306e-06 0.00039103 3.288e-06
3.3626e-06 0.0001761 6.4275e-06 0.00039974 2.974e-06
2.9986e-06 0.00017568 6.4276e-06 0.00040909 2.6743e-06
2.6467e-06 0.00017526 6.431e-06 0.00041911 2.3882e-06
2.2797e-06 0.00017484 6.4283e-06 0.00042671 2.0952e-06
1.9242e-06 0.00017442 6.4289e-06 0.00043501 1.8153e-06
2.0804e-06 0.00017401 6.4232e-06 0.00044083 1.5284e-06
2.2403e-06 0.00017361 6.421e-06 0.00044742 1.2545e-06
2.4069e-06 0.00017323 6.4236e-06 0.00045529 9.9553e-07
2.5872e-06 0.00017282 6.4162e-06 0.00046686 9.7018e-07
2.7526e-06 0.0001724 6.4017e-06 0.00047558 9.4083e-07
2.923e-06 0.00017199 6.3905e-06 0.00048517 9.1294e-07
3.0805e-06 0.00017157 6.3732e-06 0.00049227 8.8188e-07
3.2256e-06 0.00017113 6.3502e-06 0.000497 8.479e-07
3.3756e-06 0.00017071 6.3304e-06 0.00050258 8.1529e-07
3.1e-06 0.00017028 6.3045e-06 0.00050955 7.7959e-07
2.81e-06 0.00016983 6.2724e-06 0.00051402 7.4081e-07
2.5322e-06 0.0001694 6.245e-06 0.00051986 7.04e-07
2.2673e-06 0.00016898 6.2226e-06 0.00052735 6.6932e-07
1.9771e-06 0.00016858 6.2102e-06 0.00053055 6.3872e-07
1.7106e-06 0.0001682 6.2077e-06 0.00053723 6.1188e-07
1.4612e-06 0.00016784 6.2131e-06 0.00054673 5.8779e-07
1.2271e-06 0.0001675 6.2265e-06 0.00055914 5.6627e-07
1.0103e-06 0.00016718 6.2498e-06 0.00057542 5.4786e-07
8.1088e-07 0.00016688 6.2631e-06 0.00059502 5.2488e-07
6.4856e-07 0.00016656 6.2657e-06 0.00060826 4.9732e-07
7.1703e-07 0.00016622 6.2584e-06 0.00061735 4.6544e-07
7.8505e-07 0.00016589 6.2562e-06 0.00062929 4.3499e-07
8.5221e-07 0.00016557 6.2584e-06 0.000643 4.0558e-07
9.175e-07 0.00016526 6.2637e-06 0.000658 3.7668e-07
9.7205e-07 0.00016494 6.2631e-06 0.00067037 3.4503e-07
1.0248e-06 0.00016463 6.2656e-06 0.00068406 3.1382e-07
1.0671e-06 0.0001643 6.2623e-06 0.00069523 2.7996e-07
1.1079e-06 0.00016399 6.2624e-06 0.00070787 2.4658e-07
1.1369e-06 0.00016366 6.2556e-06 0.00071742 2.1012e-07
1.1712e-06 0.00016331 6.8879e-06 0.00073143 2.3384e-07
1.2111e-06 0.00016299 7.5598e-06 0.00076996 2.5946e-07
1.2548e-06 0.00016264 8.2738e-06 0.00081362 2.8726e-07
1.2835e-06 0.00016231 9.0256e-06 0.00085195 3.1685e-07
1.3159e-06 0.000162 9.8166e-06 0.00089549 3.4835e-07
1.3345e-06 0.00016168 1.0586e-05 0.00093439 3.7623e-07
1.3391e-06 0.00016134 1.1333e-05 0.00096866 4.0047e-07
1.3459e-06 0.00016101 1.2114e-05 0.0010076 4.261e-07
1.3569e-06 0.0001607 1.2938e-05 0.0010525 4.5397e-07
1.3696e-06 0.00016041 1.3797e-05 0.001102 4.8335e-07
1.3693e-06 0.0001601 1.4636e-05 0.0011471 5.0922e-07
1.3724e-06 0.00015981 1.5518e-05 0.0011982 5.373e-07
1.3619e-06 0.0001595 1.6376e-05 0.0012443 5.6167e-07
1.3364e-06 0.00015921 1.7281e-05 0.0012846 5.2542e-07
1.7319e-06 0.00015889 1.8153e-05 0.0013188 5.1063e-07
2.1483e-06 0.0001586 1.9063e-05 0.0013577 4.9706e-07
2.5915e-06 0.00015831 2.0018e-05 0.0014024 4.8504e-07
3.0185e-06 0.00015802 2.096e-05 0.0014437 4.703e-07
3.4648e-06 0.00015773 2.1936e-05 0.0014892 4.5623e-07
3.9319e-06 0.00015746 2.2948e-05 0.001539 4.4279e-07
4.3822e-06 0.00015717 2.3946e-05 0.0015855 4.2666e-07
4.8545e-06 0.0001569 2.4981e-05 0.0016365 4.1113e-07
4.7532e-06 0.00015663 2.6048e-05 0.0016932 3.9581e-07
4.6386e-06 0.00015635 2.7101e-05 0.0017465 3.7782e-07
4.5302e-06 0.00015608 2.8187e-05 0.0018038 3.5999e-07
4.4302e-06 0.0001558 2.9257e-05 0.0018664 3.3948e-07
4.3385e-06 0.00015553 3.0368e-05 0.0019347 3.1947e-07
4.255e-06 0.00015527 3.1521e-05 0.0020092 2.9993e-07
4.1809e-06 0.00015502 3.2651e-05 0.0020911 2.8103e-07
4.117e-06 0.00015478 3.2674e-05 0.0021814 2.6281e-07
4.0686e-06 0.00015456 3.2681e-05 0.0022842 3.1983e-07
4.0344e-06 0.00015436 3.2711e-05 0.0024 3.8098e-07
4.0094e-06 0.00015417 3.276e-05 0.0025266 4.4539e-07
3.9669e-06 0.00015397 3.2794e-05 0.0026452 5.0511e-07
3.9358e-06 0.00015374 3.2812e-05 0.002632 9.5736e-07
3.8871e-06 0.00015351 3.2816e-05 0.0026133 1.3919e-06
3.8489e-06 0.00015328 3.284e-05 0.0026013 1.8588e-06
3.8236e-06 0.00015308 3.2178e-05 0.0025973 1.9973e-06
3.7836e-06 0.00015286 3.1501e-05 0.0025888 2.1299e-06
3.7289e-06 0.00015263 3.0807e-05 0.0025758 2.2567e-06
3.6595e-06 0.00015239 3.0096e-05 0.0025584 2.3779e-06
3.5964e-06 0.00015215 2.9413e-05 0.0025459 2.5064e-06
3.5418e-06 0.00015193 2.8762e-05 0.0025395 2.6442e-06
3.4944e-06 0.00015172 2.814e-05 0.0025387 2.7913e-06
3.4313e-06 0.00015149 2.75e-05 0.0025328 2.9314e-06
3.3795e-06 0.00015128 2.6895e-05 0.0025344 3.0842e-06
3.3394e-06 0.00015106 2.6266e-05 0.0025439 3.227e-06
3.3107e-06 0.00015085 2.5674e-05 0.0025613 3.3843e-06
3.2932e-06 0.00015065 2.5117e-05 0.0025869 3.5568e-06
3.2902e-06 0.00015048 2.4599e-05 0.0026226 3.749e-06
3.2669e-06 0.00015028 2.4057e-05 0.0026506 3.928e-06
3.2581e-06 0.00015011 2.3553e-05 0.0026889 4.1276e-06
3.2602e-06 0.00014995 2.308e-05 0.0027364 4.346e-06
3.2423e-06 0.00014977 2.2582e-05 0.0027696 4.55e-06
3.2055e-06 0.00014957 2.2063e-05 0.0027907 4.7414e-06
3.1498e-06 0.00014935 2.1522e-05 0.0028048 4.9207e-06
3.1085e-06 0.00014915 2.1018e-05 0.0028326 5.1226e-06
3.0471e-06 0.00014897 2.0551e-05 0.0028526 5.3482e-06
3.0313e-06 0.00014881 2.0112e-05 0.0028816 5.5956e-06
2.697e-06 0.00014866 1.9705e-05 0.0028922 5.6189e-06
2.3862e-06 0.00014853 1.9324e-05 0.0028866 5.6537e-06
2.1017e-06 0.00014839 1.8969e-05 0.0028913 5.4985e-06
1.7913e-06 0.00014822 1.8592e-05 0.002913 5.3303e-06
1.8803e-06 0.00014807 1.8197e-05 0.0029276 5.1501e-06
1.9804e-06 0.0001479 1.7832e-05 0.0029527 4.99e-06
2.0894e-06 0.00014775 1.749e-05 0.0029869 4.8456e-06
2.2112e-06 0.00014762 1.7175e-05 0.0030323 4.7184e-06
2.3437e-06 0.0001475 1.6882e-05 0.0029642 4.6047e-06
2.4913e-06 0.0001474 1.6614e-05 0.0029085 4.507e-06
2.6553e-06 0.00014732 1.6369e-05 0.0028661 4.4233e-06
2.8374e-06 0.00014726 1.6148e-05 0.0028024 4.3529e-06
2.9972e-06 0.00014722 1.6712e-05 0.0027297 4.2729e-06
3.1352e-06 0.0001472 1.7315e-05 0.0026476 4.2058e-06
3.2912e-06 0.00014716 1.7896e-05 0.0025785 4.1301e-06
3.4625e-06 0.00014714 1.851e-05 0.0025194 3.7926e-06
3.6503e-06 0.00014714 1.916e-05 0.0024697 3.4826e-06
3.8145e-06 0.00014715 1.9855e-05 0.0024117 3.2021e-06
4.0001e-06 0.00014715 2.0524e-05 0.0023647 2.906e-06
4.2089e-06 0.00014717 2.124e-05 0.0021608 2.6378e-06
4.4378e-06 0.00014721 2.1997e-05 0.0019773 2.3913e-06
4.641e-06 0.00014723 2.2826e-05 0.0017791 2.1292e-06
4.821e-06 0.00014723 2.3626e-05 0.001567 2.0202e-06
4.9779e-06 0.00014721 2.4398e-05 0.0015513 1.9028e-06
5.1602e-06 0.00014721 2.5223e-05 0.0014321 1.7975e-06
4.9819e-06 0.00014723 2.5334e-05 0.0013322 1.7032e-06
4.8229e-06 0.00014727 2.5466e-05 0.0012427 1.6173e-06
4.6409e-06 0.00014732 2.5587e-05 0.0011394 1.5234e-06
4.4777e-06 0.00014739 2.573e-05 0.0010466 1.4377e-06
4.3323e-06 0.00014748 2.5893e-05 0.00096315 1.3594e-06
4.1618e-06 0.00014759 2.6084e-05 0.00089516 1.2895e-06
4.0129e-06 0.00014771 2.6301e-05 0.00083573 1.2273e-06
3.8801e-06 0.00014786 2.5974e-05 0.00078266 1.171e-06
3.7663e-06 0.00014798 2.5677e-05 0.0007366 1.1212e-06
3.6668e-06 0.00014812 2.5405e-05 0.00069574 1.0764e-06
3.5809e-06 0.00014828 2.5157e-05 0.00065963 1.0363e-06
3.5115e-06 0.00014841 2.4889e-05 0.00062889 9.9028e-07
3.4581e-06 0.00014857 2.4648e-05 0.00060304 9.4988e-07
3.4166e-06 0.00014874 2.4431e-05 0.00058082 9.1366e-07
3.3545e-06 0.00014893 2.4194e-05 0.00055381 8.7186e-07
3.3077e-06 0.0001491 2.3938e-05 0.0005312 8.2439e-07
3.2722e-06 0.00014929 2.3704e-05 0.00051183 7.8115e-07
3.7848e-06 0.00014946 2.3452e-05 0.00049908 7.3228e-07
4.3461e-06 0.00014961 2.318e-05 0.00048979 6.7724e-07
4.9454e-06 0.00014977 2.2927e-05 0.0004826 6.2578e-07
5.5781e-06 0.00014994 2.2691e-05 0.00047689 5.7682e-07
6.2456e-06 0.00015013 2.2469e-05 0.00047254 5.3007e-07
6.9491e-06 0.00015032 2.2261e-05 0.00046946 4.8524e-07
7.684e-06 0.00015052 2.2065e-05 0.00046719 4.4163e-07
8.3963e-06 0.00015071 2.1859e-05 0.0004624 3.9495e-07
9.16e-06 0.00015091 2.1672e-05 0.00046041 3.5078e-07
9.8743e-06 0.0001511 2.1466e-05 0.00045435 3.0163e-07
1.0663e-05 0.0001513 2.1284e-05 0.00045276 2.5632e-07
1.1534e-05 0.00015152 2.1127e-05 0.00045422 2.144e-07
1.2494e-05 0.00015177 2.0992e-05 0.00045876 1.7545e-07
1.3553e-05 0.00015203 2.088e-05 0.00046646 1.3909e-07
1.4548e-05 0.00015231 2.0751e-05 0.00047004 1.533e-07
1.5647e-05 0.00015261 2.0645e-05 0.00047681 1.6839e-07
1.6841e-05 0.00015293 2.0556e-05 0.00048614 1.8405e-07
1.8139e-05 0.00015326 2.0486e-05 0.00049815 2.004e-07
1.9571e-05 0.00015364 2.0439e-05 0.00051372 2.1337e-07
2.1151e-05 0.00015404 2.0413e-05 0.00053309 2.2756e-07
2.2641e-05 0.00015445 2.0409e-05 0.00054798 2.426e-07
2.4046e-05 0.00015489 2.0389e-05 0.00055583 2.5398e-07
2.5575e-05 0.00015531 2.0386e-05 0.0005666 2.6626e-07
2.7016e-05 0.0001557 2.0366e-05 0.00057298 2.7485e-07
2.8609e-05 0.00015612 2.0368e-05 0.0005831 2.8487e-07
3.0369e-05 0.00015652 2.0391e-05 0.00054105 2.9642e-07
3.203e-05 0.00015694 2.0397e-05 0.00050811 3.0391e-07
3.3597e-05 0.00015734 2.0387e-05 0.00047014 3.0765e-07
3.5329e-05 0.00015776 2.0399e-05 0.00043699 3.1292e-07
3.6974e-05 0.00015816 2.0395e-05 0.00039933 3.1456e-07
3.8794e-05 0.00015859 2.0412e-05 0.00036621 3.1791e-07
4.0807e-05 0.00015903 2.0451e-05 0.00033713 3.2283e-07
4.3031e-05 0.0001595 2.0475e-05 0.00031166 3.2418e-07
4.5451e-05 0.00015998 2.0516e-05 0.00028872 3.2659e-07
4.7755e-05 0.00016044 2.0543e-05 0.00031907 4.4242e-07
5.03e-05 0.00016093 2.059e-05 0.00035335 4.6862e-07
5.2722e-05 0.0001614 2.0622e-05 0.00038227 4.9025e-07
5.5398e-05 0.00016189 2.0674e-05 0.00041582 5.1492e-07
5.8354e-05 0.0001624 2.0748e-05 0.00040393 5.428e-07
6.1763e-05 0.00016289 2.0807e-05 0.00039449 5.6593e-07
6.5524e-05 0.00016336 2.0884e-05 0.00038791 5.9162e-07
6.9613e-05 0.00016385 2.098e-05 0.00038345 6.2005e-07
7.4122e-05 0.00016437 2.1097e-05 0.00038169 6.5227e-07
7.9093e-05 0.00016491 2.1237e-05 0.00038261 6.8861e-07
8.4612e-05 0.00016546 2.136e-05 0.00038626 7.1986e-07
8.9901e-05 0.000166 2.1468e-05 0.00038637 7.4655e-07
9.5665e-05 0.00016656 2.1596e-05 0.00038876 7.7675e-07
0.00010188 0.00016714 2.1742e-05 0.00039294 8.0999e-07
0.00014697 0.00016773 2.1872e-05 0.00039352 8.3844e-07
0.00015994 0.00016835 2.2024e-05 0.00039655 8.7094e-07
0.00017393 0.00016899 2.2194e-05 0.00040144 9.0684e-07
0.00018736 0.0001696 2.2348e-05 0.00040276 9.377e-07
0.00020031 0.0001702 2.2488e-05 0.00040073 9.6362e-07
0.00020402 0.00017082 2.2647e-05 0.00040124 9.9301e-07
0.00020752 0.00017142 2.2788e-05 0.00039784 1.0577e-06
0.00021128 0.00017203 2.2944e-05 0.00039577 1.1266e-06
0.00021491 0.00017262 2.3088e-05 0.0003908 1.1909e-06
0.0002188 0.00017323 2.3246e-05 0.00038688 1.2591e-06
0.00022288 0.00017385 2.3415e-05 0.00038351 1.3302e-06
0.00022719 0.00017448 2.3594e-05 0.00038068 1.4046e-06
0.00023142 0.00017509 2.3766e-05 0.00037548 1.4753e-06
0.0002359 0.00017572 2.395e-05 0.00037116 1.5502e-06
0.00023577 0.00017635 2.4146e-05 0.00036735 1.6286e-06
0.0002356 0.00017698 2.4333e-05 0.00036118 1.7033e-06
0.00023553 0.00017762 2.4534e-05 0.00035587 1.7826e-06
0.00023555 0.00017826 2.4717e-05 0.00035112 1.8661e-06
0.00023548 0.0001789 2.4924e-05 0.00034344 1.9433e-06
0.00023553 0.00017954 2.5149e-05 0.00033685 2.0263e-06
0.00023548 0.00018017 2.5355e-05 0.00032673 2.1316e-06
0.00023562 0.00018078 2.5589e-05 0.00031911 2.2494e-06
0.0002359 0.0001814 2.5845e-05 0.00031306 2.3774e-06
0.00023634 0.00018205 2.6122e-05 0.00030852 2.5172e-06
0.00023687 0.0001827 2.6414e-05 0.00030442 2.6642e-06
0.00023737 0.00018334 2.6697e-05 0.00029805 2.8065e-06
0.00023782 0.00018398 2.6971e-05 0.00028939 2.9442e-06
0.00023837 0.00018462 2.7259e-05 0.00028111 3.0889e-06
0.00023901 0.00018527 2.7561e-05 0.00027316 3.2412e-06
0.00023979 0.00018594 2.7882e-05 0.00026654 3.1901e-06
0.00024052 0.0001866 2.8194e-05 0.00025764 3.1349e-06
0.00024135 0.00018726 2.8519e-05 0.00024895 3.084e-06
0.00024228 0.00018794 2.886e-05 0.00024045 3.0371e-06
0.00024317 0.0001886 2.9191e-05 0.0002297 2.9863e-06
0.00024418 0.00018928 2.9539e-05 0.00021942 2.9405e-06
0.00024529 0.00018995 2.9032e-05 0.0002093 2.8988e-06
0.00024636 0.0001906 2.8514e-05 0.00019697 2.8532e-06
0.00024738 0.00019124 2.7986e-05 0.00018242 2.8038e-06
0.00024853 0.0001919 2.7479e-05 0.00016825 2.7592e-06
0.00024964 0.00019255 2.6962e-05 0.00015187 2.7107e-06
0.0002507 0.00019318 2.6434e-05 0.00013325 2.6584e-06
0.00025163 0.00019379 2.588e-05 0.00014918 2.5983e-06
0.00025279 0.00019443 2.5366e-05 0.00016682 2.5477e-06
0.00025417 0.00019509 2.489e-05 0.00018644 2.5059e-06
0.00025543 0.00019574 2.4392e-05 0.00020278 2.4575e-06
0.00025686 0.0001964 2.3919e-05 0.00022012 2.4147e-06
0.00025841 0.00019707 2.3462e-05 0.00023779 2.3753e-06
0.00026007 0.00019775 2.3022e-05 0.00025585 2.3391e-06
0.00026169 0.00019842 2.2571e-05 0.00027159 2.2994e-06
0.00026345 0.0001991 2.2139e-05 0.00028811 2.2636e-06
0.00026534 0.00019977 2.1699e-05 0.00030512 2.2244e-06
0.00026737 0.00020045 2.1273e-05 0.00032269 2.1883e-06
0.00026953 0.00020115 2.0862e-05 0.00034088 2.1552e-06
0.00027183 0.00020185 2.0465e-05 0.00035976 2.1251e-06
0.00027428 0.00020256 2.0082e-05 0.0003795 2.0977e-06
0.00027668 0.00020327 1.9691e-05 0.00039689 2.0671e-06
0.00027926 0.00020398 1.9316e-05 0.00041552 2.04e-06
0.00028178 0.00020469 1.8932e-05 0.00043167 2.0094e-06
0.00028445 0.0002054 1.8561e-05 0.00044869 1.9816e-06
0.00028729 0.00020613 1.8203e-05 0.00046664 1.9564e-06
0.00029033 0.00020687 1.7861e-05 0.00048603 1.9346e-06
0.00029358 0.00020762 1.7533e-05 0.00050697 1.916e-06
0.00029705 0.00020839 1.7219e-05 0.00052954 1.9008e-06
0.00030075 0.00020917 1.6918e-05 0.00055387 1.8887e-06
0.00030466 0.00020997 1.6629e-05 0.00057957 1.879e-06
0.00030883 0.00021075 1.6353e-05 0.00060726 1.8723e-06
0.00031326 0.00021155 1.609e-05 0.00063709 1.8688e-06
0.00031797 0.00021236 1.5838e-05 0.00066919 1.8682e-06
0.00032299 0.00021319 1.5599e-05 0.00070374 1.8707e-06
0.00032791 0.000214 1.5352e-05 0.00073546 1.8699e-06
0.00033314 0.00021483 1.5117e-05 0.00076974 1.8721e-06
0.00033869 0.00021567 1.4892e-05 0.00080676 1.8773e-06
0.00034459 0.00021653 1.4679e-05 0.0008467 1.8857e-06
0.0003508 0.0002174 1.4475e-05 0.00088908 1.8971e-06
0.0003569 0.00021826 1.4263e-05 0.00092843 1.9052e-06
0.00036332 0.00021913 1.406e-05 0.0009609 1.9157e-06
0.00037007 0.00022002 1.3865e-05 0.00099575 1.9287e-06
0.00037727 0.00022092 1.3681e-05 0.0010341 1.7571e-06
0.0003843 0.0002218 1.3489e-05 0.0010689 1.5794e-06
0.00039178 0.0002227 1.3307e-05 0.0011073 1.4112e-06
0.00039887 0.00022363 1.3109e-05 0.0011397 1.2316e-06
0.00040564 0.00022454 1.2897e-05 0.0011666 1.0412e-06
0.00041205 0.00022543 1.267e-05 0.0011878 1.0429e-06
0.00041916 0.00022635 1.2462e-05 0.0012155 1.0491e-06
0.0004259 0.00022724 1.2239e-05 0.0012373 1.0494e-06
0.00043228 0.00022811 1.2e-05 0.0012533 1.0446e-06
0.00043936 0.000229 1.178e-05 0.0012758 1.0442e-06
0.00044708 0.00022988 1.1577e-05 0.0012898 1.0473e-06
0.0004555 0.00023073 1.136e-05 0.0013091 1.0456e-06
0.00046481 0.00023156 1.1129e-05 0.0013352 1.039e-06
0.00047509 0.00023242 1.0917e-05 0.0013686 1.0368e-06
0.00048645 0.00023331 1.0723e-05 0.0013263 1.039e-06
0.00049899 0.00023423 1.0547e-05 0.0012918 1.0457e-06
0.0005129 0.00023512 1.0388e-05 0.0012643 1.0568e-06
0.0005262 0.0002349 1.0244e-05 0.0012313 1.0718e-06
0.00054088 0.00023465 1.0086e-05 0.0012052 1.0815e-06
0.00055495 0.00023437 9.9156e-06 0.0011736 1.0863e-06
0.00057012 0.00023412 9.7573e-06 0.001147 1.0943e-06
0.00058649 0.00023389 9.6128e-06 0.001127 1.1057e-06
0.00059118 0.00023363 9.4555e-06 0.0011129 1.112e-06
0.0005964 0.0002334 9.3128e-06 0.0011042 1.1226e-06
0.00060214 0.00023319 9.1823e-06 0.0010849 1.1371e-06
0.00060752 0.00023296 9.0387e-06 0.0010747 1.1461e-06
0.00061339 0.00023275 8.9062e-06 0.0010688 1.1586e-06
0.00061385 0.00023256 8.7871e-06 0.001068 1.1757e-06
0.00061416 0.00023236 8.6562e-06 0.0010623 1.1877e-06
0.00061469 0.00023217 8.5344e-06 0.0010601 1.2027e-06
0.00061513 0.00023196 8.4043e-06 0.0010544 1.2139e-06
0.00061551 0.00023175 8.2674e-06 0.0010458 1.222e-06
0.00061606 0.00023155 8.1373e-06 0.0010398 1.2322e-06
0.00061678 0.00023136 8.0123e-06 0.0010363 1.2441e-06
0.00061765 0.00023118 7.8925e-06 0.0010348 1.2576e-06
0.00061872 0.00023101 7.78e-06 0.0010362 1.2737e-06
0.00061964 0.00023083 7.6561e-06 0.0010328 1.2844e-06
0.00062089 0.00023067 7.5454e-06 0.0010368 1.3003e-06
0.00062242 0.00023053 7.4448e-06 0.0010453 1.3205e-06
0.00062429 0.00023042 7.3565e-06 0.0010615 1.3462e-06
0.000626 0.00023029 7.2574e-06 0.0010716 1.3665e-06
0.00062795 0.00023017 7.1654e-06 0.0010852 1.3901e-06
0.00062981 0.00023004 7.0664e-06 0.0010956 1.4102e-06
0.00063186 0.00022992 6.9716e-06 0.0011081 1.4322e-06
0.00063383 0.00022979 6.8706e-06 0.0011176 1.451e-06
0.00063574 0.00022965 6.7632e-06 0.0011244 1.4666e-06
0.00063758 0.0002295 6.6496e-06 0.0011282 1.479e-06
0.00063936 0.00022933 6.5299e-06 0.0011293 1.4883e-06
0.00064132 0.00022918 6.4144e-06 0.001133 1.4995e-06
0.00064349 0.00022904 6.3043e-06 0.0011395 1.5133e-06
0.00064589 0.00022891 6.1994e-06 0.0011487 1.5297e-06
0.00064821 0.0002288 6.0883e-06 0.001155 1.5429e-06
0.00065072 0.0002287 5.9811e-06 0.0011635 1.5581e-06
0.00065317 0.00022858 5.8679e-06 0.0011692 1.5702e-06
0.00065585 0.00022848 5.7585e-06 0.0011776 1.5843e-06
0.00065873 0.00022839 5.6528e-06 0.0011889 1.6005e-06
0.00066183 0.00022831 5.5506e-06 0.0012024 1.6188e-06
0.00066484 0.00022821 5.4424e-06 0.001213 1.6333e-06
0.00066778 0.00022811 5.328e-06 0.0012206 1.6446e-06
0.00067093 0.00022801 5.2171e-06 0.0012304 1.658e-06
0.0006743 0.00022793 5.1096e-06 0.0012426 1.6735e-06
0.00067759 0.00022783 4.9961e-06 0.0012518 1.6858e-06
0.00068115 0.00022775 4.887e-06 0.0012639 1.7009e-06
0.00068494 0.00022768 4.7812e-06 0.0012784 1.7182e-06
0.00068864 0.0002276 4.6693e-06 0.0012899 1.7322e-06
0.00069227 0.0002275 4.5517e-06 0.0012986 1.743e-06
0.00069614 0.0002274 4.4373e-06 0.0013104 1.7562e-06
0.00069993 0.00022728 4.3172e-06 0.0013194 1.7661e-06
0.00070364 0.00022716 4.1914e-06 0.0013255 1.773e-06
0.00070764 0.00022705 4.0698e-06 0.0013341 1.7827e-06
0.00071155 0.00022692 3.9422e-06 0.0013397 1.7891e-06
0.00071571 0.00022681 3.8177e-06 0.0013476 1.7978e-06
0.00072018 0.00022671 3.697e-06 0.0013587 1.8095e-06
0.00072455 0.0002266 3.5705e-06 0.0013668 1.8178e-06
0.0007292 0.0002265 3.4467e-06 0.0013774 1.8285e-06
0.00073374 0.00022639 3.3171e-06 0.0013849 1.8358e-06
0.00073861 0.00022629 3.1911e-06 0.0013956 1.8461e-06
0.00074377 0.0002262 3.0677e-06 0.0014089 1.8587e-06
0.00074929 0.00022613 2.9476e-06 0.0014254 1.8745e-06
0.00075471 0.00022604 2.8221e-06 0.0014391 1.887e-06
0.00076051 0.00022597 2.6998e-06 0.0014561 1.9027e-06
0.00076618 0.00022588 2.5718e-06 0.00147 1.915e-06
0.00077176 0.00022579 2.4383e-06 0.001481 1.9241e-06
0.00077772 0.0002257 2.308e-06 0.0014954 1.9364e-06
0.00078408 0.00022563 2.1807e-06 0.0015142 1.9519e-06
0.00079032 0.00022558 2.048e-06 0.00153 1.9641e-06
0.00079645 0.00022551 1.9096e-06 0.0015427 1.973e-06
0.00080246 0.00022543 1.7655e-06 0.0015522 1.9784e-06
0.00080837 0.00022534 1.616e-06 0.0015589 1.9807e-06
0.00081417 0.00022524 1.765e-06 0.0015626 1.9797e-06
0.00082031 0.00022516 1.9162e-06 0.0015691 1.9812e-06
0.0008268 0.00022508 2.0698e-06 0.0015783 1.9851e-06
0.00083318 0.00022499 2.2178e-06 0.0015823 1.9858e-06
0.00083992 0.00022491 2.3682e-06 0.00159 1.989e-06
0.00084654 0.00022482 2.5131e-06 0.0015946 1.989e-06
0.00085306 0.00022472 2.6524e-06 0.0015964 1.9857e-06
0.00086001 0.00022463 2.7954e-06 0.0016016 1.9857e-06
0.00086741 0.00022456 2.9421e-06 0.0016104 1.9889e-06
0.00087521 0.00022449 3.0916e-06 0.001622 1.9945e-06
0.00088352 0.00022444 3.2453e-06 0.0016372 2.0034e-06
0.00089169 0.00022438 3.3931e-06 0.0016493 2.0089e-06
0.0009004 0.00022433 3.5457e-06 0.0016654 2.018e-06
0.00090989 0.0002243 3.7062e-06 0.0016874 2.0324e-06
0.00092037 0.0002243 3.8773e-06 0.0017197 2.0536e-06
0.00093039 0.00022427 5.1824e-06 0.0017461 2.069e-06
0.00093972 0.00022428 5.5792e-06 0.0017832 2.0915e-06
0.00094889 0.00022427 5.9681e-06 0.001817 2.1107e-06
0.00095855 0.00022427 6.3675e-06 0.0018544 2.1326e-06
0.00096873 0.00022428 6.7776e-06 0.0018954 2.1573e-06
0.00097873 0.00022428 7.1795e-06 0.001933 2.1785e-06
0.00098926 0.00022429 7.5924e-06 0.0019744 2.2025e-06
0.0010003 0.00022431 8.0168e-06 0.0020196 2.2293e-06
0.0010113 0.00022432 8.4332e-06 0.0020616 2.2528e-06
0.001022 0.00022432 8.8417e-06 0.0021002 2.273e-06
0.0010334 0.00022434 9.2645e-06 0.0021438 2.2969e-06
0.0010446 0.00022434 9.6787e-06 0.0021839 2.3173e-06
0.0010565 0.00022435 1.0105e-05 0.002228 2.3406e-06
0.0010689 0.00022437 1.0544e-05 0.0022764 2.3669e-06
0.0010821 0.00022441 1.0998e-05 0.0023303 2.3971e-06
0.001096 0.00022445 1.1469e-05 0.00239 2.4313e-06
0.0011098 0.00022449 1.1931e-05 0.0024458 2.4619e-06
0.0011244 0.00022454 1.2409e-05 0.0025077 2.4966e-06
0.0011397 0.0002246 1.2902e-05 0.0025747 2.5346e-06
0.0011548 0.00022467 1.3386e-05 0.0026376 2.5689e-06
0.0011708 0.00022475 1.3887e-05 0.0027071 2.6075e-06
0.0011865 0.00022483 1.4379e-05 0.0027725 2.6424e-06
0.0012032 0.00022492 1.4889e-05 0.0028449 2.6819e-06
0.0012191 0.00022498 1.5376e-05 0.0029084 2.5947e-06
0.0012367 0.00022507 1.5897e-05 0.0029846 2.518e-06
0.0012557 0.00022514 1.6448e-05 0.0030724 2.4497e-06
0.0012742 0.0002252 1.698e-05 0.0031527 2.375e-06
0.0012921 0.00022523 1.7496e-05 0.0032265 2.2943e-06
0.0012957 0.00022525 1.8042e-05 0.00331 2.222e-06
0.0012997 0.00022529 1.8613e-05 0.0034026 2.1555e-06
0.0013041 0.00022534 1.9211e-05 0.0035057 2.0949e-06
0.0013089 0.0002254 1.9833e-05 0.0034354 2.0388e-06
0.0013055 0.00022548 2.0476e-05 0.0033574 1.9864e-06
0.0013023 0.00022557 2.1141e-05 0.0032856 1.9373e-06
0.0012816 0.00022566 2.1831e-05 0.0032 1.892e-06
0.0012621 0.00022578 2.2547e-05 0.0031221 1.8504e-06
0.0012436 0.0002259 2.3291e-05 0.0030514 1.8123e-06
0.0012249 0.00022602 2.4022e-05 0.0029766 1.7707e-06
0.0012072 0.00022614 2.4781e-05 0.0029087 1.7326e-06
0.0011905 0.00022628 2.557e-05 0.0028476 1.6978e-06
0.0011748 0.00022643 2.6389e-05 0.0027927 1.6662e-06
0.0011588 0.00022658 2.7195e-05 0.0027343 1.6313e-06
0.0011437 0.00022673 2.8033e-05 0.0026819 1.5996e-06
0.0011295 0.0002269 2.8903e-05 0.0026355 1.5708e-06
0.0011161 0.00022708 2.9807e-05 0.0025947 1.545e-06
0.0011035 0.00022727 3.0745e-05 0.0025593 1.5219e-06
0.0010915 0.00022748 3.1649e-05 0.0025282 1.5009e-06
0.0010801 0.00022769 3.2583e-05 0.0025013 1.4819e-06
0.0010693 0.00022792 3.3548e-05 0.0024784 1.4649e-06
0.0010583 0.00022813 3.4498e-05 0.002452 1.4447e-06
0.0010471 0.00022833 3.5433e-05 0.0024221 1.4212e-06
0.0010366 0.00022855 3.6406e-05 0.0023971 1.4003e-06
0.0010266 0.00022878 3.7416e-05 0.0023769 1.3819e-06
0.0010173 0.00022902 3.8465e-05 0.0023615 1.366e-06
0.0010078 0.00022925 3.9498e-05 0.0023427 1.3469e-06
0.00099884 0.00022949 4.0572e-05 0.0023285 1.3302e-06
0.00098973 0.00022972 4.1631e-05 0.0023109 1.3104e-06
0.00098049 0.00022995 4.2676e-05 0.00229 1.2875e-06
0.00097179 0.00023018 4.3761e-05 0.0022738 1.267e-06
0.00096362 0.00023043 4.4889e-05 0.0022621 1.2488e-06
0.00095587 0.00023069 4.6054e-05 0.0022541 1.2322e-06
0.00094853 0.00023096 4.5938e-05 0.0022496 1.2172e-06
0.00094105 0.00023122 4.5813e-05 0.0022418 1.1992e-06
0.00093404 0.00023149 4.5705e-05 0.0022384 1.1833e-06
0.00092689 0.00023177 4.5617e-05 0.0022316 1.1695e-06
0.0009196 0.00023205 4.5518e-05 0.0022215 1.1526e-06
0.00091277 0.00023233 4.5438e-05 0.0022158 1.1378e-06
0.00090582 0.00023261 4.5349e-05 0.0022068 1.12e-06
0.00089924 0.0002329 4.5276e-05 0.0022015 1.1038e-06
0.00089308 0.0002332 4.522e-05 0.0022005 1.0894e-06
0.00089771 0.00023349 4.5156e-05 0.0021964 1.0722e-06
0.00090267 0.00023379 4.5109e-05 0.0019891 1.0569e-06
0.00090795 0.00023411 4.5078e-05 0.0017934 1.043e-06
0.00091359 0.00023443 4.5064e-05 0.00161 1.0308e-06
0.00091986 0.00023478 4.5081e-05 0.0014463 1.0226e-06
0.00092582 0.00023512 4.5078e-05 0.001271 1.0097e-06
0.00092784 0.00023547 4.5103e-05 0.0011792 1.0002e-06
0.00092979 0.00023581 4.5118e-05 0.0010834 9.8768e-07
0.00093198 0.00023617 4.5151e-05 0.00099371 9.769e-07
0.00093443 0.00023654 4.3812e-05 0.00090981 9.6781e-07
0.0009371 0.00023692 4.2515e-05 0.00083024 9.5988e-07
0.00094004 0.00023731 4.1266e-05 0.00075564 9.5358e-07
0.0009429 0.0002377 4.0001e-05 0.00080517 9.4445e-07
0.00094604 0.00023809 3.8782e-05 0.00085823 9.3693e-07
0.00094909 0.00023848 3.7547e-05 0.00090813 9.2645e-07
0.000945 0.00023888 3.6352e-05 0.00086264 9.1716e-07
0.0009408 0.00023927 3.5139e-05 0.00094775 9.0484e-07
0.00093687 0.00023966 3.3964e-05 0.00092651 8.9367e-07
0.00093285 0.00024005 3.2772e-05 0.00090234 8.7947e-07
0.00092909 0.00024045 3.1617e-05 0.00088014 8.6635e-07
0.00092524 0.00024083 3.0446e-05 0.00085511 8.5028e-07
0.0009213 0.00024121 2.9261e-05 0.00082738 1.0479e-06
0.00091766 0.0002416 2.8118e-05 0.00080215 1.2561e-06
0.00091432 0.000242 2.7016e-05 0.00077931 1.4753e-06
0.00091126 0.00024242 2.5954e-05 0.00075873 1.7065e-06
0.00090843 0.00024284 2.4924e-05 0.00073978 1.9482e-06
0.00090551 0.00024326 2.3879e-05 0.0007181 2.1838e-06
0.00090283 0.00024369 2.2866e-05 0.00069049 2.4305e-06
0.00090006 0.00024411 2.1839e-05 0.00066641 2.671e-06
0.00089756 0.00024454 2.0848e-05 0.00064439 2.9251e-06
0.00089531 0.00024498 1.9892e-05 0.00062432 3.1938e-06
0.00089299 0.00024542 1.8923e-05 0.00060172 3.4564e-06
0.00089059 0.00024584 1.7942e-05 0.00057657 3.7131e-06
0.00088841 0.00024626 1.6948e-05 0.00055283 3.9639e-06
0.00088644 0.00024668 1.5983e-05 0.00053039 4.227e-06
0.00088439 0.00024709 1.5005e-05 0.00050534 4.4835e-06
0.00088227 0.00024752 1.4014e-05 0.00047777 4.734e-06
0.00088039 0.00024796 1.3057e-05 0.00045194 4.9995e-06
0.00087875 0.00024841 1.2132e-05 0.00042775 4.9684e-06
0.00087733 0.00024888 1.124e-05 0.00040505 4.9436e-06
0.00087614 0.00024936 1.0377e-05 0.00038374 4.9252e-06
0.00087517 0.00024986 9.5444e-06 0.00036371 4.9129e-06
0.00086315 0.00025037 8.7353e-06 0.00034449 4.5457e-06
0.00085093 0.00025087 7.9141e-06 0.00032283 4.1703e-06
0.0008385 0.00025135 7.0807e-06 0.00029872 3.7865e-06
0.00082678 0.00025185 6.2749e-06 0.00027576 3.4237e-06
0.00081486 0.00025234 5.4572e-06 0.00025037 3.0527e-06
0.00080274 0.00025282 4.6275e-06 0.00022256 2.6736e-06
0.00079044 0.00025329 3.7866e-06 0.00019239 2.2869e-06
0.00077884 0.00025377 2.9732e-06 0.00016335 1.9209e-06
0.00076705 0.00025424 2.1484e-06 0.00013194 1.5473e-06
0.00075471 0.00025468 2.0438e-06 0.00013921 1.5145e-06
0.00074173 0.0002551 1.9308e-06 0.00014348 1.4759e-06
0.00072981 0.00025555 1.8228e-06 0.00014841 1.4428e-06
0.00071886 0.00025601 1.7193e-06 0.00015469 1.4146e-06
0.00070736 0.00025646 1.5989e-06 0.00015667 1.3807e-06
0.00069675 0.00025693 1.4827e-06 0.00015923 1.3511e-06
0.00068564 0.00025737 1.3583e-06 0.00015888 1.3161e-06
0.00067409 0.0002578 1.4562e-06 0.00015582 1.2759e-06
0.00066339 0.00025825 1.5573e-06 0.00015324 1.24e-06
0.00065222 0.00025867 1.6506e-06 0.00014783 1.1987e-06
0.0006406 0.00025908 1.7367e-06 0.00013968 1.1523e-06
0.00062969 0.00025951 1.8247e-06 0.00013167 1.109e-06
0.00061955 0.00025995 1.9157e-06 0.00011907 1.0695e-06
0.00060923 0.00026038 2.0012e-06 0.00010432 1.0267e-06
0.00059951 0.00026083 2.0886e-06 8.9621e-05 9.8639e-07
0.00059026 0.00026129 2.1769e-06 7.4889e-05 9.4779e-07
0.00058085 0.00026174 2.26e-06 5.807e-05 9.0604e-07
0.00057128 0.00026217 2.3376e-06 3.9157e-05 8.6114e-07
0.00056227 0.00026263 2.4173e-06 2.0221e-05 8.1862e-07
0.00055307 0.00026307 2.4912e-06 2.2434e-05 7.7987e-07
0.00054363 0.00026352 2.5589e-06 5.4684e-05 7.3749e-07
0.00053393 0.00026396 2.6204e-06 8.4563e-05 6.9141e-07
0.00052479 0.00026442 2.6837e-06 0.00011521 6.473e-07
0.00051541 0.00026486 2.741e-06 0.00014321 5.9966e-07
0.00050662 0.00026532 2.8006e-06 0.0001723 5.5426e-07
0.00049847 0.0002658 2.8639e-06 0.00020332 5.1176e-07
0.00048997 0.00026625 2.9194e-06 0.00023072 5.6645e-07
0.00048229 0.00026674 2.9861e-06 0.00026282 6.2653e-07
0.00047502 0.00026725 3.0546e-06 0.00029614 6.8885e-07
0.00046761 0.00026774 3.1175e-06 0.00032684 7.478e-07
0.00046007 0.00026821 3.1704e-06 0.00035504 8.0357e-07
0.00045298 0.00026868 3.2258e-06 0.00038487 8.6218e-07
0.00044624 0.00026916 3.2826e-06 0.00041593 9.2301e-07
0.00043939 0.00026963 3.3339e-06 0.00044437 9.805e-07
0.00043287 0.00027011 3.3868e-06 0.00047409 1.0403e-06
0.00042624 0.00027058 3.4341e-06 0.00050119 1.0967e-06
0.0004195 0.00027104 3.4761e-06 0.00052578 1.15e-06
0.0004131 0.00027151 3.5197e-06 0.00055169 1.2056e-06
0.0004066 0.00027197 3.5579e-06 0.00057508 1.2581e-06
0.00040042 0.00027245 3.5986e-06 0.00059986 1.3137e-06
0.0003946 0.00027294 3.6418e-06 0.00062665 1.3728e-06
0.00038867 0.00027342 3.6793e-06 0.00065062 1.4282e-06
0.00038263 0.00027391 3.7112e-06 0.00067192 1.4802e-06
0.00037695 0.00027441 3.7449e-06 0.00069479 1.5349e-06
0.00037161 0.00027493 3.7811e-06 0.00071981 1.5933e-06
0.00036618 0.00027547 3.812e-06 0.00074223 1.6484e-06
0.00036103 0.00027601 3.8446e-06 0.00076632 1.7064e-06
0.00035614 0.00027657 3.8789e-06 0.00079218 1.7675e-06
0.0003515 0.00027714 3.9149e-06 0.00082051 1.832e-06
0.00034715 0.00027773 3.9537e-06 0.00085144 1.9009e-06
0.00034307 0.00027833 3.9953e-06 0.00088515 1.9744e-06
0.0003389 0.00027892 4.0313e-06 0.0009234 2.044e-06
0.00033465 0.0002795 4.0616e-06 0.00095867 2.1099e-06
0.00033032 0.00028007 4.0864e-06 0.00099097 2.172e-06
0.00032625 0.00028066 4.1139e-06 0.0010263 2.2388e-06
0.00032243 0.00027704 4.1443e-06 0.001065 2.3104e-06
0.00031882 0.00027345 4.1766e-06 0.0011063 2.3861e-06
0.00031541 0.0002699 4.2109e-06 0.0011505 2.466e-06
0.00031193 0.00026633 4.2395e-06 0.0011915 2.542e-06
0.00030838 0.00026275 4.2627e-06 0.0012296 2.6143e-06
0.00030502 0.0002592 4.2879e-06 0.0012713 2.6909e-06
0.00030185 0.00025568 4.3151e-06 0.0013161 2.772e-06
0.00029861 0.00025215 4.3366e-06 0.0013577 2.849e-06
0.00029555 0.00024865 4.3601e-06 0.0014024 2.9308e-06
0.00029243 0.00024513 4.3781e-06 0.0014441 3.0086e-06
0.00028952 0.00024165 4.3992e-06 0.0014899 3.0924e-06
0.00028654 0.0002382 4.4146e-06 0.0015324 3.1721e-06
0.00028375 0.0002348 4.433e-06 0.0015792 3.2579e-06
0.00028113 0.00023142 4.4534e-06 0.0016296 3.3489e-06
0.00027866 0.00022807 4.4759e-06 0.0016839 3.4454e-06
0.00027614 0.0002247 4.493e-06 0.0017349 3.5378e-06
0.00027357 0.00022133 4.5046e-06 0.0017826 3.6261e-06
0.00027094 0.000223 4.5108e-06 0.0018271 3.7105e-06
0.0002685 0.0002247 4.52e-06 0.0018763 3.8015e-06
0.00026622 0.00022642 4.5323e-06 0.0019306 3.8997e-06
0.00026411 0.00022816 4.5477e-06 0.0019902 4.0052e-06
0.00026214 0.00022991 4.5652e-06 0.0020543 4.1171e-06
0.00026011 0.00023166 4.5771e-06 0.0021148 4.2245e-06
0.00025831 0.00023343 4.5952e-06 0.0021845 4.1699e-06
0.00025676 0.00023525 4.6212e-06 0.0022664 4.1269e-06
0.00025509 0.00023704 4.6382e-06 0.0023401 4.076e-06
0.00025366 0.00023887 4.6632e-06 0.0024268 4.0364e-06
0.00025211 0.00024073 4.6947e-06 0.0025049 4.0061e-06
0.00025076 0.00024263 4.7327e-06 0.0025943 3.9848e-06
0.00024278 0.0002561 4.9807e-06 0.0032892 3.8706e-06
0.00024183 0.00025798 5.0136e-06 0.0033998 3.8591e-06
0.00024057 0.0002599 5.0309e-06 0.0035287 3.8563e-06
0.00023949 0.00026177 5.055e-06 0.0036741 3.862e-06
0.00023862 0.00026369 5.0877e-06 0.0038411 3.878e-06
0.00023795 0.00026565 5.129e-06 0.0040317 3.9044e-06
0.00023441 0.00027954 5.3988e-06 0.0055103 4.1206e-06
0.00023379 0.00028148 5.4169e-06 0.0057021 4.1384e-06
0.00023332 0.00028346 5.4418e-06 0.0059168 4.1648e-06
0.00023301 0.00028548 5.4739e-06 0.0061573 4.2003e-06
0.0002327 0.00028749 5.5022e-06 0.0063962 4.234e-06
0.00023238 0.0002895 5.5269e-06 0.0066335 4.2659e-06
0.00023205 0.0002915 5.548e-06 0.0068693 4.2959e-06
0.00023172 0.0002935 5.5653e-06 0.0071035 4.324e-06
0.00023138 0.00029549 5.579e-06 0.0073362 4.3503e-06
0.00023103 0.00029748 5.589e-06 0.0075673 4.3748e-06
0.00023058 0.00029944 5.5888e-06 0.0077798 4.3907e-06
0.00023028 0.00030144 5.5957e-06 0.0080277 4.4159e-06
0.00022989 0.0003034 5.5931e-06 0.008258 4.4332e-06
0.00022969 0.00030541 5.5996e-06 0.0085233 4.4618e-06
0.00022939 0.0003074 5.5965e-06 0.0087704 4.4825e-06
0.000226 0.00030942 5.6007e-06 0.0089744 4.5127e-06
0.00022245 0.00031141 5.5954e-06 0.0091628 4.5351e-06
0.00021914 0.00031344 5.5952e-06 0.0093711 4.5647e-06
0.00021603 0.00031548 5.5985e-06 0.0096008 4.6002e-06
0.00021286 0.00031752 5.596e-06 0.009823 4.6314e-06
0.00020962 0.00031954 5.5876e-06 0.010038 4.6585e-06
0.00020658 0.00032159 5.5831e-06 0.010271 4.6917e-06
0.00020347 0.00032362 5.5726e-06 0.010497 4.7207e-06
0.0002003 0.00032564 5.5563e-06 0.010716 4.7456e-06
0.00019707 0.00032765 5.5343e-06 0.010927 4.7665e-06
0.00019401 0.00032968 5.5151e-06 0.011155 4.7924e-06
0.00019089 0.0003317 5.4901e-06 0.011375 4.8141e-06
0.0001877 0.0003337 5.4591e-06 0.011587 4.8316e-06
0.00018471 0.00033573 5.432e-06 0.011818 4.8553e-06
0.00018165 0.00033775 5.3989e-06 0.012042 4.8748e-06
0.00017854 0.00033975 5.3603e-06 0.012259 4.8903e-06
0.00017559 0.00034178 5.3244e-06 0.012493 4.9109e-06
0.00017257 0.00034379 5.2826e-06 0.012718 4.9273e-06
0.00016972 0.00034582 5.2436e-06 0.012919 4.9489e-06
0.00016702 0.00034788 5.2072e-06 0.013135 4.9755e-06
0.00016426 0.00034992 5.165e-06 0.013344 4.998e-06
0.00016145 0.00035195 5.1169e-06 0.013545 5.0162e-06
0.0001588 0.000354 5.0725e-06 0.013766 5.0407e-06
0.0001561 0.00035604 5.022e-06 0.013978 5.0607e-06
0.00015362 0.00035812 4.978e-06 0.014228 4.8792e-06
0.000151 0.00036017 4.9243e-06 0.014457 4.6854e-06
0.00014832 0.0003622 4.8647e-06 0.014678 4.4856e-06
0.00014559 0.00036423 4.7993e-06 0.014892 4.2801e-06
0.000143 0.00036627 4.7365e-06 0.015122 4.0847e-06
0.00014035 0.0003683 4.6679e-06 0.015345 3.8835e-06
0.00013765 0.00037032 4.5934e-06 0.01556 3.6766e-06
0.00013509 0.00037236 4.5215e-06 0.015792 3.4795e-06
0.00013247 0.00037438 4.444e-06 0.016017 3.2769e-06
0.00012679 0.00037638 4.3569e-06 0.016284 3.1408e-06
0.00012633 0.00037843 4.2787e-06 0.016527 3.0204e-06
0.00012583 0.00038046 4.1936e-06 0.016759 2.8942e-06
0.00012529 0.00038247 4.6309e-06 0.016979 2.7621e-06
0.00012482 0.0003845 5.0819e-06 0.017221 2.6376e-06
0.00012431 0.00038652 5.5222e-06 0.017452 2.5073e-06
0.00012375 0.00038852 5.9497e-06 0.017668 2.37e-06
0.00012634 0.00039057 6.4016e-06 0.017864 2.2457e-06
0.00012916 0.00039265 6.8752e-06 0.018089 2.1315e-06
0.00013184 0.00039471 7.3324e-06 0.018294 2.0094e-06
0.00013479 0.00039681 7.8166e-06 0.018535 1.8989e-06
0.0001376 0.00039896 8.3291e-06 0.018755 1.7989e-06
0.00014065 0.00040115 8.8666e-06 0.019017 1.7069e-06
0.00014364 0.00040333 9.3943e-06 0.019269 1.6109e-06
0.00014656 0.00040549 9.9125e-06 0.019513 1.5108e-06
0.00014967 0.00040764 1.0449e-05 0.01978 1.4161e-06
0.00015272 0.00040978 1.0975e-05 0.020038 1.3174e-06
0.00015596 0.00041194 1.1521e-05 0.020321 1.2238e-06
0.0001594 0.00041409 1.2086e-05 0.02063 1.1349e-06
0.00016306 0.00041627 1.2671e-05 0.020966 1.0504e-06
0.00016665 0.00041843 1.3245e-05 0.021293 9.6218e-07
0.00017017 0.00042062 1.381e-05 0.021609 8.7036e-07
0.00017391 0.00042284 1.4396e-05 0.021955 7.8284e-07
0.00017758 0.00042505 1.4972e-05 0.02229 8.1275e-07
0.00018145 0.00042728 1.5566e-05 0.022651 8.439e-07
0.00018526 0.0004295 1.615e-05 0.023002 8.7217e-07
0.00018899 0.0004317 1.6724e-05 0.023343 8.9743e-07
0.00019295 0.00043393 1.7319e-05 0.023714 9.2451e-07
0.00019717 0.0004362 1.7937e-05 0.024117 9.5351e-07
0.0002013 0.00043845 1.8544e-05 0.024509 9.7955e-07
0.00020566 0.00044072 1.9171e-05 0.024935 1.0071e-06
0.00020994 0.00044299 1.9788e-05 0.02535 1.0316e-06
0.00021414 0.00044523 2.0393e-05 0.025753 1.0529e-06
0.00021872 0.00044745 2.0975e-05 0.026259 1.0693e-06
0.00022313 0.00044964 2.1533e-05 0.026728 1.0809e-06
0.00022801 0.00045188 2.2132e-05 0.027274 1.0969e-06
0.00023264 0.00045408 2.2705e-05 0.027782 1.1078e-06
0.00023752 0.00045631 2.3299e-05 0.028326 1.1203e-06
0.00024231 0.00045853 2.3881e-05 0.028856 1.1296e-06
0.00024736 0.00046078 2.4483e-05 0.029337 1.1404e-06
0.00025272 0.00046305 2.5109e-05 0.029859 1.1532e-06
0.0002584 0.00046536 2.576e-05 0.030423 1.1681e-06
0.0002587 0.00046769 2.6435e-05 0.031036 1.1847e-06
0.00025911 0.00047006 2.7136e-05 0.031699 1.2035e-06
0.00025963 0.00047246 2.7864e-05 0.032415 1.2245e-06
0.00026012 0.00047488 2.8617e-05 0.033114 1.2473e-06
0.00026057 0.00047729 2.9358e-05 0.033798 1.267e-06
0.00026098 0.00047969 3.0088e-05 0.034466 1.2836e-06
0.00026154 0.00048213 3.0856e-05 0.035204 1.3038e-06
0.00026199 0.00048454 3.1679e-05 0.03589 1.3295e-06
0.00026233 0.00048691 3.7206e-05 0.036533 1.3499e-06
0.00025993 0.00048934 4.3088e-05 0.037269 1.3759e-06
0.0002574 0.00049174 4.8784e-05 0.037961 1.3967e-06
0.00025471 0.0004941 5.4328e-05 0.038611 1.4122e-06
0.00025233 0.00049653 6.0221e-05 0.038713 1.4332e-06
0.00024978 0.00049892 6.5934e-05 0.038792 1.4484e-06
0.00024754 0.00050127 7.2015e-05 0.038927 1.4695e-06
0.00024557 0.00050368 7.8488e-05 0.039107 1.4965e-06
0.00024346 0.00050614 8.4781e-05 0.039257 1.518e-06
0.00024122 0.00050857 9.0898e-05 0.039384 1.5339e-06
0.00023922 0.00051105 9.745e-05 0.03955 1.5566e-06
0.00023706 0.00051349 0.00010379 0.03969 1.5732e-06
0.00023475 0.00051599 0.00010994 0.039805 1.5839e-06
0.00023268 0.00051854 0.00011651 0.039968 1.5993e-06
0.00023054 0.00052107 0.000123 0.040119 1.611e-06
0.00022833 0.00052359 0.00012941 0.040259 1.6193e-06
0.00022607 0.00052609 0.00013575 0.04039 1.6242e-06
0.00022396 0.00052863 0.00014233 0.040546 1.6319e-06
0.00022181 0.00053115 0.00014884 0.040693 1.6362e-06
0.0002198 0.0005337 0.00015559 0.040801 1.6434e-06
0.00021775 0.00053624 0.00016229 0.040901 1.6474e-06
0.00021566 0.00053877 0.00016892 0.040992 1.6483e-06
0.00021371 0.00054133 0.00017005 0.041111 1.6521e-06
0.00021189 0.00054393 0.00017123 0.041251 1.658e-06
0.00021002 0.00054651 0.00017239 0.041382 1.6606e-06
0.00020811 0.00054907 0.00017348 0.041505 1.6601e-06
0.00020615 0.00055162 0.00017457 0.041619 1.6565e-06
0.00020433 0.00055421 0.0001757 0.041759 1.6557e-06
0.00020265 0.00055678 0.00017682 0.041925 1.6515e-06
0.00020093 0.00055933 0.00017792 0.042081 1.6442e-06
0.00019915 0.00056188 0.000179 0.042228 1.6335e-06
0.00019751 0.00056445 0.00018002 0.042402 1.6256e-06
0.00019582 0.00056701 0.00018102 0.042565 1.6144e-06
0.00019427 0.00056961 0.00018208 0.042756 1.606e-06
0.00019283 0.00057224 0.00018319 0.042976 1.6002e-06
0.00019152 0.00057491 0.00018436 0.043224 1.5972e-06
0.00019017 0.00057756 0.0001855 0.043462 1.5908e-06
0.00018877 0.0005802 0.00018663 0.043691 1.5814e-06
0.0001875 0.00058288 0.00018782 0.043951 1.5746e-06
0.00018632 0.00058558 0.00018906 0.044237 1.5699e-06
0.00018524 0.00058832 0.00019035 0.044553 1.5671e-06
0.00018412 0.00059105 0.00019163 0.044857 1.5612e-06
0.0001831 0.00059381 0.00019296 0.045194 1.5578e-06
0.0001822 0.0005966 0.00019436 0.045567 1.5571e-06
0.00018139 0.00059944 0.00019582 0.045977 1.5589e-06
0.00018069 0.00060231 0.00019735 0.046426 1.5634e-06
0.00018009 0.00060522 0.00019895 0.046917 1.5706e-06
0.00017944 0.00060812 0.00020053 0.04739 1.9279e-06
0.0001787 0.00061097 0.00020204 0.047829 2.2675e-06
0.00017786 0.00061377 0.00020349 0.048231 2.588e-06
0.00017692 0.00061653 0.00020489 0.0486 2.8919e-06
0.0001759 0.00061925 0.00020623 0.04894 3.1804e-06
0.00017479 0.00062195 0.00020752 0.049254 3.4556e-06
0.00017378 0.00062467 0.00020888 0.049599 3.7448e-06
0.00017272 0.00062738 0.00021021 0.049932 4.0269e-06
