Buteo_japonicus Cairina_moschata Calidris_pugnax Calypte_anna Camarhynchus_parvulus
0.0015919 0.00025183 6.5891e-06 2.8963e-05 0.0073368
0.0015878 0.00024296 6.169e-06 2.7437e-05 0.0073354
0.0015838 0.00023422 5.7866e-06 2.591e-05 0.0073339
0.0015798 0.00022543 5.3907e-06 2.4381e-05 0.0073324
0.0015758 0.0002168 5.038e-06 2.2851e-05 0.0073309
0.0015718 0.00020807 4.6629e-06 2.1319e-05 0.0073294
0.0015679 0.00019956 4.3385e-06 1.9785e-05 0.007328
0.0015642 0.0001913 4.0689e-06 1.825e-05 0.0073265
0.0015604 0.00018289 3.7705e-06 1.6714e-05 0.007325
0.0015565 0.00017434 3.4444e-06 1.5176e-05 0.0073235
0.0015528 0.00016605 3.1739e-06 1.3875e-05 0.007322
0.0015491 0.00015798 2.9432e-06 1.2748e-05 0.0073205
0.0015454 0.00014976 2.6884e-06 1.1518e-05 0.0073191
0.0015417 0.00014141 2.4083e-06 1.0186e-05 0.0073176
0.0015381 0.00013332 2.1797e-06 9.0612e-06 0.0073161
0.0015346 0.00012544 1.9852e-06 8.0885e-06 0.0073146
0.001531 0.00011741 1.7698e-06 7.0241e-06 0.0073131
0.0015276 0.00010959 1.5863e-06 6.1026e-06 0.0073117
0.0015242 0.00010198 1.4302e-06 5.305e-06 0.0073102
0.0015211 9.4608e-05 1.3013e-06 4.6318e-06 0.0073088
0.001518 8.7425e-05 1.1919e-06 4.0491e-06 0.0073073
0.0015149 8.0121e-05 1.0712e-06 4.0246e-06 0.0073059
0.0015118 7.9589e-05 9.3844e-07 3.9849e-06 0.0073045
0.0015087 7.9088e-05 8.252e-07 3.965e-06 0.0073031
0.0015056 7.8541e-05 6.9938e-07 3.9254e-06 0.0073017
0.0015023 7.7951e-05 5.6157e-07 3.8707e-06 0.0073002
0.0014993 7.7401e-05 4.4669e-07 3.8398e-06 0.0072988
0.0014961 7.6804e-05 3.1929e-07 3.7922e-06 0.0072974
0.0014929 7.6164e-05 3.0702e-07 3.7294e-06 0.0072959
0.0014898 7.5556e-05 2.9798e-07 3.6865e-06 0.0072945
0.0014868 7.4986e-05 2.9194e-07 3.6628e-06 0.0072931
0.0014839 7.4456e-05 2.8941e-07 3.6615e-06 0.0072917
0.0014812 7.3956e-05 2.8966e-07 3.679e-06 0.0072903
0.0014709 7.2006e-05 2.9884e-07 3.8227e-06 0.0072848
0.0014683 7.1522e-05 3.0261e-07 3.8741e-06 0.0072834
0.0014655 7.1068e-05 3.0342e-07 3.9103e-06 0.007282
0.0014627 7.0572e-05 3.0128e-07 3.9314e-06 0.0072806
0.0014601 7.0112e-05 3.0265e-07 3.9764e-06 0.0072792
0.0014575 6.9681e-05 3.0691e-07 4.0423e-06 0.0072778
0.0014551 6.657e-05 3.1486e-07 4.135e-06 0.0072764
0.0014526 6.3537e-05 3.1976e-07 4.211e-06 0.0072751
0.0014503 6.058e-05 3.2775e-07 4.3104e-06 0.0072737
0.0014481 5.7711e-05 3.398e-07 4.4404e-06 0.0072723
0.0014459 5.4913e-05 3.5549e-07 4.599e-06 0.007271
0.0014438 5.5528e-05 3.6747e-07 4.7354e-06 0.0072697
0.0014415 5.6103e-05 3.7615e-07 4.8526e-06 0.0072683
0.0014394 5.6711e-05 3.8924e-07 5.0037e-06 0.0072669
0.0014374 5.7276e-05 4.0721e-07 4.9447e-06 0.0072656
0.0014355 5.7866e-05 4.297e-07 4.9088e-06 0.0072642
0.0014338 5.8482e-05 4.5727e-07 4.8953e-06 0.0072629
0.0014321 5.9125e-05 4.9063e-07 4.9039e-06 0.0072615
0.0014306 5.9802e-05 5.3199e-07 4.939e-06 0.0072602
0.001429 6.0435e-05 5.6776e-07 4.9561e-06 0.0072588
0.0014276 6.1103e-05 6.1216e-07 5.0001e-06 0.0072575
0.0014261 6.1726e-05 6.506e-07 5.0257e-06 0.0072561
0.0014244 6.2306e-05 6.834e-07 5.0331e-06 0.0072548
0.0014229 6.0994e-05 7.2339e-07 5.063e-06 0.0072534
0.0014214 5.9632e-05 7.5752e-07 5.0746e-06 0.0072521
0.0014197 5.8308e-05 7.8608e-07 5.068e-06 0.0072507
0.001418 5.6938e-05 8.0983e-07 5.0449e-06 0.0072494
0.0014164 5.5605e-05 8.4019e-07 5.0443e-06 0.0072481
0.0014147 5.4223e-05 8.6506e-07 5.0255e-06 0.0072467
0.0014129 5.2795e-05 8.8512e-07 4.9901e-06 0.0072454
0.0014111 5.132e-05 9.0052e-07 4.9379e-06 0.007244
0.0014094 4.9883e-05 9.2218e-07 4.9086e-06 0.0072427
0.0014076 4.8401e-05 9.3906e-07 4.8627e-06 0.0072413
0.0014059 4.6964e-05 9.0498e-07 4.8435e-06 0.00724
0.0014042 4.5482e-05 8.6534e-07 4.808e-06 0.0072387
0.0014026 4.4036e-05 8.3334e-07 4.7946e-06 0.0072374
0.0014011 4.2626e-05 8.0817e-07 4.8029e-06 0.0072361
0.0013997 4.125e-05 7.8921e-07 4.8333e-06 0.0072348
0.0013982 3.9809e-05 7.7596e-07 4.7851e-06 0.0072335
0.0013967 4.0948e-05 7.5788e-07 4.7146e-06 0.0072322
0.0013951 4.2042e-05 7.348e-07 4.625e-06 0.0072308
0.0013934 4.3092e-05 7.0653e-07 4.5155e-06 0.0072295
0.0013916 4.4178e-05 6.7281e-07 4.3854e-06 0.0072282
0.0013897 4.5219e-05 6.3337e-07 4.2338e-06 0.0072269
0.001388 4.6296e-05 6.0211e-07 4.1145e-06 0.0072256
0.0013864 4.7409e-05 5.7845e-07 4.0238e-06 0.0072243
0.0013849 4.8559e-05 5.6086e-07 3.9588e-06 0.007223
0.0013834 4.9668e-05 5.3945e-07 3.8788e-06 0.0072217
0.0013818 5.0741e-05 5.1456e-07 3.7854e-06 0.0072204
0.0013803 5.1845e-05 4.9485e-07 3.7141e-06 0.0072191
0.0013788 5.2916e-05 4.7228e-07 3.6318e-06 0.0072178
0.0013774 5.4003e-05 4.5284e-07 3.5634e-06 0.0072166
0.001376 5.5108e-05 4.3626e-07 3.5081e-06 0.0072153
0.0013746 5.6186e-05 4.1769e-07 3.4453e-06 0.007214
0.0013732 5.7238e-05 3.9723e-07 3.3754e-06 0.0072127
0.0013718 5.8303e-05 3.7895e-07 3.3158e-06 0.0072114
0.0013705 5.9341e-05 3.5883e-07 3.2493e-06 0.0072101
0.0013691 6.0392e-05 3.4076e-07 3.1927e-06 0.0072089
0.0013679 6.1454e-05 3.2459e-07 3.1457e-06 0.0072076
0.0013666 6.2492e-05 3.0665e-07 3.0919e-06 0.0072063
0.0013654 6.3547e-05 2.9107e-07 3.05e-06 0.007205
0.0013641 6.4575e-05 2.7354e-07 3.0005e-06 0.0072038
0.001363 6.5623e-05 2.5829e-07 2.9629e-06 0.0072025
0.0013619 6.6692e-05 2.4521e-07 2.9372e-06 0.0072012
0.0013609 6.7787e-05 2.3431e-07 2.9242e-06 0.0072
0.0013599 6.8913e-05 2.258e-07 2.9259e-06 0.0071987
0.0013591 7.0076e-05 1.6801e-07 2.9436e-06 0.0071975
0.0013583 7.1195e-05 1.0491e-07 2.949e-06 0.0071963
0.0013574 7.2275e-05 1.0155e-07 2.9432e-06 0.007195
0.0013565 7.3384e-05 9.9195e-08 2.9512e-06 0.0071938
0.0013558 7.4523e-05 9.7752e-08 2.9727e-06 0.0071926
0.0013551 7.5692e-05 9.7181e-08 3.0081e-06 0.0071914
0.0013544 7.6822e-05 9.4814e-08 3.0324e-06 0.0071902
0.0013537 7.7912e-05 9.0638e-08 3.0458e-06 0.007189
0.001353 7.9041e-05 8.7649e-08 3.076e-06 0.0071878
0.0013523 8.0131e-05 8.2895e-08 3.0954e-06 0.0071866
0.0013517 8.1258e-05 7.9193e-08 3.1312e-06 0.0071854
0.0013511 8.2344e-05 7.3683e-08 3.1553e-06 0.0071842
0.0013504 8.3383e-05 6.61e-08 3.1657e-06 0.007183
0.0013496 8.4374e-05 5.6314e-08 3.1617e-06 0.0071818
0.0013487 8.5413e-05 4.4165e-08 3.1426e-06 0.0071806
0.001348 8.6402e-05 3.3761e-08 3.144e-06 0.0071794
0.0013474 8.7439e-05 2.4741e-08 3.1661e-06 0.0071782
0.0013467 9.7235e-05 3.009e-08 3.1743e-06 0.007177
0.0013461 0.00010734 3.6251e-08 2.9937e-06 0.0071758
0.0013457 0.00011769 4.2886e-08 2.8367e-06 0.0071746
0.0013452 0.00012796 4.8224e-08 2.6706e-06 0.0071735
0.0013447 0.00013843 5.3817e-08 2.5216e-06 0.0071723
0.0013443 0.00014883 5.8113e-08 2.364e-06 0.0071711
0.0013439 0.00015942 6.2695e-08 2.2223e-06 0.0071699
0.0013436 0.00017021 6.762e-08 2.095e-06 0.0071688
0.0013432 0.00018093 7.1266e-08 1.9605e-06 0.0071676
0.0013429 0.00019182 7.5096e-08 1.8371e-06 0.0071664
0.0013426 0.00020265 7.7596e-08 1.706e-06 0.0071652
0.0013424 0.00021368 8.0494e-08 1.5878e-06 0.0071641
0.0013422 0.00022491 8.3825e-08 1.4812e-06 0.0071629
0.0013421 0.00023632 8.7425e-08 1.3833e-06 0.0071618
0.0013419 0.00024765 8.9664e-08 1.2785e-06 0.0071606
0.0013418 0.00025893 9.0592e-08 1.1672e-06 0.0071595
0.0013417 0.00027042 9.1802e-08 1.0643e-06 0.0071583
0.0013415 0.00028184 9.1698e-08 9.5508e-07 0.0071571
0.0013414 0.0002932 9.0272e-08 8.3927e-07 0.007156
0.0013413 0.00030484 8.9758e-08 7.3717e-07 0.0071548
0.0013413 0.00031674 8.9945e-08 6.4544e-07 0.0071537
0.0013413 0.00032896 8.843e-08 5.4468e-07 0.0071525
0.0013413 0.00034097 8.7912e-08 4.5685e-07 0.0071514
0.0013413 0.00035282 8.5465e-08 3.5864e-07 0.0071502
0.0013413 0.00036449 8.1064e-08 2.4951e-07 0.007149
0.0013413 0.00037659 1.0727e-07 2.5217e-07 0.0071479
0.0013415 0.00038897 1.3664e-07 2.5653e-07 0.0071467
0.0013417 0.00040159 1.6876e-07 2.6167e-07 0.0071456
0.001342 0.00041449 2.0472e-07 2.6831e-07 0.0071444
0.0013422 0.00042728 2.3796e-07 2.702e-07 0.0071433
0.0013426 0.00044036 2.7555e-07 2.7375e-07 0.0071421
0.001343 0.00045323 3.1961e-07 2.802e-07 0.007141
0.0013436 0.00046643 3.7004e-07 2.8896e-07 0.0071399
0.0013441 0.00047943 4.1556e-07 2.9168e-07 0.0071388
0.0013446 0.00049279 4.6821e-07 2.9701e-07 0.0071376
0.0013453 0.00050654 4.7027e-07 3.0584e-07 0.0071365
0.0013461 0.0005207 4.7634e-07 3.1839e-07 0.0071354
0.0013468 0.00053533 4.7895e-07 3.2436e-07 0.0071343
0.0013475 0.00054986 4.7966e-07 3.2593e-07 0.0071332
0.0013483 0.00056463 4.8224e-07 3.2821e-07 0.0071321
0.001349 0.00057932 4.8294e-07 3.2613e-07 0.007131
0.0013498 0.00059429 4.8598e-07 3.2537e-07 0.0071299
0.0013506 0.00060918 4.8714e-07 3.2026e-07 0.0071288
0.0013514 0.000624 4.8652e-07 3.1094e-07 0.0071277
0.0013522 0.0006391 4.8826e-07 3.0293e-07 0.0071266
0.001353 0.00065411 4.8811e-07 2.9057e-07 0.0071255
0.0013537 0.00066904 4.8619e-07 2.7401e-07 0.0071244
0.0013545 0.00068422 4.8615e-07 2.5809e-07 0.0071233
0.0013553 0.00069932 4.8422e-07 2.3784e-07 0.0071222
0.0013561 0.00071432 4.8041e-07 2.1325e-07 0.0071211
0.0013569 0.00072962 4.79e-07 1.8992e-07 0.00712
0.0013579 0.00074474 4.7476e-07 1.6105e-07 0.0071189
0.0013589 0.0007603 4.6702e-07 1.9181e-07 0.0071178
0.0013599 0.00077558 4.554e-07 2.1571e-07 0.0071167
0.0013608 0.00079139 4.4013e-07 2.3333e-07 0.0071156
0.0013558 0.00080691 4.2076e-07 2.5508e-07 0.0071144
0.0013508 0.00082271 4.0369e-07 2.7773e-07 0.0071133
0.0013459 0.00083842 3.8466e-07 2.9598e-07 0.0071122
0.0013408 0.00085403 3.6364e-07 3.0986e-07 0.007111
0.0013358 0.00086955 3.4063e-07 3.1937e-07 0.0071099
0.0013307 0.00088497 3.1559e-07 3.2453e-07 0.0071087
0.0013411 0.0009003 2.8839e-07 5.4695e-07 0.0071076
0.0013514 0.00091554 3.2527e-07 7.6039e-07 0.0071064
0.0013617 0.0009307 3.6e-07 9.6528e-07 0.0071052
0.001372 0.00094577 3.9261e-07 1.1617e-06 0.0071041
0.0013824 0.0009611 4.2836e-07 1.3739e-06 0.0071029
0.0013927 0.00097634 4.617e-07 1.5762e-06 0.0071017
0.0014033 0.00099202 7.1455e-07 1.7589e-06 0.0071006
0.0014138 0.0010076 9.5838e-07 1.9325e-06 0.0070994
0.0014245 0.0010235 1.2296e-06 2.124e-06 0.0070983
0.0014351 0.0010393 1.4925e-06 2.307e-06 0.0070971
0.0014457 0.001055 1.7473e-06 2.4817e-06 0.0070959
0.0014563 0.0010707 1.9943e-06 2.6481e-06 0.0070948
0.0014668 0.0010866 2.0267e-06 2.8329e-06 0.0070936
0.0014775 0.0011029 2.0648e-06 3.0344e-06 0.0070925
0.0014881 0.001119 2.0997e-06 3.2261e-06 0.0070913
0.0014986 0.001135 2.1317e-06 3.4088e-06 0.0070901
0.0015094 0.0011514 2.1708e-06 3.6127e-06 0.007089
0.00152 0.0011677 2.2058e-06 3.804e-06 0.0070878
0.0015306 0.0011837 2.234e-06 3.9744e-06 0.0070867
0.0015414 0.0012002 2.2728e-06 3.944e-06 0.0070855
0.0015524 0.0012173 2.2345e-06 3.9371e-06 0.0070844
0.0015538 0.0012341 2.2069e-06 3.7078e-06 0.0070832
0.0015552 0.0012508 2.1763e-06 3.4681e-06 0.0070821
0.0015566 0.0012679 2.1523e-06 3.252e-06 0.007081
0.0015581 0.0012853 2.1347e-06 3.0574e-06 0.0070798
0.0015597 0.001303 2.1232e-06 2.8824e-06 0.0070787
0.0015612 0.0013207 2.1088e-06 2.698e-06 0.0070776
0.0015627 0.0013382 2.0914e-06 2.5043e-06 0.0070765
0.0015643 0.0013561 2.0791e-06 2.3263e-06 0.0070753
0.001566 0.0013742 2.0718e-06 2.1628e-06 0.0070742
0.0015677 0.0013927 1.9025e-06 2.0126e-06 0.0070731
0.0015694 0.001411 1.7273e-06 1.8547e-06 0.007072
0.0015711 0.0014293 1.5453e-06 1.6883e-06 0.0070709
0.0015727 0.0014479 1.3537e-06 1.5075e-06 0.0070698
0.0015744 0.0014669 1.1796e-06 1.3411e-06 0.0070687
0.0015761 0.0014858 9.9913e-07 1.1664e-06 0.0070675
0.0015778 0.001505 8.3507e-07 1.0054e-06 0.0070664
0.0015796 0.0015246 6.8786e-07 8.5868e-07 0.0070653
0.0015814 0.0015441 5.3465e-07 7.0388e-07 0.0070642
0.0015833 0.001564 3.9841e-07 5.6374e-07 0.0070631
0.0015851 0.0015846 3.8642e-07 3.524e-07 0.0070619
0.0015868 0.0016049 3.7063e-07 3.345e-07 0.0070608
0.0015886 0.0016257 3.5864e-07 3.2046e-07 0.0070597
0.0015906 0.0016473 3.5079e-07 3.1095e-07 0.0070586
0.0015927 0.0016693 3.4492e-07 3.0279e-07 0.0070575
0.0015948 0.0016917 3.4073e-07 2.9556e-07 0.0070564
0.0015969 0.001714 3.3474e-07 2.8393e-07 0.0070553
0.0015991 0.0017367 3.3063e-07 2.7348e-07 0.0070542
0.0016014 0.0017599 3.283e-07 2.6411e-07 0.0070531
0.0016037 0.0017835 3.2774e-07 2.5571e-07 0.007052
0.0016061 0.0018071 3.2547e-07 2.4307e-07 0.0070509
0.0016085 0.0018311 3.2494e-07 2.3133e-07 0.0070498
0.0016109 0.0018555 3.2578e-07 2.1983e-07 0.0070488
0.0016135 0.0018803 3.2808e-07 2.0863e-07 0.0070477
0.001616 0.0019059 3.2512e-07 1.9972e-07 0.0070466
0.0016184 0.0019313 3.2035e-07 1.8655e-07 0.0070456
0.0016208 0.0019565 3.1379e-07 1.6917e-07 0.0070445
0.0016233 0.0019817 3.0909e-07 1.5241e-07 0.0070434
0.0016258 0.0020067 3.0277e-07 1.3165e-07 0.0070424
0.0016283 0.0020322 2.9817e-07 1.1127e-07 0.0070413
0.0016308 0.0020576 2.9185e-07 1.6508e-07 0.0070402
0.0016334 0.0020834 2.8684e-07 2.2115e-07 0.0070392
0.0016361 0.0021096 2.8308e-07 2.7989e-07 0.0070381
0.0016388 0.0021363 2.8056e-07 3.4171e-07 0.007037
0.0016415 0.0021629 2.7636e-07 3.9834e-07 0.007036
0.0016443 0.0021893 2.705e-07 4.4983e-07 0.0070349
0.0016472 0.0022162 2.6585e-07 5.0453e-07 0.0070339
0.00165 0.0022429 2.5954e-07 5.5401e-07 0.0070328
0.0016528 0.0022695 2.5157e-07 5.983e-07 0.0070317
0.0016557 0.0022966 2.4518e-07 6.4716e-07 0.0070307
0.0016587 0.0023243 2.4053e-07 7.019e-07 0.0070296
0.0016616 0.002353 2.3398e-07 7.4705e-07 0.0070286
0.0016646 0.0023826 2.3035e-07 8.028e-07 0.0070275
0.0016676 0.0024131 2.241e-07 8.4928e-07 0.0070265
0.0016705 0.0024432 2.1529e-07 8.8707e-07 0.0070255
0.0016735 0.0024727 2.0926e-07 9.3525e-07 0.0070244
0.0016767 0.002503 2.0518e-07 9.9217e-07 0.0070234
0.0016798 0.0025328 1.9859e-07 1.0394e-06 0.0070224
0.0016828 0.0025696 1.8934e-07 1.0769e-06 0.0070213
0.0016857 0.0026057 1.7734e-07 1.1046e-06 0.0070203
0.0016888 0.0026429 1.6775e-07 1.142e-06 0.0070192
0.0016918 0.0026794 1.5525e-07 1.1686e-06 0.0070182
0.0016947 0.0027154 1.3973e-07 1.1886e-06 0.0070171
0.0016977 0.0027526 1.2725e-07 1.2207e-06 0.0070161
0.0017007 0.0027891 1.1186e-07 1.2419e-06 0.007015
0.0017038 0.0028269 9.9275e-08 1.2755e-06 0.007014
0.0017068 0.0028642 1.1616e-07 1.2991e-06 0.007013
0.0017097 0.0029025 1.3032e-07 1.3126e-06 0.0070119
0.0017128 0.0029418 1.4681e-07 1.3355e-06 0.0070108
0.001716 0.0029819 1.6468e-07 1.3637e-06 0.0070098
0.0017192 0.0030228 1.8446e-07 1.3985e-06 0.0070087
0.0017224 0.0030635 2.0247e-07 1.4275e-06 0.0070076
0.0017256 0.003104 2.1873e-07 1.4507e-06 0.0070066
0.0017289 0.0031453 2.3695e-07 1.4805e-06 0.0070055
0.0017322 0.0031863 2.5336e-07 1.5045e-06 0.0070045
0.0017355 0.0032283 2.7198e-07 1.5355e-06 0.0070034
0.001731 0.0032714 2.6189e-07 1.4407e-06 0.0070023
0.0017266 0.0033159 2.5512e-07 1.3634e-06 0.0070013
0.0017222 0.00336 2.4599e-07 1.2763e-06 0.0070002
0.0017179 0.0034052 2.3926e-07 1.202e-06 0.0069992
0.0017135 0.00345 2.3044e-07 1.1193e-06 0.0069981
0.0017093 0.0034961 2.2385e-07 1.048e-06 0.0069971
0.0017052 0.0035413 2.2026e-07 9.911e-07 0.0069961
0.0017013 0.0035881 2.1954e-07 9.468e-07 0.006995
0.0016974 0.0036366 2.1595e-07 8.9162e-07 0.006994
0.0016933 0.0036846 2.1034e-07 8.2887e-07 0.006993
0.0016894 0.0037336 2.0601e-07 7.7222e-07 0.0069919
0.0016854 0.0037822 1.9981e-07 7.0872e-07 0.0069909
0.0016815 0.0038318 1.9501e-07 6.5157e-07 0.0069899
0.0016778 0.0038807 1.9288e-07 6.0509e-07 0.0069889
0.0016742 0.0039311 1.9336e-07 5.6889e-07 0.0069879
0.0016708 0.0039833 1.9646e-07 5.4181e-07 0.0069869
0.0016676 0.0040373 2.023e-07 5.2217e-07 0.0069859
0.0016643 0.0040903 2.0552e-07 4.9479e-07 0.0069849
0.0016609 0.0041449 2.0692e-07 4.5791e-07 0.0069839
0.0016576 0.0041986 2.111e-07 4.2852e-07 0.0069829
0.0016543 0.0042541 2.1345e-07 5.1493e-07 0.006982
0.0016509 0.0043089 2.1317e-07 5.9077e-07 0.006981
0.0016474 0.0043628 2.1027e-07 6.5643e-07 0.00698
0.0016441 0.0044186 2.1014e-07 7.3523e-07 0.006979
0.0016409 0.0044762 2.128e-07 8.2941e-07 0.006978
0.0016376 0.0045329 2.1261e-07 9.1084e-07 0.0069771
0.0016345 0.0045913 2.1468e-07 1.0059e-06 0.0069761
0.0016313 0.0046488 2.1222e-07 1.0888e-06 0.0069751
0.0016281 0.0047073 2.1077e-07 1.1792e-06 0.0069741
0.001625 0.0047656 2.0774e-07 1.263e-06 0.0069731
0.0016219 0.0048248 2.0563e-07 1.3543e-06 0.0069722
0.0016188 0.0048838 2.0203e-07 1.4393e-06 0.0069712
0.0016156 0.0049426 1.9693e-07 1.5182e-06 0.0069702
0.0016125 0.0050023 1.9273e-07 1.6047e-06 0.0069692
0.0016094 0.0050618 1.8698e-07 1.6846e-06 0.0069682
0.0016064 0.0051224 1.824e-07 1.7744e-06 0.0069672
0.0016035 0.0051843 1.7899e-07 1.8755e-06 0.0069662
0.0016005 0.0052458 1.7392e-07 1.9686e-06 0.0069653
0.0015977 0.0053089 1.7049e-07 2.0774e-06 0.0069643
0.0015949 0.005374 1.6942e-07 2.2105e-06 0.0069633
0.0015922 0.0054413 1.6594e-07 2.3406e-06 0.0069623
0.0015893 0.0055105 1.6003e-07 2.4678e-06 0.0069613
0.0015866 0.005582 1.5644e-07 2.5921e-06 0.0069603
0.0015838 0.0056524 1.5034e-07 2.7134e-06 0.0069594
0.0015811 0.005725 1.4641e-07 2.8319e-06 0.0069584
0.0015786 0.0058 1.4459e-07 2.9473e-06 0.0069574
0.001576 0.005874 1.4042e-07 3.0467e-06 0.0069564
0.0015653 0.0059469 1.3387e-07 3.1304e-06 0.0069555
0.0015548 0.0060222 1.2944e-07 3.2391e-06 0.0069545
0.0015442 0.0060964 1.2256e-07 3.3305e-06 0.0069535
0.0015338 0.0061723 1.1681e-07 3.4388e-06 0.0069526
0.0015233 0.0062477 1.0956e-07 3.5386e-06 0.0069516
0.0015129 0.0063246 1.0294e-07 3.6516e-06 0.0069507
0.0015026 0.0064009 9.4793e-08 3.7554e-06 0.0069497
0.0014923 0.006479 8.7508e-08 3.8763e-06 0.0069488
0.001482 0.0065563 7.849e-08 3.9851e-06 0.0069478
0.0014717 0.006633 6.7696e-08 4.0818e-06 0.0069468
0.0014615 0.0067118 5.8316e-08 4.2027e-06 0.0069459
0.0014516 0.0067895 5.0449e-08 4.3553e-06 0.0069449
0.0014417 0.0068666 4.1089e-08 4.4965e-06 0.006944
0.0014319 0.0068794 3.2115e-08 4.6561e-06 0.006943
0.0014221 0.0068921 2.1787e-08 4.8058e-06 0.006942
0.0014124 0.0069052 1.1825e-08 4.9758e-06 0.0069411
0.0014026 0.0069182 1.5055e-08 5.1366e-06 0.0069401
0.001393 0.0069315 1.7917e-08 5.3155e-06 0.0069391
0.0013836 0.0069452 2.0472e-08 5.5151e-06 0.0069382
0.0013743 0.0069593 2.294e-08 5.7446e-06 0.0069372
0.0013649 0.0069733 2.4067e-08 5.9561e-06 0.0069363
0.0013557 0.0069877 2.5296e-08 6.2063e-06 0.0069354
0.0013468 0.0070029 2.6826e-08 6.509e-06 0.0069344
0.001338 0.0070186 2.8458e-08 6.8588e-06 0.0069335
0.0013292 0.007034 2.8551e-08 7.1771e-06 0.0069325
0.0013202 0.0070491 5.0595e-08 9.4455e-06 0.0069316
0.0013115 0.0070649 7.649e-08 1.0174e-05 0.0069306
0.001303 0.0070814 8.0744e-08 1.1041e-05 0.0069297
0.0012946 0.0070983 8.5327e-08 1.1987e-05 0.0069287
0.0012863 0.0071156 9.0233e-08 1.3018e-05 0.0069278
0.001278 0.0071328 9.3809e-08 1.402e-05 0.0069268
0.0012698 0.0071504 9.7747e-08 1.5112e-05 0.0069259
0.0012616 0.0071678 1.003e-07 1.617e-05 0.0069249
0.0012533 0.0071851 1.0148e-07 1.7194e-05 0.006924
0.0012451 0.0072028 1.0301e-07 1.7281e-05 0.006923
0.0012369 0.0072204 1.0321e-07 1.7356e-05 0.0069221
0.0012287 0.0072379 1.0202e-07 1.7419e-05 0.0069211
0.0012206 0.0072558 1.0143e-07 1.7513e-05 0.0069202
0.0012126 0.0072741 1.012e-07 1.7634e-05 0.0069192
0.0012046 0.0072923 9.9557e-08 1.774e-05 0.0069183
0.0011967 0.0073102 9.9114e-08 1.7437e-05 0.0069173
0.001189 0.0073285 9.9363e-08 1.7178e-05 0.0069164
0.0011814 0.0073473 9.9951e-08 1.6951e-05 0.0069155
0.0011739 0.0073665 1.011e-07 1.6759e-05 0.0069146
0.0011665 0.0073862 1.028e-07 1.66e-05 0.0069137
0.0011593 0.0074064 1.051e-07 1.6472e-05 0.0069128
0.001152 0.0074265 1.0593e-07 1.633e-05 0.0069118
0.0011446 0.0074463 1.0534e-07 1.6175e-05 0.0069109
0.0011372 0.0074658 1.4728e-07 1.5976e-05 0.00691
0.0011299 0.0074861 1.9734e-07 1.5834e-05 0.0069091
0.0011226 0.007506 2.4221e-07 1.5663e-05 0.0069082
0.0011151 0.0075255 2.8169e-07 1.5457e-05 0.0069073
0.0011079 0.0075446 3.2937e-07 1.5309e-05 0.0069064
0.0011006 0.0075636 3.7455e-07 1.5148e-05 0.0069055
0.0010934 0.007583 4.2387e-07 1.5014e-05 0.0069046
0.0010863 0.0076028 4.7776e-07 1.4904e-05 0.0069037
0.0010791 0.0076224 5.2885e-07 1.4782e-05 0.0069028
0.0010721 0.0076425 5.8476e-07 1.4684e-05 0.0069019
0.001065 0.0076624 6.3776e-07 1.4575e-05 0.006901
0.001058 0.0076828 6.9591e-07 1.4489e-05 0.0069001
0.001051 0.007703 7.5097e-07 1.4391e-05 0.0068992
0.0010441 0.0077239 8.1439e-07 1.3644e-05 0.0068983
0.0010374 0.0077454 8.8888e-07 1.2994e-05 0.0068975
0.0010308 0.0077678 9.7642e-07 1.2429e-05 0.0068966
0.0010244 0.0077908 9.9077e-07 1.1947e-05 0.0068957
0.0010179 0.0078135 9.9996e-07 1.1413e-05 0.0068948
0.0010113 0.0078369 1.0154e-06 1.0957e-05 0.006894
0.0010049 0.0078598 9.7729e-07 1.058e-05 0.0068931
0.00099843 0.0078825 9.3553e-07 1.018e-05 0.0068922
0.00099208 0.0079059 9.0001e-07 9.8296e-06 0.0068913
0.00098584 0.0079298 8.6935e-07 9.5169e-06 0.0068904
0.0009797 0.0079543 8.4317e-07 9.2392e-06 0.0068896
0.00097365 0.0079793 8.2113e-07 8.9933e-06 0.0068887
0.0009677 0.0080049 8.0228e-07 8.7725e-06 0.0068879
0.00096171 0.0080302 7.8114e-07 8.5396e-06 0.006887
0.00095582 0.0080562 7.6372e-07 8.3348e-06 0.0068862
0.00094989 0.008082 7.4421e-07 8.1194e-06 0.0068853
0.00094405 0.0081084 7.2762e-07 7.9265e-06 0.0068845
0.00093818 0.0081346 7.0883e-07 7.7223e-06 0.0068836
0.00093239 0.0081272 6.9287e-07 7.5397e-06 0.0068828
0.00092656 0.0081197 6.7473e-07 7.3461e-06 0.0068819
0.0009207 0.0081121 6.544e-07 7.1412e-06 0.006881
0.00091494 0.0081048 6.3744e-07 6.9614e-06 0.0068802
0.00090914 0.0080975 6.1834e-07 6.7707e-06 0.0068793
0.00090344 0.0080905 6.0245e-07 6.6037e-06 0.0068785
0.00089771 0.0080837 7.003e-07 6.4271e-06 0.0068776
0.00089206 0.0080773 7.042e-07 6.2694e-06 0.0068768
0.00088648 0.0080712 7.106e-07 6.1296e-06 0.0068759
0.00088099 0.0080654 7.1955e-07 6.0073e-06 0.0068751
0.00087557 0.0080598 7.3111e-07 5.9009e-06 0.0068743
0.00087012 0.0080542 7.4068e-07 5.786e-06 0.0068734
0.00086475 0.0080488 7.5293e-07 5.6863e-06 0.0068726
0.00085935 0.0080434 7.6302e-07 5.5776e-06 0.0068718
0.00085404 0.0080383 7.7648e-07 5.4867e-06 0.0068709
0.0008488 0.0080334 7.9283e-07 5.4097e-06 0.0068701
0.00084353 0.0080285 8.0694e-07 5.3241e-06 0.0068693
0.00083834 0.0080239 8.2469e-07 5.2548e-06 0.0068685
0.00083324 0.0080196 8.4629e-07 5.2012e-06 0.0068676
0.00082812 0.0080153 8.6556e-07 5.1393e-06 0.0068668
0.00082307 0.0080112 8.8884e-07 5.0927e-06 0.006866
0.0008181 0.0080075 9.1568e-07 5.0585e-06 0.0068652
0.00081321 0.008004 8.671e-07 5.0391e-06 0.0068644
0.00080841 0.0080009 8.2419e-07 5.034e-06 0.0068636
0.00080358 0.0079977 7.7875e-07 5.0214e-06 0.0068628
0.00079882 0.0079948 7.3772e-07 5.0207e-06 0.006862
0.00079402 0.0079918 6.9401e-07 5.012e-06 0.0068612
0.0007893 0.0079891 6.5449e-07 5.0151e-06 0.0068604
0.00078454 0.0079862 6.1234e-07 5.0102e-06 0.0068595
0.00077987 0.0079837 5.7505e-07 5.0199e-06 0.0068587
0.00077531 0.0079816 5.4393e-07 5.0507e-06 0.0068579
0.00077084 0.00798 5.1744e-07 5.0999e-06 0.0068572
0.00076632 0.0079781 4.8753e-07 5.1362e-06 0.0068564
0.00076173 0.0079767 5.2288e-07 5.2461e-06 0.0068556
0.00075728 0.007975 5.5303e-07 5.3313e-06 0.0068548
0.00075296 0.0079739 5.9095e-07 5.4486e-06 0.006854
0.00074857 0.0079733 6.2387e-07 5.5468e-06 0.0068532
0.00074411 0.0079724 6.5215e-07 5.6268e-06 0.0068524
0.00073959 0.0079713 6.7641e-07 5.6913e-06 0.0068516
0.00073519 0.0079708 7.0706e-07 5.7823e-06 0.0068508
0.00073073 0.00797 7.3396e-07 5.8593e-06 0.00685
0.00072622 0.007969 7.5699e-07 5.9217e-06 0.0068492
0.00072181 0.0079685 7.8561e-07 5.6705e-06 0.0068484
0.00071748 0.0079682 8.1875e-07 5.4459e-06 0.0068476
0.00071311 0.0079679 8.4913e-07 5.2089e-06 0.0068468
0.00070883 0.0079679 8.8486e-07 4.9999e-06 0.006846
0.00070452 0.0079678 9.1791e-07 4.7798e-06 0.0068452
0.00070018 0.0079676 9.483e-07 4.5481e-06 0.0068443
0.00069593 0.0079679 9.1325e-07 4.3484e-06 0.0068435
0.00069176 0.0079684 8.8307e-07 4.171e-06 0.0068427
0.00068755 0.0079688 8.495e-07 3.9796e-06 0.0068419
0.00068329 0.007969 8.1184e-07 3.7714e-06 0.0068411
0.00067897 0.0079691 7.6988e-07 3.5452e-06 0.0068403
0.00067476 0.0079689 7.2271e-07 3.2971e-06 0.0068395
0.00067066 0.0079691 6.8334e-07 3.0839e-06 0.0068387
0.00066668 0.0079699 6.5221e-07 2.9072e-06 0.0068379
0.00066282 0.0079712 6.2828e-07 2.7621e-06 0.0068371
0.0006589 0.0079723 5.998e-07 2.5986e-06 0.0068363
0.00065491 0.0079731 5.6657e-07 2.4122e-06 0.0068354
0.00065104 0.0079745 5.406e-07 2.2582e-06 0.0068346
0.00064727 0.0079763 5.1998e-07 2.1276e-06 0.0068338
0.00064343 0.0079778 4.9478e-07 1.9787e-06 0.006833
0.00063971 0.0079799 4.7563e-07 1.8561e-06 0.0068322
0.00063608 0.0079824 4.6102e-07 1.7528e-06 0.0068314
0.00063257 0.0079855 4.5118e-07 1.6691e-06 0.0068306
0.00062914 0.007989 4.4473e-07 1.5989e-06 0.0068298
0.0006258 0.007993 4.4153e-07 1.5409e-06 0.006829
0.00062242 0.0079968 4.3635e-07 1.4761e-06 0.0068282
0.00061911 0.0080009 4.3349e-07 1.4199e-06 0.0068275
0.00061586 0.0080054 4.3288e-07 1.3698e-06 0.0068267
0.00061257 0.0080097 4.3043e-07 1.3137e-06 0.0068259
0.00060934 0.0080144 4.297e-07 1.2634e-06 0.0068251
0.00060609 0.0080189 4.2709e-07 1.2069e-06 0.0068243
0.00060289 0.0080237 4.2619e-07 1.1559e-06 0.0068236
0.00059967 0.0080284 4.2356e-07 1.0994e-06 0.0068228
0.00059649 0.0080334 4.2264e-07 1.0481e-06 0.006822
0.00059329 0.0080383 4.1989e-07 9.9095e-07 0.0068212
0.00059015 0.0080435 4.1927e-07 9.4014e-07 0.0068205
0.00058707 0.0080491 4.2083e-07 8.9531e-07 0.0068197
0.00058407 0.0080545 4.1955e-07 8.419e-07 0.0068189
0.00058114 0.0080603 4.2096e-07 7.957e-07 0.0068182
0.00057828 0.0080664 4.2508e-07 7.5601e-07 0.0068174
0.00057539 0.0080725 4.2722e-07 7.1061e-07 0.0068166
0.00057247 0.0080784 4.279e-07 6.5947e-07 0.0068159
0.00056953 0.0080842 4.2672e-07 7.9091e-07 0.0068151
0.00056664 0.0080904 4.2776e-07 7.7543e-07 0.0068143
0.00056373 0.0080965 4.2697e-07 7.5482e-07 0.0068136
0.00056079 0.0081024 4.2433e-07 7.2907e-07 0.0068128
0.00055791 0.0081088 4.2386e-07 7.0732e-07 0.006812
0.00055501 0.008115 4.2161e-07 6.8058e-07 0.0068112
0.00055988 0.0081217 4.1606e-07 6.606e-07 0.0068105
0.00056472 0.0081282 4.0807e-07 6.3434e-07 0.0068097
0.00056951 0.0081346 3.9786e-07 6.023e-07 0.0068089
0.00057439 0.0081415 3.9052e-07 5.7528e-07 0.0068082
0.00057924 0.0081481 3.8101e-07 5.4257e-07 0.0068074
0.00058405 0.0081547 3.6928e-07 5.0408e-07 0.0068066
0.00058879 0.008161 3.5435e-07 4.8794e-07 0.0068058
0.00059349 0.0081671 3.3677e-07 4.6588e-07 0.0068051
0.00059829 0.0081737 3.2265e-07 4.4825e-07 0.0068043
0.0006032 0.0081807 3.12e-07 4.3541e-07 0.0068035
0.00060809 0.0081877 2.9954e-07 4.179e-07 0.0068028
0.00061294 0.0081946 2.853e-07 3.9577e-07 0.006802
0.00061788 0.0082018 2.7301e-07 3.7584e-07 0.0068012
0.00062289 0.0082094 2.6253e-07 3.5792e-07 0.0068005
0.00062797 0.0082173 2.5337e-07 3.4112e-07 0.0067997
0.00063302 0.0082251 2.4261e-07 3.2001e-07 0.006799
0.00063815 0.0082332 2.3347e-07 3.0062e-07 0.0067982
0.00064337 0.0082417 2.2589e-07 2.8285e-07 0.0067975
0.00064869 0.0082507 2.2028e-07 2.6749e-07 0.0067968
0.00065415 0.0082593 2.1179e-07 2.4538e-07 0.006796
0.00065974 0.0082685 2.0563e-07 2.2631e-07 0.0067953
0.00066546 0.0082782 2.0166e-07 2.0991e-07 0.0067946
0.00067111 0.0082883 1.9947e-07 1.9535e-07 0.0067939
0.00067687 0.0082989 1.9886e-07 1.8207e-07 0.0067932
0.00068275 0.0082832 2.0022e-07 1.7057e-07 0.0067925
0.00068858 0.0082673 1.9956e-07 1.542e-07 0.0067918
0.00069436 0.0082512 1.9684e-07 1.3287e-07 0.006791
0.00070002 0.0082347 1.9236e-07 1.7274e-07 0.0067903
0.00070579 0.0082187 1.8925e-07 2.1521e-07 0.0067896
0.00071163 0.008203 1.8698e-07 2.5938e-07 0.0067889
0.00071744 0.0081873 1.8318e-07 2.9883e-07 0.0067882
0.00072323 0.0081714 1.7791e-07 3.338e-07 0.0067875
0.0007291 0.008156 1.7375e-07 3.7138e-07 0.0067868
0.00073494 0.0081405 1.6805e-07 4.042e-07 0.0067861
0.00074075 0.0081248 1.609e-07 4.3249e-07 0.0067853
0.00074653 0.0081091 1.5227e-07 4.5625e-07 0.0067846
0.0007524 0.0080937 1.4474e-07 4.8271e-07 0.0067839
0.00075837 0.0080789 1.3822e-07 5.1212e-07 0.0067832
0.00076441 0.0080643 1.3235e-07 5.4384e-07 0.0067825
0.00077043 0.0080497 1.2501e-07 5.7064e-07 0.0067818
0.00077641 0.0080349 1.1618e-07 5.9256e-07 0.0067811
0.00078236 0.00802 1.0593e-07 6.0982e-07 0.0067804
0.00078828 0.0080051 9.4239e-08 6.2243e-07 0.0067797
0.00079429 0.0079905 8.3493e-08 6.3821e-07 0.006779
0.00080027 0.0079758 7.1266e-08 6.4908e-07 0.0067783
0.00080622 0.007961 5.7606e-08 6.5523e-07 0.0067776
0.00081214 0.0079461 4.2508e-08 6.567e-07 0.0067768
0.00081803 0.0079312 5.1762e-08 6.5348e-07 0.0067761
0.00082401 0.0079166 6.1564e-08 6.5348e-07 0.0067754
0.00083008 0.0079024 7.1785e-08 6.5575e-07 0.0067747
0.00083622 0.0078885 8.2512e-08 6.6031e-07 0.006774
0.00084246 0.007875 9.3837e-08 6.6719e-07 0.0067733
0.00084865 0.0078614 1.0369e-07 6.6918e-07 0.0067726
0.00085495 0.0078481 1.1448e-07 6.7442e-07 0.0067718
0.00086122 0.0078348 1.2383e-07 6.7497e-07 0.0067711
0.00086758 0.0078219 1.3422e-07 6.788e-07 0.0067704
0.00087405 0.0078094 1.4579e-07 6.8605e-07 0.0067697
0.00088064 0.0077973 1.5903e-07 5.7509e-07 0.0067691
0.00088717 0.007785 1.7011e-07 4.5484e-07 0.0067684
0.00089384 0.0077733 1.8334e-07 3.4714e-07 0.0067677
0.00090041 0.0077612 1.9379e-07 3.591e-07 0.006767
0.00090709 0.0077494 2.0545e-07 3.7225e-07 0.0067663
0.00091385 0.007738 2.1832e-07 3.8654e-07 0.0067656
0.0009207 0.0077269 2.3251e-07 4.0221e-07 0.0067649
0.00092765 0.0077161 2.4815e-07 4.1922e-07 0.0067643
0.00093469 0.0077056 2.6536e-07 4.3768e-07 0.0067636
0.00094169 0.0076951 2.8088e-07 4.517e-07 0.0067629
0.00094881 0.0076849 2.9853e-07 4.6804e-07 0.0067623
0.00095604 0.007675 3.1851e-07 4.8686e-07 0.0067616
0.00096337 0.0076655 3.4056e-07 5.075e-07 0.0067609
0.00097066 0.0076559 3.6064e-07 5.2341e-07 0.0067603
0.00097791 0.0076462 3.7878e-07 5.3458e-07 0.0067596
0.00098526 0.0076367 3.4829e-07 5.4771e-07 0.006759
0.00099258 0.0076272 3.1572e-07 5.5622e-07 0.0067583
0.001 0.007618 2.8593e-07 5.6674e-07 0.0067576
0.0010075 0.0076091 2.587e-07 5.794e-07 0.006757
0.0010151 0.0076005 2.337e-07 5.9417e-07 0.0067563
0.0010227 0.0075918 2.0672e-07 6.0411e-07 0.0067557
0.0010304 0.0075834 1.8183e-07 6.162e-07 0.006755
0.001038 0.0075749 1.5501e-07 6.2344e-07 0.0067544
0.0010458 0.0075668 1.3062e-07 6.3384e-07 0.0067537
0.0010537 0.0075591 1.0916e-07 5.2833e-07 0.0067531
0.0010618 0.0075518 9.021e-08 4.337e-07 0.0067524
0.0010698 0.0075444 6.8949e-08 3.307e-07 0.0067517
0.0010778 0.0075366 7.446e-08 3.4333e-07 0.0067511
0.0010855 0.0075286 7.7938e-08 3.4921e-07 0.0067504
0.0010935 0.007521 8.2377e-08 3.5839e-07 0.0067497
0.0011014 0.0075132 8.4771e-08 3.6081e-07 0.006749
0.0011092 0.0075052 8.5768e-08 3.5864e-07 0.0067483
0.001117 0.0074971 8.5371e-08 3.5187e-07 0.0067476
0.0011249 0.0074894 8.5244e-08 3.461e-07 0.0067469
0.0011327 0.0074815 8.3774e-08 3.3591e-07 0.0067462
0.0011407 0.007474 8.2728e-08 3.2721e-07 0.0067456
0.0011386 0.0074667 8.1899e-08 3.1928e-07 0.0067449
0.0011365 0.0074594 7.9735e-08 3.0697e-07 0.0067442
0.0011343 0.0074519 7.6233e-08 2.9028e-07 0.0067435
0.0011322 0.0074444 7.3136e-08 2.7496e-07 0.0067428
0.0011302 0.0074372 7.0406e-08 2.6086e-07 0.0067421
0.0011283 0.0074303 6.801e-08 2.4784e-07 0.0067414
0.0011263 0.0074234 6.4341e-08 2.3067e-07 0.0067407
0.0011244 0.0074167 6.0988e-08 2.1449e-07 0.00674
0.0011225 0.00741 5.6307e-08 1.94e-07 0.0067394
0.0011114 0.0074038 5.2819e-08 1.7705e-07 0.0067387
0.0011003 0.0073974 4.7469e-08 2.3586e-07 0.006738
0.001089 0.0073916 4.0097e-08 2.859e-07 0.0067373
0.0010775 0.0073854 3.0639e-08 3.2753e-07 0.0067366
0.0010664 0.0073798 2.2398e-08 3.7686e-07 0.0067359
0.0010551 0.007374 2.7714e-08 4.1706e-07 0.0067352
0.0010441 0.0073687 3.3794e-08 4.312e-07 0.0067345
0.0010332 0.0073637 3.9963e-08 4.4728e-07 0.0067338
0.0010225 0.0073591 4.6438e-08 4.6616e-07 0.0067331
0.0010118 0.0073548 5.1592e-08 4.7962e-07 0.0067324
0.0010012 0.0073507 5.6839e-08 4.9475e-07 0.0067317
0.00099073 0.0073469 6.2406e-08 5.1248e-07 0.006731
0.00098024 0.0073431 6.6698e-08 5.2567e-07 0.0067303
0.00096972 0.0073391 6.972e-08 5.3434e-07 0.0067296
0.00095915 0.0073351 7.1431e-08 5.383e-07 0.0067289
0.00094853 0.007331 7.1875e-08 5.3774e-07 0.0067282
0.00093807 0.0073272 7.2638e-08 5.3976e-07 0.0067275
0.00092777 0.0073237 7.3727e-08 5.4439e-07 0.0067268
0.00091742 0.0073201 7.3501e-08 5.443e-07 0.0067261
0.00090703 0.0073164 7.2004e-08 5.3967e-07 0.0067253
0.0008966 0.0073127 6.9214e-08 5.3043e-07 0.0067246
0.00088642 0.0073096 6.7605e-08 5.2764e-07 0.0067239
0.00087637 0.0073068 6.6151e-08 5.2677e-07 0.0067232
0.00086628 0.0073039 6.3394e-08 5.212e-07 0.0067225
0.00085614 0.0073009 5.9334e-08 5.1094e-07 0.0067217
0.00084616 0.0072982 5.5552e-08 5.0319e-07 0.006721
0.00083632 0.0072958 5.2042e-08 4.9807e-07 0.0067203
0.00082637 0.0072938 4.6677e-08 4.856e-07 0.0067196
0.00081629 0.0072916 3.9399e-08 4.6562e-07 0.0067189
0.00080642 0.0072899 3.2821e-08 4.5018e-07 0.0067182
0.00079642 0.0072885 2.4345e-08 4.272e-07 0.0067175
0.00078631 0.0072869 1.3907e-08 3.9654e-07 0.0067168
0.00077606 0.0072851 1.5588e-08 3.5785e-07 0.006716
0.00076602 0.0072836 1.7192e-08 3.2434e-07 0.0067153
0.00075586 0.0072819 1.7333e-08 2.8303e-07 0.0067146
0.00074591 0.0072807 1.7414e-08 2.4665e-07 0.0067139
0.00073616 0.0072799 1.7436e-08 2.1448e-07 0.0067132
0.00072631 0.0072788 1.611e-08 1.7606e-07 0.0067124
0.00071666 0.0072782 1.4641e-08 1.4088e-07 0.0067117
0.00070689 0.0072773 1.1797e-08 9.9329e-08 0.006711
0.00069737 0.007277 9.0001e-09 6.2799e-08 0.0067103
0.00068808 0.0072772 1.4575e-08 6.933e-08 0.0067096
0.00067898 0.0072778 2.0413e-08 7.5848e-08 0.0067089
0.00067006 0.0072788 2.6615e-08 8.2387e-08 0.0067082
0.00066136 0.0072803 3.359e-08 8.964e-08 0.0067075
0.00065255 0.0072823 3.8742e-08 9.7362e-08 0.0067068
0.00064369 0.0072842 4.2582e-08 1.0112e-07 0.0067061
0.00063497 0.0072863 4.6559e-08 1.0433e-07 0.0067054
0.00062635 0.0072888 5.0551e-08 1.0662e-07 0.0067047
0.00061786 0.0072915 5.4744e-08 1.0835e-07 0.0067041
0.00060933 0.0072942 5.7694e-08 1.0635e-07 0.0067034
0.00060092 0.0072972 6.0877e-08 1.0377e-07 0.0067027
0.00059264 0.0073004 6.4328e-08 1.006e-07 0.006702
0.00058447 0.007304 6.8089e-08 9.6811e-08 0.0067013
0.00057642 0.0073079 7.2204e-08 9.2361e-08 0.0067007
0.00056834 0.0073117 7.4995e-08 8.4115e-08 0.0067
0.00056022 0.0073154 7.6507e-08 7.2153e-08 0.0066994
0.00055221 0.0072844 7.8389e-08 5.9494e-08 0.0066987
0.00054417 0.0072532 7.8945e-08 4.3059e-08 0.006698
0.00053624 0.0072219 7.988e-08 2.5826e-08 0.0066974
0.00052828 0.0071904 7.9532e-08 4.0456e-08 0.0066967
0.00052043 0.0071595 7.9566e-08 5.4066e-08 0.006696
0.0005127 0.0071293 7.9983e-08 6.6791e-08 0.0066954
0.00050507 0.0070998 8.0811e-08 7.8792e-08 0.0066947
0.0004976 0.0070711 8.2509e-08 9.1033e-08 0.0066941
0.00049005 0.007042 8.2383e-08 9.8539e-08 0.0066934
0.0004824 0.0070125 8.0268e-08 1.0104e-07 0.0066928
0.00047491 0.0069838 7.9161e-08 1.0404e-07 0.0066922
0.00046758 0.006956 7.9031e-08 1.0757e-07 0.0066916
0.00046016 0.0069278 7.6927e-08 1.0564e-07 0.0066909
0.00045292 0.0069006 7.6137e-08 1.0493e-07 0.0066903
0.0004456 0.006873 7.3519e-08 9.9418e-08 0.0066897
0.00043844 0.0068463 7.2e-08 9.4736e-08 0.0066891
0.00043143 0.0068205 7.124e-08 9.0209e-08 0.0066885
0.00042433 0.0067942 6.8687e-08 8.0969e-08 0.0066879
0.00041738 0.0067688 4.6688e-08 7.2088e-08 0.0066873
0.00041034 0.0067428 4.8918e-08 5.8062e-08 0.0066866
0.00040344 0.0067179 5.1783e-08 4.5148e-08 0.006686
0.00039645 0.0066924 5.2751e-08 6.5881e-08 0.0066854
0.0003896 0.0066678 5.436e-08 8.77e-08 0.0066848
0.00038289 0.0066439 5.6649e-08 1.1233e-07 0.0066842
0.00037612 0.0066197 5.7298e-08 1.3181e-07 0.0066835
0.00036945 0.0065961 5.8219e-08 1.5187e-07 0.0066827
0.00036289 0.0065732 5.9623e-08 1.7338e-07 0.0066819
0.00035629 0.0065508 5.9548e-08 1.9007e-07 0.0066812
0.00034963 0.0065282 5.8001e-08 2.0201e-07 0.0066804
0.00034309 0.0065054 5.6925e-08 2.1543e-07 0.0066796
0.00033665 0.0064831 5.6096e-08 2.2983e-07 0.0066789
0.00033016 0.0064606 5.3814e-08 2.3938e-07 0.0066781
0.00032378 0.0064387 5.1944e-08 2.5062e-07 0.0066773
0.00031732 0.0064175 5.069e-08 2.4225e-07 0.0066766
0.00031079 0.0063959 4.7684e-08 2.2784e-07 0.0066758
0.00030417 0.0063201 4.2783e-08 2.0685e-07 0.0066751
0.00029768 0.0062463 3.8538e-08 1.8865e-07 0.0066743
0.0002911 0.0061715 3.2402e-08 1.6575e-07 0.0066736
0.00028466 0.0060988 2.687e-08 1.4532e-07 0.0066728
0.00027837 0.0060285 2.2028e-08 1.2778e-07 0.006672
0.00027223 0.0059604 1.7707e-08 1.1263e-07 0.0066713
0.00026623 0.0058946 1.3756e-08 9.9423e-08 0.0066705
0.00026038 0.0058309 1.004e-08 8.7789e-08 0.0066698
0.00025467 0.0057693 6.4295e-09 7.7397e-08 0.0066691
0.00024907 0.0057095 2.6698e-09 6.737e-08 0.0066684
0.0002434 0.0056486 3.3862e-09 5.2199e-08 0.0066677
0.00023783 0.0055897 3.5604e-09 3.7301e-08 0.006667
0.00023238 0.0055325 3.1963e-09 2.236e-08 0.0066663
0.00022706 0.0054772 2.3529e-09 7.5118e-09 0.0066656
0.00022167 0.0054211 5.5141e-09 7.9147e-09 0.0066649
0.00021621 0.005364 7.3437e-09 2.5278e-08 0.0066642
0.00021068 0.0053086 8.8644e-09 4.2575e-08 0.0066635
0.00020513 0.0052528 9.2944e-09 5.6097e-08 0.0066629
0.00019965 0.0051981 9.2363e-09 6.879e-08 0.0066622
0.00019424 0.0051432 8.0892e-09 7.7692e-08 0.0066615
0.00018881 0.005088 1.9728e-08 8.2822e-08 0.0066608
0.00018343 0.0050337 3.189e-08 8.682e-08 0.0066602
0.00017812 0.0049791 4.4474e-08 8.9717e-08 0.0066595
0.00017287 0.0049255 5.7587e-08 9.153e-08 0.0066588
0.00016769 0.0048729 7.164e-08 9.2633e-08 0.0066582
0.00016257 0.00482 8.4009e-08 8.9688e-08 0.0066575
0.00015755 0.0047684 9.7859e-08 8.658e-08 0.0066569
0.00015261 0.0047181 9.238e-08 8.3471e-08 0.0066562
0.00014779 0.0046669 8.856e-08 8.1126e-08 0.0066556
0.0001429 0.0046149 8.2492e-08 7.3719e-08 0.0066549
0.00013812 0.0045646 7.7998e-08 6.7005e-08 0.0066543
0.00013346 0.0045136 7.5099e-08 6.0795e-08 0.0066537
0.0001289 0.0044643 7.3503e-08 5.49e-08 0.0066531
0.00012444 0.0044165 7.3152e-08 4.9148e-08 0.0066525
0.00012008 0.0043704 7.4045e-08 4.3392e-08 0.0066519
0.00011567 0.0043235 7.3001e-08 3.9174e-08 0.0066513
0.00011136 0.0042782 7.3201e-08 3.4794e-08 0.0066507
0.00010714 0.0042344 5.6343e-08 2.9909e-08 0.0066501
0.00010303 0.0041921 4.2005e-08 2.4377e-08 0.0066495
9.9e-05 0.0041511 2.9693e-08 1.8042e-08 0.0066489
9.5065e-05 0.0041115 1.8981e-08 1.0723e-08 0.0066483
9.1077e-05 0.0040732 2.1676e-08 1.7847e-08 0.0066478
8.7179e-05 0.0040343 2.4729e-08 2.3959e-08 0.0066472
8.3229e-05 0.0039947 2.6229e-08 2.5992e-08 0.0066467
7.9353e-05 0.0039564 2.7926e-08 2.6757e-08 0.0066461
7.555e-05 0.0039191 2.9863e-08 2.6269e-08 0.0066456
7.1818e-05 0.0038812 3.2092e-08 2.4524e-08 0.0066451
6.8168e-05 0.0038446 3.4897e-08 2.1788e-08 0.0066446
6.4599e-05 0.0038092 3.8375e-08 1.7984e-08 0.0066441
6.1095e-05 0.0037733 4.2384e-08 1.2732e-08 0.0066436
5.7538e-05 0.0037386 4.4553e-08 2.4132e-08 0.006643
5.3934e-05 0.0037049 4.7799e-08 3.0172e-08 0.0066425
5.0395e-05 0.0036721 5.1704e-08 3.5223e-08 0.006642
4.6803e-05 0.0036388 5.3702e-08 3.5901e-08 0.0066415
4.3289e-05 0.0036049 5.6686e-08 3.5994e-08 0.006641
3.9728e-05 0.0035705 5.7839e-08 7.7212e-08 0.0066405
3.6119e-05 0.0035356 5.7169e-08 1.1202e-07 0.0066401
3.2575e-05 0.0035017 5.7206e-08 1.5019e-07 0.0066395
3.2337e-05 0.0034672 5.531e-08 1.834e-07 0.006639
3.2105e-05 0.0034337 5.4033e-08 2.2017e-07 0.0066385
3.1853e-05 0.0033997 5.1014e-08 2.5037e-07 0.006638
3.1608e-05 0.0033666 4.8656e-08 2.8477e-07 0.0066375
3.3554e-05 0.0033331 4.4504e-08 3.1212e-07 0.006637
3.5519e-05 0.0033002 4.0454e-08 3.4134e-07 0.0066365
3.7465e-05 0.0032671 3.5139e-08 3.6593e-07 0.006636
3.9431e-05 0.0032347 2.9926e-08 3.9275e-07 0.0066355
4.1417e-05 0.0032029 2.4755e-08 4.2206e-07 0.006635
4.3423e-05 0.0031717 1.9566e-08 4.5414e-07 0.0066345
4.5447e-05 0.0031411 1.4176e-08 4.8842e-07 0.006634
4.7492e-05 0.0031111 8.6623e-09 5.2622e-07 0.0066335
4.9519e-05 0.003081 1.3298e-08 5.5909e-07 0.006633
5.1569e-05 0.0030514 1.7746e-08 5.9584e-07 0.0066326
5.3601e-05 0.0030217 2.1031e-08 6.2759e-07 0.0066321
5.5655e-05 0.0029927 2.4161e-08 6.6347e-07 0.0066316
5.7693e-05 0.0029634 2.6144e-08 6.9447e-07 0.0066311
5.9712e-05 0.0029341 2.698e-08 7.2061e-07 0.0066306
6.175e-05 0.0029052 2.7535e-08 7.4976e-07 0.0066301
6.381e-05 0.0028769 2.7924e-08 7.832e-07 0.0066297
6.5853e-05 0.0028485 2.7161e-08 8.1165e-07 0.0066292
6.7915e-05 0.0028206 2.6159e-08 8.4387e-07 0.0066287
6.9957e-05 0.0027932 2.3931e-08 8.7031e-07 0.0066282
7.2027e-05 0.0027657 2.1652e-08 9.0276e-07 0.0066278
7.4146e-05 0.002739 1.9679e-08 9.4626e-07 0.0066273
7.6225e-05 0.0027119 3.2272e-08 9.7936e-07 0.0066268
7.8265e-05 0.0026843 4.2615e-08 1.0023e-06 0.0066263
8.0353e-05 0.0026576 5.4669e-08 1.0363e-06 0.0066258
8.2489e-05 0.0026318 6.885e-08 1.0823e-06 0.0066254
8.4586e-05 0.0026056 8.0465e-08 1.1173e-06 0.0066249
0.00012366 0.0021229 1.7665e-07 1.4631e-06 0.0066149
0.00012569 0.0020984 1.7579e-07 1.4672e-06 0.0066144
0.00012777 0.0020748 1.7739e-07 1.4844e-06 0.0066139
0.00013588 0.0019787 1.6828e-07 1.4873e-06 0.0066117
0.00013795 0.0019555 1.6694e-07 1.4963e-06 0.0066112
0.00014007 0.001933 1.6792e-07 1.5185e-06 0.0066107
0.00014225 0.0019113 1.713e-07 1.5547e-06 0.0066102
0.00014443 0.0018904 1.772e-07 1.606e-06 0.0066097
0.00014659 0.001869 1.6016e-07 1.6032e-06 0.0066092
0.00014875 0.0018484 1.459e-07 1.6118e-06 0.0066088
0.0001509 0.0018277 1.2853e-07 1.6087e-06 0.0066083
0.00015303 0.001807 1.079e-07 1.595e-06 0.0066078
0.00015516 0.0017863 9.0133e-08 1.5925e-06 0.0066074
0.00015728 0.0017653 2.8089e-08 1.6014e-06 0.0066069
0.0001594 0.0017439 1.9484e-08 1.5996e-06 0.0066065
0.0001615 0.0017233 1.1813e-08 1.6115e-06 0.006606
0.00016359 0.0017022 1.4259e-08 1.6118e-06 0.0066056
0.00016568 0.0016808 1.6828e-08 1.626e-06 0.0066051
0.00016776 0.0016602 1.961e-08 1.5087e-06 0.0066047
0.00016983 0.0016391 2.0839e-08 1.3749e-06 0.0066042
0.00017189 0.0016177 2.0525e-08 1.2235e-06 0.0066038
0.00017394 0.001597 2.04e-08 1.0961e-06 0.0066034
0.00017598 0.0015769 2.0449e-08 9.8915e-07 0.0066029
0.00017801 0.0015575 2.0672e-08 8.9958e-07 0.0066025
0.00018004 0.0015378 2.0942e-08 8.2301e-07 0.0066021
0.00018211 0.0015186 2.1265e-08 7.5785e-07 0.0066017
0.00018423 0.0015 2.165e-08 7.0274e-07 0.0066013
0.00018631 0.001482 2.0549e-08 6.378e-07 0.0066009
0.00018846 0.0014646 1.9673e-08 5.8429e-07 0.0066006
0.00019066 0.0014478 1.8992e-08 5.416e-07 0.0066002
0.00019282 0.0014307 1.6781e-08 4.8788e-07 0.0065998
0.00019502 0.0014141 1.4581e-08 4.4176e-07 0.0065995
0.0001973 0.001398 1.2486e-08 4.0385e-07 0.0065991
0.00019962 0.0013823 1.0287e-08 3.7166e-07 0.0065988
0.0002019 0.0013672 6.6972e-09 4.4435e-07 0.0065985
0.00020425 0.0013525 3.0963e-09 5.2993e-07 0.0065981
0.00020655 0.0013376 4.1526e-09 6.0496e-07 0.0065978
0.00020891 0.0013232 4.7176e-09 6.9135e-07 0.0065975
0.00021134 0.0013092 4.8864e-09 7.9378e-07 0.0065972
0.00021382 0.0012957 4.5885e-09 9.1195e-07 0.0065968
0.00021637 0.0012826 3.8963e-09 9.1888e-07 0.0065965
0.00021919 0.0012692 9.066e-09 9.197e-07 0.0065962
0.00022197 0.0012557 1.2801e-08 9.1195e-07 0.0065959
0.00022481 0.0012425 1.656e-08 9.119e-07 0.0065956
0.00022772 0.0012298 2.0435e-08 9.195e-07 0.0065953
0.00023058 0.0012168 2.2856e-08 9.1776e-07 0.006595
0.00023352 0.0012043 2.5606e-08 9.2532e-07 0.0065947
0.00023654 0.0011916 2.8808e-08 9.4267e-07 0.0065944
0.00023963 0.0011792 3.2348e-08 9.6837e-07 0.0065942
0.00024278 0.0011673 3.632e-08 8.9645e-07 0.0065939
0.00024589 0.0011552 3.8603e-08 8.133e-07 0.0065937
0.00024908 0.0011435 4.1602e-08 7.4459e-07 0.0065934
0.00025235 0.0011323 4.5423e-08 6.8834e-07 0.0065932
0.00025557 0.0011214 4.738e-08 6.2546e-07 0.006593
0.00025886 0.0011109 4.9937e-08 5.7179e-07 0.0065928
0.00026222 0.0011007 5.3156e-08 5.2689e-07 0.0065925
0.00026566 0.0010908 5.7115e-08 4.8903e-07 0.0065923
0.00026919 0.0010813 6.2236e-08 4.5898e-07 0.0065921
0.00027281 0.0010715 6.8699e-08 4.3666e-07 0.0065919
0.00027638 0.0010616 7.3026e-08 5.382e-07 0.0065917
0.00027989 0.001052 7.8415e-08 6.5426e-07 0.0065915
0.00028347 0.0010428 8.4971e-08 7.8695e-07 0.0065913
0.00028701 0.0010333 8.9465e-08 9.0606e-07 0.0065911
0.00029062 0.0010242 9.5237e-08 1.0435e-06 0.0065909
0.00029433 0.0010153 1.0285e-07 1.057e-06 0.0065907
0.00029813 0.0010068 1.1211e-07 1.0794e-06 0.0065905
0.00030186 0.0009981 1.1903e-07 1.0924e-06 0.0065903
0.00030555 0.00098966 1.9241e-07 1.0961e-06 0.0065901
0.00030931 0.00098148 2.7747e-07 1.1083e-06 0.0065899
0.00031301 0.00097313 3.5799e-07 1.1107e-06 0.0065897
0.00031681 0.00096509 4.5469e-07 1.124e-06 0.0065895
0.00032072 0.0009569 5.7091e-07 1.0286e-06 0.0065893
0.00032473 0.00094897 6.0247e-07 9.5006e-07 0.0065891
0.00032884 0.00094135 6.4221e-07 8.8608e-07 0.0065889
0.00033289 0.00093355 6.7624e-07 8.1032e-07 0.0065887
0.00033688 0.00092605 7.0536e-07 7.2331e-07 0.0065885
0.00034095 0.00091879 6.8984e-07 6.4835e-07 0.0065883
0.00034497 0.00091178 6.7002e-07 5.6255e-07 0.0065882
0.00034894 0.00090463 6.4617e-07 4.647e-07 0.006588
0.000353 0.00089774 6.2836e-07 3.8023e-07 0.0065878
0.00035701 0.00089073 6.067e-07 4.105e-07 0.0065876
0.00036112 0.00088397 5.9075e-07 4.4713e-07 0.0065874
0.00036521 0.00087715 5.7265e-07 4.7884e-07 0.0065873
0.00036935 0.00087048 5.5761e-07 5.1373e-07 0.0065871
0.00037356 0.00086397 5.4544e-07 5.5215e-07 0.0065869
0.00037783 0.0008576 5.36e-07 5.9447e-07 0.0065868
0.00038207 0.00085117 5.2459e-07 6.3167e-07 0.0065866
0.00044874 0.00074627 2.0002e-07 7.808e-07 0.0065836
0.00045292 0.00073978 1.7541e-07 7.7118e-07 0.0065834
0.00045717 0.00073343 1.5307e-07 7.6532e-07 0.0065832
0.0004614 0.00072704 1.29e-07 7.5464e-07 0.006583
0.0004656 0.00072059 1.0318e-07 7.3915e-07 0.0065828
0.00046986 0.00071429 7.9494e-08 7.2737e-07 0.0065826
0.00047419 0.00070813 5.7658e-08 7.1918e-07 0.0065824
0.00047859 0.0007021 3.7421e-08 7.145e-07 0.0065822
0.00048296 0.00069602 1.5546e-08 7.0489e-07 0.0065821
0.0004873 0.00068987 1.5334e-08 6.8981e-07 0.0065819
0.0004917 0.00068386 1.4746e-08 6.7798e-07 0.0065817
0.00049618 0.00067797 1.3778e-08 6.6933e-07 0.0065815
0.00050072 0.00067221 1.2423e-08 6.6385e-07 0.0065813
0.00050522 0.0006664 9.9213e-09 6.5312e-07 0.0065811
0.0005098 0.0006607 7.0139e-09 6.4548e-07 0.0065809
0.00051432 0.0006552 2.7925e-09 6.3061e-07 0.0065808
0.00051878 0.0006496 3.6041e-09 6.0881e-07 0.0065806
0.00052336 0.00064421 3.9191e-09 5.9376e-07 0.0065804
0.00052805 0.00063899 3.7146e-09 5.8451e-07 0.0065802
0.00053266 0.00063365 9.8555e-09 5.6693e-07 0.00658
0.00053736 0.00062846 1.6017e-08 5.5349e-07 0.0065798
0.00054216 0.00062343 2.2488e-08 5.4508e-07 0.0065797
0.00054704 0.00061852 2.9038e-08 5.3951e-07 0.0065795
0.000552 0.00061374 3.5732e-08 5.3664e-07 0.0065794
0.00055704 0.00060906 4.2638e-08 5.3637e-07 0.0065792
0.00056205 0.00060434 4.8257e-08 5.314e-07 0.0065791
0.00056703 0.00059956 5.2594e-08 5.2172e-07 0.0065789
0.00057209 0.0005949 5.7168e-08 5.1483e-07 0.0065788
0.00057722 0.00059035 6.2031e-08 5.1044e-07 0.0065786
0.00058244 0.00058591 6.7241e-08 5.0849e-07 0.0065784
0.00058762 0.00058142 7.1125e-08 5.0187e-07 0.0065783
0.00059289 0.00057704 7.5393e-08 4.9767e-07 0.0065781
0.00059822 0.00057274 7.9894e-08 4.9506e-07 0.006578
0.00060363 0.00056853 8.4667e-08 4.9402e-07 0.0065778
0.00060901 0.00056428 8.8129e-08 4.8853e-07 0.0065777
0.00061447 0.00056013 9.2101e-08 4.8537e-07 0.0065775
0.0006199 0.00055594 9.4701e-08 4.7757e-07 0.0065774
0.0006253 0.0005517 9.5984e-08 4.653e-07 0.0065772
0.00063077 0.00054755 9.7584e-08 4.5459e-07 0.0065771
0.00063621 0.00054334 9.7742e-08 4.39e-07 0.0065769
0.00064162 0.00053909 9.6529e-08 4.1875e-07 0.0065767
0.00064699 0.0005348 9.3946e-08 3.9386e-07 0.0065766
0.00065245 0.0005306 9.1883e-08 3.7126e-07 0.0065764
0.00065799 0.00052651 9.0316e-08 3.5074e-07 0.0065762
0.00066351 0.00052237 8.739e-08 3.2567e-07 0.0065761
0.00066911 0.00051833 8.4942e-08 3.0252e-07 0.0065759
0.00067478 0.00051437 8.2743e-08 2.8039e-07 0.0065757
0.00068053 0.00051049 8.0773e-08 2.5913e-07 0.0065756
0.00068625 0.00050656 7.7511e-08 2.3362e-07 0.0065754
0.00069195 0.0005026 7.2954e-08 2.0386e-07 0.0065753
0.00069773 0.00049874 6.8808e-08 1.7551e-07 0.0065751
0.0007036 0.00049496 6.5036e-08 1.4835e-07 0.0065749
0.00070957 0.00049128 6.1582e-08 1.2206e-07 0.0065748
0.00071561 0.00048768 5.823e-08 9.5874e-08 0.0065746
0.00072162 0.00048403 5.3581e-08 6.554e-08 0.0065745
0.00072773 0.00048034 8.1825e-08 8.8118e-08 0.0065744
0.0007338 0.00047661 1.0818e-07 1.0671e-07 0.0065742
0.00073984 0.00047283 1.3267e-07 1.2131e-07 0.0065741
0.00074598 0.00046915 1.5947e-07 1.3587e-07 0.0065739
0.00075208 0.00046542 1.8437e-07 1.4644e-07 0.0065737
0.00075826 0.00046176 2.1128e-07 1.566e-07 0.0065736
0.00076441 0.00045806 2.3637e-07 1.6286e-07 0.0065734
0.00077053 0.00045433 2.5952e-07 1.6512e-07 0.0065733
0.00077673 0.00045066 2.8477e-07 1.6699e-07 0.0065731
0.00078289 0.00044695 3.0804e-07 1.6486e-07 0.006573
0.00078915 0.00044334 3.3411e-07 1.6278e-07 0.0065728
0.0007955 0.00043979 3.6269e-07 1.603e-07 0.0065727
0.00080181 0.00043633 3.8913e-07 1.5379e-07 0.0065725
0.00080821 0.00043294 4.1829e-07 1.469e-07 0.0065724
0.00081457 0.00042951 4.45e-07 1.224e-07 0.0065722
0.00082088 0.00042602 4.6932e-07 9.353e-08 0.0065721
0.00082715 0.00042248 4.9084e-07 1.2341e-07 0.0065719
0.00083351 0.00041902 5.1562e-07 1.5428e-07 0.0065718
0.00083984 0.00041552 5.3837e-07 1.81e-07 0.0065716
0.00084626 0.0004121 5.6389e-07 2.0824e-07 0.0065715
0.00085265 0.00040863 5.8737e-07 2.313e-07 0.0065713
0.00085914 0.00040525 6.1443e-07 2.5566e-07 0.0065712
0.0008656 0.00040183 6.3938e-07 2.7579e-07 0.006571
0.00087216 0.00039849 6.0153e-07 2.9739e-07 0.0065709
0.00087868 0.0003951 5.6114e-07 3.1457e-07 0.0065707
0.00088531 0.0003918 5.2525e-07 3.3335e-07 0.0065706
0.00089203 0.00038857 4.9289e-07 3.5336e-07 0.0065704
0.00089886 0.00038542 4.6427e-07 3.7532e-07 0.0065703
0.00090565 0.00038223 4.3341e-07 3.9273e-07 0.0065702
0.00091254 0.0003791 4.0542e-07 4.1147e-07 0.00657
0.00091951 0.00037604 3.8005e-07 4.3167e-07 0.0065699
0.00092658 0.00037304 3.5709e-07 4.5348e-07 0.0065698
0.00093362 0.00037 3.3222e-07 4.7081e-07 0.0065696
0.00094063 0.00036692 3.0544e-07 4.8366e-07 0.0065695
0.00094773 0.00036391 2.8097e-07 4.9817e-07 0.0065694
0.00095492 0.00036096 2.5862e-07 5.1447e-07 0.0065692
0.00096208 0.00035797 2.3429e-07 5.2599e-07 0.0065691
0.00096935 0.00035505 2.1257e-07 5.4045e-07 0.006569
0.00097674 0.00035208 1.9287e-07 5.574e-07 0.0065689
0.00098408 0.00034907 1.7113e-07 5.6914e-07 0.0065687
0.00099154 0.00034614 1.5163e-07 5.842e-07 0.0065686
0.00099911 0.00034327 1.3373e-07 6.0186e-07 0.0065685
0.0010066 0.00034036 1.1401e-07 6.1374e-07 0.0065684
0.0010143 0.00033752 9.5794e-08 6.2837e-07 0.0065683
0.0010221 0.00033476 7.9396e-08 6.4728e-07 0.0065682
0.00103 0.00033208 6.4505e-08 6.7062e-07 0.0065681
0.0010381 0.00032949 5.092e-08 6.9884e-07 0.006568
0.001046 0.00032698 5.9038e-08 7.1926e-07 0.006568
0.0010542 0.00032458 6.8228e-08 7.4608e-07 0.0065679
0.0010625 0.00032226 7.8679e-08 7.7973e-07 0.0065679
0.0010707 0.00032003 9.0589e-08 8.2068e-07 0.0065678
0.0010789 0.00031776 1.0097e-07 8.5608e-07 0.0065678
0.0010872 0.00031555 1.1208e-07 8.955e-07 0.0065677
0.0010954 0.00031329 1.2165e-07 9.2932e-07 0.0065677
0.0011037 0.00031101 1.2977e-07 9.5792e-07 0.0065676
0.0011118 0.00030868 1.3643e-07 9.8127e-07 0.0065676
0.0011201 0.00030643 1.4429e-07 1.0106e-06 0.0065675
0.0011284 0.00030411 1.5009e-07 1.0322e-06 0.0065675
0.0011366 0.00030176 1.5437e-07 1.0483e-06 0.0065674
0.0011449 0.00029946 1.5942e-07 1.0685e-06 0.0065673
0.0011531 0.00029712 1.6293e-07 1.0832e-06 0.0065673
0.0011615 0.00029485 1.6748e-07 1.1032e-06 0.0065672
0.0011701 0.00029263 1.731e-07 1.1285e-06 0.0065672
0.0011787 0.00029046 1.7956e-07 1.1582e-06 0.0065671
0.0011875 0.00028836 1.8722e-07 1.1938e-06 0.0065671
0.0011964 0.0002862 1.9608e-07 1.2353e-06 0.006567
0.0012053 0.00028401 2.0331e-07 1.2708e-06 0.006567
0.0012143 0.00028187 2.1191e-07 1.3129e-06 0.006567
0.0012234 0.00027979 2.2163e-07 1.3605e-06 0.0065669
0.0012327 0.00027776 2.3291e-07 1.4154e-06 0.0065669
0.0012421 0.00027578 2.4587e-07 1.478e-06 0.0065669
0.0012515 0.00027377 2.5712e-07 1.5344e-06 0.0065668
0.0012608 0.00027173 2.6666e-07 1.5846e-06 0.0065668
0.0012701 0.00026964 2.7449e-07 1.6285e-06 0.0065668
0.0012793 0.00027461 2.7912e-07 2.1181e-06 0.0065667
0.0012883 0.00027947 2.8072e-07 2.5859e-06 0.0065666
0.0012975 0.00028444 2.8422e-07 3.107e-06 0.0065666
0.0013068 0.00028951 2.8943e-07 3.6829e-06 0.0065665
0.0013163 0.00029467 2.9593e-07 4.3081e-06 0.0065665
0.0013259 0.00029992 3.0419e-07 4.9967e-06 0.0065664
0.0013356 0.00030527 3.1387e-07 5.0823e-06 0.0065664
0.0013455 0.0003107 3.2508e-07 5.1818e-06 0.0065663
0.0013555 0.00031622 3.379e-07 5.2957e-06 0.0065663
0.0013655 0.0003217 3.4898e-07 5.4012e-06 0.0065663
0.0013756 0.00032729 3.6221e-07 5.525e-06 0.0065662
0.0013859 0.00033299 3.7773e-07 5.6681e-06 0.0065662
0.0013963 0.0003388 3.9573e-07 5.8319e-06 0.0065662
0.0014069 0.00034471 4.1588e-07 6.0144e-06 0.0065662
0.0014176 0.00035072 4.3835e-07 6.2168e-06 0.0065661
0.0014283 0.00035668 4.589e-07 6.4093e-06 0.0065661
0.0014389 0.00036259 4.7755e-07 6.592e-06 0.0065661
0.0014497 0.00036861 4.986e-07 6.7952e-06 0.0065661
0.0014606 0.00037474 5.2284e-07 7.0246e-06 0.0065661
0.0014715 0.00038083 5.4493e-07 7.2425e-06 0.0065661
0.0014825 0.00038703 5.7041e-07 7.4883e-06 0.006566
0.0014937 0.00039336 5.9958e-07 7.7642e-06 0.006566
0.0015049 0.00039964 6.2646e-07 8.0274e-06 0.006566
0.0015163 0.00040605 6.5725e-07 8.3227e-06 0.006566
0.0015278 0.00041256 6.9157e-07 8.1975e-06 0.006566
0.0015394 0.00041919 7.2969e-07 8.0905e-06 0.006566
0.0015512 0.00042594 7.7283e-07 8.0046e-06 0.006566
0.0015632 0.00043281 7.4645e-07 7.9362e-06 0.0065661
0.0015752 0.00043963 7.1768e-07 7.8582e-06 0.0065661
0.001587 0.00044639 6.8651e-07 7.7706e-06 0.0065661
0.0015991 0.00045329 6.5944e-07 7.703e-06 0.0065661
0.0016113 0.00046033 6.3612e-07 7.6545e-06 0.0065661
0.0016236 0.00046732 6.1071e-07 7.5974e-06 0.0065661
0.0016296 0.00047443 5.8823e-07 7.5561e-06 0.0065661
0.0016355 0.00048149 5.6369e-07 7.5063e-06 0.0065661
0.0016416 0.00048869 5.4253e-07 7.475e-06 0.0065662
0.0016477 0.00049584 5.1936e-07 7.4353e-06 0.0065662
0.0016539 0.00050311 4.988e-07 7.4108e-06 0.0065662
0.0016601 0.00051053 4.8122e-07 7.4044e-06 0.0065662
0.0016665 0.00051808 4.659e-07 7.4131e-06 0.0065662
0.0016729 0.00052557 4.4857e-07 7.4127e-06 0.0065663
0.0016792 0.00053301 4.293e-07 7.4036e-06 0.0065663
0.0016857 0.00054071 4.1966e-07 7.4302e-06 0.0065663
0.0016921 0.00054826 4.0621e-07 7.4354e-06 0.0065663
0.0016986 0.00055568 3.9627e-07 7.4665e-06 0.0065664
0.0017051 0.00056302 3.8375e-07 7.4837e-06 0.0065664
0.0017117 0.00057048 3.7308e-07 7.5165e-06 0.0065664
0.0017182 0.00057789 3.6066e-07 7.5409e-06 0.0065664
0.0017249 0.00058542 3.4996e-07 7.5807e-06 0.0065665
0.0017315 0.0005929 3.3744e-07 7.6112e-06 0.0065665
0.0017381 0.00060033 3.2309e-07 7.6326e-06 0.0065665
0.0017448 0.0006079 3.1089e-07 7.6729e-06 0.0065665
0.0017517 0.00061541 3.0096e-07 7.7346e-06 0.0065666
0.0017585 0.00062284 2.891e-07 7.7856e-06 0.0065666
0.0017654 0.00063043 2.7898e-07 7.855e-06 0.0065666
0.0017723 0.00063795 2.6703e-07 7.9142e-06 0.0065667
0.0017792 0.0006456 2.5655e-07 7.9904e-06 0.0065667
0.0017863 0.0006532 2.4784e-07 7.6702e-06 0.0065667
0.0017934 0.00066073 2.3746e-07 7.336e-06 0.0065668
0.0018005 0.0006682 2.2538e-07 6.9876e-06 0.0065668
0.0018076 0.00067583 2.1492e-07 6.6745e-06 0.0065668
0.0018147 0.0006834 2.0279e-07 6.3479e-06 0.0065668
0.0018218 0.00069092 1.8899e-07 6.0074e-06 0.0065669
0.001829 0.00069859 1.7674e-07 5.7009e-06 0.0065669
0.0018364 0.00070642 1.6588e-07 5.4254e-06 0.0065669
0.0018438 0.00071443 1.5629e-07 5.1782e-06 0.006567
0.0018514 0.00072259 1.4787e-07 4.957e-06 0.006567
0.0018592 0.00073091 1.4022e-07 4.7559e-06 0.0065671
0.001867 0.0007394 1.336e-07 4.5776e-06 0.0065671
0.001875 0.00074813 1.2843e-07 4.4263e-06 0.0065672
0.001883 0.00075679 1.2178e-07 4.2653e-06 0.0065673
0.0018912 0.00076564 1.1596e-07 4.1232e-06 0.0065673
0.0018994 0.00076381 1.1091e-07 3.9986e-06 0.0065674
0.0019077 0.00076194 1.0449e-07 3.8659e-06 0.0065675
0.001916 0.00076014 9.8552e-08 3.747e-06 0.0065675
0.0019245 0.00075842 9.3039e-08 3.641e-06 0.0065676
0.001933 0.00075666 8.6125e-08 3.5266e-06 0.0065677
0.0019415 0.00075497 7.9604e-08 3.4247e-06 0.0065678
0.00195 0.00075324 7.1663e-08 3.3143e-06 0.0065678
0.0019587 0.00075159 6.4105e-08 3.2162e-06 0.0065679
0.0019675 0.00075003 5.7109e-08 3.1324e-06 0.006568
0.0019761 0.0007486 5.8616e-08 3.0702e-06 0.0065681
0.0019848 0.00074712 5.8692e-08 2.9985e-06 0.0065682
0.0019935 0.00074571 5.8816e-08 2.9369e-06 0.0065683
0.0020022 0.00074438 5.7656e-08 2.8678e-06 0.0065683
0.0020109 0.00074301 5.5256e-08 2.7919e-06 0.0065684
0.0020196 0.00074171 5.2886e-08 2.7256e-06 0.0065685
0.0020284 0.00074037 4.9226e-08 2.6519e-06 0.0065686
0.0020371 0.00073898 4.4279e-08 2.5707e-06 0.0065687
0.0020459 0.00073768 3.9534e-08 2.5014e-06 0.0065687
0.0020549 0.00073648 3.5014e-08 2.4441e-06 0.0065688
0.0020642 0.00073544 3.1242e-08 2.4059e-06 0.0065689
0.0020737 0.00073455 2.8089e-08 2.165e-06 0.006569
0.0020835 0.00073379 2.5242e-08 1.9573e-06 0.0065692
0.0020935 0.00073294 2.2627e-08 1.7785e-06 0.0065693
0.0021038 0.00073224 2.036e-08 1.6294e-06 0.0065695
0.002114 0.00073167 1.6567e-08 1.5113e-06 0.0065696
0.002124 0.000731 1.1144e-08 1.3766e-06 0.0065698
0.0021339 0.00073024 1.4905e-08 1.226e-06 0.0065699
0.002144 0.00072958 1.8487e-08 1.0906e-06 0.0065701
0.0021543 0.000729 2.1872e-08 9.6729e-07 0.0065702
0.0021647 0.00072849 2.4977e-08 8.5288e-07 0.0065704
0.002175 0.00072794 2.6906e-08 7.3153e-07 0.0065706
0.0021855 0.00072746 2.8568e-08 6.1848e-07 0.0065708
0.0021959 0.00072693 2.9077e-08 4.991e-07 0.0065709
0.0022065 0.00072648 2.9352e-08 3.878e-07 0.0065711
0.0022171 0.00072598 2.8343e-08 2.6837e-07 0.0065713
0.0022274 0.00072561 4.7121e-08 2.6941e-07 0.0065714
0.0022381 0.00072514 6.9115e-08 2.7428e-07 0.0065716
0.0022491 0.00071698 7.1958e-08 2.831e-07 0.0065718
0.0022495 0.00070907 7.5784e-08 2.9506e-07 0.006572
0.0022501 0.0007014 8.065e-08 3.1027e-07 0.0065722
0.0022506 0.00069361 8.3712e-08 3.1965e-07 0.0065724
0.0022511 0.00068606 8.4957e-08 3.2316e-07 0.0065726
0.0022516 0.00067871 8.6971e-08 3.2906e-07 0.0065728
0.0022523 0.00067159 9.0155e-08 3.3858e-07 0.006573
0.0022531 0.00066465 9.4129e-08 3.5048e-07 0.0065732
0.0022539 0.00065762 9.6371e-08 3.5682e-07 0.0065734
0.0022548 0.00065079 9.9746e-08 3.6659e-07 0.0065736
0.0022556 0.00064385 1.0129e-07 3.7049e-07 0.0065738
0.0022566 0.00063711 1.0404e-07 3.7806e-07 0.006574
0.0022575 0.00063024 1.0458e-07 3.7857e-07 0.0065742
0.0022584 0.00062353 1.0598e-07 3.8161e-07 0.0065745
0.0022596 0.00061702 1.0848e-07 3.879e-07 0.0065747
0.0022606 0.00061045 1.0957e-07 3.897e-07 0.0065749
0.0022618 0.00060402 1.1128e-07 3.9324e-07 0.0065751
0.0022631 0.00059772 1.1364e-07 3.9855e-07 0.0065754
0.0022643 0.00059138 1.1459e-07 3.9939e-07 0.0065756
0.0022656 0.00058516 1.162e-07 4.0202e-07 0.0065758
0.0022671 0.00057906 1.1827e-07 4.0583e-07 0.006576
0.0022684 0.00057291 1.1892e-07 4.0513e-07 0.0065763
0.0022699 0.00056686 1.2002e-07 4.0557e-07 0.0065765
0.0022713 0.00056077 1.197e-07 4.0146e-07 0.0065768
0.0022728 0.0005548 1.2008e-07 3.9924e-07 0.006577
0.0022744 0.00054896 1.212e-07 3.9896e-07 0.0065772
0.0022762 0.00054306 1.2324e-07 4.0112e-07 0.0065775
0.002278 0.00053731 1.2635e-07 4.0606e-07 0.0065777
0.0022798 0.00053175 1.892e-07 4.0416e-07 0.006578
0.0022817 0.00052638 2.6263e-07 4.066e-07 0.0065783
0.0022837 0.00052116 3.4573e-07 4.1188e-07 0.0065785
0.0022857 0.00051584 4.2231e-07 4.1103e-07 0.0065788
0.0022876 0.00051067 4.9236e-07 4.0379e-07 0.006579
0.0022894 0.00050542 5.5659e-07 3.9035e-07 0.0065793
0.0022913 0.00050031 6.3054e-07 3.8026e-07 0.0065795
0.0022927 0.00049538 7.2761e-07 3.7418e-07 0.0065798
0.002294 0.00049037 8.1902e-07 3.6291e-07 0.00658
0.0022952 0.0004853 9.0512e-07 3.4648e-07 0.0065803
0.0022964 0.00048017 9.862e-07 3.2486e-07 0.0065805
0.0022977 0.00047514 1.0766e-06 3.0506e-07 0.0065808
0.0022991 0.00047025 1.1796e-06 2.8764e-07 0.006581
0.0023004 0.00046547 1.296e-06 2.7206e-07 0.0065813
0.0023017 0.00046062 1.4047e-06 2.5114e-07 0.0065816
0.0023031 0.00045593 1.5319e-06 2.3319e-07 0.0065818
0.0023045 0.00045141 1.6524e-06 2.9774e-07 0.0065821
0.0023059 0.00044705 1.7946e-06 3.7087e-07 0.0065823
0.0023076 0.00044283 1.962e-06 4.5408e-07 0.0065826
0.0023094 0.00043876 2.1646e-06 5.5184e-07 0.0065829
0.0023111 0.00043458 2.3472e-06 6.3726e-07 0.0065832
0.0023101 0.00043057 2.3909e-06 6.35e-07 0.0065835
0.0023093 0.00042669 2.447e-06 6.3868e-07 0.0065838
0.0023084 0.00042272 2.4941e-06 6.3391e-07 0.0065841
0.0023076 0.00041888 2.5335e-06 8.1089e-07 0.0065844
0.0023068 0.00041494 2.5655e-06 9.7099e-07 0.0065847
0.0023061 0.00041117 2.5145e-06 1.1602e-06 0.006585
0.0023055 0.00040723 2.4778e-06 1.4142e-06 0.0065853
0.0023052 0.00040342 2.4522e-06 1.7066e-06 0.0065857
0.0023049 0.00039952 2.4388e-06 1.7774e-06 0.006586
0.0023049 0.00039575 2.4355e-06 1.8642e-06 0.0065863
0.0023049 0.0003921 2.4419e-06 1.9688e-06 0.0065866
0.0023049 0.00038836 2.4411e-06 2.0577e-06 0.0065869
0.0023048 0.00038477 2.4336e-06 2.133e-06 0.0065872
0.0022943 0.00038134 2.4379e-06 2.2295e-06 0.0065875
0.002284 0.00037802 2.452e-06 2.3456e-06 0.0065878
0.0022741 0.00037485 2.4785e-06 2.4884e-06 0.0065882
0.0022644 0.0003718 2.5161e-06 2.6568e-06 0.0065885
0.0022496 0.00036865 2.5681e-06 2.7363e-06 0.0065888
0.0022351 0.00036564 2.6362e-06 2.8395e-06 0.0065892
0.0022211 0.00036255 2.7229e-06 2.9694e-06 0.0065895
0.0022068 0.00035959 2.7984e-06 3.0807e-06 0.0065899
0.002193 0.00035677 2.7828e-06 3.2205e-06 0.0065903
0.0021789 0.00035386 2.76e-06 3.3426e-06 0.0065906
0.0021652 0.00035107 2.7511e-06 3.49e-06 0.006591
0.0021518 0.0003484 2.7527e-06 3.6659e-06 0.0065914
0.0021387 0.00034583 2.767e-06 3.8802e-06 0.0065918
0.0021255 0.00034339 2.7742e-06 4.0809e-06 0.0065922
0.0021126 0.00034107 2.7942e-06 4.3281e-06 0.0065926
0.0021 0.00033867 2.8256e-06 4.6302e-06 0.006593
0.0020872 0.00033617 2.8487e-06 4.901e-06 0.0065934
0.0020743 0.0003336 2.8645e-06 5.1452e-06 0.0065938
0.0020612 0.00033094 2.8732e-06 5.3642e-06 0.0065942
0.0020451 0.0003284 2.8949e-06 5.6314e-06 0.0065946
0.0020295 0.00032579 2.9305e-06 5.9543e-06 0.006595
0.0020142 0.00032327 2.9788e-06 5.9846e-06 0.0065954
0.0019987 0.00032067 3.018e-06 5.9953e-06 0.0065958
0.0019835 0.00031818 3.0703e-06 5.746e-06 0.0065963
0.0019687 0.00031579 3.137e-06 5.5364e-06 0.0065967
0.0019542 0.00031331 3.2229e-06 5.3684e-06 0.0065972
0.0019401 0.00031095 3.3311e-06 5.2372e-06 0.0065977
0.0019263 0.00030871 3.461e-06 5.1338e-06 0.0065982
0.0019129 0.00030658 3.6208e-06 4.6762e-06 0.0065986
0.0018997 0.00030454 3.6449e-06 4.2816e-06 0.0065991
0.0018869 0.00030242 3.6823e-06 3.9417e-06 0.0065996
0.001874 0.0003004 3.7102e-06 3.5655e-06 0.0066001
0.0018614 0.0002983 3.7542e-06 3.2497e-06 0.0066006
0.0018485 0.00029629 3.813e-06 2.9777e-06 0.006601
0.0018355 0.00029421 3.8614e-06 2.8252e-06 0.0066015
0.0018223 0.00029204 3.8998e-06 2.6518e-06 0.006602
0.0018094 0.00028997 3.9528e-06 2.5048e-06 0.0066025
0.0017963 0.00028781 3.9956e-06 2.3377e-06 0.0066029
0.0017831 0.00028577 4.0286e-06 2.1491e-06 0.0066034
0.0017701 0.0002838 4.0739e-06 1.9842e-06 0.0066038
0.0017573 0.00028189 4.13e-06 1.8366e-06 0.0066043
0.0017447 0.00028004 4.0311e-06 1.7043e-06 0.0066048
0.0017324 0.00027825 3.4757e-06 1.5853e-06 0.0066053
0.0017201 0.0002765 2.9697e-06 1.4763e-06 0.0066057
0.0017079 0.00027471 2.4458e-06 1.3596e-06 0.0066062
0.0016958 0.00027286 1.9893e-06 1.2578e-06 0.0066067
0.0016837 0.00027093 1.4865e-06 1.141e-06 0.0066072
0.0016718 0.00026863 1.0686e-06 1.0439e-06 0.0066077
0.0016602 0.00026644 7.2123e-07 9.6392e-07 0.0066082
0.0016489 0.00026435 4.3224e-07 8.9873e-07 0.0066087
0.001638 0.00026237 1.9166e-07 8.4645e-07 0.0066092
0.0016268 0.00026031 1.569e-07 7.8317e-07 0.0066098
0.001616 0.00025835 1.2791e-07 7.32e-07 0.0066103
0.0016054 0.00025648 1.0291e-07 6.8955e-07 0.0066109
0.001595 0.00025454 8.1278e-08 6.5496e-07 0.0066114
0.0015846 0.0002527 7.8825e-08 7.3851e-07 0.006612
0.0015744 0.00025095 7.7722e-08 8.3821e-07 0.0066126
0.0015644 0.0002493 7.7614e-08 9.5346e-07 0.0066131
0.0015543 0.00024775 7.541e-08 1.0543e-06 0.0066137
0.0015444 0.00024627 5.3715e-08 1.1716e-06 0.0066143
0.0015343 0.00024472 5.7023e-08 1.274e-06 0.0066149
0.0015246 0.0002431 6.1446e-08 1.3975e-06 0.0066155
0.0015151 0.00024158 6.7138e-08 1.5457e-06 0.0066161
0.0015055 0.00023998 7.0734e-08 1.6762e-06 0.0066167
0.0014957 0.00023832 7.2267e-08 1.7902e-06 0.0066172
0.0014862 0.00023674 7.5066e-08 1.9287e-06 0.0066178
0.0014765 0.00023524 7.5909e-08 2.0512e-06 0.0066184
0.0014672 0.00023383 7.8055e-08 2.0299e-06 0.006619
0.001458 0.00023251 6.3795e-08 2.0246e-06 0.0066196
0.0014488 0.00023127 7.3075e-08 2.0077e-06 0.0066202
0.0014397 0.00023011 8.3858e-08 2.0038e-06 0.0066208
0.0014306 0.00022901 9.2371e-08 1.9884e-06 0.0066215
0.0014216 0.000228 1.0297e-07 1.9887e-06 0.0066221
0.0014126 0.00022692 1.1104e-07 1.9764e-06 0.0066227
0.0014038 0.00022592 1.2135e-07 1.9798e-06 0.0066233
0.0013952 0.000225 1.3427e-07 1.9988e-06 0.006624
0.0013865 0.00022415 1.4459e-07 1.9721e-06 0.0066246
0.0013781 0.00022338 1.5717e-07 1.9586e-06 0.0066253
0.0013698 0.00022268 1.7231e-07 1.9579e-06 0.0066259
0.0013617 0.00022205 1.9111e-07 1.8043e-06 0.0066266
0.0013539 0.0002215 2.1422e-07 1.6771e-06 0.0066273
0.001346 0.00022102 2.3509e-07 1.5324e-06 0.006628
0.0013379 0.00022049 2.5275e-07 1.3714e-06 0.0066286
0.0013301 0.00022003 2.7437e-07 1.234e-06 0.0066293
0.0013224 0.00021962 2.9982e-07 1.1141e-06 0.00663
0.0013146 0.00021916 3.2158e-07 9.7983e-07 0.0066307
0.001307 0.00021876 3.4837e-07 8.6543e-07 0.0066315
0.0012993 0.00021842 3.7997e-07 7.6525e-07 0.0066322
0.0012916 0.00021803 4.0742e-07 6.5285e-07 0.0066329
0.0012837 0.00021758 4.3124e-07 5.2873e-07 0.0066336
0.001276 0.00021719 4.5994e-07 4.1922e-07 0.0066343
0.0012682 0.00021688 4.8372e-07 2.9173e-07 0.0066351
0.0012606 0.00021661 5.1153e-07 1.7573e-07 0.0066358
0.0012528 0.0002163 5.3624e-07 1.7746e-07 0.0066365
0.0012452 0.00021602 5.6473e-07 1.7953e-07 0.0066372
0.0012377 0.00021578 5.9641e-07 1.8132e-07 0.0066379
0.0012304 0.00021557 6.3155e-07 1.8285e-07 0.0066387
0.0012229 0.00021532 6.6427e-07 1.8034e-07 0.0066394
0.0012156 0.00021512 7.0143e-07 1.7803e-07 0.0066401
0.0012084 0.00021494 7.4262e-07 1.7542e-07 0.0066408
0.0012012 0.00021473 7.8118e-07 1.6879e-07 0.0066415
0.001194 0.00021456 8.2492e-07 1.623e-07 0.0066423
0.001187 0.00021441 8.7362e-07 1.5558e-07 0.006643
0.0011799 0.00021423 9.1796e-07 1.4411e-07 0.0066437
0.001173 0.00021409 9.6901e-07 1.3306e-07 0.0066445
0.0011662 0.000214 1.0138e-06 1.1634e-07 0.0066452
0.0011596 0.000214 1.07e-06 1.0176e-07 0.0066459
0.0011531 0.00021404 1.1365e-06 8.7951e-08 0.0066466
0.0011466 0.00021414 1.2147e-06 7.4643e-08 0.0066473
0.0011402 0.00021428 1.3014e-06 6.0538e-08 0.0066481
0.0011337 0.00021438 1.3843e-06 4.2634e-08 0.0066488
0.0011272 0.00021445 1.4633e-06 6.5935e-08 0.0066495
0.0011208 0.00021456 1.5507e-06 8.8799e-08 0.0066503
0.0011145 0.00021469 1.6475e-06 1.1141e-07 0.006651
0.0011035 0.00021487 1.7576e-06 1.3479e-07 0.0066517
0.0010925 0.00021501 1.863e-06 1.5403e-07 0.0066525
0.0010817 0.00021519 1.979e-06 1.7324e-07 0.0066532
0.001071 0.00021539 2.1069e-06 1.9256e-07 0.006654
0.0010602 0.00021556 2.2294e-06 4.5931e-07 0.0066547
0.0010496 0.00021577 2.3668e-06 7.51e-07 0.0066555
0.0010391 0.00021601 2.5186e-06 1.0679e-06 0.0066562
0.0010286 0.00021622 2.6644e-06 1.3728e-06 0.006657
0.0010181 0.00021639 2.8043e-06 1.6659e-06 0.0066577
0.0010077 0.00021661 2.9613e-06 1.9878e-06 0.0066584
0.00099724 0.00021679 3.112e-06 2.2974e-06 0.0066592
0.00098675 0.00021694 3.2564e-06 2.5943e-06 0.0066599
0.00097612 0.00021703 3.3932e-06 2.8626e-06 0.0066606
0.00096575 0.00021719 3.5604e-06 3.1812e-06 0.0066614
0.00095526 0.00021743 3.5887e-06 3.2421e-06 0.0066621
0.00094797 0.00021761 3.9956e-06 3.2888e-06 0.0066628
0.00094081 0.00021774 4.0694e-06 3.3504e-06 0.0066636
0.00093376 0.0002179 4.1533e-06 3.4226e-06 0.0066643
0.00092679 0.00021809 4.248e-06 3.5056e-06 0.0066651
0.00091979 0.00021826 4.3378e-06 3.5808e-06 0.0066658
0.0009129 0.00021845 4.4411e-06 3.6697e-06 0.0066666
0.0009061 0.00021868 4.5397e-06 3.66e-06 0.0066673
0.00089939 0.00021894 4.6503e-06 3.6599e-06 0.0066681
0.00089277 0.00021923 4.7739e-06 3.6694e-06 0.0066689
0.00088623 0.00021954 4.9117e-06 3.6887e-06 0.0066696
0.00087979 0.00021989 4.8669e-06 3.7178e-06 0.0066704
0.00087331 0.00022021 4.8184e-06 3.74e-06 0.0066712
0.00086694 0.00022056 4.4427e-06 3.7745e-06 0.0066719
0.00086053 0.00022089 4.0541e-06 3.8015e-06 0.0066727
0.00085421 0.00022124 3.6999e-06 3.8386e-06 0.0066735
0.00084797 0.00022162 3.3772e-06 3.8867e-06 0.0066742
0.00084183 0.00022204 3.0878e-06 3.948e-06 0.006675
0.00083579 0.0002225 2.8283e-06 4.0229e-06 0.0066758
0.00082984 0.000223 2.5957e-06 4.1123e-06 0.0066766
0.00082399 0.00022354 2.3872e-06 4.217e-06 0.0066774
0.00081822 0.0002241 2.1972e-06 4.3352e-06 0.0066782
0.00081254 0.00022471 2.027e-06 4.4707e-06 0.006679
0.00080695 0.00022535 1.8745e-06 4.6248e-06 0.0066798
0.00080146 0.00022604 1.7381e-06 4.799e-06 0.0066806
0.00079605 0.00022676 1.616e-06 4.9951e-06 0.0066815
0.00079061 0.00022745 1.4888e-06 5.1808e-06 0.0066823
0.00078525 0.00022819 1.3749e-06 5.3897e-06 0.0066831
0.00077999 0.00022896 1.273e-06 5.6238e-06 0.0066839
0.00077481 0.00022977 1.1818e-06 5.8853e-06 0.0066848
0.0007697 0.00023061 1.099e-06 6.1719e-06 0.0066856
0.00076456 0.00023143 1.0122e-06 6.4459e-06 0.0066864
0.00075949 0.00023227 9.3319e-07 6.7465e-06 0.0066873
0.00075449 0.00023315 8.6134e-07 7.0759e-06 0.0066881
0.00074959 0.00023408 7.9773e-07 7.4454e-06 0.006689
0.00074464 0.00023496 7.2989e-07 7.7955e-06 0.0066898
0.00073977 0.00023589 6.6956e-07 8.1872e-06 0.0066907
0.00073483 0.00023676 6.0144e-07 8.539e-06 0.0066915
0.00072981 0.00023756 5.2578e-07 8.8571e-06 0.0066924
0.00072471 0.00023829 4.411e-07 9.1396e-06 0.0066932
0.00071975 0.00023911 3.7081e-07 9.4854e-06 0.0066941
0.0007147 0.00024001 2.9219e-07 9.7936e-06 0.0066949
0.00070958 0.00024085 2.0459e-07 1.0067e-05 0.0066958
0.0007046 0.00024176 1.3135e-07 1.0402e-05 0.0066966
0.00069973 0.00024275 7.0839e-08 1.08e-05 0.0066974
0.0006948 0.00024368 6.4807e-08 1.1159e-05 0.0066983
0.00068979 0.00024454 5.673e-08 1.1483e-05 0.0066991
0.00068492 0.00024549 5.0067e-08 1.1879e-05 0.0066999
0.00068019 0.00024652 4.4586e-08 1.2366e-05 0.0067008
0.0006756 0.00024764 4.0099e-08 1.295e-05 0.0067016
0.00067114 0.00024884 3.6453e-08 1.3053e-05 0.0067025
0.00066679 0.00025012 3.3286e-08 1.3197e-05 0.0067033
0.00066236 0.00025133 2.833e-08 1.3312e-05 0.0067042
0.00065787 0.00025248 2.1644e-08 1.34e-05 0.006705
0.00065347 0.00025369 1.5349e-08 1.3527e-05 0.0067059
0.00064918 0.00025498 9.3234e-09 1.3694e-05 0.0067067
0.00064482 0.00025619 1.2141e-08 1.3832e-05 0.0067076
0.00064058 0.0002575 1.499e-08 1.4021e-05 0.0067084
0.00063644 0.00025873 1.7848e-08 1.426e-05 0.0067093
0.00063223 0.00025989 1.9175e-08 1.4651e-05 0.0067102
0.00062812 0.00026112 2.0473e-08 1.5109e-05 0.006711
0.00062412 0.00026244 2.1933e-08 1.5658e-05 0.0067119
0.00062006 0.00026369 2.1917e-08 1.6158e-05 0.0067128
0.00061609 0.000265 2.1796e-08 1.673e-05 0.0067137
0.00061207 0.00026637 2.0413e-08 1.7271e-05 0.0067145
0.00060802 0.00026771 1.7873e-08 1.7791e-05 0.0067154
0.00060405 0.00026909 1.508e-08 1.8371e-05 0.0067163
0.00060013 0.00027052 1.1911e-08 1.8273e-05 0.0067172
0.00059626 0.00027198 8.3393e-09 1.8202e-05 0.0067181
0.00059247 0.00027351 4.4722e-09 1.8165e-05 0.006719
0.00058862 0.00027496 6.2046e-09 1.8094e-05 0.0067198
0.00058488 0.00027652 7.6894e-09 1.8076e-05 0.0067207
0.00058124 0.00027815 8.8631e-09 1.8104e-05 0.0067216
0.00057771 0.00027989 9.8739e-09 1.8186e-05 0.0067226
0.00057412 0.00028156 9.5721e-09 1.8239e-05 0.0067235
0.00057061 0.00028329 8.8688e-09 1.8329e-05 0.0067244
0.00056706 0.00028498 2.2129e-08 1.8403e-05 0.0067253
0.00056356 0.00028672 3.5834e-08 1.8505e-05 0.0067262
0.00056004 0.00028842 4.8116e-08 1.8593e-05 0.0067271
0.00055649 0.00029008 5.8987e-08 1.8668e-05 0.006728
0.00055292 0.00029171 6.8459e-08 1.8731e-05 0.0067289
0.00054932 0.00029331 7.6591e-08 1.8782e-05 0.0067298
0.00054577 0.00029495 8.5139e-08 1.886e-05 0.0067307
0.00054228 0.00029665 9.442e-08 1.897e-05 0.0067316
0.00053885 0.0002984 1.0454e-07 1.9112e-05 0.0067326
0.0005354 0.00030011 1.1319e-07 1.9241e-05 0.0067335
0.00053199 0.00030187 1.2249e-07 1.9399e-05 0.0067344
0.00052857 0.0003036 1.3037e-07 1.9544e-05 0.0067353
0.00052519 0.00030529 1.3894e-07 1.9718e-05 0.0067363
0.00052186 0.00030703 1.4828e-07 1.9923e-05 0.0067372
0.00051858 0.00030881 1.5848e-07 2.016e-05 0.0067381
0.00051527 0.00031056 1.6713e-07 2.0382e-05 0.0067391
0.00051194 0.00031227 1.7422e-07 2.059e-05 0.00674
0.00050866 0.00031403 1.822e-07 2.083e-05 0.0067409
0.00050542 0.00031583 1.9112e-07 2.1104e-05 0.0067419
0.00050216 0.0003176 1.9846e-07 2.1363e-05 0.0067428
0.00049895 0.00031942 2.0712e-07 2.1664e-05 0.0067437
0.00049579 0.0003213 2.1687e-07 2.2002e-05 0.0067447
0.00049261 0.00032313 2.2498e-07 2.2324e-05 0.0067456
0.0004894 0.00032493 2.3156e-07 2.2631e-05 0.0067466
0.00048624 0.0003268 2.3926e-07 2.2978e-05 0.0067475
0.00048306 0.00032862 2.4541e-07 2.3309e-05 0.0067484
0.00047985 0.00033042 2.5001e-07 2.3624e-05 0.0067494
0.0004767 0.00033227 2.5609e-07 2.3987e-05 0.0067503
0.00047352 0.00033409 2.6053e-07 2.4333e-05 0.0067512
0.00047039 0.00033595 2.6613e-07 2.472e-05 0.0067522
0.00046731 0.00033777 2.7332e-07 2.516e-05 0.0067531
0.00046421 0.00033956 2.7884e-07 2.5581e-05 0.006754
0.00046115 0.00034139 2.8562e-07 2.605e-05 0.006755
0.00045807 0.00034318 2.9072e-07 2.6498e-05 0.0067559
0.00045504 0.00034504 2.9749e-07 2.7005e-05 0.0067569
0.00045205 0.00034695 3.0563e-07 2.7566e-05 0.0067578
0.00044912 0.00034891 3.1561e-07 2.8195e-05 0.0067588
0.00044616 0.00035084 3.2393e-07 2.8809e-05 0.0067597
0.00044326 0.00035284 3.3417e-07 2.9498e-05 0.0067607
0.00044033 0.00035479 3.4264e-07 3.016e-05 0.0067617
0.00043737 0.00035671 3.4945e-07 3.0801e-05 0.0067626
0.00043447 0.00035869 3.5822e-07 3.1518e-05 0.0067636
0.00043162 0.00036074 3.6907e-07 3.2319e-05 0.0067645
0.00042875 0.00036275 3.7821e-07 3.3095e-05 0.0067655
0.00042585 0.00036472 3.8553e-07 3.3842e-05 0.0067664
0.00042293 0.00036666 3.9105e-07 3.4563e-05 0.0067674
0.00041998 0.00036856 3.9488e-07 3.526e-05 0.0067683
0.00041702 0.00037042 3.9701e-07 3.5934e-05 0.0067693
0.00041409 0.00037234 4.0076e-07 3.6676e-05 0.0067702
0.00041121 0.00037431 4.0615e-07 3.7493e-05 0.0067712
0.0004083 0.00037624 4.0984e-07 3.8283e-05 0.0067721
0.00040544 0.00037823 4.152e-07 3.9152e-05 0.0067731
0.00040255 0.00038018 4.1885e-07 3.9993e-05 0.006774
0.00039965 0.0003821 4.2078e-07 4.0808e-05 0.0067749
0.00039679 0.00038408 4.2486e-07 4.1719e-05 0.0067759
0.00039398 0.00038613 4.3111e-07 4.2734e-05 0.0067768
0.00039121 0.00038823 4.3916e-07 4.3846e-05 0.0067778
0.00038848 0.0003904 4.4955e-07 4.5081e-05 0.0067788
0.00038574 0.00039253 4.5809e-07 4.6278e-05 0.0067797
0.00038304 0.00039473 4.6925e-07 4.7615e-05 0.0067807
0.00038041 0.00039703 4.8438e-07 4.9159e-05 0.0067817
0.00037786 0.00039946 5.0487e-07 5.099e-05 0.0067827
0.00037527 0.00040181 5.2157e-07 5.2685e-05 0.0067836
0.00037275 0.00040429 5.0032e-07 5.4702e-05 0.0067846
0.00037021 0.00040673 4.7702e-07 5.6663e-05 0.0067856
0.00036771 0.00040923 4.5624e-07 5.88e-05 0.0067866
0.00036525 0.00041179 4.378e-07 6.113e-05 0.0067876
0.00036276 0.00041431 4.1735e-07 6.3391e-05 0.0067886
0.00036031 0.00041689 3.9912e-07 6.5855e-05 0.0067896
0.0003579 0.00041953 3.8295e-07 6.8539e-05 0.0067906
0.00035546 0.00042214 3.6497e-07 7.1154e-05 0.0067916
0.00035301 0.00042471 3.4517e-07 7.3701e-05 0.0067926
0.00035059 0.00042735 3.2785e-07 7.6517e-05 0.0067936
0.00034816 0.00042995 3.0863e-07 7.9251e-05 0.0067946
0.00034576 0.00043261 2.9127e-07 8.223e-05 0.0067956
0.00034339 0.00043534 2.7564e-07 8.5475e-05 0.0067966
0.00034106 0.00043815 2.62e-07 8.906e-05 0.0067976
0.00033878 0.00044103 2.502e-07 9.3022e-05 0.0067986
0.00033647 0.00044387 2.3666e-07 9.6868e-05 0.0067997
0.00033421 0.00044679 2.2486e-07 0.00010112 0.0068007
0.00033197 0.00044977 2.1431e-07 0.00010575 0.0068017
0.00032972 0.00045284 2.0207e-07 0.00011024 0.0068027
0.0003275 0.00045599 1.9135e-07 0.00011521 0.0068038
0.00032527 0.0004591 1.7899e-07 0.00012003 0.0068048
0.00032307 0.00046229 1.6813e-07 0.00012538 0.0068058
0.00032094 0.00046564 1.6e-07 0.00012711 0.0068068
0.00031889 0.00046914 1.5433e-07 0.00012918 0.0068079
0.00031679 0.00047277 1.5051e-07 0.00013159 0.0068089
0.00031465 0.00047652 1.4452e-07 0.00013385 0.0068099
0.00031247 0.00048019 1.365e-07 0.00013597 0.006811
0.00031026 0.00048401 1.303e-07 0.00013845 0.006812
0.00030809 0.00048793 1.252e-07 0.00014122 0.0068131
0.00030597 0.00049197 1.2129e-07 0.00014437 0.0068141
0.00030389 0.00049611 1.1813e-07 0.00014785 0.0068152
0.00030184 0.00050034 1.1556e-07 0.00015167 0.0068162
0.00029982 0.00050466 1.1345e-07 0.00015218 0.0068173
0.00029784 0.00050908 1.1201e-07 0.00015278 0.0068184
0.0002959 0.0005136 1.112e-07 0.00015351 0.0068195
0.00029399 0.00051823 1.1102e-07 0.00015435 0.0068206
0.00029206 0.00052281 1.0944e-07 0.00015515 0.0068216
0.00029016 0.0005275 1.0848e-07 0.00015608 0.0068227
0.0002883 0.00053229 1.0813e-07 0.00015715 0.0068238
0.00028648 0.0005372 1.0838e-07 0.00015836 0.0068249
0.00028463 0.00054206 1.073e-07 0.00015953 0.006826
0.00028282 0.00054703 1.0681e-07 0.00016085 0.0068272
0.00028104 0.00055211 1.0692e-07 0.00016234 0.0068283
0.0002793 0.00055731 1.0763e-07 0.00016401 0.0068294
0.00027758 0.00056263 1.0893e-07 0.00016588 0.0068305
0.0002759 0.00056805 1.1064e-07 0.00016565 0.0068316
0.00027424 0.00057356 1.1275e-07 0.0001655 0.0068328
0.00027261 0.00057919 1.1529e-07 0.00016544 0.0068339
0.00027095 0.00058476 1.1642e-07 0.00016534 0.0068351
0.00026928 0.00059028 1.1614e-07 0.00016522 0.0068362
0.00026764 0.00059592 1.1653e-07 0.00016519 0.0068373
0.00026603 0.00060169 1.1758e-07 0.00016526 0.0068385
0.00026445 0.00060759 1.193e-07 0.00016542 0.0068396
0.00026285 0.00061343 1.1962e-07 0.00016555 0.0068408
0.00026128 0.0006194 1.2062e-07 0.00016579 0.0068419
0.00025969 0.00062532 1.202e-07 0.00016599 0.0068431
0.00025808 0.0006312 1.1843e-07 0.00016616 0.0068442
0.0002565 0.0006372 1.1734e-07 0.00016418 0.0068453
0.00025496 0.00064334 1.1692e-07 0.0001624 0.0068465
0.00025343 0.00064959 1.1693e-07 0.00016078 0.0068476
0.00025194 0.00065596 1.1738e-07 0.00015932 0.0068488
0.00025042 0.00066227 1.1642e-07 0.00015781 0.0068499
0.00024893 0.00066872 1.1612e-07 0.00015646 0.0068511
0.00024747 0.00067512 1.1649e-07 0.00014913 0.0068523
0.00024599 0.00068146 1.1544e-07 0.00014159 0.0068534
0.00024454 0.00068795 1.1506e-07 0.00013475 0.0068546
0.00024307 0.00069438 1.1332e-07 0.00012775 0.0068557
0.00024162 0.00070093 1.1201e-07 0.00012131 0.0068569
0.0002402 0.00070763 1.1133e-07 0.00011548 0.0068581
0.00023877 0.00071428 1.093e-07 0.0001095 0.0068593
0.00023731 0.00072107 1.079e-07 0.00010408 0.0068604
0.00023588 0.00072799 1.069e-07 9.9115e-05 0.0068616
0.00023447 0.00073506 1.0643e-07 9.4593e-05 0.0068628
0.00023311 0.00074237 1.0747e-07 9.0737e-05 0.006864
0.00023172 0.00074961 1.064e-07 8.6578e-05 0.0068652
0.00023348 0.00074949 1.0666e-07 8.303e-05 0.0068664
0.00023522 0.00074932 1.055e-07 7.9372e-05 0.0068676
0.00023699 0.00074924 1.0494e-07 7.6061e-05 0.0068687
0.00023879 0.00074924 1.0496e-07 7.3064e-05 0.0068699
0.00024062 0.00074931 1.0533e-07 7.0313e-05 0.0068711
0.00024248 0.00074947 1.063e-07 6.7825e-05 0.0068723
0.00024432 0.0007497 1.0592e-07 6.527e-05 0.0068735
0.00024619 0.00075001 1.0614e-07 6.296e-05 0.0068747
0.00024804 0.00075029 1.0497e-07 6.0579e-05 0.0068759
0.00024992 0.00075063 1.042e-07 5.84e-05 0.0068771
0.00025178 0.00075093 1.0201e-07 5.6149e-05 0.0068783
0.00025366 0.0007513 1.0022e-07 5.4089e-05 0.0068795
0.00025552 0.00075163 9.6944e-08 5.1961e-05 0.0068807
0.00025741 0.00075203 9.402e-08 5.0009e-05 0.0068819
0.00025928 0.00075239 8.972e-08 4.7997e-05 0.0068831
0.00026113 0.0007527 8.4093e-08 4.5931e-05 0.0068843
0.00026302 0.00075311 7.9003e-08 4.4062e-05 0.0068855
0.00026493 0.00075359 7.439e-08 4.2373e-05 0.0068868
0.00026688 0.00075417 7.0201e-08 4.0846e-05 0.006888
0.00026886 0.00075481 6.6199e-08 3.9447e-05 0.0068892
0.00027082 0.00075541 6.0874e-08 3.8003e-05 0.0068904
0.00027281 0.00075608 5.571e-08 3.668e-05 0.0068916
0.00027477 0.00075671 4.9232e-08 3.5314e-05 0.0068928
0.00027677 0.00075743 4.3055e-08 3.4081e-05 0.0068941
0.00027881 0.00075823 3.7107e-08 3.2968e-05 0.0068953
0.00028082 0.00075899 2.9921e-08 3.1823e-05 0.0068965
0.00028282 0.00075972 2.149e-08 3.0645e-05 0.0068978
0.00028479 0.0007604 2.9877e-08 2.9432e-05 0.006899
0.0002868 0.00076116 3.8361e-08 2.8321e-05 0.0069002
0.00028878 0.00076187 4.554e-08 2.7173e-05 0.0069014
0.00029074 0.00076254 5.1455e-08 2.5992e-05 0.0069026
0.00029274 0.0007633 5.7676e-08 2.4925e-05 0.0069038
0.00029478 0.00076415 6.4277e-08 2.3962e-05 0.0069051
0.00029685 0.00076508 7.1334e-08 2.3093e-05 0.0069063
0.00029896 0.0007661 7.8931e-08 2.2311e-05 0.0069075
0.0003011 0.00076721 8.7158e-08 2.1608e-05 0.0069088
0.00030328 0.00076839 9.5882e-08 2.0966e-05 0.00691
0.00030544 0.00076953 1.0317e-07 2.0301e-05 0.0069113
0.00030757 0.00077063 1.0904e-07 1.9612e-05 0.0069125
0.00030974 0.00077182 1.1566e-07 1.8993e-05 0.0069138
0.00031189 0.00077296 1.2084e-07 1.835e-05 0.006915
0.00031402 0.00077406 1.2458e-07 1.7684e-05 0.0069163
0.00031613 0.00077511 1.2712e-07 1.6989e-05 0.0069175
0.00031828 0.00077626 1.3043e-07 1.6364e-05 0.0069188
0.0003204 0.00077737 1.3232e-07 1.5716e-05 0.00692
0.00032248 0.00077838 1.3194e-07 1.501e-05 0.0069212
0.00032452 0.0007793 1.2931e-07 1.4241e-05 0.0069224
0.00032661 0.00077308 1.2822e-07 1.3579e-05 0.0069237
0.00032877 0.00076707 1.2863e-07 1.3012e-05 0.0069249
0.00033088 0.00076092 1.2673e-07 1.2389e-05 0.0069262
0.00033304 0.00075496 1.2618e-07 1.1848e-05 0.0069274
0.00033516 0.00074922 1.2338e-07 1.1258e-05 0.0069286
0.00033724 0.00074337 1.1851e-07 1.0622e-05 0.0069299
0.00033937 0.0007377 1.1489e-07 1.0066e-05 0.0069311
0.00034145 0.00074385 1.0912e-07 9.4616e-06 0.0069323
0.0003435 0.00075021 1.0125e-07 8.8098e-06 0.0069335
0.00034559 0.00075673 9.4269e-08 8.2257e-06 0.0069348
0.00034773 0.00076343 8.8358e-08 7.7126e-06 0.006936
0.00034985 0.00077008 8.1022e-08 7.1797e-06 0.0069372
0.00035201 0.00077687 7.4287e-08 6.698e-06 0.0069385
0.0003542 0.00078379 6.7863e-08 6.2558e-06 0.0069397
0.00035637 0.00079066 6.0078e-08 5.7969e-06 0.0069409
0.00035852 0.00079746 5.0923e-08 5.3209e-06 0.0069422
0.00036065 0.00080443 4.2292e-08 4.891e-06 0.0069434
0.00036274 0.00081132 3.2223e-08 4.4421e-06 0.0069446
0.00036481 0.00081813 4.106e-08 3.9695e-06 0.0069459
0.00036685 0.00082511 4.8383e-08 4.013e-06 0.0069471
0.00036893 0.00083224 5.6048e-08 4.0693e-06 0.0069484
0.00037099 0.00083929 6.2227e-08 4.1161e-06 0.0069496
0.00037308 0.00084652 6.8918e-08 3.8837e-06 0.0069508
0.00037523 0.00085395 7.6569e-08 3.6816e-06 0.0069521
0.00037734 0.00086126 8.2222e-08 3.4585e-06 0.0069533
0.00037952 0.00086884 8.9536e-08 3.2774e-06 0.0069546
0.00038174 0.00087658 9.7393e-08 3.1134e-06 0.0069559
0.00038394 0.00088426 1.0379e-07 2.9397e-06 0.0069571
0.00038612 0.00089187 1.0879e-07 3.1314e-06 0.0069584
0.00038833 0.00089966 1.1455e-07 3.3449e-06 0.0069596
0.00039059 0.0009076 1.2085e-07 3.5778e-06 0.0069609
0.00039282 0.00091547 1.257e-07 3.8e-06 0.0069621
0.00039509 0.00092349 1.3111e-07 4.0426e-06 0.0069634
0.00039733 0.00093145 1.3506e-07 4.2742e-06 0.0069646
0.00039955 0.00093935 1.3763e-07 4.4959e-06 0.0069659
0.00040181 0.0009474 1.4103e-07 4.7386e-06 0.0069672
0.00040405 0.00095539 1.4304e-07 4.9711e-06 0.0069684
0.00040633 0.00096356 1.459e-07 5.2302e-06 0.0069697
0.00040866 0.00097191 1.4966e-07 5.5186e-06 0.0069709
0.00041096 0.00098019 1.5188e-07 5.7935e-06 0.0069722
0.00041323 0.00098841 1.5264e-07 6.0563e-06 0.0069734
0.00041555 0.00099678 1.5406e-07 6.3449e-06 0.0069747
0.00041791 0.0010053 1.5639e-07 6.6662e-06 0.006976
0.00042025 0.0010138 1.5731e-07 6.9753e-06 0.0069773
0.00042262 0.0010225 1.5888e-07 7.3137e-06 0.0069786
0.00042504 0.0010313 1.6113e-07 7.6839e-06 0.0069798
0.00042749 0.0010403 1.6409e-07 7.6165e-06 0.0069811
0.00042999 0.0010495 1.6804e-07 7.5683e-06 0.0069824
0.00043253 0.0010589 1.7305e-07 7.5387e-06 0.0069838
0.00043505 0.0010682 1.7653e-07 7.4999e-06 0.0069851
0.00043755 0.0010774 1.7849e-07 7.4519e-06 0.0069864
0.00044002 0.0010866 1.7894e-07 7.3946e-06 0.0069877
0.00044255 0.001096 1.8045e-07 7.356e-06 0.006989
0.00044512 0.0011056 1.8303e-07 7.3356e-06 0.0069903
0.00044772 0.0011153 1.8642e-07 7.3301e-06 0.0069916
0.00045037 0.0011252 1.9064e-07 7.3396e-06 0.0069929
0.000453 0.0011351 1.9332e-07 7.34e-06 0.0069942
0.0004556 0.0011449 1.9453e-07 7.3322e-06 0.0069955
0.00045825 0.0011549 1.9658e-07 7.3392e-06 0.0069969
0.00046093 0.0011651 1.995e-07 7.3613e-06 0.0069982
0.0004636 0.0011752 2.0086e-07 7.3743e-06 0.0069995
0.0004663 0.0011854 2.0309e-07 7.4023e-06 0.0070008
0.00046898 0.0011957 2.0385e-07 7.422e-06 0.0070022
0.00047171 0.0012061 2.0579e-07 7.4599e-06 0.0070035
0.00047442 0.0012165 2.0617e-07 7.4887e-06 0.0070048
0.00047717 0.001227 2.0776e-07 7.536e-06 0.0070062
0.00047997 0.0012378 2.1024e-07 7.599e-06 0.0070075
0.00048282 0.0012488 2.1366e-07 7.6781e-06 0.0070089
0.00048564 0.0012597 2.1557e-07 7.7486e-06 0.0070102
0.00048843 0.0012705 2.1599e-07 7.8104e-06 0.0070115
0.00049121 0.0012813 2.1491e-07 7.8635e-06 0.0070129
0.00049403 0.0012923 2.1508e-07 7.9362e-06 0.0070142
0.00049691 0.0013036 2.1648e-07 7.569e-06 0.0070156
0.00049985 0.0013151 2.1915e-07 7.2391e-06 0.0070169
0.00050282 0.0013267 2.2279e-07 6.9383e-06 0.0070183
0.00050578 0.0013384 2.2489e-07 6.6247e-06 0.0070197
0.00050881 0.0013503 2.2929e-07 6.3581e-06 0.007021
0.00051194 0.0013628 2.0667e-07 6.1448e-06 0.0070224
0.00051502 0.001375 2.2638e-07 5.906e-06 0.0070238
0.0005182 0.0013876 2.5076e-07 5.7128e-06 0.0070252
0.00052146 0.0014008 2.7965e-07 5.5536e-06 0.0070266
0.00052481 0.0014136 2.7736e-07 5.4252e-06 0.007028
0.00054887 0.0015069 2.6507e-07 4.6976e-06 0.0070379
0.00055222 0.0015199 2.641e-07 4.615e-06 0.0070393
0.00055566 0.0015334 2.6668e-07 4.5559e-06 0.0070407
0.0005592 0.0015473 2.7194e-07 4.5189e-06 0.0070421
0.00056284 0.0015609 2.8068e-07 4.2208e-06 0.0070436
0.0005666 0.001575 2.931e-07 3.9721e-06 0.007045
0.0005935 0.0016771 3.8802e-07 2.4584e-06 0.007055
0.00059727 0.0016915 3.9554e-07 2.211e-06 0.0070564
0.00060112 0.0017056 4.0653e-07 1.9964e-06 0.0070579
0.00060508 0.0017201 4.2266e-07 1.8111e-06 0.0070593
0.00060903 0.0017347 4.3787e-07 1.6229e-06 0.0070608
0.00061298 0.0017492 4.5216e-07 1.4318e-06 0.0070622
0.00061691 0.0017638 4.6553e-07 1.2379e-06 0.0070636
0.00062085 0.0017783 4.7798e-07 1.041e-06 0.0070651
0.00062477 0.0017928 4.8951e-07 8.4125e-07 0.0070665
0.00062869 0.0018074 5.0012e-07 6.3859e-07 0.0070679
0.00063254 0.0018216 5.0681e-07 6.3643e-07 0.0070694
0.00063649 0.0018364 5.1764e-07 6.4018e-07 0.0070708
0.00064038 0.0018508 5.2485e-07 6.3613e-07 0.0070722
0.00064438 0.0018658 5.3716e-07 6.3943e-07 0.0070737
0.00064832 0.0018806 5.458e-07 6.3498e-07 0.0070751
0.00065236 0.0018958 5.5883e-07 6.3639e-07 0.0070765
0.00065634 0.0019107 5.6815e-07 6.2892e-07 0.0070779
0.0006604 0.001926 5.8085e-07 6.2548e-07 0.0070794
0.00066453 0.0019417 5.964e-07 6.2517e-07 0.0070808
0.00066863 0.0019572 6.0987e-07 6.2002e-07 0.0070823
0.0006727 0.0019727 6.2128e-07 6.1002e-07 0.0070837
0.00067684 0.0019884 6.3572e-07 6.0305e-07 0.0070851
0.00068096 0.0020041 6.4807e-07 5.9125e-07 0.0070866
0.00068504 0.0020197 6.5835e-07 5.7462e-07 0.007088
0.0006891 0.0020352 6.6669e-07 5.5336e-07 0.0070894
0.00069322 0.002051 6.775e-07 5.3422e-07 0.0070909
0.00069731 0.0020666 6.8623e-07 5.1028e-07 0.0070923
0.00070137 0.0020822 6.9287e-07 4.815e-07 0.0070937
0.00070551 0.0020981 7.026e-07 4.5564e-07 0.0070952
0.00070961 0.0021139 7.1023e-07 4.25e-07 0.0070966
0.00071369 0.0021296 7.159e-07 3.8977e-07 0.007098
0.00071783 0.0021457 7.2411e-07 3.5648e-07 0.0070995
0.00072194 0.0021616 7.3022e-07 3.1846e-07 0.0071009
0.00072611 0.0021778 7.3894e-07 2.8227e-07 0.0071023
0.00073035 0.0021943 7.5032e-07 2.476e-07 0.0071038
0.00073455 0.0022107 7.5955e-07 2.0833e-07 0.0071052
0.00073873 0.002227 7.6664e-07 1.6443e-07 0.0071066
0.00074298 0.0022436 7.7704e-07 1.2269e-07 0.0071081
0.0007472 0.0022601 7.851e-07 7.6191e-08 0.0071095
0.00074943 0.0022771 7.9827e-07 3.338e-08 0.0071109
0.00075159 0.0022905 8.0701e-07 3.2865e-08 0.0071124
0.00075373 0.0023037 8.1346e-07 8.6857e-08 0.0071138
0.00075585 0.0023168 8.1783e-07 1.3628e-07 0.0071152
0.00075801 0.0023302 8.2496e-07 1.8749e-07 0.0071166
0.00076015 0.0023435 8.299e-07 2.3396e-07 0.0071181
0.00076226 0.0023567 8.3268e-07 2.757e-07 0.0071195
0.00076442 0.0023701 8.3823e-07 3.1935e-07 0.0071209
0.00076656 0.0023835 8.4167e-07 3.5832e-07 0.0071223
0.00076864 0.0023966 8.4085e-07 3.8975e-07 0.0071238
0.00077082 0.0024103 8.4652e-07 4.2825e-07 0.0071252
0.00077296 0.0024238 8.4945e-07 4.6109e-07 0.0071266
0.00077508 0.0024372 8.4969e-07 4.8842e-07 0.007128
0.00077725 0.0024509 8.5328e-07 5.1868e-07 0.0071294
0.00077938 0.0024644 8.5414e-07 5.433e-07 0.0071309
0.00078148 0.0024778 8.5181e-07 5.6166e-07 0.0071323
0.00078351 0.0024917 8.5533e-07 5.8665e-07 0.0071337
0.00078563 0.002506 8.638e-07 6.1739e-07 0.0071351
0.00078769 0.00252 8.6839e-07 6.4056e-07 0.0071366
0.00078985 0.0025346 8.7904e-07 6.7134e-07 0.007138
0.00079211 0.0025497 8.9591e-07 7.104e-07 0.0071394
0.00079444 0.0025653 8.5657e-07 7.5682e-07 0.0071409
0.00079675 0.0025807 8.1445e-07 7.9779e-07 0.0071424
0.00079904 0.002596 7.6958e-07 8.3342e-07 0.0071438
0.00080138 0.0026117 7.2994e-07 8.7397e-07 0.0071453
0.0008037 0.0026272 6.8766e-07 9.0912e-07 0.0071467
0.00080608 0.0026431 6.5026e-07 9.4944e-07 0.0071482
0.00080851 0.0026593 6.173e-07 9.9533e-07 0.0071496
0.00081101 0.0026759 5.8838e-07 1.0472e-06 0.0071511
0.00081348 0.0026924 5.5714e-07 1.0934e-06 0.0071526
0.00081592 0.0027088 5.2362e-07 1.134e-06 0.007154
0.00081843 0.0027255 4.94e-07 1.1809e-06 0.0071555
0.00082091 0.0027421 4.6226e-07 1.2223e-06 0.0071569
0.00082345 0.0027591 4.3349e-07 1.2688e-06 0.0071584
0.00082595 0.002776 4.0266e-07 1.3098e-06 0.0071599
0.00082844 0.0027927 3.6959e-07 1.345e-06 0.0071613
0.00083098 0.0028098 3.4002e-07 1.3869e-06 0.0071628
0.00083359 0.0028273 3.136e-07 1.4358e-06 0.0071642
0.00083617 0.0028447 2.8519e-07 1.479e-06 0.0071657
0.0008388 0.0028625 2.5922e-07 1.5282e-06 0.0071672
0.00084141 0.0028801 2.3131e-07 1.5715e-06 0.0071686
0.00084399 0.0028976 2.0122e-07 1.6084e-06 0.0071701
0.00084651 0.0029148 1.6708e-07 1.6725e-06 0.0071716
0.00084897 0.0029317 1.2866e-07 1.7246e-06 0.007173
0.00085154 0.0029493 9.6369e-08 1.7936e-06 0.0071745
0.00085404 0.0029665 9.996e-08 1.8495e-06 0.0071759
0.0008566 0.0029841 1.0399e-07 1.9132e-06 0.0071774
0.00085913 0.0030015 1.0662e-07 1.9702e-06 0.0071788
0.00086171 0.0030193 1.0966e-07 2.0348e-06 0.0071803
0.00086436 0.0030375 1.1336e-07 2.1095e-06 0.0071817
0.00086707 0.0030561 1.1778e-07 2.1949e-06 0.0071832
0.00086984 0.003075 1.2278e-07 2.2903e-06 0.0071847
0.00087267 0.0030943 1.2861e-07 2.3983e-06 0.0071862
0.00087557 0.0031141 1.3532e-07 2.5196e-06 0.0071877
0.00087853 0.0031343 1.4271e-07 2.653e-06 0.0071892
0.00088146 0.0031543 1.4867e-07 2.7788e-06 0.0071907
0.00088437 0.0031742 1.5317e-07 2.8968e-06 0.0071921
0.00088736 0.0031947 1.5923e-07 3.0354e-06 0.0071936
0.00089048 0.0032159 1.6784e-07 3.1043e-06 0.0071951
0.00089352 0.0032368 1.7391e-07 3.1586e-06 0.0071966
0.00089669 0.0032584 1.8266e-07 3.238e-06 0.0071981
0.0008998 0.0032797 1.8885e-07 3.3027e-06 0.0071996
0.00090284 0.0033007 1.9253e-07 3.3531e-06 0.0072011
0.000906 0.0033031 1.9886e-07 3.4263e-06 0.0072026
0.0009091 0.0033054 2.0242e-07 3.4833e-06 0.007204
0.00091231 0.0033081 2.0879e-07 3.3622e-06 0.0072055
0.00091565 0.0033111 2.182e-07 3.2684e-06 0.007207
0.00091892 0.0033139 2.2484e-07 3.1583e-06 0.0072085
0.00092212 0.0033171 2.2875e-07 3.0312e-06 0.0072099
0.00092543 0.0033206 2.3514e-07 2.9269e-06 0.0072114
0.00092867 0.0033239 2.3853e-07 2.8045e-06 0.0072129
0.00093203 0.0033269 2.3897e-07 2.6593e-06 0.0072144
0.00093549 0.0033304 2.418e-07 2.5373e-06 0.0072159
0.00093892 0.0033337 2.4282e-07 2.4057e-06 0.0072174
0.00094232 0.003337 2.4212e-07 2.2651e-06 0.0072188
0.00094569 0.0033402 2.3977e-07 2.1139e-06 0.0072203
0.00094913 0.0033436 2.3881e-07 1.9778e-06 0.0072218
0.00095255 0.0033469 2.3623e-07 1.8336e-06 0.0072233
0.00095603 0.0033504 2.3503e-07 1.7034e-06 0.0072248
0.00095949 0.0033539 2.3228e-07 1.8532e-06 0.0072263
0.00096292 0.0033573 2.2799e-07 1.9954e-06 0.0072277
0.00096643 0.003361 2.2514e-07 2.1536e-06 0.0072292
0.00097 0.0033648 2.2328e-07 2.3258e-06 0.0072307
0.00097354 0.0033685 2.1983e-07 2.4892e-06 0.0072322
0.00097706 0.0033722 2.1487e-07 2.6425e-06 0.0072337
0.00098055 0.0033758 2.0839e-07 2.7879e-06 0.0072352
0.00098411 0.0033796 2.032e-07 2.9501e-06 0.0072367
0.00098764 0.0033836 1.9644e-07 3.1034e-06 0.0072382
0.00099115 0.0033876 1.8809e-07 3.2481e-06 0.0072397
0.00099462 0.0033915 1.7815e-07 3.384e-06 0.0072411
0.00099817 0.0033956 1.6949e-07 3.5371e-06 0.0072426
0.0010017 0.0033996 1.5926e-07 3.6812e-06 0.0072441
0.0010053 0.0034039 1.5024e-07 3.8434e-06 0.0072456
0.001009 0.0034084 1.4231e-07 4.0252e-06 0.0072471
0.0010127 0.0034127 1.3541e-07 4.2288e-06 0.0072486
0.0010164 0.0034171 1.2699e-07 4.4218e-06 0.0072501
0.0010201 0.0034213 1.1712e-07 6.5121e-06 0.0072516
0.0010239 0.0034258 1.0823e-07 8.8184e-06 0.0072531
0.0010277 0.0034305 9.9953e-08 1.1327e-05 0.0072546
0.0010316 0.0034353 9.2213e-08 1.4056e-05 0.0072561
0.0010355 0.0034401 8.3042e-08 1.6707e-05 0.0072576
0.0010394 0.0034451 7.4582e-08 1.9631e-05 0.0072591
0.0010435 0.0034503 6.6735e-08 2.2856e-05 0.0072606
0.0010476 0.0034558 5.9409e-08 2.6414e-05 0.0072622
0.0010518 0.0034615 5.2523e-08 3.034e-05 0.0072637
0.0010561 0.0034674 4.6025e-08 3.4685e-05 0.0072653
0.0010603 0.0034732 3.8092e-08 3.8866e-05 0.0072668
0.0010645 0.0034788 2.8201e-08 4.2744e-05 0.0072683
0.0010685 0.0034848 3.3711e-08 4.6299e-05 0.0072699
0.0010725 0.0034906 8.0666e-08 4.9591e-05 0.0072714
0.0010765 0.0034961 1.2295e-07 5.2644e-05 0.0072729
0.0010804 0.0035016 1.6126e-07 5.5503e-05 0.0072744
0.0010843 0.0035072 2.0283e-07 5.8626e-05 0.0072759
0.0010882 0.0035127 2.4204e-07 6.1657e-05 0.0072774
