Dromaius_novaehollandiae Dryobates_pubescens Egretta_garzetta Falco_peregrinus Falco_tinnunculus
0.00052751 5.2711e-06 1.2458e-05 0.00085909 0.011708
0.0005248 4.7723e-06 1.2001e-05 0.00085377 0.011715
0.00052214 4.3111e-06 1.1575e-05 0.00084849 0.011723
0.00051945 3.8363e-06 1.1139e-05 0.00084319 0.011731
0.00051682 3.405e-06 1.0739e-05 0.00083793 0.011738
0.00051415 2.9508e-06 1.032e-05 0.00083264 0.011746
0.00051154 2.5482e-06 9.9453e-06 0.00082741 0.011754
0.00050901 2.2026e-06 9.6211e-06 0.00082225 0.011762
0.00050643 1.8161e-06 9.2645e-06 0.00081705 0.01177
0.00050381 1.3999e-06 8.8821e-06 0.0008118 0.011778
0.00050127 1.043e-06 8.5515e-06 0.00080663 0.011786
0.00049879 7.2972e-07 8.2598e-06 0.00080152 0.011794
0.00049626 3.8982e-07 7.9442e-06 0.00079636 0.011802
0.0004937 3.394e-07 7.6055e-06 0.00079116 0.01181
0.00049121 2.9639e-07 7.3134e-06 0.0007859 0.011818
0.00048878 2.587e-07 7.0565e-06 0.00078071 0.011826
0.00048631 2.1587e-07 6.7777e-06 0.00077547 0.011834
0.0004839 1.7857e-07 6.5324e-06 0.00077029 0.011842
0.00048155 1.456e-07 6.3171e-06 0.00076518 0.01185
0.00047927 1.1712e-07 6.1331e-06 0.00076014 0.011859
0.00047704 2.2435e-08 5.9728e-06 0.00075505 0.011867
0.00047488 7.7679e-09 5.8045e-06 0.00074992 0.011875
0.00047268 6.5553e-09 5.6222e-06 0.00074486 0.011884
0.00047053 4.7846e-09 5.4629e-06 0.00073986 0.011892
0.00046835 9.1039e-09 5.2888e-06 0.00073481 0.011901
0.00046613 1.1926e-08 5.101e-06 0.00072972 0.011909
0.00046398 1.4546e-08 4.9401e-06 0.0007247 0.011918
0.00046179 3.9968e-08 4.7644e-06 0.00071963 0.011927
0.00045956 6.2485e-08 4.5747e-06 0.00071452 0.011935
0.00045738 8.7432e-08 4.4082e-06 0.00070947 0.011944
0.00045527 1.1527e-07 4.2626e-06 0.00070449 0.011953
0.00045322 1.478e-07 4.1389e-06 0.00069957 0.011962
0.00045122 1.8448e-07 4.032e-06 0.00069472 0.011971
0.00044346 3.4843e-07 3.6701e-06 0.00067554 0.012008
0.00044157 3.9452e-07 3.5918e-06 0.0006708 0.012018
0.00043964 4.3578e-07 3.5051e-06 0.00066601 0.012027
0.00043777 4.7244e-07 3.4081e-06 0.00066118 0.012036
0.00043586 5.161e-07 3.3272e-06 0.00065642 0.012046
0.000434 5.6644e-07 3.2587e-06 0.00065172 0.012056
0.0004322 5.6723e-07 2.9969e-06 0.00064709 0.012066
0.00043046 5.6442e-07 2.7164e-06 0.00064241 0.012075
0.00042877 5.6526e-07 2.4679e-06 0.0006378 0.012085
0.00042713 5.7059e-07 2.2524e-06 0.0006336 0.012079
0.00042554 5.7968e-07 2.0616e-06 0.00062946 0.012072
0.00042392 5.8477e-07 1.855e-06 0.00062527 0.012066
0.00042227 5.8621e-07 1.6334e-06 0.00062105 0.012059
0.00042067 5.9225e-07 1.4409e-06 0.00061689 0.012052
0.00041912 5.5162e-07 1.3914e-06 0.00061268 0.012046
0.00041762 5.168e-07 1.3494e-06 0.00060852 0.012039
0.00041616 4.8716e-07 1.3142e-06 0.00060441 0.012033
0.00041475 4.6216e-07 1.2853e-06 0.00060036 0.012027
0.0004134 4.422e-07 1.2634e-06 0.00059636 0.012021
0.00041201 4.1812e-07 1.2365e-06 0.00059232 0.012015
0.00041067 3.988e-07 1.2164e-06 0.00058834 0.012009
0.00040939 3.7461e-07 1.1914e-06 0.00058432 0.012003
0.00040807 3.4304e-07 1.1613e-06 0.00058026 0.011997
0.0004068 3.1579e-07 1.137e-06 0.00057625 0.011991
0.0004055 2.8429e-07 1.1077e-06 0.00057219 0.011985
0.00040416 2.4835e-07 1.0733e-06 0.0005681 0.011979
0.00040279 2.0817e-07 1.0342e-06 0.00056396 0.011973
0.00040146 1.7272e-07 1.001e-06 0.00055988 0.011967
0.0004001 1.328e-07 9.6279e-07 0.00055575 0.011961
0.00039871 1.3727e-07 9.1974e-07 0.00055159 0.011954
0.00039729 1.3938e-07 8.7173e-07 0.00054739 0.011948
0.00039592 1.4278e-07 8.301e-07 0.00054324 0.011942
0.00039451 1.4382e-07 7.8366e-07 0.00053905 0.011936
0.00039316 1.4658e-07 7.4445e-07 0.00053492 0.01193
0.00039178 1.4696e-07 7.0063e-07 0.00053075 0.011924
0.00039044 1.4866e-07 6.6249e-07 0.00052663 0.011918
0.00038915 1.5172e-07 6.2949e-07 0.00052256 0.011912
0.0003879 1.5619e-07 6.0115e-07 0.00051854 0.011907
0.00038669 1.6215e-07 5.7705e-07 0.00051457 0.011901
0.00038545 1.6546e-07 5.4887e-07 0.00051056 0.011896
0.00038417 1.6613e-07 5.1646e-07 0.0005065 0.01189
0.00038287 1.6418e-07 4.7965e-07 0.0005024 0.011884
0.00038161 2.1522e-07 4.3827e-07 0.00049827 0.011879
0.00038033 2.6096e-07 3.9212e-07 0.00049409 0.011873
0.0003791 3.1417e-07 3.5215e-07 0.00048997 0.011867
0.00037791 3.7606e-07 3.1751e-07 0.0004859 0.011862
0.00037678 4.4794e-07 2.8745e-07 0.0004818 0.011856
0.00037561 5.1385e-07 2.5409e-07 0.00047765 0.01185
0.00037443 5.7479e-07 2.1768e-07 0.00047348 0.011845
0.00037328 6.4468e-07 1.8515e-07 0.00046935 0.011839
0.00037212 7.1011e-07 2.023e-07 0.0004652 0.011833
0.00037098 7.8193e-07 2.2072e-07 0.00046109 0.011828
0.00036988 8.5272e-07 2.3814e-07 0.000457 0.011822
0.00036875 9.225e-07 2.5457e-07 0.00045289 0.011817
0.00036762 9.9125e-07 2.7001e-07 0.00044877 0.011812
0.00036651 1.059e-06 2.8445e-07 0.00044464 0.011806
0.00036538 1.1257e-06 2.9791e-07 0.0004405 0.011801
0.00036428 1.1914e-06 3.1036e-07 0.00043635 0.011795
0.0003632 1.256e-06 3.2183e-07 0.0004322 0.01179
0.00036211 1.3197e-06 3.3229e-07 0.00042804 0.011784
0.00036105 1.3823e-06 3.4177e-07 0.00042387 0.011779
0.00035997 1.4439e-06 3.5025e-07 0.00041969 0.011774
0.00035892 1.5044e-06 3.5774e-07 0.00041551 0.011768
0.00035785 1.564e-06 3.6424e-07 0.00041132 0.011763
0.00035682 1.6225e-06 3.6974e-07 0.00040713 0.011757
0.00035582 1.68e-06 3.7425e-07 0.00040292 0.011752
0.00035486 1.7365e-06 3.7776e-07 0.00039871 0.011747
0.00035387 1.792e-06 3.8028e-07 0.00039449 0.011741
0.00035286 1.8464e-06 3.8181e-07 0.00039027 0.011736
0.00035189 1.8998e-06 3.8234e-07 0.00038604 0.011731
0.00035094 1.9522e-06 3.8188e-07 0.0003818 0.011725
0.00035003 2.0036e-06 3.8043e-07 0.00037755 0.01172
0.0003491 2.0539e-06 3.7798e-07 0.0003733 0.011715
0.00034814 2.1033e-06 3.7454e-07 0.00036903 0.011709
0.00034723 2.1516e-06 3.7011e-07 0.00036477 0.011704
0.00034629 2.1989e-06 3.6468e-07 0.00036049 0.011699
0.00034539 2.2563e-06 3.6142e-07 0.00035621 0.011693
0.00034446 2.3076e-06 3.5575e-07 0.00035192 0.011688
0.00034351 2.3518e-06 3.4732e-07 0.00034762 0.011683
0.00034253 2.3887e-06 3.3596e-07 0.00034328 0.011677
0.00034159 2.7531e-06 3.215e-07 0.00033891 0.011672
0.00034063 3.1798e-06 3.1006e-07 0.00033458 0.011667
0.00033971 3.309e-06 3.0142e-07 0.00033032 0.011662
0.00033876 3.4264e-06 2.9007e-07 0.00032602 0.011656
0.00033786 3.5673e-06 2.814e-07 0.00032207 0.011628
0.00033699 3.7271e-06 2.7431e-07 0.00031815 0.011599
0.0003361 3.881e-06 2.656e-07 0.00031422 0.011571
0.00033524 4.0511e-06 2.58e-07 0.00031032 0.011542
0.00033437 4.2151e-06 2.4881e-07 0.0003064 0.011514
0.00033352 4.3962e-06 2.4059e-07 0.0003025 0.011486
0.0003327 4.3736e-06 2.3328e-07 0.00029863 0.011458
0.00033186 4.3476e-06 2.2449e-07 0.00029474 0.01143
0.00033104 4.3283e-06 2.1629e-07 0.00029087 0.011402
0.00033021 4.3055e-06 2.0655e-07 0.00028699 0.011375
0.00032941 4.2906e-06 1.9765e-07 0.00028313 0.011347
0.00032863 4.2837e-06 1.8953e-07 0.0002793 0.01132
0.00032786 4.2833e-06 1.8188e-07 0.00027548 0.011293
0.00032709 4.2793e-06 1.7272e-07 0.00027165 0.011265
0.0003263 4.272e-06 1.6211e-07 0.0002678 0.011238
0.00032553 4.2712e-06 1.5196e-07 0.00026397 0.011211
0.00032475 4.2672e-06 1.4038e-07 0.00026013 0.011184
0.00032396 4.2597e-06 1.2732e-07 0.00025627 0.011157
0.00032314 4.2628e-06 1.1545e-07 0.00025244 0.01113
0.00032235 4.2753e-06 1.0438e-07 0.00024864 0.011103
0.00032154 4.2819e-06 9.1477e-08 0.00024482 0.011077
0.00032077 4.2998e-06 7.964e-08 0.00024103 0.01105
0.00031997 4.3104e-06 6.5755e-08 0.00023722 0.011024
0.00031914 4.3136e-06 4.9767e-08 0.00023337 0.010997
0.00031829 4.1969e-06 5.4515e-08 0.00022948 0.01097
0.00031746 4.0955e-06 5.941e-08 0.00022563 0.010944
0.00031666 4.0052e-06 6.426e-08 0.0002218 0.010917
0.00031589 3.9271e-06 6.9272e-08 0.00021799 0.010891
0.0003151 3.8433e-06 7.2837e-08 0.00021417 0.010865
0.00031434 3.7714e-06 7.6621e-08 0.00021037 0.010839
0.00031361 3.6645e-06 8.0967e-08 0.00020654 0.010813
0.00031291 3.5725e-06 8.5751e-08 0.00020275 0.010787
0.00031219 3.4709e-06 8.8722e-08 0.00019892 0.010761
0.0003115 3.3843e-06 9.2218e-08 0.00019506 0.010735
0.00031085 3.3132e-06 9.6503e-08 0.00019123 0.01071
0.00031024 3.256e-06 1.0164e-07 0.00018745 0.010684
0.00030959 3.1904e-06 1.0461e-07 0.00018364 0.010659
0.00030894 3.1207e-06 1.062e-07 0.0001798 0.010633
0.0003083 3.0584e-06 1.0782e-07 0.00017599 0.010607
0.00030766 2.9922e-06 1.0808e-07 0.00017219 0.010582
0.00030703 2.9343e-06 1.0854e-07 0.00016842 0.010557
0.00030639 2.8728e-06 1.0764e-07 0.00016463 0.010532
0.00030574 2.8078e-06 1.0542e-07 0.00016082 0.010507
0.00030511 2.7509e-06 1.0339e-07 0.00015703 0.010482
0.00030447 2.6904e-06 1.0001e-07 0.00015323 0.010457
0.00030382 2.6265e-06 9.53e-08 0.00014941 0.010432
0.00030319 2.5692e-06 9.0611e-08 0.00014561 0.010407
0.00030254 2.5083e-06 8.4566e-08 0.00014179 0.010382
0.00030188 2.4438e-06 7.716e-08 0.00013795 0.010357
0.00030125 2.3871e-06 6.9949e-08 0.00013414 0.010332
0.00030059 2.3244e-06 6.1043e-08 0.0001303 0.010308
0.0002999 2.3527e-06 4.9955e-08 0.00012643 0.010283
0.00029926 2.368e-06 5.9732e-08 0.0001226 0.010258
0.00029866 2.377e-06 6.483e-08 0.00011874 0.010233
0.0002981 2.3966e-06 6.8034e-08 0.00011915 0.010208
0.00029755 2.4213e-06 7.1113e-08 0.00011956 0.010182
0.00029699 2.4429e-06 7.2888e-08 0.00011995 0.010157
0.00029643 2.4614e-06 7.3361e-08 0.00012033 0.010131
0.00029584 2.4769e-06 7.2532e-08 0.0001207 0.010106
0.00029525 2.4894e-06 7.04e-08 0.00012105 0.01008
0.00029464 2.4986e-06 6.6933e-08 0.00012139 0.010055
0.00029403 2.5049e-06 6.2178e-08 0.00012171 0.010029
0.0002934 2.5083e-06 5.6145e-08 0.00012202 0.010003
0.00029276 2.509e-06 4.8832e-08 0.00012231 0.0099778
0.00029214 2.5144e-06 4.1378e-08 0.00012261 0.0099523
0.0002915 2.5167e-06 3.2604e-08 0.00012288 0.0099268
0.0002909 2.5126e-06 4.0443e-08 0.00012317 0.0099015
0.00029028 2.5054e-06 4.6981e-08 0.00012344 0.0098762
0.00028969 2.504e-06 5.3466e-08 0.00012372 0.0098511
0.00028908 2.4998e-06 5.8688e-08 0.00012398 0.0098259
0.00028847 2.4928e-06 6.265e-08 0.00012423 0.0098008
0.00028784 2.4829e-06 6.5353e-08 0.00012446 0.0097756
0.00028723 2.4789e-06 6.8014e-08 0.00012469 0.0097506
0.00028664 2.4796e-06 7.0504e-08 0.00012493 0.0097258
0.00028604 2.4772e-06 7.1695e-08 0.00012515 0.0097009
0.00028543 2.4721e-06 7.1613e-08 0.00012535 0.009676
0.00028484 2.4727e-06 7.1523e-08 0.00012556 0.0096513
0.00028423 2.4696e-06 7.0029e-08 0.00012575 0.0096266
0.00028367 2.4919e-06 6.6753e-08 0.00012595 0.0096021
0.00028307 2.5266e-06 6.3911e-08 0.00012616 0.0095779
0.00028251 2.5737e-06 6.1696e-08 0.00012638 0.009554
0.00028198 2.632e-06 5.9912e-08 0.00012661 0.0095304
0.00028144 2.6869e-06 5.6863e-08 0.00012682 0.0095067
0.00028092 2.7496e-06 5.3717e-08 0.00012703 0.0094832
0.00028042 2.6736e-06 5.0451e-08 0.00012725 0.0094599
0.00027994 2.6062e-06 4.7043e-08 0.00012746 0.0094367
0.00027945 2.5351e-06 7.7289e-08 0.00012767 0.0094135
0.00027895 2.4602e-06 1.0578e-07 0.00012786 0.0093903
0.00027846 2.3922e-06 1.3555e-07 0.00012805 0.0093673
0.00027799 2.3308e-06 1.6675e-07 0.00012823 0.0093444
0.00027754 2.2756e-06 1.9954e-07 0.00012842 0.0093216
0.00027707 2.2172e-06 2.3054e-07 0.0001286 0.0092989
0.0002766 2.1553e-06 2.5966e-07 0.00012876 0.0092761
0.0002761 2.0888e-06 2.8654e-07 0.0001289 0.0092532
0.00027563 2.0288e-06 3.1513e-07 0.00012905 0.0092305
0.00027514 1.9654e-06 3.4185e-07 0.00012918 0.0092078
0.00027467 1.9084e-06 3.7039e-07 0.00012931 0.0091852
0.00027422 1.8581e-06 4.0132e-07 0.00012944 0.0091628
0.00027376 1.8045e-06 4.3021e-07 0.00012956 0.0091404
0.00027332 1.758e-06 4.6198e-07 0.00012968 0.0091182
0.00027292 1.7048e-06 4.9003e-07 0.00012981 0.0090962
0.00027255 1.6419e-06 5.1415e-07 0.00012996 0.0090746
0.00027222 1.5891e-06 5.4225e-07 0.00013011 0.0090531
0.00027192 1.5469e-06 5.7558e-07 0.00013028 0.009032
0.00027163 1.5102e-06 6.1195e-07 0.00013044 0.009011
0.00027137 1.4781e-06 6.5127e-07 0.00013061 0.0089901
0.0002711 1.4439e-06 6.8828e-07 0.00013076 0.0089693
0.00027084 1.4146e-06 7.2872e-07 0.00013091 0.0089485
0.0002706 1.3899e-06 7.7285e-07 0.00013107 0.008928
0.00027039 1.3696e-06 8.2098e-07 0.00013123 0.0089076
0.00027019 1.3467e-06 8.6665e-07 0.00013137 0.0088872
0.00027001 1.3281e-06 9.1654e-07 0.00013152 0.0088669
0.00026984 1.3128e-06 9.7019e-07 0.00013166 0.0088468
0.00026969 1.301e-06 1.0281e-06 0.00013181 0.0088268
0.00026957 1.2954e-06 1.0944e-06 0.00013196 0.008807
0.00026944 1.2871e-06 1.1577e-06 0.0001321 0.0087872
0.0002693 1.2763e-06 1.2181e-06 0.00013223 0.0087674
0.00026918 1.2694e-06 1.1881e-06 0.00013235 0.0087477
0.00026904 1.2603e-06 1.1559e-06 0.00013247 0.0087281
0.00026893 1.2549e-06 1.1275e-06 0.00013258 0.0087085
0.0002688 1.247e-06 1.0967e-06 0.00013268 0.008689
0.00026869 1.2422e-06 1.0688e-06 0.00013279 0.0086695
0.00026859 1.2405e-06 1.0436e-06 0.00013289 0.0086502
0.00026851 1.2419e-06 1.0212e-06 0.00013299 0.0086311
0.00026842 1.241e-06 9.965e-07 0.00013308 0.0086119
0.00026834 1.2375e-06 9.6961e-07 0.00013315 0.0085927
0.00026828 1.2371e-06 9.4533e-07 0.00013322 0.0085736
0.00026822 1.2342e-06 9.1886e-07 0.00013328 0.0085545
0.00026813 1.2289e-06 8.9019e-07 0.00013333 0.0085353
0.00026807 1.2273e-06 8.6473e-07 0.00013337 0.0085163
0.00026803 1.23e-06 8.4267e-07 0.00013342 0.0084975
0.00026803 1.2019e-06 8.1658e-07 0.00013345 0.0084786
0.00026806 1.1813e-06 7.9581e-07 0.00013349 0.0084599
0.00026811 1.1559e-06 7.7132e-07 0.00013351 0.0084412
0.00026815 1.1258e-06 7.4316e-07 0.00013351 0.0084223
0.00026822 1.1029e-06 7.2011e-07 0.00013352 0.0084037
0.00026831 1.0852e-06 7.007e-07 0.00013354 0.0083853
0.00026838 1.0631e-06 6.7778e-07 0.00013353 0.0083668
0.00026843 1.0361e-06 6.5107e-07 0.00013351 0.0083481
0.00026846 1.004e-06 6.2044e-07 0.00013346 0.0083294
0.00026851 9.7826e-07 5.9424e-07 0.00013343 0.008311
0.00026854 9.4708e-07 5.6384e-07 0.00013337 0.0082924
0.00026854 9.1027e-07 5.2908e-07 0.00013329 0.0082737
0.00026858 8.8111e-07 4.9976e-07 0.00013321 0.0082552
0.0002686 8.4653e-07 4.6623e-07 0.00013312 0.0082366
0.00026865 8.1926e-07 4.3783e-07 0.00013304 0.0082183
0.00026867 7.8726e-07 4.7392e-07 0.00013294 0.0081999
0.00026873 7.5038e-07 5.061e-07 0.00013281 0.0081814
0.00026875 7.1912e-07 5.4259e-07 0.0001327 0.008163
0.0002688 6.9087e-07 5.8179e-07 0.00013258 0.0081449
0.00026883 6.6594e-07 6.2446e-07 0.00013247 0.0081268
0.00026888 6.3871e-07 6.6485e-07 0.00013234 0.0081088
0.00026892 6.0915e-07 7.0297e-07 0.0001322 0.0080907
0.00026898 5.8276e-07 7.4463e-07 0.00013206 0.0080727
0.00026903 5.5407e-07 7.8395e-07 0.00013191 0.0080547
0.00026909 5.285e-07 8.2716e-07 0.00013176 0.0080369
0.00026919 5.0729e-07 8.7659e-07 0.00013161 0.0080193
0.00026926 4.9083e-07 8.6874e-07 0.00013148 0.0080019
0.00026931 4.7136e-07 8.5793e-07 0.00013133 0.0079844
0.00026939 4.5533e-07 8.5081e-07 0.00013116 0.0079669
0.00026946 4.3664e-07 8.4105e-07 0.00013097 0.0079493
0.00026954 4.2115e-07 8.3483e-07 0.00013079 0.0079319
0.0002696 4.098e-07 8.3343e-07 0.00013062 0.0079148
0.00026969 4.0232e-07 8.3681e-07 0.00013046 0.0078978
0.00026976 3.9125e-07 8.3624e-07 0.00013028 0.0078808
0.00026981 3.7768e-07 8.3303e-07 0.00013009 0.0078637
0.00026988 3.6591e-07 8.322e-07 0.00012989 0.0078467
0.00026993 3.5185e-07 8.2896e-07 0.00012968 0.0078297
0.00027001 3.3971e-07 8.2832e-07 0.00012947 0.0078129
0.00027012 3.3107e-07 8.3243e-07 0.00012928 0.0077962
0.00027026 3.257e-07 8.4137e-07 0.00012909 0.0077798
0.00027044 3.2348e-07 8.5534e-07 0.00012888 0.0077633
0.00027066 3.2437e-07 8.7461e-07 0.00012868 0.007747
0.00027085 3.2227e-07 8.9e-07 0.00012846 0.0077306
0.00027102 3.1718e-07 9.0154e-07 0.00012822 0.0077141
0.00027122 3.1518e-07 9.1843e-07 0.00012799 0.0076978
0.0002714 3.0997e-07 9.3104e-07 0.00012774 0.0076815
0.00027144 3.0174e-07 9.3982e-07 0.00012746 0.007665
0.00027146 2.9047e-07 9.4478e-07 0.0001272 0.0076488
0.00027151 2.8237e-07 9.5499e-07 0.00012695 0.0076328
0.00027159 2.7723e-07 9.7067e-07 0.00012671 0.0076169
0.00027165 2.6833e-07 9.8202e-07 0.00012645 0.007601
0.00027174 2.6176e-07 9.9798e-07 0.00012619 0.0075853
0.00027181 2.5227e-07 1.0195e-06 0.00012592 0.0075695
0.00027189 2.4375e-07 1.0438e-06 0.00012564 0.0075538
0.00027196 2.3349e-07 1.0659e-06 0.00012535 0.0075381
0.00027204 2.2406e-07 1.0906e-06 0.00012506 0.0075225
0.00027212 2.1298e-07 1.1133e-06 0.00012476 0.0075069
0.00027218 2.0023e-07 1.1338e-06 0.00012444 0.0074913
0.00027226 1.883e-07 1.1571e-06 0.00012412 0.0074757
0.00027233 1.7464e-07 1.1782e-06 0.00012379 0.0074602
0.00027242 1.6206e-07 1.2026e-06 0.00012346 0.0074447
0.00027252 1.5049e-07 1.2308e-06 0.00012313 0.0074294
0.00027262 1.371e-07 1.2564e-06 0.00012279 0.0074141
0.00027274 1.2516e-07 1.2871e-06 0.00012245 0.0073989
0.00027289 1.1518e-07 1.3252e-06 0.00012212 0.007384
0.00027302 1.0241e-07 1.3585e-06 0.00012178 0.0073689
0.00027313 1.2127e-07 1.387e-06 0.00012141 0.0073538
0.00027327 1.4301e-07 1.4231e-06 0.00012105 0.0073389
0.00027339 1.6166e-07 1.4539e-06 0.00012067 0.0073239
0.00027354 1.8335e-07 1.4924e-06 0.0001203 0.007309
0.00027373 2.0866e-07 1.5393e-06 0.00011994 0.0072944
0.00027389 2.3061e-07 1.5808e-06 0.00011956 0.0072797
0.00027403 2.4933e-07 1.6169e-06 0.00012311 0.0072636
0.00027421 2.7175e-07 1.6617e-06 0.0001267 0.0072478
0.00027437 2.9061e-07 1.7005e-06 0.00013032 0.0072321
0.00027455 3.1181e-07 1.7453e-06 0.00013397 0.0072166
0.00027472 3.3097e-07 1.7871e-06 0.00013761 0.0072011
0.00027491 3.5181e-07 1.8336e-06 0.00014126 0.0071857
0.00027508 3.7054e-07 1.8769e-06 0.00014489 0.0071703
0.00027528 3.4287e-07 1.9261e-06 0.00014855 0.007155
0.00027545 3.1251e-07 1.9713e-06 0.00015218 0.0071396
0.00027562 2.7938e-07 2.0124e-06 0.00015579 0.0071242
0.00027581 1.6149e-07 1.9746e-06 0.00015944 0.007109
0.00027603 5.9363e-08 1.9456e-06 0.00016312 0.007094
0.00027625 4.9548e-08 1.9135e-06 0.00016679 0.0070789
0.00027648 3.9928e-08 1.8858e-06 0.00017047 0.007064
0.0002767 2.8814e-08 1.8554e-06 0.00017414 0.007049
0.00027693 1.7866e-08 1.8297e-06 0.00017783 0.0070342
0.00027716 2.3432e-08 1.8015e-06 0.0001815 0.0070193
0.0002774 2.8614e-08 1.777e-06 0.00018519 0.0070045
0.00027767 3.3493e-08 1.7564e-06 0.0001889 0.0069899
0.00027795 3.8346e-08 1.741e-06 0.00019263 0.0069754
0.00027822 4.1606e-08 1.7218e-06 0.00019635 0.0069608
0.00027851 4.5087e-08 1.7087e-06 0.00020009 0.0069465
0.00027884 4.6623e-08 1.7031e-06 0.00020388 0.0069323
0.0002792 4.8308e-08 1.7029e-06 0.0002077 0.0069182
0.00027954 4.8191e-08 1.6982e-06 0.0002115 0.0069041
0.00027985 4.624e-08 1.6888e-06 0.00021525 0.0068899
0.0002802 4.4799e-08 1.6866e-06 0.00021906 0.0068759
0.00028051 4.3831e-08 1.6014e-06 0.00022282 0.0068618
0.00028085 4.2577e-08 1.5227e-06 0.0002266 0.0068478
0.0002812 4.0996e-08 1.4496e-06 0.0002304 0.0068339
0.00028153 3.8084e-08 1.3736e-06 0.00023419 0.0068199
0.00028189 3.4844e-08 1.3031e-06 0.000238 0.0068061
0.00028223 3.025e-08 1.2295e-06 0.00024178 0.0067923
0.00028256 2.4301e-08 1.1528e-06 0.00024555 0.0067784
0.00028291 1.8001e-08 1.0814e-06 0.00024934 0.0067646
0.00028324 2.7083e-08 1.0072e-06 0.00025312 0.0067508
0.00028356 3.4764e-08 9.2992e-07 0.00025687 0.006737
0.00028391 4.2434e-08 8.5887e-07 0.00026065 0.0067234
0.00028427 4.9988e-08 7.9257e-07 0.00026445 0.0067098
0.00028462 5.6081e-08 7.2327e-07 0.00026824 0.0066961
0.000285 6.2766e-08 6.6189e-07 0.00027206 0.0066827
0.0002854 6.9727e-08 6.0579e-07 0.00027591 0.0066694
0.00028582 7.6716e-08 5.5328e-07 0.00027978 0.0066561
0.00028625 8.3973e-08 5.0476e-07 0.00028367 0.006643
0.00028671 9.1554e-08 4.599e-07 0.00028759 0.00663
0.00028719 9.9529e-08 4.184e-07 0.00029154 0.0066171
0.00028766 1.059e-07 3.5106e-07 0.00029546 0.0066041
0.00028811 1.107e-07 2.8088e-07 0.00029937 0.0065912
0.0002886 1.1276e-07 2.796e-07 0.00030333 0.0065784
0.00028913 1.0685e-07 2.8066e-07 0.00030734 0.0065658
0.00028964 9.8649e-08 2.7919e-07 0.00031132 0.0065532
0.00029012 8.7539e-08 3.4852e-07 0.00031525 0.0065404
0.0002894 7.8046e-08 4.2792e-07 0.00031924 0.0065278
0.00028868 6.7032e-08 5.0447e-07 0.00032321 0.0065153
0.00028797 5.6217e-08 5.8608e-07 0.0003272 0.0065028
0.00028728 4.5589e-08 6.7317e-07 0.00033122 0.0064904
0.00028658 3.3463e-08 7.5709e-07 0.00033521 0.0064779
0.00028589 2.1402e-08 8.4672e-07 0.00033923 0.0064656
0.0002852 2.7594e-08 9.3308e-07 0.00034323 0.0064533
0.00028452 3.346e-08 1.0254e-06 0.00034726 0.006441
0.00028383 3.7952e-08 1.1144e-06 0.00035126 0.0064287
0.00028316 4.2494e-08 1.1177e-06 0.0003553 0.0064166
0.00028253 4.7317e-08 1.1254e-06 0.00035939 0.0064046
0.00028193 5.2522e-08 1.1377e-06 0.00036351 0.0063927
0.00028136 5.8248e-08 1.155e-06 0.00036769 0.006381
0.00028076 6.1893e-08 1.1677e-06 0.00037182 0.0063692
0.0002802 6.6096e-08 1.1188e-06 0.000376 0.0063575
0.00027967 7.1231e-08 1.0781e-06 0.00038023 0.006346
0.00027913 7.4753e-08 1.0342e-06 0.00038444 0.0063345
0.00027861 7.8587e-08 9.9517e-07 0.00038868 0.0063231
0.00027812 8.2597e-08 9.5998e-07 0.00039296 0.0063118
0.00027764 8.6815e-08 9.2839e-07 0.00039726 0.0063006
0.00027718 9.1265e-08 9.0013e-07 0.0004016 0.0062895
0.00027674 9.5789e-08 8.7444e-07 0.00040596 0.0062785
0.00027629 9.882e-08 8.4658e-07 0.0004103 0.0062674
0.00027585 1.0214e-07 8.2176e-07 0.00041467 0.0062565
0.00027541 1.04e-07 7.9493e-07 0.00041903 0.0062455
0.00027498 1.0596e-07 7.7046e-07 0.00042341 0.0062347
0.00027454 1.0643e-07 7.4388e-07 0.00042778 0.0062238
0.00027412 1.07e-07 7.1957e-07 0.00043216 0.006213
0.00027368 1.0607e-07 6.9319e-07 0.00043654 0.0062021
0.00027324 1.0364e-07 6.6473e-07 0.00044089 0.0061913
0.00027281 1.0151e-07 6.39e-07 0.00044527 0.0061805
0.00027237 9.7883e-08 6.1122e-07 0.00044964 0.0061697
0.00027195 9.4541e-08 5.8606e-07 0.00045404 0.0061591
0.00027152 1.4468e-07 5.5898e-07 0.00045842 0.0061484
0.00027111 1.9804e-07 5.3391e-07 0.00046282 0.0061377
0.00027071 2.5498e-07 5.1072e-07 0.00046725 0.0061272
0.00027033 3.1581e-07 4.8928e-07 0.00047171 0.0061168
0.00026996 3.8092e-07 4.6949e-07 0.0004762 0.0061064
0.00026958 4.4334e-07 4.4792e-07 0.00048067 0.006096
0.00026922 5.1032e-07 4.2793e-07 0.00048512 0.0060856
0.00026885 5.743e-07 4.0608e-07 0.00048955 0.0060752
0.00026849 6.4413e-07 3.8613e-07 0.00049402 0.0060648
0.00026815 7.193e-07 3.6757e-07 0.00049851 0.0060546
0.0002678 7.912e-07 3.4722e-07 0.00050298 0.0060443
0.00026747 8.6992e-07 3.2856e-07 0.00050749 0.0060341
0.00026716 9.5611e-07 3.1147e-07 0.00051203 0.006024
0.00026683 1.0387e-06 2.9265e-07 0.00051655 0.0060139
0.00026653 1.1293e-06 2.7532e-07 0.00052111 0.0060039
0.00026624 1.2273e-06 2.5902e-07 0.00052569 0.005994
0.00026597 1.3348e-06 2.4402e-07 0.00053031 0.0059841
0.00026572 1.4528e-06 2.3018e-07 0.00053496 0.0059744
0.00026546 1.5667e-06 2.148e-07 0.0005396 0.0059646
0.00026521 1.6899e-06 2.0021e-07 0.00054426 0.0059549
0.00026495 1.8085e-06 1.8402e-07 0.00054891 0.0059452
0.00026471 1.937e-06 1.6857e-07 0.00055353 0.0059355
0.00026445 2.0607e-06 1.5152e-07 0.00055814 0.0059257
0.00026422 2.1969e-06 1.3549e-07 0.00056279 0.0059161
0.00026401 2.3515e-06 1.21e-07 0.00056748 0.0059065
0.00026382 2.3621e-06 1.0756e-07 0.00057222 0.0058971
0.00026362 2.368e-06 9.2181e-08 0.00057693 0.0058876
0.00026345 2.3827e-06 1.0334e-07 0.00058169 0.0058783
0.00026326 2.3905e-06 1.1221e-07 0.00058642 0.0058688
0.0002631 2.4088e-06 1.226e-07 0.0005912 0.0058596
0.00026292 2.4207e-06 1.308e-07 0.00059595 0.0058502
0.00026277 2.4265e-06 1.369e-07 0.00060066 0.0058409
0.00026265 2.4269e-06 1.4106e-07 0.00060533 0.0058314
0.00026256 2.4363e-06 1.4636e-07 0.00061007 0.0058221
0.00026245 2.4408e-06 1.4983e-07 0.00061477 0.0058128
0.00026232 2.4401e-06 1.514e-07 0.00061943 0.0058034
0.00026222 2.4473e-06 1.5387e-07 0.00062415 0.0057941
0.00026214 2.4604e-06 1.5685e-07 0.00062891 0.0057849
0.00026204 2.47e-06 1.583e-07 0.00063364 0.0057757
0.00026193 2.4864e-06 1.6041e-07 0.00063842 0.0057665
0.00026181 2.4995e-06 1.6105e-07 0.00064317 0.0057574
0.00026167 2.5094e-06 1.602e-07 0.00064791 0.0057482
0.00026156 2.5273e-06 1.6028e-07 0.00065269 0.0057392
0.00026147 2.5517e-06 1.6091e-07 0.00065752 0.0057302
0.00026137 2.5716e-06 1.5982e-07 0.00066232 0.0057212
0.00026124 2.5851e-06 1.5688e-07 0.00066709 0.0057122
0.0002611 2.5936e-06 1.5207e-07 0.00067182 0.0057031
0.00026094 2.5963e-06 1.452e-07 0.00067652 0.0056939
0.0002608 2.6078e-06 1.3945e-07 0.00068128 0.0056849
0.0002607 2.6302e-06 1.3511e-07 0.0006861 0.0056761
0.00026063 2.6641e-06 1.3211e-07 0.00069099 0.0056673
0.0002606 2.691e-06 1.2702e-07 0.00069584 0.0056585
0.00026053 2.7112e-06 1.1983e-07 0.00070065 0.0056497
0.00026051 2.7432e-06 1.14e-07 0.00070553 0.0056409
0.00026051 2.6815e-06 1.091e-07 0.00071047 0.0056324
0.00026049 2.6106e-06 1.0204e-07 0.00071536 0.0056237
0.0002605 2.5542e-06 9.6175e-08 0.00072032 0.0056152
0.00026054 2.3291e-06 9.1101e-08 0.00072568 0.0055833
0.00026061 2.1364e-06 8.6958e-08 0.00073111 0.0055519
0.00026071 1.9661e-06 8.3297e-08 0.00073661 0.0055207
0.00026084 1.8155e-06 8.0072e-08 0.00074216 0.0054898
0.00026095 1.6588e-06 7.5474e-08 0.00074768 0.0054588
0.00026109 1.5165e-06 7.0984e-08 0.00075326 0.0054281
0.00026123 1.385e-06 6.6396e-08 0.00075887 0.0053976
0.00026137 1.2485e-06 6.0491e-08 0.00076446 0.005367
0.00026152 1.1222e-06 5.4459e-08 0.00077009 0.0053366
0.00026166 9.91e-07 8.0451e-08 0.0007757 0.0053062
0.00026181 8.6932e-07 1.075e-07 0.00078134 0.005276
0.00026196 7.4356e-07 1.3292e-07 0.00078697 0.0052457
0.00026212 6.2678e-07 1.595e-07 0.00079263 0.0052157
0.00026227 5.0568e-07 1.8433e-07 0.00079828 0.0051856
0.00026244 3.9462e-07 2.108e-07 0.00080397 0.0051557
0.00026263 2.9282e-07 2.3914e-07 0.0008097 0.005126
0.00026284 2.8975e-07 2.647e-07 0.0008154 0.0050962
0.00026308 2.8841e-07 2.9269e-07 0.00082116 0.0050667
0.00026335 2.8877e-07 3.234e-07 0.00082697 0.0050374
0.00026359 2.8725e-07 3.5202e-07 0.00083275 0.0050081
0.00026383 2.8388e-07 3.7861e-07 0.00083852 0.0049787
0.00026406 2.7871e-07 4.0328e-07 0.00084433 0.0049495
0.0002643 2.7483e-07 4.3019e-07 0.00085018 0.0049206
0.00026453 2.6918e-07 4.5515e-07 0.00085602 0.0048916
0.00026476 2.6176e-07 4.7819e-07 0.00086183 0.0048626
0.000265 2.5556e-07 5.0349e-07 0.00086769 0.0048337
0.00026522 2.4764e-07 5.2689e-07 0.00087353 0.0048049
0.00026548 2.4188e-07 5.2223e-07 0.00087933 0.0047759
0.00026572 2.3395e-07 5.1526e-07 0.00088509 0.0047469
0.00026595 2.2403e-07 5.0619e-07 0.00089083 0.0047178
0.0002662 2.157e-07 4.9942e-07 0.00089663 0.0046889
0.00026644 2.054e-07 4.9057e-07 0.0009024 0.00466
0.00026666 1.931e-07 4.7961e-07 0.00090815 0.0046311
0.00026686 2.3037e-07 4.657e-07 0.00091385 0.004602
0.00026705 2.646e-07 4.4934e-07 0.00091952 0.0045728
0.00026726 3.0312e-07 4.3574e-07 0.00092525 0.004544
0.0002675 3.4711e-07 4.2501e-07 0.00093106 0.0045154
0.00026773 3.8864e-07 4.1251e-07 0.00093684 0.0044868
0.00026795 4.2777e-07 3.9825e-07 0.00094261 0.0044581
0.00026818 4.7051e-07 3.8557e-07 0.00094842 0.0044297
0.00026844 5.1721e-07 3.7438e-07 0.00095428 0.0044014
0.00026871 5.6746e-07 3.6426e-07 0.00096019 0.0043733
0.00026897 6.2209e-07 3.5252e-07 0.00096607 0.0043452
0.00026925 6.8188e-07 3.4216e-07 0.000972 0.0043173
0.00026954 7.4746e-07 3.3314e-07 0.00097799 0.0042896
0.00026987 7.4426e-07 3.2589e-07 0.00098403 0.0042621
0.00027017 7.3686e-07 3.1578e-07 0.00099003 0.0042345
0.00027049 7.3363e-07 3.0778e-07 0.00099609 0.0042072
0.00027085 7.3451e-07 3.0179e-07 0.0010021 0.0041797
0.00027123 7.3902e-07 2.9745e-07 0.0010082 0.0041525
0.00027164 7.4688e-07 2.9452e-07 0.0010143 0.0041255
0.00027207 7.59e-07 2.9339e-07 0.0010206 0.0040988
0.00027249 7.6802e-07 2.902e-07 0.0010267 0.004072
0.00027289 7.7395e-07 2.8495e-07 0.0010329 0.0040451
0.00027333 7.7558e-07 2.7696e-07 0.001039 0.0040181
0.00027379 7.8032e-07 2.702e-07 0.0010451 0.0039913
0.00027427 7.8728e-07 2.6415e-07 0.0010513 0.0039646
0.00027474 7.9204e-07 2.5653e-07 0.0010575 0.003938
0.00027519 7.9476e-07 2.4739e-07 0.0010637 0.0039113
0.00027567 8.0024e-07 2.3921e-07 0.0010699 0.0038848
0.00027613 8.0352e-07 2.2899e-07 0.0010761 0.0038582
0.00027659 8.0474e-07 2.1726e-07 0.0010822 0.0038316
0.00027703 8.039e-07 2.0401e-07 0.0010884 0.0038051
0.00027749 8.0583e-07 1.9173e-07 0.0010946 0.0037787
0.00027797 8.1056e-07 1.8032e-07 0.0011008 0.0037524
0.00027847 8.1755e-07 1.6946e-07 0.0011071 0.0037264
0.00027895 8.2232e-07 1.5707e-07 0.0011134 0.0037003
0.00027943 8.249e-07 1.4316e-07 0.0011197 0.0036742
0.00027989 8.254e-07 1.2776e-07 0.0011259 0.003648
0.00028034 8.2382e-07 1.5722e-07 0.0011321 0.0036219
0.00028081 8.2507e-07 1.8856e-07 0.0011384 0.0035959
0.00028127 8.241e-07 2.1803e-07 0.0011446 0.0035699
0.00028175 8.2102e-07 2.4575e-07 0.0011509 0.0035438
0.00028222 8.1586e-07 2.7173e-07 0.0011571 0.0035178
0.00028267 8.0861e-07 2.9598e-07 0.0011632 0.0034917
0.00028311 8.042e-07 3.2214e-07 0.0011695 0.0034658
0.00028357 8.0202e-07 3.4989e-07 0.0011758 0.00344
0.00028405 8.0206e-07 3.7939e-07 0.0011821 0.0034144
0.00028454 8.0431e-07 4.1078e-07 0.0011885 0.003389
0.00028502 8.0438e-07 4.4019e-07 0.0011949 0.0033635
0.00028551 8.0721e-07 4.721e-07 0.0012013 0.0033382
0.000286 8.0798e-07 5.0211e-07 0.0012077 0.0033129
0.00028651 8.1154e-07 5.3478e-07 0.0012141 0.0032878
0.00028704 8.1799e-07 5.7041e-07 0.0012206 0.0032628
0.00028436 8.2798e-07 6.0989e-07 0.0012272 0.003238
0.00028167 8.3474e-07 6.461e-07 0.0012337 0.0032132
0.00027902 8.4572e-07 6.8704e-07 0.0012403 0.0031886
0.00027633 8.5173e-07 7.2301e-07 0.0012469 0.0031639
0.00027368 8.6024e-07 7.6191e-07 0.0012535 0.0031393
0.00027106 8.7118e-07 8.0379e-07 0.0012602 0.0031149
0.00026847 8.8462e-07 8.4884e-07 0.0012669 0.0030907
0.00026591 9.0062e-07 8.9729e-07 0.0012736 0.0030666
0.00026338 9.1928e-07 9.4938e-07 0.0012804 0.0030426
0.00026084 9.3575e-07 9.9908e-07 0.0012872 0.0030186
0.00025833 9.5561e-07 1.0534e-06 0.0012941 0.0029948
0.00025586 9.7904e-07 1.1128e-06 0.001301 0.0029711
0.00025337 1.0055e-06 1.1767e-06 0.0013078 0.0029475
0.00025087 1.0295e-06 1.2377e-06 0.0013147 0.0029237
0.00024836 1.0511e-06 1.2959e-06 0.0013215 0.0029
0.00024583 1.0758e-06 1.3587e-06 0.0013179 0.0028767
0.00024328 1.0981e-06 1.4189e-06 0.0013144 0.0028534
0.00024077 1.1237e-06 1.4839e-06 0.0013108 0.0028303
0.00023829 1.1529e-06 1.4494e-06 0.0013073 0.0028072
0.00023583 1.1856e-06 1.4184e-06 0.0013038 0.0027844
0.00023336 1.2156e-06 1.385e-06 0.0013003 0.0027615
0.00023092 1.2494e-06 1.3549e-06 0.0012968 0.0027387
0.00022847 1.2804e-06 1.3223e-06 0.0012933 0.0027159
0.00022605 1.3162e-06 1.2938e-06 0.0012898 0.0026933
0.00022367 1.3584e-06 1.2703e-06 0.0012864 0.0026709
0.00022134 1.3157e-06 1.2517e-06 0.0012831 0.0026486
0.00021898 1.2688e-06 1.2298e-06 0.0012797 0.0026263
0.00021668 1.2151e-06 1.2028e-06 0.0012763 0.0026039
0.00021435 1.1547e-06 1.1712e-06 0.0012728 0.0025814
0.00021206 1.1027e-06 1.1449e-06 0.0012694 0.0025591
0.00020974 1.0444e-06 1.1141e-06 0.001266 0.0025367
0.00020741 9.8272e-07 1.0807e-06 0.0012625 0.0025143
0.00020505 9.1763e-07 1.0448e-06 0.001259 0.0024918
0.00020273 8.5769e-07 1.0122e-06 0.0012555 0.0024695
0.00020039 7.9471e-07 9.773e-07 0.0012521 0.0024471
0.00019809 7.3736e-07 9.4593e-07 0.0012486 0.0024249
0.00019576 6.8429e-07 9.173e-07 0.0012452 0.0024029
0.00019343 6.284e-07 8.8644e-07 0.0012418 0.0023808
0.00019107 5.6963e-07 8.5335e-07 0.0012383 0.0023587
0.00018871 5.159e-07 8.2354e-07 0.0012349 0.0023367
0.00018637 4.6671e-07 7.9681e-07 0.0012316 0.0023149
0.00018407 4.2165e-07 7.7298e-07 0.0012282 0.0022932
0.00018165 3.7423e-07 7.4717e-07 0.0012249 0.0022715
0.00017926 3.3067e-07 7.2416e-07 0.0012216 0.00225
0.00017685 2.8457e-07 6.9901e-07 0.0012183 0.0022284
0.00017441 2.4578e-07 6.7904e-07 0.001215 0.0022071
0.00017194 2.0256e-07 6.5664e-07 0.0012117 0.0021857
0.00016943 1.5424e-07 6.3008e-07 0.0012084 0.0021642
0.00016688 1.5651e-07 5.9924e-07 0.001205 0.0021425
0.0001644 1.6065e-07 5.737e-07 0.0012017 0.0021212
0.00016188 1.6234e-07 5.4438e-07 0.0011983 0.0020997
0.00015933 1.6596e-07 5.2006e-07 0.001195 0.0020785
0.00015683 1.7018e-07 4.9786e-07 0.0011918 0.0020574
0.00015435 1.7527e-07 4.7801e-07 0.0011886 0.0020364
0.00015186 1.7869e-07 4.5622e-07 0.0011854 0.0020156
0.0001494 1.826e-07 4.3602e-07 0.0011822 0.0019949
0.00014696 1.873e-07 4.1773e-07 0.0011791 0.0019744
0.00014452 1.9435e-07 3.9771e-07 0.001176 0.0019538
0.00014206 1.9981e-07 3.7596e-07 0.0011729 0.0019333
0.00013959 2.036e-07 3.5237e-07 0.0011697 0.0019126
0.00013711 2.0581e-07 3.2702e-07 0.0011665 0.001892
0.00013465 2.0888e-07 3.0358e-07 0.0011634 0.0018715
0.00013223 2.1285e-07 2.8188e-07 0.0011603 0.0018512
0.00012979 2.1515e-07 2.5841e-07 0.0011572 0.001831
0.00012734 2.1585e-07 2.3323e-07 0.0011541 0.0018108
0.00012488 2.1492e-07 2.0631e-07 0.001151 0.0017905
0.00012247 2.1625e-07 1.8284e-07 0.0011479 0.0017702
0.00012009 2.1827e-07 1.6056e-07 0.0011448 0.0017499
0.00011769 2.1862e-07 1.3657e-07 0.0011416 0.0017297
0.00011528 2.173e-07 1.1088e-07 0.0011385 0.0017094
0.0001129 2.1689e-07 8.657e-08 0.0011353 0.0016892
0.00011055 2.1746e-07 6.355e-08 0.0011323 0.0016692
0.00010817 2.1989e-07 6.6486e-08 0.0011291 0.0016491
0.00010576 2.1964e-07 6.7641e-08 0.001126 0.0016289
0.00010339 2.2106e-07 6.9111e-08 0.0011229 0.0016089
0.00010106 2.1975e-07 6.8776e-08 0.0011197 0.0015889
9.87e-05 2.157e-07 6.6638e-08 0.0011165 0.0015687
9.6308e-05 2.0885e-07 6.2661e-08 0.0011133 0.0015484
9.3959e-05 2.0379e-07 5.9052e-08 0.0011101 0.0015283
9.1579e-05 1.9596e-07 5.3628e-08 0.0011069 0.0015081
8.9241e-05 1.8991e-07 4.8557e-08 0.0011037 0.0014881
8.6944e-05 1.8554e-07 4.3769e-08 0.0011006 0.0014683
8.4622e-05 1.7885e-07 3.7393e-08 0.0010974 0.0014484
8.2338e-05 1.7354e-07 3.1151e-08 0.0010943 0.0014287
8.0027e-05 1.6583e-07 2.329e-08 0.0010913 0.0014092
7.7764e-05 1.6013e-07 1.5822e-08 0.0010883 0.0013899
7.5542e-05 1.5988e-07 1.986e-08 0.0010853 0.0013705
7.3359e-05 1.6102e-07 2.3767e-08 0.0010823 0.0013513
7.1213e-05 1.6349e-07 2.757e-08 0.0010794 0.0013323
6.9111e-05 1.6778e-07 3.1491e-08 0.0010765 0.0013135
6.6982e-05 1.7364e-07 3.8267e-08 0.0010737 0.0012948
6.4838e-05 1.7776e-07 4.372e-08 0.0010709 0.0012762
6.2719e-05 1.8269e-07 4.907e-08 0.0010681 0.0012576
6.0621e-05 1.8818e-07 5.421e-08 0.0010653 0.0012392
5.8547e-05 1.9452e-07 5.9291e-08 0.0010626 0.0012209
5.6462e-05 1.9927e-07 6.3113e-08 0.0010599 0.0012026
5.44e-05 2.049e-07 6.6898e-08 0.0010572 0.0011844
5.2361e-05 2.1146e-07 7.0673e-08 0.0010545 0.0011663
5.0345e-05 2.1901e-07 7.4463e-08 0.0010519 0.0011483
4.8352e-05 2.276e-07 7.8294e-08 0.0010493 0.0011305
4.6346e-05 2.3448e-07 8.0805e-08 0.0010466 0.0011127
4.4329e-05 2.3972e-07 8.2034e-08 0.001044 0.0010948
4.2335e-05 1.9602e-07 8.3312e-08 0.0010414 0.001077
4.0328e-05 1.4993e-07 8.3269e-08 0.0010388 0.0010592
3.8343e-05 1.0716e-07 8.3278e-08 0.0010362 0.0010416
3.6346e-05 1.1428e-07 8.2003e-08 0.0010336 0.0010239
3.4372e-05 1.2191e-07 8.0777e-08 0.001031 0.0010063
3.2418e-05 1.3012e-07 7.9591e-08 0.0010284 0.00098889
3.0487e-05 1.3899e-07 7.8457e-08 0.0010259 0.00097157
2.8584e-05 1.4922e-07 7.7707e-08 0.0010235 0.0009544
2.6658e-05 1.5716e-07 7.5269e-08 0.001021 0.00093716
2.4708e-05 1.6259e-07 7.1007e-08 0.0010179 0.00093502
2.2789e-05 1.432e-07 6.7235e-08 0.0010149 0.00093292
2.0901e-05 1.2607e-07 6.3898e-08 0.001012 0.00093086
2.078e-05 1.4341e-07 5.8774e-08 0.0010091 0.00092877
2.0644e-05 1.6371e-07 5.4309e-08 0.0010061 0.00092672
2.0498e-05 1.8127e-07 4.8179e-08 0.0010032 0.00092464
2.0356e-05 2.0171e-07 4.2522e-08 0.0010003 0.00092261
2.0203e-05 2.2479e-07 3.7039e-08 0.00099749 0.00092061
2.0039e-05 2.4488e-07 2.9954e-08 0.00099462 0.00091858
1.988e-05 2.681e-07 2.31e-08 0.00099181 0.00091659
1.9708e-05 2.8767e-07 3.0125e-08 0.00098895 0.00091457
1.9541e-05 3.1056e-07 3.7406e-08 0.00098614 0.00091259
1.9363e-05 3.2969e-07 9.483e-08 0.00098329 0.00091058
1.9188e-05 3.5226e-07 1.5865e-07 0.00098049 0.0009086
1.9018e-05 3.7867e-07 2.2976e-07 0.00097774 0.00090666
1.8838e-05 4.0187e-07 2.9628e-07 0.00097496 0.0009047
1.8659e-05 4.2777e-07 3.6826e-07 0.00097221 0.00090276
1.8483e-05 4.5731e-07 4.4748e-07 0.00096951 0.00090085
1.8307e-05 4.8398e-07 5.2259e-07 0.00096678 0.00089892
1.8123e-05 5.0786e-07 5.9376e-07 0.00096403 0.00089698
1.794e-05 5.3542e-07 6.7227e-07 0.00096132 0.00089506
1.7758e-05 5.6625e-07 7.5762e-07 0.00095864 0.00089317
1.7567e-05 5.9412e-07 8.3859e-07 0.00095594 0.00089126
1.7378e-05 6.2613e-07 9.2805e-07 0.00095328 0.00088938
1.7192e-05 6.1214e-07 1.0288e-06 0.00095067 0.00088754
1.6996e-05 5.9438e-07 1.1221e-06 0.00094802 0.00088567
1.6787e-05 5.7232e-07 1.2073e-06 0.00094533 0.00088377
1.6582e-05 5.5464e-07 1.3048e-06 0.0009426 0.00088184
1.6365e-05 5.3265e-07 1.3936e-06 0.00093982 0.00087989
1.6137e-05 5.1489e-07 1.4945e-06 0.0009371 0.00087796
1.5914e-05 4.8378e-07 1.6116e-06 0.00093443 0.00087608
1.5679e-05 4.5836e-07 1.7471e-06 0.00093182 0.00087424
1.5448e-05 4.3799e-07 1.7734e-06 0.00092927 0.00087244
1.5223e-05 4.2218e-07 1.8082e-06 0.00092678 0.00087068
1.5002e-05 4.1052e-07 1.7706e-06 0.00092435 0.00086896
1.4784e-05 4.0201e-07 1.7402e-06 0.00092197 0.00086727
1.4554e-05 3.8991e-07 1.7041e-06 0.00091954 0.00086555
1.4329e-05 3.809e-07 1.675e-06 0.00091716 0.00086387
1.4107e-05 3.7481e-07 1.6525e-06 0.00091483 0.00086222
1.3873e-05 3.2334e-07 1.5281e-06 0.00091255 0.0008606
1.3629e-05 2.6653e-07 1.3939e-06 0.00091034 0.00085903
1.3373e-05 2.0352e-07 1.248e-06 0.00090808 0.00085743
1.312e-05 1.4837e-07 1.1186e-06 0.00090586 0.00085586
1.2859e-05 9.0472e-08 9.847e-07 0.00090363 0.00085428
1.2598e-05 3.6837e-08 8.6116e-07 0.00090143 0.00085272
1.233e-05 3.3861e-08 8.7943e-07 0.00089921 0.00085115
1.2053e-05 2.9524e-08 8.9559e-07 0.00089697 0.00084956
1.1775e-05 2.4825e-08 9.1403e-07 0.00089476 0.000848
1.1497e-05 1.973e-08 9.3484e-07 0.00089257 0.00084645
1.1217e-05 1.4207e-08 9.5813e-07 0.0008904 0.00084491
1.0938e-05 8.3286e-09 9.8465e-07 0.00088827 0.0008434
1.065e-05 1.231e-08 1.0085e-06 0.00088611 0.00084187
1.0363e-05 1.5934e-08 1.0367e-06 0.00088399 0.00084037
1.0078e-05 1.9308e-08 1.0701e-06 0.00088191 0.0008389
9.7967e-06 2.2735e-08 1.1108e-06 0.00087989 0.00083747
9.5041e-06 2.4458e-08 1.1461e-06 0.00087782 0.000836
9.2152e-06 2.6266e-08 1.1892e-06 0.00087581 0.00083458
8.9298e-06 2.8205e-08 1.2409e-06 0.00087385 0.00083319
8.6478e-06 3.0317e-08 1.3022e-06 0.00087195 0.00083184
8.3688e-06 3.2652e-08 1.3742e-06 0.0008701 0.00083053
8.093e-06 3.5276e-08 1.3735e-06 0.0008683 0.00082925
7.8067e-06 3.6161e-08 1.3684e-06 0.00086646 0.00082795
7.5235e-06 3.7359e-08 1.3698e-06 0.00086458 0.00082662
7.2431e-06 3.8899e-08 1.3776e-06 0.00086276 0.00082533
6.9654e-06 4.082e-08 1.392e-06 0.00086098 0.00082407
6.6769e-06 4.3168e-08 1.4133e-06 0.00085926 0.00082285
6.3911e-06 4.6006e-08 1.3698e-06 0.00085759 0.00082166
6.1077e-06 4.7016e-08 1.3207e-06 0.00085589 0.00082045
5.8267e-06 4.8539e-08 1.2802e-06 0.00085423 0.00081928
5.5479e-06 4.8226e-08 1.2345e-06 0.00085254 0.00081808
5.27e-06 4.8196e-08 1.1957e-06 0.00085089 0.00081691
4.9928e-06 4.8446e-08 1.1631e-06 0.00084928 0.00081577
4.7164e-06 4.8986e-08 1.0257e-06 0.00084771 0.00081466
4.4405e-06 5.0066e-08 9.0643e-07 0.0008462 0.00081359
4.1545e-06 5.1711e-08 5.3996e-07 0.00084473 0.00081255
4.3313e-06 5.3712e-08 2.1427e-07 0.00084331 0.00081154
4.4985e-06 5.3737e-08 1.6596e-07 0.00084185 0.00081051
4.6653e-06 5.4127e-08 1.6823e-07 0.00084035 0.00080945
4.8312e-06 5.4878e-08 1.7172e-07 0.00083889 0.00080842
4.9876e-06 5.3661e-08 1.7287e-07 0.0008374 0.00080736
5.1441e-06 5.3063e-08 1.4782e-07 0.00083596 0.00080634
5.2999e-06 5.0389e-08 1.1976e-07 0.00083448 0.0008053
5.4464e-06 7.3642e-08 1.2756e-07 0.00083297 0.00080424
5.5922e-06 9.9508e-08 1.3654e-07 0.0008315 0.0008032
5.7283e-06 1.3021e-07 1.4318e-07 0.00082999 0.00080214
5.8635e-06 1.6449e-07 1.5092e-07 0.00082852 0.0008011
5.9896e-06 1.9523e-07 1.5656e-07 0.00082702 0.00080004
6.115e-06 1.9562e-07 1.6345e-07 0.00082556 0.00079902
6.2312e-06 1.9343e-07 1.681e-07 0.00082406 0.00079796
6.3448e-06 1.9198e-07 1.7326e-07 0.00082259 0.00079693
6.4509e-06 1.8887e-07 1.7694e-07 0.00082111 0.00079589
6.5547e-06 1.8655e-07 1.8119e-07 0.00081964 0.00079486
6.6561e-06 1.8501e-07 1.8605e-07 0.00081821 0.00079385
6.7551e-06 1.8422e-07 1.9156e-07 0.0008168 0.00079286
6.8513e-06 1.8393e-07 1.975e-07 0.0008154 0.00079189
6.9451e-06 1.8441e-07 2.0417e-07 0.00081404 0.00079093
7.0316e-06 1.8328e-07 2.0935e-07 0.00081266 0.00078996
7.1159e-06 1.8296e-07 2.1533e-07 0.0008113 0.00078901
7.1928e-06 1.8103e-07 2.1981e-07 0.00080993 0.00078805
7.2676e-06 1.799e-07 2.2512e-07 0.00080858 0.00078711
7.335e-06 1.7721e-07 2.2896e-07 0.00080722 0.00078616
7.3952e-06 1.7296e-07 2.3134e-07 0.00080584 0.00078519
7.4526e-06 1.6945e-07 2.3425e-07 0.00080448 0.00078424
7.5076e-06 1.6663e-07 2.3795e-07 0.00080314 0.00078331
7.5554e-06 1.6226e-07 2.4018e-07 0.00080179 0.00078237
7.6005e-06 1.584e-07 2.4305e-07 0.00080046 0.00078145
7.6379e-06 1.5282e-07 2.4427e-07 0.00079911 0.00078051
7.6737e-06 1.4818e-07 2.4661e-07 0.0007978 0.00077959
7.6987e-06 1.4534e-07 2.5155e-07 0.00079652 0.00077871
7.7139e-06 1.4071e-07 2.5384e-07 0.00079522 0.0007778
7.7197e-06 1.8039e-07 2.5349e-07 0.00079387 0.00077687
7.726e-06 2.2638e-07 2.5531e-07 0.00079257 0.00077597
7.7328e-06 2.7982e-07 2.5936e-07 0.00079132 0.0007751
7.7299e-06 3.2767e-07 2.6073e-07 0.00079004 0.00077421
6.4099e-06 2.4374e-07 1.4976e-07 0.00076498 0.00075698
6.2744e-06 1.816e-07 1.3705e-07 0.00076364 0.00075606
6.1394e-06 1.2797e-07 1.2619e-07 0.00076235 0.00075518
5.5246e-06 1.1906e-07 7.0052e-08 0.0007573 0.00075175
5.3619e-06 1.1665e-07 5.6109e-08 0.00075607 0.00075091
5.1994e-06 1.1564e-07 4.3509e-08 0.00075489 0.00075011
5.0373e-06 1.1604e-07 3.2037e-08 0.00075376 0.00074935
4.8654e-06 1.1786e-07 2.4941e-08 0.00075266 0.00074861
4.6938e-06 1.2116e-07 1.8346e-08 0.00075162 0.00074791
4.5224e-06 1.2561e-07 1.1811e-08 0.00075061 0.00074724
4.351e-06 1.2761e-07 1.5143e-08 0.00074965 0.0007466
4.6645e-06 1.2717e-07 1.7015e-08 0.00074865 0.00074593
4.9791e-06 1.2788e-07 1.8606e-08 0.00074769 0.00074529
5.283e-06 1.2976e-07 1.9938e-08 0.00074677 0.00074468
5.5768e-06 1.2934e-07 4.2599e-08 0.00074581 0.00074405
5.8729e-06 1.3048e-07 6.7851e-08 0.0007449 0.00074345
6.1715e-06 1.2917e-07 9.0196e-08 0.00074396 0.00074283
6.4728e-06 1.2941e-07 9.1558e-08 0.00074305 0.00074223
6.7769e-06 1.3122e-07 9.3841e-08 0.0007422 0.00074167
7.0702e-06 1.3057e-07 9.4116e-08 0.0007413 0.00074109
7.3526e-06 1.2745e-07 9.2384e-08 0.00074038 0.00074048
7.6377e-06 1.2585e-07 9.1536e-08 0.00073941 0.00073984
7.9255e-06 1.257e-07 9.1538e-08 0.00073848 0.00073924
8.2161e-06 1.2699e-07 9.2388e-08 0.0007376 0.00073866
8.495e-06 1.0488e-07 9.3878e-08 0.00073676 0.00073811
8.7757e-06 8.5148e-08 9.6029e-08 0.00073595 0.00073759
9.0584e-06 6.743e-08 9.8872e-08 0.00073518 0.0007371
9.3306e-06 4.7016e-08 9.9793e-08 0.00073437 0.00073658
9.606e-06 2.8913e-08 1.0171e-07 0.00073361 0.0007361
9.8687e-06 1.2681e-08 1.0469e-07 0.0007329 0.00073565
1.012e-05 1.2006e-08 1.129e-07 0.00073215 0.00073517
1.0374e-05 1.0927e-08 1.222e-07 0.00073143 0.00073472
1.063e-05 9.5412e-09 1.3334e-07 0.00073076 0.0007343
1.0887e-05 7.7053e-09 1.4591e-07 0.00073012 0.00073391
1.1148e-05 1.3544e-08 1.5615e-07 0.00072952 0.00073355
1.1413e-05 1.9655e-08 1.6834e-07 0.00072897 0.00073322
1.1667e-05 2.4068e-08 1.7815e-07 0.00072838 0.00073286
1.1923e-05 2.8514e-08 1.8954e-07 0.00072783 0.00073253
1.2183e-05 3.3282e-08 2.0316e-07 0.00072732 0.00073224
1.2446e-05 3.8275e-08 2.1877e-07 0.00072678 0.00073192
1.2712e-05 4.3831e-08 2.3718e-07 0.00072628 0.00073163
1.2968e-05 4.7419e-08 2.5259e-07 0.00072574 0.00073131
1.3213e-05 4.9518e-08 2.6538e-07 0.00072517 0.00073098
1.346e-05 5.1943e-08 2.8039e-07 0.00072464 0.00073067
1.371e-05 5.4732e-08 2.9782e-07 0.00072415 0.00073038
1.395e-05 5.5738e-08 3.1263e-07 0.00072362 0.00073008
1.4194e-05 5.7349e-08 3.3054e-07 0.00072314 0.00072981
1.4443e-05 5.9645e-08 3.5199e-07 0.0007227 0.00072957
1.4694e-05 6.2417e-08 3.7666e-07 0.00072229 0.00072935
1.4949e-05 6.5717e-08 4.0493e-07 0.00072192 0.00072917
1.5193e-05 6.7046e-08 4.2972e-07 0.00072152 0.00072895
1.5441e-05 6.9209e-08 4.5914e-07 0.00072116 0.00072878
1.5695e-05 7.2257e-08 4.9376e-07 0.00072084 0.00072863
1.5936e-05 7.3182e-08 5.2414e-07 0.00072049 0.00072846
1.6181e-05 7.4724e-08 5.5906e-07 0.00072018 0.00072831
1.6429e-05 7.6906e-08 5.9901e-07 0.0007199 0.00072819
1.6681e-05 7.9764e-08 6.4457e-07 0.00071965 0.0007281
1.6939e-05 8.3675e-08 6.9771e-07 0.00071945 0.00072804
1.7201e-05 8.8736e-08 6.9805e-07 0.00071929 0.00072801
1.7452e-05 9.1536e-08 8.1739e-07 0.00071909 0.00072795
1.7707e-05 9.5182e-08 9.5163e-07 0.00071893 0.00072792
1.7965e-05 9.9711e-08 1.1024e-06 0.0007188 0.00072792
1.8212e-05 1.021e-07 1.2429e-06 0.00071864 0.00072789
1.8463e-05 1.0545e-07 1.4014e-06 0.00071852 0.00072789
1.8701e-05 1.1039e-07 1.5859e-06 0.00071844 0.00072793
1.8944e-05 1.1646e-07 1.794e-06 0.0007184 0.00072799
1.9175e-05 1.2025e-07 1.9879e-06 0.00071832 0.00072802
1.9395e-05 1.2177e-07 2.1685e-06 0.00071821 0.00072804
1.9619e-05 1.2437e-07 2.3719e-06 0.00071814 0.00072808
1.9831e-05 1.2459e-07 2.56e-06 0.00071803 0.00072809
2.0031e-05 1.2632e-07 2.6026e-06 0.00071788 0.00072808
2.0237e-05 1.296e-07 2.6565e-06 0.00071778 0.0007281
2.0449e-05 1.1055e-07 2.7227e-06 0.00071772 0.00072816
2.0649e-05 9.4105e-08 2.8026e-06 0.0007177 0.00072824
2.0836e-05 1.0764e-07 2.8739e-06 0.00071764 0.0007283
2.1012e-05 1.1931e-07 2.9377e-06 0.00071763 0.00072839
2.1194e-05 1.3264e-07 3.0131e-06 0.00071764 0.0007285
2.1381e-05 1.4339e-07 3.0807e-06 0.00071763 0.00072859
2.1558e-05 1.5178e-07 3.1417e-06 0.00071758 0.00072866
2.1739e-05 1.6205e-07 3.2152e-06 0.00071758 0.00072876
2.1909e-05 1.6991e-07 3.2818e-06 0.00071755 0.00072884
2.2084e-05 1.7977e-07 3.3616e-06 0.00071755 0.00072895
2.2252e-05 1.8794e-07 3.4376e-06 0.00071754 0.00072904
2.242e-05 1.9704e-07 3.5222e-06 0.00071755 0.00072916
2.2589e-05 2.0714e-07 3.6159e-06 0.00071758 0.00072928
2.2759e-05 2.1837e-07 3.5552e-06 0.00071763 0.00072943
2.2922e-05 2.2786e-07 3.491e-06 0.00071766 0.00072956
2.4671e-05 2.2241e-07 2.2993e-06 0.00071695 0.00073091
2.4736e-05 2.1502e-07 2.2255e-06 0.00071686 0.00073097
2.4803e-05 2.0862e-07 2.1586e-06 0.0007168 0.00073105
2.4871e-05 2.0061e-07 2.0888e-06 0.00071672 0.00073112
2.4931e-05 1.9097e-07 2.016e-06 0.00071662 0.00073118
2.4992e-05 1.8229e-07 1.95e-06 0.00071655 0.00073125
2.5054e-05 1.7451e-07 1.8903e-06 0.0007165 0.00073134
2.5118e-05 1.6755e-07 1.8365e-06 0.00071646 0.00073144
2.5173e-05 1.5895e-07 1.7799e-06 0.00071641 0.00073154
2.522e-05 1.4857e-07 1.7197e-06 0.00071635 0.00073162
2.5268e-05 1.3892e-07 1.6651e-06 0.0007163 0.00073172
2.5317e-05 1.2994e-07 1.6157e-06 0.00071627 0.00073183
2.5367e-05 1.2158e-07 1.5713e-06 0.00071626 0.00073196
2.5408e-05 1.1153e-07 1.5239e-06 0.00071624 0.00073207
2.545e-05 1.0204e-07 1.4812e-06 0.00071623 0.0007322
2.5482e-05 1.2906e-07 1.4337e-06 0.0007162 0.00073232
2.5503e-05 1.5332e-07 1.3816e-06 0.00071614 0.00073241
2.553e-05 1.8101e-07 1.3377e-06 0.00071611 0.00073253
2.5543e-05 1.8025e-07 1.3006e-06 0.00071613 0.00073268
2.5543e-05 1.8274e-07 1.2579e-06 0.0007161 0.0007328
2.5547e-05 1.8636e-07 1.2206e-06 0.00071611 0.00073295
2.5554e-05 1.9152e-07 1.1892e-06 0.00071615 0.00073312
2.5563e-05 1.9759e-07 1.1616e-06 0.00071621 0.0007333
2.5573e-05 2.046e-07 1.1376e-06 0.00071629 0.00073351
2.5585e-05 2.1259e-07 1.117e-06 0.0007164 0.00073373
2.5588e-05 2.1889e-07 1.0941e-06 0.00071648 0.00073393
2.5583e-05 2.235e-07 1.069e-06 0.00071655 0.00073413
2.558e-05 2.291e-07 1.0472e-06 0.00071664 0.00073434
2.5577e-05 2.3575e-07 1.0285e-06 0.00071676 0.00073457
2.5576e-05 2.4348e-07 1.0129e-06 0.00071689 0.00073482
2.5568e-05 2.4949e-07 9.9508e-07 0.00071701 0.00073505
2.556e-05 2.5663e-07 9.802e-07 0.00071715 0.00073531
2.5552e-05 2.6464e-07 9.6761e-07 0.0007173 0.00073557
2.5545e-05 2.7356e-07 9.5723e-07 0.00071747 0.00073585
2.553e-05 2.8079e-07 9.4492e-07 0.00071763 0.00073612
2.5516e-05 2.8931e-07 9.3531e-07 0.00071781 0.0007364
2.5494e-05 2.9605e-07 9.2364e-07 0.00073603 0.00073649
2.5464e-05 3.0109e-07 9.1004e-07 0.00075423 0.00073657
2.5434e-05 3.0711e-07 8.9859e-07 0.00077255 0.00073667
2.7712e-05 3.1122e-07 8.8493e-07 0.00079083 0.00073675
2.9977e-05 3.1354e-07 8.692e-07 0.00080908 0.00073682
3.2229e-05 3.1408e-07 8.5142e-07 0.00082729 0.00073688
3.4506e-05 3.1594e-07 8.363e-07 0.00084564 0.00073695
3.6808e-05 3.1913e-07 8.2375e-07 0.00086413 0.00073704
3.9098e-05 3.2054e-07 8.0919e-07 0.00088259 0.00073712
4.1414e-05 3.2329e-07 7.9713e-07 0.00090119 0.00073722
4.3751e-05 3.2706e-07 7.8701e-07 0.00091991 0.00073733
4.6111e-05 3.3187e-07 7.7876e-07 0.00093875 0.00073745
4.8458e-05 3.3464e-07 7.6867e-07 0.00095756 0.00073756
5.0793e-05 3.3569e-07 7.5673e-07 0.00097635 0.00073766
5.3156e-05 3.3814e-07 7.4712e-07 0.00099528 0.00073778
5.5546e-05 3.4205e-07 7.3982e-07 0.0010144 0.00073792
5.7963e-05 3.4742e-07 7.3474e-07 0.0010336 0.00073807
6.0404e-05 3.5391e-07 7.3139e-07 0.0010529 0.00073823
6.2832e-05 3.5856e-07 7.2612e-07 0.0010722 0.00073839
6.5247e-05 3.6144e-07 7.1901e-07 0.0010915 0.00073853
6.7648e-05 3.6247e-07 7.0997e-07 0.0011108 0.00073866
7.0078e-05 3.6163e-07 6.9861e-07 0.00113 0.00073878
7.2537e-05 3.623e-07 6.8946e-07 0.0011493 0.00073891
7.4982e-05 3.6071e-07 6.784e-07 0.0011687 0.00073904
7.7451e-05 3.6025e-07 6.6905e-07 0.0011881 0.00073918
7.9908e-05 3.5805e-07 6.579e-07 0.0012076 0.0007393
8.2351e-05 3.5401e-07 6.4484e-07 0.001227 0.00073942
8.4819e-05 3.5109e-07 6.3347e-07 0.0012465 0.00073955
8.7273e-05 3.4633e-07 6.202e-07 0.001266 0.00073966
8.9757e-05 3.4305e-07 6.0901e-07 0.0012856 0.0007398
9.2266e-05 3.4085e-07 5.9941e-07 0.0013054 0.00073995
9.476e-05 3.3681e-07 5.8792e-07 0.0013251 0.00074008
9.7281e-05 3.3388e-07 5.7801e-07 0.001345 0.00074023
9.9833e-05 3.2897e-07 5.6607e-07 0.0013648 0.00074037
0.00010237 3.2208e-07 5.5209e-07 0.0013846 0.00074049
0.00010489 3.1292e-07 5.3571e-07 0.0014043 0.0007406
0.00010743 3.0524e-07 5.2136e-07 0.0014242 0.00074072
0.00010997 2.9583e-07 5.0525e-07 0.001444 0.00074084
0.00011253 2.8744e-07 4.9063e-07 0.001464 0.00074097
0.00011508 2.7734e-07 4.7428e-07 0.0014839 0.00074108
0.00011766 2.6857e-07 4.5977e-07 0.001504 0.00074122
0.00012022 2.581e-07 4.4354e-07 0.0015241 0.00074134
0.00012282 2.4891e-07 4.2908e-07 0.0015443 0.00074148
0.0001254 2.3795e-07 4.1283e-07 0.0015645 0.00074161
0.00012802 2.282e-07 3.9828e-07 0.0015849 0.00074175
0.00013067 2.1944e-07 3.8502e-07 0.0016054 0.00074191
0.00013335 2.1173e-07 3.7327e-07 0.001626 0.00074209
0.00013601 2.0232e-07 3.598e-07 0.0016466 0.00074225
0.0001387 1.9362e-07 3.4743e-07 0.0016674 0.00074243
0.00014142 1.8557e-07 3.361e-07 0.0016883 0.00074262
0.00014417 1.7812e-07 3.2575e-07 0.0017093 0.00074282
0.00014691 1.6908e-07 3.1381e-07 0.0017303 0.00074302
0.00014963 1.5844e-07 3.0028e-07 0.0017513 0.0007432
0.00015239 1.4839e-07 2.877e-07 0.0017724 0.0007434
0.00015517 1.3886e-07 2.7602e-07 0.0017937 0.00074361
0.00015794 1.2737e-07 2.6268e-07 0.0018149 0.0007438
0.00016074 1.1672e-07 2.5061e-07 0.0018363 0.00074402
0.00016358 1.0664e-07 2.395e-07 0.0018385 0.00074431
0.0001664 9.4836e-08 2.2664e-07 0.0018407 0.00074459
0.00016926 8.3753e-08 2.1495e-07 0.001843 0.00074488
0.00017216 7.3056e-08 2.0406e-07 0.0018453 0.00074519
0.00017503 6.0743e-08 1.9152e-07 0.0018476 0.00074549
0.00017795 4.8787e-08 1.7978e-07 0.0018499 0.00074581
0.00018091 3.7399e-08 1.6914e-07 0.0018523 0.00074614
0.00018391 2.642e-08 1.5947e-07 0.0018547 0.0007465
0.00018696 1.5748e-08 1.5072e-07 0.0018572 0.00074687
0.00018998 1.8345e-08 1.3983e-07 0.0018597 0.00074728
0.00019305 2.0697e-08 1.3013e-07 0.0018622 0.00074766
0.00019618 2.2834e-08 1.215e-07 0.0018648 0.00074807
0.00019936 2.4779e-08 1.1389e-07 0.0018675 0.00074851
0.00020253 2.5407e-08 1.0483e-07 0.0018701 0.00074894
0.00020573 2.5539e-08 9.5988e-08 0.0018728 0.00074937
0.00020891 2.4326e-08 8.5709e-08 0.0018754 0.0007498
0.00021209 2.1828e-08 7.4044e-08 0.001878 0.00075022
0.00021524 1.8037e-08 6.0976e-08 0.0018806 0.00075062
0.00021844 1.408e-08 4.8455e-08 0.0018833 0.00075105
0.00022162 2.2984e-08 5.9186e-08 0.0018859 0.00075145
0.00022477 3.0485e-08 6.853e-08 0.0018885 0.00075185
0.00022801 3.7786e-08 7.7962e-08 0.0018912 0.00075226
0.00023123 4.3675e-08 8.5999e-08 0.0018938 0.00075265
0.0002345 4.9525e-08 9.4316e-08 0.0018965 0.00075307
0.00023781 5.5378e-08 1.0296e-07 0.0018992 0.0007535
0.00024116 6.1112e-08 1.1177e-07 0.0019019 0.00075394
0.00024455 6.6946e-08 1.2103e-07 0.0019047 0.00075441
0.00024799 7.2866e-08 1.3072e-07 0.0019076 0.00075488
0.00025141 7.731e-08 1.3894e-07 0.0019104 0.00075535
0.00025487 8.1933e-08 1.477e-07 0.0019133 0.00075583
0.00025838 8.6587e-08 1.5684e-07 0.0019162 0.00075633
0.00026193 9.1481e-08 1.6662e-07 0.0019192 0.00075685
0.00026553 9.6657e-08 1.7711e-07 0.0019222 0.00075738
0.00026911 1.0033e-07 1.861e-07 0.0019252 0.0007579
0.00027268 1.0251e-07 1.9357e-07 0.0019281 0.00075841
0.00027623 1.0318e-07 1.9952e-07 0.0019311 0.0007589
0.00027973 1.092e-07 2.0791e-07 0.0019341 0.00075944
0.00028318 1.1288e-07 2.1381e-07 0.0019371 0.00075994
0.00028669 1.1714e-07 2.2071e-07 0.0019401 0.00076047
0.00029025 1.219e-07 2.2851e-07 0.0019432 0.00076098
0.00029385 1.269e-07 2.3692e-07 0.0019462 0.00076151
0.00029749 1.3241e-07 2.4626e-07 0.0019493 0.00076205
0.00030118 1.3823e-07 2.5631e-07 0.0019525 0.00076261
0.00030492 1.4441e-07 2.6711e-07 0.0019556 0.00076318
0.00030869 1.5098e-07 2.7872e-07 0.0019589 0.00076377
0.00031245 1.5577e-07 2.9125e-07 0.0019621 0.00076434
0.00031626 1.6123e-07 3.0505e-07 0.0019653 0.00076494
0.00032012 1.674e-07 3.202e-07 0.0019686 0.00076555
0.00032404 1.7433e-07 3.3681e-07 0.001972 0.00076617
0.000328 1.8181e-07 3.5461e-07 0.0019754 0.00076681
0.000332 1.8987e-07 3.7369e-07 0.0019788 0.00076747
0.00033599 1.9634e-07 3.9108e-07 0.0019823 0.00076811
0.00033996 2.0121e-07 4.0679e-07 0.0019857 0.00076875
0.00034398 2.0669e-07 4.2382e-07 0.0019891 0.00076939
0.00034805 2.1311e-07 4.4266e-07 0.0019926 0.00077006
0.00035211 2.1784e-07 4.5968e-07 0.0019961 0.00077071
0.00035622 2.2354e-07 4.786e-07 0.0019996 0.00077138
0.00036038 2.3025e-07 4.9955e-07 0.0020032 0.00077207
0.00036453 2.3526e-07 5.1861e-07 0.0020067 0.00077275
0.00036873 2.4133e-07 5.3981e-07 0.0020103 0.00077344
0.00037298 2.4818e-07 5.628e-07 0.002014 0.00077415
0.00037729 2.5585e-07 5.8769e-07 0.0020177 0.00077487
0.00038165 2.6474e-07 6.1514e-07 0.0020214 0.00077561
0.00038606 2.7456e-07 6.4477e-07 0.0020252 0.00077637
0.00039045 2.826e-07 6.7233e-07 0.002029 0.00077711
0.00039482 2.8887e-07 6.9782e-07 0.0020327 0.00077784
0.00039926 2.9645e-07 7.2611e-07 0.0020365 0.00077859
0.00040375 3.054e-07 7.5739e-07 0.0020404 0.00077936
0.00040823 3.1263e-07 7.8665e-07 0.0020442 0.00078011
0.00041275 3.2091e-07 8.1845e-07 0.0020481 0.00078088
0.00041726 3.2747e-07 8.4819e-07 0.0020519 0.00078164
0.00042184 3.3548e-07 8.8121e-07 0.0020558 0.00078242
0.00042639 3.4174e-07 9.1213e-07 0.0020597 0.00078319
0.000431 3.4914e-07 9.4583e-07 0.0020637 0.00078397
0.00043567 3.5809e-07 9.8316e-07 0.0020676 0.00078477
0.00044039 3.6828e-07 1.0237e-06 0.0020716 0.00078556
0.0004451 3.766e-07 1.0618e-06 0.0020756 0.00078633
0.00044978 3.8308e-07 1.0976e-06 0.0020795 0.00078709
0.0004505 3.9322e-07 1.0905e-06 0.0020833 0.00078783
0.00045118 3.9915e-07 1.079e-06 0.0020873 0.0007886
0.0004519 4.0777e-07 1.0719e-06 0.0020913 0.0007894
0.0004526 4.2347e-07 1.0614e-06 0.0020953 0.00079018
0.00045332 4.4086e-07 1.0532e-06 0.0020994 0.00079097
0.00045403 4.5635e-07 1.0431e-06 0.0021034 0.00079176
0.00045476 4.7355e-07 1.0353e-06 0.0021075 0.00079256
0.00045549 4.8871e-07 1.0253e-06 0.0021115 0.00079335
0.00045619 5.0184e-07 1.0133e-06 0.0021155 0.00079412
0.00045693 5.1725e-07 1.0042e-06 0.0021196 0.00079492
0.00045765 5.3541e-07 9.9819e-07 0.0021238 0.00079573
0.00045835 5.5127e-07 1.171e-06 0.0021279 0.00079653
0.00045908 5.6945e-07 1.1928e-06 0.002132 0.00079735
0.00045979 5.8537e-07 1.2122e-06 0.0021362 0.00079816
0.00046053 6.0344e-07 1.2345e-06 0.0021404 0.00079898
0.00046126 6.2437e-07 1.2607e-06 0.0021446 0.00079982
0.00046197 6.4312e-07 1.2845e-06 0.0021489 0.00080065
0.00046267 6.5969e-07 1.306e-06 0.0021531 0.00080147
0.00046339 6.7923e-07 1.3312e-06 0.0021573 0.0008023
0.0004641 6.9656e-07 1.354e-06 0.0021616 0.00080313
0.0004648 7.1169e-07 1.3746e-06 0.0021658 0.00080394
0.00046553 7.2967e-07 1.3988e-06 0.00217 0.00080474
0.00046628 7.5065e-07 1.4269e-06 0.0021743 0.00080556
0.00046707 7.748e-07 1.4591e-06 0.0021786 0.0008064
0.00046788 8.0257e-07 1.4955e-06 0.0021829 0.00080726
0.00046872 8.3328e-07 1.5357e-06 0.0021874 0.00080813
0.00046958 8.6798e-07 1.5808e-06 0.0021918 0.00080902
0.00047048 9.0846e-07 1.6329e-06 0.0021964 0.00080993
0.00047137 9.4624e-07 1.6822e-06 0.0022009 0.00081084
0.00047229 9.8852e-07 1.7368e-06 0.0022055 0.00081176
0.00047324 9.4751e-07 1.7974e-06 0.0022101 0.0008127
0.00047418 9.0399e-07 1.8551e-06 0.0022148 0.00081363
0.00047514 8.6418e-07 1.918e-06 0.0022194 0.00081458
0.00047612 8.2783e-07 1.9862e-06 0.0022241 0.00081554
0.00047709 7.889e-07 2.0513e-06 0.0022288 0.00081648
0.00047809 7.5329e-07 2.1219e-06 0.0022336 0.00081745
0.00047907 7.1505e-07 2.1893e-06 0.0022383 0.0008184
0.00048008 6.8007e-07 2.2626e-06 0.0022431 0.00081937
0.00048112 6.4893e-07 2.3438e-06 0.0022479 0.00082035
0.0004822 6.4575e-07 2.4175e-06 0.0022527 0.00082132
0.00048327 6.4001e-07 2.4867e-06 0.0022575 0.00082227
0.00048436 6.362e-07 2.5622e-06 0.0022623 0.00082323
0.00048544 6.3029e-07 2.6343e-06 0.0022671 0.00082418
0.0004865 6.2241e-07 2.7033e-06 0.0022718 0.00082513
0.0004876 6.1641e-07 2.7786e-06 0.0022766 0.00082608
0.00048388 6.0828e-07 2.8503e-06 0.0022814 0.00082703
0.00048014 5.9804e-07 2.9186e-06 0.0022862 0.00082796
0.00047645 5.9023e-07 2.9947e-06 0.002291 0.00082891
0.00047283 5.8503e-07 3.08e-06 0.0022959 0.00082989
0.00046915 5.8441e-07 3.1815e-06 0.0023009 0.0008309
0.00046556 5.3342e-07 3.1757e-06 0.002306 0.00083194
0.00046206 4.8923e-07 3.0535e-06 0.0023022 0.00083317
0.00045862 4.5102e-07 2.947e-06 0.0022984 0.00083442
0.00045527 4.1911e-07 2.857e-06 0.0022948 0.00083571
0.000452 4.5095e-07 2.7585e-06 0.0022912 0.00083703
0.00044866 4.7826e-07 2.6498e-06 0.0022876 0.00083833
0.00044529 5.016e-07 2.5317e-06 0.0022839 0.0008396
0.00044196 5.2804e-07 2.4247e-06 0.0022803 0.00084089
0.00043869 5.5748e-07 2.327e-06 0.0022767 0.00084221
0.00043545 5.8951e-07 2.2366e-06 0.0022732 0.00084354
0.0004322 6.192e-07 2.1425e-06 0.0022696 0.00084486
0.00042899 6.5159e-07 2.0553e-06 0.0022661 0.00084619
0.00042576 6.8176e-07 1.9648e-06 0.0022626 0.00084752
0.00042257 7.1492e-07 1.8812e-06 0.0022592 0.00084886
0.00041936 7.4507e-07 1.7931e-06 0.0022557 0.00085018
0.00041623 7.7021e-07 1.7459e-06 0.0022521 0.00085148
0.00041319 8.0215e-07 1.7081e-06 0.0022487 0.00085282
0.0004102 8.4167e-07 1.6788e-06 0.0022453 0.00085419
0.00040718 8.2751e-07 1.6562e-06 0.0022424 0.00085099
0.00040422 8.1812e-07 1.6398e-06 0.0022396 0.00084783
0.00040123 8.0518e-07 1.6194e-06 0.0022368 0.00084464
0.00039821 7.8856e-07 1.5948e-06 0.0022339 0.00084143
0.00039524 7.7588e-07 1.5754e-06 0.0022311 0.00083826
0.00039234 7.6795e-07 1.4364e-06 0.0022282 0.00083505
0.00038949 7.6343e-07 1.3097e-06 0.0022254 0.00083188
0.00038661 7.5583e-07 1.1764e-06 0.0022226 0.00082869
0.00038379 7.5237e-07 1.057e-06 0.0022198 0.00082554
0.00038095 7.4562e-07 9.306e-07 0.002217 0.00082236
0.00037784 7.4314e-07 8.1802e-07 0.0022143 0.00081922
0.00037469 7.3646e-07 8.2399e-07 0.0022115 0.00081605
0.00037159 7.3308e-07 8.33e-07 0.0022088 0.00081292
0.00036855 7.3349e-07 8.4564e-07 0.0022061 0.00080982
0.0003655 7.3173e-07 8.5624e-07 0.0022034 0.0008067
0.00036248 7.3257e-07 8.694e-07 0.0022008 0.00080362
0.00035952 7.36e-07 8.852e-07 0.0021982 0.00080055
0.00035653 7.373e-07 8.9895e-07 0.0021956 0.00079748
0.00035359 7.412e-07 9.1542e-07 0.0021931 0.00079443
0.00035063 7.4726e-07 8.4723e-07 0.0021906 0.0007914
0.00034765 7.5115e-07 7.7616e-07 0.002188 0.00078836
0.0003447 7.5718e-07 7.0967e-07 0.0021856 0.00078534
0.0003418 7.6101e-07 6.4032e-07 0.0021831 0.00078231
0.00033894 7.6758e-07 5.7628e-07 0.0021806 0.0007793
0.00033613 7.7701e-07 5.1718e-07 0.0021782 0.00077632
0.00033336 7.8981e-07 4.6315e-07 0.0021759 0.00077336
0.00033063 8.0635e-07 4.1397e-07 0.0021736 0.00077044
0.00032798 8.1871e-07 4.3327e-07 0.0021712 0.00076749
0.00032538 8.3621e-07 4.5608e-07 0.002169 0.00076458
0.00032282 8.5781e-07 4.8172e-07 0.0021668 0.00076169
0.00032024 8.7564e-07 5.0435e-07 0.0021646 0.00075879
0.00031771 8.8955e-07 5.239e-07 0.0021623 0.00075586
0.00031515 8.9978e-07 5.4055e-07 0.00216 0.00075292
0.00031264 9.1441e-07 5.6021e-07 0.0021577 0.00075
0.00031018 9.3466e-07 5.6495e-07 0.0021555 0.00074712
0.00030771 9.5191e-07 5.6746e-07 0.0021533 0.00074422
0.00030521 9.6624e-07 5.6779e-07 0.0021511 0.00074131
0.00030269 9.7769e-07 5.6593e-07 0.0021488 0.00073838
0.00030021 9.9243e-07 5.6587e-07 0.0021466 0.00073548
0.00029777 1.0113e-06 5.6808e-07 0.0021445 0.0007326
0.00029537 1.0343e-06 5.7238e-07 0.0021424 0.00072975
0.00029294 1.0538e-06 5.7425e-07 0.0021402 0.00072689
0.00029057 9.9952e-07 5.7906e-07 0.0021382 0.00072405
0.00028825 9.3891e-07 5.8068e-07 0.0021361 0.00072119
0.00028598 8.8693e-07 5.8544e-07 0.002134 0.00071837
0.00028376 8.4262e-07 5.9341e-07 0.0021321 0.00071558
0.0002816 7.656e-07 6.0545e-07 0.00213 0.00071276
0.00027941 6.8009e-07 6.1387e-07 0.002128 0.00070991
0.00027727 6.0733e-07 6.2647e-07 0.002126 0.00070711
0.00027518 5.4465e-07 6.4268e-07 0.0021241 0.00070433
0.00027305 4.7317e-07 6.5512e-07 0.0021221 0.00070153
0.00027089 4.8289e-07 6.6413e-07 0.0021201 0.00069871
0.0002687 4.8915e-07 6.6976e-07 0.002118 0.00069586
0.00026657 5.0012e-07 6.797e-07 0.002116 0.00069305
0.0002644 5.1562e-07 6.9413e-07 0.002114 0.00069021
0.0002622 5.3514e-07 7.1249e-07 0.002112 0.00068741
0.00026006 5.6e-07 7.3595e-07 0.0021102 0.00068465
0.00025796 5.8975e-07 7.64e-07 0.0021084 0.00068193
0.00025592 6.2492e-07 7.9703e-07 0.0021066 0.00067924
0.00025384 6.5506e-07 8.2544e-07 0.002105 0.00067659
0.00025182 6.8077e-07 8.4977e-07 0.0021033 0.00067392
0.00024985 7.13e-07 8.8008e-07 0.0021017 0.00067128
0.00024792 7.5124e-07 9.1582e-07 0.0021002 0.00066868
0.00024605 7.9761e-07 9.5876e-07 0.0020987 0.00066612
0.00024421 8.5167e-07 1.0084e-06 0.0020974 0.0006636
0.00024243 8.49e-07 1.0669e-06 0.0020961 0.00066111
0.0002407 8.5206e-07 1.1355e-06 0.0020948 0.00065866
0.00023902 8.609e-07 1.2155e-06 0.0020937 0.00065625
0.0002373 8.6513e-07 1.288e-06 0.0020925 0.00065381
0.00023555 8.1165e-07 1.2902e-06 0.0020914 0.00065141
0.00023385 7.5209e-07 1.4581e-06 0.0020904 0.00064904
0.00023212 7.0298e-07 1.6474e-06 0.0020894 0.00064671
0.00023043 6.6087e-07 1.861e-06 0.0020886 0.0006444
0.0002287 6.2618e-07 2.1069e-06 0.0020877 0.00064214
0.00022703 5.8668e-07 2.2493e-06 0.0020869 0.00063985
0.0002254 5.541e-07 2.2744e-06 0.0020861 0.00063759
0.0002238 5.2662e-07 2.3098e-06 0.0020854 0.00063537
0.00022218 5.7183e-07 2.3388e-06 0.0020847 0.00063312
0.00022053 6.1202e-07 2.3621e-06 0.0020839 0.00063085
0.00021886 6.474e-07 2.3798e-06 0.0020832 0.00062861
0.00021723 6.9023e-07 2.4068e-06 0.0020824 0.00062634
0.00021574 7.4159e-07 2.349e-06 0.0020817 0.00062412
0.00021429 8.0108e-07 2.3006e-06 0.0020811 0.00062192
0.00021282 8.5388e-07 2.2451e-06 0.0020805 0.00061975
0.00021138 9.1523e-07 2.1988e-06 0.00208 0.00061761
0.00020998 9.8624e-07 2.161e-06 0.0020796 0.00061551
0.00020855 1.0704e-06 1.9912e-06 0.0020793 0.00061343
0.00020716 1.1697e-06 1.8445e-06 0.0020789 0.00061134
0.00020581 1.2839e-06 1.7149e-06 0.0020786 0.00060927
0.00020449 1.4181e-06 1.6046e-06 0.0020784 0.00060724
0.00020321 1.5721e-06 1.5075e-06 0.0020782 0.00060523
0.00020197 1.7485e-06 1.4223e-06 0.0020781 0.00060326
0.00020076 1.9095e-06 1.3286e-06 0.002078 0.00060126
0.00019959 2.0988e-06 1.2482e-06 0.0020779 0.00059929
0.00019845 2.1458e-06 1.1776e-06 0.0020779 0.00059735
0.00019728 2.2314e-06 1.0998e-06 0.002078 0.00059545
0.00019616 2.3075e-06 1.0142e-06 0.0020781 0.00059352
0.00019506 2.3971e-06 9.387e-07 0.0020782 0.00059162
0.00019394 2.4768e-06 8.5577e-07 0.0020782 0.00058969
0.00019285 2.547e-06 7.65e-07 0.0020784 0.0005878
0.00019179 2.6287e-06 6.8324e-07 0.0020786 0.00058594
0.00019075 2.7208e-06 6.0821e-07 0.0020788 0.00058409
0.00018969 2.824e-06 5.3917e-07 0.0020791 0.00058226
0.00018866 2.9388e-06 4.7539e-07 0.0020795 0.00058045
0.00018764 3.0642e-06 4.1559e-07 0.0020798 0.00057865
0.0001866 3.1843e-06 3.5305e-07 0.0020802 0.00057684
0.00018559 3.3213e-06 2.9636e-07 0.0020806 0.00057506
0.00018462 3.4449e-06 3.0325e-07 0.002081 0.00057325
0.00018369 3.5926e-06 3.1281e-07 0.0020814 0.00057147
0.00018279 3.7683e-06 3.2523e-07 0.002082 0.00056972
0.00018192 3.7955e-06 3.4076e-07 0.0020826 0.00056801
0.00018108 3.8371e-06 3.597e-07 0.0020833 0.00056632
0.00018022 3.8696e-06 3.7534e-07 0.0020839 0.00056462
0.00017939 3.9169e-06 3.5738e-07 0.0020847 0.00056294
0.00017859 3.9776e-06 3.4222e-07 0.0020855 0.00056129
0.00017782 4.0527e-06 3.2963e-07 0.0020863 0.00055967
0.00017707 4.1185e-06 3.1999e-07 0.0020873 0.00055807
0.00017631 4.0717e-06 3.1311e-07 0.0020883 0.00055651
0.00017552 4.0377e-06 3.0907e-07 0.0020894 0.00055497
0.0001747 3.9945e-06 3.0218e-07 0.0020906 0.00055347
0.00017391 3.9637e-06 2.9734e-07 0.0020918 0.00055199
0.0001731 3.924e-06 3.5938e-07 0.0020932 0.00055054
0.00017232 3.8986e-06 4.3051e-07 0.0020946 0.00054912
0.00017157 3.8871e-06 5.1213e-07 0.0020961 0.00054774
0.0001708 3.8669e-06 5.8672e-07 0.0020976 0.00054632
0.00017 3.8381e-06 6.5468e-07 0.002099 0.00054489
0.00016923 3.8231e-06 7.331e-07 0.0021004 0.00054348
0.00016845 3.7999e-06 8.0466e-07 0.0021019 0.00054205
0.00016769 3.6319e-06 8.1277e-07 0.0021034 0.00054065
0.00016696 3.4909e-06 7.6864e-07 0.002105 0.00053929
0.00016627 3.4004e-06 7.1964e-07 0.0021066 0.00053789
0.00016559 3.3248e-06 6.768e-07 0.0021082 0.00053652
0.00016495 3.24e-06 6.2926e-07 0.0021098 0.00053513
0.00016433 3.1719e-06 5.8869e-07 0.0021114 0.00053377
0.0001637 3.0939e-06 6.2234e-07 0.002113 0.00053239
0.00016309 3.0319e-06 6.1149e-07 0.0021147 0.00053103
0.00016251 2.9842e-06 6.0474e-07 0.0021165 0.00052971
0.00016191 2.9185e-06 5.9471e-07 0.0021184 0.00052841
0.00016134 2.8652e-06 5.8796e-07 0.0021203 0.00052713
0.00016079 2.8233e-06 5.8442e-07 0.0021223 0.00052587
0.00016027 2.7942e-06 5.7311e-07 0.0021244 0.00052465
0.00015978 2.7769e-06 5.6577e-07 0.0021265 0.00052345
0.00015932 2.709e-06 5.5491e-07 0.0021287 0.00052223
0.00015883 2.6329e-06 5.4085e-07 0.0021307 0.00052099
0.00015837 2.5704e-06 5.3028e-07 0.0021329 0.00051977
0.00015793 2.5184e-06 5.2246e-07 0.0021351 0.00051857
0.00015747 2.4589e-06 5.1153e-07 0.0021373 0.00051736
0.00015704 2.4116e-06 5.0397e-07 0.0021395 0.00051617
0.00015662 2.3738e-06 4.9925e-07 0.0021418 0.000515
0.00015619 2.3292e-06 4.9154e-07 0.0021441 0.0005138
0.00015574 2.2784e-06 4.8104e-07 0.0021463 0.0005126
0.00015531 2.2372e-06 4.7325e-07 0.0021486 0.00051141
0.00015486 2.1863e-06 4.615e-07 0.0021509 0.0005102
0.00015443 2.1432e-06 4.5181e-07 0.0021532 0.000509
0.00015399 2.0953e-06 4.3982e-07 0.0021554 0.00050779
0.00015355 2.0542e-06 4.2958e-07 0.0021578 0.0005066
0.00015313 2.0181e-06 4.2052e-07 0.0021601 0.00050542
0.00015272 1.9868e-06 4.1259e-07 0.0021625 0.00050424
0.0001523 1.9525e-06 4.0295e-07 0.0021649 0.00050306
0.00015189 1.9238e-06 3.9476e-07 0.0021673 0.00050189
0.0001515 1.8995e-06 3.8763e-07 0.0021698 0.00050073
0.00015109 1.8723e-06 3.7881e-07 0.0021723 0.00049956
0.00015069 1.8504e-06 3.7135e-07 0.0021748 0.0004984
0.00015031 1.8329e-06 3.6498e-07 0.0021773 0.00049726
0.00014991 1.8111e-06 3.5639e-07 0.0021798 0.0004961
0.00014953 1.7951e-06 3.4936e-07 0.0021824 0.00049495
0.00014913 1.7721e-06 3.3955e-07 0.0021849 0.00049379
0.00014875 1.7582e-06 3.3262e-07 0.0021876 0.00049264
0.00014839 1.7512e-06 3.2765e-07 0.0021903 0.00049152
0.00014805 1.7508e-06 3.2459e-07 0.002193 0.00049042
0.00014773 1.7546e-06 3.2247e-07 0.0021958 0.00048933
0.00014739 1.7557e-06 3.1874e-07 0.0021986 0.00048823
0.00014704 1.7541e-06 3.1339e-07 0.0022014 0.00048712
0.0001467 1.7565e-06 3.089e-07 0.0022042 0.00048602
0.00014638 1.7628e-06 3.0525e-07 0.0022071 0.00048493
0.00014607 1.7746e-06 3.03e-07 0.00221 0.00048385
0.00014574 1.7836e-06 2.9913e-07 0.0022129 0.00048277
0.00014543 1.7965e-06 2.9601e-07 0.0022158 0.00048169
0.00014513 1.8134e-06 2.9362e-07 0.0022188 0.00048063
0.00014482 1.8275e-06 2.8963e-07 0.0022218 0.00047955
0.00014452 1.8466e-06 2.8666e-07 0.0022248 0.00047849
0.00014423 1.87e-06 2.8443e-07 0.0022278 0.00047744
0.00014393 1.8906e-06 2.8063e-07 0.0022309 0.00047637
0.00014362 1.9084e-06 2.7525e-07 0.0022339 0.0004753
0.00014332 1.9313e-06 2.7084e-07 0.002237 0.00047424
0.00014301 1.9513e-06 2.6485e-07 0.00224 0.00047316
0.00014269 1.9684e-06 2.5726e-07 0.002243 0.00047208
0.00014235 1.9791e-06 2.4694e-07 0.002246 0.00047097
0.00014204 1.9993e-06 2.3898e-07 0.0022491 0.00046989
0.00014174 2.0295e-06 2.3323e-07 0.0022522 0.00046884
0.00014144 2.0537e-06 2.2505e-07 0.0022553 0.00046777
0.00014114 2.0848e-06 2.1809e-07 0.0022585 0.00046671
0.00014086 2.1208e-06 2.117e-07 0.0022617 0.00046566
0.00014058 2.1619e-06 2.0582e-07 0.002265 0.00046462
0.0001403 2.1999e-06 1.9842e-07 0.0022682 0.00046357
0.00014003 2.2442e-06 1.9176e-07 0.0022715 0.00046254
0.00013976 2.2855e-06 1.8364e-07 0.0022748 0.00046149
0.00013951 2.3323e-06 1.7599e-07 0.0022781 0.00046045
0.00013927 2.3849e-06 1.6875e-07 0.0022814 0.00045943
0.00013903 2.307e-06 1.6189e-07 0.0022848 0.00045841
0.00013881 2.2361e-06 1.5537e-07 0.0022883 0.0004574
0.00013857 2.1618e-06 1.4745e-07 0.0022917 0.00045638
0.00013835 2.0955e-06 1.4008e-07 0.0022952 0.00045538
0.00013812 2.0256e-06 1.3126e-07 0.0022987 0.00045436
0.00013789 1.962e-06 1.2273e-07 0.0023022 0.00045335
0.00013768 1.9044e-06 1.1444e-07 0.0023057 0.00045236
0.00013748 1.8534e-06 1.0656e-07 0.0023094 0.00045137
0.00013728 1.8087e-06 9.902e-08 0.002313 0.0004504
0.00013711 1.7699e-06 9.178e-08 0.0023168 0.00044944
0.00013694 1.7366e-06 8.4788e-08 0.0023205 0.00044849
0.00013678 1.7076e-06 7.7826e-08 0.0023244 0.00044755
0.00013663 1.6837e-06 7.1025e-08 0.0023282 0.00044662
0.0001365 1.6646e-06 6.4338e-08 0.0023322 0.00044571
0.00013637 1.6502e-06 5.772e-08 0.0023362 0.00044481
0.00013626 1.6404e-06 5.1127e-08 0.0023402 0.00044391
0.00013614 1.6278e-06 4.3225e-08 0.0023442 0.00044301
0.00013603 1.6198e-06 3.5312e-08 0.0023483 0.00044212
0.00013593 1.6162e-06 2.7334e-08 0.0023525 0.00044124
0.00013584 1.617e-06 1.9238e-08 0.0023567 0.00044038
0.00013576 1.6214e-06 1.0852e-08 0.0023609 0.00043952
0.00013567 1.6231e-06 1.4862e-08 0.0023651 0.00043865
0.00013559 1.6285e-06 1.8323e-08 0.0023694 0.00043779
0.00013552 1.6376e-06 2.1254e-08 0.0023737 0.00043694
0.00013546 1.6516e-06 2.3795e-08 0.0023781 0.0004361
0.00013539 1.6781e-06 2.508e-08 0.0023825 0.00043525
0.00013533 1.71e-06 2.5973e-08 0.0023869 0.00043441
0.00013526 1.7354e-06 2.5328e-08 0.0023913 0.00043355
0.00013516 1.7547e-06 4.4392e-08 0.0023956 0.00043267
0.00013504 1.7678e-06 6.0999e-08 0.0023998 0.00043177
0.00013495 1.7909e-06 7.9766e-08 0.0024042 0.0004309
0.00013483 1.8077e-06 9.5977e-08 0.0024085 0.00043
0.0001347 1.8183e-06 1.0972e-07 0.0024127 0.00042908
0.00013459 1.8379e-06 1.2539e-07 0.002417 0.00042818
0.0001345 1.8657e-06 1.428e-07 0.0024214 0.00042731
0.00013443 1.8875e-06 1.5771e-07 0.0024258 0.00042641
0.00013438 1.9022e-06 1.7019e-07 0.0024301 0.0004255
0.00013435 1.9265e-06 1.8488e-07 0.0024345 0.00042461
0.00013435 1.9609e-06 2.0208e-07 0.0024391 0.00042374
0.00013437 2.0112e-06 2.2214e-07 0.0024437 0.00042289
0.00013436 2.0742e-06 2.4546e-07 0.0024484 0.00042207
0.00013435 2.0537e-06 2.7177e-07 0.002444 0.00042137
0.00013435 2.0265e-06 2.9464e-07 0.0024395 0.00042066
0.00013433 1.993e-06 3.1445e-07 0.0024349 0.00041992
0.00013434 1.9674e-06 3.3691e-07 0.0024304 0.0004192
0.00013436 1.9495e-06 3.6235e-07 0.002426 0.00041849
0.0001344 1.9255e-06 3.8444e-07 0.0024215 0.00041777
0.00013446 1.9106e-06 4.1043e-07 0.0024172 0.00041707
0.00013454 1.9034e-06 4.4022e-07 0.0024129 0.00041638
0.0001346 1.8899e-06 4.6609e-07 0.0024086 0.00041568
0.00013468 1.8836e-06 4.9562e-07 0.0024043 0.00041499
0.00013478 1.8482e-06 5.3009e-07 0.0024002 0.00041432
0.00013487 1.8066e-06 5.6068e-07 0.0023961 0.00041368
0.00013497 1.7721e-06 5.9493e-07 0.0023921 0.00041305
0.00013505 1.7332e-06 6.2642e-07 0.0023881 0.0004124
0.00013512 1.6912e-06 6.5577e-07 0.0023841 0.00041175
0.00013521 1.6549e-06 6.8807e-07 0.0023801 0.0004111
0.00013531 1.623e-06 7.2293e-07 0.0023761 0.00041046
0.00013541 1.5953e-06 7.6054e-07 0.0023723 0.00040984
0.00013553 1.5731e-06 8.0226e-07 0.0023684 0.00040922
0.00013563 1.6951e-06 8.3941e-07 0.0023646 0.00040858
0.00013575 1.8389e-06 8.2537e-07 0.0023608 0.00040797
0.00013589 2.004e-06 8.1543e-07 0.0023571 0.00040738
0.00013605 2.1981e-06 8.103e-07 0.0023535 0.0004068
0.0001362 2.3768e-06 8.0155e-07 0.0023498 0.00040621
0.00013636 2.5763e-06 7.9575e-07 0.0023462 0.00040563
0.00013651 2.7679e-06 7.8777e-07 0.0023426 0.00040504
0.00013666 2.9753e-06 7.8164e-07 0.002339 0.00040445
0.00013681 3.176e-06 7.7357e-07 0.0023355 0.00040386
0.00013695 3.3701e-06 7.6354e-07 0.0023318 0.00040325
0.00013707 3.5577e-06 7.5155e-07 0.0023282 0.00040264
0.00013719 3.7396e-06 7.3771e-07 0.0023246 0.00040201
0.00013731 3.9369e-06 7.2574e-07 0.002321 0.00040139
0.00013745 4.1541e-06 7.1604e-07 0.0023174 0.00040078
0.0001376 4.1503e-06 7.0856e-07 0.0023139 0.00040019
0.00013774 4.1428e-06 6.9915e-07 0.0023104 0.00039958
0.00013789 4.1419e-06 6.9145e-07 0.0023069 0.00039898
0.00013803 4.1376e-06 6.8196e-07 0.0023034 0.00039837
0.00013818 4.1398e-06 6.7415e-07 0.0023 0.00039776
0.00013833 4.1485e-06 6.6799e-07 0.0022966 0.00039717
0.0001385 4.1636e-06 6.6343e-07 0.0022932 0.00039658
0.00013866 4.1751e-06 6.5701e-07 0.0022898 0.00039598
0.00013881 4.1831e-06 6.487e-07 0.0022864 0.00039537
0.00013897 4.1976e-06 6.42e-07 0.0022831 0.00039477
0.00013913 4.2186e-06 6.3686e-07 0.0022798 0.00039418
0.00013929 4.2361e-06 6.2986e-07 0.0022765 0.00039358
0.00013946 4.2615e-06 6.2484e-07 0.0022732 0.00039298
0.00013964 4.2939e-06 6.2133e-07 0.0022699 0.0003924
0.0001398 4.3225e-06 6.1598e-07 0.0022667 0.0003918
0.00013996 4.3477e-06 6.0888e-07 0.0022634 0.00039119
0.00014013 4.3799e-06 6.0332e-07 0.0022602 0.00039059
0.00014028 4.4087e-06 5.9602e-07 0.002257 0.00038999
0.00014043 4.434e-06 5.8697e-07 0.0022537 0.00038937
0.00014059 4.4678e-06 5.7984e-07 0.0022505 0.00038876
0.00014074 4.4978e-06 5.7087e-07 0.0022472 0.00038814
0.0001409 4.535e-06 5.6335e-07 0.0022441 0.00038753
0.00014107 4.3777e-06 5.5767e-07 0.0022409 0.00038692
0.00014123 4.2145e-06 5.5017e-07 0.0022378 0.00038631
0.0001414 4.0647e-06 5.4407e-07 0.0022347 0.00038571
0.00014156 3.9065e-06 5.3616e-07 0.0022315 0.00038509
0.00014173 3.7634e-06 5.3002e-07 0.0022284 0.00038448
0.00014191 3.6322e-06 5.2521e-07 0.0022254 0.00038389
0.0001421 3.514e-06 5.2209e-07 0.0022224 0.0003833
0.00014229 3.3927e-06 5.1729e-07 0.0022194 0.0003827
0.00014248 3.2835e-06 5.1416e-07 0.0022165 0.00038211
0.00014266 3.1695e-06 5.0926e-07 0.0022135 0.00038151
0.00014283 3.0513e-06 5.0269e-07 0.0022105 0.0003809
0.00014302 2.9447e-06 4.9777e-07 0.0022075 0.0003803
0.00014322 2.849e-06 4.9448e-07 0.0022047 0.00037971
0.0001434 2.7492e-06 4.8953e-07 0.0022017 0.00037911
0.00014358 2.6451e-06 4.8281e-07 0.0021988 0.0003785
0.00014377 2.5365e-06 4.7433e-07 0.0021959 0.0003779
0.00014395 2.4237e-06 4.6417e-07 0.002193 0.00037729
0.00014412 2.3068e-06 4.5234e-07 0.0021901 0.00037667
0.0001443 2.1992e-06 4.4176e-07 0.0021873 0.00037606
0.00014449 2.1004e-06 4.324e-07 0.0021844 0.00037545
0.00014467 1.9976e-06 4.2139e-07 0.0021816 0.00037484
0.00014486 1.9032e-06 4.1155e-07 0.0021788 0.00037423
0.00014504 1.805e-06 4.0007e-07 0.0021759 0.00037361
0.00014521 1.703e-06 3.8694e-07 0.0021731 0.00037298
0.0001454 1.6105e-06 3.7533e-07 0.0021703 0.00037236
0.00014559 1.5267e-06 3.6514e-07 0.0021676 0.00037175
0.00014579 1.4496e-06 3.5597e-07 0.0021649 0.00037115
0.00014601 1.3799e-06 3.4812e-07 0.0021622 0.00037056
0.00014622 1.3069e-06 3.3862e-07 0.0021595 0.00036996
0.00014644 1.2413e-06 3.3053e-07 0.0021569 0.00036936
0.00014668 1.1849e-06 3.2449e-07 0.0021544 0.00036879
0.00014694 1.1384e-06 3.2099e-07 0.0021519 0.00036823
0.00014719 1.0861e-06 3.1493e-07 0.0021494 0.00036766
0.0001473 1.0434e-06 3.1146e-07 0.002147 0.0003671
0.0001474 9.9802e-07 3.0642e-07 0.0021445 0.00036654
0.00014751 9.5657e-07 3.0216e-07 0.0021421 0.00036598
0.00014763 9.1881e-07 2.9865e-07 0.0021398 0.00036543
0.00014774 8.784e-07 2.9354e-07 0.0021374 0.00036487
0.00014786 8.4151e-07 2.8917e-07 0.0021351 0.00036432
0.00014799 8.079e-07 2.8552e-07 0.0021328 0.00036377
0.00014811 7.7194e-07 2.8036e-07 0.0021305 0.00036321
0.00014822 7.3362e-07 2.7367e-07 0.0021281 0.00036265
0.00014834 6.9919e-07 2.6798e-07 0.0021258 0.00036209
0.00014846 6.6228e-07 2.6071e-07 0.0021235 0.00036152
0.00014858 6.2837e-07 2.5411e-07 0.0021213 0.00036096
0.00014871 5.9726e-07 2.4817e-07 0.002119 0.00036041
0.00014885 5.6934e-07 2.4311e-07 0.0021169 0.00035986
0.00014583 5.4439e-07 2.389e-07 0.0021147 0.00035933
0.00014279 5.1719e-07 2.3315e-07 0.0021126 0.00035878
0.00013979 4.9283e-07 2.2823e-07 0.0021105 0.00035825
0.00013682 4.7056e-07 2.2386e-07 0.0021084 0.00035772
0.00013771 4.4611e-07 2.1794e-07 0.0021063 0.00035718
0.00013862 4.2417e-07 2.1281e-07 0.0021043 0.00035665
0.00013952 4.0011e-07 2.0614e-07 0.0021023 0.0003561
0.00014044 3.7853e-07 2.003e-07 0.0021003 0.00035557
0.00014133 3.6122e-07 1.963e-07 0.0020983 0.00035506
0.00014225 3.4775e-07 1.9406e-07 0.0020965 0.00035457
0.0001432 3.372e-07 1.9319e-07 0.0020947 0.00035409
0.00014413 3.238e-07 1.9025e-07 0.0020929 0.0003536
0.00014504 3.0774e-07 1.8539e-07 0.0020911 0.00035309
0.00014598 2.9458e-07 1.8188e-07 0.0020893 0.0003526
0.00014693 2.8344e-07 1.7916e-07 0.0020876 0.00035212
0.00014791 2.7425e-07 1.7737e-07 0.0020859 0.00035165
0.0001489 2.6637e-07 1.7615e-07 0.0020843 0.00035119
0.00014991 2.5955e-07 1.7536e-07 0.0020827 0.00035074
0.00015093 2.5361e-07 1.7491e-07 0.0020812 0.00035029
0.00015197 2.4882e-07 1.75e-07 0.0020797 0.00034986
0.00015303 2.4511e-07 1.7563e-07 0.0020783 0.00034943
0.0001541 2.4245e-07 1.768e-07 0.0020769 0.00034901
0.00015517 2.3809e-07 1.7652e-07 0.0020755 0.00034859
0.00015625 2.3476e-07 1.7677e-07 0.0020741 0.00034817
0.00015734 2.3244e-07 1.7757e-07 0.0020728 0.00034776
0.00015846 2.311e-07 1.7892e-07 0.0020716 0.00034735
0.00015957 2.2814e-07 1.7886e-07 0.0020703 0.00034694
0.00016069 2.2615e-07 1.7935e-07 0.002069 0.00034654
0.00016183 2.2512e-07 1.8039e-07 0.0020678 0.00034615
0.00016299 2.2503e-07 1.82e-07 0.0020667 0.00034576
0.00016417 2.2589e-07 1.8419e-07 0.0020656 0.00034538
0.00016536 2.2741e-07 1.8673e-07 0.0020645 0.00034501
0.00016657 2.296e-07 1.8964e-07 0.0020635 0.00034465
0.0001678 2.3248e-07 1.9294e-07 0.0020625 0.00034429
0.00016901 2.3366e-07 1.9476e-07 0.0020615 0.00034393
0.00017021 2.3315e-07 1.951e-07 0.0020604 0.00034355
0.00017143 2.3362e-07 1.9606e-07 0.0020594 0.00034318
0.00017267 2.3507e-07 1.9765e-07 0.0020585 0.00034282
0.00017393 2.3753e-07 1.9988e-07 0.0020576 0.00034247
0.00017518 2.3829e-07 2.0063e-07 0.0020567 0.0003421
0.00017645 2.4016e-07 2.0202e-07 0.0020558 0.00034175
0.00017771 2.4034e-07 2.0193e-07 0.0020549 0.00034138
0.00017895 2.3889e-07 2.004e-07 0.002054 0.00034101
0.00018022 2.3844e-07 1.9952e-07 0.0020531 0.00034064
0.0001815 2.3901e-07 1.9929e-07 0.0020523 0.00034029
0.00018281 2.4028e-07 1.9945e-07 0.0020515 0.00033994
0.00018413 2.4226e-07 2.0002e-07 0.0020508 0.00033959
0.00018543 2.4255e-07 1.9911e-07 0.00205 0.00033924
0.00018676 2.4386e-07 1.9883e-07 0.0020493 0.00033889
0.00018808 2.462e-07 1.9919e-07 0.0020486 0.00033855
0.00018938 2.4684e-07 1.9807e-07 0.0020479 0.0003382
0.00019071 2.4853e-07 1.9758e-07 0.0020473 0.00033786
0.00019202 2.4857e-07 1.9567e-07 0.0020466 0.00033751
0.00019336 2.4936e-07 1.9415e-07 0.002046 0.00033717
0.00019471 2.5121e-07 1.9325e-07 0.0020454 0.00033683
0.00019605 2.5141e-07 1.9093e-07 0.0020448 0.00033649
0.00019742 2.5269e-07 1.8923e-07 0.0020443 0.00033615
0.0001988 2.5476e-07 1.8791e-07 0.0020437 0.00033582
0.0002002 2.578e-07 1.8711e-07 0.0020433 0.0003355
0.00020164 2.6357e-07 1.5435e-07 0.0020429 0.00033519
0.00020306 2.6656e-07 1.6342e-07 0.0020424 0.00033487
0.00020583 2.7175e-07 1.7021e-07 0.002042 0.00033456
0.00020859 2.7516e-07 1.755e-07 0.0020416 0.00033424
0.00021139 2.7977e-07 1.814e-07 0.0020413 0.00033393
0.00021422 2.8561e-07 1.8795e-07 0.002041 0.00033363
0.00021709 2.9238e-07 1.9493e-07 0.0020407 0.00033333
0.00021999 3.0049e-07 2.0264e-07 0.0020405 0.00033305
0.00022288 3.0688e-07 2.089e-07 0.0020402 0.00033275
0.00022581 3.1465e-07 2.1592e-07 0.00204 0.00033246
0.00022873 3.2061e-07 2.2142e-07 0.0020398 0.00033216
0.00023167 3.2769e-07 2.275e-07 0.0020396 0.00033187
0.0002346 3.3289e-07 2.3201e-07 0.0020394 0.00033156
0.00023757 3.3924e-07 2.3711e-07 0.0020392 0.00033127
0.00024052 3.437e-07 2.4063e-07 0.002039 0.00033096
0.0002435 3.4938e-07 2.4473e-07 0.0020389 0.00033066
0.00024646 3.5323e-07 2.4729e-07 0.0020387 0.00033034
0.00024942 3.5534e-07 2.4837e-07 0.0020385 0.00033002
0.00025241 3.5894e-07 2.5029e-07 0.0020384 0.00032971
0.00025544 3.6405e-07 2.5306e-07 0.0020383 0.0003294
0.00025851 3.7085e-07 2.5669e-07 0.0020382 0.0003291
0.00026162 3.7888e-07 2.6095e-07 0.0020382 0.00032881
0.00026472 3.8503e-07 2.6365e-07 0.0020382 0.00032851
0.00026785 3.9244e-07 2.6697e-07 0.0020382 0.00032821
0.00027096 3.9797e-07 2.6874e-07 0.0020381 0.00032791
0.00027411 4.0518e-07 2.7143e-07 0.0020382 0.00032761
0.00027731 4.1414e-07 2.7504e-07 0.0020382 0.00032732
0.0002805 4.2128e-07 2.7716e-07 0.0020383 0.00032702
0.00028366 4.2661e-07 2.7777e-07 0.0020383 0.00032671
0.00028687 4.3013e-07 2.7688e-07 0.0020383 0.00032639
0.00029011 4.35e-07 2.7665e-07 0.0020384 0.00032607
0.00029334 4.3795e-07 2.7485e-07 0.0020384 0.00032575
0.00029655 4.3909e-07 2.7154e-07 0.0020384 0.00032541
0.0002998 4.4198e-07 2.6916e-07 0.0020385 0.00032509
0.0003031 4.4667e-07 2.6769e-07 0.0020386 0.00032477
0.00030645 4.5318e-07 2.6713e-07 0.0020387 0.00032446
0.00030984 4.6158e-07 2.6748e-07 0.0020389 0.00032416
0.00031328 4.7194e-07 2.6872e-07 0.0020391 0.00032386
0.00031676 4.8391e-07 2.7062e-07 0.0020394 0.00032357
0.00032022 4.9389e-07 2.7096e-07 0.0020397 0.00032327
0.00032367 5.0189e-07 2.6974e-07 0.0020399 0.00032297
0.00032716 5.1195e-07 2.6943e-07 0.0020402 0.00032267
0.00033063 5.2001e-07 2.6756e-07 0.0020404 0.00032235
0.00033409 5.2607e-07 2.6414e-07 0.0020407 0.00032203
0.00033753 5.3025e-07 2.5921e-07 0.0020409 0.0003217
0.00034102 5.3651e-07 2.5519e-07 0.0020411 0.00032138
0.0003445 5.4082e-07 2.4965e-07 0.0020414 0.00032104
0.00034793 5.4158e-07 2.4636e-07 0.0020416 0.00032069
0.00035131 5.3884e-07 2.4063e-07 0.0020417 0.00032032
0.00035477 5.3961e-07 2.366e-07 0.002042 0.00031997
0.00035829 5.4426e-07 2.3418e-07 0.0020423 0.00031963
0.00036177 5.4524e-07 2.2928e-07 0.0020425 0.00031927
0.00036532 5.4946e-07 2.2582e-07 0.0020428 0.00031892
0.00036882 5.5012e-07 2.1997e-07 0.0020431 0.00031856
0.00037229 5.4758e-07 2.1189e-07 0.0020433 0.00031818
0.00037582 5.4812e-07 2.0516e-07 0.0020436 0.00031781
0.00037931 5.452e-07 1.9612e-07 0.0020438 0.00031743
0.00038277 5.3834e-07 1.8482e-07 0.002044 0.00031703
0.00038627 5.3385e-07 1.7449e-07 0.0020442 0.00031664
0.00038984 5.3223e-07 1.6533e-07 0.0020445 0.00031626
0.00039339 5.2856e-07 1.5464e-07 0.0020448 0.00031587
0.00039699 5.2695e-07 1.4463e-07 0.0020451 0.00031549
0.00040064 5.2693e-07 1.3499e-07 0.0020455 0.00031511
0.00040426 5.2492e-07 1.2388e-07 0.0020458 0.00031473
0.00040787 5.2093e-07 1.1129e-07 0.0020462 0.00031433
0.00041153 5.1904e-07 9.9329e-08 0.0020465 0.00031394
0.00041517 5.1498e-07 8.5804e-08 0.0020469 0.00031354
0.00041879 5.0848e-07 7.0405e-08 0.0020472 0.00031313
0.00042238 4.9951e-07 8.4264e-08 0.0020475 0.0003127
0.00042601 4.9252e-07 9.8657e-08 0.0020478 0.00031229
0.00042963 4.8318e-07 1.1139e-07 0.0020481 0.00031186
0.0004333 4.7627e-07 1.2486e-07 0.0020485 0.00031144
0.00043704 4.722e-07 1.396e-07 0.0020489 0.00031103
0.00044073 4.6491e-07 1.5207e-07 0.0020493 0.0003106
0.00044094 4.6163e-07 1.6664e-07 0.0020498 0.0003102
0.00044116 4.5993e-07 1.8197e-07 0.0020502 0.0003098
0.00044137 4.5624e-07 1.9568e-07 0.0020507 0.00030938
0.00044158 4.5065e-07 2.0784e-07 0.0020512 0.00030896
0.0004418 4.4701e-07 2.2103e-07 0.0020517 0.00030855
0.00044205 4.4476e-07 2.3499e-07 0.0020522 0.00030814
0.00044229 4.4013e-07 2.4733e-07 0.0020527 0.00030772
0.00044254 4.3686e-07 2.6048e-07 0.0020533 0.00030731
0.00044279 4.3168e-07 2.72e-07 0.0020538 0.00030689
0.00044302 4.2469e-07 2.8198e-07 0.0020544 0.00030646
0.00044327 4.1905e-07 2.9278e-07 0.0020549 0.00030603
0.00044352 4.1161e-07 3.0203e-07 0.0020554 0.00030559
0.00044378 4.059e-07 3.1246e-07 0.002056 0.00030516
0.00044407 4.0188e-07 3.2415e-07 0.0020567 0.00030474
0.00044435 3.9588e-07 3.3409e-07 0.0020573 0.00030431
0.00044461 3.8802e-07 3.424e-07 0.0020578 0.00030387
0.00044489 3.8146e-07 3.5168e-07 0.0020585 0.00030343
0.00044521 3.7652e-07 3.6229e-07 0.0020591 0.000303
0.0004455 3.6981e-07 3.713e-07 0.0020598 0.00030256
0.00044583 3.643e-07 3.8134e-07 0.0020605 0.00030213
0.00044617 3.5995e-07 3.9247e-07 0.0020612 0.0003017
0.00044653 3.4705e-07 4.0475e-07 0.002062 0.00030128
0.00044693 3.3583e-07 4.1861e-07 0.0020628 0.00030086
0.00044734 3.262e-07 4.3415e-07 0.0020636 0.00030046
0.00044775 4.1046e-07 4.479e-07 0.0020645 0.00030004
0.00044814 4.9135e-07 4.5988e-07 0.0020653 0.00029961
0.00044852 5.6893e-07 4.7009e-07 0.0020661 0.00029917
0.00044892 6.5356e-07 4.82e-07 0.0020669 0.00029874
0.00044936 7.4595e-07 4.9568e-07 0.0020678 0.00029832
0.00044981 8.4545e-07 5.108e-07 0.0020687 0.0002979
0.00045029 9.5268e-07 5.2745e-07 0.0020697 0.00029749
0.00045075 1.0559e-06 5.4224e-07 0.0020706 0.00029707
0.0004512 1.1554e-06 5.5528e-07 0.0020716 0.00029664
0.00045167 1.2629e-06 5.6988e-07 0.0020725 0.00029621
0.00045217 1.379e-06 5.8609e-07 0.0020735 0.00029579
0.00045265 1.4908e-06 6.0041e-07 0.0020745 0.00029536
0.00045316 1.6117e-06 6.1641e-07 0.0020755 0.00029492
0.00045365 1.7285e-06 6.3061e-07 0.0020764 0.00029446
0.00045417 1.8567e-06 6.47e-07 0.0020774 0.00029402
0.00045467 1.9803e-06 6.6146e-07 0.0020784 0.00029356
0.00045521 1.9657e-06 6.7818e-07 0.0020794 0.00029312
0.00045576 1.9553e-06 6.9679e-07 0.0020804 0.00029267
0.00045634 1.949e-06 7.1738e-07 0.0020815 0.00029224
0.00045691 1.9402e-06 7.3608e-07 0.0020826 0.00029179
0.00045746 1.9287e-06 7.529e-07 0.0020836 0.00029133
0.00045801 1.9146e-06 7.6785e-07 0.0020847 0.00029087
0.00045857 1.9055e-06 7.853e-07 0.0020857 0.00029041
0.00045917 1.9013e-06 8.0536e-07 0.0020869 0.00028995
0.0004598 1.902e-06 8.2819e-07 0.002088 0.00028951
0.00046044 1.9066e-06 8.5335e-07 0.0020892 0.00028907
0.00046108 1.9086e-06 8.7646e-07 0.0020904 0.00028862
0.00046175 1.9181e-06 9.0438e-07 0.0020917 0.00028819
0.00046248 1.937e-06 8.8061e-07 0.002093 0.00028777
0.00046318 1.95e-06 8.527e-07 0.0020943 0.00028733
0.00046392 1.8803e-06 8.3061e-07 0.0020957 0.00028691
0.00046464 1.8218e-06 8.1301e-07 0.002097 0.00028647
0.0004654 1.7733e-06 7.9964e-07 0.0020984 0.00028605
0.00047101 1.4949e-06 7.1955e-07 0.0021087 0.00028306
0.00047185 1.4618e-06 7.098e-07 0.0021101 0.0002826
0.00047274 1.4361e-06 7.0372e-07 0.0021115 0.00028215
0.00047367 1.4176e-06 7.0122e-07 0.002113 0.00028168
0.00047465 1.407e-06 7.0302e-07 0.0021145 0.00028122
0.00047569 1.404e-06 7.0906e-07 0.002116 0.00028078
0.00048324 1.4114e-06 7.5989e-07 0.0021275 0.0002777
0.00048427 1.4043e-06 7.6076e-07 0.0021291 0.00027722
0.00048535 1.4034e-06 7.6519e-07 0.0021308 0.00027676
0.00048648 1.4088e-06 7.7335e-07 0.0021325 0.0002763
0.0004876 1.4131e-06 7.8053e-07 0.0021342 0.00027585
0.00048872 1.4164e-06 7.8673e-07 0.0021359 0.00027538
0.00048983 1.4186e-06 7.9194e-07 0.0021376 0.00027491
0.00049095 1.4198e-06 7.9618e-07 0.0021393 0.00027443
0.00049205 1.4199e-06 7.9943e-07 0.002141 0.00027395
0.00049316 1.419e-06 8.017e-07 0.0021427 0.00027346
0.00049422 1.4125e-06 8.0011e-07 0.0021444 0.00027295
0.00049534 1.4125e-06 8.0233e-07 0.0021461 0.00027246
0.00049642 1.4075e-06 8.0102e-07 0.0021478 0.00027194
0.00049756 1.41e-06 8.0429e-07 0.0021495 0.00027145
0.00049867 1.4075e-06 8.0406e-07 0.0021512 0.00027094
0.00049982 1.4114e-06 8.0764e-07 0.002153 0.00027043
0.00050095 1.4104e-06 8.0773e-07 0.0021547 0.00026992
0.00050211 1.4142e-06 8.1066e-07 0.0021565 0.00026941
0.0005033 1.422e-06 8.1584e-07 0.0021583 0.00026891
0.00050448 1.4271e-06 8.1905e-07 0.0021602 0.0002684
0.00050564 1.4297e-06 8.203e-07 0.0021619 0.00026788
0.00050342 1.4364e-06 8.239e-07 0.0021638 0.00026736
0.00050119 1.4406e-06 8.2555e-07 0.0021656 0.00026684
0.00049894 1.4421e-06 8.2522e-07 0.0021674 0.0002663
0.00049667 1.4413e-06 8.2306e-07 0.0021692 0.00026575
0.00049444 1.4439e-06 8.2276e-07 0.002171 0.00026521
0.00049219 1.4438e-06 8.205e-07 0.0021728 0.00026466
0.00048993 1.4412e-06 8.1629e-07 0.0021746 0.0002641
0.00048771 1.4427e-06 8.1441e-07 0.0021764 0.00026355
0.00048547 1.4417e-06 8.1059e-07 0.0021782 0.00026298
0.00048321 1.4382e-06 8.0491e-07 0.00218 0.00026241
0.00048099 1.4381e-06 8.011e-07 0.0021818 0.00026183
0.00047876 1.4355e-06 7.9533e-07 0.0021836 0.00026125
0.00047655 1.4364e-06 7.9143e-07 0.0021855 0.00026068
0.00047438 1.4407e-06 7.8936e-07 0.0021874 0.00026011
0.00047219 1.4424e-06 7.8535e-07 0.0021893 0.00025953
0.00046999 1.4416e-06 7.7939e-07 0.0021911 0.00025894
0.00046783 1.4448e-06 7.7572e-07 0.002193 0.00025835
0.00046565 1.4453e-06 7.6997e-07 0.0021949 0.00025776
0.00046352 1.452e-06 7.6777e-07 0.0021968 0.00025717
0.00046135 1.4533e-06 7.6195e-07 0.0021987 0.00025657
0.00045917 1.452e-06 7.5412e-07 0.0022006 0.00025596
0.00045698 1.4483e-06 7.4439e-07 0.0022024 0.00025534
0.00045481 1.4478e-06 7.3648e-07 0.0022043 0.00025472
0.00045263 1.4449e-06 7.2663e-07 0.0022062 0.00025409
0.00045044 1.4393e-06 7.1484e-07 0.0022081 0.00025346
0.00044828 1.4371e-06 7.0483e-07 0.00221 0.00025282
0.0004461 1.4325e-06 6.9296e-07 0.0022118 0.00025218
0.00044388 1.4227e-06 6.7755e-07 0.0022138 0.00025155
0.00044162 1.4207e-06 6.6667e-07 0.0022158 0.00025094
0.00043934 1.4155e-06 6.5346e-07 0.0022178 0.00025031
0.00043704 1.4072e-06 6.3795e-07 0.0022198 0.00024968
0.00043478 1.4028e-06 6.2458e-07 0.0022218 0.00024905
0.0004325 1.3952e-06 6.089e-07 0.0022238 0.0002484
0.00043019 1.3838e-06 5.9051e-07 0.0022258 0.00024775
0.00042754 1.3794e-06 5.7609e-07 0.0022279 0.0002471
0.00042494 1.3808e-06 5.6475e-07 0.00223 0.00024647
0.0004223 1.3776e-06 5.5037e-07 0.0022321 0.00024583
0.00041973 1.3815e-06 5.3965e-07 0.0022342 0.00024519
0.00041724 1.3922e-06 5.3237e-07 0.0022365 0.00024457
0.00041479 1.409e-06 5.2776e-07 0.0022388 0.00024397
0.00041234 1.4231e-06 5.2134e-07 0.0022411 0.00024335
0.00040986 1.4345e-06 5.1313e-07 0.0022433 0.00024272
0.00040742 1.4503e-06 5.0663e-07 0.0022456 0.0002421
0.00040497 1.4634e-06 4.9835e-07 0.0022479 0.00024146
0.00040256 1.4808e-06 4.9175e-07 0.0022503 0.00024084
0.00040018 1.5026e-06 4.8678e-07 0.0022527 0.00024022
0.00039785 1.5291e-06 4.834e-07 0.0022551 0.00023961
0.00039549 1.5529e-06 4.7828e-07 0.0022576 0.00023898
0.00039313 1.574e-06 4.7121e-07 0.00226 0.00023835
0.0003908 1.5999e-06 4.6575e-07 0.0022624 0.00023772
0.00038845 1.6232e-06 4.5862e-07 0.0022649 0.00023708
0.00038614 1.6506e-06 4.5268e-07 0.0022673 0.00023645
0.00038381 1.6753e-06 4.4509e-07 0.0022698 0.00023581
0.00038147 1.6963e-06 4.3576e-07 0.0022722 0.00023515
0.00037917 1.7222e-06 4.2796e-07 0.0022747 0.00023451
0.0003769 1.7536e-06 4.2165e-07 0.0022773 0.00023387
0.00037462 1.7823e-06 4.1347e-07 0.0022798 0.00023322
0.00037236 1.8155e-06 4.0645e-07 0.0022824 0.00023257
0.0003701 1.8458e-06 3.9776e-07 0.0022849 0.00023191
0.00036782 1.8731e-06 3.8729e-07 0.0022874 0.00023125
0.00036559 1.9163e-06 3.7388e-07 0.0022899 0.00023056
0.00036332 1.9531e-06 3.575e-07 0.0022923 0.00022986
0.00036112 2.0008e-06 3.4437e-07 0.0022948 0.00022918
0.00035888 2.0414e-06 3.9455e-07 0.0022975 0.00022851
0.00035667 2.0875e-06 4.4808e-07 0.0023001 0.00022784
0.00035444 2.1304e-06 4.9916e-07 0.0023027 0.00022717
0.00035225 2.1787e-06 5.5362e-07 0.0023054 0.0002265
0.00035009 2.2339e-06 6.1251e-07 0.0023082 0.00022583
0.00034796 2.2965e-06 6.7625e-07 0.0023109 0.00022517
0.00034586 2.366e-06 7.4459e-07 0.0023138 0.00022452
0.0003438 2.444e-06 8.1867e-07 0.0023166 0.00022387
0.00034177 2.5312e-06 8.9894e-07 0.0023196 0.00022323
0.00033973 2.6265e-06 9.8481e-07 0.0023226 0.00022259
0.00033768 2.7209e-06 1.0677e-06 0.0023255 0.00022194
0.00033561 2.8142e-06 1.1476e-06 0.0023285 0.00022128
0.00033358 2.9066e-06 1.2368e-06 0.0023315 0.00022064
0.00033152 2.9981e-06 1.3402e-06 0.0023346 0.00022
0.00032943 3.0885e-06 1.4356e-06 0.0023369 0.00022343
0.00032739 3.1779e-06 1.4463e-06 0.0023394 0.00022689
0.00032532 3.2664e-06 1.4528e-06 0.0023418 0.00023033
0.00032323 3.3539e-06 1.4549e-06 0.0023441 0.00023374
0.00032119 3.4404e-06 1.4635e-06 0.0023466 0.00023719
0.00031911 3.5259e-06 1.4673e-06 0.0023489 0.00024062
0.00031709 3.6104e-06 1.4779e-06 0.0023514 0.00024408
0.00031513 3.694e-06 1.4955e-06 0.002354 0.00024757
0.00031313 3.7765e-06 1.5084e-06 0.0023565 0.00025104
0.0003111 3.8581e-06 1.5167e-06 0.0023589 0.00025449
0.00030912 3.9387e-06 1.5309e-06 0.0023615 0.00025796
0.00030688 4.0183e-06 1.54e-06 0.002364 0.00026141
0.0003046 4.097e-06 1.544e-06 0.0023665 0.0002649
0.00030237 4.1746e-06 1.5538e-06 0.0023692 0.00026842
0.00030013 4.2513e-06 1.5608e-06 0.0023718 0.00027192
0.00029786 4.327e-06 1.5652e-06 0.0023744 0.00027542
0.00029558 4.4017e-06 1.5669e-06 0.002377 0.00027889
0.00029334 4.4754e-06 1.5722e-06 0.0023796 0.00028239
0.00029108 4.5482e-06 1.5752e-06 0.0023822 0.00028588
0.00028886 4.6199e-06 1.5819e-06 0.0023849 0.00028939
0.00028662 4.6907e-06 1.5864e-06 0.0023875 0.00029289
0.00028437 4.7605e-06 1.5887e-06 0.0023902 0.00029637
0.00028215 4.8293e-06 1.5948e-06 0.0023928 0.00029988
0.00027996 4.8972e-06 1.604e-06 0.0023956 0.00030341
0.00027776 4.964e-06 1.6109e-06 0.0023983 0.00030692
0.00027554 5.0299e-06 1.6156e-06 0.002401 0.00031042
0.00027331 5.0948e-06 1.6181e-06 0.0024036 0.00031391
0.00027111 5.1587e-06 1.6243e-06 0.0024063 0.00031742
0.00026895 5.2216e-06 1.6282e-06 0.002409 0.00032092
0.00026677 5.2836e-06 1.6297e-06 0.0024117 0.00032441
0.00026457 5.3445e-06 1.6289e-06 0.0024144 0.00032789
0.00026241 5.4045e-06 1.6318e-06 0.0024171 0.00033138
0.00026023 5.4635e-06 1.6324e-06 0.0024198 0.00033487
0.00025809 5.5216e-06 1.6367e-06 0.0024225 0.00033837
0.00025598 5.5786e-06 1.6447e-06 0.0024253 0.0003419
0.00025389 5.6347e-06 1.6567e-06 0.0024281 0.00034545
0.00025661 5.6898e-06 1.6662e-06 0.002431 0.00034899
0.00025932 5.7439e-06 1.6734e-06 0.0024338 0.00035251
0.00026206 5.797e-06 1.6846e-06 0.0024366 0.00035606
0.00026483 5.8491e-06 1.699e-06 0.0024395 0.00035963
0.00026764 5.9003e-06 1.7167e-06 0.0024425 0.00036321
0.00027043 5.9505e-06 1.732e-06 0.0024454 0.00036678
0.00027326 5.9997e-06 1.7514e-06 0.0024484 0.00037038
0.00027613 6.0479e-06 1.7749e-06 0.0024515 0.00037399
0.00027904 6.0951e-06 1.8029e-06 0.0024546 0.00037763
0.00028199 6.1414e-06 1.8354e-06 0.0024577 0.00038129
0.00028498 6.1867e-06 1.8729e-06 0.0024609 0.00038498
0.00028796 6.2309e-06 1.9072e-06 0.0024642 0.00038869
0.00029089 6.2743e-06 1.9361e-06 0.0024674 0.00039238
0.00029378 6.3166e-06 1.9591e-06 0.0024706 0.00039604
0.00029664 6.358e-06 1.9762e-06 0.0024737 0.00039967
0.00029946 6.3983e-06 1.9883e-06 0.0024767 0.00040328
0.00030225 6.4377e-06 1.9951e-06 0.0024798 0.00040686
0.00030507 6.4762e-06 2.0057e-06 0.0024828 0.00041047
0.00030787 6.5136e-06 2.0137e-06 0.0024859 0.00041406
