Antrostomus_carolinensis Apaloderma_vittatum Aptenodytes_forsteri Apteryx_australis Apteryx_rowi
2.3584e-05 8.3728e-06 0.0075458 0.0076413 0.010948
2.2588e-05 6.3262e-06 0.0075334 0.0076389 0.010944
2.159e-05 4.4206e-06 0.0075214 0.0076364 0.010939
2.0592e-05 2.4635e-06 0.0075092 0.007634 0.010935
1.9592e-05 6.7035e-07 0.0074976 0.0076315 0.010931
1.8592e-05 4.5112e-07 0.0074857 0.0076291 0.010926
1.759e-05 2.5281e-07 0.0074744 0.0076267 0.010922
1.6588e-05 7.7317e-08 0.0074639 0.0076243 0.010918
1.5585e-05 5.3554e-08 0.007453 0.0076219 0.010913
1.458e-05 7.2838e-08 0.0074417 0.0076195 0.010909
1.3653e-05 9.2246e-08 0.0074312 0.0076171 0.010905
1.2786e-05 1.1142e-07 0.0074214 0.0076148 0.0109
1.1881e-05 1.2359e-07 0.0074111 0.0076124 0.010896
1.094e-05 2.6574e-07 0.0074005 0.00761 0.010892
1.0072e-05 4.2655e-07 0.0073906 0.0076077 0.010888
9.2616e-06 6.0539e-07 0.0073815 0.0076054 0.010884
8.4146e-06 7.6615e-07 0.0073719 0.0076031 0.010879
7.6234e-06 9.4605e-07 0.007363 0.0076008 0.010875
6.8843e-06 9.71e-07 0.0073549 0.0075986 0.010871
6.2018e-06 1.0069e-06 0.0073475 0.0075964 0.010868
5.5641e-06 1.0512e-06 0.0073408 0.0075942 0.010864
4.897e-06 1.0843e-06 0.0073347 0.0075921 0.01086
4.2031e-06 1.1062e-06 0.0073283 0.00759 0.010856
3.554e-06 1.1363e-06 0.0073225 0.0075879 0.010853
3.481e-06 1.1544e-06 0.0073163 0.0075857 0.010849
3.4011e-06 1.1616e-06 0.0073097 0.0075836 0.010845
3.3303e-06 1.1791e-06 0.0073039 0.0075815 0.010842
3.2519e-06 1.1846e-06 0.0072977 0.0075794 0.010838
3.1664e-06 1.1789e-06 0.0072921 0.0075772 0.010834
3.0885e-06 1.1814e-06 0.0072871 0.0075751 0.01083
3.0177e-06 1.1923e-06 0.0072829 0.007573 0.010827
2.9554e-06 1.214e-06 0.0072794 0.007571 0.010823
2.8995e-06 1.2445e-06 0.0072765 0.007569 0.01082
2.6954e-06 8.0608e-07 0.0072681 0.0075612 0.010807
2.6475e-06 7.0375e-07 0.0072666 0.0075592 0.010804
2.5934e-06 5.8818e-07 0.0072647 0.0075573 0.0108
2.5331e-06 6.3344e-07 0.0072625 0.0075554 0.010797
2.4801e-06 6.8737e-07 0.007261 0.0075535 0.010794
2.4328e-06 6.4404e-07 0.0072601 0.0075516 0.010791
2.3922e-06 6.0906e-07 0.0072601 0.0075497 0.010788
2.3457e-06 5.6414e-07 0.0072596 0.0075479 0.010785
2.3046e-06 5.2501e-07 0.0072598 0.007546 0.010782
2.2698e-06 4.9268e-07 0.0072607 0.0075443 0.010779
2.24e-06 4.6494e-07 0.0072622 0.0075425 0.010776
2.2041e-06 4.2741e-07 0.0072634 0.0075408 0.010773
2.1624e-06 3.8054e-07 0.0072642 0.007539 0.01077
2.1269e-06 3.3982e-07 0.0072657 0.0075371 0.010767
2.1e-06 3.0439e-07 0.007268 0.0075353 0.010764
2.0776e-06 2.7223e-07 0.0072709 0.0075336 0.010761
2.0597e-06 2.4285e-07 0.0072745 0.0075319 0.010759
2.0462e-06 2.1578e-07 0.0072787 0.0075302 0.010756
2.0381e-06 1.9165e-07 0.0072837 0.0075286 0.010753
2.0242e-06 1.5938e-07 0.0072883 0.007527 0.010751
2.0156e-06 1.2974e-07 0.0072937 0.0075254 0.010748
2.0013e-06 9.2087e-08 0.0072986 0.0075238 0.010746
1.9812e-06 1.0849e-07 0.0073031 0.0075222 0.010744
1.9655e-06 1.248e-07 0.0073083 0.0075207 0.010741
1.9439e-06 1.3402e-07 0.007313 0.0075192 0.010739
1.9167e-06 1.3617e-07 0.0073173 0.0075177 0.010737
1.884e-06 1.3159e-07 0.0073212 0.0075161 0.010734
1.8557e-06 1.2685e-07 0.0073258 0.0075146 0.010732
1.8217e-06 1.1508e-07 0.0073299 0.0075131 0.01073
1.7822e-06 9.6529e-08 0.0073337 0.0075115 0.010727
1.7374e-06 1.3966e-07 0.007337 0.00751 0.010725
1.697e-06 1.3257e-07 0.0073411 0.0075084 0.010723
1.6512e-06 1.1866e-07 0.0073447 0.0075068 0.01072
1.6108e-06 1.0542e-07 0.0073492 0.0075053 0.010718
1.5652e-06 1.6117e-07 0.0073532 0.0075038 0.010715
1.5237e-06 2.2103e-07 0.0073579 0.0075023 0.010713
1.4863e-06 2.8597e-07 0.0073633 0.0075008 0.010711
1.4528e-06 3.5698e-07 0.0073693 0.0074994 0.010709
1.3778e-06 4.3517e-07 0.007376 0.007498 0.010707
1.4564e-06 1.0034e-06 0.0073823 0.0074966 0.010705
1.5287e-06 1.5265e-06 0.0073881 0.0074951 0.010703
1.5946e-06 2.0272e-06 0.0073935 0.0074936 0.010701
1.6544e-06 2.4868e-06 0.0073984 0.0074921 0.010698
1.7081e-06 2.9079e-06 0.0074029 0.0074906 0.010696
1.7679e-06 3.3938e-06 0.0074082 0.0074891 0.010694
1.8339e-06 3.9538e-06 0.0074142 0.0074877 0.010692
1.9066e-06 4.5975e-06 0.0074211 0.0074863 0.01069
1.9736e-06 5.2002e-06 0.0074275 0.0074849 0.010688
2.0355e-06 5.77e-06 0.0074337 0.0074834 0.010686
2.1032e-06 5.8471e-06 0.0074395 0.007482 0.010684
2.1663e-06 5.9103e-06 0.007445 0.0074806 0.010682
2.233e-06 5.9901e-06 0.007451 0.0074792 0.01068
2.3033e-06 6.0657e-06 0.007457 0.0074778 0.010678
2.37e-06 6.137e-06 0.007463 0.0074765 0.010676
2.4334e-06 6.2041e-06 0.007469 0.0074751 0.010674
2.4995e-06 6.267e-06 0.007475 0.0074737 0.010672
2.5623e-06 6.3257e-06 0.0074809 0.0074724 0.01067
2.628e-06 6.3801e-06 0.0074868 0.007471 0.010668
2.6966e-06 6.4303e-06 0.0074927 0.0074697 0.010666
2.7619e-06 6.4763e-06 0.0074986 0.0074683 0.010664
2.8312e-06 6.5181e-06 0.0075045 0.007467 0.010663
2.8967e-06 6.5556e-06 0.0075104 0.0074657 0.010661
2.9665e-06 6.5889e-06 0.0075162 0.0074644 0.010659
3.0412e-06 6.618e-06 0.0075221 0.0074631 0.010657
3.1214e-06 6.6428e-06 0.0075279 0.0074618 0.010655
3.2085e-06 6.6634e-06 0.0075337 0.0074606 0.010654
3.3035e-06 6.6798e-06 0.0075395 0.0074594 0.010652
3.3916e-06 6.6919e-06 0.0075452 0.0074582 0.010651
3.4736e-06 6.6998e-06 0.007551 0.0074569 0.010649
3.5624e-06 6.7035e-06 0.0075567 0.0074557 0.010647
3.6581e-06 6.703e-06 0.0075625 0.0074545 0.010646
3.7609e-06 6.6982e-06 0.0075682 0.0074534 0.010645
3.8574e-06 6.6892e-06 0.0075739 0.0074522 0.010643
3.9477e-06 6.676e-06 0.0075795 0.007451 0.010642
4.0468e-06 6.6586e-06 0.0075852 0.0074499 0.01064
4.1398e-06 6.6369e-06 0.0075909 0.0074487 0.010639
4.2413e-06 6.6398e-06 0.0075971 0.0074476 0.010637
4.3362e-06 6.6257e-06 0.0076031 0.0074465 0.010636
4.4234e-06 6.5911e-06 0.0076087 0.0074453 0.010635
4.5024e-06 6.535e-06 0.0076139 0.0074441 0.010633
4.5731e-06 6.454e-06 0.0076186 0.0074429 0.010632
4.6545e-06 6.4049e-06 0.0076241 0.0074418 0.01063
4.7468e-06 6.3866e-06 0.0076305 0.0074406 0.010629
4.8312e-06 6.348e-06 0.0076364 0.0074395 0.010627
4.9275e-06 6.3399e-06 0.0076431 0.0074383 0.010626
5.0321e-06 6.3528e-06 0.0076504 0.0074373 0.010625
5.1322e-06 6.3552e-06 0.0076576 0.0074362 0.010623
5.2388e-06 6.3737e-06 0.0076652 0.0074351 0.010622
5.3411e-06 6.3821e-06 0.0076727 0.007434 0.010621
5.45e-06 6.4064e-06 0.0076806 0.007433 0.01062
5.5657e-06 6.4468e-06 0.0076891 0.0074319 0.010619
5.6772e-06 6.4776e-06 0.0076973 0.0074309 0.010617
5.7944e-06 6.5218e-06 0.007706 0.0074299 0.010616
5.9071e-06 6.5557e-06 0.0077146 0.0074289 0.010615
6.027e-06 6.6061e-06 0.0077236 0.0074279 0.010614
6.1543e-06 6.6733e-06 0.007733 0.0074269 0.010613
6.2879e-06 6.7547e-06 0.0077429 0.007426 0.010612
6.4169e-06 6.8254e-06 0.0077527 0.007425 0.010611
6.5415e-06 6.8863e-06 0.0077623 0.007424 0.01061
6.6725e-06 6.9617e-06 0.0077723 0.0074231 0.010609
6.7991e-06 7.027e-06 0.0077821 0.0074221 0.010608
6.9213e-06 7.0823e-06 0.0077919 0.0074211 0.010607
7.0544e-06 7.1621e-06 0.0078022 0.0074202 0.010607
7.1972e-06 7.2643e-06 0.0078132 0.0074193 0.010606
7.3328e-06 7.3497e-06 0.0078238 0.0074184 0.010605
7.2432e-06 7.463e-06 0.0078351 0.0074175 0.010604
7.1454e-06 7.5554e-06 0.0078461 0.0074166 0.010603
7.0394e-06 7.6271e-06 0.0078567 0.0074157 0.010602
6.9209e-06 7.3997e-06 0.0078544 0.0074147 0.010601
6.8121e-06 7.2027e-06 0.0078526 0.0074138 0.0106
6.7105e-06 7.0277e-06 0.0078513 0.0074129 0.0106
6.6173e-06 6.8773e-06 0.0078505 0.007412 0.010599
6.5185e-06 6.7124e-06 0.0078495 0.0074111 0.010598
6.4282e-06 6.5719e-06 0.0078491 0.0074102 0.010597
6.3484e-06 6.3512e-06 0.0078493 0.0074094 0.010597
6.2775e-06 6.1609e-06 0.0078501 0.0074085 0.010596
6.1989e-06 5.9477e-06 0.0078506 0.0074076 0.010595
6.1294e-06 5.7651e-06 0.0078517 0.0074068 0.010594
6.0703e-06 5.6151e-06 0.0078535 0.007406 0.010594
6.0212e-06 5.4947e-06 0.007856 0.0074052 0.010593
5.9641e-06 5.353e-06 0.0078581 0.0074045 0.010593
5.9027e-06 5.2003e-06 0.0078601 0.0074037 0.010592
5.8462e-06 5.0623e-06 0.0078624 0.0074029 0.010592
5.7854e-06 4.9136e-06 0.0078646 0.0074021 0.010591
5.7304e-06 4.782e-06 0.0078673 0.0074014 0.010591
5.6713e-06 4.64e-06 0.0078698 0.0074006 0.01059
5.6084e-06 4.4882e-06 0.0078721 0.0073999 0.01059
5.5511e-06 4.353e-06 0.0078749 0.0073991 0.010589
5.4897e-06 4.2076e-06 0.0078776 0.0073983 0.010589
5.4245e-06 4.0525e-06 0.0078801 0.0073975 0.010588
5.3638e-06 3.9107e-06 0.007883 0.0073968 0.010588
5.299e-06 3.7586e-06 0.0078857 0.007396 0.010587
5.2301e-06 3.5964e-06 0.0078883 0.0073952 0.010587
5.167e-06 3.4502e-06 0.0078914 0.0073945 0.010586
5.0975e-06 3.2882e-06 0.0078942 0.0073937 0.010586
5.0106e-06 3.0121e-06 0.0078965 0.007393 0.010585
4.9148e-06 3.0847e-06 0.0078997 0.0073922 0.010585
4.8107e-06 3.1411e-06 0.0079036 0.0073915 0.010585
4.7184e-06 3.2194e-06 0.007907 0.0073908 0.010584
4.6311e-06 3.3076e-06 0.0079109 0.0073902 0.010584
4.5396e-06 3.3867e-06 0.0079145 0.0073895 0.010584
4.444e-06 3.4569e-06 0.0079181 0.0073888 0.010584
4.3443e-06 3.5182e-06 0.0079214 0.0073881 0.010583
4.2404e-06 3.5705e-06 0.0079246 0.0073875 0.010583
4.1315e-06 3.6135e-06 0.0079277 0.0073867 0.010583
4.0186e-06 3.648e-06 0.0079306 0.007386 0.010582
3.9016e-06 3.674e-06 0.0079333 0.0073853 0.010582
3.7808e-06 3.6917e-06 0.0079359 0.0073846 0.010581
3.6648e-06 3.7184e-06 0.0079389 0.0073838 0.010581
3.5446e-06 3.7359e-06 0.0079418 0.0073831 0.010581
3.4159e-06 3.7371e-06 0.0079442 0.0073824 0.01058
3.2829e-06 3.7292e-06 0.0079465 0.0073817 0.01058
3.1561e-06 3.7325e-06 0.0079492 0.007381 0.01058
3.0253e-06 3.7274e-06 0.0079518 0.0073804 0.010579
2.8906e-06 3.714e-06 0.0079542 0.0073797 0.010579
2.7519e-06 3.6924e-06 0.0079565 0.007379 0.010579
2.6194e-06 3.1975e-06 0.0079593 0.0073783 0.010579
2.4915e-06 2.7353e-06 0.0079624 0.0073776 0.010578
2.3596e-06 2.2567e-06 0.0079654 0.0073769 0.010578
2.2237e-06 1.7628e-06 0.0079683 0.0073763 0.010578
2.0936e-06 1.307e-06 0.0079716 0.0073756 0.010578
1.9586e-06 1.3033e-06 0.0079747 0.0073749 0.010577
1.8158e-06 1.2867e-06 0.0079775 0.0073743 0.010577
1.6825e-06 1.2791e-06 0.0079809 0.0073737 0.010577
1.5595e-06 1.2827e-06 0.0079851 0.0073732 0.010577
1.4446e-06 1.2952e-06 0.00799 0.0073727 0.010577
1.326e-06 1.3008e-06 0.0079947 0.0073722 0.010578
1.2119e-06 1.3111e-06 0.008 0.0073717 0.010578
1.102e-06 1.3263e-06 0.0080057 0.0073713 0.010578
9.9607e-07 1.3463e-06 0.0080118 0.0073708 0.010578
8.8653e-07 1.3593e-06 0.0080178 0.0073704 0.010579
7.7334e-07 1.3652e-06 0.0080237 0.0073699 0.010579
6.6319e-07 1.3747e-06 0.0080299 0.0073695 0.010579
5.5589e-07 1.3878e-06 0.0080366 0.0073691 0.01058
4.5128e-07 1.4047e-06 0.0080437 0.0073687 0.01058
3.4335e-07 1.4148e-06 0.0080506 0.0073683 0.01058
2.319e-07 1.4177e-06 0.0080574 0.0073679 0.010581
2.3282e-07 1.4122e-06 0.0080639 0.0073675 0.010581
2.3302e-07 1.4108e-06 0.0080709 0.0073671 0.010581
2.3079e-07 1.4023e-06 0.0080777 0.0073667 0.010582
2.2784e-07 1.398e-06 0.0080849 0.0073663 0.010582
2.2435e-07 1.399e-06 0.0080926 0.0073659 0.010583
2.1839e-07 1.3926e-06 0.0081002 0.0073656 0.010583
2.1201e-07 1.3924e-06 0.0081083 0.0073652 0.010584
2.4348e-07 1.7424e-06 0.008116 0.0073649 0.010584
2.7095e-07 2.0615e-06 0.0081232 0.0073647 0.010585
2.9936e-07 2.4216e-06 0.0081311 0.0073644 0.010586
3.2933e-07 2.8363e-06 0.0081398 0.0073643 0.010587
3.5953e-07 3.2862e-06 0.0081491 0.0073641 0.010588
3.8984e-07 3.7711e-06 0.0081588 0.007364 0.010589
4.1745e-07 4.2385e-06 0.0081683 0.0073639 0.01059
4.4538e-07 4.7464e-06 0.0081784 0.0073638 0.010591
4.7369e-07 5.2982e-06 0.0081889 0.0073637 0.010592
5.0244e-07 5.898e-06 0.0081999 0.0073637 0.010593
5.2847e-07 6.4782e-06 0.0082108 0.0073637 0.010595
5.55e-07 7.1095e-06 0.0082222 0.0073637 0.010596
5.817e-07 7.7876e-06 0.008234 0.0073637 0.010597
6.0872e-07 8.5185e-06 0.0082463 0.0073637 0.010599
6.3764e-07 8.6846e-06 0.0082582 0.0073638 0.0106
6.637e-07 8.8377e-06 0.0082698 0.0073639 0.010602
6.8694e-07 8.9782e-06 0.0082813 0.007364 0.010603
7.1096e-07 9.1426e-06 0.0082933 0.0073641 0.010605
7.323e-07 9.2956e-06 0.0083052 0.0073642 0.010606
7.5438e-07 9.4725e-06 0.0083176 0.0073643 0.010608
7.7347e-07 9.6367e-06 0.0083298 0.0073644 0.010609
7.9294e-07 9.8214e-06 0.0083425 0.0073645 0.010611
8.1282e-07 1.0028e-05 0.0083556 0.0073646 0.010613
8.3313e-07 1.0256e-05 0.0083691 0.0073648 0.010614
8.5064e-07 1.0472e-05 0.0083825 0.0073649 0.010616
8.6533e-07 1.0674e-05 0.0083958 0.0073651 0.010618
8.8046e-07 1.0899e-05 0.0084094 0.0073652 0.010619
8.9278e-07 1.111e-05 0.0084229 0.0073654 0.010621
9.0229e-07 1.1308e-05 0.0084363 0.0073655 0.010623
9.1271e-07 1.1535e-05 0.0084502 0.0073657 0.010624
9.2436e-07 1.1796e-05 0.0084646 0.0073659 0.010626
9.3156e-07 1.2025e-05 0.0084787 0.0073661 0.010628
9.4153e-07 1.2307e-05 0.0084936 0.0073664 0.01063
9.4736e-07 1.2559e-05 0.0085081 0.0073667 0.010632
9.492e-07 1.2784e-05 0.0085222 0.007367 0.010634
9.5368e-07 1.306e-05 0.0085372 0.0073674 0.010636
9.5994e-07 1.3383e-05 0.0085529 0.0073678 0.010638
9.6212e-07 1.3674e-05 0.0085682 0.0073681 0.01064
9.6006e-07 1.3931e-05 0.0085831 0.0073684 0.010643
9.5374e-07 1.4157e-05 0.0085975 0.0073687 0.010645
9.4967e-07 1.4431e-05 0.0086126 0.0073691 0.010647
9.4105e-07 1.467e-05 0.0086273 0.0073694 0.010649
9.2782e-07 1.4872e-05 0.0086415 0.0073697 0.010651
9.1758e-07 1.4643e-05 0.0086566 0.00737 0.010653
9.0279e-07 1.4377e-05 0.0086712 0.0073703 0.010655
8.9095e-07 1.417e-05 0.0086868 0.0073707 0.010657
8.7488e-07 1.3931e-05 0.0087019 0.007371 0.010659
8.5454e-07 1.366e-05 0.0087165 0.0073713 0.010661
8.3619e-07 1.3434e-05 0.0087319 0.0073717 0.010664
8.1842e-07 1.3235e-05 0.0087478 0.0073722 0.010666
8.0151e-07 1.3065e-05 0.0087643 0.0073726 0.010668
7.818e-07 1.2882e-05 0.0087807 0.007373 0.010671
7.5928e-07 1.2685e-05 0.0087968 0.0073734 0.010673
7.3757e-07 1.2516e-05 0.0088135 0.0073739 0.010675
7.1306e-07 1.2334e-05 0.0088301 0.0073743 0.010678
6.894e-07 1.218e-05 0.0088472 0.0073748 0.01068
6.6764e-07 1.2065e-05 0.0088652 0.0073753 0.010683
6.4821e-07 1.1994e-05 0.0088841 0.0073758 0.010685
6.2532e-07 1.1902e-05 0.0089027 0.0073763 0.010688
6.0389e-07 1.1845e-05 0.0089222 0.0073768 0.01069
5.7923e-07 1.1769e-05 0.0089413 0.0073774 0.010693
5.5591e-07 1.1727e-05 0.0089612 0.0073779 0.010695
5.3478e-07 1.1203e-05 0.0089822 0.0073786 0.010698
5.1569e-07 1.0759e-05 0.0090043 0.0073792 0.010701
4.9252e-07 1.027e-05 0.0090259 0.0073798 0.010704
4.662e-07 9.7519e-06 0.0090472 0.0073805 0.010707
4.4025e-07 9.2788e-06 0.0090691 0.0073811 0.01071
4.1129e-07 8.7814e-06 0.0090907 0.0073817 0.010712
3.8283e-07 8.3298e-06 0.009113 0.0073824 0.010715
3.5619e-07 7.946e-06 0.0091365 0.0073831 0.010718
3.312e-07 7.6219e-06 0.009161 0.0073838 0.010721
3.0771e-07 7.3509e-06 0.0091868 0.0073846 0.010724
2.8558e-07 7.1272e-06 0.0092138 0.0073855 0.010728
2.5992e-07 6.8765e-06 0.0092401 0.0073863 0.010731
2.9992e-07 6.5978e-06 0.009266 0.0073871 0.010734
3.4223e-07 6.3658e-06 0.009293 0.0073879 0.010737
3.7987e-07 6.1042e-06 0.0093194 0.0073887 0.010741
4.1358e-07 5.8146e-06 0.0093452 0.0073895 0.010744
4.4423e-07 5.4958e-06 0.0093705 0.0073902 0.010747
4.7711e-07 5.2261e-06 0.009397 0.007391 0.01075
5.1244e-07 4.9998e-06 0.0094247 0.0073919 0.010754
5.4344e-07 4.7451e-06 0.0094517 0.0073927 0.010757
5.7633e-07 4.525e-06 0.0094798 0.0073936 0.01076
6.0513e-07 4.2805e-06 0.009509 0.0073945 0.010764
6.3432e-07 4.0547e-06 0.0095389 0.0073954 0.010767
6.6074e-07 3.8174e-06 0.0095685 0.0073963 0.010771
6.8749e-07 3.597e-06 0.0095988 0.0073972 0.010774
7.1154e-07 3.3661e-06 0.0096289 0.0073982 0.010778
7.3292e-07 3.1247e-06 0.0096588 0.0073991 0.010781
7.5463e-07 2.8997e-06 0.0096894 0.0074 0.010785
7.7357e-07 2.6636e-06 0.0097197 0.0074009 0.010788
7.9327e-07 2.4463e-06 0.0097508 0.0074019 0.010792
8.1388e-07 2.247e-06 0.0097827 0.0074029 0.010796
8.3148e-07 2.0358e-06 0.0098143 0.0074038 0.010799
8.5075e-07 1.8466e-06 0.0098469 0.0074048 0.010803
8.7289e-07 1.6838e-06 0.0098809 0.0074059 0.010807
8.9305e-07 1.5033e-06 0.0099143 0.0074069 0.01081
9.1124e-07 1.3043e-06 0.0099471 0.0074079 0.010814
9.2745e-07 1.1313e-06 0.0099812 0.0074089 0.010818
9.4168e-07 9.3954e-07 0.010015 0.00741 0.010822
9.5394e-07 7.7135e-07 0.010049 0.007411 0.010826
9.6421e-07 6.2385e-07 0.010086 0.0074121 0.010829
9.702e-07 4.6066e-07 0.010121 0.0074132 0.010833
9.7191e-07 4.722e-07 0.010156 0.0074142 0.010837
9.7655e-07 4.8877e-07 0.010192 0.0074153 0.010841
9.7669e-07 4.9611e-07 0.010228 0.0074164 0.010845
9.7826e-07 5.0564e-07 0.010264 0.0074175 0.010849
9.7691e-07 5.0892e-07 0.010301 0.0074186 0.010853
9.7624e-07 5.1295e-07 0.010338 0.0074197 0.010857
9.7257e-07 5.106e-07 0.010374 0.0074208 0.010861
9.7008e-07 5.1002e-07 0.010412 0.0074219 0.010865
9.6418e-07 5.0223e-07 0.01045 0.0074231 0.010869
9.5484e-07 4.8719e-07 0.010486 0.0074241 0.010873
9.4772e-07 4.7591e-07 0.010525 0.0074253 0.010877
9.4346e-07 4.6952e-07 0.010564 0.0074265 0.010881
9.3607e-07 4.5654e-07 0.010603 0.0074276 0.010885
9.295e-07 4.4446e-07 0.010644 0.0074288 0.010889
9.2005e-07 4.2627e-07 0.010684 0.00743 0.010893
9.1152e-07 4.0914e-07 0.010724 0.0074312 0.010898
9.0024e-07 3.8615e-07 0.010765 0.0074324 0.010902
8.8947e-07 3.6337e-07 0.010806 0.0074336 0.010906
8.7934e-07 3.4096e-07 0.010849 0.0074348 0.01091
8.7057e-07 3.2008e-07 0.010892 0.0074361 0.010915
8.5829e-07 2.9209e-07 0.010935 0.0074374 0.010919
8.4799e-07 2.6658e-07 0.01098 0.0074387 0.010924
8.4044e-07 2.3065e-07 0.011026 0.00744 0.010928
8.3453e-07 1.9671e-07 0.011073 0.0074414 0.010933
8.2458e-07 1.5478e-07 0.01112 0.0074427 0.010937
8.1025e-07 1.8924e-07 0.011166 0.007444 0.010942
7.9879e-07 2.2719e-07 0.011213 0.0074454 0.010946
7.8995e-07 2.6947e-07 0.011263 0.0074468 0.010951
7.8151e-07 3.1223e-07 0.011313 0.0074483 0.010956
7.7338e-07 3.5555e-07 0.011364 0.0074497 0.010961
7.6256e-07 3.9291e-07 0.011416 0.0074512 0.010965
7.5205e-07 4.3103e-07 0.011468 0.0074527 0.01097
7.3878e-07 4.6297e-07 0.01152 0.0074541 0.010975
7.2276e-07 4.8877e-07 0.011571 0.0074556 0.01098
7.0704e-07 5.1531e-07 0.011623 0.007457 0.010985
6.8866e-07 9.2449e-07 0.011676 0.0074585 0.01099
6.6751e-07 1.3194e-06 0.011728 0.00746 0.010995
6.4704e-07 1.7467e-06 0.011781 0.0074614 0.010999
6.2682e-07 2.2038e-06 0.011835 0.0074629 0.011004
6.0378e-07 2.644e-06 0.011888 0.0074644 0.011009
5.8358e-07 2.7438e-06 0.011944 0.007466 0.011014
5.6409e-07 2.8568e-06 0.012001 0.0074675 0.011019
5.4469e-07 2.9801e-06 0.012058 0.0074691 0.011025
5.2567e-07 3.1168e-06 0.012117 0.0074707 0.01103
5.0698e-07 3.2678e-06 0.012178 0.0074724 0.011035
4.8859e-07 3.4343e-06 0.01224 0.007474 0.01104
4.6743e-07 3.5897e-06 0.012301 0.0074757 0.011046
4.4354e-07 3.7345e-06 0.012362 0.0074773 0.011051
5.1001e-07 3.858e-06 0.012421 0.007479 0.011056
5.8107e-07 4.013e-06 0.012483 0.0074807 0.011062
6.4709e-07 4.1481e-06 0.012544 0.0074824 0.011067
7.0779e-07 4.2617e-06 0.012608 0.0074841 0.011073
7.7311e-07 4.4049e-06 0.012673 0.0074858 0.011078
8.3535e-07 4.5381e-06 0.012738 0.0074875 0.011084
8.9909e-07 4.6849e-06 0.012805 0.0074893 0.011089
9.6442e-07 4.8462e-06 0.012873 0.007491 0.011095
1.0266e-06 4.9967e-06 0.01294 0.0074928 0.0111
1.0904e-06 5.1621e-06 0.013008 0.0074945 0.011106
1.1509e-06 5.3192e-06 0.013076 0.0074963 0.011111
1.2132e-06 5.4919e-06 0.013146 0.0074981 0.011117
1.2722e-06 5.6532e-06 0.013215 0.0074998 0.011123
1.3349e-06 5.8398e-06 0.013285 0.0075016 0.011128
1.402e-06 6.0583e-06 0.013358 0.0075035 0.011134
1.474e-06 6.3125e-06 0.013433 0.0075053 0.01114
1.5513e-06 6.6074e-06 0.013511 0.0075072 0.011146
1.6223e-06 6.8706e-06 0.013587 0.0075091 0.011152
1.6987e-06 6.8177e-06 0.013665 0.0075111 0.011158
1.7824e-06 6.7966e-06 0.013746 0.007513 0.011164
1.8618e-06 6.7622e-06 0.013827 0.007515 0.01117
1.9456e-06 6.7477e-06 0.013909 0.007517 0.011176
2.0334e-06 6.7499e-06 0.013993 0.007519 0.011182
2.1252e-06 6.7688e-06 0.014079 0.0075211 0.011189
2.2213e-06 6.8044e-06 0.014167 0.0075231 0.011195
2.3209e-06 6.8539e-06 0.014256 0.0075252 0.011201
2.4167e-06 6.8929e-06 0.014345 0.0075273 0.011208
2.5171e-06 6.949e-06 0.014435 0.0075294 0.011214
2.6138e-06 6.9953e-06 0.014525 0.0075315 0.011221
2.7144e-06 7.0558e-06 0.014617 0.0075337 0.011227
2.811e-06 7.1057e-06 0.014708 0.0075358 0.011234
2.9116e-06 7.1701e-06 0.014801 0.0075379 0.01124
3.0083e-06 7.2238e-06 0.014894 0.00754 0.011246
3.101e-06 7.267e-06 0.014986 0.0075421 0.011253
3.1987e-06 7.3278e-06 0.01508 0.0075443 0.011259
3.2925e-06 7.3779e-06 0.015173 0.0075464 0.011266
3.3914e-06 7.446e-06 0.015268 0.0075486 0.011273
3.4865e-06 7.5039e-06 0.015363 0.0075507 0.011279
3.5859e-06 7.577e-06 0.01546 0.0075529 0.011286
3.6896e-06 7.6657e-06 0.015558 0.0075551 0.011292
3.5725e-06 7.7702e-06 0.015658 0.0075573 0.011299
3.4601e-06 7.8913e-06 0.015759 0.0075595 0.011306
3.3438e-06 8.0018e-06 0.015861 0.0075618 0.011313
3.2321e-06 8.1292e-06 0.015964 0.007564 0.011319
3.1163e-06 8.2452e-06 0.016066 0.0075663 0.011326
3.006e-06 8.3821e-06 0.016171 0.0075685 0.011333
2.9e-06 8.5373e-06 0.016277 0.0075708 0.01134
2.79e-06 8.6805e-06 0.016383 0.0075731 0.011347
2.6851e-06 8.8464e-06 0.016492 0.0075754 0.011354
2.5851e-06 9.0362e-06 0.016602 0.0075777 0.011361
2.4812e-06 9.2134e-06 0.016712 0.00758 0.011368
2.3821e-06 9.4155e-06 0.016824 0.0075824 0.011375
2.2866e-06 9.6396e-06 0.016938 0.0075848 0.011382
2.1955e-06 9.8917e-06 0.017054 0.0075872 0.011389
2.1084e-06 1.0173e-05 0.017172 0.0075896 0.011396
2.018e-06 1.0442e-05 0.017291 0.007592 0.011404
1.9306e-06 1.0737e-05 0.017411 0.0075944 0.011411
1.8396e-06 1.1017e-05 0.01753 0.0075969 0.011418
1.7516e-06 1.1323e-05 0.017652 0.0075993 0.011425
1.66e-06 1.1615e-05 0.017773 0.0076018 0.011433
1.5723e-06 1.1942e-05 0.017897 0.0076042 0.01144
1.4901e-06 1.232e-05 0.018024 0.0076067 0.011448
1.4122e-06 1.2748e-05 0.018154 0.0076093 0.011455
1.3295e-06 1.3146e-05 0.018283 0.0076118 0.011463
1.0853e-06 1.3097e-05 0.01836 0.0076144 0.01147
1.0709e-06 1.3018e-05 0.018435 0.0076169 0.011478
1.0598e-06 1.2985e-05 0.018513 0.0076195 0.011485
1.0444e-06 1.2926e-05 0.01859 0.0076221 0.011493
1.0245e-06 1.284e-05 0.018666 0.0076246 0.011501
1.0006e-06 1.273e-05 0.01874 0.0076271 0.011508
9.7941e-07 1.266e-05 0.018817 0.0076297 0.011516
9.5446e-07 1.257e-05 0.018894 0.0076322 0.011523
9.2555e-07 1.2457e-05 0.018969 0.0076347 0.011531
8.9886e-07 1.2378e-05 0.019046 0.0076373 0.011538
8.7334e-07 1.2325e-05 0.019126 0.0076398 0.011546
8.4477e-07 1.2258e-05 0.019204 0.0076424 0.011554
8.1763e-07 1.2219e-05 0.019285 0.007645 0.011561
7.8756e-07 1.2166e-05 0.019365 0.0076475 0.011569
7.5453e-07 1.21e-05 0.019444 0.00765 0.011576
7.2342e-07 1.2067e-05 0.019526 0.0076526 0.011584
6.9336e-07 1.2059e-05 0.01961 0.0076552 0.011592
6.5993e-07 1.2033e-05 0.019693 0.0076578 0.011599
6.2286e-07 1.1988e-05 0.019774 0.0076603 0.011607
5.8209e-07 1.1921e-05 0.019855 0.0076629 0.011615
5.3724e-07 1.1831e-05 0.019935 0.0076654 0.011622
4.9462e-07 1.1777e-05 0.020018 0.0076679 0.01163
4.5479e-07 1.1765e-05 0.020103 0.0076705 0.011637
4.1749e-07 1.1795e-05 0.020191 0.0076732 0.011645
3.7612e-07 1.1799e-05 0.020278 0.0076759 0.011653
4.1451e-07 1.1778e-05 0.020364 0.0076785 0.011661
4.5545e-07 1.1799e-05 0.020452 0.0076812 0.011669
4.985e-07 1.1857e-05 0.020544 0.007684 0.011677
5.3707e-07 1.1887e-05 0.020634 0.0076867 0.011685
5.7852e-07 1.1959e-05 0.020727 0.0076895 0.011694
6.224e-07 1.207e-05 0.020822 0.0076923 0.011702
6.6948e-07 1.2226e-05 0.020922 0.0076952 0.01171
7.1895e-07 1.2419e-05 0.021024 0.0076981 0.011719
7.7098e-07 1.2652e-05 0.021128 0.007701 0.011727
8.1988e-07 1.287e-05 0.021232 0.007704 0.011736
8.7048e-07 1.3119e-05 0.021339 0.0077069 0.011744
9.2228e-07 1.3396e-05 0.021447 0.0077099 0.011753
9.7104e-07 1.3659e-05 0.021555 0.0077129 0.011762
1.021e-06 1.3949e-05 0.021664 0.0077159 0.011771
1.0679e-06 1.4223e-05 0.021773 0.0077188 0.011779
1.116e-06 1.4527e-05 0.021884 0.0077218 0.011788
1.1612e-06 1.4816e-05 0.021995 0.0077248 0.011797
1.2076e-06 1.5136e-05 0.022107 0.0077279 0.011806
1.251e-06 1.5439e-05 0.022219 0.0077309 0.011814
1.2964e-06 1.578e-05 0.022333 0.0077339 0.011823
1.3439e-06 1.6162e-05 0.02245 0.007737 0.011832
1.3868e-06 1.6512e-05 0.022565 0.0077401 0.011841
1.4327e-06 1.6912e-05 0.022683 0.0077432 0.01185
1.4815e-06 1.7365e-05 0.022804 0.0077464 0.011859
1.5269e-06 1.7798e-05 0.022924 0.0077496 0.011869
1.569e-06 1.821e-05 0.023043 0.0077527 0.011878
1.6078e-06 1.8604e-05 0.023162 0.0077559 0.011887
1.6489e-06 1.9044e-05 0.023283 0.007759 0.011896
1.6869e-06 1.9465e-05 0.023404 0.0077622 0.011905
1.7216e-06 1.9868e-05 0.023524 0.0077653 0.011914
1.7587e-06 2.0317e-05 0.023609 0.0077685 0.011924
1.7926e-06 2.0748e-05 0.023694 0.0077717 0.011933
1.8308e-06 2.0634e-05 0.023778 0.0077749 0.011942
1.8649e-06 2.0498e-05 0.023861 0.0077781 0.011951
1.8953e-06 2.0342e-05 0.023943 0.0077812 0.011961
1.9291e-06 1.9045e-05 0.024027 0.0077844 0.01197
1.9591e-06 1.7702e-05 0.02411 0.0077876 0.011979
1.9854e-06 1.6308e-05 0.024193 0.0077908 0.011988
2.043e-06 1.4823e-05 0.024275 0.007794 0.011998
2.0961e-06 1.3267e-05 0.024356 0.0077971 0.012007
2.154e-06 1.188e-05 0.024439 0.0078003 0.012016
2.2176e-06 1.0656e-05 0.024525 0.0078035 0.012025
2.2777e-06 9.3957e-06 0.024611 0.0078067 0.012035
2.3342e-06 8.1002e-06 0.024696 0.0078099 0.012044
2.3942e-06 6.9086e-06 0.024782 0.0078131 0.012053
2.4575e-06 5.8122e-06 0.024871 0.0078164 0.012063
2.5237e-06 4.7903e-06 0.024961 0.0078197 0.012072
2.5866e-06 3.9217e-06 0.025051 0.0078229 0.012082
2.6531e-06 3.1215e-06 0.025143 0.0078262 0.012091
2.7236e-06 2.3852e-06 0.025237 0.0078295 0.012101
2.7996e-06 1.7202e-06 0.025333 0.0078329 0.012111
2.8686e-06 1.656e-06 0.025428 0.0078362 0.01212
2.9443e-06 1.6037e-06 0.025526 0.0078396 0.01213
3.0269e-06 1.5624e-06 0.025626 0.007843 0.01214
3.1159e-06 1.5303e-06 0.025729 0.0078465 0.01215
3.2111e-06 1.5058e-06 0.025835 0.0078499 0.01216
3.3142e-06 1.4908e-06 0.025944 0.0078535 0.01217
3.4117e-06 1.4663e-06 0.026052 0.007857 0.01218
3.5034e-06 1.4322e-06 0.026159 0.0078605 0.01219
3.5872e-06 1.3849e-06 0.026264 0.0078639 0.0122
3.6766e-06 1.3445e-06 0.026371 0.0078674 0.01221
3.7703e-06 1.3081e-06 0.02648 0.0078709 0.012221
3.8599e-06 1.2645e-06 0.026589 0.0078744 0.012231
3.9459e-06 1.214e-06 0.026697 0.0078779 0.012241
4.0371e-06 1.1688e-06 0.026807 0.0078815 0.012251
4.1243e-06 1.1164e-06 0.026917 0.007885 0.012261
4.2077e-06 1.0571e-06 0.027027 0.0078885 0.012271
4.2874e-06 9.9099e-07 0.027135 0.007892 0.012281
4.3724e-06 9.3006e-07 0.027247 0.0078955 0.012292
4.463e-06 8.739e-07 0.02736 0.007899 0.012302
4.5581e-06 8.2084e-07 0.027476 0.0079026 0.012312
4.6492e-06 7.6088e-07 0.027591 0.0079062 0.012322
4.7361e-06 6.9397e-07 0.027705 0.0079097 0.012333
4.8192e-06 8.5179e-07 0.027819 0.0079133 0.012343
4.8984e-06 1.0014e-06 0.027932 0.0079168 0.012353
4.9834e-06 1.1621e-06 0.028048 0.0079204 0.012363
5.0641e-06 1.3138e-06 0.028163 0.0079239 0.012374
5.141e-06 1.4571e-06 0.028278 0.0079275 0.012384
5.214e-06 1.592e-06 0.028392 0.0079311 0.012394
5.2832e-06 1.7188e-06 0.028505 0.0079346 0.012405
5.3581e-06 1.8567e-06 0.028621 0.0079382 0.012415
5.4377e-06 2.0041e-06 0.028739 0.0079418 0.012426
5.5222e-06 2.1618e-06 0.028859 0.0079454 0.012436
5.6117e-06 2.3308e-06 0.028981 0.0079491 0.012447
5.697e-06 2.49e-06 0.029103 0.0079527 0.012457
5.7886e-06 2.6639e-06 0.029227 0.0079564 0.012468
5.8761e-06 2.8285e-06 0.029351 0.0079601 0.012478
5.9701e-06 3.0086e-06 0.029477 0.0079638 0.012489
6.071e-06 3.2058e-06 0.029606 0.0079675 0.0125
6.1805e-06 3.1348e-06 0.029738 0.0079713 0.012511
6.2833e-06 3.0517e-06 0.029868 0.007975 0.012521
6.3961e-06 2.9838e-06 0.030003 0.0079788 0.012532
6.4992e-06 2.8999e-06 0.030135 0.0079825 0.012543
6.6085e-06 2.8251e-06 0.030269 0.0079863 0.012554
6.7239e-06 2.7586e-06 0.030406 0.0079901 0.012565
6.5383e-06 2.7e-06 0.030546 0.0079939 0.012576
6.3605e-06 2.649e-06 0.030688 0.0079978 0.012587
6.1903e-06 2.6052e-06 0.030832 0.0080017 0.012598
6.0155e-06 2.5537e-06 0.030976 0.0080055 0.012609
5.8497e-06 2.5111e-06 0.031123 0.0080094 0.012621
5.6923e-06 2.4773e-06 0.031273 0.0080133 0.012632
5.5417e-06 2.45e-06 0.031425 0.0080173 0.012643
5.3864e-06 2.4148e-06 0.031577 0.0080212 0.012654
5.2263e-06 2.3714e-06 0.031728 0.0080251 0.012666
5.073e-06 2.3348e-06 0.031882 0.0080289 0.012677
4.9152e-06 2.2904e-06 0.032035 0.0080328 0.012688
4.764e-06 2.2526e-06 0.03219 0.0080367 0.012699
4.6194e-06 2.2214e-06 0.032349 0.0080406 0.012711
4.4807e-06 2.1961e-06 0.03251 0.0080446 0.012722
4.3375e-06 2.1631e-06 0.032671 0.0080485 0.012733
4.2001e-06 2.1359e-06 0.032834 0.0080525 0.012745
4.0582e-06 2.1009e-06 0.032997 0.0080564 0.012756
3.9234e-06 2.0735e-06 0.033163 0.0080604 0.012768
3.7978e-06 2.0568e-06 0.033333 0.0080644 0.012779
3.6809e-06 2.0507e-06 0.033508 0.0080685 0.012791
3.5577e-06 2.034e-06 0.033681 0.0080725 0.012802
3.4243e-06 2.0028e-06 0.033851 0.0080766 0.012814
3.2822e-06 1.9579e-06 0.034019 0.0080807 0.012826
3.1497e-06 1.9247e-06 0.034191 0.0080848 0.012838
3.0088e-06 1.8779e-06 0.034361 0.0080889 0.012849
2.8632e-06 1.8229e-06 0.034529 0.0080929 0.012861
2.7129e-06 1.7596e-06 0.034697 0.008097 0.012873
2.5682e-06 1.7024e-06 0.034868 0.0081011 0.012885
2.4191e-06 1.6374e-06 0.035038 0.0081052 0.012896
2.2764e-06 1.5795e-06 0.035212 0.0081092 0.012908
2.1386e-06 1.5267e-06 0.035389 0.0081134 0.01292
1.9965e-06 1.4663e-06 0.035564 0.0081175 0.012932
1.8503e-06 1.3983e-06 0.035739 0.0081216 0.012944
1.71e-06 1.3369e-06 0.035918 0.0081257 0.012955
1.5753e-06 1.2816e-06 0.0361 0.0081298 0.012967
1.4458e-06 1.232e-06 0.036285 0.008134 0.012979
1.3126e-06 1.1754e-06 0.03647 0.0081381 0.012991
1.1845e-06 1.1242e-06 0.036659 0.0081423 0.013003
1.0524e-06 1.0657e-06 0.036847 0.0081464 0.013015
9.2973e-07 1.0189e-06 0.037041 0.0081506 0.013027
7.9986e-07 9.6053e-07 0.037232 0.0081547 0.013039
6.6207e-07 8.8937e-07 0.037421 0.0081587 0.013051
5.1615e-07 8.0502e-07 0.037606 0.0081628 0.013063
3.801e-07 7.33e-07 0.037798 0.0081669 0.013074
3.7368e-07 6.4919e-07 0.037986 0.0081709 0.013086
3.4923e-07 5.768e-07 0.038182 0.008175 0.013098
3.2479e-07 5.0812e-07 0.038381 0.008179 0.01311
3.0054e-07 4.4366e-07 0.038584 0.0081831 0.013122
3.737e-07 5.4598e-07 0.038787 0.0081872 0.013133
4.4823e-07 6.5306e-07 0.038993 0.0081913 0.013145
5.2483e-07 7.6711e-07 0.039203 0.0081955 0.013157
5.9841e-07 8.7255e-07 0.039412 0.0081996 0.013169
6.6899e-07 9.707e-07 0.03962 0.0082037 0.013181
7.3643e-07 1.0612e-06 0.039828 0.0082078 0.013193
8.0088e-07 1.1446e-06 0.040034 0.0082119 0.013205
8.6741e-07 1.2348e-06 0.040245 0.0082161 0.013217
9.3615e-07 1.3325e-06 0.040459 0.0082202 0.013229
1.0017e-06 1.4223e-06 0.040673 0.0082244 0.013241
1.0642e-06 1.5047e-06 0.040886 0.0082285 0.013253
1.1236e-06 1.5795e-06 0.041098 0.0082327 0.013265
1.1882e-06 1.6705e-06 0.041317 0.0082368 0.013277
1.2548e-06 1.7688e-06 0.04154 0.0082411 0.01329
1.3182e-06 1.8589e-06 0.041762 0.0082453 0.013302
1.3783e-06 1.9408e-06 0.041983 0.0082494 0.013314
1.4409e-06 2.0317e-06 0.042209 0.0082537 0.013326
1.5064e-06 2.1327e-06 0.042439 0.0082579 0.013339
1.5663e-06 2.2517e-06 0.042665 0.0082621 0.013351
1.6205e-06 2.3543e-06 0.042889 0.0082663 0.013363
1.6792e-06 2.4737e-06 0.043119 0.0082706 0.013375
1.732e-06 2.576e-06 0.043345 0.0082748 0.013388
1.7792e-06 2.6619e-06 0.043568 0.0082791 0.0134
1.8207e-06 2.7314e-06 0.043787 0.0082833 0.013412
1.8665e-06 2.8173e-06 0.044013 0.0082876 0.013425
1.9067e-06 2.8867e-06 0.044235 0.0082918 0.013437
1.9513e-06 2.973e-06 0.044463 0.0082961 0.01345
2.0007e-06 2.8548e-06 0.044699 0.0083004 0.013462
2.0451e-06 2.7215e-06 0.044931 0.0083047 0.013475
2.0938e-06 2.6056e-06 0.045169 0.0083091 0.013487
2.1371e-06 2.4739e-06 0.045405 0.0083134 0.0135
2.0632e-06 2.3649e-06 0.045648 0.0083178 0.013513
1.9791e-06 2.2171e-06 0.045888 0.0083222 0.013525
1.9012e-06 2.089e-06 0.046134 0.0083267 0.013538
1.8289e-06 1.9781e-06 0.046388 0.0083312 0.013551
1.763e-06 1.8861e-06 0.04665 0.0083357 0.013565
1.7024e-06 1.809e-06 0.046908 0.0083403 0.013578
1.6382e-06 1.723e-06 0.047164 0.0083448 0.013591
1.5769e-06 1.6455e-06 0.047426 0.0083494 0.013604
1.5177e-06 1.5741e-06 0.047692 0.0083539 0.013617
1.4612e-06 1.5098e-06 0.047964 0.0083586 0.013631
1.4015e-06 1.4383e-06 0.048235 0.0083632 0.013644
1.3442e-06 1.3736e-06 0.048511 0.0083678 0.013657
1.2894e-06 1.3152e-06 0.048792 0.0083725 0.013671
1.2368e-06 1.2627e-06 0.04908 0.0083772 0.013685
1.1862e-06 1.2158e-06 0.049372 0.0083819 0.013698
1.1326e-06 1.1616e-06 0.049664 0.0083866 0.013712
1.0759e-06 1.1005e-06 0.049954 0.0083913 0.013725
1.0213e-06 1.0447e-06 0.050251 0.0083961 0.013739
9.6357e-07 9.8174e-07 0.050545 0.0084008 0.013753
9.078e-07 9.2382e-07 0.050588 0.0084055 0.013767
8.4886e-07 8.5914e-07 0.05063 0.0084103 0.01378
7.9179e-07 7.9914e-07 0.050674 0.0084151 0.013794
7.3647e-07 7.434e-07 0.050719 0.0084199 0.013808
6.8283e-07 6.9164e-07 0.050766 0.0084247 0.013822
6.3186e-07 6.4654e-07 0.050811 0.0084296 0.013836
5.7668e-07 5.9203e-07 0.050856 0.0084345 0.01385
5.1679e-07 6.8899e-07 0.0509 0.0084393 0.013864
4.5993e-07 7.9739e-07 0.050946 0.0084442 0.013878
4.0582e-07 9.1886e-07 0.050994 0.0084491 0.013893
4.3628e-07 1.0263e-06 0.051041 0.008454 0.013907
4.6894e-07 1.1512e-06 0.05109 0.008459 0.013921
4.9791e-07 1.2629e-06 0.051139 0.0084639 0.013935
5.2885e-07 1.3915e-06 0.05119 0.0084689 0.01395
5.613e-07 1.5358e-06 0.051243 0.0084738 0.013964
5.8997e-07 1.6654e-06 0.051295 0.0084788 0.013978
6.2052e-07 1.8135e-06 0.051349 0.0084838 0.013993
6.4671e-07 1.9433e-06 0.051402 0.0084887 0.014007
6.7495e-07 2.0926e-06 0.051457 0.0084937 0.014022
6.985e-07 2.223e-06 0.051511 0.0084987 0.014036
7.2403e-07 2.3735e-06 0.051567 0.0085037 0.01405
7.5165e-07 2.5464e-06 0.051625 0.0085088 0.014065
7.7553e-07 2.7034e-06 0.051683 0.0085138 0.01408
8.005e-07 2.8766e-06 0.051742 0.0085189 0.014094
8.2713e-07 3.0713e-06 0.051804 0.008524 0.014109
8.5038e-07 3.2519e-06 0.051864 0.0085292 0.014124
8.7029e-07 3.4188e-06 0.051876 0.0085343 0.014139
8.9186e-07 3.6074e-06 0.05189 0.0085395 0.014154
9.1462e-07 3.8156e-06 0.051904 0.0085447 0.014169
9.3401e-07 4.0091e-06 0.051919 0.0085499 0.014184
9.551e-07 4.227e-06 0.051934 0.0085552 0.014199
9.4879e-07 4.1913e-06 0.051952 0.0085604 0.014215
9.3828e-07 4.1389e-06 0.051968 0.0085657 0.01423
9.2325e-07 4.0675e-06 0.051984 0.0085709 0.014245
9.105e-07 4.0166e-06 0.052001 0.0085762 0.01426
8.9315e-07 3.9466e-06 0.052017 0.0085815 0.014275
8.7806e-07 3.8967e-06 0.052035 0.0085867 0.01429
8.6587e-07 3.9533e-06 0.052056 0.0085919 0.014306
8.565e-07 4.0346e-06 0.052078 0.0085972 0.014321
8.4988e-07 4.1423e-06 0.052102 0.0086025 0.014336
8.4597e-07 4.2786e-06 0.052129 0.0086078 0.014352
8.4474e-07 4.4465e-06 0.052158 0.0086133 0.014367
8.4549e-07 4.6434e-06 0.052189 0.0086187 0.014383
8.4185e-07 4.8157e-06 0.052219 0.0086241 0.014399
8.4021e-07 5.0184e-06 0.052251 0.0086296 0.014415
8.4056e-07 5.2546e-06 0.052285 0.0086351 0.014431
8.4358e-07 5.5354e-06 0.052321 0.0086407 0.014447
8.424e-07 5.7891e-06 0.052356 0.0086461 0.014462
8.3654e-07 6.0142e-06 0.05239 0.0086516 0.014478
8.3264e-07 6.2763e-06 0.052425 0.0086571 0.014494
8.2591e-07 6.5251e-06 0.052461 0.0086625 0.01451
8.1993e-07 6.8001e-06 0.052498 0.0086681 0.014526
8.1114e-07 7.0615e-06 0.052534 0.0086736 0.014542
7.9953e-07 7.3097e-06 0.05257 0.0086791 0.014558
7.8828e-07 7.5803e-06 0.052608 0.0086846 0.014574
7.7737e-07 7.8748e-06 0.052646 0.0086901 0.01459
7.6677e-07 8.1947e-06 0.052686 0.0086957 0.014606
7.5688e-07 8.5477e-06 0.052727 0.0087013 0.014622
7.4392e-07 8.8815e-06 0.052768 0.0087069 0.014638
7.3227e-07 9.2592e-06 0.052811 0.0087125 0.014655
7.2211e-07 9.6893e-06 0.052855 0.0087182 0.014671
7.1435e-07 1.0195e-05 0.052902 0.0087239 0.014688
7.0233e-07 1.0655e-05 0.052948 0.0087297 0.014704
6.9266e-07 1.1196e-05 0.052997 0.0087354 0.014721
6.8528e-07 1.1829e-05 0.053048 0.0087412 0.014738
6.8013e-07 1.2568e-05 0.053101 0.0087471 0.014755
6.7717e-07 1.3428e-05 0.053158 0.008753 0.014772
6.764e-07 1.4427e-05 0.053217 0.008759 0.014789
6.8324e-07 1.5356e-05 0.053275 0.008765 0.014807
6.9235e-07 1.6435e-05 0.053336 0.008771 0.014824
7.0378e-07 1.7688e-05 0.053399 0.0087771 0.014842
7.1759e-07 1.9142e-05 0.053466 0.0087832 0.014859
7.3388e-07 2.0828e-05 0.053536 0.0087893 0.014877
7.5276e-07 2.1304e-05 0.053608 0.0087955 0.014895
7.6713e-07 2.1734e-05 0.05368 0.0088016 0.014912
7.8414e-07 2.2254e-05 0.053754 0.0088078 0.01493
7.9702e-07 2.2726e-05 0.053828 0.008814 0.014948
8.119e-07 2.3278e-05 0.053904 0.0088203 0.014966
8.2884e-07 2.3919e-05 0.053982 0.0088266 0.014985
8.4794e-07 2.466e-05 0.05406 0.008833 0.015003
8.7001e-07 2.5531e-05 0.05414 0.0088395 0.015022
8.952e-07 2.6553e-05 0.054219 0.008846 0.015041
9.229e-07 2.7718e-05 0.054301 0.0088525 0.015059
9.4576e-07 2.879e-05 0.054381 0.0088589 0.015078
9.5907e-07 3.0013e-05 0.054464 0.0088653 0.015096
9.7474e-07 3.1406e-05 0.054458 0.0088718 0.015115
9.858e-07 3.2691e-05 0.054451 0.0088782 0.015134
1e-06 3.296e-05 0.054447 0.0088847 0.015152
1.0096e-06 3.3185e-05 0.054441 0.0088912 0.015171
1.0148e-06 3.3369e-05 0.054435 0.0088978 0.01519
1.0224e-06 3.3621e-05 0.054431 0.0089043 0.015209
1.0253e-06 3.3529e-05 0.054426 0.0089109 0.015228
1.0304e-06 3.3499e-05 0.054422 0.0089174 0.015247
1.0314e-06 3.3431e-05 0.054418 0.008924 0.015266
1.0348e-06 3.3427e-05 0.054415 0.0089306 0.015285
1.0338e-06 3.3383e-05 0.054411 0.0089372 0.015304
1.0338e-06 3.3379e-05 0.054409 0.0089438 0.015323
1.0308e-06 3.3357e-05 0.054406 0.0089504 0.015342
1.0289e-06 3.3377e-05 0.054404 0.008957 0.015362
1.0281e-06 3.344e-05 0.054404 0.0089637 0.015381
1.0282e-06 3.2296e-05 0.054405 0.0089704 0.0154
1.029e-06 3.1237e-05 0.054407 0.0089771 0.01542
1.0308e-06 3.0272e-05 0.05441 0.0089839 0.01544
1.0298e-06 2.9277e-05 0.054413 0.0089906 0.015459
1.0299e-06 2.8372e-05 0.054417 0.0089974 0.015479
1.0272e-06 2.7439e-05 0.054421 0.0090042 0.015498
1.0256e-06 2.6591e-05 0.054427 0.009011 0.015518
1.0213e-06 2.5718e-05 0.054431 0.0090178 0.015538
1.0142e-06 2.4819e-05 0.054436 0.0090246 0.015558
1.0076e-06 2.3987e-05 0.054442 0.0090315 0.015577
1.0021e-06 2.323e-05 0.054449 0.0090383 0.015597
9.9386e-07 2.2449e-05 0.054455 0.0090452 0.015617
9.8631e-07 2.1731e-05 0.054463 0.0090521 0.015637
9.757e-07 2.0983e-05 0.05447 0.0090589 0.015657
9.6657e-07 2.0313e-05 0.054479 0.0090658 0.015677
9.6049e-07 1.9748e-05 0.05449 0.0090728 0.015697
9.4982e-07 1.9126e-05 0.0545 0.0090797 0.015718
9.3455e-07 1.8441e-05 0.054508 0.0090866 0.015738
9.2231e-07 1.7861e-05 0.054519 0.0090936 0.015758
9.1304e-07 1.7374e-05 0.054532 0.0091006 0.015778
8.9922e-07 1.6835e-05 0.054544 0.0091076 0.015799
3.4055e-07 7.3418e-06 0.05481 0.0092415 0.016189
2.9605e-07 6.884e-06 0.054827 0.0092485 0.016209
2.5397e-07 6.4933e-06 0.054845 0.0092556 0.01623
3.391e-07 4.7652e-06 0.054916 0.0092838 0.016312
3.5863e-07 4.3879e-06 0.054936 0.0092909 0.016333
3.7955e-07 4.0638e-06 0.054958 0.0092981 0.016354
4.0206e-07 3.7871e-06 0.054982 0.0093053 0.016375
4.2628e-07 3.5517e-06 0.055009 0.0093125 0.016396
4.274e-07 3.3528e-06 0.055038 0.0093197 0.016418
4.2935e-07 3.181e-06 0.055069 0.0093271 0.016439
4.2758e-07 2.9864e-06 0.055098 0.0093344 0.016461
4.2228e-07 2.768e-06 0.055127 0.0093418 0.016482
4.1781e-07 2.5773e-06 0.055158 0.0093492 0.016504
4.1416e-07 2.4112e-06 0.05519 0.0093566 0.016525
4.07e-07 2.2258e-06 0.055225 0.009364 0.016547
4.0111e-07 2.0682e-06 0.055262 0.0093715 0.016569
3.9153e-07 1.8903e-06 0.055297 0.009379 0.016591
3.832e-07 1.7385e-06 0.055336 0.0093867 0.016613
3.7618e-07 1.6095e-06 0.055376 0.0093943 0.016636
3.655e-07 1.4627e-06 0.055416 0.009402 0.016658
3.5114e-07 1.2972e-06 0.055454 0.0094096 0.016681
3.3793e-07 1.154e-06 0.055495 0.0094172 0.016703
3.2574e-07 1.0301e-06 0.055538 0.009425 0.016726
3.145e-07 9.2295e-07 0.055583 0.0094328 0.016749
3.0381e-07 8.2823e-07 0.055628 0.0094406 0.016772
2.9361e-07 7.4449e-07 0.055674 0.0094485 0.016795
2.8385e-07 6.7041e-07 0.055723 0.0094565 0.016818
2.7077e-07 5.8462e-07 0.05577 0.0094644 0.016841
2.5851e-07 5.1004e-07 0.055821 0.0094724 0.016865
1.8687e-07 4.4512e-07 0.055873 0.0094804 0.016888
1.8918e-07 3.6855e-07 0.055925 0.0094884 0.016912
1.9138e-07 2.9906e-07 0.055979 0.0094965 0.016935
1.9378e-07 2.3725e-07 0.056036 0.0095046 0.016959
1.9609e-07 1.8033e-07 0.056095 0.0095128 0.016983
1.9524e-07 2.0425e-07 0.056153 0.009521 0.017007
1.9463e-07 2.3094e-07 0.056213 0.0095292 0.017031
1.9096e-07 2.4985e-07 0.056273 0.0095374 0.017055
1.8718e-07 2.7061e-07 0.056335 0.0095456 0.01708
1.8358e-07 2.9469e-07 0.0564 0.0095539 0.017104
1.7984e-07 3.2144e-07 0.056467 0.0095623 0.017129
1.7634e-07 3.5259e-07 0.056538 0.0095707 0.017153
1.6968e-07 3.747e-07 0.056607 0.0095791 0.017178
1.6005e-07 3.8857e-07 0.056674 0.0095875 0.017203
1.5027e-07 4.055e-07 0.056745 0.0095959 0.017227
1.4028e-07 4.2574e-07 0.056818 0.0096044 0.017252
1.8987e-07 4.3792e-07 0.056889 0.0096128 0.017277
2.4196e-07 4.5473e-07 0.056964 0.0096213 0.017302
2.9697e-07 4.7673e-07 0.057042 0.0096299 0.017327
3.5449e-07 5.0291e-07 0.057124 0.0096385 0.017353
4.1486e-07 5.3371e-07 0.057207 0.0096472 0.017378
4.7065e-07 8.655e-07 0.05729 0.0096559 0.017404
5.3024e-07 1.2462e-06 0.057376 0.0096646 0.01743
5.9399e-07 1.6838e-06 0.057465 0.0096734 0.017456
6.5249e-07 2.0849e-06 0.057553 0.0096821 0.017481
7.1442e-07 2.5373e-06 0.057644 0.0096909 0.017507
7.0473e-07 3.0478e-06 0.057738 0.0096998 0.017533
6.9672e-07 3.6243e-06 0.057835 0.0097087 0.01756
6.91e-07 4.2904e-06 0.057937 0.0097177 0.017586
6.8754e-07 5.0602e-06 0.058042 0.0097267 0.017613
6.7962e-07 5.7691e-06 0.058145 0.0097357 0.01764
6.733e-07 6.571e-06 0.058251 0.0097448 0.017666
6.685e-07 7.4766e-06 0.058361 0.0097539 0.017693
6.5985e-07 8.3206e-06 0.05847 0.009763 0.01772
6.5279e-07 8.5324e-06 0.058582 0.0097722 0.017747
6.4808e-07 8.7927e-06 0.058698 0.0097813 0.017774
6.4488e-07 9.098e-06 0.058818 0.0097905 0.017801
6.3782e-07 9.3725e-06 0.058936 0.0097996 0.017828
6.2688e-07 9.6174e-06 0.059052 0.0098087 0.017855
6.1738e-07 9.9061e-06 0.059172 0.0098179 0.017882
6.0384e-07 1.0162e-05 0.05929 0.0098271 0.017909
5.9237e-07 1.0473e-05 0.059412 0.0098362 0.017936
5.8294e-07 1.0847e-05 0.059539 0.0098454 0.017964
5.7546e-07 1.1291e-05 0.059671 0.0098546 0.017991
5.6987e-07 1.1815e-05 0.059807 0.0098639 0.018019
5.6027e-07 1.229e-05 0.059941 0.0098732 0.018046
5.4688e-07 1.2725e-05 0.060074 0.0098825 0.018074
5.3482e-07 1.3227e-05 0.06021 0.0098918 0.018101
5.1898e-07 1.3686e-05 0.060344 0.0099011 0.018129
6.1845e-07 1.4109e-05 0.060476 0.0099104 0.018156
7.2437e-07 1.4604e-05 0.060613 0.0099197 0.018184
8.2448e-07 1.5062e-05 0.060748 0.009929 0.018212
9.3138e-07 1.4994e-05 0.060887 0.0099383 0.018239
1.0346e-06 1.4912e-05 0.061026 0.0099477 0.018267
1.1417e-06 1.4857e-05 0.061168 0.0099571 0.018295
1.2528e-06 1.4829e-05 0.061313 0.0099665 0.018323
1.3682e-06 1.4828e-05 0.061461 0.009976 0.018351
1.4798e-06 1.4813e-05 0.061608 0.0099855 0.018379
2.9776e-06 1.3878e-05 0.063966 0.010137 0.018831
3.0613e-06 1.3815e-05 0.064117 0.010147 0.018859
3.1497e-06 1.3778e-05 0.064272 0.010156 0.018888
3.2345e-06 1.3728e-05 0.064426 0.010166 0.018916
3.3157e-06 1.3667e-05 0.064579 0.010175 0.018945
3.4016e-06 1.3632e-05 0.064736 0.010185 0.018974
3.4924e-06 1.3622e-05 0.064896 0.010195 0.019003
3.5884e-06 1.3637e-05 0.06506 0.010204 0.019032
3.6804e-06 1.364e-05 0.065222 0.010214 0.019061
3.7679e-06 1.3628e-05 0.065384 0.010224 0.01909
3.8604e-06 1.3639e-05 0.065548 0.010233 0.019119
3.9581e-06 1.3675e-05 0.065717 0.010243 0.019148
4.0613e-06 1.2994e-05 0.065888 0.010253 0.019178
4.1599e-06 1.2287e-05 0.066059 0.010263 0.019207
4.2642e-06 1.1637e-05 0.066233 0.010273 0.019236
4.3614e-06 1.0943e-05 0.066405 0.010283 0.019266
4.4521e-06 1.0204e-05 0.066575 0.010292 0.019295
4.5529e-06 9.5611e-06 0.066751 0.010302 0.019325
4.6635e-06 8.9966e-06 0.066787 0.010312 0.019355
4.765e-06 8.6338e-06 0.066821 0.010322 0.019384
4.8744e-06 8.3116e-06 0.066857 0.010332 0.019414
4.9937e-06 8.0327e-06 0.066896 0.010342 0.019444
5.1201e-06 7.7823e-06 0.066936 0.010352 0.019474
5.2538e-06 7.5581e-06 0.066977 0.010362 0.019505
5.3951e-06 7.3581e-06 0.067021 0.010372 0.019535
5.5317e-06 7.1458e-06 0.067063 0.010382 0.019565
5.6637e-06 6.9212e-06 0.067106 0.010392 0.019596
5.5231e-06 6.7199e-06 0.06715 0.010403 0.019626
5.3901e-06 6.5406e-06 0.067061 0.010413 0.019657
5.2644e-06 6.382e-06 0.066974 0.010423 0.019688
5.1341e-06 6.212e-06 0.066887 0.010433 0.019718
5.0109e-06 6.0618e-06 0.066802 0.010443 0.019749
4.8933e-06 5.927e-06 0.066719 0.010454 0.01978
4.781e-06 5.8069e-06 0.066638 0.010464 0.019811
4.6647e-06 5.677e-06 0.066556 0.010474 0.019842
4.5548e-06 5.5644e-06 0.066477 0.010485 0.019874
4.4406e-06 5.4413e-06 0.066397 0.010495 0.019905
4.3223e-06 5.3083e-06 0.066316 0.010505 0.019936
4.2093e-06 5.1894e-06 0.066237 0.010516 0.019967
4.0915e-06 5.059e-06 0.066158 0.010526 0.019999
3.9695e-06 4.9181e-06 0.066078 0.010537 0.02003
3.8433e-06 4.7667e-06 0.065997 0.010547 0.020061
3.7232e-06 4.6322e-06 0.065919 0.010557 0.020093
3.6092e-06 4.5137e-06 0.065842 0.010568 0.020124
3.491e-06 4.385e-06 0.065765 0.010578 0.020156
3.3787e-06 4.2717e-06 0.06569 0.010589 0.020187
3.2708e-06 4.1702e-06 0.065617 0.010599 0.020219
3.1672e-06 4.0799e-06 0.065545 0.01061 0.020251
3.0599e-06 3.9807e-06 0.065473 0.01062 0.020283
2.9489e-06 3.8726e-06 0.065401 0.010631 0.020315
2.843e-06 3.778e-06 0.06533 0.010641 0.020347
2.7423e-06 3.6965e-06 0.065262 0.010652 0.020379
2.6464e-06 3.6273e-06 0.065195 0.010663 0.020411
2.5541e-06 3.5676e-06 0.06513 0.010673 0.020444
2.4581e-06 3.4988e-06 0.065065 0.010684 0.020476
2.3583e-06 3.4215e-06 0.064998 0.010695 0.020508
2.2546e-06 3.335e-06 0.064932 0.010705 0.020541
2.147e-06 3.2392e-06 0.064865 0.010716 0.020573
2.044e-06 3.1554e-06 0.0648 0.010727 0.020606
1.9373e-06 3.0625e-06 0.064734 0.010738 0.020638
1.8341e-06 2.9789e-06 0.06467 0.010749 0.020671
1.7273e-06 2.887e-06 0.064606 0.010759 0.020704
1.6168e-06 2.7861e-06 0.064541 0.01077 0.020737
1.5098e-06 2.6943e-06 0.064478 0.010781 0.020769
1.399e-06 2.5936e-06 0.064414 0.010792 0.020802
1.2924e-06 2.5038e-06 0.064018 0.010803 0.020835
1.1899e-06 2.4222e-06 0.063628 0.010813 0.020868
1.0838e-06 2.3319e-06 0.063236 0.010824 0.020901
9.8068e-07 2.2496e-06 0.062851 0.010835 0.020935
9.9067e-07 2.1581e-06 0.062464 0.010846 0.020968
9.9762e-07 2.0571e-06 0.062075 0.010857 0.021001
1.001e-06 2.3303e-06 0.061683 0.010868 0.021034
1.0053e-06 2.3126e-06 0.061298 0.010879 0.021067
1.0069e-06 2.2874e-06 0.060912 0.01089 0.0211
1.0091e-06 2.2683e-06 0.060532 0.010901 0.021134
1.0085e-06 2.2417e-06 0.060151 0.010912 0.021167
1.0089e-06 2.2229e-06 0.059777 0.010923 0.021201
1.0066e-06 2.1966e-06 0.059401 0.010934 0.021234
1.0053e-06 2.1779e-06 0.059033 0.010945 0.021268
1.0011e-06 2.1514e-06 0.058664 0.010956 0.021302
9.9791e-07 2.1324e-06 0.058301 0.010967 0.021336
9.9537e-07 2.1195e-06 0.057945 0.010978 0.02137
9.9381e-07 2.1139e-06 0.057596 0.010989 0.021404
9.894e-07 2.1005e-06 0.057245 0.011 0.021438
9.8555e-07 2.0927e-06 0.0569 0.011012 0.021472
9.8223e-07 2.0904e-06 0.056561 0.011023 0.021507
9.7945e-07 2.0937e-06 0.056228 0.011034 0.021541
9.7392e-07 2.0896e-06 0.055893 0.011046 0.021576
9.6566e-07 2.0781e-06 0.055557 0.011057 0.02161
9.5793e-07 2.0722e-06 0.055227 0.011068 0.021645
9.5073e-07 2.0718e-06 0.054902 0.01108 0.02168
9.4066e-07 2.0635e-06 0.054576 0.011091 0.021714
9.3167e-07 2.063e-06 0.054256 0.011102 0.021749
9.2347e-07 2.0689e-06 0.053943 0.011114 0.021784
9.122e-07 2.0662e-06 0.053627 0.011125 0.021819
9.0207e-07 2.0716e-06 0.053318 0.011137 0.021855
8.9264e-07 2.0832e-06 0.053015 0.011148 0.02189
1.1057e-06 2.0866e-06 0.05271 0.01116 0.021925
1.3268e-06 2.0966e-06 0.052411 0.011171 0.021961
1.5591e-06 2.1157e-06 0.052118 0.011183 0.021996
1.803e-06 2.144e-06 0.051833 0.011194 0.022032
2.0596e-06 2.1819e-06 0.051553 0.011206 0.022068
2.3057e-06 2.2071e-06 0.051271 0.011218 0.022104
2.5671e-06 2.2445e-06 0.050995 0.01123 0.02214
2.845e-06 2.2945e-06 0.050727 0.011241 0.022176
3.1402e-06 2.3576e-06 0.050466 0.011253 0.022213
3.429e-06 2.4122e-06 0.050204 0.011265 0.022249
3.729e-06 2.4741e-06 0.049946 0.011277 0.022286
4.0226e-06 2.5275e-06 0.049687 0.011289 0.022322
4.3104e-06 2.573e-06 0.049427 0.011301 0.022359
4.5924e-06 2.6104e-06 0.049165 0.011313 0.022395
4.8894e-06 2.6585e-06 0.048909 0.011325 0.022432
5.1758e-06 2.6944e-06 0.048651 0.011336 0.022469
5.4559e-06 2.7219e-06 0.048391 0.011348 0.022505
5.7475e-06 2.7569e-06 0.048136 0.01136 0.022542
6.0328e-06 2.7835e-06 0.04788 0.011372 0.022579
6.3319e-06 2.8195e-06 0.047629 0.011384 0.022616
6.6454e-06 2.865e-06 0.047382 0.011396 0.022653
6.9715e-06 2.9184e-06 0.04714 0.011408 0.02269
7.3135e-06 2.982e-06 0.046903 0.01142 0.022728
7.6711e-06 3.0557e-06 0.04667 0.011433 0.022765
8.0215e-06 3.1204e-06 0.046436 0.011445 0.022803
8.389e-06 3.1962e-06 0.046207 0.011457 0.02284
8.7716e-06 3.2814e-06 0.045982 0.011469 0.022878
9.1729e-06 3.3787e-06 0.045761 0.011481 0.022916
9.5935e-06 3.4887e-06 0.045545 0.011494 0.022954
1.0006e-05 3.5894e-06 0.045327 0.011506 0.022992
1.0411e-05 3.6807e-06 0.045109 0.011518 0.02303
1.0808e-05 3.7626e-06 0.044889 0.011531 0.023068
1.1183e-05 3.8213e-06 0.044677 0.011543 0.023106
1.154e-05 3.8621e-06 0.044471 0.011555 0.023144
1.1917e-05 3.9168e-06 0.04349 0.011567 0.023182
1.2314e-05 3.9845e-06 0.042528 0.01158 0.02322
1.2728e-05 4.0626e-06 0.041582 0.011592 0.023259
1.3163e-05 4.1539e-06 0.040654 0.011605 0.023297
1.3616e-05 4.2566e-06 0.039742 0.011617 0.023336
1.4089e-05 4.371e-06 0.038845 0.011629 0.023375
1.4581e-05 4.4979e-06 0.037963 0.011642 0.023414
1.5065e-05 4.6153e-06 0.037096 0.011655 0.023453
1.5573e-05 4.7485e-06 0.036245 0.011667 0.023492
1.6107e-05 4.8986e-06 0.035411 0.01168 0.023531
1.6667e-05 5.0666e-06 0.034594 0.011692 0.02357
1.7251e-05 5.2503e-06 0.033789 0.011705 0.02361
1.7859e-05 5.4506e-06 0.032999 0.011718 0.02365
1.8457e-05 5.6403e-06 0.032205 0.011731 0.023689
1.9047e-05 5.8195e-06 0.031408 0.011743 0.023729
1.9661e-05 6.0157e-06 0.030624 0.011756 0.023769
2.0306e-05 6.234e-06 0.029856 0.011769 0.023809
2.094e-05 6.4403e-06 0.029084 0.011782 0.023849
2.1606e-05 6.6696e-06 0.028327 0.011795 0.023889
2.2305e-05 6.9238e-06 0.027584 0.011808 0.023929
2.2992e-05 7.1651e-06 0.026838 0.011821 0.02397
2.3714e-05 7.4326e-06 0.026107 0.011834 0.02401
2.4467e-05 7.7233e-06 0.025387 0.011847 0.024051
2.5251e-05 8.0388e-06 0.02468 0.01186 0.024092
2.6074e-05 8.3861e-06 0.023986 0.011873 0.024132
2.6089e-05 8.7621e-06 0.023304 0.011886 0.024174
2.6098e-05 9.1226e-06 0.022619 0.011899 0.024215
2.6101e-05 9.4679e-06 0.021931 0.011912 0.024256
2.6117e-05 9.8484e-06 0.021256 0.011925 0.024297
2.6147e-05 1.0267e-05 0.020594 0.011939 0.024338
2.6171e-05 1.067e-05 0.019929 0.011952 0.02438
2.6206e-05 1.1107e-05 0.019276 0.011965 0.024421
2.6236e-05 1.1528e-05 0.01862 0.011978 0.024463
2.6279e-05 1.1992e-05 0.017976 0.011992 0.024504
2.6316e-05 1.2439e-05 0.017331 0.012005 0.024546
2.6365e-05 1.2923e-05 0.016695 0.012018 0.024588
2.6427e-05 1.3455e-05 0.016073 0.012032 0.02463
2.6502e-05 1.4031e-05 0.01546 0.012045 0.024672
2.6569e-05 1.4586e-05 0.014845 0.012059 0.024714
2.6631e-05 1.5122e-05 0.014227 0.012072 0.024756
2.6274e-05 1.5138e-05 0.013629 0.012059 0.0248
2.5895e-05 1.5124e-05 0.013021 0.012046 0.024844
2.5545e-05 1.5147e-05 0.012429 0.012034 0.024888
2.5182e-05 1.5146e-05 0.011832 0.012021 0.024932
2.4836e-05 1.5169e-05 0.011246 0.012008 0.024976
2.4484e-05 1.5179e-05 0.010656 0.011995 0.02502
2.4148e-05 1.5211e-05 0.010077 0.011982 0.025065
2.3805e-05 1.523e-05 0.009495 0.01197 0.025109
2.3453e-05 1.5236e-05 0.0089103 0.011957 0.025153
2.3122e-05 1.527e-05 0.0083371 0.011944 0.025198
2.2812e-05 1.5334e-05 0.0077761 0.011932 0.025242
2.2493e-05 1.5383e-05 0.0077121 0.011919 0.025286
2.2192e-05 1.4671e-05 0.0076494 0.011906 0.025331
2.1883e-05 1.3933e-05 0.0075863 0.011893 0.025375
2.1589e-05 1.3251e-05 0.0075243 0.011881 0.02542
2.1349e-05 1.2629e-05 0.0074637 0.011868 0.025465
2.1103e-05 1.1985e-05 0.0074027 0.011856 0.02551
2.0849e-05 1.132e-05 0.0073414 0.011843 0.025554
2.0612e-05 1.0711e-05 0.0072813 0.01183 0.025599
2.0368e-05 1.0081e-05 0.0072209 0.011818 0.025644
2.0116e-05 9.4292e-06 0.0071601 0.011805 0.025689
1.9881e-05 8.8319e-06 0.0071006 0.011792 0.025734
1.9661e-05 8.2845e-06 0.0070423 0.01178 0.025779
1.9455e-05 7.7828e-06 0.0069851 0.011767 0.025824
1.9264e-05 7.3234e-06 0.0069291 0.011755 0.02587
1.9085e-05 6.897e-06 0.0068741 0.011743 0.025915
1.8919e-05 6.5078e-06 0.0068203 0.01173 0.025961
1.8771e-05 6.1627e-06 0.0067678 0.011718 0.026007
1.8616e-05 5.8026e-06 0.0067151 0.011706 0.026054
1.8475e-05 5.4733e-06 0.0066634 0.011693 0.0261
1.8346e-05 5.1725e-06 0.0066128 0.011681 0.026146
1.8211e-05 4.8593e-06 0.0065619 0.011669 0.026193
1.8087e-05 4.5685e-06 0.006512 0.011657 0.026239
1.7973e-05 4.2984e-06 0.0064629 0.011645 0.026286
1.7853e-05 4.0159e-06 0.0064135 0.011632 0.026333
1.7743e-05 3.7531e-06 0.006365 0.01162 0.02638
1.7627e-05 3.4775e-06 0.0063162 0.011608 0.026427
1.7521e-05 3.2213e-06 0.0062683 0.011596 0.026474
1.7427e-05 2.9875e-06 0.0062214 0.011584 0.026521
1.7354e-05 2.9027e-06 0.0061759 0.011572 0.026569
1.7274e-05 2.807e-06 0.00613 0.01156 0.026616
1.7202e-05 2.7203e-06 0.006085 0.011548 0.026664
1.7126e-05 2.6248e-06 0.0060396 0.011536 0.026712
1.7044e-05 2.521e-06 0.0059941 0.011524 0.026759
1.6971e-05 2.4259e-06 0.0059493 0.011513 0.026807
1.6893e-05 2.3218e-06 0.0059043 0.011501 0.026855
1.6809e-05 2.2089e-06 0.005859 0.011489 0.026903
1.6736e-05 2.1069e-06 0.0058146 0.011477 0.026952
1.6676e-05 2.0162e-06 0.0057713 0.011465 0.027
1.6634e-05 1.9439e-06 0.0057295 0.011453 0.027048
1.6612e-05 1.8885e-06 0.0056891 0.011442 0.027097
1.6606e-05 1.8459e-06 0.00565 0.01143 0.027146
1.6616e-05 1.8154e-06 0.0056121 0.011418 0.027195
1.6644e-05 1.7994e-06 0.0055756 0.011407 0.027245
1.6705e-05 1.7705e-06 0.0055384 0.011395 0.027294
1.6753e-05 1.7275e-06 0.0055502 0.011384 0.027344
1.679e-05 1.6715e-06 0.0055617 0.011372 0.027393
1.6838e-05 1.6234e-06 0.0055737 0.011361 0.027443
1.6898e-05 1.5819e-06 0.0055862 0.01135 0.027493
1.6966e-05 1.5452e-06 0.005599 0.011338 0.027543
1.7029e-05 1.501e-06 0.0056117 0.011327 0.027593
1.71e-05 1.4613e-06 0.0056247 0.011316 0.027644
1.7167e-05 1.4146e-06 0.0056376 0.011304 0.027694
1.7243e-05 1.3726e-06 0.0056509 0.011293 0.027745
1.7313e-05 1.322e-06 0.005664 0.011282 0.027795
1.7366e-05 1.2578e-06 0.0056657 0.01127 0.027846
1.744e-05 1.2067e-06 0.005668 0.011259 0.027897
1.7534e-05 1.1677e-06 0.0056711 0.011248 0.027948
1.7646e-05 1.1376e-06 0.0056747 0.011237 0.028
1.7776e-05 1.1158e-06 0.0056788 0.011226 0.028051
1.7895e-05 1.0843e-06 0.0056827 0.011215 0.028103
1.8004e-05 1.0426e-06 0.0056864 0.011204 0.028154
1.8128e-05 1.0075e-06 0.0056905 0.011193 0.028206
1.8272e-05 9.8056e-07 0.0056951 0.011182 0.028258
1.843e-05 9.5889e-07 0.0057003 0.011171 0.02831
1.8579e-05 9.2849e-07 0.0057052 0.01116 0.028362
1.8747e-05 9.0483e-07 0.0057107 0.011149 0.028415
1.8904e-05 8.7205e-07 0.0057159 0.011138 0.028467
1.9081e-05 8.4608e-07 0.0057217 0.011127 0.028519
1.9244e-05 8.0914e-07 0.0057271 0.011116 0.028572
1.9422e-05 7.7695e-07 0.0057329 0.011105 0.028624
1.962e-05 7.5024e-07 0.0057393 0.011094 0.028677
1.9811e-05 7.1693e-07 0.0057456 0.011083 0.028729
2.0016e-05 6.8649e-07 0.0057522 0.011072 0.028782
2.0236e-05 6.5869e-07 0.0057593 0.011061 0.028835
2.045e-05 6.2446e-07 0.0057662 0.011051 0.028888
2.0679e-05 5.9271e-07 0.0057736 0.01104 0.028942
2.0921e-05 5.6235e-07 0.0057812 0.011029 0.028995
2.1157e-05 5.2564e-07 0.0057888 0.011018 0.029048
2.1406e-05 4.9012e-07 0.0057967 0.011008 0.029102
2.1647e-05 4.4824e-07 0.0058044 0.010997 0.029156
2.1906e-05 4.084e-07 0.0058125 0.010987 0.02921
2.2182e-05 3.7039e-07 0.0058211 0.010976 0.029264
2.2478e-05 3.3451e-07 0.0058302 0.010965 0.029319
2.2796e-05 3.0075e-07 0.0058398 0.010955 0.029374
2.3097e-05 3.8657e-07 0.005849 0.010945 0.029429
2.3427e-05 4.8176e-07 0.0058588 0.010934 0.029484
2.3782e-05 5.8463e-07 0.0058692 0.010924 0.02954
2.4121e-05 6.7673e-07 0.0058793 0.010914 0.029595
2.4444e-05 7.5788e-07 0.005889 0.010903 0.029651
2.4752e-05 8.2876e-07 0.0058985 0.010893 0.029707
2.5086e-05 9.0769e-07 0.0059085 0.010883 0.029763
2.5451e-05 9.9781e-07 0.0059171 0.010873 0.029819
2.5804e-05 1.0787e-06 0.0059254 0.010863 0.029876
2.6146e-05 1.1507e-06 0.0059335 0.010852 0.029932
2.6477e-05 1.2138e-06 0.0059414 0.010842 0.029988
2.6829e-05 1.2831e-06 0.0059498 0.010832 0.030045
2.7205e-05 1.3611e-06 0.0059586 0.010822 0.030101
2.7607e-05 1.448e-06 0.0059307 0.010812 0.030158
2.7994e-05 2.3314e-06 0.0059024 0.010802 0.030215
2.8414e-05 3.3232e-06 0.005875 0.010792 0.030272
2.8797e-05 4.2474e-06 0.0058486 0.010782 0.03033
2.9215e-05 5.2918e-06 0.0058231 0.010772 0.030388
2.9668e-05 6.4725e-06 0.0057984 0.010762 0.030446
3.0167e-05 7.85e-06 0.0057748 0.010752 0.030504
3.0639e-05 9.1236e-06 0.0057507 0.010743 0.030563
3.116e-05 1.0597e-05 0.0057276 0.010733 0.030621
3.1724e-05 1.2264e-05 0.0057053 0.010723 0.030681
3.2259e-05 1.3807e-05 0.0056825 0.010713 0.030739
3.2766e-05 1.5245e-05 0.0056592 0.010704 0.030798
3.3249e-05 1.6586e-05 0.0056354 0.010694 0.030857
3.378e-05 1.814e-05 0.0056126 0.010684 0.030916
3.3823e-05 1.8579e-05 0.0055908 0.010674 0.030975
3.389e-05 1.8497e-05 0.0055698 0.010665 0.031034
3.3988e-05 1.8471e-05 0.0055498 0.010655 0.031093
3.3617e-05 1.8491e-05 0.0055305 0.010645 0.031153
3.3279e-05 1.8557e-05 0.0055119 0.010636 0.031212
3.2918e-05 1.8589e-05 0.005495 0.010626 0.031272
3.2537e-05 1.859e-05 0.0054625 0.010617 0.031332
3.2195e-05 1.8645e-05 0.0054312 0.010607 0.031392
3.1885e-05 1.8748e-05 0.0054009 0.010598 0.031452
3.161e-05 1.891e-05 0.0053718 0.010588 0.031513
3.1363e-05 1.9123e-05 0.0053436 0.010579 0.031574
3.0874e-05 1.8855e-05 0.0053165 0.01057 0.031635
3.043e-05 1.8652e-05 0.0052905 0.01056 0.031697
3.0028e-05 1.8509e-05 0.0052655 0.010551 0.031759
2.9602e-05 1.9405e-05 0.00524 0.010542 0.031821
2.9217e-05 2.045e-05 0.0052155 0.010533 0.031883
2.8812e-05 2.1419e-05 0.0051905 0.010524 0.031946
2.844e-05 2.2524e-05 0.0051018 0.010514 0.032008
2.81e-05 2.3782e-05 0.0050156 0.010505 0.032071
2.7795e-05 2.5244e-05 0.0049322 0.010496 0.032134
2.7472e-05 2.6605e-05 0.0048475 0.010487 0.032197
2.6281e-05 2.8186e-05 0.0047656 0.010478 0.032261
2.5171e-05 2.859e-05 0.004686 0.01047 0.032325
2.4011e-05 2.8942e-05 0.004605 0.010461 0.032388
2.2806e-05 2.9251e-05 0.0045229 0.010452 0.032452
2.1553e-05 2.9517e-05 0.0044395 0.010443 0.032516
2.0398e-05 2.9865e-05 0.0043187 0.010434 0.032516
1.9333e-05 2.9601e-05 0.004202 0.010426 0.032518
1.8341e-05 2.9403e-05 0.0040884 0.010417 0.032519
1.7304e-05 2.9159e-05 0.003973 0.010409 0.03252
1.6338e-05 2.8979e-05 0.0038608 0.0104 0.032521
1.5437e-05 2.8861e-05 0.0037518 0.010392 0.032523
1.4607e-05 2.8814e-05 0.0036462 0.010383 0.032524
1.3842e-05 2.8836e-05 0.0035441 0.010375 0.032526
1.3128e-05 2.8917e-05 0.0034448 0.010367 0.032527
1.2473e-05 2.907e-05 0.0033488 0.010358 0.032529
1.1862e-05 2.9286e-05 0.0032902 0.01035 0.032532
1.1292e-05 2.9569e-05 0.0032332 0.010342 0.032534
1.0695e-05 2.9805e-05 0.0031753 0.010334 0.032536
1.0145e-05 2.9425e-05 0.0031192 0.010326 0.032539
9.6317e-06 2.7933e-05 0.0030648 0.010318 0.032542
9.3048e-06 2.629e-05 0.0030094 0.01031 0.032545
8.9602e-06 2.4512e-05 0.0029531 0.010302 0.032548
8.6399e-06 2.2946e-05 0.0028983 0.010294 0.032551
8.3023e-06 2.125e-05 0.0028426 0.010287 0.032555
7.9467e-06 1.9418e-05 0.0027859 0.010279 0.032558
7.6126e-06 1.7776e-05 0.0027307 0.010271 0.032562
7.2955e-06 1.6279e-05 0.0026766 0.010263 0.032565
6.9942e-06 1.4912e-05 0.0026236 0.010256 0.032569
6.7074e-06 1.366e-05 0.0025717 0.010248 0.032573
6.4321e-06 1.2496e-05 0.0025207 0.01024 0.032577
6.1503e-06 1.1297e-05 0.0024693 0.010233 0.032581
5.8854e-06 1.0221e-05 0.0024192 0.010225 0.032585
5.6059e-06 9.0549e-06 0.0023687 0.010218 0.032589
5.3491e-06 8.048e-06 0.0023198 0.01021 0.032593
5.1133e-06 7.1785e-06 0.0022726 0.010202 0.032598
4.897e-06 6.428e-06 0.0022268 0.010195 0.032602
4.6989e-06 5.7805e-06 0.0021826 0.010187 0.032607
4.4888e-06 5.076e-06 0.0021376 0.01018 0.032611
4.2961e-06 4.4674e-06 0.0020941 0.010172 0.032616
4.1172e-06 3.9298e-06 0.0020518 0.010165 0.032621
3.951e-06 3.455e-06 0.0020106 0.010158 0.032626
3.7485e-06 3.4818e-06 0.0019709 0.010151 0.032632
3.5641e-06 3.2799e-06 0.0019324 0.010143 0.032637
3.3925e-06 3.1053e-06 0.0019272 0.010136 0.032643
3.2103e-06 2.9078e-06 0.0019217 0.010129 0.032648
3.0406e-06 2.7364e-06 0.0019166 0.010122 0.032654
2.8604e-06 2.5429e-06 0.0019112 0.010114 0.032659
2.6946e-06 2.3789e-06 0.0019063 0.010107 0.032665
2.542e-06 2.241e-06 0.0019017 0.0101 0.032671
2.3799e-06 2.0836e-06 0.0018969 0.010093 0.032676
2.2079e-06 1.9058e-06 0.0018918 0.010086 0.032682
2.0491e-06 1.7542e-06 0.0018864 0.010079 0.032688
1.8817e-06 1.5847e-06 0.0018809 0.010072 0.032694
1.7271e-06 1.4395e-06 0.0018757 0.010065 0.0327
1.5842e-06 1.3155e-06 0.001871 0.010058 0.032706
1.4333e-06 1.1736e-06 0.001866 0.010051 0.032713
1.2918e-06 1.0482e-06 0.0018614 0.010044 0.032719
1.1424e-06 9.0765e-07 0.0018565 0.010037 0.032726
1.0037e-06 7.8577e-07 0.001852 0.01003 0.032733
8.5671e-07 6.4806e-07 0.0018473 0.010023 0.03274
7.2002e-07 5.2767e-07 0.001843 0.010016 0.032746
5.9276e-07 4.2203e-07 0.001839 0.01001 0.032754
5.6603e-07 4.4129e-07 0.0018348 0.010003 0.032761
5.4102e-07 4.6434e-07 0.001831 0.0099962 0.032768
5.1762e-07 4.9154e-07 0.0018274 0.0099896 0.032776
4.9633e-07 5.249e-07 0.0018243 0.009983 0.032783
4.7697e-07 5.6511e-07 0.0018215 0.0099764 0.032791
4.5358e-07 5.948e-07 0.0018185 0.0099699 0.032799
4.2644e-07 6.1521e-07 0.0018152 0.0099633 0.032807
4.0085e-07 6.4135e-07 0.0018123 0.0099567 0.032815
3.7624e-07 6.7229e-07 0.0018097 0.0099502 0.032823
3.4793e-07 6.9353e-07 0.0018069 0.0099437 0.032831
3.2107e-07 7.2147e-07 0.0018044 0.0099372 0.032839
2.9505e-07 7.5491e-07 0.0018022 0.0099308 0.032847
2.6546e-07 7.7842e-07 0.0017998 0.0099244 0.032856
2.3246e-07 7.9271e-07 0.0017972 0.0099179 0.032864
2.0034e-07 8.1266e-07 0.0017949 0.0099115 0.032872
2.2464e-07 8.2175e-07 0.001793 0.0099051 0.032881
2.4902e-07 8.3485e-07 0.0017913 0.0098987 0.032889
2.7044e-07 8.399e-07 0.0017894 0.0098923 0.032898
2.9179e-07 8.4826e-07 0.0017878 0.0098859 0.032906
3.1275e-07 8.5856e-07 0.0017863 0.0098795 0.032915
3.3335e-07 8.7086e-07 0.001785 0.0098732 0.032924
3.5138e-07 8.7657e-07 0.0017836 0.0098669 0.032933
3.6936e-07 8.8538e-07 0.0017824 0.0098606 0.032942
3.8704e-07 8.9626e-07 0.0017814 0.0098544 0.032951
4.0213e-07 9.0053e-07 0.0017802 0.0098481 0.03296
4.1723e-07 9.0801e-07 0.0017793 0.0098419 0.032969
4.3216e-07 9.1795e-07 0.0017785 0.0098357 0.032978
4.4401e-07 9.1946e-07 0.001778 0.0098295 0.032988
4.5615e-07 9.2514e-07 0.0017777 0.0098234 0.032997
6.3127e-07 9.2041e-07 0.0017772 0.0098173 0.033007
8.195e-07 9.2442e-07 0.0017771 0.0098112 0.033017
1.0187e-06 9.3454e-07 0.0017772 0.0098052 0.033027
1.2296e-06 9.5087e-07 0.0017776 0.0097992 0.033037
1.4483e-06 9.7008e-07 0.0017782 0.0097933 0.033047
1.662e-06 9.8259e-07 0.0017787 0.0097873 0.033057
1.8704e-06 9.884e-07 0.0017791 0.0097813 0.033067
2.0863e-06 9.9683e-07 0.0017797 0.0097754 0.033078
2.3102e-06 1.008e-06 0.0017804 0.0097695 0.033088
2.5453e-06 1.0239e-06 0.0017814 0.0097636 0.033099
2.775e-06 1.0329e-06 0.0017823 0.0097578 0.033109
3.0132e-06 1.0445e-06 0.0017833 0.0097519 0.03312
3.2602e-06 1.0588e-06 0.0017845 0.0097461 0.033131
3.5008e-06 1.0662e-06 0.0017856 0.0097403 0.033142
3.7525e-06 1.0776e-06 0.0017869 0.0097345 0.033153
3.7351e-06 1.092e-06 0.0017883 0.0097288 0.033164
3.7141e-06 1.0995e-06 0.0017897 0.009723 0.033175
3.6894e-06 1.1002e-06 0.001791 0.0097172 0.033186
3.6687e-06 1.1049e-06 0.0017925 0.0097115 0.033197
3.6443e-06 1.1028e-06 0.0017938 0.0097058 0.033208
3.6162e-06 1.0937e-06 0.0017951 0.0097 0.033219
3.5811e-06 1.0729e-06 0.0017961 0.0096942 0.03323
3.5539e-06 1.062e-06 0.0017976 0.0096885 0.033241
3.5348e-06 1.0607e-06 0.0017993 0.0096828 0.033253
3.5094e-06 1.0488e-06 0.0018009 0.0096771 0.033264
3.4889e-06 1.0423e-06 0.0018027 0.0096715 0.033276
3.4713e-06 1.0385e-06 0.0018046 0.0096658 0.033287
3.4566e-06 1.0373e-06 0.0018068 0.0096602 0.033299
3.4383e-06 1.0293e-06 0.0018088 0.0096546 0.033311
3.4236e-06 1.0251e-06 0.001811 0.0096491 0.033323
3.5866e-06 1.0143e-06 0.0018132 0.0096435 0.033335
3.7558e-06 1.0061e-06 0.0018155 0.009638 0.033347
3.9316e-06 1.0004e-06 0.001818 0.0096326 0.033359
4.1143e-06 9.9708e-07 0.0018207 0.0096271 0.033372
4.3042e-06 9.9621e-07 0.0018235 0.0096217 0.033384
4.4895e-06 9.889e-07 0.0018262 0.0096163 0.033397
4.6838e-06 9.8515e-07 0.001803 0.0096109 0.033409
4.873e-06 9.7469e-07 0.0017796 0.0096055 0.033422
5.07e-06 9.6661e-07 0.0017566 0.0096001 0.033434
4.9958e-06 9.6087e-07 0.001734 0.0095948 0.033447
4.9271e-06 9.5857e-07 0.0017118 0.0095895 0.03346
4.8637e-06 9.5968e-07 0.0016901 0.0095842 0.033473
4.8056e-06 9.6421e-07 0.0016688 0.0095789 0.033487
4.7526e-06 9.7219e-07 0.001648 0.0095737 0.0335
4.7035e-06 9.8255e-07 0.0016275 0.0095686 0.033513
4.6593e-06 9.9648e-07 0.0016074 0.0095634 0.033527
4.6199e-06 1.0141e-06 0.0015878 0.0095583 0.033541
4.5852e-06 1.0355e-06 0.0015685 0.0095533 0.033555
4.5551e-06 1.0609e-06 0.0015496 0.0095482 0.033569
4.5212e-06 1.0794e-06 0.0015306 0.0095432 0.033583
4.4918e-06 1.102e-06 0.001512 0.0095382 0.033597
4.467e-06 1.1289e-06 0.0014937 0.0095332 0.033611
4.4465e-06 1.1602e-06 0.0014758 0.0095282 0.033626
4.4296e-06 1.1948e-06 0.0014583 0.0095233 0.03364
4.4089e-06 1.2224e-06 0.0014406 0.0095184 0.033655
4.3917e-06 1.2535e-06 0.0014232 0.0095135 0.03367
4.378e-06 1.2883e-06 0.0014061 0.0095086 0.033684
4.369e-06 1.329e-06 0.0013894 0.0095038 0.033699
4.3556e-06 1.3603e-06 0.0013725 0.009499 0.033714
4.3468e-06 1.3974e-06 0.001356 0.0094942 0.033729
4.3307e-06 1.8891e-06 0.0013391 0.0094893 0.033744
4.3076e-06 2.3445e-06 0.0013219 0.0094845 0.033759
4.2771e-06 2.7616e-06 0.0013282 0.0094796 0.033774
4.2554e-06 3.2434e-06 0.0013349 0.0094747 0.033789
4.2262e-06 3.6847e-06 0.0013413 0.0094699 0.033804
4.1896e-06 4.088e-06 0.0013475 0.009465 0.033819
4.1617e-06 4.5558e-06 0.001354 0.0094601 0.033834
4.141e-06 5.0861e-06 0.0013609 0.0094553 0.033849
4.1134e-06 5.576e-06 0.0013676 0.0094506 0.033865
4.0791e-06 6.0274e-06 0.001374 0.0094459 0.03388
4.0534e-06 6.5528e-06 0.0013808 0.0094413 0.033896
3.8266e-06 6.649e-06 0.001388 0.0094367 0.033912
3.618e-06 6.4638e-06 0.0013955 0.0094322 0.033929
3.4267e-06 6.3168e-06 0.0014035 0.0094277 0.033945
3.2485e-06 6.1992e-06 0.0014118 0.0094231 0.033961
3.0596e-06 6.0573e-06 0.0014198 0.0094186 0.033978
2.8606e-06 5.8929e-06 0.0014276 0.0094141 0.033994
2.6737e-06 5.7556e-06 0.0014357 0.0094096 0.03401
2.4982e-06 5.6442e-06 0.0014442 0.0094051 0.034027
2.3132e-06 5.5111e-06 0.0014524 0.0094008 0.034044
2.1416e-06 5.4082e-06 0.0014609 0.0093964 0.034061
1.981e-06 5.3305e-06 0.0014699 0.0093923 0.034022
1.8638e-06 5.2309e-06 0.0014786 0.0093881 0.033983
1.7539e-06 5.1542e-06 0.0014876 0.009384 0.033945
1.6521e-06 5.1055e-06 0.001497 0.0093799 0.033906
1.5437e-06 5.0383e-06 0.0015062 0.0093759 0.033868
1.4408e-06 4.9892e-06 0.0015157 0.0093718 0.033829
1.3332e-06 4.9276e-06 0.001525 0.0093677 0.033791
1.2218e-06 4.8561e-06 0.0015342 0.0093637 0.033752
1.1146e-06 4.7988e-06 0.0015437 0.0093596 0.033714
1.0106e-06 4.7527e-06 0.0015533 0.0093556 0.033676
9.0957e-07 4.7178e-06 0.0015632 0.0093516 0.033638
8.1259e-07 4.698e-06 0.0015734 0.0093477 0.0336
8.4308e-07 4.6603e-06 0.0015833 0.0093437 0.033563
8.7691e-07 4.6481e-06 0.0015937 0.0093398 0.033525
9.1345e-07 4.6567e-06 0.0016045 0.0093359 0.033488
9.5374e-07 4.6906e-06 0.0016158 0.0093321 0.033451
9.894e-07 4.7067e-06 0.0016268 0.0093283 0.033414
1.0271e-06 4.7389e-06 0.0016381 0.0093245 0.033377
1.0615e-06 4.7606e-06 0.0016493 0.0093207 0.03334
1.097e-06 4.793e-06 0.0016607 0.0093169 0.033303
1.1295e-06 4.8159e-06 0.001672 0.0093131 0.033266
1.159e-06 4.8295e-06 0.0016832 0.0093093 0.03323
1.1855e-06 4.8336e-06 0.0016943 0.0093055 0.033193
1.2091e-06 4.8289e-06 0.0017053 0.0093016 0.033156
1.2338e-06 4.835e-06 0.0017165 0.0092978 0.033119
1.2599e-06 4.8544e-06 0.001728 0.0092941 0.033083
1.2877e-06 4.8872e-06 0.0017397 0.0092904 0.033046
1.3124e-06 4.9104e-06 0.0017514 0.0092866 0.03301
1.3383e-06 4.9447e-06 0.0017633 0.0092829 0.032974
1.3612e-06 4.97e-06 0.0017751 0.0092792 0.032938
1.3853e-06 5.0065e-06 0.0017872 0.0092755 0.032902
1.4105e-06 5.0542e-06 0.0017773 0.0092718 0.032866
1.437e-06 5.1134e-06 0.0017676 0.0092682 0.03283
1.4604e-06 5.1629e-06 0.0017579 0.0092646 0.032795
1.4808e-06 5.2028e-06 0.001748 0.0092609 0.032759
1.5023e-06 5.2543e-06 0.0017383 0.0092573 0.032723
1.5252e-06 5.3176e-06 0.0017289 0.0092537 0.032688
1.545e-06 5.3712e-06 0.0017194 0.0092501 0.032652
1.5666e-06 5.4396e-06 0.0017101 0.0092465 0.032617
1.5895e-06 5.5206e-06 0.001701 0.0092429 0.032582
1.6094e-06 5.5915e-06 0.0016918 0.0092394 0.032547
1.6263e-06 5.653e-06 0.0016825 0.0092358 0.032512
1.6446e-06 5.7275e-06 0.0016734 0.0092323 0.032477
1.6599e-06 5.7925e-06 0.0016642 0.0092287 0.032442
1.6722e-06 5.8482e-06 0.001655 0.0092252 0.032407
1.6865e-06 5.9195e-06 0.0016459 0.0092217 0.032372
1.6977e-06 5.9808e-06 0.0016368 0.0092181 0.032337
1.7102e-06 6.0551e-06 0.0016279 0.0092146 0.032302
1.7247e-06 6.1461e-06 0.0016192 0.0092111 0.032268
1.7361e-06 6.2266e-06 0.0016104 0.0092076 0.032233
1.7489e-06 6.321e-06 0.0016018 0.0092042 0.032199
1.7586e-06 6.4049e-06 0.0015931 0.0092007 0.032164
1.7703e-06 6.5062e-06 0.0015846 0.0091973 0.03213
1.7835e-06 6.6224e-06 0.0015764 0.0091939 0.032096
1.7987e-06 6.7574e-06 0.0015684 0.0091905 0.032062
1.8109e-06 6.8821e-06 0.0015602 0.0091871 0.032028
1.8251e-06 7.0263e-06 0.0015523 0.0091838 0.031994
1.8362e-06 7.1593e-06 0.0015443 0.0091804 0.03196
1.8444e-06 7.2819e-06 0.0015363 0.009177 0.031927
1.8546e-06 7.4245e-06 0.0015284 0.0091737 0.031893
1.8669e-06 7.0908e-06 0.0015208 0.0091704 0.031859
1.8762e-06 6.7436e-06 0.001513 0.0091671 0.031826
1.8824e-06 6.3818e-06 0.0015052 0.0091637 0.031792
1.8854e-06 6.6755e-06 0.0014973 0.0091604 0.031759
1.8853e-06 6.9569e-06 0.0014892 0.0091571 0.031725
1.8823e-06 7.2261e-06 0.0014811 0.0091537 0.031692
1.8808e-06 7.0364e-06 0.0014732 0.0091504 0.031658
1.8808e-06 6.8648e-06 0.0014654 0.0091471 0.031625
1.8779e-06 6.6824e-06 0.0014575 0.0091438 0.031592
1.8764e-06 6.5173e-06 0.0014499 0.0091405 0.031559
1.8719e-06 6.3417e-06 0.0014421 0.0091372 0.031526
1.8644e-06 6.1553e-06 0.0014343 0.0091339 0.031492
1.859e-06 4.962e-06 0.0014267 0.0091306 0.031459
1.8558e-06 3.8634e-06 0.0014192 0.0091274 0.031427
1.854e-06 2.839e-06 0.001412 0.0091242 0.031394
1.8543e-06 1.895e-06 0.001405 0.009121 0.031361
1.8514e-06 1.8319e-06 0.0013979 0.0091178 0.031329
1.851e-06 1.7772e-06 0.001391 0.0091147 0.031297
1.8541e-06 1.7341e-06 0.0013844 0.0091116 0.031264
1.862e-06 1.7047e-06 0.0013781 0.0091085 0.031233
1.865e-06 1.663e-06 0.0013717 0.0091054 0.031201
1.8728e-06 1.6352e-06 0.0013656 0.0091023 0.031169
1.8776e-06 1.6001e-06 0.0013594 0.0090992 0.031136
1.884e-06 1.5696e-06 0.0013534 0.0090961 0.031105
1.8918e-06 1.5436e-06 0.0013476 0.009093 0.031073
1.8966e-06 1.5102e-06 0.0013416 0.00909 0.031041
1.9028e-06 1.4811e-06 0.0013358 0.0090869 0.031009
1.9106e-06 1.4561e-06 0.0013302 0.0090839 0.030978
1.9154e-06 1.4243e-06 0.0013245 0.0090809 0.030946
1.9172e-06 1.3855e-06 0.0013187 0.0090778 0.030915
1.9211e-06 1.3522e-06 0.0013128 0.0090748 0.030883
1.9218e-06 1.3116e-06 0.0013068 0.0090718 0.030852
1.9242e-06 1.275e-06 0.001301 0.0090688 0.030821
1.928e-06 1.2421e-06 0.0012953 0.0090658 0.030789
1.9341e-06 1.2141e-06 0.0012898 0.0090629 0.030758
1.9423e-06 1.1908e-06 0.0012845 0.00906 0.030728
1.9473e-06 1.1604e-06 0.0012794 0.0090571 0.030697
1.9546e-06 1.1346e-06 0.0012745 0.0090542 0.030666
1.9634e-06 1.1119e-06 0.0012697 0.0090514 0.030636
1.9691e-06 1.0822e-06 0.0012649 0.0090485 0.030605
1.977e-06 1.0568e-06 0.0012602 0.0090457 0.030575
1.9816e-06 1.0244e-06 0.0012554 0.0090428 0.030544
1.9887e-06 9.9645e-07 0.0012508 0.00904 0.030514
2.0089e-06 9.779e-07 0.0012465 0.0090372 0.030484
2.0344e-06 9.6835e-07 0.0012425 0.0090344 0.030454
2.0644e-06 9.6584e-07 0.0012201 0.0090317 0.030424
2.0895e-06 9.5382e-07 0.0011974 0.0090289 0.030394
2.1101e-06 9.3295e-07 0.0011744 0.0090261 0.030364
2.1353e-06 9.1909e-07 0.0011521 0.0090234 0.030334
2.1636e-06 9.0953e-07 0.0011302 0.0090207 0.030304
2.1955e-06 9.0498e-07 0.0011089 0.009018 0.030275
2.2303e-06 9.0372e-07 0.001088 0.0090154 0.030246
2.2675e-06 9.0509e-07 0.0010675 0.0090128 0.030217
2.3071e-06 9.0869e-07 0.0010473 0.0090103 0.030188
2.3496e-06 9.1555e-07 0.0010275 0.0090077 0.030159
2.3952e-06 9.2569e-07 0.0010081 0.0090052 0.03013
2.4439e-06 9.3917e-07 0.00098901 0.0090027 0.030102
2.4892e-06 9.4599e-07 0.00096983 0.0090003 0.030073
2.5377e-06 9.562e-07 0.00095102 0.0089978 0.030045
2.5896e-06 9.6988e-07 0.00093256 0.0089954 0.030016
2.6448e-06 9.8713e-07 0.00091447 0.008993 0.029988
2.6968e-06 9.9792e-07 0.00089625 0.0089906 0.02996
2.7523e-06 1.0124e-06 0.00087838 0.0089882 0.029932
2.8114e-06 1.0306e-06 0.00086086 0.0089859 0.029905
2.8744e-06 1.0526e-06 0.00084367 0.0089836 0.029877
2.9412e-06 1.0787e-06 0.00082681 0.0089813 0.029849
3.0114e-06 1.1078e-06 0.00081022 0.0089791 0.029822
3.0849e-06 1.1401e-06 0.0007939 0.0089769 0.029795
3.1619e-06 1.1756e-06 0.00077784 0.0089747 0.029768
3.2351e-06 1.2041e-06 0.00076167 0.0089725 0.029741
3.3045e-06 1.2257e-06 0.00074537 0.0089703 0.029714
3.3784e-06 1.2518e-06 0.00072937 0.0089681 0.029687
3.4569e-06 1.2829e-06 0.00071368 0.0089659 0.02966
3.5401e-06 1.319e-06 0.00069829 0.0089638 0.029633
3.6194e-06 1.348e-06 0.00068278 0.0089617 0.029606
3.7036e-06 1.3822e-06 0.00066756 0.0089596 0.02958
3.7839e-06 1.4092e-06 0.00065223 0.0089575 0.029553
3.8606e-06 1.4294e-06 0.00063679 0.0089554 0.029527
3.9423e-06 1.4549e-06 0.00062163 0.0089533 0.0295
4.0293e-06 1.4859e-06 0.00060676 0.0089512 0.029474
4.1205e-06 1.5213e-06 0.00059213 0.0089492 0.029448
4.2162e-06 1.5611e-06 0.00057772 0.0089472 0.029422
4.3078e-06 1.5935e-06 0.0005632 0.0089452 0.029396
4.4051e-06 1.632e-06 0.00054895 0.0089432 0.02937
4.5086e-06 1.677e-06 0.00053497 0.0089412 0.029344
4.608e-06 1.7144e-06 0.00052087 0.0089392 0.029318
4.7134e-06 1.7584e-06 0.00050704 0.0089372 0.029292
4.8148e-06 1.7952e-06 0.0004931 0.0089352 0.029266
4.9213e-06 1.8372e-06 0.00047938 0.0089333 0.029241
5.0343e-06 1.8864e-06 0.00046591 0.0089314 0.029215
5.1432e-06 1.9281e-06 0.00045234 0.0089294 0.02919
5.2587e-06 1.9774e-06 0.00043901 0.0089275 0.029164
5.38e-06 2.0326e-06 0.0004259 0.0089256 0.029139
5.508e-06 2.0954e-06 0.00041301 0.0089238 0.029114
5.649e-06 2.1746e-06 0.00040051 0.008922 0.029089
5.781e-06 2.2394e-06 0.00040247 0.0089202 0.029064
5.725e-06 2.3196e-06 0.00040399 0.0089184 0.029039
5.6649e-06 2.3912e-06 0.00040544 0.0089166 0.029014
5.6104e-06 2.4724e-06 0.00040697 0.0089149 0.02899
5.5614e-06 2.5637e-06 0.00040857 0.0089132 0.028965
5.5168e-06 2.6637e-06 0.00041023 0.0089115 0.028941
5.4776e-06 2.7751e-06 0.00041197 0.0089098 0.028917
5.4346e-06 2.8781e-06 0.00041365 0.0089081 0.028892
5.3968e-06 2.9931e-06 0.0004154 0.0089065 0.028868
5.355e-06 3.0989e-06 0.00041708 0.0089048 0.028844
5.3177e-06 3.2154e-06 0.00041883 0.0089032 0.02882
5.2761e-06 3.3221e-06 0.00042066 0.0089016 0.028796
5.2389e-06 3.4398e-06 0.00042256 0.0088999 0.028772
5.1976e-06 4.9579e-06 0.00042454 0.0088983 0.028748
5.1603e-06 6.5879e-06 0.00042658 0.0088967 0.028724
5.1192e-06 8.1748e-06 0.00042856 0.0088951 0.028701
5.0743e-06 9.7239e-06 0.00043047 0.0088935 0.028677
5.0345e-06 1.1408e-05 0.00043246 0.0088919 0.028653
4.9996e-06 1.3241e-05 0.00043453 0.0088904 0.028629
4.9696e-06 1.5234e-05 0.00043669 0.0088888 0.028606
4.9435e-06 1.7375e-05 0.00043891 0.0088873 0.028583
4.9135e-06 1.9462e-05 0.00044106 0.0088858 0.028559
4.8874e-06 2.1704e-05 0.00044328 0.0088844 0.028536
4.8574e-06 2.3889e-05 0.00044543 0.0088829 0.028513
4.8321e-06 2.6267e-05 0.00044766 0.0088814 0.02849
4.8115e-06 2.8856e-05 0.00044998 0.00888 0.028467
4.7873e-06 3.1386e-05 0.00045223 0.0088785 0.028444
4.7595e-06 3.3858e-05 0.00045442 0.0088771 0.028421
4.7281e-06 3.6294e-05 0.00045654 0.0088757 0.028398
4.7004e-06 3.8915e-05 0.00045873 0.0088743 0.028376
4.6689e-06 4.1469e-05 0.00046084 0.0088729 0.028353
4.6337e-06 4.3962e-05 0.00046289 0.0088714 0.02833
4.6032e-06 4.6679e-05 0.00046503 0.00887 0.028307
4.5772e-06 4.964e-05 0.00046725 0.0088687 0.028285
4.5558e-06 5.2865e-05 0.00046956 0.0088674 0.028263
4.5388e-06 5.6378e-05 0.00047196 0.0088661 0.02824
4.5263e-06 6.0205e-05 0.00047445 0.0088648 0.028218
4.5174e-06 6.4326e-05 0.00047702 0.0088636 0.028196
4.5047e-06 6.8344e-05 0.00047951 0.0088623 0.028175
4.4882e-06 7.2262e-05 0.00048193 0.0088611 0.028153
4.4761e-06 7.653e-05 0.00048444 0.0088598 0.028131
4.4603e-06 8.0691e-05 0.00048688 0.0088586 0.028109
4.4407e-06 8.4749e-05 0.00048924 0.0088574 0.028087
4.9616e-06 8.8716e-05 0.00049154 0.0088561 0.028065
5.5066e-06 9.304e-05 0.00049393 0.0088549 0.028043
6.0429e-06 9.7261e-05 0.00049625 0.0088536 0.028022
6.5576e-06 0.00010121 0.00049876 0.0088524 0.028
7.0518e-06 0.00010489 0.00050113 0.0088511 0.027978
7.5806e-06 0.00010908 0.00050365 0.0088498 0.027956
8.1465e-06 0.00011382 0.00050632 0.0088486 0.027934
8.6888e-06 0.00011824 0.00050918 0.0088474 0.027913
9.2664e-06 0.00012321 0.00051217 0.0088462 0.027891
9.821e-06 0.00012785 0.00051503 0.008845 0.02787
1.0357e-05 0.00013223 0.00051777 0.0088437 0.027848
1.0926e-05 0.00013714 0.00052064 0.0088425 0.027827
1.1483e-05 0.00014174 0.00052338 0.0088413 0.027805
1.2021e-05 0.00014609 0.000526 0.0088401 0.027784
1.2586e-05 0.00015085 0.00052872 0.0088389 0.027762
1.2627e-05 0.00015617 0.00053158 0.0088377 0.027741
1.2664e-05 0.00016134 0.00053436 0.0088365 0.02772
1.2709e-05 0.00016698 0.00053724 0.0088353 0.027698
1.2762e-05 0.00017305 0.0005402 0.0088342 0.027677
1.281e-05 0.00017898 0.00054309 0.0088331 0.027656
1.2852e-05 0.00018475 0.00054591 0.0088319 0.027635
1.2905e-05 0.00019107 0.00054882 0.0088308 0.027614
1.2951e-05 0.00019719 0.00055166 0.0088297 0.027593
1.2991e-05 0.00020309 0.0005544 0.0088285 0.027572
1.3023e-05 0.00020877 0.00055705 0.0088274 0.027551
1.3064e-05 0.00021494 0.0005598 0.0088262 0.02753
1.3099e-05 0.00022091 0.00056245 0.0088251 0.02751
1.3143e-05 0.00022746 0.00056522 0.008824 0.027489
1.3201e-05 0.00023478 0.00056813 0.0088229 0.027468
1.3248e-05 0.00024167 0.00057091 0.0088218 0.027447
1.3e-05 0.0002437 0.00057389 0.0088207 0.027427
1.2765e-05 0.00024593 0.00057697 0.0088197 0.027407
1.2522e-05 0.00024809 0.00057996 0.0088187 0.027386
1.2273e-05 0.00025019 0.00058289 0.0088176 0.027366
1.2038e-05 0.00025251 0.00058592 0.0088166 0.027345
1.1814e-05 0.00025504 0.00058904 0.0088157 0.027325
1.1583e-05 0.00025749 0.00059208 0.0088147 0.027305
1.1364e-05 0.00026016 0.00059521 0.0088137 0.027285
1.1138e-05 0.00026275 0.00059827 0.0088127 0.027265
1.0907e-05 0.00026527 0.00060125 0.0088117 0.027245
1.0687e-05 0.00026801 0.00060433 0.0088108 0.027225
1.0461e-05 0.00027068 0.00060733 0.0088098 0.027205
1.0247e-05 0.00027362 0.00061044 0.0088089 0.027185
1.0045e-05 0.00027686 0.00061366 0.0088079 0.027165
9.8369e-06 0.00027999 0.0006168 0.008807 0.027146
9.6232e-06 0.00028304 0.00061987 0.0088061 0.027126
9.4193e-06 0.00028634 0.00062303 0.0088052 0.027106
9.2266e-06 0.00028997 0.0006263 0.0088043 0.027087
9.0288e-06 0.00029351 0.00062949 0.0088034 0.027067
8.84e-06 0.00029734 0.00063278 0.0088025 0.027048
8.6599e-06 0.00030148 0.00063617 0.0088017 0.027028
8.4885e-06 0.00030596 0.00063964 0.0088009 0.027009
8.3269e-06 0.00031087 0.00064324 0.0088001 0.02699
8.1747e-06 0.00031623 0.00064695 0.0087994 0.026971
8.0175e-06 0.00032146 0.00065058 0.0087986 0.026952
7.8551e-06 0.00032655 0.00065414 0.0087978 0.026933
7.6876e-06 0.00033151 0.00065762 0.008797 0.026914
7.5295e-06 0.00033694 0.00066121 0.0087963 0.026895
7.3804e-06 0.00034286 0.00066493 0.0087956 0.026876
7.2385e-06 0.00034925 0.00066875 0.0087949 0.026858
7.1036e-06 0.00035623 0.00067266 0.0087942 0.026839
6.9638e-06 0.00036304 0.0006765 0.0087935 0.026821
6.8195e-06 0.00036969 0.00068026 0.0087928 0.026802
6.6821e-06 0.00037686 0.00068412 0.0087922 0.026784
6.5513e-06 0.00038459 0.00068809 0.0087915 0.026765
6.4157e-06 0.00039213 0.00069197 0.0087909 0.026747
6.2866e-06 0.0003931 0.00069596 0.0087903 0.026729
6.1532e-06 0.00039404 0.00069988 0.0087896 0.02671
6.0275e-06 0.00039514 0.00070392 0.008789 0.026692
5.8971e-06 0.0003962 0.00070788 0.0087884 0.026674
5.7742e-06 0.00039743 0.00071196 0.0087878 0.026656
5.6571e-06 0.00039883 0.00071615 0.0087873 0.026638
5.5457e-06 0.0004004 0.00072045 0.0087868 0.02662
5.4302e-06 0.00040191 0.00072468 0.0087863 0.026603
5.3106e-06 0.00040337 0.00072883 0.0087857 0.026585
5.1868e-06 0.00040478 0.0007329 0.0087852 0.026567
5.0699e-06 0.00040639 0.0007371 0.0087847 0.02655
4.9598e-06 0.00040821 0.00074144 0.0087843 0.026532
4.8561e-06 0.00041026 0.00074591 0.0087838 0.026515
4.7574e-06 0.00041251 0.00075049 0.0087834 0.026498
4.6546e-06 0.0004147 0.000755 0.008783 0.02648
4.5612e-06 0.00041435 0.00075971 0.0087826 0.026463
4.4789e-06 0.00041429 0.00076469 0.0087823 0.026446
4.3888e-06 0.00041409 0.00076949 0.008782 0.026429
4.3094e-06 0.00041418 0.00077457 0.0087817 0.026413
4.2385e-06 0.00041449 0.00077987 0.0087814 0.026396
4.1757e-06 0.00041505 0.0007854 0.0087811 0.026379
3.7623e-06 0.00042099 0.00082541 0.0087795 0.026264
3.7065e-06 0.00042214 0.00083131 0.0087794 0.026248
3.658e-06 0.00042358 0.00083748 0.0087792 0.026232
3.6164e-06 0.00042533 0.00084389 0.008779 0.026216
3.5836e-06 0.00042748 0.00085012 0.0087789 0.0262
3.5586e-06 0.00043006 0.00085664 0.0087789 0.026184
3.3944e-06 0.00045137 0.00090371 0.0087788 0.026076
3.3589e-06 0.00045419 0.00091016 0.0087788 0.026061
3.3295e-06 0.00045743 0.00091686 0.0087788 0.026045
3.3061e-06 0.00046116 0.00092388 0.0087789 0.02603
3.2808e-06 0.00046489 0.00093086 0.0087789 0.026015
3.2535e-06 0.00046862 0.00093782 0.008779 0.026
3.2244e-06 0.00047235 0.00094474 0.008779 0.025985
3.1933e-06 0.00047608 0.00095164 0.0087791 0.02597
3.1603e-06 0.00047981 0.0009585 0.0087791 0.025955
3.1253e-06 0.00048354 0.00096534 0.0087791 0.02594
3.083e-06 0.00048697 0.00097196 0.0087792 0.025925
3.0468e-06 0.00048726 0.00097885 0.0087792 0.02591
3.0043e-06 0.00048741 0.00098555 0.0087793 0.025895
2.9692e-06 0.00048785 0.00099257 0.0087793 0.02588
2.9279e-06 0.00048816 0.0009994 0.0087794 0.025865
2.8925e-06 0.00048572 0.0010065 0.0087795 0.02585
3.1401e-06 0.00048307 0.0010134 0.0087796 0.025835
3.4003e-06 0.00048073 0.0010205 0.0087797 0.025821
3.3995e-06 0.00046826 0.0010279 0.0087798 0.025806
3.3952e-06 0.00045548 0.0010351 0.00878 0.025791
3.3873e-06 0.00044239 0.0010422 0.0087801 0.025777
3.383e-06 0.00043037 0.0010495 0.0087802 0.025762
3.3752e-06 0.00041806 0.0010567 0.0087804 0.025748
3.3638e-06 0.00040545 0.0010638 0.0087805 0.025733
3.3491e-06 0.00039256 0.0010709 0.0087806 0.025719
3.3371e-06 0.00038058 0.0010781 0.0087808 0.025704
3.3216e-06 0.00036831 0.0010852 0.0087809 0.02569
3.3026e-06 0.00035573 0.0010922 0.008781 0.025675
3.2871e-06 0.00034419 0.0010994 0.0087812 0.025661
3.268e-06 0.00033236 0.0011065 0.0087813 0.025646
3.2456e-06 0.00032028 0.0011135 0.0087815 0.025632
3.226e-06 0.00030905 0.0011207 0.0087816 0.025618
3.2028e-06 0.00029754 0.0011277 0.0087818 0.025603
3.1824e-06 0.00028686 0.001135 0.008782 0.025589
3.1646e-06 0.00027693 0.0011424 0.0087822 0.025575
3.1433e-06 0.00026676 0.0011497 0.0087824 0.025561
3.1185e-06 0.00025633 0.0011569 0.0087825 0.025547
3.0971e-06 0.00024677 0.0011643 0.0087828 0.025533
3.0721e-06 0.00023693 0.0011716 0.008783 0.025519
3.0524e-06 0.00022819 0.0011792 0.0087832 0.025505
3.0264e-06 0.00021884 0.0011872 0.0087834 0.025491
2.9966e-06 0.00020923 0.001195 0.0087836 0.025477
2.9634e-06 0.00019941 0.0012027 0.0087838 0.025463
2.9329e-06 0.00019027 0.0012107 0.008784 0.025449
2.8989e-06 0.00018091 0.0012185 0.0087842 0.025435
2.8614e-06 0.00017132 0.0012262 0.0087844 0.025421
2.8265e-06 0.00016241 0.0012341 0.0087846 0.025407
2.7882e-06 0.00015329 0.0012419 0.0087849 0.025393
2.7438e-06 0.00014355 0.0012495 0.0087851 0.02538
2.7065e-06 0.00013513 0.0012575 0.0087853 0.025366
2.665e-06 0.00012641 0.0012653 0.0087856 0.025352
2.6195e-06 0.00011737 0.001273 0.0087858 0.025338
2.5771e-06 0.00010907 0.001281 0.008786 0.025324
2.5307e-06 0.00010047 0.0012888 0.0087862 0.025311
2.4794e-06 9.1468e-05 0.0012964 0.0087865 0.025297
2.4345e-06 8.3604e-05 0.0013044 0.0087867 0.025283
2.3944e-06 7.66e-05 0.0013127 0.008787 0.02527
2.3489e-06 6.9173e-05 0.0013208 0.0087872 0.025256
2.3094e-06 6.269e-05 0.0013292 0.0087875 0.025243
2.2755e-06 5.7021e-05 0.0013381 0.0087877 0.025229
2.246e-06 5.1962e-05 0.0013472 0.0087881 0.025216
2.2131e-06 4.6771e-05 0.0013563 0.0087883 0.025203
2.177e-06 4.145e-05 0.0013652 0.0087886 0.025189
2.1435e-06 3.6561e-05 0.0013744 0.0087889 0.025176
2.1067e-06 3.6202e-05 0.0013834 0.0087892 0.025163
2.0726e-06 3.5896e-05 0.0013927 0.0087896 0.025149
2.0411e-06 3.5638e-05 0.0014023 0.0087899 0.025136
2.0121e-06 3.5428e-05 0.0014121 0.0087903 0.025123
1.9798e-06 3.52e-05 0.0014217 0.0087907 0.02511
1.9443e-06 3.4953e-05 0.0014313 0.0087911 0.025097
1.9114e-06 3.4753e-05 0.0014411 0.0087915 0.025085
1.8753e-06 3.4536e-05 0.0014508 0.0087919 0.025072
1.841e-06 3.4358e-05 0.0014607 0.0087923 0.025059
1.8037e-06 3.4163e-05 0.0014705 0.0087927 0.025046
1.7631e-06 3.395e-05 0.0014803 0.0087931 0.025033
1.7249e-06 3.3781e-05 0.0014902 0.0087936 0.025021
1.689e-06 3.3657e-05 0.0015004 0.008794 0.025008
1.65e-06 3.3516e-05 0.0015105 0.0087945 0.024995
1.6127e-06 3.3413e-05 0.0015209 0.0087949 0.024983
1.5723e-06 3.3292e-05 0.0015311 0.0087954 0.02497
1.5286e-06 3.3152e-05 0.0015412 0.0087959 0.024958
1.4988e-06 3.4114e-05 0.001551 0.0087964 0.024945
1.464e-06 3.5002e-05 0.0015607 0.0087968 0.024933
1.4337e-06 3.6046e-05 0.0015707 0.0087974 0.024921
1.3982e-06 3.7004e-05 0.0015805 0.0087979 0.024908
1.3642e-06 3.8046e-05 0.0015905 0.0087984 0.024896
1.3271e-06 3.9055e-05 0.0016004 0.0087989 0.024884
1.2914e-06 3.888e-05 0.0016105 0.0087994 0.024872
1.2574e-06 3.8752e-05 0.0016209 0.0088 0.024859
1.2251e-06 3.8671e-05 0.0016316 0.0088006 0.024848
1.1941e-06 3.7098e-05 0.0016425 0.0088012 0.024836
1.1648e-06 3.5658e-05 0.0016536 0.0088019 0.024824
1.1369e-06 3.4341e-05 0.0016651 0.0088026 0.024812
1.11e-06 3.3121e-05 0.0016767 0.0088032 0.024801
1.0802e-06 3.1868e-05 0.0016883 0.0088039 0.024789
1.0475e-06 3.058e-05 0.0016998 0.0088046 0.024777
1.0172e-06 2.9436e-05 0.0017116 0.0088053 0.024766
9.5566e-07 2.8459e-05 0.001724 0.0088059 0.024754
8.889e-07 2.7403e-05 0.001736 0.0088066 0.024743
8.2718e-07 2.6502e-05 0.0017486 0.0088073 0.024731
7.6045e-07 2.553e-05 0.0017609 0.0088079 0.02472
6.8864e-07 2.4484e-05 0.001773 0.0088086 0.024708
6.2165e-07 2.3587e-05 0.0017856 0.0088093 0.024697
5.4928e-07 2.2612e-05 0.0017978 0.0088099 0.024685
4.8189e-07 2.1779e-05 0.0018106 0.0088107 0.024674
4.1879e-07 2.107e-05 0.001824 0.0088114 0.024663
3.509e-07 2.1345e-05 0.001837 0.0088122 0.024651
2.7813e-07 2.1582e-05 0.0018498 0.0088129 0.02464
2.0873e-07 2.1879e-05 0.001863 0.0088137 0.024629
1.3416e-07 2.2133e-05 0.0018759 0.0088144 0.024618
1.3142e-07 2.4593e-05 0.0018885 0.0088151 0.024607
1.2822e-07 2.7375e-05 0.0019015 0.0088159 0.024596
1.2258e-07 3.0066e-05 0.0019144 0.0088166 0.024584
1.1455e-07 3.2676e-05 0.0019272 0.0088173 0.024573
1.7509e-07 3.5217e-05 0.0019398 0.008818 0.024562
2.3675e-07 3.7985e-05 0.0019527 0.0088188 0.024551
2.9552e-07 4.0682e-05 0.0019655 0.0088195 0.02454
3.5551e-07 4.3621e-05 0.0019787 0.0088203 0.024529
4.125e-07 4.6491e-05 0.0019917 0.008821 0.024518
4.6665e-07 4.9295e-05 0.0020046 0.0088218 0.024507
5.2223e-07 5.2361e-05 0.0020178 0.0088225 0.024496
5.7872e-07 5.566e-05 0.0020313 0.0088233 0.024485
6.3225e-07 5.8876e-05 0.0020447 0.0088241 0.024474
1.2067e-06 6.2019e-05 0.0020579 0.0088249 0.024463
1.7727e-06 6.5091e-05 0.0020711 0.0088257 0.024453
2.3644e-06 6.8439e-05 0.0020846 0.0088265 0.024442
2.9464e-06 7.1702e-05 0.0020979 0.0088273 0.024431
3.519e-06 7.4882e-05 0.0021111 0.0088281 0.024421
4.0821e-06 7.798e-05 0.0021242 0.0088289 0.02441
4.6712e-06 8.1359e-05 0.0021377 0.0088298 0.024399
5.2506e-06 8.4651e-05 0.002151 0.0088306 0.024389
5.8569e-06 8.824e-05 0.0021646 0.0088315 0.024378
6.4914e-06 9.2154e-05 0.0021785 0.0088324 0.024368
7.1558e-06 9.6422e-05 0.0021928 0.0088333 0.024358
7.8092e-06 0.00010058 0.002207 0.0088342 0.024347
8.4513e-06 0.00010464 0.0022211 0.0088351 0.024337
9.1239e-06 0.00010908 0.002235 0.008836 0.024327
9.8237e-06 0.00010972 0.0022492 0.008837 0.024317
1.0552e-05 0.00011044 0.0022637 0.008838 0.024307
1.1268e-05 0.00011114 0.002278 0.008839 0.024297
1.2019e-05 0.00011193 0.0022928 0.00884 0.024287
1.2805e-05 0.00011283 0.0023078 0.008841 0.024277
1.3629e-05 0.00011384 0.0023233 0.0088421 0.024267
1.4493e-05 0.00011498 0.002339 0.0088432 0.024258
1.5399e-05 0.00011625 0.0023552 0.0088443 0.024248
1.6287e-05 0.00011746 0.0023712 0.0088454 0.024239
1.7142e-05 0.00011857 0.0023869 0.0088465 0.024229
1.7959e-05 0.00011959 0.0024022 0.0088476 0.02422
1.8743e-05 0.0001205 0.0024172 0.0088486 0.02421
1.9498e-05 0.00012133 0.0024319 0.0088496 0.0242
2.0227e-05 0.00012208 0.0024463 0.0088506 0.024191
2.0987e-05 0.00012293 0.002461 0.0088516 0.024181
2.1735e-05 0.00012374 0.0024756 0.0088526 0.024171
