

Model 7: beta

TREE # 1

  0  0.0000  17936.358846  x:  2.00000   0.55337   1.98648  
  1 99.0000  16987.281571  x:  2.00804   0.11889   2.00742  
  2 4579.1080  16968.932713  x:  2.97068   0.15960   2.78233  
  3 53.4005  16962.940559  x:  2.59426   0.18005   3.59747  
  4  6.2769  16900.057863  x:  3.62421   0.12227   5.89376  
  5  2.7734  16847.707443  x:  2.99109   0.23034  14.64860  
  6  2.0873  16777.472161  x:  3.96304   0.17734  31.51609  
  7  3.0014  16726.017093  x:  2.79403   0.31199  57.56550  
  8  7.3774  16677.521982  x:  3.48548   0.33941  99.00000  
  9 10.6769  16673.089701  x:  2.98930   0.30257  99.00000  
 10  3.0628  16673.036581  x:  2.94468   0.30584  99.00000  
 11  0.0115  16673.036147  x:  2.94887   0.30621  99.00000  
 12  0.0051  16673.036146  x:  2.94880   0.30622  99.00000  

Model 8: beta&w>1

TREE # 1

  0  0.0000  17890.752545  x:  2.94880   0.90000   0.52759   1.19698   2.44366  
  1 99.0000  17048.614989  x:  2.95152   0.82924   0.12407   1.23474   2.45002  
  2 4014.8044  17022.387396  x:  2.95558   0.99999   0.08134   1.26828   2.46283  
  3 356.6750  17022.241636  x:  2.95562   0.99999   0.08043   1.27206   2.46230  
  4 119.8623  16884.432138  x:  3.94324   0.99999   0.21050   9.77267   5.51214  
  5 207.7505  16316.349893  x:  5.32919   0.29377   0.39394  21.76158   9.81490  
  6 21179.6532  16296.669775  x:  6.31557   0.25101   0.40453  22.41797   9.87652  
  7 46.5574  16059.075720  x: 14.23844   0.51504   0.39907  21.79712   8.48439  
  8  3.4627  15731.475198  x: 14.57254   0.41342   1.16307  71.44047  31.14732  
  9  6.8223  14850.562018  x:  1.90784   0.37258   1.58506  99.00000  46.20933  
 10  9.3405  14850.562018  x:  1.90784   0.37258   1.58506  99.00000  46.20933  
 11 34.3374  14806.386089  x:  1.85279   0.46434   1.72922  98.99700  46.21542  
 12 479.0838  14107.635553  x:  0.62748   0.34516   4.78253  98.93196  46.35970  
 13 1372.3614  14077.342604  x:  0.96405   0.32705   5.11979  98.91412  46.40823  
 14 189.0755  13510.145835  x:  1.29879   0.62840   8.02595  87.95813  85.87747  
 15 19.3221  13148.053698  x:  1.81141   0.45004  12.54535  71.86158  121.98496  
 16 17.1060  12880.160101  x:  2.12199   0.61622  16.93879  46.76989  169.47838  
 17 28.6351  12825.349099  x:  2.30960   0.56725  20.27351  32.28325  202.86997  
 18 13.6537  12746.673450  x:  1.97356   0.62885  21.73191  43.82736  239.82795  
 19  4.8435  12702.142293  x:  1.77213   0.71958  24.35451  46.12863  287.67672  
 20 91.0608  12644.257347  x:  1.39092   0.77727  33.80354  50.60862  438.21804  
 21 40.8603  12602.935554  x:  2.10204   0.80235  41.77345  44.64603  549.54544  
 22 29.9740  12597.382596  x:  2.16969   0.79338  43.02062  45.71194  567.87979  
 23 27.3402  12572.500098  x:  2.15247   0.84911  52.12500  57.88283  716.61067  
 24 102.5751  12541.347534  x:  2.05690   0.89231  69.37954  86.18366  999.00000  
 25 65.2368  12538.998931  x:  2.05870   0.88681  67.23043  83.12776  999.00000  
 26 372.2844  12538.351112  x:  1.93712   0.88859  61.91474  79.70263  999.00000  
 27  0.7906  12533.620045  x:  1.96379   0.89198  43.19823  61.72262  999.00000  
 28  3.2442  12533.620045  x:  1.96379   0.89198  43.19823  61.72262  999.00000  
 29 68.9200  12533.537758  x:  1.96382   0.89295  43.19823  61.72262  999.00000  
 30 166.6032  12533.478840  x:  1.99606   0.89279  43.19702  61.72128  999.00000  
 31  3.7088  12533.133335  x:  1.99475   0.89281  42.29042  60.34301  999.00000  
 32  0.2062  12533.133335  x:  1.99475   0.89281  42.29042  60.34301  999.00000  
 33 42.2299  12533.133114  x:  1.99475   0.89276  42.29042  60.34301  999.00000  
 34  8.7923  12533.132236  x:  1.99870   0.89274  42.28721  60.33885  999.00000  
 35  0.2685  12532.047790  x:  1.99727   0.89296  39.41471  56.57050  999.00000  
 36  0.5923  12532.047790  x:  1.99727   0.89296  39.41471  56.57050  999.00000  
 37 38.4009  12532.047751  x:  1.99727   0.89298  39.41471  56.57050  999.00000  
 38  3.5637  12532.046593  x:  1.99276   0.89300  39.41271  56.56784  999.00000  
 39  0.4166  12531.272681  x:  1.99105   0.89319  37.56067  54.17295  999.00000  
 40  0.3784  12531.272681  x:  1.99105   0.89319  37.56067  54.17295  999.00000  
 41 35.5676  12531.272673  x:  1.99105   0.89320  37.56067  54.17295  999.00000  
 42  1.5615  12531.271308  x:  1.99596   0.89318  37.55667  54.16776  999.00000  
 43  0.3502  12529.529989  x:  1.99395   0.89352  33.96877  49.44055  999.00000  
 44  0.7418  12529.529989  x:  1.99395   0.89352  33.96877  49.44055  999.00000  
 45 34.8891  12529.529906  x:  1.99394   0.89355  33.96877  49.44055  999.00000  
 46  5.2620  12529.527860  x:  1.98795   0.89358  33.96619  49.43712  999.00000  
 47  0.5596  12528.184815  x:  1.98508   0.89392  31.57213  46.35803  999.00000  
 48  0.4875  12528.184815  x:  1.98508   0.89392  31.57213  46.35803  999.00000  
 49 31.3935  12528.184771  x:  1.98508   0.89394  31.57212  46.35803  999.00000  
 50  3.8245  12528.181959  x:  1.99212   0.89390  31.56569  46.34950  999.00000  
 51  0.4469  12523.872486  x:  1.98899   0.89453  25.77224  38.54867  999.00000  
 52  1.2146  12523.872486  x:  1.98899   0.89453  25.77224  38.54867  999.00000  
 53 31.2213  12523.870692  x:  1.98899   0.89467  25.77224  38.54867  999.00000  
 54 25.0379  12523.864393  x:  1.97850   0.89472  25.76817  38.54362  999.00000  
 55  1.0190  12520.246048  x:  1.96772   0.89597  21.92463  34.01196  999.00000  
 56  0.7428  12520.246048  x:  1.96772   0.89597  21.92463  34.01196  999.00000  
 57 25.9961  12520.243125  x:  1.96772   0.89615  21.92463  34.01196  999.00000  
 58 32.3538  12520.218676  x:  1.98860   0.89603  21.89504  33.95680  999.00000  
 59  0.7468  12494.320186  x:  2.04599   0.89169   9.27341  10.13334  999.00000  
 60  7.1627  12493.659127  x:  2.04848   0.89155   8.42024   8.69496  999.00000  
 61 293.5426  12455.761798  x:  2.02672   0.89347   2.86822   2.04195  999.00000  
 62 10.9636  12455.068498  x:  2.02527   0.89361   2.62094   1.76183  999.00000  
 63 332.9762  12412.096022  x:  2.01128   0.89094   1.27931   0.60009  999.00000  
 64  1.9974  12399.293933  x:  2.00663   0.88972   0.93125   0.35806  999.00000  
 65  8.2140  12317.228991  x:  2.02780   0.87837   0.27113   0.09365  999.00000  
 66  2.4259  12268.792785  x:  2.04649   0.87265   0.10671   0.07176  999.00000  
 67  2.7331  12265.422506  x:  2.09858   0.87316   0.18934   0.11189  999.00000  
 68  0.3258  12241.566178  x:  2.50537   0.88557   0.27860   0.22966  999.00000  
 69  0.2306  12228.905526  x:  2.19441   0.89364   0.20980   0.23037  999.00000  
 70  0.1553  12226.107888  x:  2.03341   0.89632   0.25885   0.27945  999.00000  
 71  0.1281  12222.574776  x:  2.04996   0.89485   0.28447   0.36897  999.00000  
 72  0.0222  12222.028667  x:  2.06683   0.89772   0.30141   0.39860  999.00000  
 73  0.0353  12221.988169  x:  2.04600   0.89802   0.30622   0.41191  999.00000  
 74  0.0169  12221.983562  x:  2.05265   0.89792   0.30737   0.41469  999.00000  
 75  0.0068  12221.983530  x:  2.05252   0.89794   0.30737   0.41494  999.00000  
 76  0.0002  12221.983529  x:  2.05252   0.89794   0.30734   0.41490  999.00000  