

Model 7: beta

TREE # 1

  0  0.0000  16585.045051  x:  2.00000   0.64654   1.97155  
  1 99.0000  14066.856170  x:  2.00855   0.08662   2.00130  
  2 15727.2381  14034.121817  x:  2.96755   0.12719   2.56969  
  3 59.6099  14032.189077  x:  3.15919   0.11862   2.37011  
  4 12.3889  13967.989972  x:  4.39173   0.14564   6.17065  
  5  0.4994  13883.806677  x:  6.12223   0.14634  20.64461  
  6  1.8221  13804.675636  x:  5.34644   0.21330  51.14487  
  7  3.8138  13758.330774  x:  3.20610   0.30128  99.00000  
  8 21.5845  13743.867173  x:  4.14581   0.25086  99.00000  
  9  1.7873  13743.388227  x:  3.94390   0.24046  99.00000  
 10  0.0772  13743.348248  x:  3.87740   0.24224  99.00000  
 11  0.0631  13743.348203  x:  3.87905   0.24235  99.00000  
 12  0.0018  13743.348203  x:  3.87900   0.24235  99.00000  

Model 8: beta&w>1

TREE # 1

  0  0.0000  23810.052048  x:  3.87900   0.90000   1.16785   1.74293   2.45253  
  1 99.0000  15262.243356  x:  3.90608   0.23328   0.49132   1.86851   2.48684  
  2 16810.8314  14301.165775  x:  3.91391   0.52006   0.09585   1.90826   2.51769  
  3 3041.7366  14210.503948  x:  4.18812   0.61602   0.21946   2.98898   3.03231  
  4 192.5618  13899.898298  x:  7.19457   0.53781   0.25426   0.69235   9.00034  
  5 16.5438  13832.536275  x:  8.89637   0.58545   0.25610   0.43795  10.35001  
  6 25.9746  13680.112226  x: 10.17352   0.73112   0.25135   0.72104  12.71460  
  7 41.4132  13510.505597  x:  4.15270   0.62975   0.31388   0.79857  20.72384  
  8 14.7058  11909.139941  x: 11.37202   0.24003   0.25988   0.91320  57.62000  
  9  6.0165  10842.165623  x:  1.33856   0.34291   0.43369   1.65893  104.12612  
 10 11.8933  10797.024260  x:  2.30354   0.40594   0.42815   1.70664  107.41590  
 11  9.9321  10672.676555  x:  1.31592   0.56540   0.46544   2.01103  127.33995  
 12 41.2483  10413.680048  x:  1.86926   0.53142   0.61816   2.98751  218.78759  
 13 19.4102  10314.026911  x:  1.92178   0.69283   0.69935   3.48898  262.53821  
 14 31.0711  10244.370893  x:  1.62434   0.79436   0.96055   4.73386  388.07100  
 15 25.9098  10216.089728  x:  1.73570   0.76674   1.04087   5.04069  423.95391  
 16 66.6681  10193.803981  x:  2.32315   0.81522   1.25512   5.97113  525.25585  
 17 64.0205  10177.523703  x:  2.03187   0.85590   1.51298   6.99378  639.44864  
 18 54.2303  10167.243126  x:  1.78539   0.85225   1.62609   7.37054  685.68280  
 19 64.9752  10155.909905  x:  2.07771   0.88350   2.03921   8.90646  866.32932  
 20 73.2663  10150.977377  x:  2.10112   0.88555   2.29112   9.73439  970.84438  
 21 51.2212  10149.664839  x:  2.08510   0.88928   2.35755   9.96637  999.00000  
 22 218.2411  10148.289286  x:  1.94994   0.89332   2.35069   9.92113  999.00000  
 23  0.1179  10146.960647  x:  1.82703   0.89093   2.20986   9.40237  999.00000  
 24  1.6324  10118.905797  x:  1.82628   0.88904   0.68872   3.77913  999.00000  
 25  0.7282  10113.713092  x:  1.87824   0.89137   0.95236   4.70901  999.00000  
 26  2.3767  10099.445758  x:  2.03614   0.90320   0.68199   3.41624  999.00000  
 27  1.1447  10074.473935  x:  2.17125   0.89983   0.31269   1.41634  999.00000  
 28  0.9269  10058.046071  x:  2.25580   0.89570   0.21137   0.62069  999.00000  
 29  5.8823  10038.614743  x:  2.32828   0.88899   0.23104   0.41113  999.00000  
 30  1.0177  10004.365125  x:  2.34182   0.87545   0.42984   0.98913  999.00000  
 31  1.1450   9996.713741  x:  2.37679   0.85747   0.38030   0.66187  999.00000  
 32  0.1414   9996.373300  x:  2.38504   0.85786   0.36227   0.59804  999.00000  
 33  0.0606   9996.290878  x:  2.38309   0.85965   0.36082   0.61179  999.00000  
 34  0.0154   9996.286387  x:  2.38474   0.85953   0.35676   0.60353  999.00000  
 35  0.0035   9996.285552  x:  2.38480   0.85945   0.35668   0.60467  999.00000  
 36  0.0010   9996.285552  x:  2.38482   0.85945   0.35668   0.60469  999.00000  