

TREE # 1

  0  0.0000  25994.594171  x:  0.08593   0.08146   0.07059   0.05926   0.03360   0.01993   0.02281   0.02535   0.02053   0.03187   0.03721   0.03524   0.04907   0.03741   0.01492   0.06402   0.08190   0.07156   0.02764   0.04540   0.05331   0.09863   0.05890   0.07967   0.06677   0.07893   0.03088   0.03371   0.04584   0.06115   0.07129   0.04412   0.08073   0.95538   0.96058  
  1 99.0000  20720.715054  x:  0.37566   0.28603   0.25867   0.23875   0.21491   0.08531   0.31633   0.49369   0.67656   0.12134   0.11897   0.43638   0.48554   0.14736   0.77242   0.32628   0.10511   0.12340   0.44253   0.34322   0.26085   0.31143   0.36337   0.06303   0.05819   0.19906   0.51953   0.72079   0.49410   0.25320   0.20512   0.63454   0.53550   1.03098   0.84843  
  2 18773.9052  19870.778476  x:  0.47429   0.36631   0.31444   0.27342   0.22094   0.00000   0.26955   0.45143   0.62525   0.06664   0.07278   0.39470   0.49336   0.07845   0.70510   0.34141   0.03753   0.09171   0.39868   0.33489   0.29752   0.41247   0.42705   0.02061   0.03247   0.20282   0.51355   0.72102   0.50836   0.28959   0.23175   0.66660   0.67108   1.22244   0.40217  
  3 1618.0811  19687.113648  x:  0.50248   0.38973   0.33087   0.28343   0.22220   0.02019   0.25667   0.43671   0.60584   0.06199   0.07819   0.38069   0.49705   0.06406   0.67834   0.34896   0.03004   0.08647   0.38364   0.33333   0.31055   0.44183   0.44619   0.05689   0.05788   0.20363   0.51180   0.72047   0.51377   0.29937   0.23805   0.67733   0.71325   1.27463   0.22920  
  4 7890.3764  19589.137619  x:  0.60967   0.48824   0.40938   0.33310   0.22104   0.07875   0.21621   0.36508   0.49619   0.10447   0.21950   0.31914   0.52302   0.06060   0.51042   0.39864   0.07788   0.10722   0.31204   0.33617   0.37437   0.55515   0.52703   0.07983   0.06821   0.22102   0.51324   0.71247   0.55086   0.33542   0.25620   0.72948   0.89774   1.38216   0.27626  
  5 590.3195  19558.267304  x:  0.62062   0.50407   0.42360   0.33061   0.17607   0.11727   0.23087   0.34926   0.43497   0.03412   0.20805   0.32988   0.56867   0.11011   0.37861   0.43164   0.08029   0.12176   0.30706   0.35786   0.37428   0.55878   0.54514   0.06852   0.03925   0.21624   0.53447   0.72706   0.59931   0.32406   0.23034   0.78272   0.98428   1.32071   0.26759  
  6 292.3921  19544.803639  x:  0.61793   0.50636   0.42629   0.32366   0.13915   0.09635   0.23431   0.34306   0.40005   0.07276   0.18758   0.34919   0.60044   0.11224   0.28507   0.44580   0.06171   0.11762   0.31088   0.36814   0.36354   0.55490   0.55390   0.05896   0.06931   0.20607   0.55081   0.73849   0.63696   0.31837   0.21593   0.82435   1.04418   1.26683   0.26158  
  7 347.1045  19541.946664  x:  0.60355   0.49707   0.41907   0.32054   0.14069   0.08371   0.22383   0.33762   0.38400   0.07577   0.17940   0.35871   0.60697   0.08608   0.27544   0.44516   0.07936   0.11307   0.31161   0.36056   0.35904   0.55854   0.55599   0.08149   0.05192   0.19152   0.55360   0.73587   0.65330   0.32668   0.22534   0.84431   1.07227   1.24454   0.26124  
  8 95.1867  19540.469648  x:  0.58165   0.48343   0.40904   0.31824   0.14690   0.08145   0.21289   0.33002   0.36612   0.07229   0.18207   0.36358   0.60780   0.08804   0.29087   0.44319   0.09181   0.11360   0.30693   0.35056   0.35682   0.56421   0.55710   0.06865   0.06357   0.17321   0.55010   0.72254   0.66651   0.32987   0.22949   0.86426   1.10281   1.23256   0.25825  
  9 62.3802  19539.818722  x:  0.56576   0.47557   0.40399   0.31667   0.14557   0.08425   0.21026   0.32942   0.36376   0.07769   0.18377   0.36508   0.60559   0.09544   0.29945   0.43961   0.07846   0.11333   0.30567   0.34905   0.35559   0.56580   0.55602   0.07313   0.05576   0.16406   0.54419   0.70657   0.67299   0.32576   0.22503   0.87866   1.12459   1.23732   0.25934  
 10 42.0823  19539.591262  x:  0.55939   0.47357   0.40314   0.31669   0.14497   0.08452   0.21101   0.33114   0.36673   0.07338   0.18084   0.36499   0.60375   0.09300   0.29965   0.43712   0.07466   0.11471   0.30718   0.35019   0.35613   0.56564   0.55531   0.07623   0.05994   0.16286   0.54095   0.69788   0.67527   0.32473   0.22417   0.88537   1.13361   1.24229   0.26233  
 11 39.1960  19539.277563  x:  0.54879   0.47120   0.40252   0.31696   0.14447   0.08890   0.21556   0.33587   0.37556   0.07463   0.18091   0.36391   0.60000   0.08737   0.29533   0.43331   0.07880   0.11825   0.31123   0.35359   0.35767   0.56201   0.55262   0.07135   0.05889   0.16485   0.53533   0.68247   0.67814   0.32395   0.22422   0.89551   1.14405   1.24766   0.26151  
 12 36.9005  19538.996321  x:  0.54364   0.47408   0.40462   0.31940   0.14682   0.08553   0.21969   0.33766   0.38181   0.07407   0.18127   0.35968   0.59669   0.09256   0.29378   0.43561   0.08225   0.10723   0.30935   0.35346   0.35602   0.55676   0.54994   0.07252   0.05941   0.17359   0.53134   0.66975   0.68164   0.32719   0.22854   0.90435   1.14906   1.24707   0.26072  
 13 15.3688  19538.387644  x:  0.54253   0.48495   0.40828   0.32389   0.15411   0.07474   0.21950   0.33399   0.38274   0.07443   0.18285   0.35138   0.59188   0.09355   0.29900   0.44451   0.08009   0.12137   0.30684   0.35299   0.35646   0.54924   0.54480   0.07678   0.05919   0.19088   0.52662   0.65422   0.69041   0.32632   0.22600   0.91642   1.15069   1.23877   0.25738  
 14 13.8417  19535.846044  x:  0.55436   0.51553   0.40577   0.32819   0.17026   0.09919   0.21195   0.32503   0.37176   0.07491   0.17238   0.35509   0.58955   0.06687   0.30816   0.44815   0.06040   0.10702   0.30294   0.34710   0.35791   0.54871   0.53235   0.06653   0.05885   0.20967   0.51642   0.63770   0.72039   0.32363   0.21455   0.93268   1.14589   1.23746   0.25788  
 15 14.5255  19525.049844  x:  0.59433   0.59247   0.37547   0.33156   0.18239   0.10267   0.20408   0.31466   0.33495   0.08993   0.12032   0.39251   0.59639   0.09688   0.29890   0.41251   0.06575   0.11799   0.31771   0.34502   0.37763   0.56733   0.50432   0.07424   0.05774   0.19694   0.47251   0.60615   0.80958   0.35085   0.23018   0.94550   1.12832   1.31218   0.25428  
 16 43.1042  19512.038854  x:  0.61557   0.63414   0.35541   0.33343   0.14768   0.06031   0.20181   0.32455   0.33297   0.06031   0.18712   0.40626   0.60988   0.08262   0.28362   0.39550   0.05465   0.10510   0.31741   0.34760   0.36955   0.58475   0.50901   0.08191   0.06295   0.15310   0.44376   0.59826   0.87452   0.34717   0.22227   0.94364   1.12436   1.37972   0.23661  
 17 89.3358  19494.353795  x:  0.61742   0.61448   0.39809   0.34978   0.09738   0.06057   0.19428   0.32904   0.36805   0.06975   0.12403   0.33036   0.60465   0.06800   0.28483   0.44745   0.07175   0.10308   0.26406   0.33836   0.34541   0.63905   0.59699   0.08655   0.06298   0.10660   0.45310   0.61348   0.85444   0.31539   0.20958   0.91750   1.18076   1.44469   0.22558  
 18 82.9660  19486.795500  x:  0.61336   0.57544   0.43047   0.34170   0.10583   0.06963   0.19558   0.31712   0.35781   0.06756   0.11847   0.31196   0.58749   0.06451   0.27473   0.44661   0.03244   0.10641   0.29707   0.33775   0.35344   0.66655   0.62982   0.08278   0.06235   0.12643   0.47622   0.62307   0.78860   0.33986   0.25116   0.90142   1.22824   1.44625   0.21812  
 19 96.2577  19482.897855  x:  0.62940   0.55412   0.45105   0.32300   0.11600   0.05771   0.20057   0.30891   0.34056   0.06766   0.11394   0.34143   0.57602   0.06624   0.27970   0.42766   0.04436   0.09414   0.30680   0.33811   0.36863   0.67441   0.62973   0.08843   0.06290   0.16434   0.49552   0.62956   0.71572   0.32313   0.22580   0.89651   1.28077   1.45451   0.21335  
 20 86.5845  19481.929757  x:  0.64378   0.55247   0.44552   0.31353   0.11372   0.06071   0.20064   0.31300   0.34219   0.06708   0.11304   0.35338   0.58082   0.06309   0.28263   0.42690   0.04154   0.10127   0.28511   0.33640   0.35959   0.65985   0.61341   0.08740   0.06303   0.17151   0.49804   0.63603   0.68542   0.33435   0.23119   0.89668   1.30583   1.45889   0.21334  
 21 42.0258  19481.523539  x:  0.65416   0.55417   0.43231   0.31788   0.12561   0.06093   0.19375   0.31354   0.34472   0.06727   0.11217   0.34365   0.58731   0.06376   0.28061   0.43264   0.04228   0.09980   0.29312   0.33763   0.35461   0.64462   0.59861   0.08723   0.06336   0.16561   0.49447   0.64499   0.66724   0.33421   0.22819   0.89574   1.32366   1.46243   0.21380  
 22 23.5838  19481.442280  x:  0.65349   0.55571   0.42947   0.32476   0.12521   0.06051   0.19909   0.31345   0.34358   0.06747   0.11171   0.34108   0.58628   0.06273   0.28131   0.43092   0.04128   0.09921   0.29146   0.33507   0.36200   0.64001   0.59497   0.08735   0.06335   0.16413   0.49184   0.65057   0.66497   0.33164   0.23028   0.89390   1.32856   1.46116   0.21371  
 23  7.9019  19481.306464  x:  0.64665   0.56135   0.42944   0.33636   0.12377   0.06071   0.19674   0.31022   0.34550   0.06719   0.11163   0.34476   0.57751   0.06343   0.28126   0.42756   0.04154   0.09971   0.29081   0.33902   0.35694   0.64057   0.59048   0.08702   0.06327   0.16727   0.48612   0.66144   0.66482   0.32770   0.23381   0.88811   1.33620   1.46032   0.21364  
 24  5.0440  19480.827020  x:  0.62233   0.57844   0.42947   0.33076   0.12185   0.05822   0.20360   0.31830   0.34321   0.06742   0.11169   0.34362   0.57688   0.06315   0.28210   0.43717   0.04264   0.10051   0.29586   0.33017   0.35247   0.65567   0.57796   0.08673   0.06338   0.17749   0.47305   0.67744   0.66384   0.33306   0.22920   0.86848   1.35078   1.46468   0.21433  
 25  6.0764  19479.717001  x:  0.58999   0.60095   0.42538   0.31642   0.12411   0.05223   0.18534   0.31738   0.35210   0.06683   0.11133   0.33828   0.59292   0.06508   0.28322   0.43207   0.04210   0.09667   0.28643   0.34813   0.37450   0.65929   0.58177   0.08544   0.06319   0.18740   0.46981   0.68696   0.65894   0.34222   0.22523   0.84493   1.36445   1.46736   0.21542  
 26 12.4038  19475.453449  x:  0.56239   0.65235   0.41530   0.31748   0.14364   0.03704   0.20399   0.30713   0.34852   0.06681   0.11278   0.33992   0.62558   0.06661   0.28910   0.39734   0.04214   0.10192   0.28736   0.33361   0.35117   0.64113   0.64958   0.08064   0.06140   0.19123   0.49780   0.67186   0.63343   0.33508   0.23470   0.81052   1.39219   1.50238   0.22274  
 27 18.0857  19470.568585  x:  0.59205   0.65514   0.41129   0.31290   0.10555   0.02044   0.19110   0.30989   0.34288   0.06545   0.11429   0.35349   0.57696   0.06865   0.29949   0.43195   0.04838   0.09621   0.30741   0.32921   0.37120   0.64238   0.66123   0.07334   0.06015   0.17306   0.52544   0.64962   0.61167   0.32938   0.25704   0.81276   1.40684   1.53954   0.23143  
 28 30.4567  19468.195522  x:  0.61799   0.62473   0.41715   0.31860   0.12573   0.00826   0.19952   0.32336   0.34912   0.06451   0.11627   0.34714   0.55636   0.07285   0.28961   0.42606   0.04595   0.09724   0.29156   0.33689   0.37441   0.67614   0.64417   0.07117   0.05999   0.16002   0.52718   0.64939   0.60913   0.33220   0.25374   0.82711   1.40548   1.54590   0.23399  
 29 44.1826  19467.405172  x:  0.63383   0.60245   0.43335   0.32326   0.11004   0.00651   0.19583   0.31753   0.35076   0.06439   0.11604   0.33051   0.56588   0.07361   0.29585   0.40686   0.04906   0.09707   0.29559   0.33224   0.37057   0.68379   0.63118   0.06993   0.05955   0.16689   0.51546   0.65534   0.61345   0.34086   0.24823   0.83786   1.40564   1.54962   0.23538  
 30 30.9225  19467.185642  x:  0.63791   0.58692   0.44344   0.32996   0.11211   0.00611   0.19266   0.31482   0.35277   0.06416   0.11622   0.33964   0.57683   0.07353   0.29460   0.41316   0.04822   0.09751   0.29598   0.32829   0.37301   0.68086   0.63348   0.06939   0.05941   0.16985   0.49662   0.65568   0.61472   0.34200   0.24777   0.83699   1.40414   1.55281   0.23577  
 31 13.1422  19467.093291  x:  0.64148   0.58146   0.44614   0.32631   0.11334   0.00602   0.19554   0.31744   0.34655   0.06471   0.11588   0.33845   0.57684   0.07207   0.29718   0.41467   0.04863   0.09667   0.29571   0.33584   0.37155   0.67720   0.63717   0.06927   0.05935   0.17153   0.48715   0.65769   0.61746   0.34066   0.24973   0.83615   1.40531   1.55451   0.23608  
 32  6.1478  19466.858636  x:  0.65072   0.57437   0.44706   0.31267   0.11811   0.00745   0.19172   0.32235   0.34982   0.06420   0.11607   0.33565   0.56758   0.07397   0.29484   0.41027   0.04803   0.09733   0.29486   0.32929   0.37275   0.67139   0.64651   0.06818   0.05909   0.17553   0.47413   0.66600   0.62580   0.33642   0.25189   0.83694   1.40993   1.55529   0.23664  
 33  6.2147  19465.972166  x:  0.66558   0.56210   0.43757   0.31047   0.11579   0.01089   0.20934   0.29180   0.36319   0.06398   0.11508   0.33557   0.56358   0.07230   0.29518   0.41425   0.04769   0.09626   0.29400   0.33589   0.37313   0.68691   0.64451   0.06424   0.05862   0.17264   0.46513   0.66409   0.62655   0.34647   0.24505   0.84117   1.41324   1.55885   0.23800  
 34  4.4457  19464.617635  x:  0.67452   0.54912   0.44210   0.34694   0.10767   0.01853   0.19862   0.31820   0.35027   0.06385   0.11305   0.33426   0.57573   0.07244   0.29422   0.41116   0.04658   0.09571   0.29095   0.34035   0.37392   0.71168   0.62790   0.05755   0.05726   0.17324   0.47474   0.64723   0.61566   0.35151   0.24222   0.85034   1.40867   1.56657   0.23948  
 35 15.1148  19464.479109  x:  0.67057   0.54873   0.45757   0.34329   0.11211   0.01915   0.19856   0.31446   0.34921   0.06385   0.11334   0.33392   0.57970   0.07219   0.29321   0.41228   0.04657   0.09585   0.28978   0.34018   0.37360   0.70866   0.61520   0.05674   0.05730   0.16731   0.48283   0.64808   0.61833   0.34271   0.24923   0.85159   1.40758   1.57305   0.23992  
 36  9.0080  19464.450256  x:  0.66999   0.55065   0.46509   0.34371   0.11366   0.01932   0.19898   0.31474   0.34867   0.06382   0.11326   0.33457   0.57678   0.07219   0.29341   0.41157   0.04642   0.09577   0.29002   0.34027   0.37375   0.70460   0.61427   0.05655   0.05724   0.16196   0.48399   0.64797   0.61902   0.34779   0.24523   0.85057   1.40826   1.57295   0.23989  
 37  3.3373  19464.054930  x:  0.68458   0.56922   0.46950   0.33873   0.11147   0.01875   0.19978   0.31785   0.35548   0.06356   0.11142   0.33599   0.57978   0.07286   0.29613   0.40788   0.04620   0.09617   0.29310   0.34086   0.37354   0.71290   0.61445   0.05264   0.05613   0.15073   0.47452   0.63236   0.62427   0.33986   0.25158   0.84138   1.42051   1.55951   0.23815  
 38  0.3813  19463.018814  x:  0.68143   0.58036   0.44836   0.33717   0.11393   0.01713   0.20007   0.31426   0.34813   0.06331   0.10885   0.33568   0.57373   0.07309   0.28740   0.41485   0.04697   0.09913   0.28867   0.33817   0.37264   0.70484   0.62124   0.04213   0.05305   0.15980   0.48176   0.63558   0.65057   0.34400   0.24532   0.85185   1.42768   1.57923   0.23669  
 39  5.9232  19462.994569  x:  0.67891   0.58530   0.44929   0.33559   0.11350   0.01713   0.19990   0.31387   0.34726   0.06330   0.10876   0.33583   0.57361   0.07321   0.28687   0.41470   0.04697   0.09923   0.28861   0.33802   0.37267   0.70604   0.62316   0.04193   0.05292   0.15732   0.47694   0.63890   0.64463   0.34338   0.24592   0.86121   1.42379   1.57920   0.23671  
 40  2.8771  19462.391125  x:  0.68904   0.59707   0.44383   0.33409   0.11543   0.01712   0.19941   0.31408   0.34418   0.06168   0.10626   0.33820   0.57207   0.06916   0.28604   0.41776   0.04310   0.09987   0.28788   0.33708   0.37052   0.70461   0.62017   0.05100   0.04766   0.15699   0.47871   0.64037   0.66228   0.33945   0.23754   0.87941   1.42848   1.58594   0.23362  
 41  0.0315  19460.708639  x:  0.72196   0.60079   0.45190   0.33466   0.12021   0.01665   0.20227   0.32144   0.35595   0.05904   0.12324   0.34016   0.57543   0.06913   0.29702   0.42387   0.05150   0.10022   0.29060   0.33872   0.37654   0.70961   0.62365   0.04845   0.05239   0.15635   0.49198   0.67282   0.66557   0.34367   0.24029   0.90437   1.47420   1.59602   0.22467  
 42  0.0192  19458.814315  x:  0.73265   0.59954   0.46664   0.33753   0.11438   0.01751   0.20479   0.32730   0.36697   0.06380   0.10507   0.34699   0.59127   0.07386   0.30614   0.42591   0.04579   0.09631   0.29832   0.34565   0.38224   0.72539   0.64299   0.04589   0.05512   0.15233   0.51446   0.70277   0.67732   0.34569   0.24118   0.93843   1.54029   1.60452   0.22632  
 43  0.0589  19458.526567  x:  0.72004   0.60314   0.46290   0.34180   0.11248   0.01758   0.20436   0.32919   0.36935   0.06189   0.11228   0.34818   0.59956   0.06949   0.30601   0.42513   0.04452   0.09795   0.30008   0.34726   0.38099   0.72646   0.64903   0.04766   0.05097   0.14851   0.51868   0.70612   0.68602   0.34903   0.24278   0.95067   1.55575   1.59508   0.22652  
 44  0.0317  19458.502841  x:  0.71325   0.60425   0.46115   0.34195   0.11304   0.01708   0.20456   0.32946   0.36923   0.06172   0.11106   0.34756   0.60030   0.07044   0.30626   0.42646   0.04517   0.09879   0.29906   0.34693   0.38001   0.72494   0.64913   0.04821   0.05125   0.14778   0.51999   0.70655   0.68867   0.34956   0.24303   0.95471   1.56054   1.59045   0.22590  
 45  0.0118  19458.501002  x:  0.71188   0.60370   0.46117   0.34162   0.11330   0.01699   0.20453   0.32952   0.36920   0.06188   0.11113   0.34764   0.59977   0.07039   0.30673   0.42644   0.04478   0.09843   0.29904   0.34687   0.37991   0.72469   0.64842   0.04800   0.05134   0.14802   0.52031   0.70662   0.68842   0.34909   0.24259   0.95534   1.56193   1.58997   0.22588  
 46  0.0030  19458.500863  x:  0.71165   0.60333   0.46128   0.34156   0.11335   0.01695   0.20452   0.32957   0.36923   0.06187   0.11109   0.34767   0.59961   0.07028   0.30669   0.42640   0.04495   0.09842   0.29908   0.34686   0.37998   0.72469   0.64828   0.04798   0.05131   0.14804   0.52033   0.70661   0.68821   0.34902   0.24262   0.95539   1.56218   1.58998   0.22590  
 47  0.0008  19458.500852  x:  0.71166   0.60323   0.46131   0.34158   0.11333   0.01693   0.20453   0.32957   0.36919   0.06186   0.11111   0.34768   0.59964   0.07033   0.30667   0.42639   0.04495   0.09843   0.29909   0.34688   0.37999   0.72470   0.64824   0.04798   0.05131   0.14803   0.52031   0.70658   0.68813   0.34902   0.24260   0.95538   1.56226   1.59001   0.22591  
 48  0.0002  19458.500851  x:  0.71167   0.60324   0.46131   0.34161   0.11333   0.01692   0.20452   0.32957   0.36918   0.06186   0.11111   0.34768   0.59967   0.07032   0.30668   0.42639   0.04495   0.09843   0.29909   0.34688   0.37998   0.72471   0.64823   0.04798   0.05131   0.14802   0.52031   0.70656   0.68812   0.34903   0.24260   0.95539   1.56229   1.59002   0.22591  
 49  0.0000  19458.500851  x:  0.71167   0.60325   0.46132   0.34161   0.11333   0.01692   0.20452   0.32957   0.36918   0.06186   0.11111   0.34768   0.59966   0.07032   0.30668   0.42639   0.04495   0.09843   0.29909   0.34688   0.37998   0.72471   0.64824   0.04798   0.05131   0.14803   0.52031   0.70656   0.68813   0.34903   0.24261   0.95539   1.56228   1.59003   0.22591  
 50  0.0000  19458.500851  x:  0.71167   0.60325   0.46132   0.34161   0.11333   0.01692   0.20452   0.32957   0.36918   0.06186   0.11111   0.34768   0.59966   0.07032   0.30668   0.42639   0.04495   0.09843   0.29909   0.34688   0.37998   0.72471   0.64824   0.04798   0.05131   0.14803   0.52031   0.70656   0.68813   0.34903   0.24260   0.95539   1.56228   1.59003   0.22591  
 51  0.0000  19458.500851  x:  0.71167   0.60325   0.46132   0.34161   0.11333   0.01692   0.20452   0.32957   0.36918   0.06186   0.11111   0.34768   0.59966   0.07032   0.30668   0.42639   0.04495   0.09843   0.29909   0.34688   0.37998   0.72471   0.64823   0.04798   0.05131   0.14803   0.52031   0.70656   0.68813   0.34903   0.24260   0.95539   1.56228   1.59002   0.22591  
 52  0.0000  19458.500851  x:  0.71167   0.60325   0.46132   0.34161   0.11333   0.01692   0.20452   0.32957   0.36918   0.06186   0.11111   0.34768   0.59966   0.07032   0.30668   0.42639   0.04495   0.09843   0.29909   0.34688   0.37998   0.72471   0.64823   0.04798   0.05131   0.14803   0.52031   0.70656   0.68813   0.34903   0.24260   0.95539   1.56228   1.59002   0.22591  
 53  0.0000  19458.500851  x:  0.71167   0.60325   0.46132   0.34161   0.11333   0.01692   0.20452   0.32957   0.36918   0.06186   0.11111   0.34768   0.59966   0.07032   0.30668   0.42639   0.04495   0.09843   0.29909   0.34688   0.37998   0.72471   0.64823   0.04798   0.05131   0.14803   0.52031   0.70656   0.68813   0.34903   0.24260   0.95539   1.56228   1.59002   0.22591  