

Model 7: beta

TREE # 1

  0  0.0000   9216.318326  x:  2.00000   1.11125   1.17777  
  1 99.0000   4618.039664  x:  2.09140   0.00500   1.43530  
  2 409.6552   4485.798012  x:  2.81041   0.03044   3.45801  
  3 103.4134   4474.979696  x: 18.58604   0.03314   7.24598  
  4  2.0280   4272.198751  x: 201.56990   0.07284  59.90044  
  5 23.8011   4182.510406  x: 339.10495   0.10223  99.00000  
  6 511.1514   4138.873754  x: 649.00611   0.16790  99.00000  
  7 109.4414   4137.471039  x: 650.20172   0.16593  99.00000  
  8  0.1495   4081.972705  x: 736.84159   0.05142  99.00000  
  9 239.3392   4063.636617  x: 999.00000   0.06183  99.00000  
 10 107.8577   4063.378860  x: 999.00000   0.05577  99.00000  

Model 8: beta&w>1

TREE # 1

  0  0.0000   4865.453723  x: 951.42857   0.90000   0.39043   1.78870   2.51518  
  1 99.0000   4075.136119  x: 951.42858   0.88856   0.00500   1.80595   2.51957  
  2 2056.8302   4070.690377  x: 951.42861   0.84413   0.00502   1.84821   2.52984  
  3 115.5584   4015.986814  x: 951.42891   0.94842   0.00883   2.08896   2.58669  
  4 82.8724   4015.327774  x: 951.43470   0.95188   0.00913   1.97840   2.78264  
  5  2.6748   4011.387699  x: 951.51036   0.92388   0.00924   1.46130   3.26990  
  6  1.5019   4009.430615  x: 951.63661   0.90338   0.00996   2.10007   4.68437  
  7  1.2522   4006.360687  x: 952.13643   0.88919   0.01227   2.53803   9.87649  
  8  1.1498   4004.607039  x: 952.31416   0.91138   0.01285   2.72766  11.03127  
  9  0.8898   4002.493475  x: 953.84284   0.91489   0.01847   5.54063  22.84791  
 10  1.5303   4002.310677  x: 954.24024   0.92352   0.01972   6.23330  25.42630  
 11  1.8162   4002.017729  x: 956.40496   0.92910   0.02647   9.99051  39.47686  
 12  1.8381   4001.509224  x: 959.86640   0.96251   0.03707  15.92960  61.19501  
 13  4.2220   4001.459516  x: 960.40552   0.96674   0.03873  16.85767  64.61515  
 14 94.6195   4000.514872  x: 963.15501   0.97726   0.04728  21.59355  82.25726  
 15 11.7696   3995.888258  x: 974.08900   0.98697   0.08148  40.42195  152.86645  
 16 37.3847   3994.079171  x: 976.54033   0.98258   0.08918  44.64319  168.77504  
 17 74.4788   3992.350554  x: 989.37195   0.98909   0.12958  66.84842  252.14782  
 18 26.5428   3991.970839  x: 994.19517   0.98846   0.14486  75.23816  283.68508  
 19 21.6973   3991.757939  x: 999.00000   0.98986   0.16006  83.59204  315.06048  
 20 50.7012   3991.757939  x: 999.00000   0.98986   0.16006  83.59204  315.06048  
 21 42.3343   3991.756192  x: 999.00000   0.98996   0.16013  83.59204  315.06048  
 22 27.8987   3991.619944  x: 998.99997   0.98854   0.18096  83.59204  315.06048  
 23 19.2450   3991.613581  x: 998.83074   0.98853   0.18023  83.75918  315.06973  
 24  0.0298   3991.569176  x: 996.40552   0.98848   0.17747  86.15038  315.20149  
 25  1.3460   3991.170340  x: 986.23253   0.98835   0.19580  96.16716  315.75125  
 26  1.7859   3991.064865  x: 983.35446   0.98839   0.20008  99.00000  315.90669  
 27 134.2457   3991.064865  x: 983.35446   0.98839   0.20008  99.00000  315.90669  
 28 176.8654   3991.024728  x: 983.35446   0.98895   0.20013  99.00000  315.90669  
 29 139.8071   3991.019341  x: 983.35441   0.98864   0.20519  99.00000  315.90669  
 30  2.1899   3991.016672  x: 983.18428   0.98874   0.20510  99.00000  315.91424  
 31  0.0213   3990.989210  x: 980.29000   0.98918   0.20484  99.00000  316.04243  
 32  0.3621   3990.573838  x: 959.88797   0.98891   0.21185  99.00000  316.94483  
 33  2.5527   3912.594106  x:  0.00010   0.97830   0.47536  99.00000  359.40697  
 34 4347.6378   3865.269079  x:  0.01019   0.97830   0.47536  99.00000  359.40652  
 35 960.8264   3415.279813  x:  0.01290   0.78379   2.42520  99.00000  360.22962  
 36  0.8273   3410.060391  x:  0.01482   0.78323   2.44059  99.00000  363.22642  
 37  0.3746   3282.110476  x:  0.16706   0.76381   3.42662  99.00000  604.90495  
 38 30.2101   3210.632843  x:  0.36441   0.82373   3.86872  99.00000  920.75051  
 39 39.4807   3198.936539  x:  0.41329   0.83863   3.97804  99.00000  999.00000  
 40 336.3119   3196.655651  x:  0.46666   0.85367   4.11022  99.00000  999.00000  
 41  0.2853   3194.547784  x:  0.53189   0.84593   4.54031  99.00000  999.00000  
 42  0.0544   3192.756327  x:  0.70733   0.83193   5.62786  99.00000  999.00000  
 43  0.7065   3192.730172  x:  0.71392   0.83373   5.64555  99.00000  999.00000  
 44  0.0146   3192.596364  x:  0.72901   0.83245   5.74456  97.95641  999.00000  
 45  0.1310   3191.837298  x:  0.79364   0.82535   6.21857  86.18699  999.00000  
 46  6.6632   3189.957212  x:  0.59984   0.83060   5.22133  63.97620  999.00000  
 47  3.8391   3189.830435  x:  0.56581   0.83300   5.00600  65.62867  999.00000  
 48  3.4190   3189.823631  x:  0.56961   0.83393   5.01497  66.11749  999.00000  
 49  0.5447   3189.823419  x:  0.56793   0.83406   5.00545  65.94125  999.00000  
 50  0.2611   3189.823406  x:  0.56808   0.83404   5.00636  65.91710  999.00000  
 51  0.0030   3189.823269  x:  0.56864   0.83397   5.00750  65.79794  999.00000  
 52  0.0149   3189.821500  x:  0.56987   0.83382   4.98713  65.23166  999.00000  
 53  0.0708   3189.809255  x:  0.57557   0.83311   4.71792  60.28005  999.00000  
 54  1.6876   3189.595543  x:  0.58582   0.83216   2.87871  35.15609  999.00000  
 55  3.1489   3189.595543  x:  0.58582   0.83216   2.87871  35.15609  999.00000  
 56 25.1894   3189.594453  x:  0.58577   0.83173   2.87861  35.15610  999.00000  
 57  5.0030   3189.539259  x:  0.55516   0.83358   2.79429  35.16147  999.00000  
 58  1.2736   3189.465280  x:  0.57030   0.83433   2.65964  35.16986  999.00000  
 59  5.4681   3189.464443  x:  0.57402   0.83421   2.66457  35.11015  999.00000  
 60  0.0193   3189.454951  x:  0.57471   0.83424   2.62230  34.61897  999.00000  
 61  0.0616   3189.261974  x:  0.58782   0.83492   1.68049  23.38621  999.00000  
 62 409.3522   3189.206743  x:  0.59837   0.83499   1.25426  17.96580  999.00000  
 63 32.1796   3188.932509  x:  0.63695   0.83395   0.53329   7.56676  999.00000  
 64 12.8030   3188.885287  x:  0.64600   0.83362   0.39795   5.51747  999.00000  
 65 106.4357   3188.720213  x:  0.65618   0.83317   0.28973   3.66349  999.00000  
 66  8.3010   3188.334004  x:  0.63002   0.83407   0.38611   4.45181  999.00000  
 67  0.7083   3188.211159  x:  0.59990   0.83455   0.48104   5.92890  999.00000  
 68  2.2315   3188.151281  x:  0.57684   0.83308   0.45267   5.44095  999.00000  
 69  0.3877   3188.139219  x:  0.57519   0.83373   0.41526   4.92738  999.00000  
 70  0.3181   3188.136258  x:  0.57369   0.83425   0.41052   4.92394  999.00000  
 71  0.0040   3188.135953  x:  0.57264   0.83415   0.40615   4.87163  999.00000  
 72  0.0464   3188.135946  x:  0.57286   0.83411   0.40659   4.87713  999.00000  
 73  0.0055   3188.135946  x:  0.57290   0.83411   0.40647   4.87570  999.00000  
 74  0.0015   3188.135946  x:  0.57290   0.83411   0.40648   4.87571  999.00000  