Psammomys_obesus Rattus_norvegicus Rattus_rattus Sciurus_vulgaris Urocitellus_parryii
0.069273 0.0025866 0.0017545 0.082917 0.0046061
0.069331 0.0025841 0.0017529 0.082498 0.004601
0.069389 0.0025816 0.0017514 0.082078 0.0045958
0.071214 0.0025039 0.0017035 0.068738 0.0044341
0.071273 0.0025013 0.0017019 0.068297 0.0044288
0.071333 0.0024988 0.0017004 0.067855 0.0044235
0.071393 0.0024964 0.001699 0.067412 0.0044181
0.071453 0.0024939 0.0016975 0.066969 0.0044128
0.071513 0.0024915 0.0016962 0.066525 0.0044075
0.071574 0.0024891 0.0016948 0.066081 0.0044022
0.071634 0.0024869 0.0016855 0.065636 0.0043968
0.071694 0.0024836 0.0016745 0.06519 0.0043915
0.071754 0.0024802 0.0016634 0.064743 0.0043862
0.071815 0.002477 0.0016526 0.064296 0.0043808
0.071875 0.0024736 0.0016417 0.063848 0.0043754
0.071936 0.0024704 0.001631 0.063399 0.0043701
0.071996 0.0024671 0.0016202 0.06295 0.0043647
0.072057 0.0024638 0.0016093 0.0625 0.0043593
0.072117 0.0024606 0.0015986 0.062049 0.004354
0.072178 0.0024573 0.0015879 0.061598 0.0043486
0.072239 0.0024539 0.001577 0.061146 0.0043432
0.0723 0.0024506 0.0015659 0.060693 0.0043378
0.072361 0.0024471 0.0015547 0.060239 0.0043324
0.072422 0.0024438 0.0015438 0.059785 0.004327
0.072483 0.0024404 0.0015327 0.05933 0.0043216
0.072544 0.002437 0.0015215 0.058874 0.0043162
0.072605 0.0024335 0.0015102 0.058418 0.0043107
0.073035 0.0024096 0.0014329 0.055204 0.0042726
0.073097 0.0024063 0.0014222 0.054742 0.0042672
0.073159 0.0024029 0.0014113 0.054279 0.0042617
0.07322 0.0023995 0.0014003 0.053815 0.0042562
0.073282 0.0023961 0.0013895 0.053351 0.0042507
0.073344 0.0023927 0.0013787 0.052886 0.0042452
0.073406 0.0023893 0.0013677 0.052421 0.0042397
0.073468 0.0023859 0.001357 0.051954 0.0042342
0.07353 0.0023825 0.0013461 0.051487 0.0042287
0.073592 0.0023791 0.0013352 0.051019 0.0042232
0.073655 0.0023756 0.0013241 0.050551 0.0042177
0.073717 0.0023721 0.0013128 0.050082 0.0042122
0.073779 0.0023685 0.0013014 0.049612 0.0042067
0.073844 0.002365 0.0012903 0.049205 0.0042013
0.073911 0.0023616 0.0012795 0.048851 0.004196
0.073976 0.0023582 0.0012685 0.048468 0.0041907
0.074044 0.0023547 0.0012574 0.048135 0.0041854
0.074111 0.0023511 0.0012462 0.047777 0.0041801
0.074177 0.0023475 0.0012349 0.047392 0.0041748
0.074241 0.002344 0.0012238 0.046977 0.0041693
0.074305 0.0023405 0.0012126 0.046532 0.0041638
0.074371 0.002337 0.0012017 0.046054 0.0041583
0.074437 0.0023335 0.0011906 0.045659 0.0041529
0.0745 0.0023299 0.0011794 0.045232 0.0041474
0.074567 0.0023263 0.001168 0.044774 0.0041418
0.074632 0.0023226 0.0011565 0.044381 0.0041364
0.074695 0.002319 0.0011453 0.044061 0.0041311
0.074762 0.0023154 0.001134 0.043713 0.0041257
0.074831 0.0023119 0.0011229 0.043424 0.0041203
0.074902 0.0023083 0.0011117 0.043105 0.0041147
0.074972 0.0023046 0.0011003 0.042761 0.0041091
0.075044 0.0023011 0.0010893 0.042465 0.0041037
0.075119 0.0022976 0.0010786 0.042214 0.0040983
0.075193 0.0022941 0.0010677 0.041939 0.0040929
0.075269 0.0022907 0.0010571 0.041717 0.0040876
0.075344 0.0022872 0.0010463 0.041547 0.0040825
0.075641 0.0022731 0.0010029 0.040785 0.0040616
0.075718 0.0022695 0.00099195 0.04063 0.0040565
0.075797 0.002266 0.00098123 0.04051 0.0040515
0.075879 0.0022626 0.00097079 0.040425 0.0040466
0.07596 0.0022588 0.00097071 0.040319 0.0040417
0.076043 0.002255 0.00097059 0.040195 0.0040366
0.076125 0.0022511 0.00097042 0.040114 0.0040318
0.07621 0.0022473 0.00097034 0.040074 0.004027
0.076297 0.0022436 0.00097034 0.040066 0.0040224
0.076387 0.0022399 0.00097042 0.04004 0.0040177
0.076475 0.0022362 0.00097045 0.040014 0.004013
0.076562 0.0022325 0.00097044 0.039986 0.0040083
0.076652 0.0022289 0.00097051 0.039958 0.0040036
0.076745 0.0022253 0.00097067 0.039929 0.0039988
0.076841 0.0022218 0.00097091 0.039899 0.0039941
0.076936 0.0022183 0.00097111 0.039868 0.0039894
0.077033 0.0022148 0.00097138 0.03987 0.0039848
0.077133 0.0022114 0.00097174 0.039852 0.0039801
0.077237 0.0022081 0.00097217 0.039817 0.0039753
0.077338 0.0022048 0.00097256 0.039817 0.0039707
0.077438 0.0022014 0.0009729 0.039849 0.0039662
0.077537 0.002198 0.0009732 0.039913 0.0039619
0.077639 0.0021946 0.00097358 0.039626 0.0039576
0.077744 0.0021913 0.00097403 0.039382 0.0039535
0.077847 0.002188 0.00097444 0.039181 0.0039495
0.077949 0.0021846 0.0009748 0.038957 0.0039454
0.078054 0.0021813 0.00097524 0.038775 0.0039414
0.078162 0.002178 0.00097563 0.038633 0.0039376
0.078274 0.0021747 0.00097611 0.038527 0.0039339
0.078389 0.0021715 0.00097667 0.038453 0.0039303
0.078502 0.0021683 0.00097719 0.038414 0.0039269
0.078619 0.0021651 0.00097779 0.037962 0.0039236
0.07874 0.002162 0.00097849 0.03809 0.0039202
0.078863 0.002159 0.00097926 0.038254 0.0039169
0.078985 0.002156 0.00097999 0.038394 0.0039135
0.079106 0.0021529 0.00098066 0.03858 0.0039103
0.07923 0.0021499 0.00098143 0.039908 0.003907
0.079357 0.0021469 0.00098215 0.041162 0.0039036
0.079483 0.0021439 0.00098296 0.042567 0.0039004
0.079606 0.0021409 0.00098372 0.044554 0.0038972
0.079728 0.0021378 0.00098443 0.04638 0.003894
0.079849 0.0021347 0.00098509 0.048104 0.0038907
0.079973 0.0021315 0.00098571 0.050035 0.0038875
0.080095 0.0021284 0.00098628 0.0522 0.0038845
0.080216 0.0021251 0.0009868 0.054244 0.0038814
0.080716 0.0021125 0.00098923 0.063492 0.0038693
0.080839 0.0021093 0.00098978 0.065651 0.0038663
0.080961 0.0021062 0.00099043 0.068102 0.0038633
0.081086 0.002103 0.00099101 0.070403 0.0038602
0.08121 0.0020998 0.00099155 0.072578 0.0038571
0.081332 0.0020965 0.00099205 0.074633 0.0038539
0.081452 0.0020932 0.00099249 0.076575 0.0038507
0.081577 0.00209 0.00099303 0.078773 0.0038476
0.081699 0.0020867 0.00099352 0.08085 0.0038444
0.081826 0.0020835 0.0009941 0.083177 0.0038413
0.081951 0.0020803 0.00099462 0.085894 0.0038383
0.082068 0.002077 0.00099511 0.088461 0.0038353
0.083578 0.0020336 0.0010005 0.12 0.0037945
0.083698 0.0020302 0.0010009 0.12275 0.0037914
0.083817 0.0020268 0.0010012 0.12532 0.0037883
0.083934 0.0020233 0.0010014 0.12831 0.0037853
0.084049 0.0020198 0.0010016 0.13169 0.0037823
0.084168 0.0020163 0.0010019 0.1332 0.0037796
0.085029 0.0019929 0.00096894 0.13747 0.003761
0.085151 0.0019896 0.00096415 0.13803 0.0037584
0.085276 0.0019862 0.0009595 0.13869 0.0037559
0.0854 0.0019829 0.00095478 0.13929 0.0037534
0.085522 0.0019795 0.00094999 0.14301 0.0037507
0.085648 0.001976 0.00094513 0.14652 0.003748
0.085777 0.0019727 0.00094042 0.15049 0.0037455
0.085911 0.0019694 0.00093584 0.15498 0.003743
0.086042 0.001966 0.00093119 0.16003 0.0037407
0.086178 0.0019628 0.00092669 0.16573 0.0037385
0.086312 0.0019595 0.00092211 0.17113 0.0037362
0.086337 0.0019562 0.00091746 0.17723 0.003734
0.086364 0.0019529 0.00091295 0.18413 0.003732
0.086392 0.0019496 0.00090844 0.19011 0.0037299
0.08642 0.0019463 0.00090393 0.19574 0.0037277
0.08645 0.0019431 0.00089942 0.2021 0.0037256
0.086479 0.0019398 0.0008949 0.20764 0.0037237
0.086509 0.0019365 0.00089039 0.2139 0.0037219
0.086539 0.0019332 0.00088587 0.2209 0.0037201
0.086568 0.0019299 0.00088128 0.22749 0.0037183
0.086599 0.0019266 0.00087683 0.23367 0.0037165
0.086629 0.0019233 0.00087232 0.23953 0.0037146
0.08666 0.0019079 0.00086809 0.24608 0.0037127
0.086691 0.0018924 0.00086379 0.25228 0.0037108
0.086721 0.0018768 0.00085942 0.25922 0.0037091
0.086751 0.0018611 0.00085499 0.26578 0.0037072
0.086781 0.0018456 0.00085069 0.27199 0.0037053
0.086812 0.00183 0.00084631 0.27535 0.0037035
0.086843 0.0018144 0.00084188 0.27912 0.0037019
0.086877 0.0017989 0.00083757 0.28334 0.0037003
0.08685 0.0017836 0.00083339 0.28731 0.0036986
0.086824 0.0017682 0.00082917 0.29114 0.003697
0.086796 0.0017529 0.00082492 0.29487 0.0036952
0.086769 0.0017376 0.00082076 0.29849 0.0036935
0.086742 0.0017225 0.00081669 0.3024 0.0036918
0.086717 0.0017075 0.00081268 0.30659 0.0036902
0.086693 0.0016926 0.00080875 0.31109 0.0036886
0.086668 0.0016777 0.00080479 0.3155 0.003687
0.086644 0.0016629 0.00080091 0.32024 0.0036855
0.086621 0.001648 0.00079701 0.32489 0.003684
0.086598 0.0016333 0.00079317 0.32987 0.0036825
0.086575 0.0016185 0.00078931 0.33474 0.003681
0.086552 0.0016038 0.00078543 0.33952 0.0036794
0.086529 0.0015891 0.00078162 0.34466 0.0036779
0.086507 0.0015744 0.00077779 0.3497 0.0036764
0.086486 0.0015598 0.00077402 0.35511 0.003675
0.086464 0.0015453 0.00077033 0.36093 0.0036736
0.086443 0.001531 0.0007667 0.36714 0.0036723
0.086422 0.0015165 0.00076305 0.37323 0.003671
0.086403 0.0015023 0.00075947 0.37977 0.0036697
0.086382 0.0014879 0.00075587 0.38617 0.0036684
0.086362 0.0014736 0.00075223 0.39243 0.0036671
0.086341 0.0014594 0.00074868 0.39854 0.0036657
0.08632 0.0014451 0.0007451 0.40451 0.0036643
0.086299 0.001431 0.0007416 0.41106 0.0036629
0.086279 0.0014169 0.00073816 0.41809 0.0036617
0.086258 0.0014029 0.0007347 0.42496 0.0036604
0.086237 0.0013888 0.00073121 0.43166 0.0036591
0.086217 0.0013748 0.00072779 0.43891 0.0036578
0.086197 0.0013608 0.00072435 0.44594 0.0036565
0.086176 0.0013469 0.000721 0.44852 0.0036553
0.086155 0.001333 0.0007176 0.45096 0.003654
0.086135 0.0013192 0.0007143 0.45307 0.0036527
0.086119 0.0013053 0.00071094 0.45546 0.0036515
0.086103 0.0012916 0.00070766 0.45804 0.0036503
0.086088 0.0012778 0.00070434 0.46056 0.0036491
0.086072 0.001264 0.00070101 0.46301 0.0036479
0.086057 0.0012502 0.00069773 0.46565 0.0036468
0.086042 0.0012365 0.00069443 0.46823 0.0036456
0.085867 0.0012229 0.0006912 0.47104 0.0036445
0.085691 0.0012092 0.00068795 0.47377 0.0036433
0.085518 0.0011956 0.00068477 0.47675 0.0036423
0.085349 0.0011821 0.00068155 0.47963 0.0036412
0.085183 0.0011686 0.0006784 0.48273 0.0036401
0.085015 0.0011551 0.00067523 0.48576 0.0036391
0.084851 0.0011416 0.00067211 0.489 0.003638
0.084686 0.0011282 0.00066897 0.49218 0.003637
0.084523 0.0011148 0.00066589 0.4956 0.003636
0.083692 0.0011016 0.00066287 0.49926 0.0036351
0.082858 0.0010883 0.00065983 0.50285 0.0036342
0.082021 0.001075 0.00065677 0.50637 0.0036332
0.081197 0.0010618 0.00065376 0.51014 0.0036323
0.080385 0.0010487 0.00065081 0.51417 0.0036315
0.07957 0.0010355 0.00064784 0.51812 0.0036306
0.078753 0.0010224 0.00064485 0.52199 0.0036297
0.077933 0.0010092 0.00064184 0.5258 0.0036287
0.077126 0.00099609 0.00063888 0.52988 0.0036279
0.076315 0.00098296 0.0006359 0.53385 0.003627
0.075498 0.00096995 0.000633 0.53818 0.0036261
0.074696 0.00095706 0.00063016 0.54303 0.0036253
0.073911 0.00094429 0.0006274 0.54835 0.0036245
0.07312 0.00093147 0.0006246 0.55349 0.0036237
0.072347 0.00091877 0.00062188 0.55913 0.0036229
0.07159 0.0009062 0.00061924 0.56536 0.0036223
0.070849 0.00089376 0.00061667 0.57223 0.0036217
0.070102 0.00088126 0.00061406 0.57979 0.0036213
0.06935 0.00086872 0.00061142 0.58712 0.0036208
0.06861 0.00085627 0.00060884 0.59497 0.0036203
0.067882 0.0008439 0.0006063 0.60336 0.0036199
0.067164 0.00083162 0.00060381 0.61232 0.0036196
0.066444 0.00081931 0.00060131 0.62113 0.0036193
0.065721 0.00080699 0.00059879 0.62976 0.0036189
0.064934 0.00079464 0.00059624 0.63823 0.0036185
0.06416 0.00078237 0.00059375 0.64728 0.0036181
0.063382 0.00077009 0.00059124 0.65617 0.0036178
0.062618 0.00075789 0.00058878 0.66572 0.0036175
0.061865 0.00074578 0.00058637 0.67599 0.0036172
0.06111 0.00073365 0.00058395 0.68604 0.0036169
0.060368 0.00072161 0.00058157 0.69561 0.0036166
0.059639 0.00070966 0.00057925 0.70593 0.0036164
0.058906 0.00069768 0.00057691 0.71598 0.0036161
0.05817 0.00068568 0.00057455 0.72582 0.0036158
0.057429 0.00067377 0.00057225 0.728 0.0036156
0.0567 0.00066196 0.00057 0.73038 0.0036155
0.055986 0.00065025 0.00056781 0.73253 0.0036153
0.055265 0.00063848 0.00056558 0.73459 0.003615
0.054561 0.00062687 0.00056343 0.73692 0.0036149
0.053876 0.0006154 0.00056137 0.7396 0.0036149
0.053183 0.00060386 0.00055925 0.74211 0.0036148
0.052482 0.00060243 0.00055653 0.74494 0.0036148
0.051773 0.00060097 0.00055375 0.74761 0.0036148
0.051081 0.00059954 0.00055106 0.75059 0.0036148
0.050404 0.00059815 0.00054844 0.75389 0.003615
0.049744 0.00059758 0.00053932 0.75756 0.0036152
0.049076 0.00059699 0.00053011 0.76105 0.0036154
0.048403 0.00059638 0.00052081 0.7644 0.0036155
0.047744 0.0005958 0.00051172 0.7681 0.0036158
0.047081 0.00059519 0.00050254 0.77166 0.003616
0.046433 0.00059461 0.00049357 0.77561 0.0036162
0.046155 0.00059401 0.0004845 0.78005 0.0036166
0.045884 0.00059344 0.00047562 0.78495 0.0036171
0.045619 0.00059289 0.00046694 0.79038 0.0036177
0.045361 0.00059237 0.00045845 0.79639 0.0036184
0.045099 0.00059183 0.00044986 0.79839 0.0036192
0.044844 0.00059131 0.00044148 0.79893 0.0036201
0.044596 0.00059077 0.000433 0.79955 0.0036211
0.044345 0.00059021 0.00042442 0.80014 0.0036221
0.044091 0.00058962 0.00041575 0.80068 0.003623
0.043835 0.00058901 0.00040699 0.80119 0.0036238
0.043585 0.00058842 0.00039842 0.80178 0.0036247
0.043341 0.00058786 0.00039005 0.80247 0.0036258
0.043102 0.00058734 0.00038187 0.80325 0.0036269
0.042869 0.00058683 0.00037386 0.80414 0.0036282
0.042634 0.00058631 0.00036578 0.80499 0.0036293
0.042397 0.00058577 0.00035763 0.80593 0.0036306
0.042165 0.00058525 0.00034964 0.80699 0.003632
0.041931 0.0005847 0.00034156 0.808 0.0036333
0.041702 0.00058419 0.00033366 0.80894 0.0036345
0.041479 0.00058318 0.00033277 0.80982 0.0036357
0.041261 0.00058214 0.00033185 0.81082 0.003637
0.041049 0.00058114 0.00033098 0.81175 0.0036382
0.040834 0.0005801 0.00033007 0.81265 0.0036394
0.040624 0.0005791 0.00032921 0.81368 0.0036407
0.04042 0.00057812 0.00032839 0.81483 0.003642
0.04022 0.00057712 0.00032755 0.81593 0.0036433
0.040018 0.0005761 0.00032668 0.81697 0.0036446
0.039821 0.00057511 0.00032585 0.81812 0.0036459
0.039626 0.00057413 0.00032504 0.81924 0.0036472
0.039435 0.00057316 0.00032427 0.82044 0.0036486
0.039243 0.00057218 0.00032348 0.82162 0.0036499
0.03905 0.00057119 0.00032267 0.82277 0.0036512
0.038857 0.00057018 0.00032185 0.82389 0.0036525
0.038666 0.00056919 0.00032106 0.82511 0.0036538
0.038475 0.00056819 0.00032025 0.8263 0.0036551
0.038288 0.00056721 0.00031947 0.82761 0.0036565
0.038098 0.0005662 0.00031867 0.82804 0.003658
0.037914 0.00056522 0.00031792 0.82856 0.0036596
0.037727 0.00056422 0.00031713 0.82904 0.0036611
0.037545 0.00056325 0.00031639 0.82887 0.0036628
0.037361 0.00056226 0.00031563 0.82866 0.0036644
0.037183 0.0005613 0.00031491 0.82754 0.0036661
0.037009 0.00056037 0.00031425 0.82672 0.0036677
0.036833 0.00055942 0.00031355 0.82584 0.0036693
0.036661 0.00055849 0.00031291 0.82508 0.0036709
0.036286 0.00055761 0.0003123 0.82427 0.0036726
0.035919 0.00055674 0.00031174 0.82355 0.0036743
0.035548 0.00055586 0.00031116 0.82278 0.0036759
0.035185 0.00055499 0.00031061 0.82211 0.0036777
0.034819 0.00055411 0.00031003 0.82139 0.0036793
0.034462 0.00055325 0.0003095 0.82077 0.0036811
0.034114 0.00055243 0.00030901 0.82009 0.0036828
0.033763 0.00055158 0.0003085 0.81937 0.0036845
0.033408 0.00055071 0.00030796 0.81861 0.0036861
0.033049 0.00054982 0.00030739 0.81779 0.0036876
0.032699 0.00054895 0.00030687 0.81709 0.0036893
0.032346 0.00054806 0.00030632 0.81634 0.0036908
0.031988 0.00054721 0.00030582 0.81551 0.0036923
0.03164 0.00054632 0.00030528 0.81462 0.0036938
0.031301 0.00054547 0.00030479 0.81386 0.0036954
0.030957 0.00054459 0.00030428 0.81303 0.0036969
0.03061 0.00054369 0.00030372 0.81215 0.0036983
0.030272 0.00054281 0.00030322 0.81121 0.0036996
0.029943 0.00054191 0.00030269 0.81039 0.0037011
0.029622 0.00054104 0.00030219 0.80968 0.0037027
0.029297 0.00054014 0.00030167 0.80891 0.0037042
0.02898 0.00053934 0.00029785 0.80778 0.0037058
0.028659 0.0005385 0.00029398 0.80656 0.0037074
0.028346 0.0005377 0.0002902 0.80551 0.003709
0.028029 0.00053693 0.00028653 0.80437 0.0037106
0.027707 0.00053614 0.00028281 0.80316 0.0037121
0.027395 0.00053537 0.00027918 0.8021 0.0037138
0.027078 0.00053458 0.0002755 0.80096 0.0037153
0.026758 0.00053377 0.00027176 0.79975 0.0037168
0.026445 0.00053298 0.00026812 0.79834 0.0037184
0.026167 0.00053222 0.00026457 0.79685 0.00372
0.025885 0.00053144 0.00026097 0.79555 0.0037216
0.025611 0.00053069 0.00025748 0.79403 0.0037232
0.025333 0.00052991 0.00025392 0.79241 0.0037247
0.025052 0.0005291 0.00025031 0.79068 0.0037261
0.024778 0.00052833 0.0002468 0.78916 0.0037277
0.024511 0.00052759 0.00024339 0.78752 0.0037653
0.024252 0.00052688 0.00024006 0.78612 0.0038034
0.023999 0.0005262 0.00023682 0.78488 0.0038419
0.023744 0.00052549 0.00023354 0.78359 0.0038802
0.023494 0.00052481 0.00023033 0.78243 0.0039189
0.023242 0.00052411 0.00022708 0.7812 0.0039575
0.022996 0.00052343 0.0002239 0.7798 0.0039956
0.022747 0.00052273 0.00022068 0.77833 0.0040335
0.022495 0.000522 0.00021742 0.77676 0.0040713
0.02224 0.00052125 0.00021411 0.77538 0.0041094
0.021992 0.00052053 0.00021088 0.77416 0.004148
0.02175 0.00051984 0.00020773 0.7731 0.0041871
0.021513 0.00051917 0.00020466 0.77189 0.0042259
0.021275 0.00051848 0.00020156 0.77062 0.0042647
0.021042 0.00051782 0.00019851 0.76948 0.0043038
0.020807 0.00051713 0.00019544 0.7683 0.0043428
0.020577 0.00051647 0.00019243 0.76722 0.0043821
0.02035 0.00051582 0.00018946 0.76624 0.0044217
0.020123 0.00051519 0.00018655 0.76536 0.0044617
0.019893 0.00051455 0.00018362 0.76444 0.0045015
0.019668 0.00051392 0.00018074 0.76362 0.0045417
0.019448 0.00051328 0.00017783 0.76276 0.0045818
0.019232 0.00051265 0.00017497 0.76197 0.0046221
0.019015 0.00051201 0.00017209 0.76116 0.0046624
0.018801 0.00051139 0.00016925 0.76033 0.0047026
0.018586 0.00051074 0.00016639 0.75958 0.0047432
0.01837 0.00051012 0.00016358 0.75875 0.004784
0.018158 0.00050951 0.00016082 0.75799 0.0048252
0.01795 0.00050892 0.00015809 0.7573 0.0048666
0.017741 0.00050831 0.00015536 0.7566 0.004908
0.017535 0.00050772 0.00015266 0.75596 0.0049496
0.017328 0.00050711 0.00014995 0.75531 0.0049913
0.017121 0.0005065 0.00014722 0.75464 0.0050328
0.016913 0.00050587 0.00014447 0.75395 0.0050743
0.016708 0.00050525 0.00014177 0.75332 0.0051162
0.016503 0.00050462 0.00013904 0.75268 0.0051579
0.016296 0.00050398 0.00013631 0.75211 0.0052
0.016093 0.00050335 0.0001336 0.75159 0.0052423
0.01589 0.00050271 0.00013089 0.75105 0.0052846
0.015685 0.00050205 0.00012815 0.7505 0.0053268
0.015484 0.00050141 0.00012546 0.75001 0.0053693
0.015286 0.00050078 0.0001228 0.74957 0.0054121
0.015091 0.00050017 0.00012018 0.74918 0.0054552
0.014899 0.00049957 0.0001176 0.74885 0.0054987
0.01471 0.00049898 0.00011506 0.74857 0.0055424
0.014521 0.00049838 0.0001125 0.74828 0.005586
0.014334 0.0004978 0.00010998 0.74803 0.00563
0.014147 0.0004972 0.00010744 0.74778 0.0056739
0.013963 0.00049659 0.00010489 0.74751 0.0057178
0.013779 0.000496 0.00010237 0.74722 0.0057616
0.013594 0.00049542 9.9892e-05 0.74692 0.0058053
0.013411 0.00049485 9.7448e-05 0.74668 0.0058494
0.013229 0.00049427 9.4989e-05 0.74642 0.0058934
0.013049 0.00049371 9.2563e-05 0.74621 0.0059377
0.012871 0.00049315 9.0168e-05 0.74604 0.0059823
0.012693 0.00049259 8.7759e-05 0.74592 0.0060272
0.012518 0.00049204 8.5381e-05 0.74585 0.0060724
0.012342 0.00049139 8.6122e-05 0.74576 0.0061175
0.012169 0.00049075 8.6876e-05 0.74572 0.006163
0.011995 0.0004901 8.7618e-05 0.74566 0.0062083
0.011823 0.00048947 8.8374e-05 0.74557 0.0062536
0.011655 0.00048885 8.9146e-05 0.74553 0.0062993
0.01149 0.00048825 8.9935e-05 0.74554 0.0063453
0.011339 0.00048767 9.0748e-05 0.7446 0.0063918
0.011185 0.00048707 9.1541e-05 0.74359 0.0064381
0.01103 0.00048645 9.2312e-05 0.74252 0.0064842
0.010879 0.00048585 9.3106e-05 0.7416 0.0065252
0.010727 0.00048523 9.3887e-05 0.74065 0.006566
0.010577 0.00048463 9.4683e-05 0.73979 0.0066072
0.010427 0.00048402 9.5468e-05 0.7389 0.0066483
0.010279 0.00048342 9.6268e-05 0.73809 0.0066897
0.010133 0.00048283 9.7084e-05 0.73736 0.0067314
0.0099874 0.00048223 9.7888e-05 0.73669 0.0067734
0.0098409 0.00048162 9.8681e-05 0.736 0.0068154
0.0096968 0.00048102 9.9489e-05 0.73537 0.0068576
0.0095523 0.00048041 0.00010029 0.73473 0.0068998
0.0094098 0.00047982 0.0001011 0.73415 0.0069423
0.0092669 0.0004792 0.0001019 0.73355 0.0069847
0.0091261 0.00047861 0.00010271 0.73471 0.0070271
0.0089848 0.00047799 0.00010351 0.73584 0.0070694
0.008843 0.00047737 0.0001043 0.73694 0.0071116
0.0087034 0.00047676 0.00010511 0.73814 0.0071542
0.0085634 0.00047613 0.0001059 0.73932 0.0071967
0.0084255 0.00047552 0.00010671 0.74059 0.0072395
0.0082898 0.00047492 0.00010753 0.74183 0.0072823
0.008156 0.00047434 0.00010837 0.74318 0.0073254
0.0080243 0.00047376 0.00010922 0.74462 0.0073687
0.0078945 0.0004732 0.00011009 0.74617 0.0074123
0.0077667 0.00047265 0.00011097 0.74784 0.0074563
0.0076384 0.00047209 0.00011185 0.74947 0.0075002
0.0075123 0.00047154 0.00011273 0.75124 0.0075444
0.0073856 0.00047098 0.00011361 0.75297 0.0075885
0.007261 0.00047043 0.0001145 0.75483 0.0076329
0.0071358 0.00046989 0.00011541 0.75683 0.0076777
0.0070101 0.00046934 0.0001163 0.75879 0.0077224
0.0068866 0.00046881 0.00011721 0.76091 0.0077674
0.0067623 0.00046826 0.00011811 0.76296 0.0078124
0.0066368 0.00046773 0.00011904 0.76491 0.0078571
0.0065144 0.00046717 0.00011994 0.76711 0.0079024
0.0063904 0.00046664 0.00012087 0.76786 0.0079481
0.0062647 0.00046608 0.00012178 0.76855 0.0079936
0.0061424 0.00046556 0.00012272 0.76936 0.0080397
0.0060187 0.000465 0.00012363 0.7699 0.0080862
0.0058978 0.00046447 0.00012458 0.77052 0.0081332
0.0057757 0.00046392 0.0001255 0.7711 0.0081801
0.0056562 0.00046339 0.00012645 0.77082 0.0082273
0.0055355 0.00046284 0.00012738 0.77051 0.0082744
0.0054177 0.00046231 0.00012834 0.77027 0.008322
0.0052985 0.00046182 0.00012933 0.77 0.0083694
0.005178 0.00046135 0.00013036 0.76981 0.0084173
0.0050558 0.00046085 0.00013137 0.76958 0.008465
0.0049367 0.00046038 0.0001324 0.76828 0.0085132
0.0048161 0.00045988 0.00013341 0.7669 0.0085612
0.0046986 0.00045942 0.00013446 0.76569 0.0086097
0.0045798 0.00045892 0.00013549 0.76462 0.0086588
0.0044597 0.00045841 0.00013648 0.76349 0.0087076
0.0043383 0.00045787 0.00013746 0.76228 0.0087563
0.00422 0.00045736 0.00013847 0.761 0.0088047
0.0041004 0.00045683 0.00013946 0.75964 0.0088529
0.0039793 0.00045627 0.00014042 0.75819 0.0089009
0.0038568 0.00045569 0.00014135 0.75691 0.0089494
0.003733 0.00045508 0.00014226 0.75555 0.0089976
0.0036077 0.0004545 0.00014321 0.7541 0.0090457
0.003481 0.0004539 0.00014413 0.75342 0.0090912
0.0033529 0.00045328 0.00014503 0.75269 0.0091365
0.0032235 0.00045263 0.0001459 0.75192 0.0091816
0.0030925 0.00045196 0.00014675 0.75102 0.0092302
0.0029644 0.00045131 0.00014763 0.75023 0.0092792
0.002835 0.00045064 0.00014849 0.74939 0.009328
0.0028139 0.00044994 0.00014932 0.74851 0.0093767
0.0027926 0.00044923 0.00015014 0.74757 0.0094251
0.002771 0.0004485 0.00015093 0.74658 0.0094734
0.00275 0.00044779 0.00015175 0.74293 0.0095222
0.0027286 0.00044705 0.00015255 0.73909 0.0095708
0.0027078 0.00044634 0.00015338 0.73563 0.0096199
0.0026943 0.00044561 0.00015419 0.73203 0.0096688
0.0026806 0.00044487 0.00015499 0.72832 0.0097177
0.0026669 0.0004441 0.00015577 0.72453 0.0097664
0.0026534 0.00044336 0.00015657 0.721 0.0098155
0.0026398 0.0004426 0.00015736 0.7174 0.0098646
0.0026265 0.00044185 0.00015816 0.71404 0.009914
0.002613 0.00044109 0.00015896 0.7106 0.0099633
0.0025995 0.00044031 0.00015974 0.70708 0.010013
0.0025862 0.00043955 0.00016053 0.70381 0.010062
0.0025733 0.0004388 0.00016136 0.7003 0.010112
0.0025602 0.00043804 0.00016216 0.6967 0.010161
0.0025474 0.0004373 0.00016299 0.69337 0.010211
0.0025348 0.00043656 0.00016384 0.69028 0.010261
0.0025222 0.00043582 0.00016468 0.68712 0.010311
0.0025098 0.00043508 0.00016554 0.68418 0.010362
0.0024981 0.00043437 0.00016641 0.68119 0.010412
0.0024867 0.00043366 0.00016731 0.67839 0.010463
0.0024751 0.00043294 0.00016819 0.67554 0.010514
0.0024638 0.00043223 0.0001691 0.67287 0.010565
0.0024524 0.00043151 0.00016999 0.67015 0.010616
0.0024413 0.0004308 0.0001709 0.66763 0.010667
0.00243 0.00043011 0.00017184 0.66504 0.010718
0.0024187 0.0004294 0.00017276 0.66238 0.010769
0.0024076 0.00042871 0.0001737 0.65992 0.010821
0.0023964 0.000428 0.00017463 0.65739 0.010872
0.002385 0.00042728 0.00017555 0.65479 0.010924
0.0023736 0.00042655 0.00017645 0.65212 0.010975
0.0023625 0.00042583 0.00017737 0.64014 0.011027
0.0023512 0.00042509 0.00017829 0.6279 0.011079
0.0023399 0.00042434 0.00017918 0.61537 0.01113
0.0023288 0.00042361 0.0001801 0.60373 0.011182
0.002318 0.00042288 0.00018104 0.5929 0.011234
0.002307 0.00042215 0.00018197 0.58186 0.011287
0.0022963 0.00042143 0.00018292 0.57174 0.011331
0.0022855 0.00042069 0.00018386 0.56141 0.011375
0.0022747 0.00041994 0.00018479 0.5509 0.011419
0.002264 0.00041921 0.00018573 0.54106 0.011464
0.0022533 0.00041846 0.00018667 0.53102 0.011508
0.0022425 0.0004177 0.00018759 0.52077 0.011552
0.0022316 0.00041692 0.0001885 0.51033 0.011596
0.002221 0.00041616 0.00018943 0.50057 0.011641
0.0022105 0.00041541 0.00019038 0.49148 0.011686
0.0022003 0.00041467 0.00019136 0.48298 0.011683
0.0021899 0.00041392 0.00019232 0.47431 0.011681
0.0021795 0.00041315 0.00019326 0.46545 0.011678
0.0021693 0.00041238 0.0001942 0.45304 0.011675
0.0021593 0.00041161 0.00019515 0.44149 0.011673
0.0021495 0.00041086 0.00019613 0.43069 0.011671
0.0021399 0.00041009 0.00019709 0.41968 0.011669
0.0021306 0.00040933 0.00019808 0.40944 0.011667
0.0021214 0.00040859 0.00019909 0.39991 0.011665
0.0021121 0.00040784 0.00020009 0.3902 0.011662
0.0021028 0.0004071 0.00020111 0.38117 0.011661
0.0020936 0.00040636 0.00020216 0.37271 0.011659
0.0020843 0.00040562 0.00020319 0.36481 0.011603
0.0020753 0.00040489 0.00020424 0.32608 0.011547
0.0020664 0.00040417 0.00020531 0.28982 0.011492
0.0020577 0.00040346 0.00020641 0.25606 0.011438
0.002049 0.00040274 0.0002075 0.2216 0.011383
0.0020401 0.000402 0.00020857 0.18645 0.011328
0.0020313 0.00040125 0.00020963 0.18238 0.011273
0.0020225 0.00040052 0.00021071 0.1786 0.011218
0.002014 0.00039979 0.00021182 0.17505 0.011164
0.0020054 0.00039905 0.00021291 0.17144 0.01111
0.0019967 0.0003983 0.00021399 0.16775 0.011056
0.0019883 0.00039756 0.00021509 0.16431 0.011002
0.0019799 0.00039683 0.00021622 0.1611 0.010948
0.0019716 0.00039609 0.00021733 0.15782 0.010894
0.0019631 0.00039534 0.00021843 0.15449 0.010841
0.0019546 0.00039457 0.00021952 0.15109 0.010787
0.001946 0.00039379 0.00022059 0.14738 0.010734
0.0019376 0.00039302 0.00022169 0.14395 0.010681
0.0019291 0.00039224 0.00022277 0.14083 0.010628
0.0019205 0.00039143 0.00022382 0.13801 0.010576
0.0019116 0.0003906 0.00022485 0.13507 0.010524
0.0019027 0.00038975 0.00022585 0.13201 0.010472
0.001894 0.00038892 0.00022689 0.1292 0.01042
0.0018855 0.00038807 0.00022791 0.12631 0.010368
0.0018772 0.00038721 0.00022891 0.12365 0.010317
0.0018688 0.00038633 0.0002299 0.12093 0.010266
0.0018604 0.00038545 0.00023088 0.11816 0.010214
0.0018521 0.00038457 0.00023188 0.11557 0.010163
0.001844 0.0003837 0.0002329 0.11315 0.010112
0.0018361 0.00038284 0.00023395 0.11088 0.010061
0.0018281 0.000382 0.00023502 0.10846 0.010011
0.00182 0.00038114 0.00023607 0.10598 0.00996
0.0018121 0.00038029 0.00023715 0.10368 0.0099097
0.0018041 0.00037943 0.00023822 0.10134 0.0098594
0.0017963 0.00037858 0.00023932 0.099153 0.0098094
0.0017887 0.00037774 0.00024044 0.097123 0.0097598
0.0017812 0.00037692 0.00024158 0.095249 0.0097101
0.0017737 0.00037608 0.00024271 0.093335 0.0096604
0.0017663 0.00037525 0.00024387 0.091555 0.009611
0.0017589 0.00037441 0.00024501 0.089659 0.0095616
0.0017516 0.00037358 0.00024618 0.087885 0.0095125
0.0017445 0.00037276 0.00024737 0.086227 0.0094637
0.0017373 0.00037193 0.00024855 0.084537 0.0094148
0.0017303 0.00037111 0.00024975 0.082957 0.0093663
0.0017234 0.0003703 0.00025099 0.081489 0.0093182
0.0017165 0.00036947 0.0002522 0.079991 0.00927
0.0017097 0.00036866 0.00025345 0.078601 0.0092221
0.0017031 0.00036786 0.00025473 0.077311 0.0091746
0.0016964 0.00036708 0.00025603 0.075085 0.0091275
0.0016897 0.00036627 0.00025732 0.072809 0.0090802
0.0016829 0.00036546 0.00025859 0.070484 0.009033
0.0016762 0.00036466 0.0002599 0.068322 0.008986
0.0016695 0.00036384 0.00026119 0.066118 0.008939
0.0016629 0.00036304 0.0002625 0.064056 0.0088923
0.0016563 0.00036222 0.00026381 0.063954 0.0088456
0.0016498 0.00036141 0.00026514 0.063876 0.0087992
0.0016433 0.00036059 0.00026645 0.063789 0.0087527
0.0016369 0.00035978 0.00026779 0.06373 0.0087062
0.0016304 0.00035896 0.00026912 0.063662 0.0086596
0.0016241 0.00035815 0.00027048 0.06362 0.0086134
0.0016178 0.00035732 0.00027182 0.06357 0.0085671
0.0016114 0.00035649 0.00027315 0.063547 0.0085211
0.0016049 0.00035564 0.00027447 0.063516 0.0084751
0.0015983 0.00035477 0.00027577 0.063477 0.008429
0.0015917 0.0003539 0.00027706 0.063429 0.0083828
0.0015853 0.00035303 0.00027837 0.063404 0.008337
0.0015789 0.00035218 0.00027971 0.063402 0.0082915
0.0015726 0.00035131 0.00028104 0.063393 0.0082459
0.0015661 0.00035043 0.00028236 0.063375 0.0082002
0.0015596 0.00034954 0.00028366 0.063349 0.0081545
0.0015531 0.00034863 0.00028495 0.063315 0.0081088
0.0015467 0.00034773 0.00028626 0.063306 0.0080634
0.0015402 0.00034683 0.00028757 0.063319 0.0080182
0.0015337 0.00034591 0.00028885 0.063325 0.0079731
0.0015271 0.00034497 0.00029013 0.063321 0.0079278
0.0015208 0.00034405 0.00029143 0.063343 0.0078829
0.0015146 0.00034314 0.00029277 0.063394 0.0078384
0.0015087 0.00034225 0.00029415 0.063477 0.0077942
0.0015026 0.00034134 0.00029551 0.063545 0.00775
0.0014968 0.00034045 0.00029692 0.063648 0.0077061
0.0014908 0.00033954 0.00029829 0.063737 0.0076622
0.0014851 0.00033865 0.00029972 0.06386 0.0076186
0.0014795 0.00033778 0.00030119 0.063488 0.0075755
0.0014742 0.00033693 0.00030271 0.063163 0.0075328
0.0014687 0.00033605 0.00030419 0.062813 0.00749
0.0014635 0.0003352 0.00030573 0.062513 0.0074475
0.0014577 0.00033433 0.00030724 0.062191 0.007405
0.0014522 0.00033347 0.00030881 0.061935 0.0073576
0.0014468 0.00033264 0.00031041 0.061715 0.0073107
0.0014415 0.00033181 0.00031206 0.061527 0.0072641
0.0014363 0.00033097 0.00031369 0.061329 0.0072175
0.0014309 0.00033014 0.00031535 0.061158 0.0071712
0.0014257 0.00032933 0.00031705 0.061015 0.0071252
0.0014206 0.00032852 0.00031879 0.060864 0.0070792
0.0014154 0.0003277 0.00032051 0.060704 0.0070331
0.0014102 0.00032687 0.00032221 0.060536 0.006987
0.001405 0.00032603 0.0003239 0.060394 0.0069412
0.0013998 0.0003252 0.00032563 0.060278 0.0068957
0.0013948 0.00032437 0.00032739 0.059867 0.0068855
0.00139 0.00032356 0.00032918 0.059493 0.0068754
0.0013851 0.00032274 0.00033097 0.059109 0.0068653
0.0013801 0.0003219 0.00033274 0.058714 0.0068551
0.0013751 0.00032107 0.00033454 0.058308 0.0068449
0.0013702 0.00032025 0.00033637 0.057934 0.0068348
0.0013652 0.00031942 0.00033819 0.05755 0.0068247
0.0013602 0.00031857 0.00034 0.057154 0.0068146
0.0013553 0.00031774 0.00034184 0.056794 0.0068045
0.0013505 0.00031692 0.00034372 0.056473 0.0067946
0.001346 0.00031608 0.00034557 0.055287 0.0067849
0.0013413 0.00031521 0.00034738 0.054029 0.0067751
0.0013368 0.00031436 0.00034925 0.0529 0.0067654
0.0013326 0.00031354 0.00035119 0.051703 0.0067557
0.0013282 0.00031269 0.00035309 0.050434 0.0067459
0.0013237 0.00031182 0.00035495 0.049096 0.0067359
0.0013194 0.00031098 0.00035687 0.047897 0.0067262
0.0013153 0.00031015 0.00035886 0.046818 0.0067166
0.0013113 0.00030934 0.0003609 0.04568 0.0067069
0.0013075 0.00030854 0.000363 0.044633 0.0066974
0.0013037 0.00030773 0.00036507 0.043664 0.006688
0.0012999 0.00030692 0.00036718 0.042765 0.0066787
0.0012961 0.00030611 0.00036927 0.04184 0.0066694
0.0012922 0.00030528 0.00037134 0.04089 0.00666
0.0012883 0.00030443 0.00037339 0.039917 0.0066506
0.0012843 0.00030357 0.00037543 0.038923 0.0066411
0.0012804 0.00030273 0.0003775 0.037994 0.0066318
0.0012766 0.00030189 0.00037962 0.037136 0.0066226
0.001273 0.00030106 0.00038177 0.036334 0.0066134
0.0012693 0.00030021 0.00038391 0.035514 0.0066043
0.0012657 0.00029938 0.00038609 0.034753 0.0065952
0.0012622 0.00029856 0.00038831 0.034046 0.0065863
0.0012589 0.00029774 0.00039058 0.033391 0.0065774
0.0012554 0.00029692 0.00039283 0.032722 0.0065686
0.001252 0.00029608 0.00039506 0.032038 0.0065597
0.0012486 0.00029525 0.00039734 0.031404 0.0065509
0.0012454 0.00029443 0.00039966 0.030817 0.0065423
0.0012421 0.0002936 0.00040197 0.030273 0.0065337
0.0012388 0.00029275 0.00040425 0.029716 0.0065251
0.0012354 0.0002919 0.00040652 0.029199 0.0065166
0.0012321 0.00029105 0.00040883 0.026635 0.0065082
0.0012287 0.00029018 0.00041112 0.026373 0.0064998
0.0012255 0.00028933 0.00041346 0.026136 0.0064915
0.0012224 0.00028846 0.00041578 0.02592 0.0064833
0.0012194 0.00028761 0.00041814 0.025728 0.0064752
0.0012165 0.00028676 0.00042056 0.025557 0.0064673
0.0012137 0.00028593 0.00042303 0.025408 0.0064594
0.0012111 0.0002851 0.00042555 0.025281 0.0064517
0.0012086 0.0002843 0.00042815 0.025178 0.0064442
0.0012063 0.00028351 0.00043081 0.025097 0.0064367
0.0012041 0.00028273 0.00043353 0.025035 0.0064294
0.001202 0.00028196 0.00043631 0.024993 0.0064223
0.0011999 0.00028118 0.00043906 0.024942 0.006415
0.0011979 0.00028041 0.00044188 0.024911 0.0064079
0.0011958 0.00027963 0.00044467 0.02487 0.0064008
0.0011939 0.00027886 0.00044752 0.02485 0.0063938
0.0011921 0.00027811 0.00045046 0.024855 0.0063868
0.0011902 0.00027734 0.00045336 0.024847 0.0063797
0.0011885 0.00027658 0.00045633 0.024818 0.0063726
0.0011867 0.00027581 0.00045928 0.024779 0.0063654
0.0011851 0.00027505 0.00046228 0.024759 0.0063584
0.0011833 0.00027427 0.00046526 0.024758 0.0063514
0.0011817 0.00027351 0.00046831 0.024299 0.0063446
0.0011802 0.00027276 0.00047142 0.02388 0.006338
0.0011789 0.00027202 0.00047459 0.023495 0.0063314
0.0011776 0.00027129 0.00047782 0.023142 0.006325
0.0011765 0.00027057 0.00048112 0.022818 0.0063187
0.0011755 0.00026989 0.00048004 0.022522 0.0063125
0.0011744 0.0002692 0.00047894 0.022215 0.0063062
0.0011735 0.00026851 0.00047789 0.021935 0.0063001
0.0011726 0.00026784 0.00047687 0.021682 0.0062941
0.0011717 0.00026715 0.00047584 0.021419 0.006288
0.001171 0.00026648 0.00047485 0.021182 0.006282
0.0011 0.00021148 0.00040941 0.0065493 0.0059216
0.0010982 0.00021032 0.00040817 0.0062598 0.0059155
0.0010965 0.00020917 0.000407 0.0060052 0.0059096
0.0010948 0.00020801 0.00040579 0.0057318 0.0059036
0.0010932 0.00020687 0.00040464 0.0054915 0.0058977
0.0010918 0.00020574 0.00040354 0.0052783 0.005892
0.0010906 0.00020462 0.0004025 0.0050897 0.0058865
0.0010893 0.00020349 0.00040142 0.0048877 0.0058808
0.0010881 0.00020237 0.0004004 0.0047108 0.0058754
0.0010871 0.00020127 0.00039944 0.0045566 0.0058701
0.0010862 0.00020019 0.00039854 0.0043871 0.0058647
0.0010856 0.00019913 0.00039769 0.0042377 0.0058595
0.0010743 0.00019804 0.00039679 0.0041079 0.0058544
0.0010634 0.00019697 0.00039596 0.0039942 0.0058495
0.0010528 0.00019591 0.00039517 0.0038953 0.0058447
0.001042 0.00019483 0.00039435 0.0037877 0.0058398
0.0010315 0.00019377 0.00039359 0.0037027 0.0058336
0.0010213 0.00019273 0.00039288 0.003631 0.0058275
0.0010114 0.0001917 0.00039223 0.0035718 0.0058216
0.0010014 0.00019069 0.00039164 0.0035241 0.0058159
0.00099168 0.00018966 0.00039101 0.0034689 0.00581
0.00098225 0.00018861 0.00039035 0.0033992 0.0058041
0.00097311 0.00018758 0.00038974 0.0033415 0.0057984
0.00096423 0.00018657 0.00038919 0.003294 0.0057928
0.0009552 0.00018553 0.0003886 0.0032331 0.0057873
0.00094645 0.00018447 0.00038798 0.0031852 0.0057818
0.00093795 0.00018342 0.0003874 0.0031468 0.0057764
0.0009293 0.00018236 0.0003868 0.0031022 0.005771
0.00092051 0.00018127 0.00038616 0.0030513 0.0057655
0.00091199 0.00018017 0.00038548 0.0030146 0.0057585
0.00090374 0.00017908 0.00038486 0.0029874 0.0057517
0.00089533 0.00017797 0.00038421 0.0029534 0.0057449
0.00088718 0.00017687 0.00038361 0.0029287 0.0057382
0.0008793 0.00017576 0.00038298 0.0028976 0.0057314
0.00087167 0.00017466 0.0003824 0.0028757 0.0057248
0.00086429 0.00017354 0.00038179 0.0028626 0.0057183
0.00085676 0.0001724 0.00038114 0.0028433 0.0057118
0.00084948 0.00017128 0.00038054 0.0028328 0.0057054
0.00084206 0.00017014 0.00037992 0.0028168 0.0056989
0.00083451 0.00016898 0.00037926 0.0026838 0.0056926
0.00082718 0.00016783 0.00037866 0.0025662 0.0056865
0.00081972 0.00016667 0.00037802 0.0024396 0.0056803
0.00081211 0.00016548 0.00037735 0.0023289 0.0056742
0.00080474 0.00016431 0.00037674 0.0022325 0.0056683
0.00079762 0.00016312 0.00037609 0.0021268 0.0056623
0.0007907 0.00016194 0.00037549 0.0020335 0.0056565
0.00078399 0.00016078 0.00037493 0.0019516 0.0056508
0.00077749 0.00015963 0.00037443 0.0018798 0.0056453
0.00077118 0.0001585 0.00037398 0.0017941 0.0056396
0.00076508 0.00015743 0.00037001 0.0017197 0.0056342
0.00075919 0.00015638 0.00036616 0.0016555 0.0056289
0.00075348 0.00015534 0.00036241 0.0015998 0.0056237
0.00074765 0.00015428 0.0003586 0.0015367 0.0056151
0.00074201 0.0001532 0.00035473 0.0014676 0.0056065
0.00073656 0.00015214 0.00035098 0.0014079 0.0055979
0.00073131 0.00015109 0.00034732 0.0013611 0.0055893
0.00072624 0.00015005 0.00034377 0.0013217 0.0055809
0.00072135 0.00014903 0.00034031 0.001168 0.0055725
0.00071662 0.00014803 0.00033694 0.0010323 0.0055643
0.00071206 0.00014703 0.00033366 0.00091091 0.0055562
0.00070767 0.00014605 0.00033047 0.00083993 0.0055481
0.00070317 0.00014505 0.00032723 0.00075998 0.0055401
0.00069856 0.00014403 0.00032394 0.00067391 0.005532
0.00069411 0.00014302 0.00032074 0.00062555 0.0055238
0.00068955 0.000142 0.00031749 0.00057278 0.0055156
0.00068515 0.00014098 0.00031432 0.00052542 0.0055075
0.00068091 0.00013998 0.00031124 0.0004855 0.0054993
0.00067681 0.00013899 0.00030824 0.00045004 0.0054913
0.00067287 0.00013801 0.00030531 0.00041855 0.0054834
0.00066908 0.00013705 0.00030246 0.00039066 0.0054757
0.00066542 0.00013609 0.00029969 0.00036574 0.0054681
0.00066189 0.00013514 0.00029698 0.00034356 0.0054607
0.0006585 0.00013418 0.00029423 0.00032407 0.0054534
0.00065527 0.00013323 0.00029156 0.0003074 0.0054463
0.00065219 0.00013225 0.00028884 0.00028789 0.0054391
0.00064926 0.0001313 0.00028621 0.00027154 0.0054321
0.00064647 0.00013035 0.00028365 0.00025244 0.005425
0.00064382 0.00012942 0.00028116 0.00022838 0.005418
0.0006413 0.00012847 0.00027863 0.00020142 0.005411
0.0006389 0.00012752 0.00027618 0.00017712 0.0054041
0.00063643 0.00012657 0.00027368 0.00015018 0.0053972
0.00063407 0.00012562 0.00027125 0.00012541 0.0053904
0.00063162 0.00012465 0.00026879 9.7888e-05 0.0053835
0.0006293 0.0001237 0.00026638 7.2658e-05 0.0053767
0.00062711 0.00012275 0.00026405 4.9493e-05 0.0053702
0.00062482 0.00012179 0.00026168 5.0073e-05 0.0053635
0.00062243 0.00012081 0.00025926 6.6301e-05 0.0053567
0.00062019 0.00011984 0.00025692 8.3973e-05 0.0053501
0.00061785 0.00011886 0.00025454 0.00010337 0.0053437
0.00061543 0.00011785 0.00025212 0.00012484 0.0053374
0.00059892 0.00011071 0.00023555 0.00026676 0.0052944
0.00059664 0.00010968 0.00023324 0.00028639 0.0052884
0.00059448 0.00010866 0.000231 0.00030908 0.0052825
0.00059246 0.00010765 0.00022882 0.00033503 0.0052768
0.00059056 0.00010665 0.0002267 0.00036461 0.0052713
0.0005888 0.00010566 0.00022465 0.00039827 0.0052659
0.00058716 0.00010469 0.00022266 0.00043606 0.0052607
0.00058543 0.00010588 0.00021999 0.00047277 0.0052554
0.0005836 0.00010709 0.0002174 0.00050841 0.0052499
0.0005006 0.00014935 0.00011363 0.0010442 0.0050343
0.00049806 0.00015023 0.00011091 0.0010354 0.0050288
0.00049563 0.00015111 0.00010826 0.0010256 0.0050234
0.00049331 0.00015201 0.00010568 0.0010148 0.0050179
0.0004909 0.00015289 0.00010305 0.0010028 0.0050124
0.00048862 0.00015363 0.00010327 0.00098982 0.0050069
0.00048646 0.00015439 0.00010352 0.00097573 0.0050014
0.00048428 0.00015513 0.00010374 0.00095754 0.0049958
0.00048209 0.00015588 0.00010398 0.00094368 0.0049904
0.00047987 0.00015665 0.00010425 0.00093397 0.0049851
0.00047763 0.0001574 0.00010451 0.0009203 0.0049797
0.00047537 0.00015815 0.00010477 0.00091117 0.0049745
0.0004731 0.00015888 0.00010502 0.00089701 0.0049691
0.00047975 0.0001596 0.00010525 0.00087884 0.0049637
0.0004866 0.00016033 0.0001055 0.00086526 0.0049585
0.00049369 0.00016108 0.00010578 0.00085609 0.0049534
0.00050065 0.0001618 0.00010604 0.00079058 0.0049484
0.00050781 0.00016254 0.00010632 0.0007171 0.0049434
0.0005371 0.00016537 0.00010733 0.00053801 0.0049229
0.0005446 0.00016607 0.0001076 0.00037938 0.0049179
0.00055231 0.00016676 0.00010784 0.0003606 0.0049129
0.00055989 0.00016743 0.00010807 0.00034445 0.0049079
0.00056734 0.00016808 0.00010828 0.0003254 0.0049029
0.00057467 0.00016871 0.00010846 0.00030916 0.0048981
0.00058185 0.00016935 0.00010868 0.00028983 0.0048931
0.00058889 0.00016998 0.00010887 0.00026736 0.0048881
0.00059614 0.00017062 0.00010908 0.00024772 0.0048832
0.00060362 0.00017127 0.00010932 0.0002306 0.0048785
0.00061133 0.00017194 0.00010959 0.00021575 0.0048739
0.00061927 0.00017262 0.00010988 0.00024212 0.0048693
0.00062745 0.00017331 0.0001102 0.00027182 0.0048648
0.00063588 0.00017402 0.00011054 0.0003053 0.0048604
0.00064455 0.00017475 0.00011092 0.00034305 0.0048562
0.00080429 0.00018674 0.00011662 0.00136 0.0047737
0.0008128 0.00018731 0.00011689 0.001411 0.0047694
0.00082117 0.00018786 0.00011714 0.0014568 0.0047651
0.00088117 0.00019163 0.00011897 0.0012887 0.0047359
0.00088995 0.00019216 0.00011924 0.001267 0.0047319
0.00089858 0.00019267 0.00011949 0.001241 0.0047277
0.00090748 0.00019319 0.00011976 0.0012209 0.0047238
0.00091666 0.00019373 0.00012006 0.0012065 0.0047199
0.00092613 0.00019428 0.00012039 0.0011975 0.0047162
0.00093589 0.00019481 0.0001207 0.0011931 0.0047126
0.0009455 0.00019532 0.00012098 0.0011849 0.004709
0.00095495 0.00019581 0.00012125 0.0011926 0.0047053
0.0010516 0.00020049 0.00012388 0.0012956 0.004667
0.0010612 0.00020091 0.00012411 0.0013 0.0046631
0.0010708 0.00020132 0.00012434 0.0013034 0.0046592
0.0010803 0.00020173 0.00012456 0.0013057 0.0046554
0.0010899 0.00020213 0.00012478 0.0013069 0.0046515
0.0010994 0.00020252 0.00012499 0.0013071 0.0046476
0.001109 0.0002029 0.00012519 0.0013062 0.0046437
0.0011185 0.00020327 0.00012539 0.0013042 0.0046398
0.001128 0.00020363 0.00012559 0.0013012 0.0046359
0.0011375 0.00020399 0.00012578 0.0012971 0.004632
0.0011468 0.00020436 0.00012599 0.0012785 0.0046283
0.0011564 0.00020475 0.00012624 0.0011791 0.0046246
0.0011663 0.00020515 0.00012651 0.0010916 0.0046212
0.001176 0.00020553 0.00012676 0.0010146 0.0046178
0.001186 0.00020593 0.00012704 0.00094705 0.0046146
0.0011964 0.00020631 0.00012729 0.00088741 0.0046115
0.0012066 0.0002067 0.00012757 0.00083535 0.0046086
0.001217 0.00020707 0.00012783 0.00077836 0.0046056
0.0012278 0.00020746 0.00012812 0.00071627 0.0046025
0.0012389 0.00020786 0.00012843 0.00066202 0.0045995
0.0012498 0.00020824 0.00012872 0.00060216 0.0045965
0.0012611 0.00020863 0.00012904 0.00053599 0.0045934
0.0012727 0.00020901 0.00012933 0.00047747 0.0045904
0.0012841 0.00021188 0.00012899 0.00042581 0.0045876
0.0012959 0.00021477 0.00012867 0.00037955 0.0045849
0.001308 0.00021495 0.00012857 0.00033857 0.0045823
0.0013205 0.00021515 0.0001285 0.00029299 0.0045797
0.0013334 0.00021536 0.00012845 0.00025196 0.0045771
0.0013466 0.00021558 0.00012842 0.00021497 0.0045747
0.0013602 0.00021582 0.00012842 0.00018153 0.0045725
0.0013741 0.00021607 0.00012845 0.00015121 0.0045703
0.0013879 0.00021631 0.00012845 0.00016052 0.0045681
0.001402 0.00021655 0.00012849 0.00017145 0.004566
0.0014166 0.00021682 0.00012855 0.00018406 0.004564
0.0014316 0.00021709 0.00012863 0.00019828 0.0045622
0.001447 0.00021739 0.00012874 0.00021428 0.0045605
0.0014628 0.00021769 0.00012887 0.00023225 0.0045589
0.001479 0.00021801 0.00012903 0.00025242 0.0045574
0.001495 0.00021831 0.00012917 0.00026985 0.0045559
0.0015107 0.0002187 0.00012756 0.00028993 0.0045545
0.0015129 0.0002191 0.000126 0.00031259 0.0045532
0.0015153 0.00021952 0.00012448 0.00033845 0.0045521
0.0015175 0.00021995 0.000123 0.00036751 0.0045511
0.0015199 0.00022039 0.00012155 0.00040014 0.0045502
0.0015225 0.00022085 0.00012015 0.00043679 0.0045494
0.001525 0.00022129 0.00011872 0.00046959 0.0045485
0.0015277 0.00022175 0.00011733 0.00050707 0.0045478
0.0015307 0.00022222 0.00011599 0.0005498 0.0045472
0.0015335 0.00022267 0.00011461 0.00059842 0.0045467
0.0015375 0.00022314 0.00011328 0.00059825 0.0045464
0.0015413 0.00022363 0.00011199 0.00061802 0.004546
0.0015453 0.00022413 0.00011073 0.00059443 0.0045457
0.0015492 0.00022461 0.00010945 0.00056702 0.0045453
0.0015534 0.00022511 0.00010821 0.00054379 0.0045451
0.0015577 0.00022562 0.000107 0.00052441 0.004545
0.0015624 0.00022616 0.00010583 0.00049808 0.0045448
0.0015672 0.00022671 0.0001047 0.00046827 0.0045446
0.0015719 0.00022727 0.0001036 0.00044214 0.0045445
0.0015768 0.00022785 0.00010253 0.00041935 0.0045445
0.0015819 0.00022845 0.00010149 0.00039996 0.0045446
0.0015873 0.00022906 0.00010048 0.00038335 0.0045448
0.0015929 0.00022965 9.9452e-05 0.00036377 0.004545
0.0015988 0.00023025 9.8455e-05 0.00034718 0.0045453
0.001605 0.00023088 9.749e-05 0.00032494 0.0045456
0.001611 0.00023148 9.6502e-05 0.00030579 0.004546
0.0016168 0.00023207 9.5489e-05 0.00028938 0.0045465
0.0016229 0.00023267 9.4509e-05 0.00027546 0.0045471
0.0016293 0.00023329 9.3557e-05 0.00026357 0.0045478
0.0016359 0.00023392 9.2634e-05 0.00025356 0.0045487
0.0016324 0.00023453 9.1684e-05 0.00023872 0.0045495
0.001629 0.00023515 9.0762e-05 0.00022579 0.0045504
0.0016255 0.00023575 8.9818e-05 0.00021461 0.0045515
0.0016223 0.00023638 8.8905e-05 0.00020078 0.0045525
0.0016193 0.00023701 8.8019e-05 0.00018863 0.0045535
0.0016162 0.00023763 8.7111e-05 0.00017405 0.0045546
0.0015863 0.00024747 7.3295e-05 0.00018621 0.0045809
0.0015847 0.00024807 7.2453e-05 0.0001841 0.0045829
0.0015829 0.00024869 7.1639e-05 0.00018335 0.004585
0.0015814 0.00024933 7.085e-05 0.00018396 0.0045873
0.0015801 0.00024999 7.0087e-05 0.00018593 0.0045897
0.001579 0.00025066 6.9349e-05 0.00018928 0.0045922
0.0015781 0.00025131 6.859e-05 0.00019407 0.0045949
0.0015774 0.00025199 6.7855e-05 0.0002004 0.0045977
0.0015769 0.00025267 6.7142e-05 0.00020813 0.0046006
0.0015763 0.00025334 6.6408e-05 0.00021338 0.0046035
0.0015759 0.00025402 6.5696e-05 0.00022003 0.0046065
0.0015757 0.00025472 6.5005e-05 0.00022817 0.0046096
0.0015757 0.00025544 6.4334e-05 0.0002379 0.0046128
0.0015759 0.00025614 6.3645e-05 0.0002452 0.004616
0.0015762 0.00025685 6.2976e-05 0.00025416 0.0046193
0.0015765 0.00025754 6.2287e-05 0.00026049 0.0046225
0.0015769 0.00025821 6.1579e-05 0.00026439 0.0046256
0.0015776 0.0002589 6.0894e-05 0.00027143 0.0046286
0.0015781 0.00025918 6.1698e-05 0.00028026 0.0046318
0.0015786 0.00025944 6.2484e-05 0.00028664 0.0046349
0.0015791 0.00025972 6.3287e-05 0.00029441 0.0046381
0.0015796 0.00025997 6.4073e-05 0.00029989 0.0046413
0.0015803 0.00026024 6.488e-05 0.00030696 0.0046446
0.0015811 0.00026049 6.5668e-05 0.00031571 0.004648
0.0015821 0.00026076 6.6477e-05 0.00032619 0.0046515
0.001583 0.000261 6.7268e-05 0.00033432 0.0046549
0.0015838 0.00026123 6.8042e-05 0.00034005 0.0046583
0.0015848 0.00026148 6.8839e-05 0.00034801 0.0046618
0.0015861 0.00026174 6.9663e-05 0.00035293 0.0046652
0.0015875 0.00026202 7.051e-05 0.00035996 0.0046688
0.0015888 0.00026228 7.1335e-05 0.00036223 0.0046722
0.0015903 0.00026256 7.2188e-05 0.00036748 0.0046759
0.001592 0.00026285 7.3065e-05 0.00037489 0.0046796
0.0015939 0.00026316 7.3967e-05 0.00038458 0.0046835
0.0015957 0.00026345 7.4849e-05 0.00039113 0.0046873
0.0015977 0.00026376 7.5758e-05 0.00040028 0.0046912
0.0015996 0.00026409 7.6697e-05 0.00041232 0.0046953
0.0016013 0.0002644 7.7614e-05 0.00042152 0.0046993
0.0016032 0.00026472 7.8555e-05 0.00043305 0.0047034
0.001605 0.00026503 7.9476e-05 0.00044168 0.0047074
0.0016067 0.00026531 8.0375e-05 0.0004475 0.0047114
0.0016083 0.00026557 8.1253e-05 0.00045054 0.0047153
0.00161 0.00026581 8.2111e-05 0.00045602 0.0047193
0.0015977 0.00026607 8.2992e-05 0.00045829 0.0047233
0.0015854 0.00026632 8.3859e-05 0.00045849 0.0047272
0.0015733 0.00026657 8.4743e-05 0.00046015 0.0047312
0.0015614 0.00026683 8.5643e-05 0.000463 0.0047353
0.0015497 0.0002671 8.6557e-05 0.00046705 0.0047395
0.0015382 0.00026737 8.7487e-05 0.00047233 0.0047437
0.0015267 0.00026763 8.8404e-05 0.00047559 0.0047479
0.0015153 0.0002679 8.9337e-05 0.00048009 0.0047522
0.0015039 0.00026816 9.0257e-05 0.00048268 0.0047565
0.0014926 0.00026842 9.1193e-05 0.00048656 0.0047609
0.0014816 0.0002687 9.2144e-05 0.00049154 0.0047653
0.0014705 0.00026895 9.3083e-05 0.00049474 0.0047697
0.0014595 0.00026922 9.4038e-05 0.00049923 0.0047742
0.0014486 0.00026947 9.4982e-05 0.00050191 0.0047786
0.0014378 0.00026971 9.5912e-05 0.00050606 0.0047832
0.0014272 0.00026996 9.6862e-05 0.0005119 0.0047878
0.0014169 0.00027023 9.7833e-05 0.00050988 0.0047925
0.0014068 0.0002705 9.8825e-05 0.00050952 0.0047974
0.0013966 0.00027075 9.9802e-05 0.00050703 0.0048022
0.0013863 0.000271 0.00010076 0.00050224 0.0048069
0.0013759 0.00027122 0.0001017 0.00049488 0.0048116
0.0013653 0.00027142 0.00010262 0.00048267 0.0048164
0.001355 0.00027161 0.00010352 0.00047294 0.0048213
0.001345 0.00027177 0.0001044 0.00046539 0.0048263
0.0013348 0.00027191 0.00010526 0.00045508 0.0048313
0.0013249 0.00027207 0.00010614 0.00044696 0.0048364
0.0013152 0.00027224 0.00010705 0.0004362 0.0048414
0.0013058 0.00027243 0.00010799 0.00037696 0.0048465
0.0012967 0.00027263 0.00010895 0.00032248 0.0048518
0.0012874 0.00027281 0.00010989 0.00026429 0.004857
0.001278 0.00027298 0.00011082 0.00027149 0.0048622
0.0012689 0.00027316 0.00011177 0.00027981 0.0048674
0.0012596 0.00027332 0.0001127 0.00028604 0.0048726
0.0012506 0.00027349 0.00011365 0.00029365 0.004878
0.0012414 0.00027365 0.00011459 0.00029912 0.0048832
0.0012321 0.00027379 0.0001155 0.00030639 0.0048886
0.001223 0.00027394 0.00011645 0.00031553 0.0048941
0.0012142 0.00027408 0.00011737 0.00032238 0.0048996
0.0012057 0.00027423 0.00011832 0.00033172 0.0049019
0.0011973 0.00027439 0.0001193 0.00034238 0.0049042
0.0011889 0.00027454 0.00012026 0.00035123 0.0049065
0.0011806 0.00027469 0.00012124 0.00036115 0.0049089
0.0011725 0.00027486 0.00012223 0.00037215 0.0049114
0.0011645 0.00027503 0.00012325 0.0003843 0.004914
0.0011565 0.00027519 0.00012425 0.00055251 0.0049165
0.0011484 0.00027533 0.00012524 0.00071583 0.004919
0.0011404 0.00027549 0.00012625 0.00089008 0.0049216
0.0011324 0.00027562 0.00012724 0.0010505 0.0049242
0.0011243 0.00027575 0.00012822 0.0012062 0.0049269
0.0011164 0.00027589 0.00012923 0.0013733 0.0049296
0.0011086 0.00027603 0.00013025 0.0015518 0.0049324
0.0011007 0.00027616 0.00013125 0.0017248 0.0049351
0.001093 0.0002763 0.00013228 0.0019121 0.004938
0.0010856 0.00027645 0.00013334 0.0021255 0.0049407
0.0010784 0.00027658 0.00013438 0.0021751 0.0049436
0.0010714 0.00027673 0.00013544 0.0022321 0.0049467
0.0010646 0.00027689 0.00013654 0.0021967 0.0049499
0.001058 0.00027707 0.00013767 0.0021676 0.0049531
0.0010516 0.00027727 0.00013884 0.0019699 0.0049566
0.0010454 0.00027744 0.00013998 0.0017885 0.0049601
0.0010392 0.0002776 0.0001411 0.0016008 0.0049636
0.0010328 0.00027774 0.00014222 0.0014076 0.004967
0.0010266 0.00027789 0.00014335 0.0012272 0.0049705
0.0010203 0.00027806 0.0001445 0.0010413 0.004974
0.0010142 0.00027823 0.00014568 0.0008678 0.0049776
0.001008 0.00027841 0.00014689 0.00086861 0.0049811
0.0010017 0.00027858 0.00014808 0.00086713 0.0049846
0.00099533 0.00027873 0.00014926 0.00086333 0.0049881
0.00098914 0.0002789 0.00015046 0.00086244 0.0049916
0.00098279 0.00027904 0.00015163 0.00081457 0.0049954
0.00097666 0.0002792 0.00015285 0.00076204 0.004999
0.00097073 0.00027938 0.0001541 0.00071556 0.0050028
0.00096498 0.00027957 0.00015539 0.00067475 0.0050067
0.00095913 0.00027975 0.00015665 0.000712 0.0050105
0.00095319 0.00027991 0.00015789 0.00074604 0.0050143
0.00094737 0.00028007 0.00015916 0.00078287 0.0050181
0.00094168 0.00028025 0.00016045 0.00082274 0.0050221
0.00093609 0.00028043 0.00016176 0.00086546 0.0050261
0.00093045 0.0002806 0.00016306 0.00090585 0.0050301
0.00092493 0.00028077 0.00016439 0.00094955 0.0050342
0.00091952 0.00028096 0.00016573 0.00098757 0.0050383
0.00091423 0.00028115 0.00016711 0.0010289 0.0050424
0.00090906 0.00028135 0.00016851 0.00098591 0.0050466
0.00090383 0.00028154 0.00016989 0.00094055 0.0050508
0.00089854 0.00028172 0.00017126 0.0008928 0.005055
0.0008932 0.00028188 0.00017262 0.00084261 0.0050591
0.00088798 0.00028205 0.000174 0.00079595 0.0050633
0.0008827 0.00028221 0.00017537 0.00074691 0.0050675
0.00087753 0.00028238 0.00017677 0.00070121 0.0050718
0.00087247 0.00028256 0.00017819 0.00065862 0.0050761
0.00086751 0.00028274 0.00017963 0.00061862 0.0050806
0.00086266 0.00028293 0.0001811 0.00058133 0.0050851
0.00085791 0.00028313 0.0001826 0.00054628 0.0050897
0.00085325 0.00028333 0.00018412 0.00051333 0.0050944
0.00084868 0.00028354 0.00018566 0.00048233 0.0050991
0.00084421 0.00028376 0.00018723 0.00045315 0.005104
0.00083969 0.00028396 0.00018879 0.000422 0.0051088
0.00083512 0.00028416 0.00019033 0.00038885 0.0051135
0.00083065 0.00028436 0.0001919 0.00035771 0.0051184
0.00082627 0.00028456 0.0001935 0.00032819 0.0051233
0.00082198 0.00028478 0.00019512 0.00030016 0.0051283
0.00081778 0.000285 0.00019677 0.0002735 0.0051334
0.00081353 0.00028523 0.00019844 0.0002481 0.0051386
0.00080937 0.00028546 0.00020014 0.00022385 0.0051439
0.00080515 0.00028569 0.00020183 0.00019782 0.0051491
0.00080088 0.0002859 0.0002035 0.00017002 0.0051543
0.00079672 0.00028612 0.00020521 0.00014349 0.0051596
0.00079265 0.00028634 0.00020694 0.0001181 0.005165
0.00078867 0.00028658 0.00020871 9.3733e-05 0.0051704
0.00078465 0.0002868 0.00021046 0.00010736 0.0051758
0.00078058 0.00028701 0.00021219 0.00011953 0.0051813
0.0007766 0.00028723 0.00021396 0.00013195 0.0051867
0.00077271 0.00028745 0.00021576 0.00014478 0.0051923
0.0007689 0.00028769 0.00021758 0.00015796 0.005198
0.00076505 0.00028791 0.0002194 0.00016959 0.0052036
0.00076114 0.00028812 0.00022119 0.00017969 0.0052092
0.00075719 0.00028831 0.00022297 0.00019029 0.0052149
0.00075333 0.00028851 0.00022479 0.00020144 0.0052206
0.00074942 0.00028871 0.00022659 0.00021107 0.0052264
0.0007456 0.0002889 0.00022842 0.0002192 0.0052321
0.00074173 0.00028909 0.00023023 0.00022581 0.0052378
0.00073795 0.00028929 0.00023208 0.00023299 0.0052436
0.00073413 0.00028947 0.00023391 0.00023865 0.0052493
0.00073038 0.00028966 0.00023578 0.00024478 0.0052551
0.00072673 0.00028986 0.00023768 0.00025151 0.005261
0.00072303 0.00029004 0.00023956 0.00025672 0.0052669
0.00071942 0.00029024 0.00024148 0.00026257 0.0052729
0.00071577 0.00029042 0.00024338 0.00026683 0.0052789
0.00071205 0.00029061 0.00024531 0.00026949 0.0052848
0.00070843 0.0002908 0.00024728 0.0002728 0.0052908
0.00070475 0.00029099 0.00024924 0.00027452 0.0052968
0.00070104 0.00029116 0.00025117 0.00027469 0.0053027
0.0006974 0.00029134 0.00025314 0.00027539 0.0053088
0.00069371 0.00029151 0.0002551 0.00027455 0.0053148
0.00069011 0.00029168 0.00025709 0.0002709 0.0053207
0.00068645 0.00029184 0.00025906 0.00026565 0.0053265
0.00068275 0.00029199 0.00026102 0.00025881 0.0053324
0.000679 0.00029213 0.00026296 0.00025037 0.0053382
0.00067533 0.00029227 0.00026493 0.00024247 0.0053441
0.00067161 0.0002924 0.00026689 0.00023302 0.0053499
0.00066797 0.00029252 0.00026884 0.0002241 0.0053559
0.00066429 0.00029263 0.00027077 0.00021364 0.0053618
0.00066068 0.00029275 0.00027273 0.00020366 0.0053678
0.00065702 0.00029285 0.00027468 0.00019424 0.0053739
0.00065332 0.00029294 0.00027661 0.00018326 0.0053799
0.00064957 0.00029301 0.00027853 0.00017072 0.005386
0.0006459 0.0002931 0.00028048 0.00015872 0.0053921
0.00064219 0.00029317 0.00028241 0.00014517 0.0053982
0.00063843 0.00029323 0.00028433 0.00013005 0.0054042
0.00063475 0.00029327 0.00028624 0.00011547 0.0054104
0.00063103 0.00029331 0.00028812 0.00014164 0.0054165
0.00062738 0.00029334 0.00029004 0.00016888 0.0054227
0.00062369 0.00029337 0.00029194 0.0001944 0.0054289
0.00062008 0.00029341 0.00029388 0.00022103 0.0054351
0.00061654 0.00029345 0.00029586 0.0002491 0.0054415
0.00061309 0.00029348 0.00029781 0.00027853 0.0054479
0.00060958 0.00029349 0.00029975 0.00030609 0.0054543
0.00060616 0.00029352 0.00030173 0.00033532 0.0054608
0.00060282 0.00029355 0.00030375 0.00036106 0.0054673
0.00059943 0.00029357 0.00030575 0.00038493 0.0054738
0.00059611 0.0002936 0.00030778 0.00041027 0.0054803
0.00059275 0.00029361 0.0003098 0.00043375 0.0054868
0.00058947 0.00029364 0.00031186 0.00045897 0.0054934
0.00058626 0.00029367 0.00031396 0.00048582 0.0055
0.00058312 0.00029369 0.00031603 0.00051465 0.0055068
0.00058005 0.00029371 0.00031815 0.00054534 0.0055137
0.00057706 0.00029375 0.0003203 0.0005783 0.0055206
0.00057402 0.00029379 0.00032249 0.00061341 0.0055277
0.00057093 0.00029382 0.00032467 0.00064643 0.0055347
0.00056791 0.00029385 0.00032688 0.00068169 0.0055418
0.00056484 0.00029388 0.00032908 0.00071935 0.005549
0.00056185 0.00029391 0.00033131 0.00075957 0.0055563
0.00055892 0.00029395 0.00033358 0.00080253 0.0055636
0.00055594 0.00029397 0.00033583 0.0008432 0.005571
0.00055292 0.00029398 0.00033807 0.00088814 0.0055784
0.00054997 0.00029401 0.00034035 0.00093656 0.0055859
0.00054708 0.00029403 0.00034267 0.00098833 0.0055936
0.00054427 0.00029407 0.00034503 0.0010441 0.0056013
0.00054153 0.00029412 0.00034743 0.001104 0.0056091
0.00053885 0.00029417 0.00034988 0.0011686 0.0055892
0.00053614 0.00029421 0.00035231 0.0012304 0.0055692
0.00053338 0.00029424 0.00035472 0.0012897 0.0055492
0.00053057 0.00029428 0.00035718 0.0013533 0.0055293
0.00052782 0.00029432 0.00035967 0.0014214 0.0055096
0.00052503 0.00029435 0.00036215 0.0014868 0.0054899
0.0005222 0.00029437 0.00036462 0.0015496 0.0054701
0.00051944 0.0002944 0.00036712 0.0016176 0.0054505
0.00051675 0.00029443 0.00036968 0.0016907 0.005431
0.000514 0.00029445 0.0003722 0.0017602 0.0054115
0.00051137 0.00029449 0.00037481 0.00175 0.0053922
0.00050887 0.00029455 0.0003775 0.0017461 0.0053731
0.0005065 0.00029463 0.00038028 0.0017764 0.005354
0.00050403 0.00029469 0.000383 0.0018014 0.0053347
0.00050169 0.00029477 0.00038582 0.0018338 0.0053157
0.00049925 0.00029482 0.00038858 0.0018606 0.0052965
0.00049694 0.0002949 0.00039143 0.0018951 0.0052776
0.00049475 0.00029499 0.00039436 0.0019376 0.005259
0.00048728 0.00029511 0.00039739 0.0019888 0.0052405
0.00047967 0.0002952 0.00040037 0.002034 0.005222
0.00047193 0.00029527 0.0004033 0.0020678 0.0052037
0.00046439 0.00029536 0.00040631 0.0021089 0.0051857
0.00045671 0.00029543 0.00040927 0.0024078 0.0051675
0.00044922 0.00029551 0.00041231 0.0027403 0.0051495
0.0004416 0.00029561 0.00041544 0.0028338 0.0051318
0.00043385 0.00029569 0.00041851 0.0029192 0.0051139
0.00042631 0.00029579 0.00042168 0.0030179 0.0050963
0.00041898 0.00029591 0.00042494 0.0030112 0.0050789
0.00041152 0.00029601 0.00042815 0.0029988 0.0050614
0.00040426 0.00029612 0.00043146 0.0029945 0.0050442
0.00039687 0.00029622 0.00043471 0.0029043 0.0050271
0.00038968 0.00029633 0.00043806 0.0027947 0.00501
0.00038269 0.00029642 0.00044134 0.0026997 0.004993
0.00037588 0.00029648 0.00044457 0.0026182 0.0049763
0.00036894 0.00029652 0.00044774 0.0025286 0.0049595
0.0003622 0.00029658 0.00045102 0.0024515 0.0049429
0.00035682 0.00029721 0.00045131 0.002362 0.0049263
0.00035134 0.00029782 0.00045157 0.0022849 0.0049098
0.000346 0.00029844 0.00045187 0.0022179 0.0048935
0.00034056 0.00029909 0.00045224 0.0021611 0.0048775
0.00033527 0.00029976 0.00045267 0.0021137 0.0048617
0.00033013 0.00030045 0.00045315 0.0020749 0.0048461
0.00032516 0.00030112 0.00045359 0.0020301 0.0048304
0.00032008 0.00030176 0.000454 0.0019937 0.0048149
0.00031489 0.00030238 0.00045438 0.0019515 0.0047993
0.0003096 0.00030298 0.00045471 0.0019173 0.0047839
0.00030443 0.0003036 0.00045509 0.0018892 0.0047687
0.00029917 0.00030419 0.00045545 0.0018566 0.0047534
0.00029403 0.0003048 0.00045585 0.0018197 0.004738
0.00028881 0.00030539 0.00045622 0.0017785 0.0047226
0.0002837 0.000306 0.00045664 0.0017435 0.0047073
0.00027873 0.00030662 0.00045711 0.0017488 0.0046909
0.00027365 0.00030723 0.00045754 0.0017494 0.0046744
0.00026848 0.00030781 0.00045794 0.0017454 0.0046577
0.00026321 0.00030837 0.00045831 0.0017365 0.004641
0.00025808 0.00030895 0.00045873 0.0017334 0.0046244
0.00025307 0.00030955 0.0004592 0.0017367 0.0046081
0.00024819 0.00031016 0.00045973 0.0017458 0.004592
0.00024345 0.0003108 0.00046031 0.0017616 0.0045761
0.00023884 0.00031146 0.00046096 0.0017842 0.0045604
0.00023435 0.0003121 0.00046157 0.0018133 0.0045449
0.00022978 0.00031271 0.00046214 0.0018376 0.0045293
0.0002251 0.00031335 0.00046277 0.0018685 0.0045139
0.00022032 0.00031396 0.00046337 0.001894 0.0044984
0.00021545 0.00031455 0.00046392 0.0019143 0.0044828
0.00021071 0.00031516 0.00046454 0.0019419 0.0044674
0.00020609 0.00031579 0.00046521 0.0019765 0.0044522
0.00020138 0.0003164 0.00046584 0.0020187 0.0044372
0.00019658 0.00031702 0.00046653 0.0020689 0.0044224
0.0001919 0.00031767 0.00046728 0.0020877 0.0044242
0.00018734 0.00031834 0.00046808 0.0021134 0.004426
0.00018269 0.00031899 0.00046885 0.0021341 0.0044279
0.00017816 0.00031965 0.00046967 0.0021618 0.0044298
0.00017374 0.0003203 0.00047046 0.0021844 0.0044317
0.00016942 0.00032096 0.00047131 0.0022142 0.0044337
0.00016502 0.00032164 0.00047222 0.002163 0.0044358
0.00016054 0.00032889 0.00047268 0.002106 0.0044378
0.00015617 0.00033622 0.0004732 0.0020596 0.00444
0.00015172 0.00034363 0.00047377 0.0020211 0.0044423
0.00014717 0.00035113 0.00047441 0.0019906 0.0044448
0.00014273 0.00035857 0.00047501 0.0019697 0.0044472
0.00013821 0.0003605 0.00047592 0.0019439 0.0044495
0.0001336 0.0003624 0.0004768 0.001913 0.0044517
0.00012891 0.00036428 0.00047764 0.001877 0.0044538
0.00012433 0.00036618 0.00047853 0.001848 0.0044561
0.00011967 0.00036806 0.0004794 0.001818 0.0044584
0.00011512 0.00036997 0.00048032 0.0017869 0.0044607
0.00011068 0.00037191 0.0004813 0.0017547 0.0044629
0.00010636 0.00037383 0.00048225 0.0017215 0.0044652
0.00010194 0.00037578 0.00048326 0.0016872 0.0044674
9.762e-05 0.00037775 0.00048434 0.0016519 0.0044697
9.3395e-05 0.00037976 0.00048549 0.001611 0.0044718
8.9267e-05 0.00038175 0.0004866 0.0015645 0.0044739
8.5062e-05 0.00038371 0.00048767 0.0015288 0.0044749
8.0958e-05 0.00038579 0.00048564 0.0015001 0.0044759
7.6943e-05 0.00038783 0.00048356 0.0014627 0.0044769
7.2853e-05 0.00038986 0.00048144 0.0014156 0.004478
6.8679e-05 0.00039191 0.0004794 0.0013757 0.0044792
6.4593e-05 0.00039399 0.00047742 0.0013307 0.0044804
6.0593e-05 0.0003961 0.00047552 0.0012949 0.0044815
5.6513e-05 0.00039819 0.00047358 0.0012539 0.0044825
5.2527e-05 0.00040031 0.00047171 0.0012197 0.0044836
4.8622e-05 0.00040247 0.00046992 0.001192 0.0044849
4.8494e-05 0.00040459 0.00046808 0.0011595 0.0044861
4.8386e-05 0.00040669 0.0004662 0.0011218 0.0044872
4.8292e-05 0.00040882 0.00046439 0.0010904 0.0044885
4.8154e-05 0.00041093 0.00046254 0.0010547 0.0044897
4.7973e-05 0.00041301 0.00046065 0.0010102 0.004491
4.7747e-05 0.00041512 0.00045884 0.00097392 0.0044922
4.7534e-05 0.00041727 0.00045709 0.0009328 0.0044933
4.728e-05 0.00041939 0.00045531 0.0008978 0.0044946
4.7043e-05 0.00042154 0.00045359 0.0008684 0.004496
4.6764e-05 0.00042373 0.00045194 0.00083391 0.0044974
4.6498e-05 0.00042595 0.00045036 0.00080434 0.0044988
4.6191e-05 0.00042814 0.00044873 0.00077078 0.0045002
4.5901e-05 0.00043037 0.00044718 0.00074205 0.0045017
4.8808e-05 0.00043257 0.00044558 0.00070942 0.0045032
5.1642e-05 0.0004348 0.00044406 0.00068205 0.0045064
5.4411e-05 0.00043701 0.00044249 0.00065057 0.0045096
5.712e-05 0.00043919 0.00044089 0.00061457 0.0045126
5.9757e-05 0.00044134 0.00043924 0.00058354 0.0045159
6.2328e-05 0.00044353 0.00043767 0.00053362 0.0045199
6.4837e-05 0.00044575 0.00043616 0.0004897 0.0045241
6.7399e-05 0.00044801 0.00043471 0.00045111 0.0045284
6.9898e-05 0.00045023 0.00043323 0.00041748 0.0045329
7.2331e-05 0.00045249 0.0004318 0.00038769 0.0045374
7.4817e-05 0.00045479 0.00043044 0.00036135 0.0045422
7.7242e-05 0.00045712 0.00042914 0.00033848 0.004547
7.9726e-05 0.00045949 0.0004279 0.00031874 0.004552
8.2266e-05 0.00046189 0.00042672 0.00030153 0.0045572
8.487e-05 0.00046426 0.00042551 0.00028692 0.0045625
8.7538e-05 0.00046667 0.00042436 0.00027469 0.0045679
9.014e-05 0.00046906 0.00042317 0.00026481 0.0045735
9.2808e-05 0.00047148 0.00042205 0.00025697 0.0045792
9.5545e-05 0.00047387 0.00042088 0.00025312 0.0045848
9.8345e-05 0.00047629 0.00041977 0.00025086 0.0045906
0.00010108 0.00047868 0.00041862 0.0002457 0.0045963
0.00010388 0.00048111 0.00041754 0.00024234 0.0046021
0.00010661 0.00048358 0.00041651 0.00024062 0.0046081
0.0001094 0.00048608 0.00041553 0.00024038 0.0046142
0.00011213 0.00048856 0.00041452 0.00023763 0.0046202
0.00011479 0.000491 0.00041347 0.00023645 0.0046264
0.00011753 0.00049348 0.00041248 0.00023695 0.0046327
0.00012033 0.000496 0.00041154 0.00023891 0.0046391
0.0001232 0.00049856 0.00041066 0.00024277 0.0046295
0.00012616 0.00050115 0.00040984 0.0002484 0.0046201
0.0001292 0.00050379 0.00040908 0.0002559 0.0046109
0.00013216 0.0005064 0.00040828 0.00026078 0.0046015
0.0001352 0.00050905 0.00040754 0.00023551 0.0045923
0.00013818 0.00051166 0.00040677 0.0002253 0.0045833
0.00015029 0.00052227 0.00040387 0.00016613 0.0045469
0.00015337 0.00052488 0.0004031 0.00016404 0.0045377
0.00015639 0.00052746 0.0004023 0.00016408 0.0045286
0.00015948 0.00053001 0.00040146 0.00016518 0.0045197
0.0001625 0.00053253 0.00040058 0.00016405 0.0045108
0.00016544 0.00053509 0.00039976 0.00013584 0.004502
0.00016846 0.00053768 0.00039899 0.00011023 0.0044933
0.0001714 0.00054025 0.00039819 8.1585e-05 0.0044846
0.00017426 0.00054278 0.00039735 8.332e-05 0.0044758
0.00017721 0.0005455 0.00039254 8.5498e-05 0.0044671
0.00018024 0.00054825 0.00038786 8.8279e-05 0.0044586
0.00018336 0.00055106 0.00038331 9.1711e-05 0.0044502
0.00018658 0.0005539 0.00037888 9.5839e-05 0.004442
0.00018989 0.0005567 0.00037437 0.00010073 0.004434
0.00019313 0.00055955 0.00036999 0.00010367 0.0044258
0.00019646 0.00056244 0.00036572 0.00010726 0.0044179
0.00019976 0.00056533 0.00036145 0.00010976 0.0044099
0.00020305 0.00056821 0.00035717 0.00011117 0.0044019
0.00020631 0.00057109 0.0003529 0.00011149 0.0043939
0.00020951 0.00057393 0.00034857 0.00010998 0.0043858
0.00021278 0.00057682 0.00034434 0.00010883 0.0043779
0.00021613 0.00057974 0.0003402 0.00010816 0.0043701
0.00021956 0.00058269 0.00033615 0.00010796 0.0043624
0.00022308 0.00058569 0.0003322 0.00010824 0.0043549
0.00022653 0.00058865 0.00032821 0.00010673 0.0043472
0.00023007 0.00059166 0.00032431 0.00010579 0.0043398
0.0002337 0.00059471 0.00032049 0.00010526 0.0043324
0.00023726 0.00059773 0.00031664 0.00010295 0.004325
0.00024091 0.00060079 0.00031288 0.00010122 0.0043177
0.00024449 0.00060382 0.00030906 9.7575e-05 0.0043103
0.00024799 0.00060682 0.00030519 0.00012552 0.0043029
0.00025141 0.00060979 0.00030126 0.00014991 0.0042956
0.00025475 0.00061273 0.00029728 0.0001714 0.0042882
0.000258 0.00061563 0.00029324 0.00018963 0.0042808
0.00026117 0.00061851 0.00028915 0.00020513 0.0042733
0.00026445 0.00062143 0.00028516 0.00022282 0.0042659
0.00026782 0.00062439 0.00028127 0.00024379 0.0042584
0.00027131 0.00062732 0.00027732 0.0002676 0.0042511
0.0002749 0.0006303 0.00027348 0.00029458 0.0042439
0.00027842 0.00063325 0.00026959 0.0003185 0.0042367
0.00028205 0.00063624 0.0002658 0.00033945 0.0042294
0.00028574 0.00063926 0.00026208 0.00036211 0.0042222
0.00028939 0.00064227 0.00025833 0.00038124 0.004215
0.00029311 0.0006453 0.00025465 0.00040188 0.004208
0.00029688 0.00064836 0.00025102 0.0004239 0.004201
0.00030072 0.00065145 0.00024744 0.00044761 0.0041942
0.00030451 0.00065452 0.00024385 0.0004694 0.0041873
0.00030837 0.00065761 0.00024031 0.00049293 0.0041804
0.00031229 0.00066073 0.00023682 0.00051808 0.0041737
0.00031616 0.00066384 0.00023331 0.00054127 0.0041669
0.0003201 0.00066697 0.00022986 0.00056641 0.0041602
0.0003241 0.00067013 0.00022646 0.00059342 0.0041536
0.00032805 0.00067327 0.00022303 0.00061834 0.004147
0.00033207 0.00067644 0.00021966 0.00064545 0.0041404
0.00033618 0.00067964 0.00021635 0.0006752 0.0041339
0.00034037 0.00068288 0.0002131 0.00070805 0.0041276
0.00034464 0.00068614 0.00020991 0.00074384 0.0041213
0.00034899 0.00068944 0.00020677 0.00078282 0.0041151
0.00035342 0.00069276 0.00020368 0.00082531 0.004109
0.00035779 0.00069607 0.00020057 0.00086491 0.0041028
0.00036228 0.00069942 0.00019753 0.00090902 0.0040968
0.00036688 0.00070281 0.00019455 0.00093879 0.0040909
0.00037161 0.00070625 0.00019164 0.00097322 0.0040851
0.00037625 0.00070966 0.0001887 0.0010038 0.0040792
0.00038102 0.00071311 0.00018582 0.0010396 0.0040735
0.00038588 0.0007166 0.000183 0.001079 0.0040678
0.00039083 0.00072012 0.00018022 0.0011222 0.0040623
0.00039586 0.00072367 0.00017748 0.0011693 0.0040568
0.00040085 0.0007272 0.00017473 0.0012138 0.0040513
0.00040592 0.00073077 0.00017202 0.0012622 0.0040458
0.00041095 0.00073431 0.00016929 0.0013081 0.0040404
0.00041592 0.00073785 0.00016655 0.0013514 0.0040349
0.00042098 0.00074141 0.00016385 0.0013988 0.0040294
0.00042599 0.00074496 0.00016112 0.0014435 0.004024
0.00043095 0.00074849 0.00015838 0.0014852 0.0040185
0.0004358 0.00075198 0.0001556 0.0015343 0.0040131
0.00044081 0.00075553 0.00015289 0.0015919 0.0040079
0.0004457 0.00075905 0.00015014 0.0016439 0.0040026
0.0004505 0.00076253 0.00014735 0.0016887 0.0039974
0.00045546 0.00076607 0.00014464 0.001742 0.0039924
0.0004603 0.00076957 0.00014188 0.0017891 0.0039873
0.0004653 0.00077304 0.00013908 0.0018303 0.0039821
0.00047046 0.00077656 0.00013635 0.0018799 0.0039771
0.00047578 0.00078014 0.00013369 0.0019387 0.0039721
0.00048128 0.00078368 0.00013099 0.0020077 0.0039674
0.00048574 0.00078718 0.00012825 0.0020868 0.0039627
0.00049036 0.00079074 0.00012558 0.0021565 0.003958
0.00049512 0.00079436 0.00012298 0.0022365 0.0039534
0.00049977 0.00079794 0.00012034 0.0023091 0.0039487
0.00050432 0.00080149 0.00011766 0.0023751 0.0039439
0.00050903 0.0008051 0.00011505 0.0023546 0.0039393
0.00051363 0.00080866 0.00011239 0.0023413 0.0039348
0.00051838 0.00081228 0.00010981 0.0023351 0.0039304
0.00052327 0.00081595 0.00010728 0.0023358 0.0039261
0.00052807 0.00081959 0.00010471 0.0023307 0.0039218
0.00053301 0.00082328 0.00010221 0.0023332 0.0039176
0.00053786 0.00082694 9.9668e-05 0.0023433 0.0039135
0.00054286 0.00083056 9.7091e-05 0.0025625 0.0039093
0.00054801 0.00083424 9.4572e-05 0.0028065 0.0039053
0.00055305 0.00083788 9.2016e-05 0.0030356 0.0039012
0.00055825 0.00084157 8.9517e-05 0.0032905 0.0038972
0.0005636 0.00084531 8.7074e-05 0.0035737 0.0038933
0.00056911 0.0008491 8.4685e-05 0.0038881 0.0038895
0.00057452 0.00085286 8.2265e-05 0.0041862 0.0038857
0.00058007 0.00085667 7.9895e-05 0.0045138 0.003882
0.00058577 0.00086046 7.7498e-05 0.0045676 0.0038783
0.00059159 0.00086428 7.5141e-05 0.0046297 0.0038748
0.00059753 0.00086814 7.2822e-05 0.0047005 0.0038713
0.00060341 0.00087198 7.0484e-05 0.0047668 0.0038678
0.00060922 0.00087581 6.8128e-05 0.0048291 0.0038643
0.00061515 0.00087966 6.5806e-05 0.0048993 0.0038608
0.00062118 0.00088356 6.3518e-05 0.0049777 0.0038575
0.00062715 0.00088743 6.1212e-05 0.0050517 0.003854
0.00063304 0.00089134 5.8939e-05 0.0051346 0.0038507
0.00063886 0.00089523 5.6649e-05 0.0052129 0.0038473
0.00064481 0.00089916 5.4396e-05 0.0053012 0.003844
0.00065069 0.00090307 5.2122e-05 0.0054002 0.0038408
0.0006567 0.00090702 4.9886e-05 0.0055107 0.0038377
0.00066263 0.00091095 4.7628e-05 0.005615 0.0038345
0.00066875 0.00091457 4.7663e-05 0.00571 0.0038313
0.00067506 0.00091824 4.7712e-05 0.0058218 0.0038281
0.00068125 0.00092187 4.7745e-05 0.005922 0.0038249
0.00068731 0.00092547 4.7762e-05 0.0060129 0.0038217
0.00069326 0.00092904 4.7763e-05 0.0060949 0.0038183
0.00069942 0.00093266 4.7779e-05 0.0061936 0.0038151
0.00070577 0.00093635 4.7809e-05 0.0063104 0.003812
0.000712 0.00093999 4.7822e-05 0.0064046 0.0038091
0.00071843 0.0009437 4.7849e-05 0.006517 0.0038063
0.00072475 0.00094737 4.7861e-05 0.0066194 0.0038034
0.00073094 0.00095099 4.7856e-05 0.0066567 0.0038004
0.00073698 0.00095468 4.7865e-05 0.0067086 0.0037975
0.00074321 0.00095843 4.7886e-05 0.0067746 0.0037948
0.00074964 0.00096223 4.792e-05 0.0068609 0.003792
0.00075593 0.00096599 4.7937e-05 0.0069372 0.0037891
0.00076244 0.00096981 4.7969e-05 0.0070305 0.0037864
0.00076915 0.00097369 4.8013e-05 0.0071408 0.0037837
0.00077571 0.00097753 4.804e-05 0.00724 0.003781
0.00077461 0.00098143 4.808e-05 0.0073567 0.0037784
0.00077341 0.00098529 4.8104e-05 0.0074619 0.0037757
0.00077235 0.00098921 4.8142e-05 0.0075869 0.0037732
0.0007712 0.0009932 4.8194e-05 0.0077012 0.0037705
0.00077017 0.00099736 4.7148e-05 0.0078345 0.003768
0.00076905 0.0010015 4.608e-05 0.0079558 0.0037654
0.00076807 0.0010057 4.5039e-05 0.0080983 0.003763
0.000767 0.0010098 4.3977e-05 0.0082294 0.0037604
0.00076605 0.001014 4.2939e-05 0.0083811 0.003758
0.00076524 0.0010183 4.1925e-05 0.0085552 0.0037557
0.00076433 0.0010225 4.0891e-05 0.0087539 0.0037535
0.00076332 0.0010268 3.9883e-05 0.0089372 0.0037512
0.00076221 0.0010312 3.8899e-05 0.0089783 0.0037491
0.000761 0.0010355 3.7896e-05 0.0090364 0.003747
0.00075994 0.0010399 3.6916e-05 0.0091122 0.0037451
0.00075902 0.0010444 3.5961e-05 0.0092068 0.0037433
0.00075801 0.0010486 3.6453e-05 0.0092889 0.0037415
0.00075708 0.0010528 3.6952e-05 0.0093828 0.0037397
0.0007561 0.001057 3.7441e-05 0.0094718 0.0037378
0.00075507 0.0010612 3.7921e-05 0.0095562 0.003736
0.00075399 0.0010654 3.839e-05 0.009636 0.0037341
0.00075288 0.0010696 3.8851e-05 0.0097116 0.0037322
0.00075171 0.0010738 3.9301e-05 0.0097829 0.0037302
0.00075063 0.001078 3.9759e-05 0.0098654 0.0037284
0.00074964 0.0010821 4.0205e-05 0.0099416 0.0037264
0.00074855 0.0010864 4.0664e-05 0.010033 0.0037246
0.00074758 0.0010906 4.1134e-05 0.010141 0.0037229
0.00074652 0.0010949 4.159e-05 0.010239 0.0037211
0.00074538 0.0010991 4.203e-05 0.010327 0.0037193
0.00074436 0.0011034 4.2484e-05 0.010393 0.0037174
0.00074347 0.0011077 4.2953e-05 0.010477 0.0037156
0.00074248 0.001112 4.3404e-05 0.010538 0.0037137
0.00074163 0.0011163 4.3838e-05 0.010619 0.0037119
0.00074092 0.0011206 4.4287e-05 0.010688 0.0037101
0.00074033 0.001125 4.4752e-05 0.010775 0.0037084
0.00073966 0.0011293 4.52e-05 0.010852 0.0037066
0.00073909 0.0011337 4.566e-05 0.010945 0.0037049
0.00073861 0.0011381 4.6108e-05 0.011052 0.0037033
0.00073808 0.0011425 4.6545e-05 0.011153 0.0037016
0.00073749 0.0011468 4.697e-05 0.011248 0.0036999
0.00073699 0.0011512 4.7404e-05 0.011356 0.0036983
0.00073643 0.0011556 4.7827e-05 0.011458 0.0036967
0.00073582 0.0011599 4.8239e-05 0.011555 0.003695
0.0007353 0.0011643 4.8661e-05 0.011635 0.0036933
0.00073472 0.0011687 4.9072e-05 0.011708 0.0036915
0.00073408 0.001173 4.9471e-05 0.011794 0.0036898
0.00073353 0.0011774 4.9879e-05 0.011874 0.0036881
0.00073293 0.0011818 5.0276e-05 0.011949 0.0036863
0.0007324 0.0011862 5.0681e-05 0.012035 0.0036847
0.00073183 0.0011906 5.1076e-05 0.012116 0.0036829
0.00073133 0.001195 5.1479e-05 0.01221 0.0036813
0.00073091 0.0011995 5.1891e-05 0.012317 0.0036797
0.00073058 0.001204 5.2312e-05 0.012439 0.0036782
0.00073034 0.0012086 5.2745e-05 0.012578 0.0036768
0.00073004 0.0012131 5.3164e-05 0.012709 0.0036753
0.00072982 0.0012177 5.3594e-05 0.012857 0.0036739
0.00072955 0.0012223 5.4012e-05 0.012997 0.0036725
0.00072937 0.0012269 5.4441e-05 0.013155 0.0036712
0.00072928 0.0012316 5.4881e-05 0.013332 0.0036699
0.00072927 0.0012363 5.5332e-05 0.013529 0.0036687
0.00072936 0.0012411 5.5794e-05 0.013747 0.0036676
0.00072954 0.001246 5.6267e-05 0.013988 0.0036666
0.00072966 0.0012508 5.6729e-05 0.014252 0.0036657
0.00072986 0.0012556 5.72e-05 0.01454 0.0036648
0.00073 0.0012605 5.766e-05 0.014817 0.0036639
0.00073023 0.0012653 5.8129e-05 0.015118 0.003663
0.0007304 0.0012702 5.8587e-05 0.015411 0.0036622
0.00073052 0.001275 5.9035e-05 0.01573 0.0036613
0.0007306 0.0012799 5.9472e-05 0.016041 0.0036605
0.00073064 0.0012847 5.99e-05 0.016344 0.0036597
0.00073074 0.0012895 6.0336e-05 0.016671 0.0036589
0.00073091 0.0012944 6.078e-05 0.017025 0.0036581
0.00073115 0.0012994 6.1233e-05 0.017404 0.0036574
0.00073147 0.0013043 6.1675e-05 0.017815 0.0036568
0.00073185 0.0013092 6.2125e-05 0.018255 0.0036563
0.0007323 0.0013142 6.2585e-05 0.01873 0.0036558
0.00073283 0.0013193 6.3053e-05 0.019171 0.0036553
0.00073342 0.0013244 6.353e-05 0.019646 0.0036549
0.00073409 0.0013295 6.4017e-05 0.020159 0.0036545
0.00073482 0.0013347 6.4512e-05 0.020709 0.0036542
0.00073551 0.0013398 6.4997e-05 0.021247 0.0036538
0.00073627 0.0013451 6.5491e-05 0.021823 0.0036535
0.00073698 0.0013502 6.5975e-05 0.022386 0.0036532
0.00073765 0.0013555 6.6469e-05 0.022908 0.003653
0.00073838 0.0013608 6.6971e-05 0.023467 0.0036528
0.00073918 0.0013661 6.7483e-05 0.024065 0.0036527
0.00073994 0.0013714 6.7984e-05 0.024652 0.0036525
0.00074066 0.0013767 6.8476e-05 0.025226 0.0036523
0.00074144 0.001382 6.8976e-05 0.025841 0.0036522
0.00074217 0.0013874 6.9485e-05 0.026442 0.0036521
0.00074297 0.0013928 7.0004e-05 0.027086 0.003652
0.00074372 0.0013982 7.0512e-05 0.027714 0.0036519
0.00074454 0.0014036 7.103e-05 0.028395 0.0036517
0.00074545 0.0014091 7.1538e-05 0.029129 0.0036516
0.00074642 0.0014145 7.2057e-05 0.029918 0.0036516
0.00074747 0.0014201 7.2586e-05 0.030768 0.0036517
0.00074859 0.0014256 7.3124e-05 0.031676 0.0036518
0.00074979 0.0014312 7.3651e-05 0.032655 0.003652
0.00075106 0.0014368 7.4189e-05 0.033707 0.0036522
0.00075241 0.0014424 7.4738e-05 0.034839 0.0036525
0.00075383 0.0014481 7.5298e-05 0.036055 0.0036529
0.00075521 0.0014538 7.5847e-05 0.037246 0.0036532
0.00075666 0.0014595 7.6407e-05 0.038526 0.0036536
0.00075819 0.0014653 7.6978e-05 0.039894 0.0036541
0.00075967 0.001471 7.7537e-05 0.041232 0.0036545
0.0007611 0.0014768 7.8087e-05 0.042545 0.003655
0.00076262 0.0014826 7.8648e-05 0.043958 0.0036554
0.00076421 0.0014884 7.9221e-05 0.045338 0.0036559
0.0007659 0.0014943 7.9809e-05 0.046838 0.0036564
0.00076771 0.0015002 8.0379e-05 0.048267 0.0036549
0.00076942 0.001506 8.093e-05 0.049614 0.0036534
0.00077124 0.0015117 8.1462e-05 0.051096 0.003652
0.0007732 0.0015176 8.2014e-05 0.05147 0.0036506
0.00077525 0.0015235 8.258e-05 0.051883 0.0036494
0.00077738 0.0015294 8.3159e-05 0.052335 0.0036482
0.00077946 0.0015354 8.3727e-05 0.052775 0.003647
0.00078163 0.0015413 8.4307e-05 0.053255 0.0036458
0.00078388 0.0015474 8.4899e-05 0.053777 0.0036447
0.00078621 0.0015535 8.5505e-05 0.054345 0.0036437
0.0007885 0.0015596 8.6099e-05 0.054899 0.0036427
0.00079088 0.0015657 8.6707e-05 0.055502 0.0036417
0.00079334 0.0015718 8.7302e-05 0.056049 0.0036406
0.0007959 0.001578 8.791e-05 0.056644 0.0036397
0.00079854 0.0015842 8.8531e-05 0.05729 0.0036388
0.00080126 0.0015904 8.9165e-05 0.057986 0.0036379
0.00080407 0.0015967 8.9812e-05 0.057943 0.0036371
0.00080695 0.0016031 9.0471e-05 0.057922 0.0036364
0.00080979 0.0016095 9.1119e-05 0.057893 0.0036357
0.00081258 0.0016158 9.1756e-05 0.057856 0.0036349
0.00081546 0.0016222 9.2406e-05 0.057843 0.0036342
0.00081842 0.0016286 9.3069e-05 0.057859 0.0036334
0.00082148 0.0016351 9.3746e-05 0.057899 0.0036327
0.00082448 0.0016417 9.4437e-05 0.05793 0.003632
0.00082757 0.0016482 9.5117e-05 0.057986 0.0036314
0.00083062 0.0016548 9.5785e-05 0.058033 0.0036307
0.00083362 0.0016613 9.6442e-05 0.058073 0.00363
0.00083671 0.0016678 9.7115e-05 0.058102 0.0036293
0.00083971 0.0016745 9.7807e-05 0.058163 0.0036286
0.00084283 0.0016812 9.8519e-05 0.058256 0.0036281
0.00084627 0.001688 9.9256e-05 0.058387 0.0036276
0.00084959 0.0016947 9.9971e-05 0.058495 0.0036271
0.00085278 0.0017016 0.00010071 0.058648 0.0036267
0.00085615 0.0017085 0.00010149 0.058848 0.0036264
0.00085939 0.0017154 0.00010224 0.059022 0.003626
0.00086281 0.0017224 0.00010301 0.059244 0.0036257
0.00086613 0.0017294 0.00010377 0.059443 0.0036254
0.0008696 0.0017364 0.00010455 0.059687 0.0036252
0.00087325 0.0017436 0.00010537 0.059983 0.0036251
0.00087706 0.0017508 0.00010621 0.060233 0.0036249
0.00088076 0.001758 0.00010702 0.060542 0.0036249
0.00088462 0.0017652 0.00010787 0.060904 0.003625
0.00088836 0.0017724 0.00010869 0.061236 0.003625
0.00089199 0.0017798 0.00010954 0.061634 0.0036251
0.00089576 0.0017872 0.00011041 0.062089 0.0036253
0.00089967 0.0017947 0.00011132 0.062599 0.0036256
0.00090351 0.0018021 0.0001122 0.063085 0.0036258
0.00090747 0.0018097 0.00011311 0.063628 0.0036262
0.0009012 0.0018173 0.00011404 0.064233 0.0036266
0.00089508 0.001825 0.000115 0.0649 0.0036271
0.0008891 0.0018328 0.00011597 0.065635 0.0036277
0.00088304 0.0018406 0.00011694 0.066339 0.0036282
0.00087717 0.0018484 0.00011793 0.067138 0.0036289
0.00087117 0.0018562 0.00011889 0.067883 0.0036295
0.00086537 0.0018641 0.00011989 0.068725 0.0036302
0.00085943 0.0018719 0.00012086 0.069511 0.0036308
0.00085368 0.0018797 0.00012181 0.070399 0.0036315
0.00084813 0.0018876 0.00012279 0.07062 0.0036323
0.00084242 0.0018956 0.00012381 0.070406 0.0036333
0.00083692 0.0019036 0.00012479 0.070242 0.0036344
0.0008316 0.0019116 0.00012581 0.070125 0.0036356
0.00082647 0.0019198 0.00012687 0.070053 0.0036369
0.00082152 0.001928 0.00012796 0.070024 0.0036383
0.00081677 0.0019362 0.00012903 0.069435 0.0036398
0.00081217 0.0019446 0.00013013 0.068916 0.0036414
0.00080746 0.0019528 0.0001312 0.06836 0.003643
0.00080264 0.001961 0.00013225 0.067768 0.0036445
0.00079771 0.0019693 0.00013333 0.067137 0.0036459
0.00079297 0.0019778 0.00013445 0.066588 0.0036475
0.00078842 0.0019861 0.00013555 0.066002 0.003649
0.00078376 0.0019944 0.00013662 0.065378 0.0036504
0.000779 0.0020027 0.00013767 0.064717 0.0036518
0.00077441 0.0020111 0.00013875 0.064136 0.0036532
0.00076995 0.0020196 0.00013986 0.063614 0.0036548
0.00076541 0.002028 0.00014096 0.063065 0.0036563
0.00076099 0.0020365 0.00014207 0.063358 0.0036578
0.0007565 0.002045 0.00014317 0.063636 0.0036592
0.00075214 0.0020536 0.0001443 0.063955 0.0036607
0.00074791 0.0020623 0.00014546 0.063791 0.0036623
0.00074379 0.002071 0.00014664 0.063658 0.003664
0.00073978 0.0020799 0.00014785 0.063556 0.0036658
0.00073587 0.0020887 0.00014905 0.06348 0.0036676
0.0007319 0.0020974 0.00015022 0.063394 0.0036694
0.00072787 0.0021062 0.00015139 0.063297 0.0036711
0.00072394 0.002115 0.00015257 0.063229 0.003673
0.00071996 0.0021238 0.00015375 0.063149 0.0036748
0.0007159 0.0021326 0.0001549 0.063057 0.0036765
0.00071202 0.0021413 0.00015603 0.063014 0.0036784
0.00070829 0.0021501 0.00015719 0.063014 0.0036804
0.00070447 0.0021589 0.00015833 0.062993 0.0036823
0.00070081 0.0021678 0.00015952 0.063127 0.0036842
0.00069704 0.0021766 0.00016067 0.063209 0.0036869
0.00069342 0.0021854 0.0001618 0.063334 0.0036897
0.00068968 0.0021943 0.00016296 0.063434 0.0036924
0.0006861 0.0022033 0.00016417 0.063579 0.0036953
0.00068264 0.0022124 0.00016542 0.06376 0.0036983
0.00067929 0.0022216 0.00016669 0.06342 0.0037013
0.00067588 0.0022308 0.00016795 0.063063 0.0037044
0.00067257 0.0022401 0.00016923 0.062745 0.0037075
0.00066937 0.0022495 0.00017055 0.06241 0.0037105
0.0006661 0.0022588 0.00017185 0.062059 0.0037135
0.00066292 0.0022682 0.00017317 0.061746 0.0037166
0.00065985 0.0022776 0.00017448 0.061416 0.0037196
0.00065672 0.002287 0.00017577 0.061072 0.0037227
0.00065368 0.0022964 0.00017709 0.060766 0.0037257
0.00065074 0.002306 0.00017844 0.060502 0.0037288
0.00064773 0.0023155 0.00017977 0.060226 0.0037318
0.00064467 0.0023249 0.00018108 0.059937 0.0037348
0.0006417 0.0023345 0.00018242 0.059682 0.0037378
0.00063868 0.002344 0.00018375 0.059416 0.0037408
0.00063574 0.0023537 0.0001851 0.059183 0.0037439
0.00063276 0.0023633 0.00018644 0.058937 0.003747
0.00062985 0.0023729 0.00018781 0.058722 0.0037501
0.00062688 0.0023826 0.00018916 0.058493 0.0037532
0.00062383 0.0023922 0.00019048 0.058242 0.0037562
0.00062068 0.0024019 0.00019185 0.058691 0.0037592
0.00061766 0.0024117 0.00019326 0.0592 0.0037623
0.00061476 0.0024215 0.00019464 0.059677 0.0037653
0.00061195 0.0024314 0.00019605 0.060203 0.0037684
0.00060908 0.0024413 0.00019744 0.060708 0.0037714
0.00060629 0.0024511 0.00019881 0.061262 0.0037745
0.00060358 0.002461 0.00020021 0.061864 0.0037777
0.00060082 0.0024708 0.0002016 0.062449 0.0037809
0.00059802 0.0024807 0.00020297 0.06302 0.003784
0.00059528 0.0024906 0.00020437 0.063638 0.0037872
0.00059249 0.0025005 0.00020575 0.064237 0.0037904
0.00058965 0.0025104 0.00020712 0.064906 0.0037936
0.00058675 0.0025203 0.00020852 0.065549 0.0037968
0.00058378 0.0025303 0.0002099 0.066165 0.0038
0.00058095 0.0025404 0.00021134 0.066884 0.003803
0.00057795 0.0025506 0.00021283 0.06754 0.0038061
0.00057486 0.0025609 0.00021436 0.068284 0.0038092
0.00057168 0.0025712 0.00021587 0.068983 0.0038123
0.00056863 0.0025817 0.00021743 0.069193 0.0038154
0.0005655 0.0025923 0.00021904 0.06938 0.0038186
0.0005625 0.0026028 0.00022061 0.069618 0.0038218
0.00055964 0.0026134 0.00022224 0.069908 0.0038252
0.00055689 0.0026242 0.00022392 0.070251 0.0038286
0.00055427 0.0026351 0.00022564 0.070654 0.0038322
0.00055668 0.0026462 0.00022743 0.071127 0.0038359
0.00055901 0.0026574 0.00022927 0.071677 0.0038398
0.00057825 0.0026686 0.00023108 0.072185 0.0038435
0.00059722 0.0026796 0.00023285 0.072653 0.0038472
0.00061592 0.0026906 0.00023458 0.073085 0.0038508
0.00063513 0.0027015 0.00023628 0.073589 0.0038546
0.00065487 0.0027126 0.00023803 0.074048 0.0038583
0.00067509 0.0027238 0.00023983 0.074576 0.003862
0.00069502 0.0027351 0.00024169 0.07518 0.0038659
0.00071482 0.0027465 0.00024353 0.075764 0.0038698
0.00073453 0.0027577 0.00024535 0.076333 0.0038736
0.00075415 0.002769 0.00024716 0.076889 0.0038775
0.00077406 0.0027804 0.00024901 0.077491 0.0038813
0.00079387 0.0027917 0.00025083 0.078076 0.0038852
0.00081397 0.002803 0.00025264 0.078709 0.0038891
0.00083397 0.0028143 0.00025444 0.079326 0.003893
0.0008543 0.0028257 0.00025627 0.079996 0.0038969
0.00087494 0.0028371 0.00025813 0.080723 0.003901
0.00089593 0.0028487 0.00026003 0.081512 0.0039051
0.00091724 0.0028604 0.00026196 0.082363 0.0039092
0.00093842 0.002872 0.00026387 0.083189 0.0039134
0.00094773 0.0028838 0.00026585 0.084131 0.0039177
0.00095687 0.0028955 0.00026779 0.084939 0.0039221
0.00096584 0.0029074 0.00026978 0.085894 0.0039264
0.00097509 0.0029194 0.00027185 0.086982 0.0039308
0.00098463 0.0029316 0.00027397 0.08822 0.0039354
0.00099447 0.0029439 0.00027617 0.089288 0.0039401
0.0010041 0.0029562 0.00027833 0.090293 0.0039448
0.0010141 0.0029687 0.00028056 0.091438 0.0039496
0.0010244 0.0029813 0.00028286 0.092742 0.0039545
0.001035 0.0029941 0.00028523 0.094223 0.0039595
0.001046 0.0029962 0.00028827 0.094644 0.0039648
0.0010572 0.0029983 0.0002914 0.095141 0.0039702
0.0010683 0.0030005 0.00029453 0.095601 0.0039755
0.0010797 0.0030026 0.00029765 0.095984 0.0039807
0.0011246 0.0030111 0.00031012 0.097829 0.0040021
0.0011356 0.0030133 0.00031322 0.098387 0.0040076
0.0011465 0.0030154 0.00031633 0.098718 0.0040132
