

Model 7: beta

TREE # 1

  0  0.0000  11773.772397  x:  2.00000   0.92052   1.64033  
  1 99.0000   8397.722104  x:  2.05002   0.09540   1.73846  
  2 215.9873   8350.306490  x:  2.98188   0.16898   7.42125  
  3 24.7853   8312.344245  x:  2.78558   0.11657  10.53428  
  4 151.4854   8306.912429  x:  1.97768   0.12217  11.89996  
  5  3.6357   8262.941024  x:  3.58244   0.22222  31.60813  
  6  9.0284   8197.263395  x:  2.17795   0.16427  71.31111  
  7  5.5196   8166.505903  x:  2.78523   0.22572  99.00000  
  8 18.2026   8166.329774  x:  2.60869   0.22399  99.00000  
  9  0.1453   8166.328921  x:  2.60875   0.22351  99.00000  
 10  0.0005   8166.328921  x:  2.60867   0.22351  99.00000  
 11  0.0001   8166.328921  x:  2.60867   0.22351  99.00000  
 12  0.0000   8166.328921  x:  2.60867   0.22351  99.00000  

Model 8: beta&w>1

TREE # 1

  0  0.0000  11713.558998  x:  2.60867   0.90000   0.95259   1.95996   2.68118  
  1 99.0000   8856.785844  x:  2.64667   0.32349   0.18133   2.05223   2.70820  
  2 1026.7387   8821.443378  x:  2.64910   0.31759   0.10888   2.05926   2.71057  
  3 3114.6736   8442.484133  x:  7.04328   0.76632   0.37303  12.56081   5.67685  
  4 71.3064   8252.959026  x:  1.68546   0.78830   0.55676  12.86078  32.54475  
  5 13.6703   8246.023277  x:  2.79362   0.79363   0.55001  12.47909  33.51661  
  6  9.1951   8194.672487  x:  2.50121   0.67219   0.52126  13.10153  43.50503  
  7  6.0225   8073.940365  x:  1.85849   0.86373   0.70523  23.98895  80.90526  
  8  8.9189   8049.867572  x:  1.80888   0.81493   0.74524  27.09440  98.75612  
  9 14.3075   8018.358020  x:  2.05450   0.90403   0.92036  36.92162  142.75975  
 10 20.2966   8008.095903  x:  1.58805   0.89922   1.04971  43.55795  176.82919  
 11 19.5369   8000.939996  x:  1.73528   0.93048   1.19070  50.93234  213.59877  
 12 40.0264   7998.600784  x:  2.04586   0.93046   1.27098  54.67019  234.97355  
 13 26.1083   7996.081249  x:  1.90467   0.94523   1.44178  62.83598  278.18266  
 14 35.8654   7994.664612  x:  1.69504   0.94400   1.52940  66.51731  299.14561  
 15 27.6017   7993.685431  x:  1.80698   0.95263   1.73550  75.46837  350.37215  
 16 22.1229   7993.415499  x:  1.80422   0.95137   1.79109  77.34263  363.02679  
 17  8.8040   7993.005709  x:  1.69825   0.95620   1.97399  84.22929  405.84070  
 18 20.1591   7990.927055  x:  1.91743   0.95902   2.46289  97.61171  511.41876  
 19 13.3030   7990.497925  x:  1.92503   0.95906   2.52577  99.00000  524.27027  
 20 99.9865   7990.497925  x:  1.92503   0.95906   2.52577  99.00000  524.27027  
 21 306267.8865   7990.340850  x:  1.92500   0.96063   2.52598  98.99999  524.27027  
 22 191.0298   7867.318899  x:  1.01817   0.83503   6.89507  98.84813  524.27348  
 23 20.9290   7853.919468  x:  1.38360   0.79231   8.37754  98.78091  524.27449  
 24 100.2176   7848.561902  x:  1.68004   0.81689   7.71086  97.59550  524.19330  
 25  1.2060   7806.642870  x:  2.04288   0.79029  11.58024  75.88059  523.37779  
 26  2.7594   7802.307906  x:  1.61177   0.78896  11.39239  77.42803  523.79076  
 27  1.0087   7802.015264  x:  1.58047   0.79235  11.41929  76.23804  523.98427  
 28  1.2360   7801.812191  x:  1.63114   0.78841  11.66762  74.76476  525.31266  
 29  0.3503   7800.235641  x:  1.49554   0.78278  11.72183  71.17321  536.19426  
 30  1.4325   7783.579421  x:  1.42363   0.80634   7.92753  32.45065  683.32252  
 31 19.0232   7757.525820  x:  1.47175   0.83823   4.18523  25.73216  749.59351  
 32 85.4832   7752.919676  x:  1.50006   0.84964   2.69770  18.76672  786.72731  
 33 329.2058   7738.677707  x:  1.62013   0.85874   0.96298   6.83670  842.07105  
 34 238.6131   7736.722437  x:  1.64771   0.85963   0.69395   4.74079  851.59886  
 35 905.7628   7728.609803  x:  1.73535   0.86048   0.46530   2.36779  861.40840  
 36 52.6246   7720.278406  x:  1.83647   0.86341   0.58496   2.39551  858.41297  
 37  6.0203   7718.548210  x:  1.81242   0.86408   0.69679   3.27506  854.21844  
 38 12.5944   7714.485913  x:  1.65520   0.84798   0.72488   2.91461  866.37627  
 39  6.9806   7714.028160  x:  1.75014   0.84674   0.74391   2.83034  869.32460  
 40  1.6936   7713.504774  x:  1.73788   0.84896   0.86491   3.48837  874.59124  
 41  0.8295   7712.160915  x:  1.59729   0.85285   0.90089   3.28129  905.14809  
 42  3.8197   7707.879537  x:  1.87390   0.87091   0.98979   3.89770  975.40099  
 43 11.8525   7705.844148  x:  1.87877   0.87202   0.98203   3.82425  999.00000  
 44 62.9766   7705.813702  x:  1.86585   0.87275   0.96447   3.72946  999.00000  
 45  0.9173   7705.813702  x:  1.86585   0.87275   0.96447   3.72946  999.00000  
 46  0.1325   7704.822280  x:  1.86566   0.86562   0.96375   3.72957  999.00000  
 47 283.9510   7704.164323  x:  1.82499   0.86948   0.89305   3.73341  999.00000  
 48 15.5769   7703.716003  x:  1.70020   0.86883   0.89862   3.70202  999.00000  
 49  8.2757   7703.147079  x:  1.71473   0.86694   0.77742   3.00711  999.00000  
 50  1.4968   7703.141723  x:  1.72066   0.86654   0.78121   2.99954  999.00000  
 51  0.0141   7703.141514  x:  1.72208   0.86648   0.78128   3.00170  999.00000  
 52  0.0028   7703.141509  x:  1.72202   0.86647   0.78099   2.99997  999.00000  
 53  0.0022   7703.141509  x:  1.72197   0.86647   0.78101   3.00009  999.00000  