

Model 7: beta

TREE # 1

  0  0.0000  11913.837767  x:  2.00000   1.04215   1.74633  
  1 99.0000   9457.706643  x:  2.07859   0.13141   1.87304  
  2  8.1044   9457.706643  x:  2.07859   0.13141   1.87304  
  3  1.1205   9456.777421  x:  2.07874   0.12708   1.87335  
  4 394.4734   9399.665280  x:  5.47689   0.21413   7.69699  
  5 26.4012   9389.795072  x:  3.53189   0.23073   9.56985  
  6  6.1618   9359.776423  x:  3.59115   0.21551  12.97030  
  7  0.4251   9313.152899  x:  2.39220   0.18070  32.51715  
  8  7.0168   9293.011945  x:  5.18345   0.21729  44.75638  
  9  7.8727   9252.258719  x:  3.50403   0.35307  77.59928  
 10 12.6133   9233.590338  x:  3.83600   0.37015  99.00000  
 11 12.2524   9227.543603  x:  2.91720   0.32561  99.00000  
 12 943.7564   9227.543603  x:  2.91720   0.32561  99.00000  
 13  0.0116   9226.718626  x:  2.91810   0.30698  99.00000  
 14 86.7106   9226.321852  x:  3.19542   0.31085  99.00000  
 15  2.9880   9226.321602  x:  3.19568   0.31053  99.00000  
 16  0.0004   9226.321602  x:  3.19555   0.31053  99.00000  
 17  0.0001   9226.321602  x:  3.19555   0.31053  99.00000  
 18  0.0000   9226.321602  x:  3.19555   0.31053  99.00000  
 19  0.0000   9226.321602  x:  3.19555   0.31053  99.00000  
check convergence!


Model 8: beta&w>1

TREE # 1

  0  0.0000   9945.771539  x:  3.19555   0.90000   0.47364   1.79034   2.04123  
  1 99.0000   9473.435785  x:  3.19660   0.88802   0.13504   1.80553   2.04496  
  2 2594.7486   9454.517957  x:  3.19677   0.99999   0.12097   1.81851   2.04836  
  3 246.7328   9399.285106  x:  3.27362   0.99999   0.21669   7.67379   3.53904  
  4 29.3523   9380.843982  x:  3.30663   0.85154   0.25537  10.04148   4.13860  
  5 4811.2901   9365.692726  x:  4.00942   0.71673   0.30633  11.62607   7.64324  
  6  8.5025   9336.150933  x:  1.94798   0.68497   0.34818  14.42976  11.11566  
  7  2.4498   9212.546275  x:  4.15018   0.87102   0.51866  28.83340  26.23078  
  8 24.4024   9192.550245  x:  4.09749   0.79286   0.60487  33.94483  32.42039  
  9 16.5150   9152.341596  x:  1.91862   0.83364   0.74471  44.81437  44.08010  
 10 12.3293   9136.509924  x:  2.29627   0.89231   0.84904  53.02256  52.86522  
 11 10.8431   9124.507107  x:  2.53840   0.88836   1.06723  68.45622  70.11471  
 12 14.3384   9118.234120  x:  2.13953   0.91648   1.21095  79.15737  81.85666  
 13 27.7874   9116.044441  x:  2.03563   0.92466   1.43873  95.47200  100.15003  
 14  8.5344   9115.749195  x:  2.10987   0.92926   1.47600  98.17725  103.18896  
 15  9.8962   9115.719012  x:  2.14432   0.92872   1.47871  98.35264  103.43203  
 16  0.5140   9115.707294  x:  2.14210   0.92922   1.48775  99.00000  104.21296  
 17  1.2087   9115.697202  x:  2.14209   0.92868   1.47743  99.00000  103.35385  
 18  3.8041   9115.493264  x:  2.07625   0.93005   1.41471  99.00000  99.28355  
 19  0.5089   9115.110032  x:  2.03671   0.93441   1.22677  99.00000  87.15496  
 20  8.9011   9114.813115  x:  2.14597   0.93846   1.18035  99.00000  85.46312  
 21  0.8457   9114.494896  x:  2.23180   0.93741   1.20142  99.00000  89.42136  
 22  0.8192   9112.699164  x:  2.21099   0.95188   1.14675  99.00000  102.43236  
 23  2.5290   9111.770631  x:  2.12630   0.96151   1.03284  99.00000  109.91054  
 24  8.0464   9110.475440  x:  2.00131   0.96004   1.17977  99.00000  135.17473  
 25 19.6694   9110.037318  x:  2.03384   0.96431   1.20681  99.00000  148.71096  
 26 24.0941   9109.278440  x:  2.16711   0.97103   1.11307  99.00000  162.24628  
 27 14.4499   9109.016424  x:  2.16498   0.97058   1.10468  99.00000  165.48785  
 28  3.8147   9108.357883  x:  2.07065   0.97549   1.13038  99.00000  197.14274  
 29 26.1286   9107.847867  x:  2.04272   0.97836   1.23404  99.00000  253.49087  
 30 14.7175   9107.433891  x:  2.11406   0.98203   1.12012  99.00000  264.81784  
 31  5.5084   9107.391746  x:  2.11912   0.98183   1.11261  99.00000  264.14911  
 32  6.1685   9107.129278  x:  2.07383   0.98456   1.11342  99.00000  304.42528  
 33 22.8839   9106.947869  x:  2.04524   0.98507   1.17409  99.00000  344.88896  
 34 20.3796   9106.876374  x:  2.05028   0.98624   1.16774  99.00000  364.44729  
 35 48.2035   9106.723153  x:  2.09664   0.98782   1.10704  99.00000  382.46594  
 36 14.6285   9106.667129  x:  2.09235   0.98773   1.10733  99.00000  387.53084  
 37  4.7150   9106.530463  x:  2.06451   0.98912   1.12446  99.00000  437.99790  
 38 48.9228   9106.448677  x:  2.06472   0.99016   1.13636  99.00000  487.21027  
 39 23.7412   9106.372299  x:  2.06933   0.99024   1.14697  99.00000  507.95579  
 40 38.0658   9106.281017  x:  2.07245   0.99138   1.12462  99.00000  551.46993  
 41 44.9489   9106.233792  x:  2.07015   0.99215   1.09835  99.00000  585.10318  
 42 21.0208   9106.206361  x:  2.06928   0.99215   1.09315  99.00000  589.12588  
 43  7.9742   9106.126526  x:  2.06886   0.99289   1.11739  99.00000  661.59294  
 44 54.0433   9106.056597  x:  2.06700   0.99369   1.15446  99.00000  784.46448  
 45 22.5128   9106.044901  x:  2.06674   0.99389   1.15095  99.00000  800.74528  
 46 97.4038   9105.981254  x:  2.06635   0.99428   1.10302  99.00000  810.52100  
 47 11.2463   9105.946106  x:  2.06752   0.99473   1.11209  99.00000  884.36390  
 48 23.4231   9105.914712  x:  2.06824   0.99487   1.12360  99.00000  932.57941  
 49 51.4299   9105.886223  x:  2.06685   0.99529   1.12031  99.00000  999.00000  
 50 114.3499   9105.876247  x:  2.06671   0.99526   1.11816  99.00000  999.00000  
 51  0.0153   9105.868566  x:  2.06563   0.99535   1.10202  98.94550  999.00000  
 52  0.0554   9105.846041  x:  2.06750   0.99528   1.11034  98.48250  999.00000  
 53  0.0579   9105.493640  x:  2.08982   0.99412   1.21663  87.14750  999.00000  
 54  7.4898   9105.203670  x:  2.10154   0.99328   1.25926  77.88213  999.00000  
 55  8.7903   9104.040587  x:  2.11893   0.99210   1.22965  62.39577  999.00000  
 56 13.8177   9101.041870  x:  2.13208   0.99145   0.97448  45.95950  999.00000  
 57 17.3534   9100.482645  x:  2.11737   0.99064   0.99336  41.13460  999.00000  
 58  5.4398   9095.035687  x:  1.80272   0.98234   1.57438  40.15920  999.00000  
 59  0.4020   9092.820932  x:  1.97336   0.98027   1.61831  34.46246  999.00000  
 60  9.3848   9088.707374  x:  2.40087   0.97734   1.78196  36.83512  999.00000  
 61  4.9561   9078.892315  x:  2.62868   0.96547   2.24433  26.97379  999.00000  
 62  5.5701   9068.219000  x:  2.84029   0.94692   3.16073  22.17495  999.00000  
 63  6.8487   9010.680427  x:  3.15941   0.86402   7.74206  22.74146  999.00000  
 64  4.2270   8961.860676  x:  1.78752   0.84111   9.14350  30.24851  999.00000  
 65  5.8902   8958.468315  x:  1.64777   0.86144   8.00921  31.06688  999.00000  
 66  1.3132   8958.418115  x:  1.68149   0.86229   7.95956  31.02681  999.00000  
 67  0.1706   8958.326187  x:  1.68743   0.86165   7.95000  30.96109  999.00000  
 68  0.0083   8957.347754  x:  1.73625   0.85824   7.17486  29.04307  999.00000  
 69  1.0874   8944.495779  x:  1.75055   0.85499   3.57436  14.17225  999.00000  
 70  1.9126   8944.495779  x:  1.75055   0.85499   3.57436  14.17225  999.00000  
 71 22.2730   8942.547666  x:  1.75044   0.86546   3.57453  14.17217  999.00000  
 72 356.9699   8942.273331  x:  1.65995   0.86644   3.53497  14.14905  999.00000  
 73  5.2361   8941.909065  x:  1.66630   0.87110   3.27757  13.98094  999.00000  
 74  2.7847   8926.293037  x:  1.65191   0.87437   1.24237   5.67839  999.00000  
 75  3.5399   8924.879252  x:  1.65223   0.87392   0.96353   4.32546  999.00000  
 76 79.5339   8917.168972  x:  1.65966   0.86920   0.64077   2.08699  999.00000  
 77  9.5563   8913.535933  x:  1.67816   0.86556   0.68681   1.81238  999.00000  
 78  0.7814   8911.392627  x:  1.69080   0.86653   0.86286   2.58564  999.00000  
 79  2.7521   8910.743093  x:  1.74874   0.85883   0.87354   2.41672  999.00000  
 80  0.0979   8910.730843  x:  1.73146   0.85842   0.86881   2.39303  999.00000  
 81  0.0253   8910.730381  x:  1.73269   0.85838   0.86577   2.38400  999.00000  
 82  0.0053   8910.730380  x:  1.73275   0.85838   0.86581   2.38416  999.00000  
 83  0.0001   8910.730380  x:  1.73273   0.85838   0.86582   2.38421  999.00000  