Sceloporus_undulatus Thamnophis_elegans Vipera_berus Zootoca_vivipara
2.3665e-05 3.4457e-05 0.0001492 0.0010983
2.2464e-05 3.3411e-05 0.00014731 0.0010925
2.1401e-05 3.2455e-05 0.0001455 0.001087
2.0274e-05 3.1456e-05 0.00014365 0.0010813
1.9288e-05 3.055e-05 0.00014188 0.001076
1.8231e-05 2.9597e-05 0.00014007 0.0010709
1.733e-05 2.8746e-05 0.00013835 0.0010663
1.6578e-05 2.8003e-05 0.00013672 0.0010619
1.5755e-05 2.8156e-05 0.00013505 0.0010574
1.5069e-05 2.7869e-05 0.00013347 0.0010621
1.4489e-05 2.7629e-05 0.00013197 0.0010671
1.3999e-05 2.7363e-05 0.00013042 0.0010725
1.3417e-05 2.7143e-05 0.00012896 0.0010782
1.2925e-05 2.6965e-05 0.00012757 0.0010837
1.2512e-05 2.6829e-05 0.00012626 0.0010896
1.2053e-05 2.6666e-05 0.00012491 0.0010953
1.1551e-05 2.6481e-05 0.00012363 0.0011008
1.1127e-05 2.5602e-05 0.00012243 0.0011061
7.4653e-06 1.7698e-05 0.00011095 0.0011624
7.0535e-06 1.6854e-05 0.00010975 0.0011678
6.7038e-06 1.6099e-05 0.00010862 0.0011736
6.3183e-06 1.5424e-05 0.00010755 0.0011797
5.9977e-06 1.4829e-05 0.00010655 0.0011862
5.7365e-06 1.4299e-05 0.00010561 0.0011931
5.5227e-06 1.3834e-05 0.00010473 0.0012004
5.2827e-06 1.3335e-05 0.00010381 0.0012075
5.0146e-06 1.2801e-05 0.00010286 0.0012143
4.7162e-06 1.2331e-05 0.00010197 0.001221
4.3857e-06 1.1827e-05 0.00010105 0.0012275
4.0062e-06 1.138e-05 0.00010018 0.0012337
3.7234e-06 1.0983e-05 9.9268e-05 0.001235
3.4129e-06 1.0558e-05 9.8323e-05 0.0012361
3.1489e-06 1.0182e-05 9.7434e-05 0.0012375
2.8556e-06 9.7791e-06 9.6512e-05 0.0012387
2.6059e-06 9.4221e-06 9.5646e-05 0.0012402
2.3943e-06 9.0375e-06 9.4744e-05 0.0012415
2.1611e-06 8.6269e-06 9.3811e-05 0.0012427
1.9661e-06 8.2665e-06 9.2938e-05 0.0012442
1.8051e-06 7.9468e-06 8.9664e-05 0.0012459
1.6691e-06 7.6638e-06 8.654e-05 0.0012475
1.5546e-06 7.4142e-06 8.3559e-05 0.0012493
1.459e-06 7.195e-06 8.0713e-05 0.0012514
1.3822e-06 7.0066e-06 7.8012e-05 0.0012538
1.2927e-06 6.8e-06 7.5238e-05 0.0012561
1.1896e-06 6.5746e-06 7.2388e-05 0.0012581
1.1049e-06 6.38e-06 6.9682e-05 0.0012605
1.0377e-06 6.1673e-06 6.6902e-05 0.0012627
9.9126e-07 5.9373e-06 6.4054e-05 0.0012648
9.5642e-07 5.7377e-06 6.1349e-05 0.0012672
9.322e-07 5.5657e-06 5.878e-05 0.0012698
9.1787e-07 5.4186e-06 5.6339e-05 0.0012728
9.1202e-07 5.2922e-06 5.401e-05 0.001276
9.1566e-07 5.1505e-06 5.18e-05 0.0012797
9.105e-07 4.9938e-06 4.9528e-05 0.0012831
8.9212e-07 4.858e-06 4.7361e-05 0.0012864
8.8207e-07 4.7414e-06 4.5292e-05 0.00129
8.8013e-07 4.6426e-06 4.3318e-05 0.0012939
8.8624e-07 4.5606e-06 4.1434e-05 0.0012981
1.0302e-06 4.466e-06 3.9496e-05 0.0013021
1.0912e-06 4.3596e-06 3.751e-05 0.0013071
1.1421e-06 4.2411e-06 3.5473e-05 0.0013119
1.2056e-06 4.14e-06 3.3528e-05 0.0013171
1.2586e-06 4.0271e-06 3.1535e-05 0.0013221
1.3267e-06 3.9309e-06 2.9641e-05 0.0013196
1.3756e-06 3.8222e-06 2.7694e-05 0.001317
1.4141e-06 3.7018e-06 2.7398e-05 0.0013142
1.4669e-06 3.5999e-06 2.7127e-05 0.0013117
1.5085e-06 3.4856e-06 2.6838e-05 0.0013091
1.5666e-06 3.3586e-06 2.653e-05 0.0013063
1.6075e-06 3.2183e-06 2.6251e-05 0.0013033
1.6639e-06 3.0975e-06 2.5996e-05 0.0013006
1.7514e-06 2.9943e-06 2.5764e-05 0.0012978
1.8129e-06 2.9073e-06 2.5555e-05 0.0012948
1.8935e-06 2.809e-06 2.5276e-05 0.0012921
2.0029e-06 2.7001e-06 2.4981e-05 0.0012898
2.137e-06 2.6072e-06 2.471e-05 0.0012877
2.2998e-06 2.5288e-06 2.4461e-05 0.0012859
2.4439e-06 2.4401e-06 2.4196e-05 0.0012839
2.5703e-06 2.3405e-06 2.3913e-05 0.0012823
2.7317e-06 2.2297e-06 2.3613e-05 0.0012805
2.9236e-06 2.1326e-06 2.3334e-05 0.001279
3.0941e-06 2.0247e-06 2.405e-05 0.0012773
3.236e-06 1.9314e-06 2.4807e-05 0.0012755
3.3597e-06 1.8284e-06 2.554e-05 0.0012731
3.5141e-06 1.7085e-06 2.625e-05 0.001271
3.7038e-06 1.5768e-06 2.7002e-05 0.0012693
3.8715e-06 1.4331e-06 2.7727e-05 0.0012673
4.0771e-06 1.3063e-06 2.8494e-05 0.0012657
4.2592e-06 1.168e-06 2.8659e-05 0.001264
4.4822e-06 1.0455e-06 2.8846e-05 0.0012625
4.7526e-06 9.3705e-07 2.9057e-05 0.0012614
4.9253e-06 8.1923e-07 2.9252e-05 0.0012601
5.0777e-06 6.917e-07 2.9471e-05 0.00126
5.2012e-06 5.7655e-07 2.9711e-05 0.0012597
5.3604e-06 4.7366e-07 2.9976e-05 0.0012593
5.5595e-06 3.8153e-07 3.0267e-05 0.0012592
5.7994e-06 2.9775e-07 3.058e-05 0.0012589
6.0122e-06 3.088e-07 3.0876e-05 0.0012585
7.4794e-06 3.1539e-07 3.1154e-05 0.0012583
8.7609e-06 3.2397e-07 3.1835e-05 0.001258
9.9451e-06 3.2806e-07 3.2493e-05 0.001258
1.1039e-05 3.2766e-07 3.3128e-05 0.0012578
1.2649e-05 3.2968e-07 3.3803e-05 0.0012575
1.4125e-05 3.2698e-07 3.4453e-05 0.0012571
1.5488e-05 3.267e-07 3.5143e-05 0.0012568
1.7135e-05 3.2094e-07 3.5878e-05 0.0012564
1.8687e-05 3.1119e-07 3.6593e-05 0.0012559
2.0155e-05 2.9751e-07 3.7291e-05 0.0012554
2.1498e-05 2.7989e-07 3.7971e-05 0.0012547
2.3075e-05 2.6393e-07 3.8684e-05 0.0012423
2.4858e-05 2.49e-07 3.9428e-05 0.0012304
2.6955e-05 2.3495e-07 4.0203e-05 0.0012182
2.894e-05 2.1713e-07 4.096e-05 0.0012059
3.1203e-05 2.0035e-07 4.1751e-05 0.0011941
3.3777e-05 1.7999e-07 4.2524e-05 0.0011827
3.6674e-05 1.6019e-07 4.3328e-05 0.0011716
3.9423e-05 1.3679e-07 4.4114e-05 0.0011604
4.2042e-05 1.0985e-07 4.4883e-05 0.0011644
4.4992e-05 8.3465e-08 4.5683e-05 0.0011686
4.8321e-05 5.7471e-08 4.6516e-05 0.001173
5.1469e-05 7.0726e-08 4.7392e-05 0.0011774
5.4465e-05 8.0876e-08 4.8249e-05 0.0011816
5.7847e-05 9.0514e-08 4.9141e-05 0.001186
6.1045e-05 9.6934e-08 5.0012e-05 0.0011903
6.4717e-05 1.0313e-07 5.0924e-05 0.0011949
6.8148e-05 1.0603e-07 5.1813e-05 0.0011994
8.5773e-05 1.0893e-07 5.2749e-05 0.0012037
9.6789e-05 1.1228e-07 5.374e-05 0.0012078
0.00011024 1.9306e-07 5.4701e-05 0.0012118
0.00012278 2.673e-07 5.5634e-05 0.0012156
0.00013713 3.4761e-07 5.6613e-05 0.0012197
0.00015059 4.2134e-07 5.7564e-05 0.0012236
0.00016323 4.8868e-07 5.8487e-05 0.0012274
0.00017788 5.6302e-07 5.9461e-05 0.0012315
0.00019159 6.3058e-07 6.0406e-05 0.0012354
0.00020729 7.0473e-07 6.1398e-05 0.0012593
0.00022199 7.7193e-07 6.236e-05 0.0012828
0.00023905 8.4711e-07 6.3376e-05 0.0013074
0.00024401 9.299e-07 6.4442e-05 0.0013331
0.00024953 1.0188e-06 6.5547e-05 0.0013596
0.00025486 1.1023e-06 6.6634e-05 0.0013858
0.00026002 1.1807e-06 6.7703e-05 0.0014117
0.00026501 1.254e-06 6.8755e-05 0.0014374
0.00026984 1.322e-06 6.9788e-05 0.0014628
0.0002707 1.3836e-06 7.0797e-05 0.0014892
0.0002715 1.4395e-06 7.1784e-05 0.0015153
0.00027224 1.4897e-06 7.275e-05 0.0015409
0.00027147 1.5474e-06 7.3765e-05 0.0015662
0.00027085 1.612e-06 7.4825e-05 0.0015924
0.00027016 1.6699e-06 7.5859e-05 0.0016181
0.00026926 1.7358e-06 7.6943e-05 0.0016434
0.00026502 1.812e-06 7.8087e-05 0.0016699
0.00026138 1.8798e-06 7.9197e-05 0.0016975
0.00025886 1.9572e-06 8.0364e-05 0.0017264
0.00025617 2.0267e-06 8.15e-05 0.0017547
0.00025331 2.0885e-06 8.2605e-05 0.0017824
0.00025001 2.1613e-06 8.3773e-05 0.0018115
0.00024716 2.2448e-06 8.5001e-05 0.0018417
0.00024409 2.3191e-06 8.6193e-05 0.0018714
0.00024146 2.3848e-06 8.735e-05 0.0019023
0.00023861 2.4618e-06 8.8571e-05 0.0019326
0.00023537 2.5296e-06 8.9754e-05 0.0019622
0.00023271 2.6111e-06 9.1011e-05 0.0019909
0.0002305 2.6302e-06 9.2345e-05 0.0020212
0.0002287 2.6608e-06 9.3758e-05 0.002053
0.00022296 2.7034e-06 9.3849e-05 0.002084
0.00021677 2.7374e-06 9.3916e-05 0.0021144
0.00021146 2.7819e-06 9.402e-05 0.0021461
0.0002069 2.8372e-06 9.4162e-05 0.0021791
0.00020301 2.9039e-06 9.4341e-05 0.0021863
0.00019888 2.9623e-06 9.8193e-05 0.0021934
0.00019441 3.032e-06 0.00010222 0.0022009
0.00019046 3.1116e-06 0.00010639 0.0022087
0.00018701 3.2025e-06 0.00011073 0.002217
0.00018394 3.2863e-06 0.00011502 0.0022256
0.00018075 3.3637e-06 0.00011925 0.0022341
0.00017742 3.4345e-06 0.00012342 0.0022424
0.00017385 3.4992e-06 0.00012755 0.0022506
0.00017066 3.5727e-06 0.00013182 0.0022592
0.00016732 3.6396e-06 0.00013603 0.0022676
0.00015482 3.7195e-06 0.00014043 0.0022759
0.00014394 3.8133e-06 0.00014503 0.0022846
0.00013238 3.8974e-06 0.00014954 0.002293
0.00011953 3.9702e-06 0.00015393 0.0023012
0.00010867 4.0615e-06 0.00015856 0.00231
9.6886e-05 4.1411e-06 0.00016307 0.0023184
8.6775e-05 4.2361e-06 0.00016779 0.0023274
7.5815e-05 4.3495e-06 0.00017276 0.0023361
6.6388e-05 4.4808e-06 0.00017797 0.0023453
5.6242e-05 4.6314e-06 0.00018342 0.002355
5.4114e-05 4.7735e-06 0.00018874 0.0023644
5.2259e-05 4.9331e-06 0.00019428 0.0023743
5.0279e-05 5.0812e-06 0.00019971 0.002384
4.857e-05 5.249e-06 0.00020539 0.0023942
4.711e-05 5.4382e-06 0.00021131 0.0024041
4.5552e-05 5.6151e-06 0.00021713 0.0024138
4.4167e-05 5.8096e-06 0.00022316 0.0024239
4.295e-05 6.0224e-06 0.00022939 0.0024343
4.1858e-05 6.2534e-06 0.00023583 0.0024447
4.0724e-05 6.4754e-06 0.0002422 0.0024549
3.9548e-05 6.6889e-06 0.00024851 0.002465
3.8135e-05 6.9215e-06 0.00025503 0.0024754
3.6675e-05 7.1459e-06 0.0002615 0.0024858
3.537e-05 7.3908e-06 0.00026818 0.0024966
3.4004e-05 7.6246e-06 0.00027435 0.0025078
3.2783e-05 7.8799e-06 0.00028072 0.0025194
3.17e-05 8.1594e-06 0.00028733 0.0025315
3.0746e-05 8.4672e-06 0.00029383 0.0025294
2.9736e-05 8.7595e-06 0.00030022 0.0025271
2.8668e-05 9.0373e-06 0.00030651 0.0025247
2.7736e-05 9.3454e-06 0.00031306 0.0025226
2.6748e-05 9.6382e-06 0.00031951 0.0025204
2.5698e-05 9.915e-06 0.00032585 0.002518
2.4824e-05 1.0343e-05 0.00033252 0.0025154
2.4092e-05 1.0828e-05 0.00033953 0.0025132
2.3485e-05 1.1377e-05 0.00034692 0.0025114
2.2809e-05 1.1889e-05 0.00035277 0.0025094
2.2023e-05 1.237e-05 0.00035849 0.0025072
2.1166e-05 1.282e-05 0.00036408 0.0025049
2.0454e-05 1.3334e-05 0.00036997 0.0025029
1.9853e-05 1.391e-05 0.00037615 0.0025014
1.9189e-05 1.4449e-05 0.00038217 0.0024996
1.8466e-05 1.4954e-05 0.00038805 0.0024982
1.8286e-05 1.553e-05 0.00039426 0.0024972
1.8158e-05 1.5746e-05 0.0004003 0.0024965
1.7961e-05 1.5998e-05 0.00040665 0.0024869
1.7729e-05 1.6227e-05 0.00041283 0.0024769
1.7559e-05 1.6495e-05 0.00042266 0.0024675
1.7444e-05 1.6531e-05 0.000433 0.0024587
1.7293e-05 1.6555e-05 0.00044309 0.0024497
1.7114e-05 1.6563e-05 0.00045295 0.0024403
1.6343e-05 1.6603e-05 0.00046254 0.0024315
1.5509e-05 1.6627e-05 0.00047193 0.0024224
1.4794e-05 1.6678e-05 0.00048174 0.0024139
1.3973e-05 1.6712e-05 0.00049134 0.002405
1.308e-05 1.6776e-05 0.00050142 0.0023959
1.2107e-05 1.6822e-05 0.00051126 0.0023865
1.1301e-05 1.69e-05 0.00052159 0.0023777
1.0425e-05 1.6959e-05 0.00053165 0.0023686
9.6901e-06 1.7051e-05 0.00054225 0.0023601
8.8918e-06 1.6792e-05 0.00054535 0.0023513
8.2215e-06 1.6575e-05 0.00054863 0.002343
7.4871e-06 1.6335e-05 0.00055182 0.0023345
6.8702e-06 1.6135e-05 0.00055521 0.0023265
6.1938e-06 1.5912e-05 0.00055849 0.0023183
5.6257e-06 1.5729e-05 0.000562 0.0023106
5.158e-06 1.5523e-05 0.0005654 0.0023027
4.7669e-06 1.5353e-05 0.00056867 0.0022952
4.6988e-06 1.5163e-05 0.00056894 0.0022882
4.6147e-06 1.4953e-05 0.00056915 0.0022809
4.5546e-06 1.4777e-05 0.00056946 0.0022742
4.4777e-06 1.458e-05 0.00056971 0.0022671
4.4261e-06 1.4415e-05 0.00057006 0.0022598
4.3623e-06 1.4229e-05 0.00057035 0.0022523
4.3239e-06 1.4079e-05 0.00057076 0.0022453
4.269e-06 1.3908e-05 0.0005711 0.0022381
4.1987e-06 1.3196e-05 0.0005686 0.0022306
4.1127e-06 1.2441e-05 0.00056601 0.0022228
4.0558e-06 1.1774e-05 0.0005636 0.0022156
3.9823e-06 1.1188e-05 0.0005611 0.0022081
3.9337e-06 9.9632e-06 0.00055876 0.0022011
3.7936e-06 8.8786e-06 0.00055658 0.0021939
3.6894e-06 7.918e-06 0.00054855 0.0021873
3.5584e-06 6.8999e-06 0.00054031 0.0021804
3.4096e-06 5.9875e-06 0.00053246 0.0021733
3.242e-06 5.0218e-06 0.00052374 0.002166
3.0549e-06 3.9941e-06 0.00051547 0.0021584
2.4736e-06 3.8399e-06 0.00050698 0.0021506
1.9747e-06 3.705e-06 0.00049888 0.0021432
1.4288e-06 3.5563e-06 0.00049057 0.0021356
8.3682e-07 3.3863e-06 0.00048266 0.0021278
7.4913e-07 3.2025e-06 0.00047457 0.0021197
6.894e-07 3.0042e-06 0.00046629 0.0021113
6.3966e-07 2.8303e-06 0.00045843 0.0021035
5.8042e-07 2.6414e-06 0.00045037 0.0020953
5.3173e-07 2.4754e-06 0.00044273 0.0020877
4.594e-07 2.328e-06 0.00043543 0.0020806
3.7652e-07 2.1672e-06 0.00042795 0.0020733
3.0613e-07 2.0261e-06 0.00042085 0.0020664
3.1763e-07 1.8721e-06 0.00041356 0.0020593
3.2255e-07 1.7367e-06 0.00040665 0.0020519
3.3208e-07 1.5889e-06 0.00039956 0.0020451
3.4649e-07 1.4587e-06 0.00039283 0.0020387
3.5325e-07 1.3167e-06 0.00038593 0.0020321
3.6642e-07 1.1624e-06 0.00037884 0.0020253
3.2831e-07 1.0237e-06 0.00037209 0.0020189
2.8238e-07 8.7419e-07 0.00036517 0.0020123
2.4357e-07 7.4106e-07 0.00035861 0.0020062
2.6624e-07 6.2392e-07 0.00035236 0.0020005
2.9307e-07 5.1774e-07 0.00034639 0.0019951
3.1334e-07 4.0233e-07 0.00034027 0.0019896
3.3802e-07 2.9727e-07 0.00033443 0.0019844
3.559e-07 2.9515e-07 0.00032844 0.0019791
3.6708e-07 3.8715e-07 0.00032229 0.0019734
2.9215e-07 1.1234e-06 0.0002593 0.0019151
2.7701e-07 1.0989e-06 0.00025333 0.0019096
2.6616e-07 1.0812e-06 0.00024767 0.0019046
2.224e-07 1.0938e-06 0.00022647 0.0018861
2.0204e-07 1.0967e-06 0.00022135 0.0018813
1.8433e-07 1.1045e-06 0.00021645 0.0018768
1.6168e-07 1.1069e-06 0.00021146 0.0018722
1.4076e-07 1.113e-06 0.00020665 0.0018679
1.2119e-07 1.123e-06 0.00020201 0.0018638
9.7188e-08 1.1368e-06 0.00019754 0.0018597
1.1305e-07 1.1456e-06 0.000193 0.0018558
1.2991e-07 1.1585e-06 0.00018862 0.0018522
1.426e-07 1.1754e-06 0.00018441 0.0018485
1.5547e-07 1.1952e-06 0.00018032 0.001845
1.6461e-07 1.211e-06 0.00017618 0.0018414
1.7391e-07 1.2296e-06 0.00017217 0.001838
1.7946e-07 1.2442e-06 0.00016812 0.0018345
1.8557e-07 1.2622e-06 0.00016419 0.0018313
1.923e-07 1.2837e-06 0.00016039 0.0018283
1.997e-07 1.3089e-06 0.00015671 0.0018255
2.0784e-07 1.3378e-06 0.00015314 0.0018229
2.1648e-07 1.37e-06 0.00014968 0.0017981
2.2126e-07 1.398e-06 0.00014618 0.001773
2.2215e-07 1.4218e-06 0.00014264 0.0017478
2.242e-07 1.4501e-06 0.00013923 0.0017234
2.2142e-07 1.4841e-06 0.00013595 0.0016985
2.2141e-07 1.5259e-06 0.00013282 0.0016748
2.1393e-07 1.5749e-06 0.00012982 0.0016506
2.0869e-07 1.6317e-06 0.00012695 0.0016275
1.9806e-07 1.681e-06 0.00012401 0.0016038
1.8985e-07 1.7385e-06 0.00012121 0.0015811
1.8432e-07 1.7886e-06 0.00011833 0.0015051
1.8075e-07 1.8472e-06 0.00011559 0.0014322
1.7956e-07 1.7855e-06 0.00011298 0.0013625
1.807e-07 1.7336e-06 0.0001105 0.0012959
1.8421e-07 1.6907e-06 0.00010815 0.0012323
1.806e-07 1.6401e-06 0.00010573 0.0011672
1.7954e-07 1.5987e-06 0.00010343 0.0011052
1.7328e-07 1.5658e-06 0.00010125 0.0010459
1.6895e-07 1.5392e-06 9.9161e-05 0.00098912
1.6609e-07 1.5189e-06 9.716e-05 0.00093448
1.589e-07 1.4931e-06 9.5125e-05 0.00087911
1.4605e-07 1.462e-06 9.3055e-05 0.00082302
1.3389e-07 1.4244e-06 9.1056e-05 0.00076867
1.2202e-07 1.3909e-06 8.912e-05 0.00071591
1.0626e-07 1.3529e-06 8.7158e-05 0.00071058
8.66e-08 1.3101e-06 8.5171e-05 0.00070518
6.7107e-08 1.2714e-06 8.3244e-05 0.00069996
9.4745e-08 1.2376e-06 8.1292e-05 0.00069466
1.2317e-07 1.2073e-06 7.9399e-05 0.00068954
1.4751e-07 1.1727e-06 7.7482e-05 0.00068434
1.7329e-07 1.1415e-06 7.5527e-05 0.00067933
2.0081e-07 1.1142e-06 7.3639e-05 0.00067452
2.3047e-07 1.0908e-06 7.1816e-05 0.00066991
2.6439e-07 1.0629e-06 6.9968e-05 0.00066548
3.0182e-07 1.0391e-06 6.8188e-05 0.00066125
3.3405e-07 1.0106e-06 6.6379e-05 0.00065694
3.7185e-07 9.8702e-07 6.4647e-05 0.00065066
4.0351e-07 9.5815e-07 6.288e-05 0.00064426
4.4055e-07 9.3397e-07 6.1187e-05 0.00063814
4.6231e-07 9.1439e-07 5.9567e-05 0.0006323
4.7783e-07 8.9924e-07 5.8017e-05 0.00062632
4.9724e-07 8.8747e-07 5.6526e-05 0.00062059
5.1994e-07 8.7831e-07 5.5083e-05 0.00061188
5.3796e-07 8.6528e-07 5.3621e-05 0.00060309
5.5929e-07 8.5473e-07 5.2206e-05 0.00059456
5.7619e-07 8.4056e-07 5.0775e-05 0.00058776
5.9576e-07 8.2822e-07 4.9383e-05 0.00058116
6.1088e-07 8.1228e-07 4.7975e-05 0.00057448
6.2873e-07 7.981e-07 4.6606e-05 0.00056799
6.4211e-07 7.8033e-07 4.5221e-05 0.00056144
6.5103e-07 7.5898e-07 4.3821e-05 0.00055482
6.6332e-07 7.3937e-07 4.2458e-05 0.0005484
6.7111e-07 7.1617e-07 4.108e-05 0.00054192
6.8237e-07 6.9508e-07 3.9744e-05 0.00053564
6.891e-07 6.7045e-07 3.8393e-05 0.0005293
6.998e-07 6.4755e-07 3.7079e-05 0.00052314
7.1366e-07 6.2623e-07 3.5801e-05 0.00051716
7.226e-07 6.0645e-07 3.4558e-05 0.00051112
7.3472e-07 5.8806e-07 3.335e-05 0.00050525
7.4236e-07 5.6627e-07 3.2128e-05 0.00049933
7.1553e-07 5.4583e-07 3.0939e-05 0.00049334
6.8386e-07 5.2187e-07 2.9736e-05 0.00048728
6.5646e-07 4.9957e-07 2.8569e-05 0.00048142
6.3255e-07 4.7852e-07 2.7434e-05 0.00047574
6.0386e-07 4.5396e-07 2.6284e-05 0.00047
5.7905e-07 4.3091e-07 2.517e-05 0.00046445
5.5795e-07 4.0928e-07 2.4089e-05 0.00045908
5.3178e-07 3.8397e-07 2.2992e-05 0.00045363
4.9895e-07 3.615e-07 2.1944e-05 0.00044845
4.7439e-07 3.4159e-07 2.0941e-05 0.00044312
4.4192e-07 3.2478e-07 1.9895e-05 0.00043809
4.165e-07 3.107e-07 1.89e-05 0.00043334
3.9655e-07 2.9869e-07 1.7951e-05 0.00042882
3.8109e-07 2.8833e-07 1.7041e-05 0.00042453
3.592e-07 2.7359e-07 1.6106e-05 0.00042011
2.7188e-07 2.0675e-07 1.2499e-05 0.00040028
2.3956e-07 1.8217e-07 1.1568e-05 0.00039517
2.1202e-07 1.595e-07 1.0679e-05 0.00039033
2.0355e-07 1.3832e-07 9.833e-06 0.00038575
2.1725e-07 1.1271e-07 8.9609e-06 0.00038102
1.8897e-07 8.8836e-08 8.1306e-06 0.00037615
1.6675e-07 6.6341e-08 7.3401e-06 0.00037151
1.5443e-07 4.4893e-08 6.5872e-06 0.00036673
1.447e-07 5.3887e-08 6.5762e-06 0.00036221
1.2961e-07 5.9566e-08 6.558e-06 0.00035792
1.0927e-07 6.5018e-08 6.5477e-06 0.0003535
8.3097e-08 7.0324e-08 6.5453e-06 0.00034896
5.1354e-08 7.5561e-08 6.5509e-06 0.00034464
5.6479e-08 7.7394e-08 6.547e-06 0.00034019
5.7416e-08 7.5717e-08 6.533e-06 0.00033561
5.8376e-08 7.0636e-08 6.5097e-06 0.00033125
5.4809e-08 1.1009e-07 6.479e-06 0.00032675
9.1659e-08 1.4486e-07 6.4389e-06 0.00032212
1.4732e-07 1.8328e-07 6.4067e-06 0.00031775
1.9766e-07 2.1794e-07 6.3675e-06 0.0003133
2.4315e-07 2.4907e-07 6.3216e-06 0.00030878
2.8393e-07 2.7673e-07 6.2693e-06 0.0003042
3.2788e-07 3.054e-07 6.2202e-06 0.00029977
3.6668e-07 3.3037e-07 6.1641e-06 0.00029527
4.2398e-07 3.5691e-07 6.1122e-06 0.00029095
4.7517e-07 3.7933e-07 6.0526e-06 0.00028655
5.2004e-07 3.9766e-07 5.9852e-06 0.00028207
5.7159e-07 4.1182e-07 5.9099e-06 0.00027775
6.1641e-07 4.2186e-07 5.8266e-06 0.00027334
6.6855e-07 4.3392e-07 5.7487e-06 0.00026912
7.28e-07 4.4773e-07 5.6753e-06 0.00026481
7.8052e-07 4.575e-07 5.5944e-06 0.00026043
8.257e-07 4.6302e-07 5.5053e-06 0.00025594
8.7921e-07 4.7066e-07 5.4215e-06 0.00025164
9.437e-07 4.7363e-07 5.3289e-06 0.00024754
1.0198e-06 4.7956e-07 5.243e-06 0.00024363
1.115e-06 4.8071e-07 5.1481e-06 0.00023992
1.1906e-06 4.8506e-07 5.0602e-06 0.0002364
1.2796e-06 4.919e-07 4.9778e-06 0.00023304
1.3837e-06 5.0124e-07 4.9005e-06 0.00022984
1.4758e-06 5.0575e-07 4.8145e-06 0.00022654
1.5865e-06 5.134e-07 4.7346e-06 0.00022341
1.7241e-06 5.2389e-07 4.6453e-06 0.00022044
1.8471e-06 5.2942e-07 4.5471e-06 0.00021737
1.9869e-06 5.3765e-07 4.4527e-06 0.00021442
2.1441e-06 5.4764e-07 4.3615e-06 0.00021158
2.3178e-06 5.5893e-07 4.2726e-06 0.00020883
2.4828e-06 5.6673e-07 4.1776e-06 0.00020604
2.4335e-06 5.7623e-07 4.0853e-06 0.00020335
2.3773e-06 5.8209e-07 3.9868e-06 0.00020062
2.3317e-06 5.8967e-07 3.891e-06 0.00019798
2.2177e-06 5.9907e-07 3.7978e-06 0.0001953
2.096e-06 6.0492e-07 3.6986e-06 0.00019256
1.9865e-06 6.1204e-07 3.601e-06 0.00018991
1.8879e-06 6.2043e-07 3.5049e-06 0.00018735
1.7826e-06 6.2538e-07 3.4031e-06 0.00018474
1.6705e-06 6.2693e-07 3.2956e-06 0.00018209
1.5699e-06 6.2998e-07 3.1899e-06 0.00017954
9.8938e-07 6.3456e-07 3.0859e-06 0.00017706
9.4458e-07 6.3573e-07 2.9762e-06 0.00017455
9.0538e-07 6.3843e-07 2.8681e-06 0.00017211
8.714e-07 6.4268e-07 2.7616e-06 0.00016976
8.417e-07 6.4362e-07 2.6496e-06 0.00016737
8.1594e-07 6.4612e-07 2.5391e-06 0.00016507
7.8538e-07 6.4519e-07 2.4229e-06 0.00016272
7.5022e-07 6.4094e-07 2.3013e-06 0.00016034
7.1891e-07 6.3791e-07 2.1806e-06 0.00015803
6.8272e-07 6.3138e-07 2.0541e-06 0.00015569
6.4105e-07 6.2106e-07 1.9216e-06 0.0001533
5.8469e-07 6.1475e-07 1.7938e-06 0.00015083
6.3684e-07 6.033e-07 1.658e-06 0.00014828
6.5998e-07 5.9598e-07 1.527e-06 0.00014565
6.0954e-07 5.9269e-07 1.4005e-06 0.00014314
5.4977e-07 5.8396e-07 1.2658e-06 0.00014055
4.8026e-07 5.6975e-07 1.1227e-06 0.00013787
4.2093e-07 5.5902e-07 9.8327e-07 0.00013532
3.7197e-07 5.4254e-07 8.3549e-07 0.00013269
3.2965e-07 5.2918e-07 6.9092e-07 0.00013017
3.6977e-07 5.1068e-07 5.3849e-07 0.00012758
4.1598e-07 4.9514e-07 3.8902e-07 0.00012511
4.6897e-07 4.8226e-07 2.4207e-07 0.00012275
5.1547e-07 4.7146e-07 9.6742e-08 0.00012033
5.728e-07 4.5624e-07 8.4282e-08 0.00011802
6.3663e-07 4.426e-07 6.8645e-08 0.00011579
7.0755e-07 4.2505e-07 1.1229e-07 0.00011363
7.7253e-07 5.5024e-07 1.5119e-07 0.00011143
8.4403e-07 6.8283e-07 1.8742e-07 0.0001093
9.239e-07 8.0971e-07 2.189e-07 0.00010713
9.977e-07 9.3117e-07 2.4568e-07 0.00010492
1.0655e-06 1.0473e-06 2.6776e-07 0.00010268
1.1417e-06 1.1715e-06 2.8727e-07 0.0001004
1.2271e-06 1.3045e-06 3.0424e-07 9.8192e-05
1.3216e-06 1.4461e-06 3.1854e-07 9.6047e-05
1.4087e-06 1.5811e-06 3.2804e-07 9.386e-05
1.5115e-06 1.7303e-06 3.3559e-07 9.1614e-05
1.6385e-06 1.8062e-06 3.4138e-07 8.9472e-05
1.7887e-06 1.8931e-06 3.4542e-07 8.7431e-05
1.9249e-06 1.972e-06 3.4423e-07 8.5331e-05
2.0477e-06 2.0431e-06 3.3778e-07 8.317e-05
2.2169e-06 2.1047e-06 4.7479e-07 8.4215e-05
2.3549e-06 2.1572e-06 6.0393e-07 8.5338e-05
2.5239e-06 2.2013e-06 7.2566e-07 8.6541e-05
2.6734e-06 2.2555e-06 8.4997e-07 8.7685e-05
2.8046e-06 2.3012e-06 9.668e-07 8.877e-05
2.919e-06 2.3601e-06 1.0871e-06 8.9935e-05
3.0616e-06 2.4317e-06 1.2111e-06 9.1184e-05
3.2366e-06 2.5171e-06 1.3392e-06 9.2519e-05
3.3869e-06 2.5928e-06 1.4595e-06 9.3792e-05
3.5018e-06 2.6813e-06 1.5832e-06 9.5007e-05
3.6003e-06 2.7592e-06 1.6987e-06 9.6166e-05
3.6835e-06 2.8275e-06 1.8063e-06 9.727e-05
3.7934e-06 2.9101e-06 1.9181e-06 9.7916e-05
3.9297e-06 3.0064e-06 2.0337e-06 9.8627e-05
4.0951e-06 3.1172e-06 2.153e-06 9.9403e-05
4.2934e-06 3.244e-06 2.2764e-06 0.00010025
4.5527e-06 3.3528e-06 2.3916e-06 0.00010116
4.8516e-06 3.4753e-06 2.51e-06 0.00010213
5.1339e-06 3.7277e-06 2.6218e-06 0.00010306
5.45e-06 4.0003e-06 2.7356e-06 0.00010404
5.8021e-06 4.2938e-06 2.8512e-06 0.00010507
5.7757e-06 4.6074e-06 2.9682e-06 0.00010613
5.7416e-06 4.9119e-06 3.0794e-06 0.00010717
5.7228e-06 5.2391e-06 3.1924e-06 0.00010826
5.6963e-06 5.5571e-06 3.2996e-06 0.00010931
5.2068e-06 5.8965e-06 3.4082e-06 0.00011041
4.7598e-06 6.2587e-06 3.5182e-06 0.00011154
4.3516e-06 6.6117e-06 3.6225e-06 0.00011272
3.9789e-06 6.9886e-06 3.7284e-06 0.00011394
3.6411e-06 7.3942e-06 3.8364e-06 0.00011521
3.2912e-06 7.7897e-06 3.9387e-06 0.00011645
2.9747e-06 8.2153e-06 4.0433e-06 0.00011774
2.6884e-06 8.6731e-06 4.1501e-06 0.00011909
2.4268e-06 9.1623e-06 4.2589e-06 0.0001204
2.154e-06 9.6385e-06 4.3616e-06 0.00012168
1.8684e-06 1.0101e-05 4.4581e-06 0.00012293
1.6273e-06 1.0544e-05 4.5471e-06 0.00012426
1.4337e-06 1.0558e-05 4.641e-06 0.00012553
1.2607e-06 1.0588e-05 4.7385e-06 0.00012687
1.04e-06 1.061e-05 4.829e-06 0.00012816
8.3849e-07 1.0644e-05 4.922e-06 0.00012951
6.2755e-07 1.0671e-05 5.0088e-06 0.00013082
4.3371e-07 1.0711e-05 5.0978e-06 0.00013211
4.3307e-07 1.0744e-05 5.1808e-06 0.00013336
4.3468e-07 1.0792e-05 5.2665e-06 0.00013466
4.3221e-07 1.0833e-05 5.3464e-06 0.00013594
4.3195e-07 1.0888e-05 5.4291e-06 0.00013361
4.2752e-07 1.0936e-05 5.5059e-06 0.00013125
4.2523e-07 1.0999e-05 5.5854e-06 0.00012896
4.188e-07 1.1055e-05 5.659e-06 0.00012664
4.1402e-07 1.1123e-05 5.7348e-06 0.00012437
4.0524e-07 1.1186e-05 5.8048e-06 0.00012208
3.9246e-07 1.1242e-05 5.8691e-06 0.00011975
3.7555e-07 1.1291e-05 5.9273e-06 0.00011739
3.5391e-07 1.1353e-05 5.9878e-06 0.000115
3.281e-07 1.1408e-05 6.0423e-06 0.00011257
3.0444e-07 1.1478e-05 6.0997e-06 0.00011021
2.8226e-07 1.1562e-05 6.1594e-06 0.00010792
2.5602e-07 1.1638e-05 6.2131e-06 0.0001056
2.257e-07 1.1708e-05 6.2608e-06 0.00010324
2.9174e-07 1.177e-05 6.3025e-06 0.00010084
3.6294e-07 1.1848e-05 6.3472e-06 9.8515e-05
4.4006e-07 1.1941e-05 6.3948e-06 9.6258e-05
5.231e-07 1.2028e-05 6.4366e-06 9.4061e-05
6.1406e-07 1.2131e-05 6.4818e-06 9.1932e-05
6.9758e-07 1.2225e-05 6.5202e-06 8.9763e-05
7.9159e-07 1.2342e-05 6.5642e-06 8.7674e-05
8.7708e-07 1.2446e-05 6.6001e-06 8.553e-05
9.541e-07 1.2538e-05 6.6282e-06 8.3329e-05
1.0234e-06 1.2618e-05 6.6482e-06 8.1221e-05
1.1038e-06 1.2722e-05 6.6742e-06 7.92e-05
1.0689e-06 1.2813e-05 6.6922e-06 7.7257e-05
1.0424e-06 1.2926e-05 6.7151e-06 7.5393e-05
1.0211e-06 1.3055e-05 6.7411e-06 7.3583e-05
1.005e-06 1.3204e-05 6.7704e-06 7.1828e-05
9.931e-07 1.337e-05 6.8024e-06 7.0043e-05
9.8533e-07 1.3553e-05 6.837e-06 6.8303e-05
9.8223e-07 1.3756e-05 6.8748e-06 6.6614e-05
9.8308e-07 1.3952e-05 6.9067e-06 6.4967e-05
9.7932e-07 1.414e-05 6.9328e-06 6.3292e-05
9.7074e-07 1.432e-05 6.9528e-06 6.1588e-05
9.5756e-07 1.4492e-05 6.967e-06 5.9856e-05
9.4898e-07 1.4684e-05 6.9844e-06 5.8173e-05
9.4515e-07 1.4897e-05 7.005e-06 5.6535e-05
1.2232e-06 1.5102e-05 7.0196e-06 5.4869e-05
1.4915e-06 1.5299e-05 7.0283e-06 5.3175e-05
1.7502e-06 1.5488e-05 7.0311e-06 5.1454e-05
2.0385e-06 1.5698e-05 7.0371e-06 4.9779e-05
2.353e-06 1.5929e-05 7.0458e-06 4.8143e-05
2.6558e-06 1.615e-05 7.0483e-06 4.6479e-05
2.947e-06 1.6363e-05 7.0448e-06 4.4786e-05
3.2693e-06 1.6599e-05 7.0446e-06 4.3138e-05
3.6292e-06 1.6862e-05 7.0485e-06 4.1539e-05
4.0404e-06 1.6719e-05 7.0581e-06 4e-05
4.4173e-06 1.6536e-05 7.077e-06 3.8407e-05
4.8554e-06 1.6399e-05 7.0844e-06 3.688e-05
5.3908e-06 1.6244e-05 7.0819e-06 3.5416e-05
5.8874e-06 1.607e-05 7.0701e-06 3.3902e-05
6.3517e-06 1.588e-05 7.0496e-06 3.2343e-05
6.8837e-06 1.5719e-05 7.0352e-06 3.0841e-05
7.3776e-06 1.4966e-05 7.0108e-06 2.9291e-05
7.4423e-06 1.4281e-05 6.9921e-06 2.7794e-05
7.4921e-06 1.3566e-05 6.9653e-06 2.6254e-05
7.5302e-06 1.2825e-05 6.9309e-06 2.4677e-05
7.5875e-06 1.214e-05 6.9006e-06 2.3142e-05
7.6724e-06 1.1434e-05 6.8634e-06 2.1574e-05
7.4025e-06 1.0785e-05 6.8307e-06 2.0052e-05
7.1655e-06 1.0113e-05 6.8031e-06 1.8572e-05
6.9552e-06 9.4897e-06 6.779e-06 1.7128e-05
6.7695e-06 8.9103e-06 6.7584e-06 1.5717e-05
6.6096e-06 8.3766e-06 6.742e-06 1.4343e-05
6.4726e-06 7.8828e-06 6.7294e-06 1.3003e-05
6.3216e-06 7.3682e-06 6.7092e-06 1.1628e-05
6.2001e-06 6.9033e-06 6.6949e-06 1.0298e-05
6.0586e-06 6.747e-06 6.6718e-06 1.0435e-05
5.9493e-06 6.6129e-06 6.6558e-06 1.0582e-05
5.8232e-06 6.4669e-06 6.6311e-06 1.0705e-05
5.7268e-06 6.3419e-06 6.6132e-06 1.0839e-05
5.6054e-06 6.2365e-06 6.6021e-06 1.0983e-05
5.4623e-06 6.1193e-06 6.5819e-06 1.1139e-05
5.3494e-06 6.0208e-06 6.5685e-06 1.0456e-05
5.2195e-06 5.9111e-06 6.5461e-06 9.7432e-06
5.0719e-06 5.7898e-06 6.5149e-06 9.0003e-06
4.9535e-06 5.6868e-06 6.4902e-06 8.2802e-06
4.8184e-06 5.5726e-06 6.4566e-06 7.5303e-06
4.7202e-06 5.4766e-06 6.4297e-06 6.8036e-06
4.7391e-06 5.3697e-06 6.3941e-06 7.0948e-06
4.7813e-06 5.281e-06 6.3654e-06 7.396e-06
4.8483e-06 5.2098e-06 6.3438e-06 7.7081e-06
4.9421e-06 5.1554e-06 6.3293e-06 8.032e-06
5.001e-06 5.0897e-06 6.3054e-06 8.3698e-06
5.0273e-06 5.0063e-06 6.2331e-06 8.6798e-06
5.0372e-06 4.9111e-06 6.1511e-06 9.0041e-06
5.0769e-06 4.8327e-06 6.0762e-06 9.3409e-06
5.1413e-06 4.7704e-06 6.0083e-06 9.6908e-06
5.1806e-06 4.7233e-06 5.947e-06 1.0054e-05
5.2537e-06 4.6927e-06 5.8935e-06 1.0436e-05
5.3077e-06 4.6515e-06 5.8307e-06 1.0787e-05
5.3908e-06 4.6264e-06 5.7755e-06 1.1156e-05
5.4376e-06 4.4127e-06 5.7278e-06 1.1545e-05
5.4668e-06 4.4699e-06 5.6703e-06 1.1953e-05
5.5211e-06 4.5423e-06 5.6191e-06 1.2378e-05
5.5574e-06 4.6029e-06 5.5581e-06 1.2772e-05
5.3841e-06 4.6808e-06 5.5045e-06 1.3187e-05
5.1705e-06 4.7773e-06 5.4581e-06 1.3624e-05
4.995e-06 4.8916e-06 5.4177e-06 1.403e-05
4.8571e-06 5.0252e-06 5.3832e-06 1.4455e-05
4.6996e-06 5.1457e-06 5.3397e-06 1.4849e-05
4.5727e-06 5.2862e-06 5.3021e-06 1.5263e-05
4.4764e-06 5.451e-06 5.2713e-06 1.5701e-05
4.3404e-06 5.6013e-06 5.2316e-06 1.6108e-05
4.1814e-06 5.7773e-06 5.1986e-06 1.6483e-05
4.0963e-06 5.937e-06 5.1562e-06 1.6881e-05
3.9127e-06 5.8897e-06 5.1195e-06 1.7247e-05
3.7064e-06 5.83e-06 5.0735e-06 1.7581e-05
3.5369e-06 5.7885e-06 5.0339e-06 1.7939e-05
3.3314e-06 5.7359e-06 4.9856e-06 1.8266e-05
3.1045e-06 5.6719e-06 4.9286e-06 1.8563e-05
2.9161e-06 5.6261e-06 4.8781e-06 1.8883e-05
2.6163e-06 5.5982e-06 4.834e-06 1.9171e-05
2.2854e-06 5.558e-06 4.7615e-06 1.9427e-05
2.0025e-06 5.4683e-06 4.6948e-06 1.9703e-05
1.689e-06 5.3981e-06 4.6346e-06 1.9946e-05
1.4274e-06 5.3443e-06 4.5799e-06 2.0211e-05
1.1413e-06 5.2792e-06 4.5163e-06 2.0444e-05
9.1536e-07 5.232e-06 4.4591e-06 2.0645e-05
8.8732e-07 4.9233e-06 4.4081e-06 2.0814e-05
8.506e-07 4.5934e-06 4.3484e-06 2.0951e-05
8.0128e-07 4.3028e-06 4.2948e-06 2.0998e-05
7.3923e-07 4.0471e-06 4.2472e-06 2.1011e-05
6.8769e-07 3.8197e-06 4.2044e-06 2.1045e-05
6.2608e-07 3.5735e-06 4.1526e-06 2.1102e-05
5.7566e-07 3.3571e-06 4.1066e-06 2.1183e-05
5.3732e-07 3.1673e-06 4.0662e-06 2.1207e-05
5.0739e-07 3.0013e-06 4.0314e-06 2.1197e-05
4.693e-07 2.8263e-06 3.9876e-06 2.1156e-05
4.3896e-07 2.6732e-06 3.9494e-06 2.1137e-05
4.1551e-07 2.5397e-06 3.9164e-06 2.1143e-05
4.0085e-07 2.424e-06 3.8888e-06 2.1171e-05
3.9097e-07 2.3225e-06 3.8654e-06 2.122e-05
3.7418e-07 2.2358e-06 3.8472e-06 2.1237e-05
3.4597e-07 2.1611e-06 3.8333e-06 2.1273e-05
3.2287e-07 2.0974e-06 3.8235e-06 2.133e-05
3.0669e-07 2.025e-06 3.8056e-06 2.1356e-05
2.952e-07 1.9646e-06 3.7927e-06 2.1406e-05
2.772e-07 1.9154e-06 3.7849e-06 2.1424e-05
2.6327e-07 1.8766e-06 3.7821e-06 2.1411e-05
2.4297e-07 1.8476e-06 3.7844e-06 2.1365e-05
2.2701e-07 1.811e-06 3.7784e-06 2.1343e-05
2.1484e-07 1.7838e-06 3.7775e-06 2.1345e-05
2.0611e-07 1.7658e-06 3.7815e-06 2.1371e-05
1.9115e-07 1.7567e-06 3.7905e-06 2.1364e-05
1.7952e-07 1.7563e-06 3.8046e-06 2.1325e-05
1.6221e-07 1.7646e-06 3.8229e-06 2.1255e-05
1.4796e-07 1.7657e-06 3.833e-06 2.1209e-05
1.2521e-07 1.7756e-06 3.8481e-06 2.1183e-05
9.6845e-08 1.7782e-06 3.855e-06 2.1181e-05
7.1818e-08 1.7896e-06 3.8671e-06 2.1146e-05
5.1233e-08 1.7931e-06 3.8704e-06 2.1078e-05
3.2535e-08 1.8045e-06 3.878e-06 2.103e-05
3.7713e-08 1.8085e-06 3.8773e-06 2.0952e-05
4.2476e-08 1.8204e-06 3.8809e-06 2.0894e-05
4.6942e-08 1.8404e-06 3.8888e-06 2.0803e-05
5.1233e-08 1.8685e-06 3.9009e-06 2.0682e-05
5.5437e-08 1.7788e-06 3.6621e-06 2.0581e-05
5.4028e-08 1.8856e-06 3.4116e-06 2.0449e-05
5.2816e-08 1.8696e-06 3.1723e-06 2.0341e-05
4.4677e-08 1.8616e-06 2.9421e-06 2.0201e-05
3.6894e-08 1.8457e-06 2.7007e-06 2.008e-05
3.1337e-08 1.8196e-06 2.4683e-06 1.9929e-05
3.1082e-08 1.8051e-06 2.2247e-06 1.9797e-05
3.0581e-08 1.7995e-06 1.9911e-06 1.9689e-05
2.6413e-08 1.7687e-06 2.0512e-06 1.9548e-05
4.188e-08 1.7303e-06 2.1039e-06 1.9377e-05
5.796e-08 1.7001e-06 2.1591e-06 1.9226e-05
7.5037e-08 1.6779e-06 2.2169e-06 1.9094e-05
9.4201e-08 1.6374e-06 2.2785e-06 1.898e-05
1.1526e-07 1.6049e-06 2.3429e-06 1.8885e-05
1.3118e-07 1.5651e-06 2.3997e-06 1.876e-05
1.4923e-07 1.5331e-06 2.4595e-06 1.8654e-05
1.6198e-07 1.7095e-06 2.5129e-06 1.8517e-05
1.7708e-07 1.7353e-06 2.5694e-06 1.8399e-05
1.7418e-07 1.7693e-06 2.6291e-06 1.8252e-05
1.7385e-07 1.813e-06 2.6928e-06 1.8126e-05
1.7604e-07 1.8669e-06 2.7608e-06 1.8021e-05
1.8081e-07 1.9319e-06 2.8331e-06 1.7936e-05
1.8874e-07 1.9886e-06 2.8975e-06 1.7869e-05
1.9906e-07 2.0554e-06 2.9656e-06 1.7819e-05
2.0374e-07 2.113e-06 3.0253e-06 1.7738e-05
2.1146e-07 2.1825e-06 3.0896e-06 1.7678e-05
2.2262e-07 2.1295e-06 3.1586e-06 1.7588e-05
2.3738e-07 2.0876e-06 3.2326e-06 1.7467e-05
2.4644e-07 2.0375e-06 3.2984e-06 1.7317e-05
2.4985e-07 1.979e-06 3.356e-06 1.7138e-05
2.58e-07 1.9324e-06 3.4188e-06 1.6976e-05
2.701e-07 1.8961e-06 3.4867e-06 1.6835e-05
2.7638e-07 1.8519e-06 3.5463e-06 1.6665e-05
2.861e-07 1.8165e-06 3.6103e-06 1.6515e-05
2.896e-07 1.7728e-06 3.6655e-06 1.6334e-05
2.9729e-07 1.7388e-06 3.7261e-06 1.6173e-05
2.9516e-07 1.6966e-06 3.7778e-06 1.5981e-05
2.9726e-07 1.6521e-06 3.8255e-06 1.5811e-05
2.641e-07 1.6054e-06 3.8691e-06 1.5658e-05
2.3659e-07 1.5563e-06 3.9087e-06 1.5523e-05
1.9106e-07 1.505e-06 3.9442e-06 1.5358e-05
1.7711e-07 1.4514e-06 3.9756e-06 1.5092e-05
1.6732e-07 1.3956e-06 4.003e-06 1.4847e-05
1.4942e-07 1.3374e-06 4.0263e-06 1.462e-05
1.3447e-07 1.277e-06 4.0455e-06 1.4413e-05
1.3206e-07 1.2143e-06 4.0607e-06 1.4221e-05
1.5057e-07 1.1493e-06 4.0718e-06 1.3999e-05
1.6377e-07 1.0821e-06 4.0789e-06 1.3747e-05
1.8053e-07 1.0125e-06 4.0818e-06 1.3467e-05
2.0081e-07 9.4069e-07 4.0808e-06 1.3205e-05
2.2629e-07 8.6659e-07 4.0756e-06 1.2915e-05
2.2255e-07 7.9021e-07 4.0664e-06 1.2643e-05
2.2233e-07 7.2189e-07 4.0617e-06 1.2357e-05
2.163e-07 6.4623e-07 4.0486e-06 1.2058e-05
2.1307e-07 5.6302e-07 4.0272e-06 1.1745e-05
2.1265e-07 4.8997e-07 4.0111e-06 1.1418e-05
2.0587e-07 4.2478e-07 4.0003e-06 1.1078e-05
2.0232e-07 3.6731e-07 3.994e-06 1.0724e-05
1.9292e-07 3.0307e-07 3.9788e-06 1.0356e-05
1.8718e-07 2.4596e-07 3.9681e-06 9.9743e-06
1.7336e-07 1.9426e-07 3.9625e-06 9.579e-06
1.6195e-07 1.4767e-07 3.9622e-06 9.1981e-06
1.4381e-07 1.6091e-07 3.9537e-06 8.7894e-06
1.2856e-07 1.7553e-07 3.9503e-06 8.3528e-06
1.317e-07 1.8592e-07 3.9382e-06 8.9183e-06
1.3706e-07 1.9188e-07 3.9151e-06 9.5032e-06
1.4477e-07 1.9887e-07 3.8964e-06 1.0058e-05
1.4462e-07 2.0787e-07 3.8689e-06 1.058e-05
1.466e-07 2.1254e-07 3.8467e-06 1.1011e-05
1.1398e-07 2.0416e-07 1.6766e-06 9.6048e-06
9.0418e-08 1.9748e-07 1.368e-06 9.3087e-06
6.9996e-08 1.9185e-07 1.0703e-06 9.0245e-06
4.4445e-08 1.8722e-07 7.8268e-07 8.7184e-06
2.1658e-08 1.784e-07 7.6908e-07 8.4264e-06
2.1286e-08 1.6528e-07 8.9857e-07 8.1065e-06
1.7056e-08 1.4789e-07 1.0201e-06 7.7602e-06
1.2315e-08 1.2617e-07 1.1336e-06 6.3311e-06
1.6105e-08 1.0005e-07 1.2394e-06 6.2923e-06
1.4933e-08 7.5609e-08 1.3485e-06 6.2292e-06
7.5098e-09 9.0203e-08 1.4362e-06 6.1725e-06
5.7272e-09 1.0098e-07 1.5163e-06 6.1222e-06
1.1166e-08 1.0813e-07 1.5891e-06 6.0487e-06
1.5258e-08 1.1551e-07 1.6641e-06 5.9814e-06
1.8081e-08 1.2323e-07 1.7414e-06 5.8909e-06
2.0665e-08 1.2724e-07 1.8114e-06 5.8088e-06
2.2354e-08 1.319e-07 1.8735e-06 5.7025e-06
2.0348e-08 1.3729e-07 1.9386e-06 5.6023e-06
2.0507e-08 1.4318e-07 2.0063e-06 5.5079e-06
2.6605e-08 1.4513e-07 2.6559e-06 6.4452e-06
2.8919e-08 1.433e-07 3.2869e-06 7.347e-06
3.0436e-08 1.4197e-07 3.9448e-06 8.2845e-06
4.8701e-08 2.0476e-07 4.582e-06 9.255e-06
5.6696e-08 2.6119e-07 5.1988e-06 1.5688e-05
9.2465e-08 3.1183e-07 5.7972e-06 2.1975e-05
1.4615e-07 3.6809e-07 6.425e-06 2.4115e-05
2.0829e-07 4.4067e-07 7.084e-06 2.6194e-05
2.9573e-07 5.2172e-07 7.7757e-06 2.8213e-05
3.9934e-07 6.1124e-07 8.4984e-06 3.0326e-05
4.9191e-07 6.93e-07 9.2001e-06 3.254e-05
5.7361e-07 7.8502e-07 9.9375e-06 3.4848e-05
6.7713e-07 8.8726e-07 1.0142e-05 3.7085e-05
7.6661e-07 9.8088e-07 1.0334e-05 3.7493e-05
8.7176e-07 1.0661e-06 1.0515e-05 3.7942e-05
9.9718e-07 1.163e-06 1.0709e-05 3.8432e-05
1.1006e-06 1.2729e-06 1.0918e-05 3.8883e-05
1.1917e-06 1.3735e-06 1.1115e-05 3.9372e-05
1.3044e-06 1.4881e-06 1.1326e-05 3.9822e-05
1.4375e-06 1.6165e-06 1.1551e-05 4.0309e-05
1.1059e-06 3.1473e-06 1.4949e-05 3.4635e-05
1.0164e-06 3.0789e-06 1.4827e-05 3.394e-05
9.1344e-07 2.9998e-06 1.4692e-05 3.3289e-05
8.2619e-07 2.9336e-06 1.4571e-05 3.2676e-05
7.2632e-07 2.857e-06 1.4436e-05 3.2103e-05
6.4278e-07 2.5331e-06 1.4316e-05 3.1569e-05
5.4835e-07 2.2481e-06 1.3749e-05 3.1077e-05
4.6638e-07 1.991e-06 1.3207e-05 3.0616e-05
3.9513e-07 1.7585e-06 1.2688e-05 3.0182e-05
3.152e-07 1.5116e-06 1.2153e-05 2.9716e-05
2.448e-07 1.2878e-06 1.164e-05 2.9278e-05
1.8261e-07 1.0851e-06 1.1149e-05 2.8867e-05
1.6864e-07 1.0883e-06 1.064e-05 2.849e-05
1.6552e-07 1.0978e-06 1.0156e-05 2.8146e-05
1.6662e-07 1.1139e-06 9.6969e-06 2.7835e-05
1.7325e-07 1.1368e-06 9.2609e-06 2.7487e-05
1.7428e-07 1.0679e-06 8.847e-06 2.7102e-05
1.7793e-07 1.0082e-06 8.454e-06 2.675e-05
1.7551e-07 9.5688e-07 8.0808e-06 2.6425e-05
1.7517e-07 8.9342e-07 7.6921e-06 2.6126e-05
1.696e-07 8.226e-07 7.2887e-06 2.5794e-05
1.5499e-07 7.4423e-07 6.8706e-06 2.5489e-05
1.4313e-07 6.7493e-07 6.4725e-06 2.5212e-05
1.3363e-07 6.1369e-07 6.0936e-06 2.4965e-05
1.263e-07 5.5959e-07 5.7326e-06 2.4745e-05
1.1381e-07 4.9863e-07 5.357e-06 2.4492e-05
9.6066e-08 5.4184e-07 4.9667e-06 2.4204e-05
8.0371e-08 5.909e-07 4.5942e-06 2.3944e-05
6.6282e-08 6.4654e-07 4.2386e-06 2.3711e-05
5.351e-08 6.9572e-07 3.8657e-06 2.3505e-05
6.6726e-08 7.3819e-07 3.4783e-06 2.3266e-05
8.8671e-08 7.8737e-07 3.1081e-06 2.2994e-05
1.1334e-07 8.4398e-07 2.754e-06 2.275e-05
1.4153e-07 9.0783e-07 2.4136e-06 2.2528e-05
1.6403e-07 9.6455e-07 2.4447e-06 2.2275e-05
1.9041e-07 1.0143e-06 2.4684e-06 2.2047e-05
2.2144e-07 1.0569e-06 2.4847e-06 2.1846e-05
2.2075e-07 1.1075e-06 2.5054e-06 2.167e-05
2.1125e-07 1.1657e-06 2.5287e-06 2.1459e-05
2.1329e-07 1.2165e-06 2.5446e-06 2.1273e-05
2.1781e-07 1.275e-06 2.563e-06 2.1107e-05
2.2488e-07 1.3429e-06 2.5847e-06 2.0962e-05
2.3458e-07 1.3083e-06 2.6089e-06 2.0836e-05
2.481e-07 1.2801e-06 2.6358e-06 2.0728e-05
2.6462e-07 1.2579e-06 2.6651e-06 2.064e-05
2.8526e-07 1.2422e-06 2.6976e-06 2.0568e-05
3.0025e-07 1.2205e-06 2.7229e-06 2.0469e-05
3.1934e-07 1.2051e-06 2.7512e-06 2.039e-05
3.4473e-07 1.195e-06 2.7821e-06 2.0282e-05
3.639e-07 1.1788e-06 2.8055e-06 2.0145e-05
3.8711e-07 1.1675e-06 2.8313e-06 2.0025e-05
3.9273e-07 1.1507e-06 2.85e-06 1.9875e-05
4.0227e-07 1.139e-06 2.8712e-06 1.9743e-05
4.1582e-07 1.1323e-06 2.8951e-06 1.9627e-05
4.3364e-07 1.1306e-06 2.9215e-06 1.9529e-05
4.554e-07 1.133e-06 2.9501e-06 1.9403e-05
4.7146e-07 1.1304e-06 2.9718e-06 1.925e-05
4.9245e-07 1.132e-06 2.9956e-06 1.9114e-05
5.1888e-07 1.1387e-06 3.0223e-06 1.8995e-05
5.7e-07 1.1508e-06 3.0521e-06 1.8894e-05
6.1385e-07 1.1677e-06 3.0845e-06 1.8766e-05
6.6634e-07 1.1905e-06 3.1202e-06 1.8655e-05
7.2776e-07 1.2188e-06 3.1588e-06 1.8561e-05
8.0705e-07 1.2546e-06 3.2018e-06 2.0352e-05
8.7419e-07 1.2837e-06 3.2655e-06 2.2089e-05
9.5596e-07 1.3206e-06 3.3342e-06 2.3907e-05
1.0857e-06 1.366e-06 3.4071e-06 2.5808e-05
1.2031e-06 1.4047e-06 3.4723e-06 2.7659e-05
1.3377e-06 1.4499e-06 3.5408e-06 2.9574e-05
1.5111e-06 1.4885e-06 3.6015e-06 3.1439e-05
1.6696e-06 1.5205e-06 3.6545e-06 3.3256e-05
1.814e-06 1.546e-06 3.6999e-06 3.5025e-05
1.9837e-06 1.579e-06 3.7495e-06 3.5073e-05
2.1812e-06 1.6204e-06 3.8047e-06 3.5152e-05
2.3609e-06 1.6546e-06 3.852e-06 3.5198e-05
2.4195e-06 1.6969e-06 3.9036e-06 3.521e-05
2.4955e-06 1.7478e-06 3.9596e-06 3.525e-05
2.5908e-06 1.8077e-06 4.0203e-06 3.532e-05
2.6643e-06 1.8597e-06 4.0726e-06 3.5419e-05
2.7604e-06 1.9038e-06 4.1165e-06 3.5484e-05
2.8786e-06 1.9583e-06 4.1659e-06 3.5583e-05
2.8804e-06 2.024e-06 4.2211e-06 3.5716e-05
2.9005e-06 2.1018e-06 4.2819e-06 3.5884e-05
2.936e-06 2.19e-06 4.3471e-06 3.6078e-05
2.9598e-06 2.2696e-06 4.404e-06 3.6239e-05
2.9731e-06 2.3413e-06 4.4531e-06 3.6369e-05
2.975e-06 2.4048e-06 4.4942e-06 3.6465e-05
2.9942e-06 2.4798e-06 4.5403e-06 3.6592e-05
3.0338e-06 2.5677e-06 4.5919e-06 3.6752e-05
3.0606e-06 2.6704e-06 4.6495e-06 3.6875e-05
3.108e-06 2.7895e-06 4.7133e-06 3.696e-05
3.1427e-06 2.8979e-06 4.7685e-06 3.7011e-05
3.1637e-06 2.9951e-06 4.8146e-06 3.7024e-05
3.0183e-06 3.1072e-06 4.8661e-06 3.7068e-05
2.8536e-06 3.2076e-06 4.9083e-06 3.7074e-05
2.7187e-06 3.3251e-06 4.9568e-06 3.7115e-05
2.6161e-06 3.4593e-06 5.0108e-06 3.7121e-05
2.4969e-06 3.6116e-06 5.0703e-06 3.709e-05
2.3984e-06 3.7834e-06 5.1352e-06 3.7088e-05
2.3244e-06 3.9413e-06 5.191e-06 3.7053e-05
2.2385e-06 4.0875e-06 5.2384e-06 3.6984e-05
2.1397e-06 4.2214e-06 5.2771e-06 3.6881e-05
2.0686e-06 4.3443e-06 5.3075e-06 3.6745e-05
1.9862e-06 4.4843e-06 5.3429e-06 3.6575e-05
1.9193e-06 4.6428e-06 5.3833e-06 3.6434e-05
1.8339e-06 4.788e-06 5.4148e-06 3.6257e-05
1.766e-06 4.9553e-06 5.4526e-06 3.6114e-05
1.6548e-06 5.1085e-06 5.4813e-06 3.5936e-05
1.5612e-06 5.2825e-06 5.4994e-06 3.5724e-05
1.455e-06 5.4427e-06 5.5087e-06 3.5478e-05
1.3665e-06 5.6263e-06 5.524e-06 3.5263e-05
1.2671e-06 5.7955e-06 5.5304e-06 3.5016e-05
1.1838e-06 5.9895e-06 5.543e-06 3.48e-05
1.1277e-06 6.1696e-06 5.5471e-06 3.4552e-05
1.0618e-06 6.3784e-06 5.5573e-06 3.4268e-05
1.0048e-06 6.6082e-06 5.5713e-06 3.4006e-05
9.5555e-07 6.8596e-06 5.5888e-06 3.3764e-05
8.9967e-07 7.0999e-06 5.5993e-06 3.3496e-05
8.3705e-07 7.3292e-06 5.6028e-06 3.3201e-05
7.8189e-07 7.5802e-06 5.6097e-06 3.2926e-05
7.336e-07 7.8187e-06 5.6092e-06 3.256e-05
6.7857e-07 8.0452e-06 5.6014e-06 3.2165e-05
6.3093e-07 8.2964e-06 5.5979e-06 3.1795e-05
5.8932e-07 8.5746e-06 5.5988e-06 3.1448e-05
5.4133e-07 8.8393e-06 5.5922e-06 3.1073e-05
4.998e-07 9.1329e-06 5.5902e-06 3.0722e-05
4.6513e-07 9.0957e-06 5.5927e-06 3.0395e-05
4.355e-07 9.048e-06 5.5874e-06 3.0036e-05
4.1015e-07 9.0165e-06 5.5863e-06 2.97e-05
3.8931e-07 9.0028e-06 5.5904e-06 2.9388e-05
3.7262e-07 9.0071e-06 5.5996e-06 2.9102e-05
3.6003e-07 9.0301e-06 5.6143e-06 2.8842e-05
3.5335e-07 9.0389e-06 5.6195e-06 2.8612e-05
3.5096e-07 8.7651e-06 5.6308e-06 2.8409e-05
3.5334e-07 8.5249e-06 5.648e-06 2.8237e-05
3.5981e-07 8.3152e-06 5.6711e-06 2.809e-05
3.5728e-07 8.1326e-06 5.7001e-06 2.7911e-05
3.5823e-07 7.9735e-06 5.7342e-06 2.7754e-05
3.5329e-07 7.7997e-06 5.7596e-06 2.7566e-05
3.4276e-07 7.6121e-06 5.7768e-06 2.7348e-05
3.265e-07 7.4101e-06 5.7858e-06 2.71e-05
3.0401e-07 7.2373e-06 5.8017e-06 2.682e-05
2.8645e-07 7.0914e-06 5.8248e-06 2.6568e-05
2.6264e-07 6.9289e-06 5.8406e-06 2.6282e-05
2.4304e-07 6.79e-06 5.8626e-06 2.6021e-05
2.2829e-07 6.6754e-06 5.8919e-06 2.5725e-05
2.077e-07 6.5469e-06 5.912e-06 2.5396e-05
1.9097e-07 6.4043e-06 5.9396e-06 2.5096e-05
1.7536e-07 6.2762e-06 5.9705e-06 2.481e-05
1.6064e-07 6.1617e-06 6.0044e-06 2.4537e-05
1.4626e-07 6.0583e-06 6.0407e-06 2.4243e-05
1.2816e-07 5.9487e-06 6.071e-06 2.3929e-05
1.105e-07 5.8509e-06 6.1041e-06 2.3625e-05
8.9248e-08 5.7469e-06 6.1312e-06 2.3302e-05
6.8278e-08 5.6543e-06 6.1612e-06 2.299e-05
4.7657e-08 5.5725e-06 6.1939e-06 2.2689e-05
6.61e-08 5.4849e-06 6.2207e-06 2.2367e-05
8.1051e-08 5.3914e-06 6.2415e-06 2.2025e-05
9.2522e-08 5.292e-06 6.2564e-06 2.1663e-05
1.0373e-07 5.2034e-06 6.2741e-06 2.1311e-05
1.1144e-07 5.1089e-06 6.2858e-06 2.0938e-05
1.1896e-07 5.0248e-06 6.3003e-06 2.0576e-05
1.2665e-07 4.9349e-06 6.3178e-06 2.0225e-05
1.3405e-07 4.8539e-06 6.3374e-06 1.9881e-05
1.4149e-07 4.7827e-06 6.3599e-06 1.9546e-05
1.4878e-07 4.7198e-06 6.3847e-06 1.9219e-05
1.5599e-07 4.665e-06 6.4118e-06 1.8899e-05
1.6369e-07 4.6184e-06 6.4319e-06 1.8586e-05
1.7823e-07 4.5799e-06 6.4546e-06 1.8281e-05
1.936e-07 4.5503e-06 6.4806e-06 1.7985e-05
2.1001e-07 4.5295e-06 6.5099e-06 1.7699e-05
2.2751e-07 4.5169e-06 6.5424e-06 1.742e-05
2.4587e-07 4.5116e-06 6.5772e-06 1.7147e-05
2.6524e-07 4.5134e-06 6.6146e-06 1.688e-05
2.8579e-07 4.5224e-06 6.6544e-06 1.6618e-05
3.0239e-07 4.5264e-06 6.6883e-06 1.6362e-05
3.2036e-07 4.5378e-06 6.7249e-06 1.6111e-05
3.3344e-07 4.4672e-06 6.7644e-06 1.584e-05
3.4244e-07 4.391e-06 6.7978e-06 1.5549e-05
3.5318e-07 4.3241e-06 6.8344e-06 1.5265e-05
3.6577e-07 4.266e-06 6.8743e-06 1.4987e-05
3.8034e-07 4.2165e-06 6.9176e-06 1.4716e-05
3.9085e-07 4.1619e-06 6.9548e-06 1.4449e-05
4.0356e-07 4.1159e-06 6.9956e-06 1.4163e-05
4.1865e-07 4.0773e-06 7.0393e-06 1.3858e-05
4.3614e-07 4.0467e-06 7.0864e-06 1.3558e-05
4.5569e-07 4.0229e-06 7.1363e-06 1.5096e-05
4.7098e-07 3.9942e-06 7.1802e-06 1.6608e-05
4.8203e-07 3.9603e-06 7.2179e-06 1.8095e-05
4.9563e-07 3.9341e-06 7.259e-06 1.9615e-05
5.1189e-07 3.9154e-06 7.3036e-06 2.117e-05
5.2401e-07 3.892e-06 7.3423e-06 2.27e-05
5.384e-07 3.875e-06 7.3838e-06 2.4261e-05
5.4861e-07 3.8534e-06 7.4193e-06 2.5797e-05
5.6173e-07 3.8391e-06 7.4584e-06 2.7371e-05
5.7746e-07 3.8315e-06 7.5006e-06 2.8979e-05
5.9612e-07 3.8308e-06 7.5461e-06 3.0625e-05
6.1942e-07 3.839e-06 7.5969e-06 3.2318e-05
6.4804e-07 3.6054e-06 7.6533e-06 3.4067e-05
6.6874e-07 3.3961e-06 7.7222e-06 3.576e-05
6.8214e-07 3.1721e-06 7.7813e-06 3.7401e-05
7.0364e-07 2.9751e-06 7.8498e-06 3.9132e-05
7.1747e-07 2.7632e-06 7.9082e-06 4.0809e-05
7.2159e-07 2.5767e-06 7.9761e-06 4.2569e-05
7.1757e-07 2.622e-06 8.0332e-06 4.4268e-05
7.2163e-07 2.6798e-06 8.0998e-06 4.6053e-05
7.0156e-07 2.7279e-06 8.1782e-06 4.7929e-05
6.731e-07 2.7891e-06 8.2455e-06 4.9741e-05
6.3618e-07 2.8406e-06 8.3021e-06 5.1491e-05
5.9056e-07 2.8825e-06 8.348e-06 5.3179e-05
5.5422e-07 2.9372e-06 8.4034e-06 5.4955e-05
5.2615e-07 3.0056e-06 8.4686e-06 5.6823e-05
4.9038e-07 3.6645e-06 8.5236e-06 5.8631e-05
4.6153e-07 4.2865e-06 8.5682e-06 6.0374e-05
4.3881e-07 4.9893e-06 8.6228e-06 6.2053e-05
4.2129e-07 5.7689e-06 8.6856e-06 6.3811e-05
4.0855e-07 6.6307e-06 8.7565e-06 6.5647e-05
3.8966e-07 7.4531e-06 8.8177e-06 6.7428e-05
3.6461e-07 8.2393e-06 8.8694e-06 6.9155e-05
3.4426e-07 8.409e-06 8.9294e-06 7.0789e-05
3.1922e-07 8.5697e-06 8.9821e-06 7.2387e-05
2.8967e-07 8.7223e-06 9.0279e-06 7.3951e-05
2.6261e-07 8.8919e-06 9.0787e-06 7.5484e-05
2.3766e-07 8.7039e-06 9.1344e-06 7.7067e-05
2.1451e-07 8.5334e-06 9.195e-06 7.8703e-05
1.9283e-07 8.3793e-06 9.2604e-06 8.0391e-05
1.7196e-07 8.2391e-06 9.3297e-06 8.2126e-05
1.5207e-07 8.1136e-06 9.4038e-06 8.3915e-05
1.3262e-07 8.0008e-06 9.482e-06 8.5754e-05
1.0935e-07 7.8809e-06 9.5535e-06 8.7561e-05
8.6995e-08 7.7763e-06 9.6308e-06 8.943e-05
6.6252e-08 7.6594e-06 9.6983e-06 9.1386e-05
8.3467e-08 7.5309e-06 9.7567e-06 9.3288e-05
1.0163e-07 7.4213e-06 9.8229e-06 9.5274e-05
1.2178e-07 7.3328e-06 9.8989e-06 9.7362e-05
1.3681e-07 6.8805e-06 9.9858e-06 9.9617e-05
1.5388e-07 6.4751e-06 1.0082e-05 0.00010198
1.7463e-07 6.1172e-06 1.0164e-05 0.00010427
1.9839e-07 5.7975e-06 1.0255e-05 0.00010666
2.2644e-07 5.516e-06 1.0358e-05 0.00010919
2.5952e-07 5.2691e-06 1.0394e-05 0.00011184
2.8582e-07 5.0029e-06 1.0419e-05 0.0001144
3.1662e-07 4.7656e-06 1.0453e-05 0.00011709
3.1655e-07 4.5099e-06 1.0476e-05 0.00011992
3.1969e-07 4.2803e-06 1.0507e-05 0.00012267
3.2504e-07 4.0702e-06 1.0545e-05 0.00012553
3.2561e-07 3.8495e-06 1.0575e-05 0.00012833
3.2141e-07 3.6179e-06 1.0596e-05 0.00013107
3.1971e-07 3.4066e-06 1.0625e-05 0.00013392
3.1326e-07 3.2129e-06 1.066e-05 0.00013671
3.0988e-07 3.0382e-06 1.0704e-05 0.00013963
2.9396e-07 2.8823e-06 1.0757e-05 0.00014268
2.8181e-07 2.7147e-06 1.08e-05 0.00014565
2.6348e-07 2.5345e-06 1.0833e-05 0.00014854
2.494e-07 2.3761e-06 1.0876e-05 0.00015159
2.3917e-07 2.2371e-06 1.0933e-05 0.0001548
2.3252e-07 2.1157e-06 1.1001e-05 0.00015819
3.147e-07 1.9833e-06 1.1059e-05 0.00016148
4.1592e-07 1.8659e-06 1.1127e-05 0.00016496
5.349e-07 1.738e-06 1.1183e-05 0.00016862
6.7271e-07 1.6242e-06 1.125e-05 0.00017246
7.9564e-07 1.5234e-06 1.1328e-05 0.00017619
9.4169e-07 1.4343e-06 1.1417e-05 0.00018011
1.068e-06 1.521e-06 1.1494e-05 0.00018392
1.2186e-06 1.6206e-06 1.1584e-05 0.00018794
1.2424e-06 1.6054e-06 1.1685e-05 0.00019217
1.1869e-06 1.583e-06 1.1774e-05 0.00019628
1.0976e-06 1.5691e-06 1.1876e-05 0.00020058
9.951e-07 1.548e-06 1.1967e-05 0.00020476
9.1033e-07 1.5352e-06 1.207e-05 0.00020916
8.4078e-07 1.5295e-06 1.2185e-05 0.0002138
7.5988e-07 1.5163e-06 1.2288e-05 0.00021831
6.6709e-07 1.4956e-06 1.2378e-05 0.00022268
5.8949e-07 1.6982e-06 1.2455e-05 0.00022729
5.6532e-07 1.8869e-06 1.2524e-05 0.00023177
5.4766e-07 1.9151e-06 1.2605e-05 0.00023646
5.413e-07 1.9358e-06 1.2674e-05 0.00024103
5.4156e-07 1.9661e-06 1.2756e-05 0.00024585
5.3487e-07 1.9887e-06 1.2826e-05 0.00025054
5.2116e-07 2.02e-06 1.2908e-05 0.00025511
5.1503e-07 2.0429e-06 1.2923e-05 0.00025954
5.1455e-07 2.058e-06 1.2927e-05 0.00026419
5.205e-07 2.083e-06 1.2943e-05 0.00026871
5.4352e-07 2.0996e-06 1.2948e-05 0.0002731
5.5913e-07 2.1264e-06 1.2939e-05 0.00027773
5.821e-07 2.1426e-06 1.2941e-05 0.00028262
5.973e-07 2.1504e-06 1.2931e-05 0.00028737
6.1998e-07 2.1682e-06 1.2934e-05 0.00029237
6.4974e-07 2.1948e-06 1.2948e-05 0.00031526
6.716e-07 2.2133e-06 1.295e-05 0.00033763
7.0044e-07 2.2405e-06 1.2963e-05 0.00036097
7.3802e-07 2.278e-06 1.2988e-05 0.00038543
6.9784e-07 2.3263e-06 1.3026e-05 0.00041107
6.6671e-07 2.3862e-06 1.3076e-05 0.00043795
6.1134e-07 2.3889e-06 1.3138e-05 0.00046617
5.6765e-07 2.3829e-06 1.3187e-05 0.00049373
4.9022e-07 2.388e-06 1.3249e-05 0.0005207
4.2537e-07 2.4035e-06 1.3325e-05 0.00054888
3.6841e-07 2.4272e-06 1.3411e-05 0.00057818
3.0373e-07 2.4436e-06 1.3486e-05 0.00060695
2.9525e-07 2.4532e-06 1.3551e-05 0.00063525
2.8161e-07 2.4714e-06 1.3606e-05 0.00066311
2.7047e-07 2.497e-06 1.3671e-05 0.00069199
2.5408e-07 2.5314e-06 1.3745e-05 0.0007204
2.3238e-07 2.5588e-06 1.381e-05 0.00074836
2.0518e-07 2.5791e-06 1.3864e-05 0.00077584
1.8142e-07 2.5917e-06 1.3907e-05 0.00080447
1.6053e-07 2.6135e-06 1.3962e-05 0.00083431
1.425e-07 2.6454e-06 1.4028e-05 0.00086562
1.5153e-07 2.6878e-06 1.4107e-05 0.00089627
1.6426e-07 2.7427e-06 1.4199e-05 0.00092845
1.7993e-07 2.8109e-06 1.4306e-05 0.00096224
1.9839e-07 2.8919e-06 1.4426e-05 0.00099755
2.5089e-07 2.9867e-06 1.4559e-05 0.0010346
3.1348e-07 3.0963e-06 1.4705e-05 0.0010709
3.1686e-07 3.2241e-06 1.4867e-05 0.001109
3.139e-07 3.3393e-06 1.5016e-05 0.0011463
3.1704e-07 3.4423e-06 1.515e-05 0.0011854
3.2408e-07 3.5635e-06 1.5301e-05 0.0012262
3.3546e-07 3.5331e-06 1.5437e-05 0.0012689
3.5109e-07 3.2951e-06 1.5588e-05 0.0013136
3.7133e-07 3.083e-06 1.5753e-05 0.0013602
3.8465e-07 2.8969e-06 1.5934e-05 0.0014058
4.5367e-07 2.6964e-06 1.6103e-05 0.0014503
5.3385e-07 2.5178e-06 1.6286e-05 0.0014968
6.3289e-07 2.3201e-06 1.6489e-05 0.0015455
7.4898e-07 2.1437e-06 1.6707e-05 0.0015963
8.8813e-07 1.9538e-06 1.6912e-05 0.0016497
9.1646e-07 1.8069e-06 1.7135e-05 0.0017057
9.3481e-07 1.6422e-06 1.7344e-05 0.0017606
9.6518e-07 1.6717e-06 1.7539e-05 0.0018183
1.015e-06 1.6933e-06 1.772e-05 0.0018745
1.0553e-06 1.7071e-06 1.7886e-05 0.0019297
1.2449e-06 1.7837e-06 1.8602e-05 0.0021604
1.2706e-06 1.7916e-06 1.876e-05 0.0022168
1.2854e-06 1.8084e-06 1.8937e-05 0.0022718
1.3111e-06 1.8333e-06 1.9129e-05 0.0023258
1.3249e-06 1.8877e-06 1.9341e-05 0.0023824
1.3024e-06 1.8435e-06 1.9116e-05 0.0024379
1.0707e-06 1.3864e-06 1.6867e-05 0.0030222
1.0456e-06 1.3221e-06 1.661e-05 0.0030835
1.03e-06 1.2498e-06 1.6338e-05 0.0031476
9.7818e-07 1.1876e-06 1.6086e-05 0.0032146
9.1572e-07 1.1171e-06 1.5818e-05 0.00328
8.6602e-07 1.0561e-06 1.5569e-05 0.0033488
8.3763e-07 1.0037e-06 1.5339e-05 0.003421
9.5656e-07 9.4375e-07 1.5093e-05 0.0034915
1.057e-06 8.7645e-07 1.4834e-05 0.0035652
1.1454e-06 8.0167e-07 1.456e-05 0.0036374
1.2527e-06 7.3585e-07 1.4305e-05 0.0037133
1.3819e-06 6.7967e-07 1.4068e-05 0.0037929
1.4685e-06 6.3051e-07 1.3848e-05 0.0038684
1.5427e-06 5.7444e-07 1.3643e-05 0.0039424
1.7011e-06 6.2946e-07 1.3426e-05 0.0040203
1.8929e-06 6.7766e-07 1.3194e-05 0.0041017
2.2155e-06 7.2111e-07 1.2947e-05 0.0041871
2.5049e-06 7.7129e-07 1.2718e-05 0.0042682
2.8714e-06 1.1168e-06 1.2474e-05 0.0043475
2.9679e-06 1.5052e-06 1.2247e-05 0.004425
3.0878e-06 1.9372e-06 1.2034e-05 0.0044977
3.2355e-06 2.4182e-06 1.1835e-05 0.0045688
3.4145e-06 2.9601e-06 1.165e-05 0.0046435
3.5581e-06 3.5709e-06 1.148e-05 0.004722
3.5717e-06 4.2596e-06 1.1323e-05 0.0048044
3.6237e-06 4.9056e-06 1.1154e-05 0.0048848
3.7005e-06 5.5149e-06 1.0973e-05 0.0049622
3.8016e-06 6.1949e-06 1.0804e-05 0.0050435
3.8198e-06 6.9627e-06 1.0649e-05 0.0051228
3.7246e-06 7.8296e-06 1.0506e-05 0.0051659
3.6577e-06 8.083e-06 1.0377e-05 0.0052111
3.4552e-06 8.3173e-06 1.0235e-05 0.0052551
3.2894e-06 8.5882e-06 1.0107e-05 0.0053014
3.0887e-06 8.8997e-06 9.9903e-06 0.0053459
2.9198e-06 9.2509e-06 9.8839e-06 0.0053925
2.7303e-06 9.5771e-06 9.7659e-06 0.0054379
2.5102e-06 9.9448e-06 9.6579e-06 0.0054824
2.3267e-06 1.0363e-05 9.5611e-06 0.0055292
2.1773e-06 1.0839e-05 9.4753e-06 0.0055783
2.0547e-06 1.1379e-05 9.4002e-06 0.0056299
1.9556e-06 1.1486e-05 9.3358e-06 0.0056841
1.8424e-06 1.1578e-05 9.2608e-06 0.005737
1.7493e-06 1.1653e-05 9.196e-06 0.0057924
1.6405e-06 1.1757e-05 9.143e-06 0.0058097
1.5524e-06 1.1843e-05 9.0787e-06 0.0058282
1.4512e-06 1.1955e-05 9.0235e-06 0.0058461
1.3693e-06 1.2049e-05 8.9571e-06 0.0058651
1.3043e-06 1.2124e-05 8.8792e-06 0.0058853
1.255e-06 1.2229e-05 8.8119e-06 0.0059049
1.2192e-06 1.2361e-05 8.7534e-06 0.0059256
1.1942e-06 1.2522e-05 8.7038e-06 0.0059474
1.1931e-06 1.2713e-05 8.6628e-06 0.0059707
1.2033e-06 1.261e-05 8.6316e-06 0.0059953
1.2443e-06 1.2536e-05 8.6103e-06 0.0060192
1.2991e-06 1.2491e-05 8.5987e-06 0.0060445
1.3711e-06 1.2472e-05 8.5968e-06 0.0060713
1.4606e-06 1.2483e-05 8.6046e-06 0.0060995
1.573e-06 1.2272e-05 8.6209e-06 0.0061291
1.6708e-06 1.204e-05 8.6262e-06 0.006158
1.7882e-06 1.184e-05 8.6401e-06 0.0061636
1.9282e-06 1.1672e-05 8.6624e-06 0.0061688
2.0421e-06 1.1483e-05 8.6739e-06 0.0061738
2.202e-06 1.1327e-05 8.6951e-06 0.0061784
2.3449e-06 1.1199e-05 8.7249e-06 0.0061826
2.5186e-06 1.1053e-05 8.7437e-06 0.0061876
2.7281e-06 1.0936e-05 8.7724e-06 0.0061932
2.9143e-06 1.0848e-05 8.7901e-06 0.0061986
3.1396e-06 1.0677e-05 8.8182e-06 0.0061877
3.2383e-06 1.0534e-05 8.855e-06 0.0061766
3.2656e-06 1.0373e-05 8.8808e-06 0.006165
3.1272e-06 1.0242e-05 8.9166e-06 0.0061309
3.0943e-06 1.014e-05 8.9625e-06 0.006095
3.0803e-06 1.0064e-05 9.0187e-06 0.0060608
2.939e-06 9.9715e-06 9.0852e-06 0.0060283
2.8374e-06 9.4873e-06 9.1625e-06 0.0059974
2.7603e-06 8.9685e-06 9.2284e-06 0.0059247
2.5331e-06 8.5115e-06 9.3051e-06 0.0058555
2.3614e-06 8.0218e-06 9.3703e-06 0.0057817
8.5965e-07 3.5679e-06 9.9385e-06 0.0050296
7.2519e-07 3.0828e-06 9.9661e-06 0.0049529
5.7613e-07 2.5649e-06 9.9823e-06 0.0048744
4.4988e-07 2.0123e-06 9.9872e-06 0.0047996
3.6548e-07 1.9467e-06 9.9806e-06 0.0047284
2.921e-07 1.891e-06 9.9831e-06 0.0046603
2.2967e-07 1.8445e-06 9.9947e-06 0.0045951
1.7593e-07 1.8077e-06 1.0017e-05 0.0045329
1.2833e-07 1.779e-06 1.0048e-05 0.0044733
1.366e-07 1.743e-06 1.0069e-05 0.0044126
1.4714e-07 1.6995e-06 1.0079e-05 0.0043505
1.6012e-07 1.6652e-06 1.01e-05 0.0042915
1.7846e-07 1.64e-06 1.0131e-05 0.0042311
1.9105e-07 1.6069e-06 1.0152e-05 0.0041688
2.0719e-07 1.5826e-06 1.0183e-05 0.0041095
2.2648e-07 1.5657e-06 1.0224e-05 0.0040527
2.3969e-07 1.7791e-06 1.0253e-05 0.0039946
2.5623e-07 2.0169e-06 1.0292e-05 0.0039391
2.666e-07 2.2852e-06 1.0342e-05 0.0038822
2.7009e-07 2.5347e-06 1.0381e-05 0.003828
2.7679e-07 2.8128e-06 1.0429e-05 0.0037762
2.7777e-07 3.0733e-06 1.0467e-05 0.0037269
2.82e-07 3.3641e-06 1.0514e-05 0.0036796
2.805e-07 3.6364e-06 1.055e-05 0.0036314
2.8231e-07 3.941e-06 1.0597e-05 0.0035853
2.9057e-07 6.0352e-06 1.0632e-05 0.0035382
3.0246e-07 8.3691e-06 1.0678e-05 0.0034932
3.1895e-07 1.0569e-05 1.0711e-05 0.0034472
3.2917e-07 1.1241e-05 1.0756e-05 0.0034001
3.4158e-07 1.1969e-05 1.0807e-05 0.0033546
3.5594e-07 1.2754e-05 1.0863e-05 0.0033105
3.6611e-07 1.3519e-05 1.0913e-05 0.003266
3.783e-07 1.4343e-05 1.0968e-05 0.0032228
3.926e-07 1.523e-05 1.1029e-05 0.0031808
4.0272e-07 1.6096e-05 1.1082e-05 0.0031384
4.0867e-07 1.6942e-05 1.113e-05 0.0030957
4.1678e-07 1.7847e-05 1.1182e-05 0.0030544
4.207e-07 1.873e-05 1.1227e-05 0.0030127
4.2041e-07 1.9592e-05 1.1265e-05 0.0029707
4.1585e-07 2.0433e-05 1.1297e-05 0.0029284
4.1367e-07 2.1342e-05 1.1334e-05 0.0028873
4.1452e-07 2.2223e-05 1.1364e-05 0.0028477
4.1026e-07 2.3189e-05 1.1401e-05 0.0028075
4.0961e-07 2.4253e-05 1.1447e-05 0.0027689
4.0048e-07 2.5259e-05 1.1483e-05 0.0027293
3.9599e-07 2.6399e-05 1.153e-05 0.0026915
3.8224e-07 2.7469e-05 1.1565e-05 0.0026528
3.6136e-07 2.8478e-05 1.1589e-05 0.0026159
3.4523e-07 2.9609e-05 1.1623e-05 0.0025808
3.2211e-07 2.9893e-05 1.167e-05 0.0025449
3.0354e-07 3.0151e-05 1.1705e-05 0.0025105
2.8906e-07 3.0204e-05 1.1751e-05 0.0024777
2.7833e-07 3.0298e-05 1.1808e-05 0.0024441
2.7109e-07 3.0432e-05 1.1875e-05 0.0024121
2.678e-07 3.0614e-05 1.1956e-05 0.0023713
2.5496e-07 3.0847e-05 1.2049e-05 0.0023296
2.4551e-07 3.1053e-05 1.213e-05 0.0022897
2.4822e-07 3.0805e-05 1.2224e-05 0.0022515
2.0031e-07 3.0608e-05 1.2332e-05 0.0022152
1.2412e-07 3.0499e-05 1.2453e-05 0.002178
1.2194e-07 3.0364e-05 1.2561e-05 0.0021399
1.1321e-07 3.027e-05 1.2682e-05 0.002101
1.0543e-07 3.021e-05 1.2812e-05 0.0020637
1.5022e-07 3.0131e-05 1.2932e-05 0.0020256
2.0054e-07 3.0088e-05 1.3063e-05 0.0019892
2.5749e-07 3.0082e-05 1.3206e-05 0.0019543
3.0727e-07 2.9427e-05 1.336e-05 0.0019187
3.5014e-07 2.8737e-05 1.3503e-05 0.0018825
3.9986e-07 2.812e-05 1.3658e-05 0.0018478
4.5824e-07 2.5807e-05 1.3828e-05 0.0018146
5.0305e-07 2.3733e-05 1.4011e-05 0.001783
5.5762e-07 2.1876e-05 1.4208e-05 0.001753
5.9913e-07 1.9902e-05 1.4391e-05 0.0017222
6.5616e-07 1.7817e-05 1.4561e-05 0.0016908
7.2382e-07 1.5949e-05 1.4746e-05 0.0016607
7.8119e-07 1.4274e-05 1.4945e-05 0.00163
8.4985e-07 1.2772e-05 1.5159e-05 0.0016005
9.0867e-07 1.1186e-05 1.536e-05 0.0015704
9.8174e-07 9.7806e-06 1.5578e-05 0.0015368
1.0709e-06 8.5213e-06 1.5812e-05 0.0015025
1.142e-06 7.1898e-06 1.6032e-05 0.0014713
1.2296e-06 6.0096e-06 1.6271e-05 0.0014415
1.3047e-06 4.9633e-06 1.6528e-05 0.001411
1.3677e-06 4.0354e-06 1.6804e-05 0.0013798
1.4455e-06 3.203e-06 1.7099e-05 0.0013499
1.5493e-06 2.317e-06 1.7377e-05 0.0013194
1.6758e-06 1.6007e-06 1.7194e-05 0.0012903
1.7877e-06 1.5071e-06 1.6997e-05 0.0012607
1.7735e-06 1.4258e-06 1.6818e-05 0.0012324
1.6796e-06 1.3338e-06 1.6658e-05 0.0012034
1.5712e-06 1.2319e-06 1.6483e-05 0.0011761
1.4474e-06 1.1207e-06 1.6294e-05 0.0011479
1.3434e-06 1.0212e-06 1.6121e-05 0.001121
1.2567e-06 9.3342e-07 1.5965e-05 0.0010935
1.1887e-06 8.5784e-07 1.5794e-05 0.0010653
1.136e-06 7.9041e-07 1.5638e-05 0.0010383
1.0949e-06 7.303e-07 1.5496e-05 0.0010125
1.038e-06 6.6271e-07 1.534e-05 0.0009861
9.9385e-07 6.03e-07 1.52e-05 0.00096095
9.5997e-07 5.4946e-07 1.5074e-05 0.00093326
9.4482e-07 4.8903e-07 1.4934e-05 0.0009049
9.383e-07 4.3447e-07 1.4808e-05 0.00087777
9.4033e-07 3.8587e-07 1.4697e-05 0.00084998
9.3347e-07 3.3094e-07 1.4572e-05 0.00082153
9.3621e-07 2.8157e-07 1.4462e-05 0.00079442
8.9186e-07 2.3703e-07 1.4367e-05 0.00076862
8.3687e-07 2.6413e-07 1.426e-05 0.00074218
7.935e-07 2.9438e-07 1.4167e-05 0.00071701
7.4115e-07 3.1976e-07 1.406e-05 0.00069129
6.9838e-07 3.4794e-07 1.3967e-05 0.00066668
6.6532e-07 3.7987e-07 1.3887e-05 0.00064324
6.4022e-07 4.1538e-07 1.382e-05 0.00062081
6.0677e-07 4.4528e-07 1.374e-05 0.00059784
5.8056e-07 4.7887e-07 1.3672e-05 0.00057586
5.4678e-07 5.0712e-07 1.3592e-05 0.00055341
5.0524e-07 5.3e-07 1.35e-05 0.00053051
4.7054e-07 5.5632e-07 1.3419e-05 0.00050855
4.2493e-07 5.8587e-07 1.3348e-05 0.00048623
3.8305e-07 6.1737e-07 1.3283e-05 0.00046455
3.3643e-07 6.4518e-07 1.3212e-05 0.00044267
2.8508e-07 6.6936e-07 1.3133e-05 0.00042062
2.2894e-07 6.8991e-07 1.3047e-05 0.00039838
1.6812e-07 7.0695e-07 1.2955e-05 0.00037597
1.1118e-07 7.2591e-07 1.2868e-05 0.00035425
1.2377e-07 7.4098e-07 1.2774e-05 0.00033231
1.3262e-07 7.5233e-07 1.2673e-05 0.00031017
1.4162e-07 7.657e-07 1.2578e-05 0.00028886
1.5119e-07 7.8164e-07 1.249e-05 0.00026823
1.5686e-07 7.9367e-07 1.2395e-05 0.00024739
1.5478e-07 8.0906e-07 1.2309e-05 0.00022625
1.4848e-07 8.2004e-07 1.2214e-05 0.00020483
1.4297e-07 8.3406e-07 1.2127e-05 0.00018412
1.5716e-07 8.5233e-07 1.2051e-05 0.00018171
1.6674e-07 8.6566e-07 1.1964e-05 0.00017923
1.7177e-07 8.7412e-07 1.1869e-05 0.00017667
1.7812e-07 8.862e-07 1.1782e-05 0.00017423
1.797e-07 8.9337e-07 1.1685e-05 0.00017172
1.8299e-07 9.0474e-07 1.1598e-05 0.00016933
1.8765e-07 9.2046e-07 1.1521e-05 0.00016705
1.8762e-07 9.3107e-07 1.1435e-05 0.0001647
1.8309e-07 9.3688e-07 1.1339e-05 0.00016229
1.7989e-07 9.4636e-07 1.1253e-05 0.00015998
1.7213e-07 9.5093e-07 1.1158e-05 0.00015761
1.597e-07 9.5043e-07 1.1053e-05 0.00015518
1.5039e-07 8.5322e-07 1.0958e-05 0.00015266
1.3544e-07 8.3335e-07 1.0877e-05 0.00015067
1.2527e-07 7.9732e-07 1.0784e-05 0.0001486
1.1865e-07 7.674e-07 1.0702e-05 0.00014665
1.0545e-07 7.3103e-07 1.0608e-05 0.00014463
9.3681e-08 6.9975e-07 1.0524e-05 0.00014271
8.6145e-08 6.6213e-07 1.0428e-05 0.00014072
7.9746e-08 6.3012e-07 1.0344e-05 0.00013885
7.3948e-08 6.0256e-07 1.027e-05 0.00013708
6.8961e-08 5.7981e-07 1.0208e-05 0.00013543
6.557e-08 5.6152e-07 1.0157e-05 0.00013371
6.9656e-08 5.3755e-07 1.0094e-05 0.0001321
7.4414e-08 5.1788e-07 1.0042e-05 0.00013059
7.479e-08 4.9295e-07 9.9796e-06 0.00012918
7.5875e-08 4.7213e-07 9.9282e-06 0.00012787
7.9168e-08 4.5512e-07 9.8877e-06 0.00012627
7.7888e-08 4.3276e-07 9.8357e-06 0.0001246
7.7395e-08 4.1406e-07 9.7947e-06 0.00012303
7.0432e-08 3.9007e-07 9.7422e-06 0.00012157
8.2104e-08 3.691e-07 9.7005e-06 0.00012005
8.7638e-08 3.5084e-07 9.6682e-06 0.00011846
9.432e-08 3.3556e-07 9.6465e-06 0.0001168
1.041e-07 3.2363e-07 9.613e-06 0.00011523
1.1902e-07 3.071e-07 9.569e-06 0.00011376
1.386e-07 2.8595e-07 9.5144e-06 0.00011223
1.5309e-07 3.5053e-07 9.4496e-06 0.00011064
1.6268e-07 4.0937e-07 9.3749e-06 0.000109
1.7454e-07 4.7419e-07 9.3099e-06 0.00010744
1.8896e-07 5.4578e-07 9.2544e-06 0.00010598
2.0579e-07 6.2411e-07 9.2071e-06 0.0001046
2.1265e-07 6.2141e-07 9.1684e-06 0.00010329
2.2202e-07 6.2205e-07 9.1381e-06 0.00010206
2.2596e-07 6.1754e-07 9.0976e-06 0.00010077
2.327e-07 6.0733e-07 9.0459e-06 9.9568e-05
2.3036e-07 5.9148e-07 8.983e-06 9.8446e-05
2.3288e-07 5.799e-07 8.9304e-06 9.7268e-05
2.2494e-07 5.7243e-07 8.8879e-06 9.6166e-05
2.114e-07 5.5976e-07 8.8352e-06 9.5007e-05
2.0072e-07 5.5049e-07 8.7911e-06 9.3922e-05
1.9267e-07 5.4454e-07 8.7558e-06 9.2782e-05
2.2759e-07 5.3314e-07 8.7094e-06 9.1723e-05
2.6774e-07 5.25e-07 8.6716e-06 9.0735e-05
3.1647e-07 5.2059e-07 8.6437e-06 8.9823e-05
3.5777e-07 5.1114e-07 8.6056e-06 8.8859e-05
3.9188e-07 4.9663e-07 8.5573e-06 8.7842e-05
4.3619e-07 4.7522e-07 8.0896e-06 8.6766e-05
4.3831e-07 4.486e-07 7.6057e-06 8.5632e-05
4.454e-07 4.2537e-07 7.1427e-06 8.4568e-05
4.4552e-07 3.9671e-07 6.6637e-06 8.3446e-05
4.5138e-07 3.7182e-07 6.2074e-06 8.2401e-05
4.6315e-07 3.5036e-07 5.7726e-06 8.1303e-05
4.6342e-07 3.32e-07 5.3581e-06 8.0148e-05
4.6954e-07 3.1644e-07 4.9627e-06 7.9068e-05
4.8084e-07 3.03e-07 4.5833e-06 7.8055e-05
4.8491e-07 2.8503e-07 4.1903e-06 7.7113e-05
4.823e-07 2.6249e-07 3.7836e-06 7.612e-05
4.7299e-07 2.353e-07 3.3627e-06 7.5077e-05
4.7336e-07 2.1083e-07 2.9605e-06 7.3982e-05
4.6651e-07 1.8155e-07 2.5433e-06 7.3086e-05
4.6562e-07 1.548e-07 2.1442e-06 7.2257e-05
4.5808e-07 1.2356e-07 2.1471e-06 7.1379e-05
4.5567e-07 9.4203e-08 2.1521e-06 7.0566e-05
4.4663e-07 6.0453e-08 2.1498e-06 6.9705e-05
4.2873e-07 6.6273e-08 2.1403e-06 6.8795e-05
4.1766e-07 6.8745e-08 2.1236e-06 6.7951e-05
3.859e-07 6.777e-08 2.0994e-06 6.7059e-05
3.1883e-07 6.6601e-08 2.0778e-06 6.6118e-05
2.6183e-07 6.5221e-08 2.059e-06 6.5124e-05
2.1189e-07 8.1362e-08 2.0419e-06 6.4187e-05
1.6632e-07 9.7307e-08 2.0256e-06 6.3293e-05
1.2391e-07 1.1298e-07 2.0094e-06 6.2436e-05
8.4004e-08 1.2844e-07 1.9935e-06 6.1615e-05
9.8274e-08 1.4084e-07 1.972e-06 6.0765e-05
1.1274e-07 1.5308e-07 1.9506e-06 5.995e-05
1.2762e-07 1.6526e-07 1.9293e-06 5.9106e-05
1.4314e-07 1.7749e-07 1.9082e-06 5.8233e-05
1.5478e-07 1.8651e-07 1.8815e-06 5.733e-05
1.6209e-07 1.957e-07 1.8551e-06 5.6466e-05
1.7028e-07 2.0508e-07 1.8288e-06 5.5571e-05
1.7912e-07 2.1462e-07 1.8025e-06 5.4709e-05
1.8868e-07 2.2434e-07 1.776e-06 5.3881e-05
1.9874e-07 2.3408e-07 1.7491e-06 5.3079e-05
2.0499e-07 2.407e-07 1.7169e-06 5.2252e-05
2.1187e-07 2.4742e-07 1.6842e-06 5.1453e-05
2.2108e-07 2.5065e-07 1.6458e-06 5.0624e-05
2.2594e-07 2.5037e-07 1.6015e-06 4.9764e-05
2.324e-07 2.5082e-07 1.5577e-06 4.8941e-05
2.3439e-07 3.7839e-07 1.5079e-06 4.8085e-05
2.3844e-07 5.1843e-07 1.459e-06 4.7273e-05
2.3772e-07 1.6352e-06 1.4038e-06 4.6425e-05
2.389e-07 2.8564e-06 1.3492e-06 4.5615e-05
2.3548e-07 4.0337e-06 1.2887e-06 4.4772e-05
2.275e-07 5.1723e-06 1.2223e-06 4.3897e-05
2.215e-07 6.4086e-06 1.156e-06 4.3056e-05
2.1083e-07 7.5986e-06 1.0837e-06 4.2181e-05
2.0158e-07 8.8908e-06 1.0115e-06 4.134e-05
2.0973e-07 1.0307e-05 9.3967e-07 4.0464e-05
2.1377e-07 1.1684e-05 8.6236e-07 3.9561e-05
2.1885e-07 1.3172e-05 7.8466e-07 3.8687e-05
2.2509e-07 1.4621e-05 7.0161e-07 3.7786e-05
2.2748e-07 1.6038e-05 6.1337e-07 3.686e-05
2.307e-07 1.7561e-05 5.2443e-07 3.596e-05
2.3022e-07 1.9186e-05 4.344e-07 3.5037e-05
2.3023e-07 2.0919e-05 3.432e-07 3.4135e-05
2.311e-07 2.2785e-05 2.5106e-07 3.3259e-05
2.3251e-07 2.3099e-05 1.5762e-07 3.2359e-05
2.3646e-07 2.3402e-05 1.7561e-07 3.1435e-05
2.4096e-07 2.3732e-05 1.9052e-07 3.0531e-05
2.4603e-07 2.405e-05 2.0086e-07 2.9648e-05
2.4728e-07 2.4358e-05 2.0664e-07 2.8741e-05
2.4483e-07 2.4655e-05 2.079e-07 2.7811e-05
2.4295e-07 2.498e-05 2.0607e-07 2.6901e-05
2.3726e-07 2.5293e-05 1.9969e-07 2.5968e-05
2.3245e-07 2.5639e-05 1.9033e-07 2.5056e-05
2.2847e-07 2.6017e-05 1.78e-07 2.4166e-05
2.2496e-07 2.6428e-05 1.6257e-07 2.3294e-05
2.2221e-07 2.6875e-05 1.4414e-07 2.2441e-05
2.1579e-07 2.7311e-05 1.2119e-07 2.1605e-05
2.101e-07 2.7785e-05 9.5229e-08 2.0787e-05
1.9947e-07 2.8246e-05 6.4716e-08 1.9947e-05
1.8923e-07 2.8694e-05 8.242e-08 1.9122e-05
1.7524e-07 2.913e-05 9.5646e-08 1.8275e-05
1.6157e-07 2.96e-05 1.0548e-07 1.7443e-05
2.1055e-07 3.0113e-05 1.1202e-07 1.6625e-05
2.6226e-07 3.0665e-05 1.1518e-07 1.5821e-05
3.0947e-07 3.1203e-05 1.1386e-07 1.4995e-05
3.524e-07 3.1727e-05 1.0809e-07 1.4148e-05
3.9882e-07 3.2296e-05 9.9018e-08 1.3317e-05
4.492e-07 3.2914e-05 8.6643e-08 1.2501e-05
5.048e-07 3.3582e-05 7.0955e-08 1.1701e-05
5.6475e-07 3.4301e-05 5.1857e-08 1.0911e-05
6.1966e-07 3.5001e-05 2.828e-08 1.01e-05
6.8294e-07 3.5683e-05 4.233e-08 9.2683e-06
7.41e-07 3.6347e-05 1.9559e-07 8.4145e-06
8.0559e-07 3.707e-05 2.1212e-07 7.5761e-06
8.6459e-07 3.7772e-05 2.2403e-07 6.7155e-06
9.1845e-07 3.8457e-05 2.3135e-07 5.8339e-06
9.6722e-07 3.9126e-05 2.3411e-07 4.9312e-06
1.0109e-06 3.9846e-05 2.339e-07 5.1578e-06
1.06e-06 4.0621e-05 2.3074e-07 5.3823e-06
1.1036e-06 4.1376e-05 2.2293e-07 5.5887e-06
1.0112e-06 4.2191e-05 2.1228e-07 5.7939e-06
9.1188e-07 4.2983e-05 3.3987e-07 5.9806e-06
8.2315e-07 4.3841e-05 4.6769e-07 6.1682e-06
7.438e-07 4.3787e-05 5.9633e-07 6.3568e-06
6.7254e-07 4.372e-05 7.1936e-07 6.5462e-06
6.0833e-07 4.3686e-05 8.4306e-07 6.7364e-06
5.4959e-07 4.3682e-05 9.6712e-07 6.926e-06
4.8538e-07 4.3665e-05 1.0855e-06 7.0969e-06
4.156e-07 4.3635e-05 1.1981e-06 7.2491e-06
3.5121e-07 4.3635e-05 1.3112e-06 7.401e-06
2.8121e-07 4.3621e-05 1.4185e-06 7.5338e-06
2.0515e-07 4.3592e-05 1.5198e-06 7.6471e-06
2.1252e-07 4.3542e-05 1.6142e-06 7.739e-06
2.2224e-07 4.3535e-05 1.7109e-06 7.8361e-06
2.2702e-07 4.3507e-05 1.8008e-06 7.9112e-06
2.3461e-07 4.3534e-05 1.9109e-06 7.9932e-06
2.3634e-07 4.3531e-05 2.0127e-06 8.0497e-06
2.4095e-07 4.3589e-05 2.1062e-06 8.1133e-06
2.6314e-07 4.3615e-05 2.2041e-06 8.1525e-06
2.7605e-07 4.3695e-05 2.3065e-06 8.2007e-06
2.9258e-07 4.3822e-05 2.4126e-06 8.2559e-06
3.0044e-07 4.392e-05 2.5103e-06 8.2856e-06
3.0264e-07 4.3994e-05 2.6002e-06 8.2918e-06
3.081e-07 4.4113e-05 2.6937e-06 8.304e-06
3.0864e-07 4.4205e-05 2.779e-06 8.2915e-06
3.0109e-07 4.4349e-05 2.8687e-06 8.2853e-06
2.9668e-07 4.4539e-05 2.9619e-06 8.2848e-06
2.8622e-07 4.4784e-05 3.0597e-06 8.2601e-06
2.793e-07 4.5001e-05 3.1494e-06 8.2428e-06
2.7566e-07 4.5273e-05 3.2435e-06 8.2326e-06
2.747e-07 4.5601e-05 3.3423e-06 9.5896e-06
2.6838e-07 4.5902e-05 3.4331e-06 1.0906e-05
2.5666e-07 4.6174e-05 3.516e-06 1.2183e-05
2.48e-07 4.6419e-05 3.6035e-06 1.3507e-05
2.4227e-07 4.6719e-05 3.6957e-06 1.4881e-05
2.3935e-07 4.7078e-05 3.7929e-06 1.6212e-05
2.3029e-07 4.7408e-05 3.8818e-06 1.75e-05
2.2341e-07 4.7792e-05 3.9749e-06 1.8833e-05
2.1128e-07 4.8145e-05 4.0597e-06 2.0124e-05
2.0224e-07 4.8557e-05 4.149e-06 2.1461e-05
1.8788e-07 4.8935e-05 4.2298e-06 2.2754e-05
1.7615e-07 4.9381e-05 4.3161e-06 2.4101e-05
1.6767e-07 4.9901e-05 4.4082e-06 2.5506e-05
1.6085e-07 5.0493e-05 4.5054e-06 2.6965e-05
1.4893e-07 5.1044e-05 4.5936e-06 2.8376e-05
1.3923e-07 5.1675e-05 4.6876e-06 3.5106e-05
1.2423e-07 5.2259e-05 4.7721e-06 4.1671e-05
1.0375e-07 5.2801e-05 4.8476e-06 4.8071e-05
8.5764e-08 5.3302e-05 4.9142e-06 4.9977e-05
6.9269e-08 5.3881e-05 4.9866e-06 5.197e-05
4.7705e-08 5.4414e-05 5.0495e-06 5.3895e-05
5.5491e-08 5.4906e-05 5.1034e-06 5.576e-05
6.379e-08 5.5486e-05 5.1642e-06 5.7497e-05
6.7793e-08 5.6022e-05 5.216e-06 5.9176e-05
7.7287e-08 5.6642e-05 5.2737e-06 6.0797e-05
8.2475e-08 5.7218e-05 5.3224e-06 6.2361e-05
8.3266e-08 5.7752e-05 5.3623e-06 6.387e-05
8.4555e-08 5.8376e-05 5.421e-06 6.5454e-05
8.6096e-08 5.9079e-05 5.4849e-06 6.7108e-05
8.8021e-08 5.9862e-05 5.5536e-06 6.8839e-05
8.9906e-08 5.9752e-05 5.6267e-06 7.0525e-05
9.1373e-08 5.968e-05 5.7031e-06 7.2265e-05
9.2351e-08 5.9647e-05 5.7833e-06 7.4058e-05
8.9827e-08 5.96e-05 5.8572e-06 7.5818e-05
8.6912e-08 5.9591e-05 5.9346e-06 7.7636e-05
8.3567e-08 5.962e-05 6.0154e-06 7.9511e-05
7.9807e-08 5.9634e-05 6.0898e-06 8.1352e-05
7.2544e-08 5.9634e-05 6.1579e-06 8.3159e-05
6.1767e-08 5.9621e-05 6.2195e-06 8.4931e-05
5.0545e-08 5.8383e-05 6.2848e-06 8.6764e-05
7.919e-08 5.711e-05 6.3435e-06 8.8559e-05
1.091e-07 5.5938e-05 6.4061e-06 9.0419e-05
1.4124e-07 5.4857e-05 6.473e-06 9.2346e-05
1.693e-07 5.3747e-05 6.5335e-06 9.4239e-05
1.9245e-07 5.2613e-05 6.5881e-06 9.6101e-05
2.118e-07 5.1455e-05 6.6367e-06 9.7933e-05
2.32e-07 5.0375e-05 6.6879e-06 9.9817e-05
2.4825e-07 4.9268e-05 6.733e-06 0.00010167
2.5898e-07 4.8237e-05 6.7809e-06 0.00010349
2.6585e-07 4.718e-05 6.8225e-06 0.00010527
2.7397e-07 4.6203e-05 6.8675e-06 0.00010712
2.7811e-07 4.5301e-05 6.9161e-06 0.00010894
2.8358e-07 4.4468e-05 6.9682e-06 0.00011081
2.9053e-07 4.3697e-05 7.0235e-06 0.00011275
2.992e-07 4.299e-05 7.083e-06 0.00011475
3.0364e-07 4.2261e-05 7.1358e-06 0.00011672
3.0365e-07 4.1506e-05 7.1815e-06 0.00011864
2.982e-07 4.0709e-05 7.2184e-06 0.0001205
2.9705e-07 4.0014e-05 7.264e-06 0.00012248
2.8999e-07 3.9411e-05 7.3184e-06 0.00012439
2.8712e-07 3.8761e-05 7.3623e-06 0.00012641
2.8986e-07 3.819e-05 7.4139e-06 0.00012855
2.8672e-07 3.7579e-05 7.4556e-06 0.00013062
2.8769e-07 3.7051e-05 7.5063e-06 0.0001326
2.9291e-07 3.5247e-05 7.5661e-06 0.00013482
2.9225e-07 3.3339e-05 7.6152e-06 0.00013695
2.9649e-07 3.1631e-05 7.6722e-06 0.0001392
3.0449e-07 3.0104e-05 7.7372e-06 0.00014156
3.1629e-07 2.8739e-05 7.8105e-06 0.00014406
3.322e-07 2.7293e-05 7.8736e-06 0.00014668
3.4087e-07 2.6017e-05 7.9462e-06 0.00014944
3.5426e-07 2.4876e-05 8.0274e-06 0.00015211
3.278e-07 2.3869e-05 8.1184e-06 0.00015494
3.4115e-07 2.2802e-05 8.1992e-06 0.00015768
3.4839e-07 2.1674e-05 8.2698e-06 0.00016034
3.6045e-07 2.0675e-05 8.3502e-06 0.00016314
3.6596e-07 1.9612e-05 8.4197e-06 0.00016586
3.6422e-07 1.8486e-05 8.4789e-06 0.00016872
3.6672e-07 1.748e-05 8.5468e-06 0.00017149
3.6299e-07 1.6413e-05 8.6043e-06 0.00017355
3.6444e-07 1.5471e-05 8.672e-06 0.00017554
3.5926e-07 1.4639e-05 8.7498e-06 0.00017743
3.4638e-07 1.3905e-05 8.8382e-06 0.00017945
3.3826e-07 1.3929e-05 8.916e-06 0.0001814
3.047e-07 1.0677e-05 9.6078e-06 0.00020154
2.825e-07 1.0317e-05 9.6483e-06 0.00020342
2.541e-07 9.9334e-06 9.6786e-06 0.00020522
2.1929e-07 9.5245e-06 9.6987e-06 0.00020695
1.8956e-07 9.1646e-06 9.7288e-06 0.0002088
2.1531e-07 8.8446e-06 9.7677e-06 0.00021058
2.4495e-07 8.561e-06 9.8154e-06 0.00021227
2.6594e-07 8.2552e-06 9.8523e-06 0.00021388
2.9104e-07 7.9842e-06 9.8979e-06 0.0002156
3.2004e-07 7.7411e-06 9.4705e-06 0.00021742
3.4309e-07 7.4829e-06 9.031e-06 0.00021918
3.6035e-07 7.2093e-06 8.5795e-06 0.00022088
5.5246e-07 6.9197e-06 8.1155e-06 0.00022251
7.2738e-07 6.6597e-06 7.6683e-06 0.00022409
8.9007e-07 6.372e-06 7.2094e-06 0.00022561
1.0772e-06 6.0718e-06 6.7405e-06 0.00022708
1.2817e-06 5.792e-06 6.2825e-06 0.00022862
1.4773e-06 5.5035e-06 5.8163e-06 0.00023012
1.6644e-06 5.2062e-06 5.3419e-06 0.00023159
1.8705e-06 4.9299e-06 4.8791e-06 0.00023313
2.0677e-06 4.6747e-06 4.4082e-06 0.00023464
2.2568e-06 4.4121e-06 4.5294e-06 0.00023611
2.4637e-06 4.1661e-06 4.6528e-06 0.00023764
2.6614e-06 3.9122e-06 4.7702e-06 0.00023915
2.8508e-06 3.651e-06 4.8818e-06 0.00024061
3.0588e-06 3.4059e-06 4.9956e-06 0.00024215
3.2574e-06 3.1531e-06 5.1035e-06 0.00024365
3.4468e-06 2.8925e-06 5.2054e-06 0.00024511
3.6556e-06 2.6478e-06 5.3096e-06 0.00024664
3.855e-06 2.3953e-06 5.4078e-06 0.00024813
4.0788e-06 2.1617e-06 5.5096e-06 0.00024971
4.0471e-06 1.9484e-06 5.6164e-06 0.00025139
4.0429e-06 1.8142e-06 5.4072e-06 0.00025301
4.0297e-06 1.6729e-06 5.1904e-06 0.00025459
4.0293e-06 1.5412e-06 4.9787e-06 0.00025624
4.0206e-06 1.403e-06 4.7597e-06 0.00025784
4.0037e-06 1.2584e-06 4.5336e-06 0.00025941
3.9994e-06 1.1231e-06 4.3125e-06 0.00026105
3.9862e-06 9.8089e-07 4.0839e-06 0.00026264
3.9946e-06 8.2771e-07 4.1746e-06 0.00026415
3.9851e-06 6.9157e-07 4.2538e-06 0.00026557
3.9615e-06 5.4495e-07 4.3244e-06 0.00026691
3.9608e-06 5.3632e-07 4.3862e-06 0.00026839
3.9803e-06 5.3086e-07 4.4532e-06 0.00026999
3.9847e-06 5.2009e-07 4.511e-06 0.00027151
4.0094e-06 5.1243e-07 4.5741e-06 0.00027315
4.0678e-06 5.0084e-07 4.6284e-06 0.00027471
4.1522e-06 4.9291e-07 4.6891e-06 0.00027606
4.176e-06 4.7967e-07 4.7405e-06 0.0002773
4.1821e-06 4.7006e-07 4.7984e-06 0.00027847
3.9939e-06 4.6388e-07 4.863e-06 0.00027978
3.8422e-06 4.6053e-07 4.9334e-06 0.00028122
3.6693e-06 4.6127e-07 4.9943e-06 0.00028258
3.7634e-06 6.0759e-07 5.0457e-06 0.00028385
3.8857e-06 7.7139e-07 5.1038e-06 0.00028526
4.0661e-06 9.2285e-07 5.1525e-06 0.00028658
4.2861e-06 1.0927e-06 5.2079e-06 0.00028804
4.4416e-06 1.2831e-06 5.2701e-06 0.00028965
4.5786e-06 1.4611e-06 5.3234e-06 0.00029117
4.6964e-06 1.626e-06 5.3674e-06 0.00029261
4.7971e-06 1.8098e-06 5.4173e-06 0.00029397
4.9288e-06 1.9808e-06 5.4583e-06 0.00029546
5.0425e-06 1.9979e-06 5.5062e-06 0.00029688
5.1856e-06 2.0069e-06 5.5447e-06 0.00029843
5.3101e-06 2.0086e-06 5.5742e-06 0.0002999
5.4151e-06 2.0023e-06 5.5943e-06 0.00030128
5.3679e-06 2.0055e-06 5.6214e-06 0.0003026
5.3483e-06 2.0182e-06 5.3955e-06 0.00030406
5.3125e-06 2.0232e-06 5.6231e-06 0.00030544
5.0187e-06 2.0379e-06 5.863e-06 0.00030696
4.7759e-06 2.0623e-06 6.1158e-06 0.00030863
4.505e-06 2.0784e-06 6.3561e-06 0.00031021
3.8414e-06 2.1044e-06 6.6097e-06 0.00031148
3.1216e-06 2.1245e-06 6.8506e-06 0.00031267
2.5143e-06 2.1547e-06 7.105e-06 0.00031399
2.4224e-06 2.1765e-06 7.3467e-06 0.00031523
2.3475e-06 2.2062e-06 7.5987e-06 0.00031659
2.2606e-06 2.2286e-06 7.8399e-06 0.00031787
2.1933e-06 2.2588e-06 8.0912e-06 0.0003279
2.1438e-06 2.2976e-06 8.3538e-06 0.00033835
2.1067e-06 2.3444e-06 8.6263e-06 0.0003492
2.0811e-06 2.3983e-06 8.4606e-06 0.00036041
2.0655e-06 2.4601e-06 8.3016e-06 0.00037202
2.0597e-06 2.5301e-06 8.149e-06 0.00038403
2.0625e-06 2.6077e-06 8.0017e-06 0.00039644
2.0585e-06 2.6794e-06 7.8473e-06 0.00040871
2.0476e-06 2.7451e-06 7.6855e-06 0.00042083
2.0472e-06 2.8204e-06 7.5306e-06 0.0004334
2.0361e-06 2.8861e-06 7.3651e-06 0.00044569
2.0081e-06 2.9426e-06 7.1888e-06 0.0004586
1.9958e-06 3.0128e-06 7.0236e-06 0.00047119
1.9727e-06 3.0735e-06 6.8477e-06 0.00048348
1.9388e-06 3.1249e-06 6.6611e-06 0.00049549
1.9186e-06 3.1886e-06 6.4841e-06 0.00050805
1.8753e-06 3.2419e-06 6.2956e-06 0.00052033
1.8181e-06 3.2849e-06 6.0955e-06 0.00052361
1.7773e-06 3.3419e-06 5.9065e-06 0.0005272
1.7656e-06 3.412e-06 5.7269e-06 0.00053066
1.7433e-06 3.4722e-06 5.9906e-06 0.00053398
1.7338e-06 3.5458e-06 6.2665e-06 0.00053717
1.7131e-06 3.6086e-06 6.5295e-06 0.00054035
1.6822e-06 3.6613e-06 6.7808e-06 0.00054352
1.6405e-06 3.7045e-06 7.0207e-06 0.00054668
1.5883e-06 3.7382e-06 7.2493e-06 0.00054973
1.5254e-06 3.7626e-06 7.4667e-06 0.00055267
1.4824e-06 4.3078e-06 7.6736e-06 0.00055551
1.4523e-06 4.9177e-06 7.8923e-06 0.00055855
1.4351e-06 5.6032e-06 8.1239e-06 0.00056183
1.4049e-06 6.3766e-06 8.3697e-06 0.00056497
1.3648e-06 6.596e-06 8.6282e-06 0.00056799
1.3146e-06 6.7989e-06 8.8747e-06 0.00057123
1.2777e-06 7.0326e-06 9.1356e-06 0.00057436
1.2516e-06 7.2968e-06 9.4097e-06 0.0005777
1.2155e-06 7.541e-06 9.6706e-06 0.0005809
1.1902e-06 7.8174e-06 9.9452e-06 0.00058433
1.1549e-06 8.0745e-06 1.0207e-05 0.00058763
1.1103e-06 8.3129e-06 1.0457e-05 0.00059081
1.0778e-06 8.5839e-06 1.0722e-05 0.00059422
1.0354e-06 8.8336e-06 1.0973e-05 0.00059751
9.8283e-07 9.0629e-06 1.1211e-05 0.00060066
9.4246e-07 9.3288e-06 1.1465e-05 0.00060405
9.1544e-07 9.6417e-06 1.1705e-05 0.0006073
8.7974e-07 9.9326e-06 1.1932e-05 0.00061044
8.5437e-07 9.9267e-06 1.2176e-05 0.00061379
7.4897e-07 9.9448e-06 1.2436e-05 0.00061701
6.6073e-07 9.9466e-06 1.264e-05 0.00062047
6.9166e-07 9.9704e-06 1.2831e-05 0.00062381
7.3347e-07 9.9786e-06 1.4373e-05 0.00062737
7.6686e-07 1.0008e-05 1.5986e-05 0.00063081
8.1179e-07 1.0063e-05 1.7683e-05 0.0006341
8.4953e-07 1.0102e-05 1.9334e-05 0.00063726
8.9833e-07 1.0166e-05 2.1069e-05 0.00064067
9.5961e-07 1.0255e-05 2.2894e-05 0.00064433
1.0363e-06 1.0329e-05 2.4674e-05 0.00064829
1.0981e-06 1.1219e-05 2.641e-05 0.00065211
1.175e-06 1.2224e-05 2.8237e-05 0.00065578
1.2402e-06 1.3167e-05 3.0014e-05 0.00065931
1.294e-06 1.4053e-05 3.1742e-05 0.0006627
1.7475e-06 1.4888e-05 3.3426e-05 0.00066597
2.2758e-06 1.5674e-05 3.5192e-05 0.00066946
2.9016e-06 1.6564e-05 3.7051e-05 0.00067321
3.631e-06 1.7559e-05 3.8998e-05 0.00067723
4.4812e-06 1.8671e-05 4.1037e-05 0.00068151
5.2598e-06 1.9716e-05 4.3021e-05 0.00068563
5.8126e-06 2.0884e-05 4.51e-05 0.00069022
6.4605e-06 2.2051e-05 4.7178e-05 0.00069465
7.0564e-06 2.3217e-05 4.9253e-05 0.00069894
7.7827e-06 2.4382e-05 5.1326e-05 0.00070349
8.4005e-06 2.5545e-05 5.3397e-05 0.00070788
9.2253e-06 2.6708e-05 5.5465e-05 0.00071213
1.0196e-05 2.7869e-05 5.7532e-05 0.00071664
1.1072e-05 2.9029e-05 5.9597e-05 0.00072099
1.2246e-05 3.0188e-05 6.166e-05 0.00072564
1.3644e-05 3.1345e-05 6.372e-05 0.00073014
1.4916e-05 3.2502e-05 6.5779e-05 0.00073495
1.6429e-05 3.3657e-05 6.7835e-05 0.00074003
