

Model 7: beta

TREE # 1

  0  0.0000  16816.064762  x:  2.00000   0.81192   1.42116  
  1 99.0000  11496.951955  x:  2.01812   0.07918   1.50456  
  2 19052.9581  11492.022266  x:  2.26430   0.10916   1.72127  
  3 43.3001  11487.603138  x:  2.69866   0.10042   1.55751  
  4 25.3667  11482.546442  x:  3.16498   0.11253   1.66649  
  5  0.5891  11442.921079  x:  4.32519   0.10271   2.90128  
  6  0.2118  11426.493047  x:  5.34022   0.08021   5.36980  
  7  1.2834  11371.007585  x:  5.57489   0.15743  11.70319  
  8  0.7923  11314.017006  x:  5.85036   0.19745  28.51516  
  9  2.1018  11223.642233  x:  4.28022   0.29997  99.00000  
 10 10.3703  11219.708155  x:  4.81665   0.26333  99.00000  
 11 526.6179  11216.633077  x:  4.25908   0.25101  99.00000  
 12  0.0697  11215.594045  x:  3.73463   0.24313  99.00000  
 13  0.8257  11215.575031  x:  3.75026   0.24065  99.00000  
 14  0.0207  11215.574995  x:  3.74743   0.24060  99.00000  
 15  0.0035  11215.574995  x:  3.74743   0.24060  99.00000  
 16  0.0000  11215.574995  x:  3.74743   0.24060  99.00000  

Model 8: beta&w>1

TREE # 1

  0  0.0000  17305.147089  x:  3.74743   0.90000   1.02853   1.86989   2.74246  
  1 99.0000  12013.642825  x:  3.76587   0.26375   0.29992   1.97389   2.77062  
  2 16298.5272  11655.111299  x:  3.76967   0.45090   0.09183   1.98982   2.79091  
  3 2109.5034  11437.427943  x:  4.46812   0.66194   0.29998   4.39861   4.76250  
  4 178.9663  10983.805239  x:  6.46786   0.44009   0.32412   0.97751  12.96188  
  5 61.0655  10702.715410  x: 11.61832   0.49603   0.41524   0.54943  21.43380  
  6  9.7641  10220.720395  x: 11.97770   0.69845   0.66174   2.76339  40.16385  
  7 74.2615   9132.232209  x:  0.40156   0.46257   0.87891   3.40015  56.50238  
  8 38.7373   9088.617692  x:  3.92374   0.34812   1.15564   4.35560  73.86052  
  9 11.2088   8886.600159  x:  2.08183   0.22361   1.44461   5.37658  93.72461  
 10 80.3080   8802.815696  x:  1.03643   0.24494   1.48655   5.61996  97.96462  
 11 13.4963   8569.203456  x:  1.32900   0.48973   1.58176   6.54487  111.69374  
 12 10.7538   8489.130954  x:  0.75575   0.54313   1.81562   7.68232  131.61548  
 13 14.5939   8308.587626  x:  2.15055   0.68425   3.07335  13.39200  233.00057  
 14 29.8967   8276.432921  x:  2.25058   0.62750   3.27459  14.12540  247.18618  
 15 15.8234   8189.593394  x:  1.87852   0.77400   4.82814  21.02641  372.50687  
 16 23.9514   8153.540831  x:  1.50706   0.76469   5.63847  24.41108  435.67359  
 17 39.7425   8137.525368  x:  1.31413   0.82042   6.61699  28.65922  513.59837  
 18 78.8774   8122.717355  x:  1.59573   0.85495   8.05421  34.77712  626.50129  
 19 48.0973   8111.201596  x:  1.81441   0.84509   8.79348  37.84313  683.78159  
 20 73.6031   8098.117045  x:  1.74378   0.88535  11.07278  47.48496  862.65535  
 21 104.2240   8087.879497  x:  1.62257   0.89656  12.81697  54.79113  999.00000  
 22 76.9480   8087.759799  x:  1.67430   0.89646  12.55828  53.71358  999.00000  
 23  8.1550   8087.759799  x:  1.67430   0.89646  12.55828  53.71358  999.00000  
 24  1.6998   8087.372608  x:  1.67424   0.89371  12.55837  53.71355  999.00000  
 25 286.3513   8084.452491  x:  1.46893   0.89435  13.00979  53.59073  999.00000  
 26 10.8269   8047.475121  x:  2.11820   0.86011  22.63537  50.94502  999.00000  
 27 45.2657   8044.405372  x:  1.88371   0.86313  23.52296  49.57266  999.00000  
 28  0.8021   8044.025388  x:  1.93272   0.85801  24.64573  48.45813  999.00000  
 29  0.5984   8043.892074  x:  1.91260   0.85883  24.45648  47.12321  999.00000  
 30  0.2672   8042.714974  x:  2.01140   0.86056  21.03161  40.52356  999.00000  
 31  0.9295   8006.947875  x:  2.31491   0.86941   3.31404   8.52761  999.00000  
 32 39.8787   8006.947875  x:  2.31491   0.86941   3.31404   8.52761  999.00000  
 33 33.7215   8006.882855  x:  2.31446   0.87082   3.31413   8.52749  999.00000  
 34 86.5979   7998.667921  x:  1.81281   0.87285   3.38440   8.40049  999.00000  
 35 31.0041   7936.970244  x:  1.85825   0.87118   0.97979   1.41148  999.00000  
 36  5.1757   7936.479054  x:  1.85764   0.87126   0.91286   1.24242  999.00000  
 37 2301.1648   7907.687243  x:  1.80812   0.87639   0.32671   0.47599  999.00000  
 38  1.4717   7903.544126  x:  1.81650   0.87612   0.27709   0.49531  999.00000  
 39  0.3194   7898.829274  x:  1.89817   0.86963   0.38701   0.69460  999.00000  
 40  0.7484   7896.612032  x:  2.01848   0.85968   0.32151   0.54693  999.00000  
 41  0.1551   7896.473359  x:  1.98174   0.85915   0.31374   0.51439  999.00000  
 42  0.0450   7896.470165  x:  1.98773   0.85913   0.31491   0.51377  999.00000  
 43  0.0060   7896.470127  x:  1.98742   0.85913   0.31528   0.51451  999.00000  
 44  0.0010   7896.470126  x:  1.98744   0.85913   0.31527   0.51445  999.00000  