

TREE # 1

  0  0.0000   2823.029269  x:  0.10338   0.10730   0.01980   1.18266   1.04301  
  1 99.0000   2777.030155  x:  0.08885   0.08473   0.12113   1.18418   1.04181  
  2 1849.3546   2752.488205  x:  0.04853   0.02076   0.12100   1.18835   1.03881  
  3 504.6896   2747.385235  x:  0.02955   0.03307   0.12053   1.44215   0.86440  
  4 31.5907   2717.939972  x:  0.04561   0.02507   0.11881   2.51220   0.12693  
  5 4149.3869   2717.673687  x:  0.04661   0.02435   0.11879   2.56194   0.16613  
  6 10.2936   2715.420571  x:  0.05466   0.01580   0.11060   3.22569   0.15217  
  7  0.5443   2714.255074  x:  0.06189   0.02347   0.10367   3.63515   0.14519  
  8  0.8383   2713.075460  x:  0.05258   0.02219   0.08889   4.17116   0.16069  
  9  0.2328   2713.010913  x:  0.04962   0.02286   0.09132   4.18200   0.16001  
 10  0.0058   2712.956615  x:  0.05099   0.02369   0.09301   4.43433   0.16027  
 11  0.0756   2712.942772  x:  0.05023   0.02302   0.09254   4.55073   0.16243  
 12  0.0772   2712.942038  x:  0.05042   0.02286   0.09286   4.55429   0.16243  
 13  0.0030   2712.942036  x:  0.05041   0.02286   0.09287   4.55307   0.16240  
 14  0.0011   2712.942036  x:  0.05041   0.02286   0.09287   4.55300   0.16240  
 15  0.0001   2712.942036  x:  0.05041   0.02286   0.09287   4.55300   0.16240  