

Model 7: beta

TREE # 1

  0  0.0000  24711.648715  x:  2.00000   0.28072   1.34379  
  1 99.0000  24438.323237  x:  2.00265   0.13783   1.35180  
  2 2897.1697  24413.161460  x:  2.40461   0.16810   2.07526  
  3 62.0497  24393.819587  x:  1.90522   0.17799   3.08870  
  4  3.6559  24327.112103  x:  3.68537   0.16533   5.93651  
  5 26.0343  24250.102619  x:  2.27517   0.13239  10.82448  
  6  0.7499  24194.237948  x:  2.98243   0.21865  23.54533  
  7  1.5926  24155.924150  x:  2.06725   0.25332  38.01975  
  8  6.6435  24084.152333  x:  3.91355   0.34619  99.00000  
  9  9.8937  24041.629734  x:  2.74988   0.24574  99.00000  
 10  1.7300  24038.866799  x:  2.46685   0.25780  99.00000  
 11  0.1668  24038.731746  x:  2.50936   0.26335  99.00000  
 12  0.0663  24038.730453  x:  2.50356   0.26364  99.00000  
 13  0.0062  24038.730453  x:  2.50356   0.26364  99.00000  
 14  0.0000  24038.730453  x:  2.50356   0.26364  99.00000  
check convergence!


Model 8: beta&w>1

TREE # 1

  0  0.0000  41470.279636  x:  2.50356   0.90000   1.16170   1.76552   2.60617  
  1 99.0000  25480.892635  x:  2.53050   0.20244   0.50859   1.88434   2.63860  
  2 32479.7425  24537.793777  x:  2.53737   0.50168   0.12313   1.92134   2.66974  
  3 3375.2247  24440.802853  x:  2.88810   0.59678   0.26502   3.05252   3.38120  
  4 197.1030  24086.194908  x:  3.49386   0.45242   0.30189   0.64025   9.71013  
  5 38.1687  24057.772913  x:  3.88311   0.45115   0.30743   0.41026  10.53802  
  6 21.5174  22352.097198  x:  0.10692   0.48512   0.45897   0.27963  20.94243  
  7 61.0758  22351.161899  x:  0.10033   0.48536   0.45915   0.28036  20.96121  
  8 47.3309  22143.043011  x:  0.10494   0.58936   0.47933   0.50271  24.39835  
  9 122.1980  20341.453154  x:  0.27317   0.14770   0.73125   0.76392  38.21137  
 10  2.9903  18498.101282  x:  0.73319   0.54673   1.30445   2.17286  112.51183  
 11  9.2898  17902.731767  x:  0.99145   0.29788   1.60180   2.70875  139.65325  
 12 19.3950  17447.018475  x:  1.82114   0.59651   2.51013   4.99963  257.68360  
 13 14.7574  17397.640509  x:  1.93010   0.53582   2.63105   5.25004  270.40413  
 14 11.6746  17366.506175  x:  2.38348   0.61749   3.12521   6.47918  333.54346  
 15 18.2486  17365.346428  x:  2.40932   0.61049   3.15303   6.55131  337.21845  
 16  2.6263  17363.401969  x:  2.53120   0.63206   3.28260   6.93267  356.75084  
 17  3.3846  17347.642984  x:  2.44433   0.63115   3.16998   6.98227  359.03920  
 18  0.2867  17279.130419  x:  1.71257   0.65455   2.23959   7.12117  364.42722  
 19  8.0282  17261.666496  x:  1.78291   0.71869   2.28004   7.91767  405.03578  
 20 39.1330  17260.994068  x:  1.71580   0.72265   2.19608   7.93136  405.74513  
 21  1.0363  17259.576634  x:  1.72067   0.72155   2.21696   7.98402  410.38924  
 22  0.5806  17248.440542  x:  1.89455   0.78245   2.67575   9.83112  542.77653  
 23 38.6251  17240.229594  x:  1.67868   0.78190   2.61977   9.78698  562.93991  
 24  6.8497  17229.756282  x:  1.56908   0.82289   2.78134  10.59719  641.29272  
 25 81.5575  17206.584887  x:  1.61905   0.85606   3.86224  11.71995  815.10052  
 26 57.6309  17195.923689  x:  1.66146   0.83997   4.19000  11.43597  828.34335  
 27 40.3484  17191.753493  x:  1.58704   0.85378   4.82559  11.75153  924.92172  
 28 43.3055  17190.937927  x:  1.66686   0.85532   5.08408  11.88636  950.11568  
 29 21.3585  17190.858069  x:  1.66301   0.85494   5.16332  11.86097  958.06764  
 30  4.1007  17190.774799  x:  1.65718   0.85625   5.21432  11.84304  964.39621  
 31  1.6018  17189.714769  x:  1.66072   0.84801   4.95142  11.19589  907.90173  
 32  7.0623  17189.031568  x:  1.65046   0.83729   4.55134  10.38507  831.20013  
 33 165.8088  17188.182077  x:  1.61202   0.82090   4.16415   9.55028  759.81134  
 34 14.6285  17187.226409  x:  1.64745   0.81566   3.86013   9.42319  724.64307  
 35  8.7045  17172.073766  x:  1.81564   0.78465   3.26433   7.24040  651.30397  
 36  9.1718  17158.551637  x:  1.95874   0.74553   2.32107   4.51016  525.47600  
 37 4431.8225  17146.279501  x:  2.07530   0.71881   1.60096   2.60871  460.48765  
 38 812.6790  17129.601926  x:  2.17363   0.70275   1.01772   1.38430  424.15297  
 39 216.0436  17101.746923  x:  2.24370   0.69727   0.61124   0.70652  423.07964  
 40  5.3453  17030.200207  x:  2.25519   0.72520   0.82066   0.73006  622.78198  
 41 370.0885  16978.343618  x:  2.27451   0.72597   0.40841   0.56298  616.78863  
 42 40.5185  16922.284477  x:  1.49181   0.84382   0.34189   0.40435  940.28069  
 43 40.4366  16904.185211  x:  1.59817   0.83407   0.49615   0.71224  912.88345  
 44 48.2857  16896.865318  x:  1.73776   0.83057   0.39976   0.64536  910.97863  
 45  3.7054  16888.097708  x:  1.81928   0.85527   0.42675   0.70465  999.00000  
 46 102.6601  16884.279655  x:  1.85279   0.84491   0.43179   0.67601  999.00000  
 47  0.1068  16884.153390  x:  1.88016   0.84445   0.42756   0.65107  999.00000  
 48  0.0332  16884.128011  x:  1.87690   0.84427   0.41929   0.63790  999.00000  
 49  0.0143  16884.125890  x:  1.87346   0.84422   0.41980   0.63678  999.00000  
 50  0.0030  16884.125889  x:  1.87338   0.84423   0.41981   0.63685  999.00000  