

Model 7: beta

TREE # 1

  0  0.0000  63931.160106  x:  2.00000   0.29466   1.24470  
  1 99.0000  63372.086393  x:  2.00595   0.11906   1.25173  
  2 6280.9823  63217.780104  x:  5.57849   0.16833   2.27777  
  3 190.6284  63216.707602  x:  5.55250   0.17224   2.40914  
  4 15.7033  63178.491430  x:  4.79118   0.20755   5.79231  
  5  2.0888  63097.361991  x:  4.68006   0.17363   7.88110  
  6  0.2615  63044.690920  x:  4.63654   0.12853  10.04060  
  7  3.4113  63017.125332  x:  3.70981   0.15411  16.83844  
  8  1.9114  62955.594743  x:  3.54694   0.12753  37.39550  
  9  5.0547  62903.361559  x:  5.81463   0.18323  59.03318  
 10  5.0981  62854.801623  x:  4.82797   0.21364  99.00000  
 11  8.5672  62851.376650  x:  4.94990   0.19209  99.00000  
 12  0.1343  62850.805884  x:  4.68222   0.19024  99.00000  
 13  0.2557  62850.804891  x:  4.67930   0.18987  99.00000  
 14  0.0035  62850.804889  x:  4.67879   0.18987  99.00000  
 15  0.0006  62850.804889  x:  4.67879   0.18987  99.00000  
 16  0.0000  62850.804889  x:  4.67879   0.18987  99.00000  
 17  0.0000  62850.804889  x:  4.67879   0.18987  99.00000  
 18  0.0000  62850.804889  x:  4.67879   0.18987  99.00000  

Model 8: beta&w>1

TREE # 1

  0  0.0000  64444.371996  x:  4.67879   0.90000   0.41524   1.08339   2.70843  
  1 99.0000  62708.970109  x:  4.68176   0.75395   0.10305   1.10592   2.71541  
  2 9637.2853  61655.954544  x:  4.70508   0.18388   0.20885   1.12880   2.78243  
  3 2615.9314  61413.766157  x:  4.79408   0.07829   0.22632   1.14707   3.09244  
  4 1285.7555  61004.137337  x:  5.93851   0.03031   0.48293   5.44475   3.40959  
  5 187.1829  56408.770826  x:  0.00010   0.08714   1.07080  15.41518   7.27094  
  6 21.0903  48497.727340  x:  0.49233   0.37072   4.37410  70.29708  21.80365  
  7 690.2405  44062.929749  x:  0.49222   0.41042   6.19914  99.00000  32.40681  
  8 72.6995  38838.429784  x:  0.49322   0.05298   5.40506  99.00000  35.08093  
  9  6.6175  35051.188381  x:  0.49268   0.35193  16.04492  99.00000  94.00116  
 10 15.0301  33824.820142  x:  0.49398   0.12547  17.40123  99.00000  107.19914  
 11  5.6822  33265.852592  x:  0.49655   0.26979  26.60019  99.00000  161.16525  
 12  6.8431  32956.117657  x:  0.50337   0.24584  41.76697  99.00000  255.85409  
 13 21.7393  32894.191789  x:  0.50635   0.34392  47.76353  99.00000  291.05307  
 14 13.0706  32850.598953  x:  0.51855   0.39623  67.06053  99.00000  410.00105  
 15 15.0629  32844.602672  x:  0.52229   0.43572  72.25616  99.00000  441.51027  
 16 21.4203  32821.664692  x:  0.53987   0.49150  91.27599  99.00000  558.89615  
 17 14.8646  32812.243330  x:  0.54744   0.51295  99.00000  99.00000  606.60840  
 18 210.3325  32812.243330  x:  0.54744   0.51295  99.00000  99.00000  606.60840  
 19 1609.6832  30903.773107  x:  3.31279   0.44424  98.99374  99.00000  606.60915  
 20 3725.3171  30903.624417  x:  3.31296   0.44778  98.99349  99.00000  606.60920  
 21 83.3479  30569.477080  x:  3.29166   0.52284  50.81532  99.00000  616.39183  
 22  6.1452  30510.253022  x:  3.28594   0.54482  35.44847  99.00000  619.53774  
 23 19128.1842  30510.253022  x:  3.28594   0.54482  35.44847  99.00000  619.53774  
 24  2.2357  30461.402555  x:  3.28509   0.60062  35.44854  99.00000  619.53773  
 25 1623.8720  30451.026319  x:  2.85841   0.60600  35.40876  99.00000  619.54385  
 26 44.8739  30428.552693  x:  2.73056   0.63923  27.55443  99.00000  620.55058  
 27  4.9918  30426.877963  x:  2.73662   0.63506  27.56026  99.00000  624.95334  
 28  0.5503  30386.448612  x:  2.91196   0.63645  30.21704  83.95917  726.54862  
 29 12.8421  30242.102686  x:  2.98994   0.75850  17.66429  42.27319  999.00000  
 30 151.9024  30160.906157  x:  2.90226   0.78015  11.30349  43.10655  999.00000  
 31 12.6258  30150.529100  x:  2.87273   0.79338   8.65458  39.22522  999.00000  
 32 43.0888  30092.981611  x:  2.74814   0.80136   4.36506  26.88655  999.00000  
 33 21.3550  30060.995019  x:  2.69665   0.80228   2.66647  20.09814  999.00000  
 34 79.0105  29958.625305  x:  2.57593   0.79330   1.05456  10.56350  999.00000  
 35 51.7041  29913.951415  x:  2.51700   0.78708   0.58667   7.03399  999.00000  
 36 103.9158  29816.344944  x:  2.37941   0.77702   0.24809   3.55346  999.00000  
 37 32.1351  29752.249050  x:  2.27711   0.77174   0.12460   1.94107  999.00000  
 38 31.6140  29646.101895  x:  2.12763   0.76972   0.05634   0.77194  999.00000  
 39 14.7695  29566.633119  x:  2.03488   0.77209   0.03725   0.27028  999.00000  
 40  5.7314  29379.430370  x:  2.93605   0.79192   0.08112   0.64281  999.00000  
 41  1.0630  29305.385564  x:  3.08038   0.77346   0.07084   0.24957  999.00000  
 42  0.5588  29212.160515  x:  2.56652   0.75074   0.11893   0.46323  999.00000  
 43  0.5553  29166.481199  x:  3.19164   0.73510   0.14268   0.32987  999.00000  
 44  0.3340  29149.807260  x:  3.29409   0.73835   0.18549   0.58808  999.00000  
 45  0.1227  29127.599517  x:  3.08949   0.73661   0.26868   0.60524  999.00000  
 46  0.0387  29123.920673  x:  3.08099   0.74842   0.28382   0.68434  999.00000  
 47  0.0406  29123.865020  x:  3.06109   0.74874   0.28664   0.68123  999.00000  
 48  0.0150  29123.863849  x:  3.06453   0.74863   0.28694   0.68043  999.00000  
 49  0.0022  29123.863821  x:  3.06467   0.74866   0.28703   0.68070  999.00000  
 50  0.0003  29123.863818  x:  3.06462   0.74865   0.28706   0.68080  999.00000  