

TREE # 1

  0  0.0000  11799.385755  x:  0.10730   0.05509   0.07818   0.07436   0.03434   0.08662   0.01246   0.84616   0.91370  
  1 99.0000   8664.789956  x:  0.34994   0.31043   0.21839   0.33711   0.42672   0.67083   2.87858   0.87993   0.88835  
  2 29465.1245   8356.786597  x:  0.57975   0.54033   0.37755   0.60450   0.33939   1.07434   2.74088   1.41793   0.21842  
  3 454.5739   8338.655507  x:  0.61357   0.50607   0.30439   0.48579   0.38694   1.18712   2.72578   1.50227   0.17143  
  4 171.9897   8316.088723  x:  0.68459   0.48831   0.22405   0.34628   0.44909   1.38437   2.68936   1.66083   0.20471  
  5 897.4689   8314.286234  x:  0.64263   0.50306   0.19782   0.37155   0.50820   1.44129   2.67117   1.64605   0.20416  
  6 38.7751   8311.492826  x:  0.50986   0.58310   0.18915   0.34906   0.50224   1.59040   2.64907   1.58465   0.19966  
  7 46.1812   8310.800171  x:  0.47256   0.56393   0.16997   0.36707   0.47285   1.64377   2.64661   1.56956   0.20173  
  8 31.3400   8310.554444  x:  0.45407   0.53391   0.20013   0.36798   0.47398   1.67091   2.64370   1.56362   0.20177  
  9 11.7558   8310.012525  x:  0.40231   0.53410   0.20040   0.37154   0.47045   1.66176   2.64924   1.64362   0.20762  
 10  0.5737   8306.694106  x:  0.51065   0.57895   0.20558   0.40605   0.44050   1.77781   2.61214   1.75969   0.20963  
 11  3.5898   8305.921375  x:  0.52130   0.57933   0.19364   0.38757   0.46356   1.88499   2.58612   1.80623   0.20019  
 12  0.0907   8305.856895  x:  0.53052   0.58571   0.19476   0.39248   0.45592   1.90133   2.57937   1.80712   0.19711  
 13  0.0142   8305.670753  x:  0.55181   0.58436   0.19930   0.39520   0.46011   1.88994   2.56249   1.80227   0.19721  
 14  0.0038   8304.720680  x:  0.65183   0.56822   0.21762   0.40296   0.47114   1.81370   2.40130   1.77050   0.20244  
 15  0.0808   8301.699124  x:  0.55523   0.54458   0.20082   0.39877   0.43882   1.70819   2.05376   1.76523   0.22967  
 16  0.0675   8301.620730  x:  0.52849   0.54904   0.19639   0.39968   0.43638   1.69442   2.07963   1.77037   0.23139  
 17  0.0513   8301.618666  x:  0.53123   0.55019   0.19635   0.40053   0.43689   1.68994   2.08092   1.77258   0.23145  
 18  0.0064   8301.618614  x:  0.53095   0.55019   0.19629   0.40068   0.43687   1.69015   2.08014   1.77330   0.23151  
 19  0.0012   8301.618612  x:  0.53096   0.55016   0.19630   0.40068   0.43687   1.69027   2.08030   1.77338   0.23150  
 20  0.0003   8301.618612  x:  0.53096   0.55015   0.19631   0.40068   0.43687   1.69025   2.08029   1.77338   0.23150  
 21  0.0000   8301.618612  x:  0.53096   0.55015   0.19631   0.40068   0.43687   1.69025   2.08029   1.77338   0.23150  
 22  0.0000   8301.618612  x:  0.53096   0.55015   0.19631   0.40068   0.43687   1.69025   2.08029   1.77338   0.23150  
 23  0.0000   8301.618612  x:  0.53096   0.55015   0.19631   0.40068   0.43687   1.69025   2.08029   1.77338   0.23150  