

Model 7: beta

TREE # 1

  0  0.0000  33920.769558  x:  2.00000   1.00752   1.63888  
  1 99.0000  22973.337245  x:  2.03065   0.08655   1.76386  
  2 28789.0981  22962.815735  x:  2.12116   0.07765   1.67944  
  3 99.1953  22100.842303  x:  9.82511   0.10009   0.13248  
  4 301.2860  21244.050675  x: 16.92093   0.12669   0.05076  
  5  4.5364  20097.899677  x: 79.18962   0.38483   0.51429  
  6 1069.5698  19863.584421  x: 76.99513   0.28001   0.46527  
  7  0.2747  19702.671682  x: 75.18514   0.14510   0.39974  
  8 15.9533  19335.102887  x: 127.93743   0.10950   0.50327  
  9  6.5941  19248.366674  x: 175.17827   0.17083   0.64168  
 10 31.7777  19090.436502  x: 260.01177   0.07235   0.78775  
 11 42.0688  19052.405564  x: 332.79896   0.10777   0.97515  
 12 24.4669  19034.973042  x: 402.61382   0.07994   1.12369  
 13 44.2672  19032.893762  x: 436.48088   0.08732   1.20726  
 14 21.1670  19031.563445  x: 468.79123   0.08440   1.28205  
 15 42.4701  19031.535269  x: 466.44736   0.08372   1.27699  
 16  1.7416  19031.442154  x: 455.81592   0.08395   1.25887  
 17  1.6758  19030.401576  x: 455.92892   0.08384   1.30609  
 18  0.0153  18967.111075  x: 513.23591   0.14372   7.46633  
 19  7.2046  18954.404763  x: 418.67690   0.16687  10.66354  
 20 42.5103  18940.011944  x: 517.43784   0.21264  17.60434  
 21 32.1736  18923.972495  x: 413.69448   0.24490  25.82213  
 22 23.4659  18885.907493  x: 603.02688   0.30330  52.56486  
 23 23.9015  18827.031149  x: 404.02738   0.26754  81.37049  
 24 38.4813  18809.451367  x: 479.06836   0.27021  99.00000  
 25 65.1553  18808.619147  x: 464.64936   0.25273  99.00000  
 26 12.7371  18808.514854  x: 474.58376   0.24935  99.00000  
 27  5.8755  18808.514711  x: 474.62252   0.24959  99.00000  
 28  0.0427  18808.514698  x: 474.50447   0.24962  99.00000  
 29  0.1207  18808.514698  x: 474.48575   0.24961  99.00000  
 30  0.0198  18808.514698  x: 474.49229   0.24960  99.00000  
 31  0.0041  18808.514697  x: 474.49586   0.24960  99.00000  
 32  0.0060  18808.514697  x: 474.49587   0.24960  99.00000  
 33  0.0138  18808.514697  x: 474.49587   0.24960  99.00000  

Model 8: beta&w>1

TREE # 1

  0  0.0000  22113.031958  x: 474.49587   0.90000   0.76428   1.27478   2.91084  
  1 99.0000  18943.273905  x: 474.49585   0.60069   0.10160   1.36553   2.92383  
  2 15738.4750  18936.928520  x: 474.49573   0.64551   0.08227   1.37601   2.94758  
  3 253.8553  18854.498528  x: 474.49072   0.79783   0.13022   2.17785   3.90226  
  4 188.3356  17702.979867  x: 474.44476   0.24288   0.20547   0.27890   9.93230  
  5 95.8586  17695.821158  x: 474.44197   0.22781   0.20823   0.23669  10.12171  
  6 84.9602  17133.378558  x: 473.91828   0.07486   0.26620   0.33181  13.13303  
  7  2.8774  11500.504541  x: 449.37165   0.56826   1.23685   1.63826  154.61688  
  8 17.9509  11118.468687  x: 445.72606   0.32771   1.33995   1.79960  162.79190  
  9  3.4359  10925.153967  x: 432.52743   0.37966   1.55564   2.22049  195.92745  
 10  4.4588  10455.059432  x: 340.63194   0.68629   3.02682   5.07713  420.50777  
 11 86.1403  10316.865337  x: 309.46730   0.57768   3.53065   6.01734  491.15907  
 12 43.7735   9965.196660  x: 142.19004   0.82825   6.13065  10.99962  879.36752  
 13 101.4010   9829.339249  x: 89.82617   0.86239   6.94056  12.54364  999.00000  
 14 589.3956   9829.339249  x: 89.82617   0.86239   6.94056  12.54364  999.00000  
 15 194.2293   9712.370719  x: 89.82610   0.79179   6.94031  12.54373  999.00000  
 16 4324.3986   9692.802917  x: 87.90620   0.76807  10.13927   9.72988  999.00000  
 17 10.0858   9461.620518  x: 46.63045   0.74512   6.52140   3.61772  999.00000  
 18  5.2353   9461.620518  x: 46.63045   0.74512   6.52140   3.61772  999.00000  
 19 50.7224   9461.085390  x: 46.63009   0.73812   6.52092   3.61831  999.00000  
 20 154.3049   9424.509150  x: 44.81490   0.78484   4.30531   6.19019  999.00000  
 21 16.6566   9380.794668  x: 38.30154   0.78810   2.10233   5.12507  999.00000  
 22 11.7881   9214.801684  x: 17.63133   0.78336   0.59763   3.27943  999.00000  
 23 99.6709   9169.482570  x: 10.50925   0.78096   0.32149   2.85982  999.00000  
 24 793.7589   9083.989392  x:  3.36042   0.78193   0.20840   2.88812  999.00000  
 25 137.6986   9068.960774  x:  2.35500   0.78379   0.20868   2.92870  999.00000  
 26 28.2616   8626.551785  x:  2.65242   0.77358   0.23647   0.27354  999.00000  
 27  6.9983   8622.369422  x:  2.48791   0.78485   0.23530   0.39408  999.00000  
 28  0.8348   8603.095529  x:  1.94932   0.82150   0.21269   0.36999  999.00000  
 29  4.6116   8600.505056  x:  2.17360   0.82723   0.21047   0.36041  999.00000  
 30  0.4505   8600.051019  x:  2.20986   0.82350   0.21937   0.34535  999.00000  
 31  0.0299   8598.889238  x:  2.14590   0.83138   0.26670   0.44591  999.00000  
 32  0.0195   8598.643330  x:  2.16237   0.82878   0.28223   0.47841  999.00000  
 33  0.0346   8598.633734  x:  2.15259   0.82943   0.28734   0.48903  999.00000  
 34  0.0131   8598.633701  x:  2.15300   0.82941   0.28754   0.48952  999.00000  
 35  0.0006   8598.633700  x:  2.15299   0.82941   0.28754   0.48955  999.00000  